KristenAndSara_1280x720_60f	KristenAndSara_1280x720_60f	libaom	libaom_20210730_600a370_enc-mode0	60	20	0	2757528.0	2757.528	44.37549999999999	49.071166666666684	50.01316666666667	44.367994	49.066478	50.00965899999999	96.81328931666667	4217763.0	70.29605	4200.94	1280	720	60.0	8	48178c4888015dda5c7631c22603c762	29c055d1aa28840ff59990ae80984e47	1280	720	7164.0	158.0	795.0	18397.0	False	False	0.9959110333333334	0.9953442333333332
KristenAndSara_1280x720_60f	KristenAndSara_1280x720_60f	libaom	libaom_20210730_600a370_enc-mode0	60	32	0	1346472.0	1346.472	43.49583333333335	48.560500000000005	49.48866666666665	43.485691	48.554809	49.484966	96.09152478333334	2030464.0	33.84106666666667	2022.28	1280	720	60.0	8	a6c998599edbe38dd9ae67f85ba8489f	b2feb716ac0ee2f31be817ac4137a9cc	1280	720	6869.0	116.0	459.0	17092.0	False	False	0.9947446	0.9943294500000001
KristenAndSara_1280x720_60f	KristenAndSara_1280x720_60f	libaom	libaom_20210730_600a370_enc-mode0	60	43	0	728632.0	728.632	42.263999999999996	47.624166666666675	48.547833333333365	42.246913	47.616843	48.543463	94.65744031666667	1571309.0	26.188483333333334	1545.88	1280	720	60.0	8	273aaffec717d26c12ca4d3e5086ee22	34708c82786f8fd655c2eb4653327a1c	1280	720	7080.0	172.0	751.0	19663.0	False	False	0.9926605166666668	0.9925668499999999
KristenAndSara_1280x720_60f	KristenAndSara_1280x720_60f	libaom	libaom_20210730_600a370_enc-mode0	60	55	0	379016.0	379.016	40.30050000000001	45.86500000000001	46.827666666666666	40.279032	45.85834	46.822906	91.30198336666668	719537.0	11.992283333333333	713.83	1280	720	60.0	8	77ca8682098bd4a9f91b23f3d067bfc5	c6a4daf2cbb3782d9c8778088c0c6439	1280	720	7322.0	137.0	448.0	19501.0	False	False	0.9881877333333333	0.9888771999999998
KristenAndSara_1280x720_60f	KristenAndSara_1280x720_60f	libaom	libaom_20210730_600a370_enc-mode0	60	63	0	162096.0	162.096	36.694999999999986	42.61433333333332	43.565000000000005	36.677684	42.611163	43.56207	80.91849376666667	452545.0	7.542416666666667	445.84	1280	720	60.0	8	abee249eeab5fa80d5d653e02ebe9d18	89fa869c44cc372e6f3a1ebdecfea512	1280	720	6950.0	165.0	400.0	19587.0	False	False	0.9732203666666667	0.9768633666666667
DinnerScene_1920x1080_2997_10b	DinnerScene_1920x1080_2997_10b	libaom	libaom_20210730_600a370_enc-mode0	60	20	0	653461.0	653.461	41.77166666666664	42.392166666666675	47.56849999999998	41.770589	42.390933	47.56841	91.09972021666665	13770005.0	229.50008333333332	13722.62	1920	1080	29.97	10	0d23e3df9ffdd4ac1e1066c7efee13e2	0eb18adc197f934132eeb30e831d99c1	1920	1080	24096.0	486.0	1931.0	39282.0	False	False	0.9940286833333335	0.9881341166666667
DinnerScene_1920x1080_2997_10b	DinnerScene_1920x1080_2997_10b	libaom	libaom_20210730_600a370_enc-mode0	60	32	0	240665.0	240.665	41.62133333333334	42.29583333333331	47.428166666666684	41.621076	42.295175	47.42859	89.35714961666667	14913500.0	248.55833333333334	14808.27	1920	1080	29.97	10	914ec7073d272256b425cb616999db41	d18c65ee6341cb6b71cdd2317d5fbbbb	1920	1080	25869.0	543.0	1897.0	44527.0	False	False	0.9934660166666665	0.9875626000000001
DinnerScene_1920x1080_2997_10b	DinnerScene_1920x1080_2997_10b	libaom	libaom_20210730_600a370_enc-mode0	60	43	0	137699.0	137.699	41.37733333333334	42.22383333333335	47.22016666666666	41.377268	42.222816	47.22016	86.52889906666665	7849269.0	130.82115	7795.63	1920	1080	29.97	10	317c7d4e853af85e381f68ef326c0f59	1df903bdf2ba30d3b91471c70060a38e	1920	1080	24741.0	487.0	1439.0	39325.0	False	False	0.9925971499999999	0.9866901833333332
DinnerScene_1920x1080_2997_10b	DinnerScene_1920x1080_2997_10b	libaom	libaom_20210730_600a370_enc-mode0	60	55	0	79957.0	79.95700000000001	40.876666666666665	42.05999999999997	46.79133333333331	40.876221	42.059939	46.791129	80.8157971	3148896.0	52.4816	3122.65	1920	1080	29.97	10	90a5df023da9217aaf4bd40872b266a6	6c8d3c64ac8ca4d5e26d78be56354392	1920	1080	25566.0	450.0	1272.0	38307.0	False	False	0.9905129333333333	0.9847568500000001
DinnerScene_1920x1080_2997_10b	DinnerScene_1920x1080_2997_10b	libaom	libaom_20210730_600a370_enc-mode0	60	63	0	39670.0	39.67	39.50666666666667	41.41166666666668	45.776666666666664	39.496702	41.411494	45.773784	65.4338178	1382286.0	23.0381	1377.85	1920	1080	29.97	10	b291caf24bd468c11a85566e65e0f8d1	f0defdbbe2c3742158824e5b112f9691	1920	1080	25829.0	534.0	1495.0	40329.0	False	False	0.9829963666666667	0.9781692333333333
kirland360p_60f	kirland360p_60f	libaom	libaom_20210730_600a370_enc-mode0	60	20	0	249420.0	249.42	47.16866666666667	48.49833333333333	49.714999999999996	47.108144	48.455301	49.666437	95.82364436666667	598960.0	9.982666666666667	597.22	640	360	30.0	8	9515daa292079aed641af415dcb40c96	a027d924df8509e2dff989d002e087ae	640	360	1773.0	121.0	248.0	6284.0	False	False	0.9916154666666668	0.9977056333333334
kirland360p_60f	kirland360p_60f	libaom	libaom_20210730_600a370_enc-mode0	60	32	0	145076.0	145.076	46.037666666666674	47.98766666666666	48.891333333333336	45.974901	47.953126	48.851106	94.83350008333333	359454.0	5.9909	357.59	640	360	30.0	8	5f7bfcace64e31fd8958be4dc1c86772	90885dc68d43845e744a1d72ab862ec1	640	360	1781.0	55.0	145.0	5654.0	False	False	0.9905281166666667	0.9972055999999999
kirland360p_60f	kirland360p_60f	libaom	libaom_20210730_600a370_enc-mode0	60	43	0	88724.0	88.724	44.37699999999998	47.17383333333334	47.796333333333344	44.319326	47.125804	47.749192	92.61410333333335	233601.0	3.89335	233.19	640	360	30.0	8	08a7e3f6a4d136e5d1eb9e5671c27f45	aafb4aa43b259ef028dff320c6741fed	640	360	1673.0	52.0	113.0	5423.0	False	False	0.9884547833333334	0.9962455666666666
kirland360p_60f	kirland360p_60f	libaom	libaom_20210730_600a370_enc-mode0	60	55	0	53088.0	53.088	42.06383333333333	46.07066666666665	46.16366666666669	41.986999	45.985763	46.078488	87.57101811666666	144079.0	2.4013166666666668	143.78	640	360	30.0	8	d45912bda907e1129c52572f6fb1cc76	fc3b41d46b90dc5a960965ca4e50d431	640	360	1647.0	59.0	126.0	5702.0	False	False	0.9845351166666667	0.9943843666666665
kirland360p_60f	kirland360p_60f	libaom	libaom_20210730_600a370_enc-mode0	60	63	0	28852.0	28.852	38.198333333333345	43.505166666666675	43.78733333333335	38.085859	43.404774	43.597322	72.86902878333333	88343.0	1.4723833333333334	86.71	640	360	30.0	8	677c79932f52791307ede8e6af2be948	f5e5d394a3b98fa739a2be79495f58f9	640	360	1826.0	91.0	151.0	8641.0	False	False	0.9725051499999999	0.9874515999999999
RollerCoastPas_1920x1080_2997_10	RollerCoastPas_1920x1080_2997_10	libaom	libaom_20210730_600a370_enc-mode0	60	20	0	3105745.0	3105.745	45.2925	45.471000000000025	43.88166666666665	45.289746	45.469504	43.878897	97.14171074999999	6757278.0	112.6213	6732.73	1920	1080	29.97	10	e8547b5d5e4e260e4c08d07e821cbbc4	a5c2c952e1f7873d0ba912ef1c99cd88	1920	1080	26343.0	464.0	1508.0	39121.0	False	False	0.99874675	0.9971217666666666
RollerCoastPas_1920x1080_2997_10	RollerCoastPas_1920x1080_2997_10	libaom	libaom_20210730_600a370_enc-mode0	60	32	0	1608621.0	1608.621	44.39566666666668	44.98150000000003	43.3948333333333	44.39319	44.981386	43.393458	96.57107130000001	6756891.0	112.61485	6666.97	1920	1080	29.97	10	960c1c6ec36bbf4cb9317070481725af	8c4f4c1070e016a4dec19801600fadbd	1920	1080	26398.0	445.0	1326.0	37926.0	False	False	0.99836605	0.9964891
RollerCoastPas_1920x1080_2997_10	RollerCoastPas_1920x1080_2997_10	libaom	libaom_20210730_600a370_enc-mode0	60	43	0	928132.0	928.132	42.985499999999995	44.200833333333335	42.71966666666667	42.981828	44.200459	42.718452	95.36166426666666	3993493.0	66.55821666666667	3964.24	1920	1080	29.97	10	3c314f0876a6ff746266df9e1ba6362a	ee1adc6b255a0b5462d63989aea4812c	1920	1080	25989.0	637.0	1493.0	40685.0	False	False	0.9974869166666666	0.9951400833333334
RollerCoastPas_1920x1080_2997_10	RollerCoastPas_1920x1080_2997_10	libaom	libaom_20210730_600a370_enc-mode0	60	55	0	459015.0	459.015	40.56866666666667	42.55883333333333	41.301833333333335	40.562898	42.558764	41.30111	92.21332463333333	4022245.0	67.03741666666667	3890.88	1920	1080	29.97	10	a46c72de5b60682cfee1c868ee619cc7	38f0bf789e41198a6d98bdfb40087c8b	1920	1080	25950.0	735.0	1882.0	43562.0	False	False	0.9949943333333334	0.9916530499999999
RollerCoastPas_1920x1080_2997_10	RollerCoastPas_1920x1080_2997_10	libaom	libaom_20210730_600a370_enc-mode0	60	63	0	176146.0	176.146	36.336	39.37133333333332	38.47033333333335	36.331274	39.371224	38.469164	81.612411	1973641.0	32.894016666666666	1951.5	1920	1080	29.97	10	14a96c477da1dc899e07a8aa9552b278	eef518b9fbcdd130cc1b39838610eb88	1920	1080	25970.0	522.0	1154.0	41746.0	False	False	0.9839802000000001	0.9782670166666668
STARCRAFT_60f_420	STARCRAFT_60f_420	libaom	libaom_20210730_600a370_enc-mode0	60	20	0	7588768.0	7588.768	50.269833333333345	53.487166666666674	53.52733333333334	50.253726	53.472695	53.520507	97.56703484999998	1680546.0	28.0091	1671.28	1920	1080	60.0	8	d964e81242bd3833f2ccd2740f915cf2	319e4346909e9dfacdc5f0447f5a50c5	1920	1080	15173.0	357.0	1187.0	41384.0	False	False	0.9996377166666665	0.9993046500000001
STARCRAFT_60f_420	STARCRAFT_60f_420	libaom	libaom_20210730_600a370_enc-mode0	60	32	0	4685688.0	4685.688	47.52716666666666	51.56800000000001	51.68783333333333	47.500623	51.540129	51.67575	96.93902745	1686846.0	28.1141	1677.02	1920	1080	60.0	8	26c0abdb26416f159f2fe500eb6d9027	87d516a4b1c2f9cb6ac79f22e0617ecd	1920	1080	14514.0	279.0	1049.0	41136.0	False	False	0.9993122333333333	0.9987597833333335
STARCRAFT_60f_420	STARCRAFT_60f_420	libaom	libaom_20210730_600a370_enc-mode0	60	43	0	2719280.0	2719.28	44.16716666666665	49.096000000000004	49.29249999999999	44.134922	49.058031	49.280575	95.67067566666667	1582795.0	26.379916666666666	1557.67	1920	1080	60.0	8	1f93aa59d43caefff9982911123d9723	c716bb9339ab841fb6e4aedad0ed3ee7	1920	1080	17070.0	284.0	1039.0	42394.0	False	False	0.9984506666666666	0.9973717333333333
STARCRAFT_60f_420	STARCRAFT_60f_420	libaom	libaom_20210730_600a370_enc-mode0	60	55	0	1330784.0	1330.784	40.12199999999999	45.792	45.96833333333336	40.102094	45.769907	45.961637	92.24689609999999	1262322.0	21.0387	1255.36	1920	1080	60.0	8	4ee41350c9fe2b53ada5e40dd8883c5d	22e7d1766dcfca996ac957ac397c2101	1920	1080	14223.0	258.0	826.0	39212.0	False	False	0.9953392666666668	0.9928547833333334
STARCRAFT_60f_420	STARCRAFT_60f_420	libaom	libaom_20210730_600a370_enc-mode0	60	63	0	487288.0	487.28799999999995	34.97316666666668	41.543499999999995	41.642166666666675	34.965738	41.534023	41.638595	81.37146681666667	1205050.0	20.08416666666667	1192.98	1920	1080	60.0	8	e1cb72c6fed04c9515f7f32b0c84e0a4	93077905f0aa8a04f2f87cd5c121032d	1920	1080	14812.0	341.0	974.0	41859.0	False	False	0.9818093	0.9760713999999999
gipsrestat720p_60f	gipsrestat720p_60f	libaom	libaom_20210730_600a370_enc-mode0	60	20	0	2728866.0	2728.866	44.50933333333334	47.441333333333326	49.10616666666666	44.493193	47.434004	49.099259	96.62012529999998	3352926.0	55.8821	3344.64	1280	720	50.0	8	92541d4f53648edd7c86575e1b3b822c	85db6808b03c91943871b36dd5b06f2a	1280	720	7255.0	119.0	541.0	16896.0	False	False	0.9974406499999999	0.9967857666666666
gipsrestat720p_60f	gipsrestat720p_60f	libaom	libaom_20210730_600a370_enc-mode0	60	32	0	1337746.0	1337.746	43.339833333333324	47.07566666666667	48.614000000000004	43.309923	47.071102	48.60833	95.62473195000001	1818692.0	30.311533333333333	1813.81	1280	720	50.0	8	9f2b5324467e958c50f8394bde73f21d	180ee7f83b4c31fc48fdc61aa9b47827	1280	720	7324.0	121.0	423.0	17414.0	False	False	0.9966131833333333	0.9960079499999999
gipsrestat720p_60f	gipsrestat720p_60f	libaom	libaom_20210730_600a370_enc-mode0	60	43	0	776180.0	776.18	41.99483333333333	46.452666666666694	47.833000000000034	41.946917	46.449193	47.829122	94.0534266	1019849.0	16.997483333333335	1017.36	1280	720	50.0	8	e3a9ee4bc5d1b2e939e34ab92b729f4b	a28e9070a13a1421e40566a6e7f1567d	1280	720	7509.0	137.0	414.0	18005.0	False	False	0.9951369166666667	0.99469365
gipsrestat720p_60f	gipsrestat720p_60f	libaom	libaom_20210730_600a370_enc-mode0	60	55	0	408200.0	408.2	39.831166666666675	44.894	45.991666666666674	39.793347	44.88997	45.987147	90.92119455000001	651218.0	10.853633333333333	650.08	1280	720	50.0	8	87de934de0f1974762103f1db8bf9c7d	9c99043da40efbf76935e8591e715830	1280	720	7164.0	136.0	368.0	17882.0	False	False	0.9914830666666667	0.99146845
gipsrestat720p_60f	gipsrestat720p_60f	libaom	libaom_20210730_600a370_enc-mode0	60	63	0	173006.0	173.006	35.82583333333333	41.63666666666666	42.33066666666665	35.810696	41.63535	42.32974	80.81246926666668	489374.0	8.156233333333333	481.04	1280	720	50.0	8	ee9e83c021250c46330320f4ef8286cd	9eae3bf8ff83e9b1fc6fb48a6e201d2b	1280	720	7432.0	159.0	388.0	19985.0	False	False	0.9765039000000001	0.9788517833333333
niklas360p_60f	niklas360p_60f	libaom	libaom_20210730_600a370_enc-mode0	60	20	0	1087132.0	1087.132	43.66483333333334	47.414333333333346	46.94949999999999	43.619904	47.355213	46.902933	98.01980255000002	2510618.0	41.84363333333334	2439.82	640	360	30.0	8	b2e08a2ac330708f87a8cb07c0ab5aac	d41e0d3cd9c3d2dd3f41809f3c42a4c0	640	360	3535.0	72.0	477.0	5729.0	False	False	0.9857182499999999	0.9967036166666666
niklas360p_60f	niklas360p_60f	libaom	libaom_20210730_600a370_enc-mode0	60	32	0	605068.0	605.068	41.15233333333333	45.787499999999994	45.099000000000004	41.098272	45.744468	45.066332	96.05338788333331	1538221.0	25.637016666666668	1516.15	640	360	30.0	8	b2f460b288266235d643a09e0fd97a15	f361c393d86604c418f046cf3bdd6a14	640	360	2198.0	54.0	310.0	5543.0	False	False	0.9793268666666667	0.99473075
niklas360p_60f	niklas360p_60f	libaom	libaom_20210730_600a370_enc-mode0	60	43	0	322388.0	322.388	38.11283333333333	43.8455	42.91400000000002	38.061687	43.808385	42.882306	91.81487089999999	1078629.0	17.97715	1077.7	640	360	30.0	8	6d8d6cbdcde04278494d36848b5fa559	c2752ab36fc0309bbbb82b94e7402b4e	640	360	2232.0	59.0	245.0	5329.0	False	False	0.9666101833333334	0.9902741499999999
niklas360p_60f	niklas360p_60f	libaom	libaom_20210730_600a370_enc-mode0	60	55	0	165756.0	165.756	34.75483333333332	41.743500000000004	40.4365	34.7113	41.705653	40.39744600000001	83.38421878333335	788126.0	13.135433333333333	768.95	640	360	30.0	8	2d98e329aa9aa7ee2c66e4352c3b6425	bf47307aa026a2dff658391e660e6664	640	360	4270.0	82.0	264.0	5772.0	False	False	0.9423372666666666	0.9803266
niklas360p_60f	niklas360p_60f	libaom	libaom_20210730_600a370_enc-mode0	60	63	0	67868.0	67.868	30.263333333333332	38.79666666666666	37.08033333333334	30.207956	38.731151	37.012291	62.42504925	252521.0	4.208683333333333	251.87	640	360	30.0	8	b40ff89567e863f167dc4cba462c5cc1	a1cdefc38a31225055cbedff8da22e69	640	360	2141.0	53.0	126.0	5237.0	False	False	0.8862904666666667	0.9495264666666667
KristenAndSara_1280x720_60_10b	KristenAndSara_1280x720_60_10b	libaom	libaom_20210730_600a370_enc-mode0	60	20	0	2826488.0	2826.488	44.69633333333334	49.684	50.72799999999999	44.686864	49.67923699999999	50.725092	96.97752250000002	5639908.0	93.99846666666667	5621.71	1280	720	60.0	10	a5abba3ab8d4d48530744d7373544153	89506f5b08a704f38e970ea5584425f1	1280	720	10470.0	202.0	786.0	17371.0	False	False	0.99630655	0.9957142
KristenAndSara_1280x720_60_10b	KristenAndSara_1280x720_60_10b	libaom	libaom_20210730_600a370_enc-mode0	60	32	0	1283360.0	1283.36	43.731000000000016	49.0595	50.0621666666667	43.721045	49.055136999999995	50.058909	96.28349071666666	3745086.0	62.4181	3733.17	1280	720	60.0	10	ac1a2248b5b922aa650d313b96d4b7a7	029bad9430c6d5c11717ba297ecede02	1280	720	11108.0	257.0	792.0	18651.0	False	False	0.9951959	0.9947230499999999
KristenAndSara_1280x720_60_10b	KristenAndSara_1280x720_60_10b	libaom	libaom_20210730_600a370_enc-mode0	60	43	0	711360.0	711.36	42.43949999999999	48.01899999999999	49.03833333333334	42.422816	48.010905	49.033442	94.67988393333333	2349826.0	39.16376666666667	2337.48	1280	720	60.0	10	a7820598a4bd0f584416923e3eb01580	07c756c8e2688fdd3a6ffc741a627b5b	1280	720	10588.0	245.0	762.0	19744.0	False	False	0.9931141333333334	0.9929682666666667
KristenAndSara_1280x720_60_10b	KristenAndSara_1280x720_60_10b	libaom	libaom_20210730_600a370_enc-mode0	60	55	0	376680.0	376.68	40.42583333333334	46.12133333333334	47.12699999999998	40.404945	46.114776	47.122145	91.38850820000002	1255660.0	20.927666666666667	1252.09	1280	720	60.0	10	698a287402fe62e060eb813b68f6291d	9b17e94d86cfe323d3541ec238a62db7	1280	720	10414.0	215.0	607.0	17966.0	False	False	0.9887475166666667	0.9893534166666665
KristenAndSara_1280x720_60_10b	KristenAndSara_1280x720_60_10b	libaom	libaom_20210730_600a370_enc-mode0	60	63	0	163664.0	163.66400000000002	36.778666666666666	42.795	43.73216666666669	36.760006	42.791805	43.728735	80.81629193333335	1074061.0	17.901016666666667	1053.35	1280	720	60.0	10	8cadd275f793f30cbb9cac840806f5ef	4585de8516414c333ac66ce1f8f84885	1280	720	13254.0	232.0	578.0	18800.0	False	False	0.9739849333333334	0.9775614833333334
ShowGirl2TeaserClip4000_1920x108	ShowGirl2TeaserClip4000_1920x108	libaom	libaom_20210730_600a370_enc-mode0	60	20	0	2342356.0	2342.356	42.29500000000001	46.65900000000003	49.559499999999986	42.29207	46.656731	49.55684800000001	95.20461728333333	15181038.0	253.0173	15117.76	1920	1080	25.0	10	e41204d376660b12980da84dfc114372	4bd75ae48363f62b87097c7acb2eabee	1920	1080	25896.0	665.0	3035.0	42882.0	False	False	0.99601155	0.9913585
ShowGirl2TeaserClip4000_1920x108	ShowGirl2TeaserClip4000_1920x108	libaom	libaom_20210730_600a370_enc-mode0	60	32	0	1123356.0	1123.356	41.58800000000001	46.20083333333333	48.73200000000001	41.583171	46.199285	48.730306	93.1617759	10674298.0	177.90496666666667	10599.43	1920	1080	25.0	10	ea17cec4fba2dc239e238c914fdfa6c1	80a662a5c542c1a04d16720d336e4248	1920	1080	25644.0	603.0	2184.0	40230.0	False	False	0.9949841333333335	0.9900748666666667
ShowGirl2TeaserClip4000_1920x108	ShowGirl2TeaserClip4000_1920x108	libaom	libaom_20210730_600a370_enc-mode0	60	43	0	593696.0	593.696	40.46399999999999	45.629	47.79899999999998	40.451484	45.627432	47.798476	89.45022216666668	6519760.0	108.66266666666667	6500.76	1920	1080	25.0	10	b24791214033d31d70372ee60c4821c0	0b794832eb69c87b3ace832c0f1a6f81	1920	1080	25587.0	479.0	1706.0	38863.0	False	False	0.9928439833333332	0.9876403666666669
ShowGirl2TeaserClip4000_1920x108	ShowGirl2TeaserClip4000_1920x108	libaom	libaom_20210730_600a370_enc-mode0	60	55	0	306673.0	306.673	38.721999999999994	44.7635	46.48316666666666	38.701111	44.761805	46.482798	82.25144478333333	4204456.0	70.07426666666667	4189.68	1920	1080	25.0	10	e924d811c144a3d8da7fbe1d1b460ec6	920a5ade58ab414222e68f3b07584244	1920	1080	25758.0	542.0	1656.0	40186.0	False	False	0.9880244333333333	0.9824549166666667
ShowGirl2TeaserClip4000_1920x108	ShowGirl2TeaserClip4000_1920x108	libaom	libaom_20210730_600a370_enc-mode0	60	63	0	119563.0	119.563	35.53649999999998	42.376333333333335	44.12116666666668	35.513413	42.376881	44.120783	64.70892173333333	2059672.0	34.327866666666665	2049.82	1920	1080	25.0	10	77b2b159ee4cc0098d5f62dff76f9d39	423fe2ed9f544ad8b53e8471faf3f714	1920	1080	25513.0	488.0	1364.0	38930.0	False	False	0.97066875	0.9651067666666667
speed_bag_640x360_60f	speed_bag_640x360_60f	libaom	libaom_20210730_600a370_enc-mode0	60	20	0	379468.0	379.468	46.27083333333334	49.24016666666667	50.75999999999999	46.18736	49.172743	50.686769	98.04384436666666	724475.0	12.074583333333333	716.19	640	360	29.97	8	84fea039a7613aa665920c64ce11de5f	51f64c2b1c92879366fa0e3ddef3fd26	640	360	1848.0	64.0	266.0	5631.0	False	False	0.9881486666666667	0.9972308166666667
speed_bag_640x360_60f	speed_bag_640x360_60f	libaom	libaom_20210730_600a370_enc-mode0	60	32	0	206149.0	206.149	44.28199999999999	47.55200000000001	49.28950000000001	44.138416	47.443018	49.150758	96.72488709999999	389499.0	6.49165	389.13	640	360	29.97	8	71cf509a758f60ab573293962349c01b	a3a1eba559d505df140f57a13fb59ff3	640	360	1698.0	51.0	176.0	5316.0	False	False	0.9845376833333332	0.99562635
speed_bag_640x360_60f	speed_bag_640x360_60f	libaom	libaom_20210730_600a370_enc-mode0	60	43	0	112465.0	112.465	41.88999999999999	45.473499999999994	47.614500000000014	41.684343	45.346337999999996	47.407297	92.56227530000001	308672.0	5.144533333333333	306.79	640	360	29.97	8	c3a2d652375ccae805ccd78b5135dc26	fed2fccf523ed4a78c766ab817f8c929	640	360	1838.0	53.0	176.0	5518.0	False	False	0.97910745	0.9925986666666665
speed_bag_640x360_60f	speed_bag_640x360_60f	libaom	libaom_20210730_600a370_enc-mode0	60	55	0	61662.0	61.662	38.923666666666655	43.21716666666666	45.72516666666668	38.644795	43.073803	45.49007100000001	82.86922955000001	187181.0	3.119683333333333	186.25	640	360	29.97	8	9a72b4fa5fb5985d7201d3fc8c100689	1c3d8e594271956f409d8b5dba73fa7e	640	360	1820.0	57.0	144.0	5439.0	False	False	0.9694768	0.9862245166666668
speed_bag_640x360_60f	speed_bag_640x360_60f	libaom	libaom_20210730_600a370_enc-mode0	60	63	0	31217.0	31.217	35.073499999999996	40.25316666666666	43.36150000000001	34.697253	40.079664	42.991829	63.399499150000004	101861.0	1.6976833333333334	101.16	640	360	29.97	8	395971d9249f231fc91ceb7aee089ae5	9de6a315f3374e5ae1d46a94786c082d	640	360	1733.0	47.0	112.0	5319.0	False	False	0.9507675833333333	0.9682744833333333
vidyo4_720p_60fps_60f	vidyo4_720p_60fps_60f	libaom	libaom_20210730_600a370_enc-mode0	60	20	0	3640568.0	3640.568	43.68199999999999	49.8875	50.27533333333334	43.61957	49.872841	50.264783	97.28338873333335	4801961.0	80.03268333333334	4769.2	1280	720	60.0	8	209ac5967da40d5c00642b9bd60cc077	e516ef668eed7acbb58cc0084ed00ce8	1280	720	6546.0	138.0	861.0	17925.0	False	False	0.9961313833333332	0.9952547166666667
vidyo4_720p_60fps_60f	vidyo4_720p_60fps_60f	libaom	libaom_20210730_600a370_enc-mode0	60	32	0	1628200.0	1628.2	42.61533333333333	49.41033333333334	49.8125	42.548163	49.393541	49.80058900000001	96.13029170000001	2380636.0	39.67726666666667	2366.97	1280	720	60.0	8	f9d309d29fd2aaaeed4b2ec8a4deb876	a27da9528bc5c64a0c6a1242b5aaebca	1280	720	6859.0	139.0	678.0	18567.0	False	False	0.9945862333333333	0.99378015
vidyo4_720p_60fps_60f	vidyo4_720p_60fps_60f	libaom	libaom_20210730_600a370_enc-mode0	60	43	0	846096.0	846.096	41.31050000000001	48.573999999999984	48.993500000000004	41.2305	48.55266199999999	48.980063	94.0522441	1323551.0	22.059183333333333	1321.39	1280	720	60.0	8	4f4b10d89d92c4f373860a0ce17a1065	5e16a8593ec6ddfd10ccc32d630d3d4e	1280	720	6346.0	120.0	476.0	17716.0	False	False	0.9915814833333333	0.9911837499999999
vidyo4_720p_60fps_60f	vidyo4_720p_60fps_60f	libaom	libaom_20210730_600a370_enc-mode0	60	55	0	427160.0	427.16	39.382500000000014	47.07549999999999	47.43600000000001	39.297807	47.053795	47.421813	89.50354121666666	896856.0	14.9476	887.46	1280	720	60.0	8	cd66e86a54118ea5621fafcf772d634e	0db6ca9dd112df3aec6ef669fba32742	1280	720	6591.0	117.0	367.0	18068.0	False	False	0.9847419333333334	0.9856518166666668
vidyo4_720p_60fps_60f	vidyo4_720p_60fps_60f	libaom	libaom_20210730_600a370_enc-mode0	60	63	0	176160.0	176.16	35.948999999999984	43.86833333333335	44.071999999999996	35.857539	43.848909	44.057686	77.47582806666666	492455.0	8.207583333333334	490.1	1280	720	60.0	8	0cdceae92243eb9560c909e3008c22e7	50c49fd0e4cefe89e1cbcf7929164283	1280	720	6461.0	131.0	372.0	18629.0	False	False	0.9630525	0.9688091499999999
BarScene1_1920x1080_2997_10b	BarScene1_1920x1080_2997_10b	libaom	libaom_20210730_600a370_enc-mode0	60	20	0	1535443.0	1535.443	42.537333333333336	44.80166666666666	43.681333333333335	42.536438	44.801186	43.680943	93.08714286666667	11265137.0	187.75228333333334	11095.21	1920	1080	29.97	10	e4eca499d5c2296390bac5643c1bea79	fdbc65e7c2816e9fd74be56b3f008950	1920	1080	27710.0	785.0	1992.0	43631.0	False	False	0.9959679999999999	0.9912038
BarScene1_1920x1080_2997_10b	BarScene1_1920x1080_2997_10b	libaom	libaom_20210730_600a370_enc-mode0	60	32	0	584805.0	584.805	42.32266666666665	44.69600000000001	43.56566666666666	42.32212	44.695375	43.564984	92.41130248333333	7355474.0	122.59123333333334	7300.16	1920	1080	29.97	10	77128f671085e271d9ac81bed8d98756	e47a18e5427d8ffd3ff94bfabf4d2892	1920	1080	25812.0	576.0	1320.0	41888.0	False	False	0.9956001833333334	0.9906697666666668
BarScene1_1920x1080_2997_10b	BarScene1_1920x1080_2997_10b	libaom	libaom_20210730_600a370_enc-mode0	60	43	0	291882.0	291.882	41.92300000000001	44.54283333333333	43.426500000000026	41.922672	44.543378	43.426678	90.85759441666669	3990677.0	66.51128333333334	3968.61	1920	1080	29.97	10	ccd7c40e541f316ec019e14d7d24216d	f1f970a9e342764ff00850cbcbdb3757	1920	1080	26416.0	540.0	1296.0	40172.0	False	False	0.9947750666666667	0.9895109666666666
BarScene1_1920x1080_2997_10b	BarScene1_1920x1080_2997_10b	libaom	libaom_20210730_600a370_enc-mode0	60	55	0	130808.0	130.808	41.095833333333346	44.168333333333344	43.10116666666665	41.094923	44.167954	43.101468	87.29752508333335	1698341.0	28.305683333333334	1673.82	1920	1080	29.97	10	2d9f188414f0fcb78e3b0279465a8603	fa95cdacefa054b65a5e5aed340a5509	1920	1080	24400.0	561.0	952.0	39280.0	False	False	0.9920327166666666	0.9863106666666667
BarScene1_1920x1080_2997_10b	BarScene1_1920x1080_2997_10b	libaom	libaom_20210730_600a370_enc-mode0	60	63	0	51321.0	51.321	39.320000000000036	43.07349999999998	42.30666666666665	39.31883	43.072858	42.306406	75.14062756666667	1378445.0	22.974083333333333	1323.74	1920	1080	29.97	10	f35572f4adab9ca2f3f5f1ffe817bf26	3cb45677d81c413014e15c674a44c398	1920	1080	26601.0	751.0	1720.0	42264.0	False	False	0.9825413666666667	0.9775764499999998
Netflix_Crosswalk_1920x1080_60fp	Netflix_Crosswalk_1920x1080_60fp	libaom	libaom_20210730_600a370_enc-mode0	60	20	0	6234280.0	6234.28	45.234166666666674	48.151166666666676	50.01566666666665	45.204731	48.144452	50.007718	98.49177079999998	6251005.0	104.18341666666667	6211.06	1920	1080	60.0	8	941f716619172b69bf8655c24405c4e4	7419fa9623458619a0bfdb8663ad1356	1920	1080	12470.0	287.0	2282.0	41474.0	False	False	0.9972756999999999	0.9953301166666665
Netflix_Crosswalk_1920x1080_60fp	Netflix_Crosswalk_1920x1080_60fp	libaom	libaom_20210730_600a370_enc-mode0	60	32	0	3186000.0	3186.0	43.889166666666675	47.337499999999984	49.13950000000002	43.831728	47.326966	49.130129	94.62762381666668	5001041.0	83.35068333333334	4964.27	1920	1080	60.0	8	3969cf3741e814ff70638b767f9369c6	3bc983e7ef66d8ed6973df3bb8347bcd	1920	1080	12308.0	279.0	1950.0	42104.0	False	False	0.9953391333333333	0.9932652999999999
Netflix_Crosswalk_1920x1080_60fp	Netflix_Crosswalk_1920x1080_60fp	libaom	libaom_20210730_600a370_enc-mode0	60	43	0	1653776.0	1653.776	42.0585	46.23566666666665	47.90550000000001	41.968845	46.222669	47.892558	87.52128611666667	3115624.0	51.92706666666667	3106.47	1920	1080	60.0	8	b29863ce2a8e7effce415b1a39be906a	8cc7a8d241f731bfd34c1bc5cd787a53	1920	1080	12357.0	273.0	1456.0	39517.0	False	False	0.9910207833333334	0.9891579333333334
Netflix_Crosswalk_1920x1080_60fp	Netflix_Crosswalk_1920x1080_60fp	libaom	libaom_20210730_600a370_enc-mode0	60	55	0	840120.0	840.12	39.65350000000001	44.69950000000001	46.29066666666667	39.542171	44.684421	46.273059	74.98880521666663	2147450.0	35.79083333333333	2131.8	1920	1080	60.0	8	27fea5bb3169ce498acb780f872cb791	93057ad90338ea2dcd6305fed0e6b6be	1920	1080	12156.0	250.0	1234.0	40041.0	False	False	0.9812933	0.9807102333333333
Netflix_Crosswalk_1920x1080_60fp	Netflix_Crosswalk_1920x1080_60fp	libaom	libaom_20210730_600a370_enc-mode0	60	63	0	349328.0	349.32800000000003	35.9575	42.09499999999999	43.477166666666676	35.8385	42.07209	43.448445	50.34776323333334	1504709.0	25.078483333333335	1481.42	1920	1080	60.0	8	3fb6fe9f17ec9cd1deaeac940efddf2b	af7900f0d324872ff48ffb67246c1320	1920	1080	13066.0	314.0	1305.0	41699.0	False	False	0.9511603333333334	0.9564771666666666
aspen_1080p_60f	aspen_1080p_60f	libaom	libaom_20210730_600a370_enc-mode0	60	20	0	4477772.0	4477.772	43.119833333333325	47.72599999999999	48.934999999999995	43.099238	47.722549	48.930669	96.59448764999999	8054032.0	134.23386666666667	7966.6	1920	1080	29.97	8	47f0151cc9f45a501b4d42f3f7932420	6651b9f33efdec146af8f2a219021ab7	1920	1080	14117.0	221.0	1937.0	36927.0	False	False	0.9956457833333333	0.9916463999999999
aspen_1080p_60f	aspen_1080p_60f	libaom	libaom_20210730_600a370_enc-mode0	60	32	0	1655449.0	1655.449	41.8255	46.722166666666666	47.783000000000015	41.814607	46.719285	47.778691	93.1755541	5477688.0	91.2948	5429.24	1920	1080	29.97	8	da15c921783ee8a1782ae801bc0f8f64	7793c1be73cbea4de7884a271ca7f68c	1920	1080	12512.0	257.0	1726.0	40584.0	False	False	0.9939278333333333	0.9894689000000001
aspen_1080p_60f	aspen_1080p_60f	libaom	libaom_20210730_600a370_enc-mode0	60	43	0	806501.0	806.501	40.47616666666665	45.394833333333324	46.34483333333331	40.460374	45.39198	46.341323	88.07572321666666	3470188.0	57.83646666666667	3429.07	1920	1080	29.97	8	bce698b0ea6b77e7ae7e36adff736d9e	984b272be43d1f2cbc576518eac0fc3f	1920	1080	12051.0	258.0	1484.0	39991.0	False	False	0.9910752500000001	0.9862700333333333
aspen_1080p_60f	aspen_1080p_60f	libaom	libaom_20210730_600a370_enc-mode0	60	55	0	399297.0	399.29699999999997	38.42783333333333	43.63316666666667	44.19283333333331	38.404071	43.629654	44.18927	78.25184583333333	2562868.0	42.71446666666667	2481.28	1920	1080	29.97	8	3d32af8861f8edc6cf66394bc0201e91	76847a18e7166a2374994df2ba532ca1	1920	1080	13409.0	362.0	1412.0	40792.0	False	False	0.9839667	0.9789639500000001
aspen_1080p_60f	aspen_1080p_60f	libaom	libaom_20210730_600a370_enc-mode0	60	63	0	163906.0	163.906	35.20149999999999	40.96033333333334	41.62433333333333	35.169203	40.956128	41.620808	57.279253316666676	1048945.0	17.482416666666666	1041.07	1920	1080	29.97	8	55ac47e6bc4f28cb6e1b1867723bc9f7	ed62ff37763ab3703ee59886a6e4bc66	1920	1080	12534.0	240.0	879.0	39580.0	False	False	0.9609405	0.9576188833333334
blue_sky_360p_60f	blue_sky_360p_60f	libaom	libaom_20210730_600a370_enc-mode0	60	20	0	907723.0	907.723	42.951500000000024	44.05683333333333	45.603833333333334	42.909811	44.010229	45.556694	99.93725816666667	1196890.0	19.948166666666665	1176.54	640	360	25.0	8	c047cee747f551afc75066887bb654a6	4d898399b6b8c80dd626970925c19f92	640	360	2470.0	91.0	543.0	6435.0	False	False	0.9915951000000001	0.9982413000000002
blue_sky_360p_60f	blue_sky_360p_60f	libaom	libaom_20210730_600a370_enc-mode0	60	32	0	469123.0	469.123	40.1415	41.59683333333335	43.19633333333332	40.094965	41.557365	43.166459	99.92157878333335	877753.0	14.629216666666666	870.25	640	360	25.0	8	5e3d2699dad1b5180a41fe4688f4b42e	d428c5adb1afc42d9b856f7e9f22c490	640	360	2368.0	59.0	318.0	5607.0	False	False	0.9874292333333333	0.9972759833333332
blue_sky_360p_60f	blue_sky_360p_60f	libaom	libaom_20210730_600a370_enc-mode0	60	43	0	258436.0	258.436	37.344666666666676	38.878	40.6925	37.302792	38.847019	40.67554400000001	98.15591596666667	513152.0	8.552533333333333	512.48	640	360	25.0	8	146e32dcb6496479700b1ea960e3017f	349e6595e92e0a1213f36360a3458d25	640	360	2499.0	53.0	221.0	5502.0	False	False	0.9799078833333333	0.9954093666666668
blue_sky_360p_60f	blue_sky_360p_60f	libaom	libaom_20210730_600a370_enc-mode0	60	55	0	131813.0	131.813	33.912	36.21916666666667	38.6695	33.87984	36.195995	38.655215	90.6564039	473953.0	7.899216666666667	416.15	640	360	25.0	8	19d158e610dfb15216a3ea93ffbd203a	58336c5448fc61b8b05d5f7e715a0c67	640	360	3380.0	68.0	253.0	5636.0	False	False	0.9626100333333334	0.9907743
blue_sky_360p_60f	blue_sky_360p_60f	libaom	libaom_20210730_600a370_enc-mode0	60	63	0	58480.0	58.48	29.255666666666663	34.206	37.05966666666667	29.202785	34.187664	37.045035	71.2909323	193611.0	3.22685	193.39	640	360	25.0	8	73dc99db320fc2e726124e7e82aec41a	eb99ba1229996db8d1aa50e7a20aefaa	640	360	2196.0	44.0	154.0	5083.0	False	False	0.9141863166666667	0.9738070666666668
red_kayak_360p_60f	red_kayak_360p_60f	libaom	libaom_20210730_600a370_enc-mode0	60	20	0	7734725.0	7734.725	39.59966666666665	43.530500000000025	48.64416666666666	39.54555	43.501311	48.631054	99.895127	2711006.0	45.18343333333333	2707.09	640	360	29.97	8	d8a07e68f8fca602d562f80b7d2ed95b	f6ae52770ed2bcfbfdfb116fef564ada	640	360	2806.0	51.0	860.0	5187.0	False	False	0.9631536666666667	0.9920844333333333
red_kayak_360p_60f	red_kayak_360p_60f	libaom	libaom_20210730_600a370_enc-mode0	60	32	0	3929610.0	3929.61	34.5685	40.742499999999986	47.4425	34.470674	40.695761	47.41329600000001	96.70076106666667	2823238.0	47.05396666666667	2798.21	640	360	29.97	8	1a5519048d2ebfdae4bc1fc642d14b26	da44b1488c6ab9120d1a5cce2303709e	640	360	2855.0	49.0	612.0	5187.0	False	False	0.9152757166666667	0.9795449833333334
red_kayak_360p_60f	red_kayak_360p_60f	libaom	libaom_20210730_600a370_enc-mode0	60	43	0	1478266.0	1478.266	30.145500000000002	38.482	46.59633333333333	30.023226	38.426808	46.501617	76.53616466666668	2189443.0	36.490716666666664	2157.37	640	360	29.97	8	c7e0278e160688ddccf52a577d66e458	cf0f1197446e1a3c5efc3577e2e401ca	640	360	2733.0	64.0	497.0	5576.0	False	False	0.8238844000000001	0.9501971166666667
red_kayak_360p_60f	red_kayak_360p_60f	libaom	libaom_20210730_600a370_enc-mode0	60	55	0	388952.0	388.952	26.941833333333342	37.174166666666665	45.68533333333334	26.844652	37.132167	45.467529	45.242325883333336	927708.0	15.4618	927.19	640	360	29.97	8	970a69f4eb5b8e5363fb50425a56607f	f98ea8d65be900d94ff4fa8618c27ad2	640	360	2787.0	56.0	290.0	5445.0	False	False	0.7065163000000002	0.8884760166666668
red_kayak_360p_60f	red_kayak_360p_60f	libaom	libaom_20210730_600a370_enc-mode0	60	63	0	85028.0	85.028	24.71633333333333	35.696666666666665	42.66149999999998	24.6525	35.647139	42.403968	12.4447309	273017.0	4.550283333333334	272.17	640	360	29.97	8	0f6b2ac2ae6f0e94358862536ab98292	ba9ae058b7b91cd85cfa79d7690535ac	640	360	2773.0	49.0	157.0	5183.0	False	False	0.6214070833333333	0.7769494833333336
Netflix_RollerCoaster_1280x720_6	Netflix_RollerCoaster_1280x720_6	libaom	libaom_20210730_600a370_enc-mode0	60	20	0	5998592.0	5998.592	44.0715	45.93483333333334	46.04766666666664	44.051298	45.929157	46.043546	99.89660883333333	4799342.0	79.98903333333334	4765.79	1280	720	60.0	8	c5a4885cad084daef6a47e0f00265a04	04544d585cdbb07f86eb848e8bf34283	1280	720	7358.0	204.0	1411.0	18435.0	False	False	0.9976069166666669	0.9971940166666666
Netflix_RollerCoaster_1280x720_6	Netflix_RollerCoaster_1280x720_6	libaom	libaom_20210730_600a370_enc-mode0	60	32	0	3105464.0	3105.464	41.70249999999999	44.022166666666664	44.50066666666666	41.675787	44.015599	44.496702	99.68984581666668	3245045.0	54.08408333333333	3225.86	1280	720	60.0	8	06df1a77dfadb5b7614bd50c10998cea	2e1227b336b6642a0ba7e40cb04e3f18	1280	720	7632.0	117.0	880.0	16897.0	False	False	0.99563185	0.99512525
Netflix_RollerCoaster_1280x720_6	Netflix_RollerCoaster_1280x720_6	libaom	libaom_20210730_600a370_enc-mode0	60	43	0	1602664.0	1602.664	39.07633333333333	41.904499999999985	42.82416666666666	39.051192	41.892394	42.817333	95.30682863333332	2432913.0	40.54855	2401.12	1280	720	60.0	8	ab4385e689edd03cf9bbc7947b0b3eed	0921ee2b7f0ab69970350cf4f990ef03	1280	720	7496.0	132.0	858.0	18704.0	False	False	0.99123105	0.9907628333333333
Netflix_RollerCoaster_1280x720_6	Netflix_RollerCoaster_1280x720_6	libaom	libaom_20210730_600a370_enc-mode0	60	55	0	810456.0	810.456	36.12400000000001	39.45333333333334	41.01983333333332	36.099547	39.432443	41.009173	85.41156028333333	1495682.0	24.92803333333333	1492.32	1280	720	60.0	8	233b953ab2acf2e26358051c67f8da02	37453e36e9fbdfeefcbecfa84b91188f	1280	720	7283.0	130.0	669.0	18007.0	False	False	0.9802197000000002	0.9806483500000002
Netflix_RollerCoaster_1280x720_6	Netflix_RollerCoaster_1280x720_6	libaom	libaom_20210730_600a370_enc-mode0	60	63	0	319712.0	319.71200000000005	32.03916666666666	36.029333333333334	38.28983333333331	32.006051	35.989111	38.255675	60.44448646666667	1224980.0	20.416333333333334	1221.29	1280	720	60.0	8	3c72962176342c2aa29a0a2a3dc5eea7	98a54760d113bbfa6415b0d5a25918a1	1280	720	7710.0	135.0	570.0	18238.0	False	False	0.9431949500000001	0.9501981333333335
dark720p_60f	dark720p_60f	libaom	libaom_20210730_600a370_enc-mode0	60	20	0	4483024.0	4483.024	44.600500000000004	41.9225	43.74066666666667	44.413869	41.796594	43.662179	94.89791908333332	5633755.0	93.89591666666666	5545.84	1280	720	30.0	8	aba4b917f0d9764260c93f1d08595119	0411621d9b30f969cb84b2af2074df1d	1280	720	6290.0	123.0	1259.0	17026.0	False	False	0.9924142999999999	0.9936261000000001
dark720p_60f	dark720p_60f	libaom	libaom_20210730_600a370_enc-mode0	60	32	0	869176.0	869.176	42.91583333333334	38.07533333333333	41.40533333333333	42.829305	38.022564	41.395352	92.33343535	2514475.0	41.907916666666665	2504.58	1280	720	30.0	8	b43d1473bfd3ab473f8d6fee1e2387ea	1bc42c2ac88376d85780e993dfbeac29	1280	720	5935.0	107.0	790.0	16448.0	False	False	0.9906903	0.9922421833333332
dark720p_60f	dark720p_60f	libaom	libaom_20210730_600a370_enc-mode0	60	43	0	236332.0	236.332	42.01433333333333	36.90233333333332	40.798000000000016	41.95735	36.900347	40.794234	89.98173081666667	2184043.0	36.40071666666667	2161.94	1280	720	30.0	8	96f9b6660aa09ca02bd80680e76efd0a	ca005080d8decb5f079f21966b94f9c4	1280	720	6238.0	147.0	590.0	20079.0	False	False	0.9888935166666667	0.9908716000000001
dark720p_60f	dark720p_60f	libaom	libaom_20210730_600a370_enc-mode0	60	55	0	118880.0	118.87999999999998	40.80966666666667	36.41533333333335	40.07466666666667	40.775745	36.414098	40.071267	85.88872165000001	890990.0	14.849833333333333	888.08	1280	720	30.0	8	5074cf539b1f77d7815a39bf4a77fd46	68904291437b3a5b390542e86e0e2ad1	1280	720	6083.0	140.0	433.0	18104.0	False	False	0.9853396333333335	0.9881796
dark720p_60f	dark720p_60f	libaom	libaom_20210730_600a370_enc-mode0	60	63	0	56468.0	56.468	38.20716666666669	35.22783333333333	38.495333333333335	38.195027	35.222788	38.487927	75.36349496666666	460188.0	7.6698	450.75	1280	720	30.0	8	3d859eedea4b57463511e4d186107fba	a03d47580d2bdb68ea086a8cf548d754	1280	720	6163.0	123.0	302.0	18592.0	False	False	0.9748606	0.9799185333333333
vidyo1_720p_60fps_60f	vidyo1_720p_60fps_60f	libaom	libaom_20210730_600a370_enc-mode0	60	20	0	3294736.0	3294.736	45.18733333333334	48.13116666666667	49.52333333333334	45.171694	48.121125	49.515752	96.21444955	4148371.0	69.13951666666667	4107.02	1280	720	60.0	8	cd058f5535ce5496842795b07d3872e2	195fe6cc30833303c2e1dded5346c0a5	1280	720	6984.0	130.0	706.0	18897.0	False	False	0.9972772833333335	0.9966713833333334
vidyo1_720p_60fps_60f	vidyo1_720p_60fps_60f	libaom	libaom_20210730_600a370_enc-mode0	60	32	0	1472336.0	1472.336	44.02883333333334	47.740499999999976	49.01050000000001	44.020204	47.733821	49.005791	95.12423743333336	1898617.0	31.643616666666667	1888.7	1280	720	60.0	8	6fec16b454540295e236b05db2cd85f6	1c68a0e41107eab92d54b5186c861d5e	1280	720	6918.0	117.0	486.0	18386.0	False	False	0.9962644833333335	0.9956976
vidyo1_720p_60fps_60f	vidyo1_720p_60fps_60f	libaom	libaom_20210730_600a370_enc-mode0	60	43	0	747032.0	747.032	42.67133333333333	47.17133333333333	48.230000000000025	42.665518	47.166158	48.224635	93.12347196666666	1203802.0	20.063366666666667	1198.59	1280	720	60.0	8	47c090a04f746b9e250bafff3859031e	75326464be03af1c3dcde94d20f5dc6e	1280	720	6441.0	136.0	475.0	18734.0	False	False	0.9944766166666668	0.9941227166666666
vidyo1_720p_60fps_60f	vidyo1_720p_60fps_60f	libaom	libaom_20210730_600a370_enc-mode0	60	55	0	378344.0	378.344	40.61716666666666	45.96033333333333	46.60483333333332	40.609405	45.957184	46.601423	88.89973898333334	839388.0	13.9898	819.28	1280	720	60.0	8	75ad1fe1b275f6e1e57bb0b53777ed8b	5a1d117fe4127e4c989716950e76f0b9	1280	720	7421.0	190.0	571.0	20026.0	False	False	0.9900415999999999	0.9904727666666666
vidyo1_720p_60fps_60f	vidyo1_720p_60fps_60f	libaom	libaom_20210730_600a370_enc-mode0	60	63	0	164648.0	164.648	36.90416666666666	43.28616666666666	43.55466666666668	36.89492499999999	43.284349	43.551276	76.76596133333334	486023.0	8.100383333333333	481.68	1280	720	60.0	8	28c394306c40e7a5beaaf4a9a7f4cb0d	2d024aba1789583193da9e55fdaeabdd	1280	720	7451.0	185.0	734.0	20032.0	False	False	0.9735069333333334	0.9774201499999999
Netflix_PierSeaside_1920x1080_60	Netflix_PierSeaside_1920x1080_60	libaom	libaom_20210730_600a370_enc-mode0	60	20	0	5932112.0	5932.112	45.16099999999999	47.35366666666666	45.433499999999995	45.136429	47.34358	45.421549	99.91627921666667	7417572.0	123.6262	7337.46	1920	1080	60.0	8	3291be0cda06f80ae07e582ddfffa80f	e417d0eda288b878f51eb744122d6fe7	1920	1080	13948.0	463.0	2435.0	47607.0	False	False	0.9984344833333333	0.9970318
Netflix_PierSeaside_1920x1080_60	Netflix_PierSeaside_1920x1080_60	libaom	libaom_20210730_600a370_enc-mode0	60	32	0	2833688.0	2833.688	43.51616666666668	46.38483333333333	44.744	43.48748	46.378942	44.735503	99.45532176666667	4995983.0	83.26638333333334	4975.68	1920	1080	60.0	8	b7333d714a94214db5f638b5382cca3e	b078ab3b9ad29a5f28d9bbae5fcf291a	1920	1080	13701.0	233.0	1317.0	39114.0	False	False	0.9974737	0.9955116666666667
Netflix_PierSeaside_1920x1080_60	Netflix_PierSeaside_1920x1080_60	libaom	libaom_20210730_600a370_enc-mode0	60	43	0	1336288.0	1336.288	41.473000000000006	45.02183333333333	43.760833333333316	41.438516	45.01659299999999	43.7527	97.27993705	3684719.0	61.41198333333333	3662.43	1920	1080	60.0	8	9fa353d884414dc218f4cf0da75f0e52	0c38c3fb6d1fdde707bb7a48d375d80d	1920	1080	13950.0	262.0	1019.0	38420.0	False	False	0.9954464833333333	0.9925768999999999
Netflix_PierSeaside_1920x1080_60	Netflix_PierSeaside_1920x1080_60	libaom	libaom_20210730_600a370_enc-mode0	60	55	0	620352.0	620.352	39.02883333333334	43.03166666666668	42.26350000000001	38.995515	43.027786	42.258887	91.93632631666667	2082979.0	34.716316666666664	2071.85	1920	1080	60.0	8	afede491e3eb691a13642cdc662d88e0	aba89ab95a5d47583b629db44fe54bfd	1920	1080	13638.0	264.0	1005.0	39517.0	False	False	0.99114715	0.9871370666666668
Netflix_PierSeaside_1920x1080_60	Netflix_PierSeaside_1920x1080_60	libaom	libaom_20210730_600a370_enc-mode0	60	63	0	238624.0	238.624	35.44866666666667	39.973000000000006	39.76900000000002	35.42913	39.970746	39.766482	78.04322263333333	1218552.0	20.3092	1210.21	1920	1080	60.0	8	21a381fb6f5752bcb0d3c84b9ccb0270	4e1d28ec7f6a9f5b00a807a2cd202e9e	1920	1080	13907.0	247.0	793.0	39784.0	False	False	0.9796090333333333	0.9740612666666666
Netflix_SquareAndTimelapse_1920x	Netflix_SquareAndTimelapse_1920x	libaom	libaom_20210730_600a370_enc-mode0	60	20	0	16210864.0	16210.864	43.719666666666654	48.14516666666669	47.212333333333355	43.709771	48.144512	47.210702	99.88325593333333	9469648.0	157.82746666666668	9215.61	1920	1080	60.0	8	3748207d1ac3c251e3cf943f463f1552	27df5a02ed88e2da2569e1f45eacc0b9	1920	1080	16797.0	323.0	3895.0	43960.0	False	False	0.9989516500000002	0.9974288499999999
Netflix_SquareAndTimelapse_1920x	Netflix_SquareAndTimelapse_1920x	libaom	libaom_20210730_600a370_enc-mode0	60	32	0	9160480.0	9160.48	41.19383333333333	46.163333333333334	45.052333333333316	41.18195	46.161968	45.050465	99.85967118333333	7762197.0	129.36995	7706.91	1920	1080	60.0	8	fb48126a91fa2d2b2edc334159988a13	7d771ac2073343a6bd9d100537e30c0f	1920	1080	21547.0	266.0	2734.0	39898.0	False	False	0.9978595166666666	0.9952472666666667
Netflix_SquareAndTimelapse_1920x	Netflix_SquareAndTimelapse_1920x	libaom	libaom_20210730_600a370_enc-mode0	60	43	0	4957264.0	4957.264	38.2555	44.035	42.77433333333332	38.240373	44.032847999999994	42.77219	96.6778538	5225362.0	87.08936666666666	5199.42	1920	1080	60.0	8	ccf7e182f45529876fb8e38f228bfabe	88debb8455428922f431bfe2f90f2ade	1920	1080	15878.0	240.0	1992.0	38827.0	False	False	0.9949123666666666	0.9903061166666667
Netflix_SquareAndTimelapse_1920x	Netflix_SquareAndTimelapse_1920x	libaom	libaom_20210730_600a370_enc-mode0	60	55	0	2518880.0	2518.88	34.90350000000001	41.54333333333332	40.19600000000002	34.889642	41.541024	40.193794	85.8495947	4188970.0	69.81616666666666	4155.98	1920	1080	60.0	8	b4fd7f6721a57c019cee9a10a7aa7acb	e11bc21e5fa930230792f5598083a50f	1920	1080	16617.0	252.0	1859.0	39261.0	False	False	0.9864305833333334	0.9781730500000001
Netflix_SquareAndTimelapse_1920x	Netflix_SquareAndTimelapse_1920x	libaom	libaom_20210730_600a370_enc-mode0	60	63	0	973296.0	973.296	30.67166666666666	38.30583333333334	36.86849999999999	30.658304	38.30286	36.86160400000001	61.062879466666665	3044250.0	50.7375	3027.15	1920	1080	60.0	8	3a51d6bf770c83e16d2f422a965ef395	99bab59decdda21720b7ccadcfc24b89	1920	1080	16504.0	262.0	1248.0	39663.0	False	False	0.9543831	0.94081215
thaloundeskmtg360p_60f	thaloundeskmtg360p_60f	libaom	libaom_20210730_600a370_enc-mode0	60	20	0	755232.0	755.232	44.56216666666667	48.5288333333333	48.54149999999998	44.29557	48.388839	48.479062	96.73431561666668	662966.0	11.049433333333333	662.21	640	360	30.0	8	ead0416bbfc97c61a9f8c74a0dcc25f0	9fd389bcd822f6f9c4f9c9f177b33c27	640	360	2273.0	52.0	229.0	5279.0	False	False	0.9924530333333333	0.9983854333333333
thaloundeskmtg360p_60f	thaloundeskmtg360p_60f	libaom	libaom_20210730_600a370_enc-mode0	60	32	0	400824.0	400.824	42.96516666666668	47.19383333333334	47.196499999999986	42.599379	47.088685000000005	47.135416	95.61969330000002	418283.0	6.971383333333334	417.98	640	360	30.0	8	86b4cc64d3ad39a37149a34f25f5eb45	29d3f9709b42c099be623faf472dd9ad	640	360	2223.0	49.0	162.0	5170.0	False	False	0.9900995833333331	0.9976276666666666
thaloundeskmtg360p_60f	thaloundeskmtg360p_60f	libaom	libaom_20210730_600a370_enc-mode0	60	43	0	224964.0	224.964	40.843833333333336	45.55883333333332	45.478	40.42382	45.484258	45.410205	93.20190746666667	297094.0	4.9515666666666664	296.37	640	360	30.0	8	4ceabe8bc8e2235f00d7a7b8e9f42721	2d163b4b861fc5c97f5b6424edbe4699	640	360	2129.0	61.0	127.0	5221.0	False	False	0.9859163999999999	0.9961648833333334
thaloundeskmtg360p_60f	thaloundeskmtg360p_60f	libaom	libaom_20210730_600a370_enc-mode0	60	55	0	123644.0	123.644	37.89783333333334	43.221166666666676	43.05333333333333	37.506026	43.178228	42.978142	88.13556908333335	215294.0	3.588233333333333	212.6	640	360	30.0	8	7901812feb1a3d635b039d0f0b6f3dc0	3235eb3066dd1f72e7af86bc134ebb82	640	360	2273.0	73.0	131.0	5930.0	False	False	0.9770070666666666	0.9926513833333334
thaloundeskmtg360p_60f	thaloundeskmtg360p_60f	libaom	libaom_20210730_600a370_enc-mode0	60	63	0	55884.0	55.884	33.25916666666667	39.51916666666667	39.69066666666667	32.9228	39.493863	39.626173	73.51217025000001	134989.0	2.249816666666667	134.21	640	360	30.0	8	562ffd12ca81fca797a850382086559d	a82793996863722aaf486dd1665c995d	640	360	2233.0	60.0	100.0	5680.0	False	False	0.9500320333333333	0.9792193166666667
Netflix_DrivingPOV_1280x720_60fp	Netflix_DrivingPOV_1280x720_60fp	libaom	libaom_20210730_600a370_enc-mode0	60	20	0	7927272.0	7927.272	41.74066666666666	45.653500000000015	44.56416666666667	41.719771	45.637223	44.553983	99.47929180000001	6024450.0	100.4075	6006.3	1280	720	60.0	8	687811031e3351e3093417fee394df92	ae142f117b0a32132bfcbb31fe294653	1280	720	8553.0	131.0	1316.0	18579.0	False	False	0.9975280000000002	0.9967682
Netflix_DrivingPOV_1280x720_60fp	Netflix_DrivingPOV_1280x720_60fp	libaom	libaom_20210730_600a370_enc-mode0	60	32	0	4091648.0	4091.648	39.50116666666667	44.37	43.673166666666674	39.481505	44.35273	43.665895	98.17832448333334	3925476.0	65.4246	3914.8	1280	720	60.0	8	62449a010765cc2582002e930a10edf0	2b4e97008f0755b4e08f6c73edc682ec	1280	720	8610.0	125.0	898.0	17682.0	False	False	0.99546265	0.9943297833333333
Netflix_DrivingPOV_1280x720_60fp	Netflix_DrivingPOV_1280x720_60fp	libaom	libaom_20210730_600a370_enc-mode0	60	43	0	2103968.0	2103.968	37.04299999999999	42.838333333333324	42.647333333333336	37.015104	42.81297299999999	42.63973	95.11055453333333	4155290.0	69.25483333333334	4081.14	1280	720	60.0	8	26bbcdb63fee00a5638cf8559cd8654a	e8147d0b89e89c857e4b08afb9bf5c4c	1280	720	11175.0	133.0	744.0	18055.0	False	False	0.9907464666666667	0.9897180666666667
Netflix_DrivingPOV_1280x720_60fp	Netflix_DrivingPOV_1280x720_60fp	libaom	libaom_20210730_600a370_enc-mode0	60	55	0	1009664.0	1009.664	34.16833333333333	40.93600000000001	41.440000000000005	34.134328	40.916239	41.432578	88.24917636666669	2060868.0	34.3478	2057.61	1280	720	60.0	8	62cee05f554496af94b56f28a306ff22	026eff8fc1c9db40e9215aeebc684c6c	1280	720	8185.0	118.0	634.0	17814.0	False	False	0.9839893	0.9826589333333334
Netflix_DrivingPOV_1280x720_60fp	Netflix_DrivingPOV_1280x720_60fp	libaom	libaom_20210730_600a370_enc-mode0	60	63	0	356888.0	356.888	30.32350000000001	38.14883333333334	39.21783333333333	30.290649	38.140282	39.212936	70.01741821666668	1261355.0	21.022583333333333	1259.62	1280	720	60.0	8	1fc6173df6b0addbc41136a39055140a	69d2fcdedb97263b4f43b2b3e889eace	1280	720	8711.0	123.0	423.0	17728.0	False	False	0.9604472666666667	0.9600703666666666
life_1080p30_60f	life_1080p30_60f	libaom	libaom_20210730_600a370_enc-mode0	60	20	0	9715588.0	9715.588	43.5135	48.934333333333335	48.345166666666664	43.470838	48.928417	48.342574	99.02100013333332	8794839.0	146.58065	8738.51	1920	1080	30.0	8	225f9c2272a0f5a5559a8a7710d90a0e	ed0228eea3a3cf9d110c6dad79721f38	1920	1080	16875.0	296.0	3660.0	41387.0	False	False	0.9990491833333334	0.9975678499999998
life_1080p30_60f	life_1080p30_60f	libaom	libaom_20210730_600a370_enc-mode0	60	32	0	4497888.0	4497.888	40.62300000000001	46.608333333333334	46.19616666666666	40.600245	46.603222	46.193302	96.7134292	7709113.0	128.48521666666667	7684.93	1920	1080	30.0	8	967793d9eba6a61a44cb53be777d3c9a	f574ebca6d21dbb80bd5c26ede1d6037	1920	1080	17012.0	264.0	2708.0	39279.0	False	False	0.9981220499999999	0.9955086833333335
life_1080p30_60f	life_1080p30_60f	libaom	libaom_20210730_600a370_enc-mode0	60	43	0	2185808.0	2185.808	37.86783333333334	44.49850000000001	44.243166666666674	37.855662	44.493737	44.240371	92.72109046666668	5502834.0	91.7139	5476.91	1920	1080	30.0	8	de08f7314ebc39794bfd05a8ee1078cb	0dc7e4e45f2a4726ae61125ba472966b	1920	1080	15976.0	238.0	2013.0	39305.0	False	False	0.9959185666666667	0.9911485333333333
life_1080p30_60f	life_1080p30_60f	libaom	libaom_20210730_600a370_enc-mode0	60	55	0	1011620.0	1011.62	34.7885	42.09283333333331	41.88199999999999	34.779294	42.087073	41.87761	85.14469746666667	4638877.0	77.31461666666667	4589.97	1920	1080	30.0	8	6589ea08be5c60a377196c45b5e213ba	0d722b1c240461b8741c2cee3ea030cd	1920	1080	16874.0	281.0	1824.0	41748.0	False	False	0.9890965833333334	0.9785141666666668
life_1080p30_60f	life_1080p30_60f	libaom	libaom_20210730_600a370_enc-mode0	60	63	0	374140.0	374.14	31.4995	38.787166666666664	38.43516666666667	31.486336	38.772569	38.42549900000001	67.06422083333332	2488640.0	41.477333333333334	2480.09	1920	1080	30.0	8	7d39ea7a4729b32f7e374368170b770c	ccfab1baac2d8a91adf8922be93751e2	1920	1080	17399.0	247.0	1100.0	39817.0	False	False	0.9666408333333334	0.9499384166666667
DOTA2_60f_420	DOTA2_60f_420	libaom	libaom_20210730_600a370_enc-mode0	60	20	0	12438824.0	12438.824	44.81816666666665	48.675000000000026	48.8265	44.760039	48.608727	48.806921	97.14391673333333	6362688.0	106.0448	6327.02	1920	1080	60.0	8	9c96eddc159276fe412a4e770efab6bb	6c142c6da0fa58941efb1708e4daad8c	1920	1080	15759.0	262.0	2095.0	40782.0	False	False	0.9983898166666666	0.9969416833333332
DOTA2_60f_420	DOTA2_60f_420	libaom	libaom_20210730_600a370_enc-mode0	60	32	0	6138104.0	6138.104	42.35383333333334	46.378000000000014	46.675333333333334	42.277509	46.286953	46.64747	94.89692158333332	5774364.0	96.2394	5714.73	1920	1080	60.0	8	54dba5420b226b446291e56d2d1fd271	3c8644001565a1699af2cbf91708abf7	1920	1080	19013.0	231.0	1320.0	37517.0	False	False	0.9968626166666666	0.9942992166666667
DOTA2_60f_420	DOTA2_60f_420	libaom	libaom_20210730_600a370_enc-mode0	60	43	0	3108016.0	3108.016	39.87683333333333	44.03633333333335	44.46333333333333	39.809711	43.95891199999999	44.432587	90.9650651166667	4083839.0	68.06398333333334	4051.58	1920	1080	60.0	8	b5ccefe7db2deb1b7e4912096f9db6e7	a6498bb6ca7dcf301f7496a57f0e912c	1920	1080	15809.0	301.0	1481.0	41806.0	False	False	0.9935652666666669	0.9893262166666668
DOTA2_60f_420	DOTA2_60f_420	libaom	libaom_20210730_600a370_enc-mode0	60	55	0	1435440.0	1435.44	37.01733333333334	41.43566666666667	41.837666666666685	36.93806	41.336732	41.807786	82.85463373333333	2723440.0	45.39066666666667	2709.16	1920	1080	60.0	8	c737884c5221d9a1a0a8c12e6960886a	845cb1511f1108d5355e0a5d9ab33b1c	1920	1080	15673.0	246.0	998.0	39600.0	False	False	0.9835971666666665	0.9771412666666667
DOTA2_60f_420	DOTA2_60f_420	libaom	libaom_20210730_600a370_enc-mode0	60	63	0	487296.0	487.296	33.20883333333334	37.81533333333332	38.20666666666668	33.127185	37.719062	38.173008	63.12436906666667	1769562.0	29.4927	1767.48	1920	1080	60.0	8	19e99eef8ebc6dc527e6cd017b5b9662	e0604904a03a5b684737af0e54fac09a	1920	1080	15876.0	291.0	793.0	39651.0	False	False	0.9482359666666667	0.9423099166666667
Netflix_Aerial_1920x1080_60fps_8	Netflix_Aerial_1920x1080_60fps_8	libaom	libaom_20210730_600a370_enc-mode0	60	20	0	16493720.0	16493.72	42.104000000000006	45.33066666666665	45.14983333333335	42.060551	45.314339	45.141145	96.21745348333334	12023490.0	200.3915	11925.08	1920	1080	60.0	8	d52259e34811a96d4526ab09722d0e63	3d216d0392dcb31b068e70f6969e298f	1920	1080	22767.0	352.0	2944.0	41823.0	False	False	0.9975781833333333	0.99598525
Netflix_Aerial_1920x1080_60fps_8	Netflix_Aerial_1920x1080_60fps_8	libaom	libaom_20210730_600a370_enc-mode0	60	32	0	8779256.0	8779.256	40.32350000000002	44.16783333333334	44.248	40.26577	44.159107	44.244981	94.12952265000003	9558764.0	159.31273333333334	9485.7	1920	1080	60.0	8	7aee6ce65127f4320875f6badfac80a1	451dac0dc83221b6af5e5c33359f1540	1920	1080	17693.0	263.0	2075.0	41728.0	False	False	0.9961376000000002	0.9938092333333334
Netflix_Aerial_1920x1080_60fps_8	Netflix_Aerial_1920x1080_60fps_8	libaom	libaom_20210730_600a370_enc-mode0	60	43	0	4473776.0	4473.776	37.97766666666667	42.632	43.144000000000005	37.906681	42.628142	43.1425	90.6375972833333	6035937.0	100.59895	6026.16	1920	1080	60.0	8	d6fde844ffb43adafc70f7e113ab8ffd	3bce71ce875182284418fd35673c6ecf	1920	1080	17603.0	238.0	1282.0	38385.0	False	False	0.9931511833333333	0.9890458166666666
Netflix_Aerial_1920x1080_60fps_8	Netflix_Aerial_1920x1080_60fps_8	libaom	libaom_20210730_600a370_enc-mode0	60	55	0	2012688.0	2012.6879999999999	35.100000000000016	40.78466666666668	41.851333333333336	35.050754	40.78329	41.846059	83.4668832	4436719.0	73.94531666666667	4417.27	1920	1080	60.0	8	c9b33e6ca9ccb23e9556887c1b769cd2	c3e06362567837a1877d40469dc8621f	1920	1080	18662.0	261.0	1257.0	40995.0	False	False	0.9858403166666666	0.9771854833333333
Netflix_Aerial_1920x1080_60fps_8	Netflix_Aerial_1920x1080_60fps_8	libaom	libaom_20210730_600a370_enc-mode0	60	63	0	578992.0	578.992	31.151333333333337	38.530166666666666	40.417833333333334	31.142302000000004	38.523647	40.409175	63.0819106	3332102.0	55.53503333333333	3266.58	1920	1080	60.0	8	f071e8de3cd68e76c2497822a869122c	06a894b04b37c5f866ec544956874090	1920	1080	25682.0	293.0	1180.0	40153.0	False	False	0.9536931499999999	0.9305290500000001
Netflix_Boat_1920x1080_60fps_8bi	Netflix_Boat_1920x1080_60fps_8bi	libaom	libaom_20210730_600a370_enc-mode0	60	20	0	21862264.0	21862.264	42.738666666666674	45.10483333333333	46.431333333333335	42.724101	45.094861	46.428244	99.88523436666668	8970247.0	149.50411666666668	8956.21	1920	1080	60.0	8	3ad9f3cc0581994ecb7a09ebdf4d6bd9	e2ba74307ec55c31932a9b309f246c7f	1920	1080	18081.0	249.0	2829.0	39835.0	False	False	0.9993290666666667	0.9984538666666665
Netflix_Boat_1920x1080_60fps_8bi	Netflix_Boat_1920x1080_60fps_8bi	libaom	libaom_20210730_600a370_enc-mode0	60	32	0	12156680.0	12156.68	39.995000000000005	43.29883333333333	44.17166666666667	39.979623	43.285901	44.17047	98.99871228333333	8357895.0	139.29825	8331.45	1920	1080	60.0	8	194ffd7c60d9795bc9ae419bf0da1e80	f4aa538b886b107a60868711d2733b92	1920	1080	18377.0	245.0	2235.0	39811.0	False	False	0.9986691833333333	0.9970397500000001
Netflix_Boat_1920x1080_60fps_8bi	Netflix_Boat_1920x1080_60fps_8bi	libaom	libaom_20210730_600a370_enc-mode0	60	43	0	6559448.0	6559.448	36.839166666666664	41.68166666666666	42.33649999999999	36.819056	41.657097	42.334366	94.01105621666666	7937881.0	132.29801666666665	7860.33	1920	1080	60.0	8	f967cc49d80340efb1228add4f82a452	48abe791dd4fa833b86b88e7c0d86f85	1920	1080	18381.0	273.0	1819.0	43896.0	False	False	0.9969546999999999	0.9936090166666666
Netflix_Boat_1920x1080_60fps_8bi	Netflix_Boat_1920x1080_60fps_8bi	libaom	libaom_20210730_600a370_enc-mode0	60	55	0	3293016.0	3293.016	33.275333333333336	40.00299999999999	40.537833333333325	33.258352	39.972659	40.536088	84.62922445	4993075.0	83.21791666666667	4984.66	1920	1080	60.0	8	605fee0105b23c8d05fef4e7f56337a4	c66e04482ee6ace6da6bc1e5243df237	1920	1080	18453.0	229.0	1223.0	37723.0	False	False	0.99160655	0.9838972333333333
Netflix_Boat_1920x1080_60fps_8bi	Netflix_Boat_1920x1080_60fps_8bi	libaom	libaom_20210730_600a370_enc-mode0	60	63	0	1234024.0	1234.024	28.917500000000004	37.55616666666669	38.07349999999997	28.903289000000004	37.540329	38.073506	63.359546216666665	3636907.0	60.615116666666665	3607.22	1920	1080	60.0	8	e468334446e2f6491703918ddda6449f	a3c18bb0692f49ca7c9b8edc961d1e55	1920	1080	18215.0	256.0	1117.0	40133.0	False	False	0.9682584166666666	0.9489578666666667
shields_640x360_60f	shields_640x360_60f	libaom	libaom_20210730_600a370_enc-mode0	60	20	0	1712146.0	1712.146	41.779833333333336	44.534166666666664	46.075499999999984	41.647381	44.509522	45.998894	99.46689143333333	1220233.0	20.337216666666666	1219.39	640	360	50.0	8	299c5e871d662cd59d2157d080e972cc	a071b62bf0beab291b93ceb0a9b3e952	640	360	3158.0	68.0	267.0	5225.0	False	False	0.9838896833333333	0.9980590333333335
shields_640x360_60f	shields_640x360_60f	libaom	libaom_20210730_600a370_enc-mode0	60	32	0	957580.0	957.58	39.81683333333332	42.70749999999999	44.37833333333333	39.627775	42.662316	44.262741	99.44054518333333	814137.0	13.56895	813.55	640	360	50.0	8	f918299b8a3f5b873c5ca98bb198e243	bb19002d1c78d93c056ac09243ef4f98	640	360	3179.0	45.0	230.0	5061.0	False	False	0.9776802166666666	0.9971253333333333
shields_640x360_60f	shields_640x360_60f	libaom	libaom_20210730_600a370_enc-mode0	60	43	0	540660.0	540.66	37.21800000000001	40.347999999999985	42.20016666666667	36.958274	40.251342	42.028233	99.36553966666666	640477.0	10.674616666666667	639.21	640	360	50.0	8	38b0cbe810da9e87b2c252203adc6735	a90349911559ae60e19a37fd0e71ebfe	640	360	3109.0	55.0	524.0	5212.0	False	False	0.9643299500000001	0.9948802333333333
shields_640x360_60f	shields_640x360_60f	libaom	libaom_20210730_600a370_enc-mode0	60	55	0	289733.0	289.733	33.77150000000001	37.45833333333333	39.51166666666667	33.413973	37.280265	39.249412	94.30892745000001	455527.0	7.592116666666667	455.03	640	360	50.0	8	d95dafa52cf4d7acca5b7df44c5dde9c	dbc0ead0436cfb693f815e89b404af8b	640	360	3109.0	57.0	173.0	5491.0	False	False	0.9325434166666665	0.9884414499999998
shields_640x360_60f	shields_640x360_60f	libaom	libaom_20210730_600a370_enc-mode0	60	63	0	108326.0	108.326	28.507000000000005	34.43933333333334	36.03683333333332	27.997174000000005	34.166928	35.723606	73.67840524999998	294118.0	4.901966666666667	293.7	640	360	50.0	8	8dc3024d5a28c076da147be4e78e08b3	39f3d380f484af7a45a003386a120e15	640	360	3230.0	49.0	121.0	5531.0	False	False	0.8088875166666666	0.9514979499999999
Netflix_FoodMarket_1920x1080_60f	Netflix_FoodMarket_1920x1080_60f	libaom	libaom_20210730_600a370_enc-mode0	60	20	0	12023304.0	12023.304	40.40316666666668	44.44966666666667	45.3135	40.39321400000001	44.446917	45.312195	97.90858311666668	15762691.0	262.7115166666667	15676.25	1920	1080	60.0	8	716b21546bf33ef6788779847194544f	176a1d46ae161c7ae527c70724b2812c	1920	1080	16590.0	268.0	2897.0	41381.0	False	False	0.9938254166666666	0.98762615
Netflix_FoodMarket_1920x1080_60f	Netflix_FoodMarket_1920x1080_60f	libaom	libaom_20210730_600a370_enc-mode0	60	32	0	5535112.0	5535.112	39.46350000000002	43.71083333333334	44.72983333333334	39.458214	43.708446	44.728638	95.05956563333335	8920172.0	148.66953333333333	8870.65	1920	1080	60.0	8	9b2d06082a73e0d06c0b5b464f01c7ac	03c7f44e2d20c4348c7cd54cf20e4163	1920	1080	16237.0	278.0	2152.0	41164.0	False	False	0.9913978499999999	0.9842743166666668
Netflix_FoodMarket_1920x1080_60f	Netflix_FoodMarket_1920x1080_60f	libaom	libaom_20210730_600a370_enc-mode0	60	43	0	2734160.0	2734.1599999999994	38.02833333333333	42.69133333333333	43.86249999999998	38.021619	42.688323	43.860502	89.28295135000002	5660172.0	94.3362	5635.87	1920	1080	60.0	8	0659232b617af190e9b6f949b1057ba7	1f6cc6d9305b40fe2ae1ccd33f0619f7	1920	1080	16431.0	257.0	1613.0	40079.0	False	False	0.9855590499999999	0.9770580000000001
Netflix_FoodMarket_1920x1080_60f	Netflix_FoodMarket_1920x1080_60f	libaom	libaom_20210730_600a370_enc-mode0	60	55	0	1298544.0	1298.544	35.990666666666655	41.48049999999999	42.59433333333333	35.981903	41.476689	42.585143	77.56302113333332	3179962.0	52.99936666666667	3173.93	1920	1080	60.0	8	a364bc091971e41227f045fafd1cc4f2	c0df2776ab3e06b16a1ccb21be4b6fcf	1920	1080	15982.0	258.0	1231.0	38834.0	False	False	0.96985	0.9603674333333334
Netflix_FoodMarket_1920x1080_60f	Netflix_FoodMarket_1920x1080_60f	libaom	libaom_20210730_600a370_enc-mode0	60	63	0	450512.0	450.512	32.830999999999996	39.741	40.4555	32.820341	39.736589	40.434399	53.45657425	2049008.0	34.150133333333336	2042.79	1920	1080	60.0	8	3342d893fa767d50f39d2596d5950f02	f692fd5b0b6d506e4f4d0066272b209b	1920	1080	16050.0	267.0	1142.0	39499.0	False	False	0.9157113166666666	0.9114217
rush_hour_1080p25_60f	rush_hour_1080p25_60f	libaom	libaom_20210730_600a370_enc-mode0	60	20	0	4050713.0	4050.713	42.77516666666668	46.59499999999999	48.53716666666667	42.769814	46.593405	48.534134	95.98104289999999	12462679.0	207.71131666666668	12390.55	1920	1080	25.0	8	41809b8aed4e88eece26934d6afda665	d00d7c909cb9995c2ea9aa84c095cbc7	1920	1080	13597.0	316.0	3379.0	42031.0	False	False	0.9958398333333333	0.9918686499999999
rush_hour_1080p25_60f	rush_hour_1080p25_60f	libaom	libaom_20210730_600a370_enc-mode0	60	32	0	1906193.0	1906.193	41.7385	45.6445	47.2755	41.733133	45.641979	47.269521000000005	91.11821253333332	6465122.0	107.75203333333333	6448.43	1920	1080	25.0	8	7a39a101ca458464c85d4b1da809bb6e	baef24632c36a9e9aa2a308f1d642442	1920	1080	13091.0	251.0	2031.0	38694.0	False	False	0.9932554666666668	0.9894363500000002
rush_hour_1080p25_60f	rush_hour_1080p25_60f	libaom	libaom_20210730_600a370_enc-mode0	60	43	0	939133.0	939.133	40.29816666666667	44.53733333333333	45.82283333333334	40.282444000000005	44.532159	45.811695	82.89626165	4789854.0	79.8309	4766.93	1920	1080	25.0	8	e7c188383a7762199cb86436445a63db	ef0ab5d582f901a84a6e1368e52890db	1920	1080	13108.0	247.0	1621.0	40354.0	False	False	0.9887150833333334	0.98545145
rush_hour_1080p25_60f	rush_hour_1080p25_60f	libaom	libaom_20210730_600a370_enc-mode0	60	55	0	444640.0	444.64	38.22866666666667	42.98766666666667	44.022666666666666	38.193896	42.976944	44.002018	70.1063318666667	2447840.0	40.797333333333334	2433.7	1920	1080	25.0	8	816d3230a01df273eb6a9ebbbf03d4d5	ce2abb557c9aa60868e7d7368475598c	1920	1080	13345.0	229.0	1140.0	38785.0	False	False	0.9797617000000002	0.9778878666666667
rush_hour_1080p25_60f	rush_hour_1080p25_60f	libaom	libaom_20210730_600a370_enc-mode0	60	63	0	170073.0	170.073	34.98483333333333	40.80783333333332	41.33283333333332	34.927688	40.78654199999999	41.301911	49.55647138333334	1598352.0	26.6392	1568.97	1920	1080	25.0	8	816cfb4306b8d66e1a592319b15d6eaf	a6fd6cbf92a8dce3d97344e8d1a61b9e	1920	1080	14286.0	268.0	1012.0	39380.0	False	False	0.9552820000000001	0.9578011
Market3_1920x1080p_50_10b_pq_709	Market3_1920x1080p_50_10b_pq_709	libaom	libaom_20210730_600a370_enc-mode0	60	20	0	10236646.0	10236.646	44.42566666666667	50.650666666666694	51.509833333333354	44.415718	50.648686	51.509992	99.80954771666666	9805762.0	163.42936666666665	9732.4	1920	1080	50.0	10	bbd762f0f792bf5f072e1af37c4bafaf	f781dc7ba44232c7366d3c2e0302efcb	1920	1080	25176.0	539.0	3494.0	41738.0	False	False	0.9993300500000001	0.9982991333333333
Market3_1920x1080p_50_10b_pq_709	Market3_1920x1080p_50_10b_pq_709	libaom	libaom_20210730_600a370_enc-mode0	60	32	0	5308340.0	5308.34	41.61633333333334	48.41066666666668	49.54783333333331	41.60795	48.410016	49.547176	98.46483521666667	10753761.0	179.22935	10697.93	1920	1080	50.0	10	49df6890f7cd84a31afb5ffeb985bc9f	3eac6f524ac5c30b8f73cbdedabee6ac	1920	1080	25836.0	545.0	2895.0	39755.0	False	False	0.9985378333333333	0.9965506833333335
Market3_1920x1080p_50_10b_pq_709	Market3_1920x1080p_50_10b_pq_709	libaom	libaom_20210730_600a370_enc-mode0	60	43	0	2701400.0	2701.4	38.64616666666665	46.432500000000005	47.824333333333314	38.636173	46.431585	47.823895	94.30846995000002	9679428.0	161.3238	9520.73	1920	1080	50.0	10	b0abe954de1b2e27eb72f38f3fb8c9a8	a99709d727b2749597313179efa73830	1920	1080	26544.0	541.0	2714.0	42718.0	False	False	0.9964522	0.9923141833333333
Market3_1920x1080p_50_10b_pq_709	Market3_1920x1080p_50_10b_pq_709	libaom	libaom_20210730_600a370_enc-mode0	60	55	0	1255453.0	1255.453	35.45933333333334	44.44650000000001	45.996833333333335	35.450214	44.445626999999995	45.991158	86.04184573333335	7283477.0	121.39128333333333	7235.13	1920	1080	50.0	10	a790c27331bb4635a746e987547c2bc7	d7910868dcbb7907f7e600434afbda04	1920	1080	26773.0	516.0	2246.0	41062.0	False	False	0.9900412499999999	0.9810172833333333
Market3_1920x1080p_50_10b_pq_709	Market3_1920x1080p_50_10b_pq_709	libaom	libaom_20210730_600a370_enc-mode0	60	63	0	428673.0	428.673	31.746833333333345	41.75500000000002	43.433833333333354	31.739582	41.753781	43.427709	65.2037568	4471859.0	74.53098333333334	4442.25	1920	1080	50.0	10	3f8961c5b633359e31ce31e834e94635	3625aff83bfae425c5c4f48c18ef4050	1920	1080	26148.0	576.0	1902.0	41163.0	False	False	0.9668865166666666	0.9504670166666666
Netflix_TunnelFlag_1920x1080_60f	Netflix_TunnelFlag_1920x1080_60f	libaom	libaom_20210730_600a370_enc-mode0	60	20	0	20305744.0	20305.744	41.961666666666666	46.05099999999998	47.785	41.94558399999999	46.040115	47.773393000000006	99.91941208333334	11207773.0	186.79621666666668	11099.46	1920	1080	60.0	8	f7a9ac8414f253212329025d62cba8a1	56d0ea64a5d81e4b62c3c2b49744318b	1920	1080	17869.0	300.0	3989.0	41322.0	False	False	0.9984238833333333	0.9959267333333333
Netflix_TunnelFlag_1920x1080_60f	Netflix_TunnelFlag_1920x1080_60f	libaom	libaom_20210730_600a370_enc-mode0	60	32	0	10366912.0	10366.912	39.640333333333324	44.46200000000001	46.56983333333332	39.622055	44.45487	46.5612	99.90585571666666	9966666.0	166.1111	9842.76	1920	1080	60.0	8	4eca8d59578438d6ad4872d5882cc108	6d6179d43a467ff4be6768bb13a2780e	1920	1080	16815.0	357.0	3426.0	42744.0	False	False	0.9970648666666668	0.9931070500000001
Netflix_TunnelFlag_1920x1080_60f	Netflix_TunnelFlag_1920x1080_60f	libaom	libaom_20210730_600a370_enc-mode0	60	43	0	5293560.0	5293.56	37.20799999999999	42.48216666666666	45.202000000000005	37.185462	42.478741	45.192984	99.87409389999999	6052253.0	100.87088333333334	6046.81	1920	1080	60.0	8	a34d1d4a4b2d149a4d7f34f887fc1105	1024bcd2a9f1684e43a9bebb2c42ff26	1920	1080	16096.0	267.0	2282.0	39778.0	False	False	0.9945304333333334	0.9886991333333331
Netflix_TunnelFlag_1920x1080_60f	Netflix_TunnelFlag_1920x1080_60f	libaom	libaom_20210730_600a370_enc-mode0	60	55	0	2727904.0	2727.904	34.5695	40.52566666666665	43.28916666666666	34.5494	40.523287	43.282864	99.80566855000001	4346478.0	72.4413	4305.0	1920	1080	60.0	8	5e7d2b9b7eb550d70381b569604807bd	b84d4c0185468ea2c5308f0ad73dd29d	1920	1080	22641.0	340.0	2125.0	41030.0	False	False	0.9902222166666667	0.9827878000000001
Netflix_TunnelFlag_1920x1080_60f	Netflix_TunnelFlag_1920x1080_60f	libaom	libaom_20210730_600a370_enc-mode0	60	63	0	1258368.0	1258.368	30.71533333333333	38.4205	41.085166666666666	30.68519	38.415444	41.077019	88.15358023333332	2694426.0	44.9071	2632.53	1920	1080	60.0	8	38a2ee36ab87dce25ae273a97fd4431f	8047885e250ea236fc046a7878f0af02	1920	1080	16170.0	253.0	1377.0	40719.0	False	False	0.9765161166666665	0.9675717666666664
wikipedia_420	wikipedia_420	libaom	libaom_20210730_600a370_enc-mode0	60	20	0	1386704.0	1386.704	54.34150000000001	52.572500000000005	53.608999999999995	54.32488	52.390745	53.548616	99.82506368333334	1991926.0	33.198766666666664	1981.73	1920	1080	30.0	8	15593ac8d0b3ff6f5e0d43fb6a42fc11	ad572efb17134465ed1449cc3f147b1d	1920	1080	10940.0	224.0	692.0	38335.0	False	False	0.9998413999999999	0.9996217333333334
wikipedia_420	wikipedia_420	libaom	libaom_20210730_600a370_enc-mode0	60	32	0	771528.0	771.528	50.236000000000004	50.17683333333333	51.554833333333335	50.230395	49.964904	51.503721	99.79372620000001	3346671.0	55.77785	3324.07	1920	1080	30.0	8	91cd522af28b8d2a9043748b903ab6f3	57865e4441a7b222bb0419ac03296f16	1920	1080	22788.0	375.0	898.0	44829.0	False	False	0.9994826166666666	0.99899095
wikipedia_420	wikipedia_420	libaom	libaom_20210730_600a370_enc-mode0	60	43	0	549844.0	549.8439999999999	47.66216666666666	48.028500000000015	49.50633333333333	47.654499	47.929179	49.47431100000001	99.76971456666666	1892795.0	31.546583333333334	1881.85	1920	1080	30.0	8	699cb24f9852d65271e3c828146f98ea	2157bf3c7770ef9194505f3fbff3ef6d	1920	1080	11290.0	229.0	746.0	38234.0	False	False	0.9991910833333332	0.9986343833333334
wikipedia_420	wikipedia_420	libaom	libaom_20210730_600a370_enc-mode0	60	55	0	438336.0	438.336	44.674166666666686	46.2	47.70766666666668	44.626837	46.141578	47.64474499999999	99.68005968333334	1571168.0	26.186133333333334	1534.44	1920	1080	30.0	8	3717ff5742ccad4d49669f20ba4bd337	ddac7e42f24b51bbea2845004481691a	1920	1080	11458.0	268.0	833.0	41266.0	False	False	0.9989010666666668	0.9982709000000001
wikipedia_420	wikipedia_420	libaom	libaom_20210730_600a370_enc-mode0	60	63	0	333928.0	333.928	39.32383333333334	43.76616666666667	44.69683333333332	39.166957	43.676037	44.371414	98.91350674999998	1369113.0	22.81855	1362.17	1920	1080	30.0	8	5fbd021b309422a03f59bddd88981bf2	6ee7fd7cbc0b51e15d9f5e4ef49af499	1920	1080	11661.0	241.0	718.0	39132.0	False	False	0.9974321666666666	0.9965304499999998
Aerial_1920x1080_2997_10b	Aerial_1920x1080_2997_10b	libaom	libaom_20210730_600a370_enc-mode0	60	20	0	7171071.0	7171.071	43.21433333333332	45.688499999999976	45.03166666666667	43.199931	45.67446499999999	45.019683	96.37000643333336	12990811.0	216.51351666666667	12866.14	1920	1080	29.97	10	37b7208f896f7582968f5dd58bd84477	bfa639d2f47e85f257bd90cfd1d158f2	1920	1080	30782.0	572.0	2926.0	40324.0	False	False	0.9989237333333333	0.9978620500000001
Aerial_1920x1080_2997_10b	Aerial_1920x1080_2997_10b	libaom	libaom_20210730_600a370_enc-mode0	60	32	0	4259446.0	4259.446	41.58483333333332	44.43966666666666	43.99983333333334	41.562791	44.430216	43.993637	95.22011358333334	11328945.0	188.81575	11163.89	1920	1080	29.97	10	51ba6f2879766fa1077b2f56c6a88895	eb6a0248b305036abb1f06d39c8cc2db	1920	1080	28758.0	569.0	2479.0	41963.0	False	False	0.9984266833333333	0.9969811666666667
Aerial_1920x1080_2997_10b	Aerial_1920x1080_2997_10b	libaom	libaom_20210730_600a370_enc-mode0	60	43	0	2507380.0	2507.38	39.22283333333333	42.59000000000002	42.53633333333334	39.199661	42.584796	42.534697	92.65269940000003	8841794.0	147.36323333333334	8831.05	1920	1080	29.97	10	10801a21e419d63ead90582d27fd2ce3	6aa11cab9fe551d30d1b000cdb2c7678	1920	1080	32268.0	552.0	1776.0	40069.0	False	False	0.9972510666666667	0.9949233166666666
Aerial_1920x1080_2997_10b	Aerial_1920x1080_2997_10b	libaom	libaom_20210730_600a370_enc-mode0	60	55	0	1274467.0	1274.467	35.78050000000001	40.286333333333346	40.80266666666666	35.769096	40.28424400000001	40.801876	86.88035971666667	7183963.0	119.73271666666666	7146.94	1920	1080	29.97	10	25e19097b00b7f420ee9dc12787f7fdf	1a1509436d24d437a101c4ee90d55feb	1920	1080	28576.0	559.0	1780.0	41642.0	False	False	0.9937507833333332	0.9888181833333334
Aerial_1920x1080_2997_10b	Aerial_1920x1080_2997_10b	libaom	libaom_20210730_600a370_enc-mode0	60	63	0	406885.0	406.885	30.73350000000001	37.63466666666664	39.00766666666665	30.730021	37.634501	39.007369	69.02152506666667	5057569.0	84.29281666666667	5007.44	1920	1080	29.97	10	33b515035b04cd4b8a058e6e7944f9e1	b1a43bc8a19a5ea2d936f1ec1bfab184	1920	1080	30653.0	549.0	1502.0	41404.0	False	False	0.9752596166666668	0.9577127833333334
Starting_1920x1080p_50_10b_pq_70	Starting_1920x1080p_50_10b_pq_70	libaom	libaom_20210730_600a370_enc-mode0	60	20	0	4642273.0	4642.273	47.1125	50.0275	51.84683333333332	47.072909	49.970234	51.762953	97.08157293333333	10292069.0	171.53448333333333	10188.1	1920	1080	50.0	10	105f0081f93f3cc27829e4b9bf30e562	d22dcf15e429555504a3b0b5b78823ce	1920	1080	22503.0	795.0	2946.0	44632.0	False	False	0.9993500666666667	0.9984101499999999
Starting_1920x1080p_50_10b_pq_70	Starting_1920x1080p_50_10b_pq_70	libaom	libaom_20210730_600a370_enc-mode0	60	32	0	2508000.0	2508.0	45.87200000000001	48.93849999999999	50.351166666666664	45.824416	48.900854	50.307284	96.30734799999999	11022063.0	183.70105	10929.98	1920	1080	50.0	10	d5197508b9df8410004627149d641e22	f1844b048f969d36aa2a8dd9d92ba659	1920	1080	22555.0	550.0	1722.0	39622.0	False	False	0.9990233500000001	0.9978826499999999
Starting_1920x1080p_50_10b_pq_70	Starting_1920x1080p_50_10b_pq_70	libaom	libaom_20210730_600a370_enc-mode0	60	43	0	1455546.0	1455.546	44.14166666666666	47.596666666666664	48.51466666666665	44.091397	47.58571100000001	48.50195	94.61862561666666	8034022.0	133.90036666666666	7998.16	1920	1080	50.0	10	554be2dc60d92d920ac98b55a620a2d6	ba9d2f4464b7fb8f1291d6d2afe8091e	1920	1080	22832.0	547.0	1757.0	42962.0	False	False	0.9983375166666666	0.9968985
Starting_1920x1080p_50_10b_pq_70	Starting_1920x1080p_50_10b_pq_70	libaom	libaom_20210730_600a370_enc-mode0	60	55	0	735820.0	735.82	41.18233333333333	45.520499999999984	45.949666666666666	41.15373	45.519175	45.948253	89.98633406666667	4730410.0	78.84016666666666	4703.95	1920	1080	50.0	10	86aa0a62de062f561af0e74781bc594b	6302c00125271e1376db9d54be368485	1920	1080	22293.0	516.0	1495.0	40110.0	False	False	0.9960204333333335	0.9937400999999999
Starting_1920x1080p_50_10b_pq_70	Starting_1920x1080p_50_10b_pq_70	libaom	libaom_20210730_600a370_enc-mode0	60	63	0	260620.0	260.62	36.15883333333332	42.389166666666675	42.63683333333332	36.151642	42.38892	42.636484	74.53063695	4511415.0	75.19025	4473.47	1920	1080	50.0	10	27e773dc0c99b3cf403c85e425f020ca	0c44a6b3a5c9188e0dfa42c1ad2102c6	1920	1080	22868.0	523.0	1397.0	40042.0	False	False	0.9851325666666668	0.9794620333333334
touchdown_pass_1080p_60f	touchdown_pass_1080p_60f	libaom	libaom_20210730_600a370_enc-mode0	60	20	0	10004065.0	10004.065	39.562	47.55283333333332	47.703333333333326	39.492844	47.548073	47.699677	95.81164628333336	17426005.0	290.4334166666667	17267.07	1920	1080	29.97	8	1c9c3776fd761097250939ff405eadc3	fdc023a2e9ac6ae42b18f66c9cdf493f	1920	1080	19244.0	293.0	3250.0	41053.0	False	False	0.99471735	0.9884848999999999
touchdown_pass_1080p_60f	touchdown_pass_1080p_60f	libaom	libaom_20210730_600a370_enc-mode0	60	32	0	3285740.0	3285.74	38.30299999999999	46.757333333333335	46.90933333333336	38.282772	46.755338	46.908661	93.53173655	10779402.0	179.6567	10758.06	1920	1080	29.97	8	c8f27212ac8daeced26b6437a41ef5c2	5fc80f5cff3ce4b76a026a720005ba08	1920	1080	16460.0	243.0	1967.0	39320.0	False	False	0.9933378333333334	0.9855437833333335
touchdown_pass_1080p_60f	touchdown_pass_1080p_60f	libaom	libaom_20210730_600a370_enc-mode0	60	43	0	1468662.0	1468.662	36.734666666666676	45.518833333333326	45.556	36.706369	45.514724	45.553618	89.31280238333335	6560142.0	109.3357	6550.87	1920	1080	29.97	8	ba23707278671d1588e335629c14608e	13648c7ba1313d1949d0f4b4894434c8	1920	1080	16464.0	219.0	1301.0	37440.0	False	False	0.9887303166666667	0.9774109666666668
touchdown_pass_1080p_60f	touchdown_pass_1080p_60f	libaom	libaom_20210730_600a370_enc-mode0	60	55	0	675971.0	675.971	34.5925	43.972166666666666	44.01683333333333	34.562032	43.962091	44.011444	79.69405616666667	3735588.0	62.2598	3723.39	1920	1080	29.97	8	ecc5210c233e2880e3a603af2321d005	223a0a2dfa7733326f00567763fb7644	1920	1080	16818.0	220.0	1063.0	37880.0	False	False	0.9735845	0.9562454499999998
touchdown_pass_1080p_60f	touchdown_pass_1080p_60f	libaom	libaom_20210730_600a370_enc-mode0	60	63	0	242242.0	242.242	31.617166666666666	41.652833333333334	41.49583333333335	31.590305	41.649798	41.491813	55.91670728333334	2212927.0	36.88211666666667	2201.75	1920	1080	29.97	8	4621e7093a88ced898ab342c91373b8a	42ae3520962fabbf9d48cbeac7edce30	1920	1080	17099.0	264.0	1044.0	39455.0	False	False	0.91842825	0.89918995
Cosmos1_1920x856_BT2100_PQ_24fps	Cosmos1_1920x856_BT2100_PQ_24fps	libaom	libaom_20210730_600a370_enc-mode0	60	20	0	15469923.0	15469.923	40.208166666666656	43.74366666666669	46.68200000000001	40.128998	43.685049	46.64244999999999	98.54492583333332	21280721.0	354.6786833333333	21198.44	1920	856	24.0	10	af7bcb2ade5917017ae4259e12e18d82	e8569e74bff9a24d04d0798ba03bf36a	1920	856	21486.0	740.0	7797.0	33832.0	False	False	0.9953284166666667	0.9943827
Cosmos1_1920x856_BT2100_PQ_24fps	Cosmos1_1920x856_BT2100_PQ_24fps	libaom	libaom_20210730_600a370_enc-mode0	60	32	0	5444592.0	5444.592	36.814166666666665	41.98683333333334	45.16516666666667	36.747253	41.933147	45.131033	91.6357336666667	16505723.0	275.09538333333336	16420.45	1920	856	24.0	10	d15c39fa8b29da9bcb0196ee93628ce0	3e7bad5ff32238efc1959c9934a722be	1920	856	22809.0	452.0	4269.0	32008.0	False	False	0.9884895333333333	0.9874504333333334
Cosmos1_1920x856_BT2100_PQ_24fps	Cosmos1_1920x856_BT2100_PQ_24fps	libaom	libaom_20210730_600a370_enc-mode0	60	43	0	2266160.0	2266.1599999999994	34.46933333333333	40.52933333333335	43.59433333333334	34.41239600000001	40.486467999999995	43.553353	79.16666595	13694378.0	228.23963333333333	13616.33	1920	856	24.0	10	af92eb77032749c6a685964d2007c1f1	a385b8ae46620ed5519f0d570f658486	1920	856	21430.0	380.0	2696.0	30882.0	False	False	0.9739966833333334	0.97451075
Cosmos1_1920x856_BT2100_PQ_24fps	Cosmos1_1920x856_BT2100_PQ_24fps	libaom	libaom_20210730_600a370_enc-mode0	60	55	0	926988.0	926.988	32.04966666666667	39.16216666666667	42.32616666666665	31.992439	39.130881	42.289347	59.54181498333334	11291563.0	188.19271666666666	11154.69	1920	856	24.0	10	ef6d11eb710cb421816a93b9ed90060a	7d656d187cd9d26f58be2badd24931ea	1920	856	27826.0	451.0	2433.0	32845.0	False	False	0.9391548499999999	0.9451415666666667
Cosmos1_1920x856_BT2100_PQ_24fps	Cosmos1_1920x856_BT2100_PQ_24fps	libaom	libaom_20210730_600a370_enc-mode0	60	63	0	232041.0	232.041	28.915666666666674	37.04883333333335	40.415499999999994	28.851837	37.010097	40.404999	29.90576915	6895121.0	114.91868333333333	6781.67	1920	856	24.0	10	ad285e69b4aca5ffbbee437c9aa0d3c3	fdf34271e77d5a9e39fbd600e797ac39	1920	856	22735.0	450.0	1624.0	34099.0	False	False	0.8245582833333334	0.8524345333333334
ducks_take_off_1080p50_60f	ducks_take_off_1080p50_60f	libaom	libaom_20210730_600a370_enc-mode0	60	20	0	70965426.0	70965.426	37.244833333333325	38.03099999999999	40.607833333333325	37.208639	38.020003	40.602047	97.29804153333335	29667146.0	494.4524333333333	29555.85	1920	1080	50.0	8	afba9aabb81d2948c1b0679b043c8cc0	c9767594d90a75db1eb8aeda09d2036a	1920	1080	22657.0	388.0	7419.0	43319.0	False	False	0.9982601166666666	0.9939865000000001
ducks_take_off_1080p50_60f	ducks_take_off_1080p50_60f	libaom	libaom_20210730_600a370_enc-mode0	60	32	0	18808320.0	18808.32	34.29966666666666	36.15366666666667	39.144833333333324	34.285036	36.143497	39.138018	90.82530381666668	28018051.0	466.96751666666665	27717.26	1920	1080	50.0	8	11b2e211881f6336cc9349b76245bffa	d521a6d34c7480a313d8524d31d8600b	1920	1080	21956.0	292.0	3983.0	40303.0	False	False	0.9951402833333333	0.9874046833333334
ducks_take_off_1080p50_60f	ducks_take_off_1080p50_60f	libaom	libaom_20210730_600a370_enc-mode0	60	43	0	7419866.0	7419.866	32.412666666666674	34.45166666666666	37.981833333333334	32.394454	34.42706	37.974089	80.75507941666665	15862093.0	264.3682166666667	15836.05	1920	1080	50.0	8	f5d934bc98d068b6ccd89552f239727d	467cfb04a848c6d7f1a5dbcf0bd50d24	1920	1080	21168.0	239.0	2381.0	38837.0	False	False	0.9882472333333333	0.9776571833333333
ducks_take_off_1080p50_60f	ducks_take_off_1080p50_60f	libaom	libaom_20210730_600a370_enc-mode0	60	55	0	3235953.0	3235.953	30.2595	32.91783333333334	37.14849999999999	30.231269	32.886274	37.14334900000001	64.91505773333333	12032134.0	200.53556666666665	11987.52	1920	1080	50.0	8	e32e37060144bfef0f0c9a05bb5cc811	91cd14fdf9f55bafed24945807916230	1920	1080	21903.0	287.0	2435.0	41232.0	False	False	0.9722377833333333	0.9582155333333334
ducks_take_off_1080p50_60f	ducks_take_off_1080p50_60f	libaom	libaom_20210730_600a370_enc-mode0	60	63	0	1059953.0	1059.953	27.199500000000004	30.636999999999997	35.85300000000002	27.155452	30.601403	35.846524	39.31739331666667	4486876.0	74.78126666666667	4471.83	1920	1080	50.0	8	c069c3847849848b1af270d1e9e0595c	b4c780ff631fa28855b51da7e64c1b63	1920	1080	21102.0	245.0	1071.0	38366.0	False	False	0.9196973333333333	0.9020394666666666
ducks_1920x1080_50fps_10b	ducks_1920x1080_50fps_10b	libaom	libaom_20210730_600a370_enc-mode0	60	20	0	73239553.0	73239.553	37.43333333333333	38.18150000000001	40.777166666666666	37.382978	38.170076	40.772612	97.4932614	38838661.0	647.3110166666667	38681.05	1920	1080	50.0	10	163222a015491dc63d7fcfd533afc347	0be752dbfe5b6d7692ab4ac22bb521eb	1920	1080	30461.0	563.0	9176.0	43534.0	False	False	0.9983141166666666	0.9941527166666667
ducks_1920x1080_50fps_10b	ducks_1920x1080_50fps_10b	libaom	libaom_20210730_600a370_enc-mode0	60	32	0	18751226.0	18751.226	34.36	36.23583333333333	39.28766666666668	34.344467	36.22566	39.280481	90.95482421666667	32792783.0	546.5463833333333	32723.2	1920	1080	50.0	10	338c8f33462fa210f571adf412ef0c85	30dc842b3093965f2f7f047be75c3195	1920	1080	29709.0	619.0	6927.0	39963.0	False	False	0.9952125166666665	0.9875368166666667
ducks_1920x1080_50fps_10b	ducks_1920x1080_50fps_10b	libaom	libaom_20210730_600a370_enc-mode0	60	43	0	7356166.0	7356.166	32.43883333333334	34.51483333333333	38.099833333333336	32.421226	34.49016199999999	38.09283	80.62678211666666	28667311.0	477.7885166666667	28564.14	1920	1080	50.0	10	506ea10e6f0e877a6ab2f79da3a98f1a	c8f2b5f43f416a9e73514f063ab2607f	1920	1080	29813.0	664.0	4488.0	42891.0	False	False	0.9882198166666666	0.9776765333333334
ducks_1920x1080_50fps_10b	ducks_1920x1080_50fps_10b	libaom	libaom_20210730_600a370_enc-mode0	60	55	0	3232920.0	3232.92	30.29566666666666	32.98933333333333	37.24433333333334	30.26812	32.957258	37.239569	64.9571176	15443528.0	257.39213333333333	15383.99	1920	1080	50.0	10	e6aaffa2d218d09ca185459be680f370	b07829448bb38dd0a046ba70a1208629	1920	1080	29919.0	473.0	2439.0	38487.0	False	False	0.9723414666666667	0.9584214333333333
ducks_1920x1080_50fps_10b	ducks_1920x1080_50fps_10b	libaom	libaom_20210730_600a370_enc-mode0	60	63	0	1074166.0	1074.166	27.26566666666667	30.723999999999997	35.978333333333325	27.222248	30.690595	35.969864	39.28865095	9517788.0	158.6298	9460.69	1920	1080	50.0	10	fe81fd967ae411bcbaf3608a1573076b	06ab6b8db2f0c1816c14fe062a70e2e5	1920	1080	30688.0	624.0	2188.0	41025.0	False	False	0.9206257333333332	0.9031700166666667
ToddlerFountn_1920x1080_2997_10b	ToddlerFountn_1920x1080_2997_10b	libaom	libaom_20210730_600a370_enc-mode0	60	20	0	45934389.0	45934.389	39.926500000000004	45.723000000000006	43.05333333333332	39.893545	45.713274	43.0397	99.87549016666667	25766489.0	429.44148333333334	25675.5	1920	1080	29.97	10	4bed26301198759012168808aeac02a1	573581c707b53b6e91a3ff03cbb88c95	1920	1080	28388.0	530.0	9229.0	39628.0	False	False	0.9968267500000001	0.9932618166666666
ToddlerFountn_1920x1080_2997_10b	ToddlerFountn_1920x1080_2997_10b	libaom	libaom_20210730_600a370_enc-mode0	60	32	0	20960045.0	20960.045	35.766499999999986	44.14733333333332	41.177	35.715957	44.133853	41.164506	98.58805821666667	26246145.0	437.43575	26211.55	1920	1080	29.97	10	d19926c86b5596625254f8b90c0b5067	53d9c6c400c3e0b06e8c3996085cd884	1920	1080	27768.0	527.0	6960.0	39417.0	False	False	0.98999	0.9812978333333334
ToddlerFountn_1920x1080_2997_10b	ToddlerFountn_1920x1080_2997_10b	libaom	libaom_20210730_600a370_enc-mode0	60	43	0	8744320.0	8744.32	32.34466666666666	42.706166666666675	39.894833333333324	32.291925	42.694493	39.887004	84.25494988333334	28654071.0	477.56785	28566.11	1920	1080	29.97	10	489eed369631d13de4100a249222d12c	5fae781e08fa8c8615aa04dbe282f057	1920	1080	29030.0	499.0	4524.0	39699.0	False	False	0.9712984833333335	0.9548553
ToddlerFountn_1920x1080_2997_10b	ToddlerFountn_1920x1080_2997_10b	libaom	libaom_20210730_600a370_enc-mode0	60	55	0	3179906.0	3179.906	29.371333333333336	41.62216666666667	39.075	29.325158	41.616596	39.072226	60.799545583333334	22957779.0	382.62965	22895.66	1920	1080	29.97	10	5da18088e9549d275d7e5e71b28a910e	27077cc1c96fa5828f208a6f67991df8	1920	1080	27371.0	576.0	3504.0	41020.0	False	False	0.9260645500000001	0.9043520666666666
ToddlerFountn_1920x1080_2997_10b	ToddlerFountn_1920x1080_2997_10b	libaom	libaom_20210730_600a370_enc-mode0	60	63	0	831249.0	831.249	26.360833333333332	40.36400000000001	38.162333333333336	26.316331	40.36032	38.160818	31.82054945	12876119.0	214.60198333333332	12830.4	1920	1080	29.97	10	9d36b5d7f2436aff6e72f9b80e8fd53c	1d8d42c2ae1d20a0859e9d74c48f7eb4	1920	1080	27308.0	486.0	2171.0	39550.0	False	False	0.83134635	0.8166517333333333
Sintel_Dragons_1920x816_24_10b	Sintel_Dragons_1920x816_24_10b	libaom	libaom_20210730_600a370_enc-mode0	60	20	0	4170108.0	4170.108	46.16416666666666	50.81466666666669	50.928666666666686	46.10466	50.773832	50.856219	99.91968836666666	19608388.0	326.80646666666667	19396.44	1920	816	24.0	10	131eb7435f3262d6185b70f5da96c599	5f3d367e402bd055f67ff5e41acb69e8	1920	816	13965.0	421.0	3273.0	32497.0	False	False	0.9974877000000002	0.9974818166666667
Sintel_Dragons_1920x816_24_10b	Sintel_Dragons_1920x816_24_10b	libaom	libaom_20210730_600a370_enc-mode0	60	32	0	2128595.0	2128.595	43.092	48.369499999999995	48.37616666666668	43.032802	48.32052	48.284634	99.813867	15013144.0	250.21906666666666	14981.45	1920	816	24.0	10	b59193c2dc523a4905ef1e03c99b9a0d	d7e842b34e12186b13d3124fd4cb401b	1920	816	13465.0	372.0	2366.0	30017.0	False	False	0.9944247833333334	0.9947471333333334
Sintel_Dragons_1920x816_24_10b	Sintel_Dragons_1920x816_24_10b	libaom	libaom_20210730_600a370_enc-mode0	60	43	0	1114505.0	1114.505	40.09833333333335	45.86666666666669	45.865666666666655	40.046855	45.806401	45.7636	96.00150348333335	14967085.0	249.45141666666666	14790.85	1920	816	24.0	10	3e9b55f968db0ea782c8a54914ea2a54	beaed1c8c22f00c6f5253c05baae4d2a	1920	816	25907.0	455.0	2562.0	33978.0	False	False	0.9880166999999999	0.9893550333333333
Sintel_Dragons_1920x816_24_10b	Sintel_Dragons_1920x816_24_10b	libaom	libaom_20210730_600a370_enc-mode0	60	55	0	574883.0	574.883	36.99133333333332	43.20100000000001	43.227166666666676	36.946693	43.12805	43.097174	82.18518713333334	15382753.0	256.37921666666665	15219.09	1920	816	24.0	10	b31d3e8151993f493abd98215379250a	254267e65027619bd87a6a5865499401	1920	816	14109.0	520.0	2302.0	32452.0	False	False	0.9748340333333334	0.9786551
Sintel_Dragons_1920x816_24_10b	Sintel_Dragons_1920x816_24_10b	libaom	libaom_20210730_600a370_enc-mode0	60	63	0	229484.0	229.484	32.77166666666668	39.4215	39.41166666666666	32.724267	39.33314699999999	39.26718	53.90352633333334	12784156.0	213.06926666666666	12709.87	1920	816	24.0	10	0c3c8a5e1ca46c03c10913867f33f309	967b098a5f59992788dc94f6f74494a1	1920	816	14336.0	457.0	1611.0	31352.0	False	False	0.9376956166666666	0.9484156333333333
MINECRAFT_60f_420	MINECRAFT_60f_420	libaom	libaom_20210730_600a370_enc-mode0	60	20	0	60952488.0	60952.488	40.52866666666666	44.37516666666667	44.7835	40.339548	44.284055	44.698085	99.92089241666666	26139998.0	435.6666333333333	26047.87	1920	1080	60.0	8	19f051a71c8505ebbc36d680a3979a8e	2afeb363eb734e00c7f7203e69e364a2	1920	1080	18367.0	262.0	8203.0	39949.0	False	False	0.9969763500000002	0.9946778500000001
MINECRAFT_60f_420	MINECRAFT_60f_420	libaom	libaom_20210730_600a370_enc-mode0	60	32	0	29087472.0	29087.472	36.12966666666666	42.548333333333325	42.86283333333333	35.916294	42.459691	42.772233	98.95424670000001	36621005.0	610.3500833333334	36513.24	1920	1080	60.0	8	b9bf19040152d29a2785e5040214c92c	a9e48555f8f79e61500a25941abd1a57	1920	1080	18887.0	258.0	5713.0	38747.0	False	False	0.9914989833333332	0.98557415
MINECRAFT_60f_420	MINECRAFT_60f_420	libaom	libaom_20210730_600a370_enc-mode0	60	43	0	11774520.0	11774.52	32.77049999999999	40.99550000000001	41.112166666666674	32.59928	40.921472	41.030645	90.17047463333334	29923901.0	498.7316833333333	29878.08	1920	1080	60.0	8	c66bff1cfb68a733865ffa7fd1d41fbc	d6b234b88b61e3b61ef0aa359f9615a1	1920	1080	18190.0	379.0	4478.0	42607.0	False	False	0.9793110833333333	0.9674565833333334
MINECRAFT_60f_420	MINECRAFT_60f_420	libaom	libaom_20210730_600a370_enc-mode0	60	55	0	4577120.0	4577.12	30.267000000000007	39.28950000000002	39.41716666666666	30.156402	39.24382	39.356283	74.9503755	21764213.0	362.7368833333333	21662.72	1920	1080	60.0	8	4e1992c6569c2e21a6430407126f5482	fd7f832dbcaeae2e88e11f77c9959575	1920	1080	18843.0	348.0	2822.0	40056.0	False	False	0.9511992666666665	0.9321536500000001
MINECRAFT_60f_420	MINECRAFT_60f_420	libaom	libaom_20210730_600a370_enc-mode0	60	63	0	1100376.0	1100.376	27.163	36.443000000000005	36.84400000000001	27.087277000000004	36.392828	36.769452	46.677482516666664	13159019.0	219.31698333333333	13081.29	1920	1080	60.0	8	bd1bef4b8258109d902d2de530f45582	17ae4b1af51735b4458292ea92031ddb	1920	1080	18478.0	247.0	1172.0	39165.0	False	False	0.8474493666666665	0.8315444333333333
