thaloundeskmtg360p_60f	thaloundeskmtg360p_60f	svtav1	svtav1_20190906_b7b71ce	60	20	1022436.0	1022.436	44.82450000000001	48.80033333333333	48.806333333333335	44.612794	48.753266	48.773706999999995	97.02647899999998	1581976.0	26.366266666666668	640	360	30.0	8	f56866080d0d2d0ad9ca64e616610d3b	44e1d9d602c0a265a226ef6426d899b8	640	360	2716.0	14.0	943.0	626.0	False
thaloundeskmtg360p_60f	thaloundeskmtg360p_60f	svtav1	svtav1_20190906_b7b71ce	60	32	490120.0	490.12	43.10383333333333	47.49083333333335	47.55650000000001	42.795674	47.442526	47.516027	95.911316	1104442.0	18.407366666666668	640	360	30.0	8	8a2cb42920ca5f09f0486beeff40c85a	c389368b45393bb5b984149f7e9b7c9d	640	360	2137.0	18.0	1320.0	1860.0	False
thaloundeskmtg360p_60f	thaloundeskmtg360p_60f	svtav1	svtav1_20190906_b7b71ce	60	43	264904.0	264.904	41.0465	45.848833333333346	45.95716666666668	40.634746	45.776661	45.900421	93.921511	1417583.0	23.626383333333333	640	360	30.0	8	4a6755bac41107117422d7d2b83a714e	c37fc527d496bce013e476a8935ca1b1	640	360	1371.0	14.0	1136.0	828.0	False
thaloundeskmtg360p_60f	thaloundeskmtg360p_60f	svtav1	svtav1_20190906_b7b71ce	60	55	144948.0	144.948	38.283666666666655	43.68666666666668	43.59416666666667	37.81646	43.583888	43.48358	89.850779	337439.0	5.623983333333333	640	360	30.0	8	b6f6eeb7ec6422b2651ba6113d7ebe9a	c6701821d5268ef3edf9c80f05879875	640	360	1460.0	18.0	956.0	1037.0	False
thaloundeskmtg360p_60f	thaloundeskmtg360p_60f	svtav1	svtav1_20190906_b7b71ce	60	63	73556.0	73.556	34.4125	40.5795	40.557833333333335	33.816788	40.478432	40.457001	79.508567	687902.0	11.465033333333333	640	360	30.0	8	503de2ae72eaa54edae04e0b824a4cc7	97bff8190bdf01ae683eddc3227767fa	640	360	1252.0	8.0	752.0	775.0	False
blue_sky_360p_60f	blue_sky_360p_60f	svtav1	svtav1_20190906_b7b71ce	60	20	1453400.0	1453.4	44.5695	45.887000000000015	47.60466666666666	44.472154	45.810241	47.553048	99.945266	2687879.0	44.797983333333335	640	360	25.0	8	3f314b40202b38cdd4908051082d9880	c318ea6f70e5fbc2ce7388e802536fb7	640	360	3496.0	24.0	2855.0	916.0	False
blue_sky_360p_60f	blue_sky_360p_60f	svtav1	svtav1_20190906_b7b71ce	60	32	738060.0	738.06	41.656833333333324	43.69216666666666	45.32566666666665	41.526389	43.64053	45.287033	99.930506	1597074.0	26.6179	640	360	25.0	8	6477b810d005a79e8dac67016a690e9e	1a1ffde70704523521655c8e98649565	640	360	3644.0	15.0	2677.0	1985.0	False
blue_sky_360p_60f	blue_sky_360p_60f	svtav1	svtav1_20190906_b7b71ce	60	43	382486.0	382.486	38.72366666666666	40.99549999999998	42.591	38.587668	40.946936	42.564952999999996	99.570528	519535.0	8.658916666666666	640	360	25.0	8	956226d3d74a19e7ee340c83de2a7c52	8aafeecf0791da51f3ebeac2c25b8438	640	360	1439.0	10.0	1187.0	692.0	False
blue_sky_360p_60f	blue_sky_360p_60f	svtav1	svtav1_20190906_b7b71ce	60	55	200140.0	200.14	35.63933333333333	38.03399999999999	39.962666666666664	35.517998	38.00249999999999	39.948483	94.636666	218747.0	3.645783333333333	640	360	25.0	8	34161a737906a8df98608128213bc921	1da363389f7f899e2c47d3db72da1a38	640	360	1401.0	2.0	1056.0	498.0	False
blue_sky_360p_60f	blue_sky_360p_60f	svtav1	svtav1_20190906_b7b71ce	60	63	98836.0	98.836	31.826000000000004	35.01016666666667	37.78999999999999	31.7581	35.002085	37.783125	83.818785	776404.0	12.940066666666667	640	360	25.0	8	ecdb9526045f1cbe4dab70bc1d83abfb	c792c3ec29c9ef0cc477bcff5184d5ff	640	360	2920.0	15.0	2032.0	1351.0	False
KristenAndSara_1280x720_60f	KristenAndSara_1280x720_60f	svtav1	svtav1_20190906_b7b71ce	60	20	4393464.0	4393.463999999999	44.85933333333334	49.209833333333336	50.12883333333333	44.832767	49.203963	50.124872	97.025412	5080028.0	84.66713333333334	1280	720	60.0	8	57c02e71a27eb8c3a3b8ed136f7606bc	e6e609927cec542090cd91a721c41853	1280	720	9028.0	14.0	3511.0	2335.0	False
KristenAndSara_1280x720_60f	KristenAndSara_1280x720_60f	svtav1	svtav1_20190906_b7b71ce	60	32	1667832.0	1667.832	43.73266666666668	48.60433333333333	49.53283333333336	43.712156	48.600131	49.529798	96.272328	1949606.0	32.493433333333336	1280	720	60.0	8	eed7765489fc863b6de5ca1c69835c9b	78e834992517908276fcd96b07827462	1280	720	4845.0	13.0	4968.0	2610.0	False
KristenAndSara_1280x720_60f	KristenAndSara_1280x720_60f	svtav1	svtav1_20190906_b7b71ce	60	43	823384.0	823.384	42.48966666666666	47.624166666666675	48.516166666666685	42.46725	47.620903	48.513236	94.874159	1738625.0	28.977083333333333	1280	720	60.0	8	f75d0ae189fd815b8a2c49b1e6685400	88a65b4b53f12e186e462a52ed39558e	1280	720	7955.0	12.0	3506.0	3040.0	False
KristenAndSara_1280x720_60f	KristenAndSara_1280x720_60f	svtav1	svtav1_20190906_b7b71ce	60	55	429960.0	429.96	40.59866666666666	46.02733333333333	47.01516666666668	40.57134899999999	46.02396	47.012857000000004	91.81947800000002	3779976.0	62.9996	1280	720	60.0	8	677c8d362a811f4148616f3176cc6cc2	da1126193534aebd9cd03a4c89b01e2a	1280	720	6096.0	2.0	1874.0	4349.0	False
KristenAndSara_1280x720_60f	KristenAndSara_1280x720_60f	svtav1	svtav1_20190906_b7b71ce	60	63	201432.0	201.432	37.405666666666676	43.209000000000024	44.10166666666667	37.393809	43.207707	44.101036	83.732721	1530347.0	25.505783333333333	1280	720	60.0	8	1ec4ab736ca28f82568bba74c45d84f2	637068ebdf4bc256a58f926962654f18	1280	720	7860.0	26.0	2342.0	4043.0	False
MINECRAFT_60f_420	MINECRAFT_60f_420	svtav1	svtav1_20190906_b7b71ce	60	20	88550280.0	88550.28	43.54966666666667	46.325833333333335	46.56033333333333	43.364036000000006	46.167735	44.650995	99.950986	4652504.0	77.54173333333334	1920	1080	60.0	8	b9eed211703f17e5dc54653d6ae4c59b	55e2ae3f7ebd2bf6cb0d4f6a332f08b7	1920	1080	24554.0	10.0	17146.0	5619.0	True
MINECRAFT_60f_420	MINECRAFT_60f_420	svtav1	svtav1_20190906_b7b71ce	60	32	52730176.0	52730.176	39.242000000000004	44.45483333333332	44.561000000000014	38.986669	44.333087	43.296992	99.917751	9840179.0	164.00298333333333	1920	1080	60.0	8	7625ed42acfc95e5ca96291aeaac9cbd	072bb4e4bf268b86f1625e81a184ea6a	1920	1080	15968.0	8.0	16430.0	6005.0	True
MINECRAFT_60f_420	MINECRAFT_60f_420	svtav1	svtav1_20190906_b7b71ce	60	43	24447008.0	24447.007999999998	34.886	42.69566666666669	42.56800000000001	34.617245	42.614048	41.766288	96.703986	7135896.0	118.9316	1920	1080	60.0	8	757b4a2d8a5f47045cbc78311c88bc06	f48151a3f83cb3bec7323fec8fcaa7f8	1920	1080	23919.0	19.0	22392.0	8608.0	True
MINECRAFT_60f_420	MINECRAFT_60f_420	svtav1	svtav1_20190906_b7b71ce	60	55	9888168.0	9888.168	31.670666666666666	40.79233333333333	40.61233333333335	31.486254	40.742715	40.119085	84.575526	2728860.0	45.481	1920	1080	60.0	8	2ddd65c6a7681ea4513b5f4f26572155	b737d5ef2702dbf79fefd4f5ddf3f7af	1920	1080	13074.0	21.0	12226.0	10080.0	True
MINECRAFT_60f_420	MINECRAFT_60f_420	svtav1	svtav1_20190906_b7b71ce	60	63	3349496.0	3349.496	28.761666666666674	38.336499999999994	38.45483333333334	28.643216	38.317339999999994	38.185944	62.135073	3670324.0	61.172066666666666	1920	1080	60.0	8	13d3181863e7c65eb604322887beb45c	5c5578c41b645421a8c3ed90791c4441	1920	1080	21827.0	16.0	13529.0	8240.0	True
dark720p_60f	dark720p_60f	svtav1	svtav1_20190906_b7b71ce	60	20	8606976.0	8606.976	46.626666666666665	44.33416666666665	45.884	46.412222	43.981103	45.544898	96.465858	4139596.0	68.99326666666667	1280	720	30.0	8	898a93e44395a18511ff8460efda751b	63089ebc066270a4a2975bb8b7ea1a24	1280	720	4070.0	10.0	8383.0	2361.0	False
dark720p_60f	dark720p_60f	svtav1	svtav1_20190906_b7b71ce	60	32	2556344.0	2556.344	43.899	39.696833333333345	42.33616666666665	43.749143	39.427275	42.165298	93.514176	8173211.0	136.22018333333332	1280	720	30.0	8	559689336cb529f9addd43b952f6344d	9290b6bc9ff4dfb7221311f40feb72e2	1280	720	5442.0	3.0	13064.0	2526.0	False
dark720p_60f	dark720p_60f	svtav1	svtav1_20190906_b7b71ce	60	43	628340.0	628.34	42.466	37.2755	41.12733333333333	42.398652	37.135981	41.059051	90.873494	5335754.0	88.92923333333333	1280	720	30.0	8	47690c0c459aa1307160d8d2822f346d	8028bdda09922d825aa52207837c8f31	1280	720	6680.0	22.0	10017.0	4700.0	False
dark720p_60f	dark720p_60f	svtav1	svtav1_20190906_b7b71ce	60	55	197636.0	197.636	41.204	36.49783333333333	40.237000000000016	41.173079	36.469169	40.220231	87.477623	4736965.0	78.94941666666666	1280	720	30.0	8	562b1440e9e59b39e2f8c86bfb2b2214	610a6749e686836356ab6cf20eff89de	1280	720	4304.0	6.0	3180.0	4127.0	False
dark720p_60f	dark720p_60f	svtav1	svtav1_20190906_b7b71ce	60	63	73556.0	73.556	38.932500000000005	35.49133333333334	38.886	38.917812	35.485	38.873534	79.066723	1410816.0	23.5136	1280	720	30.0	8	890f6646ae72f54d3eec1ef62db34464	4956c4c2acfeaace2a1c12b136cdcb64	1280	720	6154.0	14.0	1826.0	2382.0	False
shields_640x360_60f	shields_640x360_60f	svtav1	svtav1_20190906_b7b71ce	60	20	2822200.0	2822.2	42.5205	45.7495	47.40733333333331	42.361054	45.711738	47.33563	99.485836	2599841.0	43.33068333333333	640	360	50.0	8	d2c74b488bb7ac0576926d3d0ecd0a96	3e58fab7001718e60dfd700c5b7230a3	640	360	5524.0	30.0	2663.0	2128.0	False
shields_640x360_60f	shields_640x360_60f	svtav1	svtav1_20190906_b7b71ce	60	32	1374160.0	1374.16	40.63333333333331	43.98483333333333	45.509833333333354	40.422776	43.947958	45.405933	99.431237	328100.0	5.468333333333334	640	360	50.0	8	bbbfd637eaf394f0f0d1675330add643	eb935521e3c0d6518b0fb8b833063f58	640	360	3028.0	18.0	1766.0	648.0	False
shields_640x360_60f	shields_640x360_60f	svtav1	svtav1_20190906_b7b71ce	60	43	707633.0	707.633	38.12966666666667	41.37899999999999	43.06350000000001	37.857334	41.299633	42.902322	99.401099	982644.0	16.3774	640	360	50.0	8	924712ab8c781e6eaa41394dafa9401b	a7afbfb51c06e541a4cc3667e202c8c1	640	360	3064.0	25.0	1600.0	1081.0	False
shields_640x360_60f	shields_640x360_60f	svtav1	svtav1_20190906_b7b71ce	60	55	391320.0	391.32	35.282666666666664	38.82616666666669	40.813833333333356	34.937153	38.683197	40.584624	97.056757	731992.0	12.199866666666667	640	360	50.0	8	34f6660b3a74fc96a5b3e44318cc3156	1fc8ca2a96df14428f16b2e73021ff67	640	360	4415.0	16.0	1234.0	1226.0	False
shields_640x360_60f	shields_640x360_60f	svtav1	svtav1_20190906_b7b71ce	60	63	185160.0	185.16	31.162166666666668	35.922666666666686	37.84549999999998	30.717978	35.695263	37.588756	85.45893	704469.0	11.74115	640	360	50.0	8	681cf11f5dbdce5cbbc45ba66305e191	79bf3100816e3884aae6afaecb7662e4	640	360	3372.0	26.0	1528.0	2348.0	False
aspen_1080p_60f	aspen_1080p_60f	svtav1	svtav1_20190906_b7b71ce	60	20	10848488.0	10848.488	44.32083333333334	48.342	49.57833333333335	44.267161	48.328274	49.569281	98.187419	8741089.0	145.68481666666668	1920	1080	29.97	8	e41fbbca803f7b66bf51125f364127ed	447fcdb168cd67229d4f011b9435f88c	1920	1080	11711.0	15.0	14386.0	6562.0	False
aspen_1080p_60f	aspen_1080p_60f	svtav1	svtav1_20190906_b7b71ce	60	32	3480493.0	3480.493	42.447	47.428666666666665	48.65633333333334	42.408619	47.423554	48.652414	94.639122	5562948.0	92.7158	1920	1080	29.97	8	c8c4943773216a57e5cd67acbafb112e	c0165e3d9cc22a563bb1c1dc31c22225	1920	1080	14251.0	15.0	19692.0	6523.0	False
aspen_1080p_60f	aspen_1080p_60f	svtav1	svtav1_20190906_b7b71ce	60	43	1444762.0	1444.762	41.10850000000001	46.35566666666666	47.53833333333332	41.073802	46.348647	47.532112	90.121538	3358659.0	55.97765	1920	1080	29.97	8	ec277236e1a9b57889147062af922bc7	ef0c59c918eeb5f03eb37e32c540c818	1920	1080	13758.0	7.0	8285.0	5615.0	False
aspen_1080p_60f	aspen_1080p_60f	svtav1	svtav1_20190906_b7b71ce	60	55	657489.0	657.489	39.34033333333333	44.732	45.77216666666667	39.291861	44.720616	45.764809	82.438312	4536002.0	75.60003333333333	1920	1080	29.97	8	9c3edccf3edcb121b610aa214927a087	fb4b5e601d71a3b03467a387104f15b8	1920	1080	11182.0	7.0	6644.0	5429.0	False
aspen_1080p_60f	aspen_1080p_60f	svtav1	svtav1_20190906_b7b71ce	60	63	283641.0	283.641	36.50233333333333	42.274833333333326	43.01866666666665	36.443416	42.262929	43.012767000000004	66.718355	1393548.0	23.2258	1920	1080	29.97	8	47aa42b17f1cb05ccb9175f804161817	af511a317ec18e2cfd76e7ad52c85013	1920	1080	9612.0	18.0	6128.0	7864.0	False
Netflix_DrivingPOV_1280x720_60fp	Netflix_DrivingPOV_1280x720_60fp	svtav1	svtav1_20190906_b7b71ce	60	20	13290584.0	13290.584	43.15266666666669	46.77983333333332	45.42199999999998	43.090157	46.762955	45.402016	99.669026	7857243.0	130.95405	1280	720	60.0	8	4b01f8a013e4fa0439a1f6cd5483b429	757aa880f474c345ab863388c5923b6b	1280	720	6263.0	9.0	5787.0	2736.0	False
Netflix_DrivingPOV_1280x720_60fp	Netflix_DrivingPOV_1280x720_60fp	svtav1	svtav1_20190906_b7b71ce	60	32	6337952.0	6337.952	40.85533333333333	45.59816666666666	44.49766666666668	40.796112	45.589808	44.492021	98.766212	2541838.0	42.36396666666667	1280	720	60.0	8	3b2c36618cccd8bb3c69140cae376d5b	88de0ce7b21fe7024b134db074338e4b	1280	720	6395.0	7.0	4425.0	2396.0	False
Netflix_DrivingPOV_1280x720_60fp	Netflix_DrivingPOV_1280x720_60fp	svtav1	svtav1_20190906_b7b71ce	60	43	3128632.0	3128.632	38.348	43.865166666666674	43.28199999999999	38.295079	43.859752	43.279617	96.61962	4271446.0	71.19076666666666	1280	720	60.0	8	09d97255aa0e6f2ff268ba33bcf4f449	af7c04bc6d74ba09296076a1ac1e7d53	1280	720	8761.0	8.0	4121.0	2391.0	False
Netflix_DrivingPOV_1280x720_60fp	Netflix_DrivingPOV_1280x720_60fp	svtav1	svtav1_20190906_b7b71ce	60	55	1566512.0	1566.512	35.72550000000001	41.95266666666665	42.03099999999999	35.670860999999995	41.946937	42.027426	92.20398	1523116.0	25.385266666666666	1280	720	60.0	8	6296248e27e5285314a5d8a6d733bf79	477ad32c3e678fc1df3e9b354788130d	1280	720	6346.0	20.0	8621.0	4264.0	False
Netflix_DrivingPOV_1280x720_60fp	Netflix_DrivingPOV_1280x720_60fp	svtav1	svtav1_20190906_b7b71ce	60	63	685032.0	685.032	32.444	39.40499999999998	40.276833333333336	32.413851	39.400293	40.273161	81.480436	823484.0	13.724733333333333	1280	720	60.0	8	add1e4b617216b2c5e458130ea28ed13	9c62c4ea21ca12229f2cf8a939f708ae	1280	720	7848.0	4.0	3674.0	2598.0	False
speed_bag_640x360_60f	speed_bag_640x360_60f	svtav1	svtav1_20190906_b7b71ce	60	20	553424.0	553.4240000000001	47.20983333333333	50.019166666666656	51.41499999999999	47.130781	49.971703	51.35858799999999	98.387073	341133.0	5.68555	640	360	29.97	8	f5e9ef4c2193482db36b7e95e55c3e75	e881aa37d1bb845df309369b6ae48c99	640	360	1116.0	4.0	1190.0	546.0	False
speed_bag_640x360_60f	speed_bag_640x360_60f	svtav1	svtav1_20190906_b7b71ce	60	32	285210.0	285.21	45.27750000000002	48.554000000000016	50.10116666666667	45.16686	48.493395	50.017389	97.43885	996669.0	16.61115	640	360	29.97	8	96170163a989d97dcac9ee5c368f26dc	bd76952eb0d0cdb0d4761dc429f2a826	640	360	3164.0	20.0	2264.0	1037.0	False
speed_bag_640x360_60f	speed_bag_640x360_60f	svtav1	svtav1_20190906_b7b71ce	60	43	155433.0	155.433	43.01833333333333	46.56766666666666	48.50416666666665	42.860129	46.499154	48.38512	94.876643	805992.0	13.4332	640	360	29.97	8	b714dabc6d95fd90f8e6d5f90f9bc339	e8827207626dec2abb349073d5716a76	640	360	2320.0	16.0	1685.0	693.0	False
speed_bag_640x360_60f	speed_bag_640x360_60f	svtav1	svtav1_20190906_b7b71ce	60	55	86346.0	86.346	40.37933333333332	44.40183333333335	46.69966666666668	40.138144	44.32165	46.521759	88.142642	2022152.0	33.702533333333335	640	360	29.97	8	5967a4d2b34aa4ed8cbedc43788e4537	7cc9d298c5cbba37dfe0d6f65d93d09e	640	360	6524.0	14.0	1844.0	1558.0	False
speed_bag_640x360_60f	speed_bag_640x360_60f	svtav1	svtav1_20190906_b7b71ce	60	63	46242.0	46.242	36.92483333333332	41.755500000000005	44.31300000000001	36.639405	41.66883599999999	44.095788	74.14644	1030570.0	17.176166666666667	640	360	29.97	8	2a0e65dfd17cf98bc5119a6e6b2030d6	65102725084e8bc719cf3dbb5bd8f7eb	640	360	2128.0	14.0	1224.0	1209.0	False
Netflix_SquareAndTimelapse_1920x	Netflix_SquareAndTimelapse_1920x	svtav1	svtav1_20190906_b7b71ce	60	20	23986488.0	23986.488	45.02966666666667	49.426	48.662499999999994	44.997317	49.417052	48.647072	99.913575	5190848.0	86.51413333333333	1920	1080	60.0	8	401760e89954028aaf628e38c5bdfa79	5231347bf5b4ea0757bc376f16710271	1920	1080	10898.0	6.0	11385.0	5822.0	False
Netflix_SquareAndTimelapse_1920x	Netflix_SquareAndTimelapse_1920x	svtav1	svtav1_20190906_b7b71ce	60	32	13501960.0	13501.96	42.71683333333335	47.818999999999996	46.84350000000002	42.673244	47.808868	46.827846	99.903941	7473875.0	124.56458333333333	1920	1080	60.0	8	736a17409d81d80b80ebb059ce52f8e0	90e3c6d64770b637d65df479b78e867a	1920	1080	16722.0	4.0	10360.0	5799.0	False
Netflix_SquareAndTimelapse_1920x	Netflix_SquareAndTimelapse_1920x	svtav1	svtav1_20190906_b7b71ce	60	43	7494832.0	7494.832	39.945	45.83749999999999	44.60466666666665	39.88398399999999	45.826296	44.586519	99.277983	2203228.0	36.72046666666667	1920	1080	60.0	8	7f122a772abadd651178277acc7aa611	8351fb61a98c11528f84d3f43789ec4a	1920	1080	15990.0	21.0	18987.0	9819.0	False
Netflix_SquareAndTimelapse_1920x	Netflix_SquareAndTimelapse_1920x	svtav1	svtav1_20190906_b7b71ce	60	55	4019664.0	4019.664	36.78033333333334	43.518666666666654	42.17916666666667	36.70388	43.508553	42.161341	92.239908	7946285.0	132.43808333333334	1920	1080	60.0	8	ed2d61a6a96315fdf1436e2191045333	2f0a79b4d311eb046d9dd0aa7b1b4227	1920	1080	14060.0	12.0	19598.0	11676.0	False
Netflix_SquareAndTimelapse_1920x	Netflix_SquareAndTimelapse_1920x	svtav1	svtav1_20190906_b7b71ce	60	63	1869880.0	1869.88	33.04133333333333	40.490333333333325	39.174	32.985847	40.485381	39.163246	76.449281	5962052.0	99.36753333333333	1920	1080	60.0	8	c84e077c3003d25298001ecea3320bab	6c13b779adeb7af482e8cb3af366c4c7	1920	1080	20267.0	18.0	15092.0	6609.0	False
gipsrestat720p_60f	gipsrestat720p_60f	svtav1	svtav1_20190906_b7b71ce	60	20	4618000.0	4618.0	45.07933333333333	47.57000000000001	49.158666666666676	45.053072	47.561637	49.153193	97.064312	3040092.0	50.6682	1280	720	50.0	8	380a5458c1b1df3f8f649ac13e4f29d8	f04db46c44f761cb7e0379948ade61f3	1280	720	9611.0	9.0	5808.0	2597.0	False
gipsrestat720p_60f	gipsrestat720p_60f	svtav1	svtav1_20190906_b7b71ce	60	32	1737893.0	1737.893	43.455333333333336	46.94483333333335	48.42733333333336	43.418028	46.941671	48.419807	95.913694	2473925.0	41.232083333333335	1280	720	50.0	8	13953e063c1776b9642a01ce3e727974	10424ec55f80bd828b214109f5e3b08d	1280	720	4078.0	2.0	2085.0	2430.0	False
gipsrestat720p_60f	gipsrestat720p_60f	svtav1	svtav1_20190906_b7b71ce	60	43	800093.0	800.093	41.75549999999999	46.13266666666666	47.41716666666665	41.683987	46.130612	47.411988	94.095653	3687588.0	61.4598	1280	720	50.0	8	7c633732b8ea77a4e98225bc505024b3	85e075d860117b4aa3b29a8d092d41e3	1280	720	5245.0	16.0	3152.0	2628.0	False
gipsrestat720p_60f	gipsrestat720p_60f	svtav1	svtav1_20190906_b7b71ce	60	55	421340.0	421.34	39.664500000000004	44.72183333333332	45.73649999999999	39.610124	44.720466	45.734254	90.838787	3841999.0	64.03331666666666	1280	720	50.0	8	1468086d9a2dcdf5f9f9dad40f519ed4	f03dea79f08e3089a45ef9574ee34094	1280	720	9353.0	4.0	1461.0	3240.0	False
gipsrestat720p_60f	gipsrestat720p_60f	svtav1	svtav1_20190906_b7b71ce	60	63	194573.0	194.573	35.98799999999999	42.04816666666668	42.575500000000005	35.97198	42.047208	42.57418599999999	82.17691	1073403.0	17.89005	1280	720	50.0	8	7e8905365a5978bea559cee535e2e7c7	4da3b2162ae619c7d3f159fce27810fe	1280	720	4686.0	10.0	966.0	2519.0	False
Starting_1920x1080p_50_10b_pq_70	Starting_1920x1080p_50_10b_pq_70	svtav1	svtav1_20190906_b7b71ce	60	20	8483186.0	8483.186	46.617166666666684	49.48016666666669	51.00883333333335	46.516309	49.431279	50.939186	96.200365	2983483.0	49.724716666666666	1920	1080	50.0	10	a02a2696baf6419309d04e7272549899	a50f1abd2154e9c32af34e734ef61ac3	1920	1080	11275.0	14.0	7927.0	5609.0	True
Starting_1920x1080p_50_10b_pq_70	Starting_1920x1080p_50_10b_pq_70	svtav1	svtav1_20190906_b7b71ce	60	32	3299586.0	3299.586	45.02033333333333	47.927833333333325	48.876833333333316	44.990443	47.91745	48.85895	94.967381	6816968.0	113.61613333333334	1920	1080	50.0	10	7e13e67f854638df6328721830741bc5	47ad6914de1e73821ded976efc3ca946	1920	1080	27493.0	15.0	10384.0	10922.0	True
Starting_1920x1080p_50_10b_pq_70	Starting_1920x1080p_50_10b_pq_70	svtav1	svtav1_20190906_b7b71ce	60	43	1533866.0	1533.8659999999998	42.880166666666675	46.27799999999999	46.78166666666665	42.872391	46.277217	46.779747	92.512158	4133167.0	68.88611666666667	1920	1080	50.0	10	aa8aa0a934c135ac614ab627b3a815fd	93f748a11b4581e3ff93c1075d25897c	1920	1080	25439.0	15.0	12084.0	8056.0	True
Starting_1920x1080p_50_10b_pq_70	Starting_1920x1080p_50_10b_pq_70	svtav1	svtav1_20190906_b7b71ce	60	55	776626.0	776.626	39.69433333333332	44.507499999999986	44.801666666666634	39.683848	44.505882	44.800529	86.549948	3637672.0	60.62786666666667	1920	1080	50.0	10	15f01a5c546325bc318b1c69f646526f	6e2d20f0768dd67c4da3297db98564fa	1920	1080	17642.0	18.0	10657.0	8888.0	True
Starting_1920x1080p_50_10b_pq_70	Starting_1920x1080p_50_10b_pq_70	svtav1	svtav1_20190906_b7b71ce	60	63	367300.0	367.3	35.739500000000014	42.46149999999999	42.61933333333336	35.704803	42.455078	42.612765	72.145098	1435503.0	23.92505	1920	1080	50.0	10	493d0696821fed16d8537db4853bf403	5d888ca2d09f1bf0d3d7edb2563dda32	1920	1080	21996.0	27.0	11308.0	14790.0	True
DOTA2_60f_420	DOTA2_60f_420	svtav1	svtav1_20190906_b7b71ce	60	20	18680080.0	18680.08	45.962333333333326	49.8405	49.91200000000001	45.912248	49.786563	49.880242	97.730619	6175892.0	102.93153333333333	1920	1080	60.0	8	78d4baddc4e669ba93d111d8d1bb7758	1f3c63b4bf6c797f71d4e7b35c3706d8	1920	1080	20744.0	24.0	9048.0	7018.0	False
DOTA2_60f_420	DOTA2_60f_420	svtav1	svtav1_20190906_b7b71ce	60	32	9630208.0	9630.208	43.791333333333334	47.91183333333334	48.12250000000001	43.704029	47.822558	48.077456	96.214799	8311591.0	138.52651666666668	1920	1080	60.0	8	5c830c29eca0d4b10d9f41dae37de420	280d9836489d1bb70d76caff423a6a7e	1920	1080	14072.0	23.0	11743.0	12033.0	False
DOTA2_60f_420	DOTA2_60f_420	svtav1	svtav1_20190906_b7b71ce	60	43	4754696.0	4754.696	41.20933333333333	45.54200000000001	45.88266666666665	41.101561999999994	45.430622	45.831564	93.213382	8702513.0	145.04188333333335	1920	1080	60.0	8	32d2407a984891efd0eb608b4e17b8b5	396d3d4c043326e826b292e0e66607ed	1920	1080	27373.0	13.0	9553.0	9548.0	False
DOTA2_60f_420	DOTA2_60f_420	svtav1	svtav1_20190906_b7b71ce	60	55	2185664.0	2185.664	38.245999999999995	42.82316666666667	43.23516666666667	38.122035	42.703672	43.193385	87.05923	3588987.0	59.81645	1920	1080	60.0	8	0e85366accfe792e964c8416097de9e0	ae088af94aa5330cc383d6f611005e90	1920	1080	10036.0	5.0	10364.0	9156.0	False
DOTA2_60f_420	DOTA2_60f_420	svtav1	svtav1_20190906_b7b71ce	60	63	839400.0	839.4	34.48116666666667	39.33183333333333	39.67016666666667	34.42389	39.283518	39.661005	72.102923	2667514.0	44.45856666666667	1920	1080	60.0	8	2f88261fbfd641b3f822ddba6419966f	e23d0db932766cc55e9ae31fa2a90e2c	1920	1080	12716.0	14.0	3844.0	5953.0	False
Netflix_PierSeaside_1920x1080_60	Netflix_PierSeaside_1920x1080_60	svtav1	svtav1_20190906_b7b71ce	60	20	10714904.0	10714.904	45.77416666666666	47.69500000000002	45.74150000000001	45.736845	47.675788	45.711029	99.891385	2867382.0	47.7897	1920	1080	60.0	8	98606345edd5f29fbd7562727eecc8a0	d10390d4efdf3139be112a406860596b	1920	1080	19251.0	9.0	16360.0	5590.0	False
Netflix_PierSeaside_1920x1080_60	Netflix_PierSeaside_1920x1080_60	svtav1	svtav1_20190906_b7b71ce	60	32	4290744.0	4290.744	44.157333333333334	46.925166666666655	45.10066666666665	44.10162	46.910895	45.083214	99.556075	4032984.0	67.2164	1920	1080	60.0	8	5ffbfaaf7eaa0b68fe7aa36beb462c57	885eca35899af5caa8f752af404b7270	1920	1080	17931.0	19.0	14312.0	5746.0	False
Netflix_PierSeaside_1920x1080_60	Netflix_PierSeaside_1920x1080_60	svtav1	svtav1_20190906_b7b71ce	60	43	2012568.0	2012.568	42.353000000000016	45.88549999999998	44.35999999999999	42.273216	45.872762	44.346881	98.071634	5231587.0	87.19311666666667	1920	1080	60.0	8	0b9547317d5f1f19c02fc6b02cf3a189	42520056768b7b75651f92930557b83c	1920	1080	14968.0	12.0	6300.0	5276.0	False
Netflix_PierSeaside_1920x1080_60	Netflix_PierSeaside_1920x1080_60	svtav1	svtav1_20190906_b7b71ce	60	55	900848.0	900.848	40.01633333333333	44.02116666666668	42.96966666666667	39.947731	44.014489	42.961846	94.138563	771106.0	12.851766666666666	1920	1080	60.0	8	ff17e812e8c5f6d4d951901822d077fc	ac2e354ff7ea00a03619de99edd6b0e2	1920	1080	7435.0	4.0	6242.0	5567.0	False
Netflix_PierSeaside_1920x1080_60	Netflix_PierSeaside_1920x1080_60	svtav1	svtav1_20190906_b7b71ce	60	63	345968.0	345.968	36.44266666666666	41.07133333333332	40.57183333333333	36.422333	41.069403	40.570108	82.660375	2354324.0	39.238733333333336	1920	1080	60.0	8	49a9f65e99b4c0cefb949ff8a3cc4183	420eb95d0943a758590c84efa0d7410e	1920	1080	9924.0	14.0	6366.0	5812.0	False
Netflix_Aerial_1920x1080_60fps_8	Netflix_Aerial_1920x1080_60fps_8	svtav1	svtav1_20190906_b7b71ce	60	20	28381280.0	28381.279999999995	43.21716666666668	46.12083333333333	45.775000000000006	43.15639	46.094146	45.753598	96.91441	7218868.0	120.31446666666666	1920	1080	60.0	8	d33fb656bf8f3be6a4735cd43e970d25	7950845d00deae20058e9bca739bcaba	1920	1080	12782.0	23.0	26133.0	8533.0	False
Netflix_Aerial_1920x1080_60fps_8	Netflix_Aerial_1920x1080_60fps_8	svtav1	svtav1_20190906_b7b71ce	60	32	13009384.0	13009.384	41.27216666666667	44.85666666666667	44.71933333333333	41.207858	44.847519	44.714571	94.779955	6205091.0	103.41818333333333	1920	1080	60.0	8	37c2931904c3e66b5d88888793320b91	d47f64b26987c23fec368271a234c7c7	1920	1080	16620.0	15.0	20826.0	8179.0	False
Netflix_Aerial_1920x1080_60fps_8	Netflix_Aerial_1920x1080_60fps_8	svtav1	svtav1_20190906_b7b71ce	60	43	6258088.0	6258.088	38.87050000000001	43.281833333333324	43.591666666666676	38.791047	43.27404	43.58836800000001	91.544733	4000472.0	66.67453333333333	1920	1080	60.0	8	dacf0b9f8316a270a1b02dd0880faccc	4f89f33fb6ece331ed2e2b876079731f	1920	1080	21873.0	14.0	9785.0	6159.0	False
Netflix_Aerial_1920x1080_60fps_8	Netflix_Aerial_1920x1080_60fps_8	svtav1	svtav1_20190906_b7b71ce	60	55	2941584.0	2941.584	36.06066666666667	41.52333333333334	42.40616666666668	36.0014	41.51762900000001	42.401014	85.683704	3573502.0	59.558366666666664	1920	1080	60.0	8	d14f95c9b68977f3a264270851a5af7d	2d97aa230ead4f18f4c735c064a3f8a8	1920	1080	11478.0	4.0	8331.0	6050.0	False
Netflix_Aerial_1920x1080_60fps_8	Netflix_Aerial_1920x1080_60fps_8	svtav1	svtav1_20190906_b7b71ce	60	63	1003992.0	1003.992	32.257333333333335	39.297000000000004	40.99566666666666	32.243198	39.285068	40.98412700000001	70.617664	1729924.0	28.832066666666666	1920	1080	60.0	8	3bac44d5b4761e6bd66a9cda7a1f07dc	e6dc3dfb4ea5081edb1cc62c5c8b0ad1	1920	1080	15668.0	24.0	13512.0	7552.0	False
ShowGirl2TeaserClip4000_1920x108	ShowGirl2TeaserClip4000_1920x108	svtav1	svtav1_20190906_b7b71ce	60	20	9627923.0	9627.923	42.94283333333333	46.65933333333333	49.36350000000002	42.755415	46.62191500000001	49.343733	95.296783	1736720.0	28.945333333333334	1920	1080	25.0	10	0b42d94515160f9770e55349f3958042	2f9a3bc2bbda3bc944e472467604b7b7	1920	1080	13292.0	4.0	14006.0	6334.0	True
ShowGirl2TeaserClip4000_1920x108	ShowGirl2TeaserClip4000_1920x108	svtav1	svtav1_20190906_b7b71ce	60	32	2800983.0	2800.983	41.75466666666668	46.041333333333334	48.446166666666656	41.713964	46.039121	48.441073	93.28763	1787505.0	29.79175	1920	1080	25.0	10	944686c19ee9f6c5253b5b993363d1e7	75974fd02ea4de423c4d1680269cab24	1920	1080	13946.0	13.0	19937.0	10459.0	True
ShowGirl2TeaserClip4000_1920x108	ShowGirl2TeaserClip4000_1920x108	svtav1	svtav1_20190906_b7b71ce	60	43	954496.0	954.496	40.63150000000001	45.3866666666667	47.46766666666665	40.617126	45.386603	47.465732	90.016938	768108.0	12.8018	1920	1080	25.0	10	9151580c55e5896f1f007c3db8053013	8c4f0553b45d3233e90c8e31a8cd96ba	1920	1080	13568.0	8.0	8298.0	7766.0	True
ShowGirl2TeaserClip4000_1920x108	ShowGirl2TeaserClip4000_1920x108	svtav1	svtav1_20190906_b7b71ce	60	55	425323.0	425.323	38.80933333333333	44.396000000000036	46.15150000000002	38.78487	44.395359	46.149489	82.882403	1710114.0	28.5019	1920	1080	25.0	10	080bfdfed4462101130319728c7a2c06	14786b51acd913cf472dc6783a0a9ff0	1920	1080	32295.0	14.0	16420.0	17498.0	True
ShowGirl2TeaserClip4000_1920x108	ShowGirl2TeaserClip4000_1920x108	svtav1	svtav1_20190906_b7b71ce	60	63	198156.0	198.156	36.1075	42.775666666666666	44.31200000000001	36.062112	42.772622	44.303707	68.446526	1306201.0	21.770016666666667	1920	1080	25.0	10	bad225580455a633715bbc42b6392607	b22ee616d71fe38fed475d041f1a0e3d	1920	1080	29845.0	15.0	10554.0	10435.0	True
Netflix_RollerCoaster_1280x720_6	Netflix_RollerCoaster_1280x720_6	svtav1	svtav1_20190906_b7b71ce	60	20	10168720.0	10168.72	45.22633333333333	47.22716666666667	47.26033333333332	45.18918	47.210811	47.24613	99.906727	1570587.0	26.17645	1280	720	60.0	8	7d908b1f15fea80893b0662184fe3901	96ee2cc564e2c1eaef7d48e1597bd743	1280	720	4594.0	13.0	5479.0	2318.0	False
Netflix_RollerCoaster_1280x720_6	Netflix_RollerCoaster_1280x720_6	svtav1	svtav1_20190906_b7b71ce	60	32	5069592.0	5069.592	43.049333333333344	45.66116666666665	46.014499999999984	42.99317	45.637971	46.002691	99.868381	3915120.0	65.252	1280	720	60.0	8	02ccb687f8d2496c007fd6880d963af0	3fc232f5f902ed227fa171879c01d5b5	1280	720	9584.0	24.0	10069.0	5405.0	False
Netflix_RollerCoaster_1280x720_6	Netflix_RollerCoaster_1280x720_6	svtav1	svtav1_20190906_b7b71ce	60	43	2535920.0	2535.92	40.507	43.62383333333333	44.307500000000005	40.441738	43.598618	44.297916	98.123484	2920576.0	48.67626666666666	1280	720	60.0	8	25e4b0608e8325f93e2cb2ae0b73575f	52717a177f7c03b3eef590bc53343a96	1280	720	6728.0	14.0	5529.0	2407.0	False
Netflix_RollerCoaster_1280x720_6	Netflix_RollerCoaster_1280x720_6	svtav1	svtav1_20190906_b7b71ce	60	55	1322624.0	1322.624	37.849333333333334	41.4045	42.58183333333332	37.781254	41.377507	42.571358	91.684379	4265512.0	71.09186666666666	1280	720	60.0	8	5f81aedced51f0f1c88d78bc8b7f63ff	b54d8e71501afe1a884e8921c5a31f3d	1280	720	7143.0	23.0	5352.0	3299.0	False
Netflix_RollerCoaster_1280x720_6	Netflix_RollerCoaster_1280x720_6	svtav1	svtav1_20190906_b7b71ce	60	63	612600.0	612.6	34.39199999999999	38.499833333333335	40.29283333333335	34.321001	38.473767	40.283809	76.174324	2814244.0	46.904066666666665	1280	720	60.0	8	95cdc8c04a827b991cf7fe5617edbb8d	96584b665257046b2cd63fe65be6c69d	1280	720	5998.0	58.0	5934.0	6860.0	False
STARCRAFT_60f_420	STARCRAFT_60f_420	svtav1	svtav1_20190906_b7b71ce	60	20	8055560.0	8055.56	50.70283333333334	53.71299999999999	53.70833333333333	50.68858	53.703929	53.703303	97.655552	5993731.0	99.89551666666667	1920	1080	60.0	8	a7d4ef11d301a7afe137311e40b5d257	37927111972d7f3fce53661981f663ca	1920	1080	18780.0	5.0	3612.0	9385.0	False
STARCRAFT_60f_420	STARCRAFT_60f_420	svtav1	svtav1_20190906_b7b71ce	60	32	5254912.0	5254.912	48.282333333333334	52.10166666666668	52.20600000000001	48.253631	52.08219900000001	52.196489	97.17012	2660306.0	44.338433333333334	1920	1080	60.0	8	2339c359af7e7f43ad1fde50a126cccf	a4bb677419fcf53b6eec9f5163d28892	1920	1080	8138.0	3.0	1728.0	5633.0	False
STARCRAFT_60f_420	STARCRAFT_60f_420	svtav1	svtav1_20190906_b7b71ce	60	43	2962592.0	2962.592	44.64200000000002	49.4905	49.66699999999999	44.61146	49.467405	49.656322	95.878649	2758055.0	45.96758333333333	1920	1080	60.0	8	6ffa7d3541c6657e8d4afe9e2c120fc8	a4c8407f0c8ae49e0f91a3512edda0b1	1920	1080	13801.0	10.0	2538.0	7161.0	False
STARCRAFT_60f_420	STARCRAFT_60f_420	svtav1	svtav1_20190906_b7b71ce	60	55	1532064.0	1532.064	40.577833333333324	46.39349999999998	46.567333333333316	40.554613	46.3782	46.558622	92.72946	6816955.0	113.61591666666666	1920	1080	60.0	8	8017e4e203ebc7933aea37f49ec5a58e	62f5ee0fa6919b2bc76eb5d47f298b2b	1920	1080	11080.0	28.0	3397.0	9624.0	False
STARCRAFT_60f_420	STARCRAFT_60f_420	svtav1	svtav1_20190906_b7b71ce	60	63	605312.0	605.312	35.24883333333334	42.26383333333334	42.50683333333333	35.243233	42.259189	42.503558	82.23063699999999	2312294.0	38.53823333333333	1920	1080	60.0	8	8960fb0504b3c3bf31732d9ff94ae5ba	1685413dad4718881446f548339b2334	1920	1080	11572.0	13.0	1589.0	5874.0	False
wikipedia_420	wikipedia_420	svtav1	svtav1_20190906_b7b71ce	60	20	1737784.0	1737.784	55.813166666666696	53.282166666666654	53.80966666666666	55.796579	53.124469	48.678305	99.839794	1118333.0	18.638883333333332	1920	1080	30.0	8	234eb013bac6215320ad5dc78fba21d0	72433b7e1a3ef227d3647051c66a00dc	1920	1080	6282.0	3.0	1277.0	5659.0	True
wikipedia_420	wikipedia_420	svtav1	svtav1_20190906_b7b71ce	60	32	936640.0	936.64	51.17999999999998	50.921833333333346	51.78516666666666	51.171147	50.692069	47.983671	99.82386	4430436.0	73.8406	1920	1080	30.0	8	f8d116058afa91ce927f30e8760a79c3	81b4e4b8673e810453354ac399cad92f	1920	1080	12836.0	7.0	1548.0	6997.0	True
wikipedia_420	wikipedia_420	svtav1	svtav1_20190906_b7b71ce	60	43	630440.0	630.44	48.710499999999996	48.94649999999999	50.07533333333333	48.692393	48.783351	47.221771	99.797634	2207656.0	36.794266666666665	1920	1080	30.0	8	6a579ba6dc59a6564553b4a7df63a6cd	216d08fbc6158fee784bbae9eeefa3d4	1920	1080	5892.0	4.0	1414.0	7637.0	True
wikipedia_420	wikipedia_420	svtav1	svtav1_20190906_b7b71ce	60	55	459348.0	459.348	45.24700000000001	46.56966666666666	47.71933333333333	45.225587	46.505271	45.90506	99.68610599999998	1245780.0	20.763	1920	1080	30.0	8	c628b9190c6b0cb06c8cdbd719c31b37	f356823db18f0f7df494a82d1a7c4f99	1920	1080	6602.0	6.0	1419.0	6099.0	True
wikipedia_420	wikipedia_420	svtav1	svtav1_20190906_b7b71ce	60	63	312872.0	312.872	38.591666666666654	43.24399999999998	44.220333333333336	38.537247	43.183484	43.370068999999994	98.927739	1064756.0	17.745933333333333	1920	1080	30.0	8	186a4c1535eaae2dc67bb76aa6ae31e6	a96799b5d916226a5f80082489584202	1920	1080	7520.0	6.0	1713.0	5693.0	True
red_kayak_360p_60f	red_kayak_360p_60f	svtav1	svtav1_20190906_b7b71ce	60	20	9340685.0	9340.685	41.26016666666665	44.819833333333335	49.35000000000001	41.142553	44.765221	49.333125	99.904978	3512544.0	58.5424	640	360	29.97	8	4f78ded0dabc9e78dbd681fedf81852d	3791c110ee40558322a2b61876e7d4f3	640	360	3552.0	18.0	3604.0	661.0	False
red_kayak_360p_60f	red_kayak_360p_60f	svtav1	svtav1_20190906_b7b71ce	60	32	5498298.0	5498.298	36.727	42.42900000000001	48.01566666666668	36.543895	42.366357	47.993426	99.782277	2631383.0	43.85638333333333	640	360	29.97	8	fc784175efeeb703e9d23f6e35f80017	3a8a7fc1fde40491376299b00418d57d	640	360	3344.0	3.0	2438.0	560.0	False
red_kayak_360p_60f	red_kayak_360p_60f	svtav1	svtav1_20190906_b7b71ce	60	43	2523780.0	2523.78	32.08483333333333	40.13749999999998	46.74800000000002	31.89319	40.076713	46.709738	86.792967	2306106.0	38.4351	640	360	29.97	8	cf070e686a4f4b4b57985a26bd594ae1	e419ecf7db40b401405591d0ab79aa8e	640	360	2892.0	14.0	4162.0	1838.0	False
red_kayak_360p_60f	red_kayak_360p_60f	svtav1	svtav1_20190906_b7b71ce	60	55	878715.0	878.715	28.38216666666667	38.11333333333333	45.26316666666665	28.2274	38.060319	45.190505	61.848025	3810696.0	63.5116	640	360	29.97	8	f05106e4f3509f7ea7e12abed416777e	5c5678dd6a9ebf657cfd569351592c14	640	360	5012.0	22.0	3182.0	740.0	False
red_kayak_360p_60f	red_kayak_360p_60f	svtav1	svtav1_20190906_b7b71ce	60	63	215813.0	215.813	25.757166666666663	36.52	43.99133333333334	25.641709	36.469212	43.797935	26.669686	1414752.0	23.5792	640	360	29.97	8	48afebf4cd70b9bda6677b8eb355dad4	a4b5438ffbbd7eb9883c32f58a4d7b19	640	360	5039.0	21.0	3599.0	1887.0	False
niklas360p_60f	niklas360p_60f	svtav1	svtav1_20190906_b7b71ce	60	20	1584216.0	1584.216	44.5855	48.13200000000001	47.82066666666665	44.486349	48.072156	47.761724	98.362854	1962628.0	32.71046666666667	640	360	30.0	8	8d96e3f3c8c20576fbfc5958f1e6cdba	82ddb9d924818b60d5ae66d56045b058	640	360	2595.0	19.0	2863.0	1014.0	False
niklas360p_60f	niklas360p_60f	svtav1	svtav1_20190906_b7b71ce	60	32	854488.0	854.488	42.18199999999999	46.690333333333335	46.125666666666675	42.091324	46.654657	46.08633	96.856378	348918.0	5.8153	640	360	30.0	8	64e33d611aba2a049108e127c1cf0f6e	1d1e44957db7d8a900f9fb06e2bacae7	640	360	1398.0	18.0	2524.0	651.0	False
niklas360p_60f	niklas360p_60f	svtav1	svtav1_20190906_b7b71ce	60	43	463064.0	463.064	39.36249999999999	45.00066666666667	44.14516666666666	39.27988	44.978853	44.121369	93.66754	863487.0	14.39145	640	360	30.0	8	1393bea4525071f8f83d4ba40ffb3829	eb0df4742a6eef568e8071eeab18f070	640	360	1328.0	2.0	1019.0	612.0	False
niklas360p_60f	niklas360p_60f	svtav1	svtav1_20190906_b7b71ce	60	55	247316.0	247.316	36.24683333333334	43.091	42.01933333333332	36.173579	43.074146	41.994350000000004	87.237901	1354908.0	22.5818	640	360	30.0	8	679bfa7e275c5c5768f8efaa0f5aa9f6	ac9086e97dee0b518fff8b7898074510	640	360	2092.0	16.0	1678.0	616.0	False
niklas360p_60f	niklas360p_60f	svtav1	svtav1_20190906_b7b71ce	60	63	120004.0	120.004	32.65116666666667	40.70116666666667	39.37566666666667	32.593625	40.683894	39.350037	75.045315	525964.0	8.766066666666667	640	360	30.0	8	2a14cc148148d32a92b6a5b0312f15c5	371ade4384187bbfd1296d09e25fdb3b	640	360	3356.0	9.0	1408.0	1059.0	False
kirland360p_60f	kirland360p_60f	svtav1	svtav1_20190906_b7b71ce	60	20	345260.0	345.26	47.553000000000004	48.578833333333336	49.839833333333324	47.473224	48.550742	49.812559	96.074102	2884308.0	48.0718	640	360	30.0	8	c79221300671a982028436c6da161d2e	5e118f16135b68cc79574018e331572d	640	360	4276.0	14.0	1178.0	1033.0	False
kirland360p_60f	kirland360p_60f	svtav1	svtav1_20190906_b7b71ce	60	32	156184.0	156.184	46.20099999999999	48.05116666666666	49.00749999999998	46.076597	48.029901	48.988093	94.914327	940043.0	15.667383333333333	640	360	30.0	8	ac5266a442b219029a914c4c1620d2f3	f758161a8fb986178a13362ba4df16df	640	360	2113.0	6.0	440.0	538.0	False
kirland360p_60f	kirland360p_60f	svtav1	svtav1_20190906_b7b71ce	60	43	85812.0	85.812	44.47266666666665	47.46966666666669	47.94633333333336	44.28703699999999	47.437646	47.883506	92.553101	413161.0	6.8860166666666665	640	360	30.0	8	dd0abdae2a1ed75c82d6109f83acae5d	078fbb84820bbd88f3c5c1e83deda981	640	360	1602.0	12.0	750.0	960.0	False
kirland360p_60f	kirland360p_60f	svtav1	svtav1_20190906_b7b71ce	60	55	50412.0	50.412	42.18683333333334	46.50383333333332	46.54216666666668	41.93338099999999	46.450185	46.384149	88.061114	856710.0	14.2785	640	360	30.0	8	4965ab5af6f9dc42da8206752cdec850	950003315a479ea131b4da467933076e	640	360	2887.0	3.0	342.0	657.0	False
kirland360p_60f	kirland360p_60f	svtav1	svtav1_20190906_b7b71ce	60	63	29312.0	29.312	39.10600000000001	45.15283333333333	44.82350000000003	38.800308	45.028282	44.553827	78.256059	416061.0	6.93435	640	360	30.0	8	4e6a550df79b169f1084a41ca9693fd2	150dd438cc1fdfc661ee7b6cd9c49f6b	640	360	2556.0	17.0	792.0	1127.0	False
vidyo4_720p_60fps_60f	vidyo4_720p_60fps_60f	svtav1	svtav1_20190906_b7b71ce	60	20	6854536.0	6854.536000000001	44.543000000000006	50.15016666666666	50.446500000000015	44.474413	50.140475	50.437898	97.809181	4688168.0	78.13613333333333	1280	720	60.0	8	b34234a072a95647f7c16d746770359e	a5a296324b283eeb7a8c536f2b3f6ffa	1280	720	5555.0	13.0	3516.0	2354.0	False
vidyo4_720p_60fps_60f	vidyo4_720p_60fps_60f	svtav1	svtav1_20190906_b7b71ce	60	32	2277512.0	2277.512	42.975166666666674	49.58116666666667	49.88199999999999	42.908565	49.573222	49.87612	96.583831	1738606.0	28.976766666666666	1280	720	60.0	8	d17d06fe4f92dbc9c8cfec6237cca5e4	de612c895bc0d54268568d5c2fd3c913	1280	720	3562.0	8.0	2615.0	2450.0	False
vidyo4_720p_60fps_60f	vidyo4_720p_60fps_60f	svtav1	svtav1_20190906_b7b71ce	60	43	1046024.0	1046.024	41.63349999999999	48.761999999999986	49.06766666666667	41.568942	48.751772	49.0581	94.637596	3699646.0	61.66076666666667	1280	720	60.0	8	01d2eabd8a3375de6f7dfa2c0af060be	d36b91dddf6e136afe7052a0f1961671	1280	720	5956.0	14.0	2225.0	2411.0	False
vidyo4_720p_60fps_60f	vidyo4_720p_60fps_60f	svtav1	svtav1_20190906_b7b71ce	60	55	527664.0	527.664	39.7405	47.48466666666665	47.75166666666667	39.665404	47.472141	47.739435	90.584817	1567127.0	26.118783333333333	1280	720	60.0	8	d45935cd928df3c8d7936ba5fc759efe	9370eead62653c99259e668f2c25b60d	1280	720	4112.0	4.0	1934.0	2442.0	False
vidyo4_720p_60fps_60f	vidyo4_720p_60fps_60f	svtav1	svtav1_20190906_b7b71ce	60	63	240824.0	240.824	36.724000000000004	44.96533333333332	44.76716666666667	36.667217	44.958043	44.762069	80.396379	1958624.0	32.64373333333333	1280	720	60.0	8	5ec7c9b0946b19d1a2130880e38fffe0	1953a60e71f2d90a0a7808aa97919a85	1280	720	5262.0	11.0	3361.0	4942.0	False
Market3_1920x1080p_50_10b_pq_709	Market3_1920x1080p_50_10b_pq_709	svtav1	svtav1_20190906_b7b71ce	60	20	18385160.0	18385.16	45.45116666666667	51.867833333333344	52.772	45.305131	51.770584	52.67495900000001	99.79015	1674938.0	27.915633333333332	1920	1080	50.0	10	f48c5ace489afc6eb8db280764c00b9f	e2d77ef2026c4b8b27685630c2011b46	1920	1080	12560.0	3.0	11326.0	8465.0	True
Market3_1920x1080p_50_10b_pq_709	Market3_1920x1080p_50_10b_pq_709	svtav1	svtav1_20190906_b7b71ce	60	32	9192733.0	9192.733	43.029999999999994	49.872499999999995	50.93949999999999	42.936738	49.831961	50.889075	98.868133	7810943.0	130.18238333333332	1920	1080	50.0	10	96c410afe631f9bb54cb304a4a16a16c	55a32c4a2b16933f670ca846333a1de8	1920	1080	17562.0	15.0	18817.0	10627.0	True
Market3_1920x1080p_50_10b_pq_709	Market3_1920x1080p_50_10b_pq_709	svtav1	svtav1_20190906_b7b71ce	60	43	4438526.0	4438.526	39.90883333333332	47.44016666666668	48.749	39.858825	47.4296	48.729451	95.646234	6468064.0	107.80106666666667	1920	1080	50.0	10	f47ee6cbdb317c4fe70a31949147b8c7	137091f901bf1e043531c84a18605283	1920	1080	34649.0	23.0	19619.0	17736.0	True
Market3_1920x1080p_50_10b_pq_709	Market3_1920x1080p_50_10b_pq_709	svtav1	svtav1_20190906_b7b71ce	60	55	2219033.0	2219.033	36.84133333333333	45.454000000000015	46.89000000000002	36.790844	45.439661	46.866599	89.542478	2515881.0	41.93135	1920	1080	50.0	10	138bbfc3e39fdc53edb7d8387a4f4371	c73fb90963fdd022c17d204561e80a9b	1920	1080	20304.0	14.0	16049.0	10087.0	True
Market3_1920x1080p_50_10b_pq_709	Market3_1920x1080p_50_10b_pq_709	svtav1	svtav1_20190906_b7b71ce	60	63	931080.0	931.08	33.40433333333332	43.09133333333334	44.75316666666665	33.355414	43.059586	44.718741	75.851886	1381076.0	23.017933333333332	1920	1080	50.0	10	7ea6c6627638b12f2a0b88efe45fe0cf	ba6cf2c60c959c30d7f2e577e527783f	1920	1080	17413.0	10.0	10526.0	6590.0	True
ducks_take_off_1080p50_60f	ducks_take_off_1080p50_60f	svtav1	svtav1_20190906_b7b71ce	60	20	120475080.0	120475.08	39.0991666666667	39.514333333333326	41.580666666666666	39.015381	39.440648	41.531933	98.8205	11254490.0	187.57483333333334	1920	1080	50.0	8	3f0468b39d29f93263b253d6b76ce05f	bcb3903459d651be0d20def623fedeb6	1920	1080	26936.0	9.0	24014.0	5754.0	False
ducks_take_off_1080p50_60f	ducks_take_off_1080p50_60f	svtav1	svtav1_20190906_b7b71ce	60	32	35606926.0	35606.926	35.33450000000001	37.092666666666666	40.01350000000001	35.272103	37.05434	39.99626	93.945397	9865131.0	164.41885	1920	1080	50.0	8	d47d82aeeac2808d32c05d87f43b4830	1c03350c5eb12eaf9a402a8e1c70b273	1920	1080	29070.0	14.0	19841.0	5815.0	False
ducks_take_off_1080p50_60f	ducks_take_off_1080p50_60f	svtav1	svtav1_20190906_b7b71ce	60	43	11627580.0	11627.58	33.1825	35.30200000000001	38.63016666666667	33.152366	35.264207000000006	38.618256	85.066504	11242551.0	187.37585	1920	1080	50.0	8	23c7c977838785d51893a2ee4c193dad	b323d50fbc3433cfd8defcb1925a2b27	1920	1080	49080.0	13.0	15808.0	6167.0	False
ducks_take_off_1080p50_60f	ducks_take_off_1080p50_60f	svtav1	svtav1_20190906_b7b71ce	60	55	4541346.0	4541.346	30.897833333333345	33.612500000000004	37.454166666666666	30.849245	33.566053	37.447344	69.742272	9072320.0	151.20533333333333	1920	1080	50.0	8	1d4f418fbe42b1150a4697457827cf73	df1a394467d12bbe330f35b4c58f1218	1920	1080	23345.0	8.0	18542.0	5985.0	False
ducks_take_off_1080p50_60f	ducks_take_off_1080p50_60f	svtav1	svtav1_20190906_b7b71ce	60	63	1714773.0	1714.773	28.22733333333334	31.826499999999992	36.320166666666665	28.142077000000004	31.781589	36.315513	47.882022	3974269.0	66.23781666666666	1920	1080	50.0	8	68e06f40a97f87a7628607800cdbd1e8	3b3aae21cfbdbf7e01033b438974e887	1920	1080	24076.0	23.0	16766.0	10027.0	False
rush_hour_1080p25_60f	rush_hour_1080p25_60f	svtav1	svtav1_20190906_b7b71ce	60	20	8282436.0	8282.436	43.23433333333334	47.19883333333334	49.25933333333332	43.208224	47.180241	49.242144	97.250824	4697072.0	78.28453333333333	1920	1080	25.0	8	92c184de230d1e26ef66f5e38a20ef35	573fdff529e6792f392532d80ccb22b8	1920	1080	8462.0	4.0	14645.0	5913.0	False
rush_hour_1080p25_60f	rush_hour_1080p25_60f	svtav1	svtav1_20190906_b7b71ce	60	32	3336243.0	3336.243	42.33916666666668	46.42499999999999	48.26766666666666	42.32979	46.418936	48.259176	93.945482	7307796.0	121.7966	1920	1080	25.0	8	bbfd686195d8513a9263b69932f7019e	d3c323716d8603e233a451d33aa17e83	1920	1080	10728.0	14.0	12133.0	5812.0	False
rush_hour_1080p25_60f	rush_hour_1080p25_60f	svtav1	svtav1_20190906_b7b71ce	60	43	1573993.0	1573.993	41.1055	45.48749999999999	47.0355	41.079938	45.482471	47.024194	87.533227	4841315.0	80.68858333333333	1920	1080	25.0	8	1b2950cba3a552db02840bb989541f9d	39543a39014571b896176b116a2f783b	1920	1080	8415.0	6.0	10479.0	6467.0	False
rush_hour_1080p25_60f	rush_hour_1080p25_60f	svtav1	svtav1_20190906_b7b71ce	60	55	747280.0	747.28	39.296499999999995	44.334833333333336	45.53083333333334	39.236149	44.326651	45.511458	77.10113	2422567.0	40.37611666666667	1920	1080	25.0	8	9112a042ec738f931145c83e546e986a	cb66fd71c33ad41569ab9dc7c0cef205	1920	1080	15513.0	7.0	8332.0	6000.0	False
rush_hour_1080p25_60f	rush_hour_1080p25_60f	svtav1	svtav1_20190906_b7b71ce	60	63	319616.0	319.616	36.72666666666667	42.51733333333334	43.29433333333332	36.60893	42.510707	43.269894	61.98526	4546517.0	75.77528333333333	1920	1080	25.0	8	ccf203493958db03f35b892cd5fa1693	11fbb355bc50160371a05f79f66cba52	1920	1080	22569.0	5.0	13007.0	11030.0	False
touchdown_pass_1080p_60f	touchdown_pass_1080p_60f	svtav1	svtav1_20190906_b7b71ce	60	20	24882680.0	24882.68	41.149666666666675	48.35999999999999	48.49699999999999	41.0073	48.335701	48.473708	96.5465	4365443.0	72.75738333333334	1920	1080	29.97	8	6a98f811f3b2299ad45457d6c7c0b0e7	49cceb84ee1bd08761c0a3b7691a0258	1920	1080	9591.0	3.0	20652.0	6513.0	False
touchdown_pass_1080p_60f	touchdown_pass_1080p_60f	svtav1	svtav1_20190906_b7b71ce	60	32	6331998.0	6331.9980000000005	38.92150000000001	47.557833333333335	47.68033333333334	38.872848	47.549075	47.671522	94.16196	11008040.0	183.46733333333333	1920	1080	29.97	8	89a63bf31c7dd9a3a7b5892bbcc552f0	036e00b4f50c3d8d071f325402e8b91b	1920	1080	19748.0	5.0	12298.0	6161.0	False
touchdown_pass_1080p_60f	touchdown_pass_1080p_60f	svtav1	svtav1_20190906_b7b71ce	60	43	2379543.0	2379.543	37.56483333333334	46.67533333333333	46.73166666666664	37.536055	46.670061	46.724517	91.237489	3441644.0	57.360733333333336	1920	1080	29.97	8	742ef929572a0d4a5edf049c36bc2a85	2f1b48c6f9d46dae3d52b15f3430f220	1920	1080	9523.0	4.0	8750.0	5852.0	False
touchdown_pass_1080p_60f	touchdown_pass_1080p_60f	svtav1	svtav1_20190906_b7b71ce	60	55	1175222.0	1175.222	35.914333333333325	45.57966666666666	45.54033333333335	35.876784	45.574213	45.531259	85.45407	7146464.0	119.10773333333333	1920	1080	29.97	8	7f08a019a3a5007599eaf1472806e043	f8c04b73d73ece790e5555e3153de1c5	1920	1080	25922.0	8.0	8178.0	7194.0	False
touchdown_pass_1080p_60f	touchdown_pass_1080p_60f	svtav1	svtav1_20190906_b7b71ce	60	63	460724.0	460.724	32.98683333333334	43.812833333333316	43.82183333333335	32.94259	43.807178	43.812092	68.511366	6512988.0	108.5498	1920	1080	29.97	8	f7e1e35f6a69ecf473fc02d7e21fbb0e	1fc906c8857d8e709a0c18364e88eb93	1920	1080	13076.0	9.0	6548.0	7615.0	False
vidyo1_720p_60fps_60f	vidyo1_720p_60fps_60f	svtav1	svtav1_20190906_b7b71ce	60	20	4843096.0	4843.096	45.78383333333333	48.27650000000001	49.620833333333344	45.754456	48.262417	49.614153	96.643996	5502233.0	91.70388333333334	1280	720	60.0	8	f525efba6fdbaf2c98091e629479571f	6d9eef03e4bb89e4c04d303c139fdb95	1280	720	5432.0	9.0	2955.0	2578.0	False
vidyo1_720p_60fps_60f	vidyo1_720p_60fps_60f	svtav1	svtav1_20190906_b7b71ce	60	32	1843512.0	1843.512	44.241499999999995	47.76716666666667	49.033000000000015	44.223629	47.760297	49.028282	95.422665	833316.0	13.8886	1280	720	60.0	8	428f26c78148e309c06742a0c65d5bcf	c2d5e826f218261a9b53c6d79b40a3f0	1280	720	4060.0	14.0	1926.0	2511.0	False
vidyo1_720p_60fps_60f	vidyo1_720p_60fps_60f	svtav1	svtav1_20190906_b7b71ce	60	43	836360.0	836.36	42.79816666666668	47.16400000000001	48.22083333333334	42.787558	47.160252	48.218159	93.518955	2483916.0	41.3986	1280	720	60.0	8	3d46696a8e7c335375be31be75b0e736	ba93081baacf6dd7e8e79a10bb78b15e	1280	720	10766.0	13.0	4156.0	3992.0	False
vidyo1_720p_60fps_60f	vidyo1_720p_60fps_60f	svtav1	svtav1_20190906_b7b71ce	60	55	435296.0	435.296	40.89750000000001	46.08600000000001	46.773166666666654	40.882597	46.083976	46.771483	89.847546	820636.0	13.677266666666666	1280	720	60.0	8	521723c1d13b400df04040d9f722a485	9cbed24bdbf7fe97d69c4aeeac816192	1280	720	6883.0	21.0	2824.0	4252.0	False
vidyo1_720p_60fps_60f	vidyo1_720p_60fps_60f	svtav1	svtav1_20190906_b7b71ce	60	63	206312.0	206.312	37.568	43.816	44.075999999999986	37.558256	43.815009	44.075898	79.730783	419615.0	6.9935833333333335	1280	720	60.0	8	066c21d0e85b1a0b6771433d12566dd9	b0e93d74d5f363c17bf39962eef880e2	1280	720	4785.0	6.0	2744.0	2729.0	False
Netflix_Crosswalk_1920x1080_60fp	Netflix_Crosswalk_1920x1080_60fp	svtav1	svtav1_20190906_b7b71ce	60	20	10726408.0	10726.408	45.82216666666666	48.57283333333332	50.426	45.804159	48.559602	50.404124	99.394549	10776554.0	179.60923333333332	1920	1080	60.0	8	5ee3e9319c7f3b1ea3c524e58566625b	1d2b4a965540d67c79a86201114ecf6e	1920	1080	7556.0	11.0	25712.0	9173.0	False
Netflix_Crosswalk_1920x1080_60fp	Netflix_Crosswalk_1920x1080_60fp	svtav1	svtav1_20190906_b7b71ce	60	32	5291792.0	5291.792	44.743	47.962500000000006	49.790000000000006	44.708297	47.952538	49.774623	96.834456	3747159.0	62.45265	1920	1080	60.0	8	d1239e5583352613eef2badef7e4e60f	5060dbcc3bb9c78ce1517ac1f9ab6433	1920	1080	6683.0	10.0	13594.0	7328.0	False
Netflix_Crosswalk_1920x1080_60fp	Netflix_Crosswalk_1920x1080_60fp	svtav1	svtav1_20190906_b7b71ce	60	43	2656488.0	2656.488	43.14549999999998	47.04483333333334	48.817000000000014	43.069987	47.033678	48.804554	91.658155	4070223.0	67.83705	1920	1080	60.0	8	1bba9eddeb2b87a75f7db8315a85932d	912c493205a6149fefb0b9b7da8f1ed7	1920	1080	11061.0	6.0	20504.0	10130.0	False
Netflix_Crosswalk_1920x1080_60fp	Netflix_Crosswalk_1920x1080_60fp	svtav1	svtav1_20190906_b7b71ce	60	55	1363848.0	1363.8480000000002	41.00566666666668	45.83016666666666	47.52416666666668	40.865029	45.810972	47.502024	82.364576	3172628.0	52.87713333333333	1920	1080	60.0	8	fe39f3d427939f55f4d3a7f98d06370b	3544706fb23e4ef31e8c1ff68849e4f6	1920	1080	6284.0	9.0	11851.0	6762.0	False
Netflix_Crosswalk_1920x1080_60fp	Netflix_Crosswalk_1920x1080_60fp	svtav1	svtav1_20190906_b7b71ce	60	63	638760.0	638.76	38.12316666666668	44.03433333333334	45.64066666666667	37.959669	44.015011	45.618521	66.157762	1147605.0	19.12675	1920	1080	60.0	8	202a0cacf4911e6457614a43b567bae3	bc0081f5c1563d251e9c24d1f27bf18b	1920	1080	6660.0	4.0	8193.0	8488.0	False
Netflix_TunnelFlag_1920x1080_60f	Netflix_TunnelFlag_1920x1080_60f	svtav1	svtav1_20190906_b7b71ce	60	20	33949504.0	33949.504	43.152833333333334	47.515166666666666	48.96100000000001	43.107844	47.49382	48.948703	99.920449	8120336.0	135.33893333333333	1920	1080	60.0	8	fd321bcb275082332c43a5525897f4d5	b17b29e3b0c1110f7e2f2f4bb8502a22	1920	1080	16212.0	14.0	14930.0	5846.0	False
Netflix_TunnelFlag_1920x1080_60f	Netflix_TunnelFlag_1920x1080_60f	svtav1	svtav1_20190906_b7b71ce	60	32	17280920.0	17280.92	41.041000000000004	46.31016666666668	47.98583333333332	40.984068	46.29521	47.975686	99.914414	7705528.0	128.42546666666667	1920	1080	60.0	8	22f6a12af7c77178ec9d2562b182a421	d956984d9bac9e65b44d36e3aafbcaa9	1920	1080	15736.0	10.0	13441.0	5941.0	False
Netflix_TunnelFlag_1920x1080_60f	Netflix_TunnelFlag_1920x1080_60f	svtav1	svtav1_20190906_b7b71ce	60	43	8882736.0	8882.736	38.68449999999999	44.65083333333335	46.558333333333316	38.607037	44.638276	46.546525	99.899486	6109271.0	101.82118333333334	1920	1080	60.0	8	eea050a22156d853b7c0b3e5a87e5b89	d4b2809da428cd9a21f181c40666231c	1920	1080	13556.0	7.0	16018.0	7039.0	False
Netflix_TunnelFlag_1920x1080_60f	Netflix_TunnelFlag_1920x1080_60f	svtav1	svtav1_20190906_b7b71ce	60	55	4592688.0	4592.688	36.15616666666667	42.54583333333332	44.822500000000005	36.05997	42.535511	44.813383	99.86252799999998	5031500.0	83.85833333333333	1920	1080	60.0	8	f8383f07e18369df15be2683d4c50c5d	8d9e7dcd25269c02d6912454481e1ae8	1920	1080	21663.0	9.0	11026.0	6881.0	False
Netflix_TunnelFlag_1920x1080_60f	Netflix_TunnelFlag_1920x1080_60f	svtav1	svtav1_20190906_b7b71ce	60	63	2281264.0	2281.264	33.17416666666667	39.71283333333333	41.73800000000001	33.098488	39.707778	41.733004	98.644291	9651118.0	160.85196666666667	1920	1080	60.0	8	ca94655ad2eb6283c4ee31401781b540	49c861ecd43b756eab89729360e668e6	1920	1080	12913.0	11.0	17804.0	10571.0	False
Netflix_FoodMarket_1920x1080_60f	Netflix_FoodMarket_1920x1080_60f	svtav1	svtav1_20190906_b7b71ce	60	20	33229224.0	33229.224	41.40566666666668	45.19466666666667	45.891833333333324	41.34639	45.170511	45.87641	99.346744	6930421.0	115.50701666666667	1920	1080	60.0	8	5c1f3b3330f42798e2d22a760e56051e	b20639ad640428d72d5a5c19139dffec	1920	1080	18266.0	11.0	17890.0	6312.0	False
Netflix_FoodMarket_1920x1080_60f	Netflix_FoodMarket_1920x1080_60f	svtav1	svtav1_20190906_b7b71ce	60	32	9887112.0	9887.112	40.027	44.426166666666674	45.29383333333333	40.00389499999999	44.417657	45.290159	96.480918	7265176.0	121.08626666666666	1920	1080	60.0	8	2affe23725f002327d6eba80d441596c	b7e91e54a0791b1650eb6446f90ce342	1920	1080	17057.0	5.0	11432.0	5995.0	False
Netflix_FoodMarket_1920x1080_60f	Netflix_FoodMarket_1920x1080_60f	svtav1	svtav1_20190906_b7b71ce	60	43	4531240.0	4531.24	38.84783333333334	43.61433333333334	44.61983333333333	38.823333	43.605838	44.61646	92.583364	3845097.0	64.08495	1920	1080	60.0	8	d9db0e052db7ab83bff2663dd3255412	d01b7cd0546aad4b87a10a402fffe038	1920	1080	11820.0	10.0	8914.0	5998.0	False
Netflix_FoodMarket_1920x1080_60f	Netflix_FoodMarket_1920x1080_60f	svtav1	svtav1_20190906_b7b71ce	60	55	2237000.0	2237.0	37.16166666666666	42.59683333333332	43.69316666666667	37.118401999999996	42.584388	43.686899	84.422807	5569021.0	92.81701666666666	1920	1080	60.0	8	e9f0c02ef3ae9c84cf846bf84bf1fe78	f33ebc7449bf628376aa171644ca7b0c	1920	1080	24695.0	24.0	17719.0	15974.0	False
Netflix_FoodMarket_1920x1080_60f	Netflix_FoodMarket_1920x1080_60f	svtav1	svtav1_20190906_b7b71ce	60	63	953504.0	953.504	34.63400000000001	41.0205	42.039	34.590707	41.009857	42.02109	68.272214	1121406.0	18.6901	1920	1080	60.0	8	edd27a2878ce86c5a9f20e63ec2ba3d0	6db8dd096a7a86927e5295b2c1941a4a	1920	1080	8468.0	13.0	8084.0	8980.0	False
Netflix_Boat_1920x1080_60fps_8bi	Netflix_Boat_1920x1080_60fps_8bi	svtav1	svtav1_20190906_b7b71ce	60	20	33300800.0	33300.8	44.07616666666668	46.5785	48.36650000000001	44.020752	46.544592	48.345632	99.92439	8045249.0	134.08748333333332	1920	1080	60.0	8	f0aadeb73639fc414ee56b5929d7c4dd	c8bfb928982a8f134ec5f8aabcc49c9c	1920	1080	17676.0	14.0	11629.0	5935.0	False
Netflix_Boat_1920x1080_60fps_8bi	Netflix_Boat_1920x1080_60fps_8bi	svtav1	svtav1_20190906_b7b71ce	60	32	18142520.0	18142.52	41.626666666666665	45.007166666666656	46.45283333333332	41.55356199999999	44.982189	46.440409	99.752767	6307264.0	105.12106666666666	1920	1080	60.0	8	2377cdb707503411c6b124a30ebeb0e8	183baa1fcdf735e92608cf901556259b	1920	1080	9696.0	16.0	18843.0	13324.0	False
Netflix_Boat_1920x1080_60fps_8bi	Netflix_Boat_1920x1080_60fps_8bi	svtav1	svtav1_20190906_b7b71ce	60	43	10068712.0	10068.712	38.761333333333326	43.30916666666665	44.32333333333333	38.659375	43.286186	44.313735	96.835336	5266864.0	87.78106666666666	1920	1080	60.0	8	bab094690acb5f7ab728949eb2e0c550	39122d27d489fae5ff288c13698d194f	1920	1080	15692.0	10.0	8683.0	6466.0	False
Netflix_Boat_1920x1080_60fps_8bi	Netflix_Boat_1920x1080_60fps_8bi	svtav1	svtav1_20190906_b7b71ce	60	55	5271888.0	5271.888	35.342166666666664	41.48216666666667	42.199666666666666	35.217314	41.463701	42.196294	90.05412499999998	4290416.0	71.50693333333334	1920	1080	60.0	8	e8342f700ef859be3ee103898420cebe	686b2b716dd71e17ac56799f862821ea	1920	1080	13122.0	6.0	7570.0	6831.0	False
Netflix_Boat_1920x1080_60fps_8bi	Netflix_Boat_1920x1080_60fps_8bi	svtav1	svtav1_20190906_b7b71ce	60	63	2363448.0	2363.448	31.310333333333347	38.96700000000002	39.49383333333332	31.246697	38.962805	39.492663	76.200132	4825318.0	80.42196666666666	1920	1080	60.0	8	0f7d9ca69948065ece9107810a7b3a16	a80fc7399ba82391096fd4a74757df95	1920	1080	21961.0	16.0	6853.0	6322.0	False
life_1080p30_60f	life_1080p30_60f	svtav1	svtav1_20190906_b7b71ce	60	20	14338440.0	14338.44	44.991	50.76066666666667	50.09183333333333	44.948510000000006	50.74124199999999	50.074492	99.581088	8276779.0	137.94631666666666	1920	1080	30.0	8	253693edad02839365f17ab4964e9ff1	33088526af554fe7439fec5283051fbb	1920	1080	13082.0	18.0	9654.0	6980.0	False
life_1080p30_60f	life_1080p30_60f	svtav1	svtav1_20190906_b7b71ce	60	32	7045688.0	7045.688	42.23799999999999	48.36299999999999	48.05483333333333	42.18617299999999	48.338895	48.036554	98.086314	2467603.0	41.12671666666667	1920	1080	30.0	8	b3c05d60ec15174e36f8a7cb70b2f13f	b7569518f6e1ca84bea51303a99b9e4f	1920	1080	10711.0	13.0	14010.0	7262.0	False
life_1080p30_60f	life_1080p30_60f	svtav1	svtav1_20190906_b7b71ce	60	43	3458196.0	3458.1960000000004	39.46833333333334	45.97483333333333	45.84133333333334	39.418527	45.944602	45.820134	95.119083	10076077.0	167.93461666666667	1920	1080	30.0	8	8398780a0846eb45ad78ab8fba956c7a	67f7b5dca5a8fc10f76aaba3e4b5db47	1920	1080	16684.0	24.0	11744.0	10139.0	False
life_1080p30_60f	life_1080p30_60f	svtav1	svtav1_20190906_b7b71ce	60	55	1636660.0	1636.66	36.35833333333334	43.5115	43.453666666666685	36.316987	43.479932	43.431843	89.525725	3153145.0	52.552416666666666	1920	1080	30.0	8	5c3fabe5cc357fd796ab008670cdfa42	45206b75708aa99c1ec72d8f5aeb277d	1920	1080	10031.0	5.0	6835.0	5946.0	False
life_1080p30_60f	life_1080p30_60f	svtav1	svtav1_20190906_b7b71ce	60	63	631640.0	631.64	32.875833333333325	40.53983333333334	40.30866666666669	32.849915	40.518876	40.297785	77.260928	2801663.0	46.694383333333334	1920	1080	30.0	8	76fcfa66dd96820819edbede4851f6e3	f80f6a77e9b042a3ad90828762d9e594	1920	1080	16260.0	15.0	6303.0	6889.0	False
Cosmos1_1920x856_BT2100_PQ_24fps	Cosmos1_1920x856_BT2100_PQ_24fps	svtav1	svtav1_20190906_b7b71ce	60	20	27953241.0	27953.241	42.59216666666668	45.21616666666667	47.63516666666667	42.368479	45.07024	47.540637	99.330975	5005612.0	83.42686666666667	1920	856	24.0	10	0d8453f64c164357113dc7127bb0080d	722cb764576ea2beaf9fa84a74375154	1920	856	43199.0	20.0	38532.0	6904.0	True
Cosmos1_1920x856_BT2100_PQ_24fps	Cosmos1_1920x856_BT2100_PQ_24fps	svtav1	svtav1_20190906_b7b71ce	60	32	12124579.0	12124.579	38.66066666666666	43.142333333333326	46.00833333333334	38.422264	43.061644	45.961782	95.23078	1232846.0	20.547433333333334	1920	856	24.0	10	42ef8ba945cf82d940c932e17e8fd18b	e69394b390914c1cdff52c6dbeb260d2	1920	856	13838.0	10.0	28536.0	4945.0	True
Cosmos1_1920x856_BT2100_PQ_24fps	Cosmos1_1920x856_BT2100_PQ_24fps	svtav1	svtav1_20190906_b7b71ce	60	43	4595696.0	4595.696	35.4845	41.404833333333336	44.40000000000001	35.316416	41.349929	44.353307	84.32835099999998	3116227.0	51.93711666666667	1920	856	24.0	10	4acc60e370bf357fa5ffdb7abe5a5edc	f01f8fc828bac0e1ea481e7da5cd01ea	1920	856	23349.0	18.0	11915.0	6990.0	True
Cosmos1_1920x856_BT2100_PQ_24fps	Cosmos1_1920x856_BT2100_PQ_24fps	svtav1	svtav1_20190906_b7b71ce	60	55	1807100.0	1807.1	32.72416666666666	39.853166666666674	42.63166666666667	32.586877	39.795518	42.595	65.404927	1420290.0	23.6715	1920	856	24.0	10	ae5fdcdd600b9e86bc45f24e5e7171ec	bc79156471544dafea90d097a76befad	1920	856	15103.0	14.0	18321.0	5298.0	True
Cosmos1_1920x856_BT2100_PQ_24fps	Cosmos1_1920x856_BT2100_PQ_24fps	svtav1	svtav1_20190906_b7b71ce	60	63	618764.0	618.764	29.982833333333335	38.053833333333344	41.0695	29.865703	37.984943	41.03179	40.29739	1168772.0	19.479533333333332	1920	856	24.0	10	9497a274435830fb8b38b5986cb0373b	a86f8141c4b6deba8d29a01e655defb2	1920	856	15572.0	14.0	12604.0	7568.0	True
