speed_bag_640x360_60f	speed_bag_640x360_60f	svtav1	svtav1_20190826_57fe601	60	20	576276.0	576.276	47.23383333333334	50.03499999999998	51.38233333333333	47.146377	49.982413	51.324375	98.324957	1403651.0	23.394183333333334	640	360	29.97	8	d9ea04debedb07b759e1b93217448a04	9b1fa11c8567f6b15465709ec716645f	640	360	1222.0	7.0	230.0	727.0
speed_bag_640x360_60f	speed_bag_640x360_60f	svtav1	svtav1_20190826_57fe601	60	32	296845.0	296.845	45.28100000000001	48.52783333333335	50.10716666666666	45.16925	48.460913	50.030718	97.432159	536521.0	8.942016666666667	640	360	29.97	8	ec314aaf1e2cd515609ce4e20f28e04c	a90be70245fa01a6f56f81d50a7fc6ce	640	360	1066.0	2.0	170.0	556.0
speed_bag_640x360_60f	speed_bag_640x360_60f	svtav1	svtav1_20190826_57fe601	60	43	160775.0	160.775	42.95766666666665	46.586499999999994	48.43683333333333	42.79694200000001	46.512308	48.323939	94.93521	542374.0	9.039566666666667	640	360	29.97	8	3df358e7204f05286ceb4da95ee6d02a	4fade5936c10b83d4e6b25a36123cd3a	640	360	1054.0	2.0	198.0	558.0
speed_bag_640x360_60f	speed_bag_640x360_60f	svtav1	svtav1_20190826_57fe601	60	55	88696.0	88.696	40.110666666666674	44.1185	46.535	39.883576	44.029517000000006	46.355506	87.693676	886604.0	14.776733333333333	640	360	29.97	8	3ea2395d5002b9a3f530ce067d22a6bb	fde7e9afd9849ae6fab64794344d6545	640	360	1193.0	10.0	220.0	623.0
speed_bag_640x360_60f	speed_bag_640x360_60f	svtav1	svtav1_20190826_57fe601	60	63	48118.0	48.118	36.7615	41.54483333333333	44.285500000000006	36.484941	41.450523	44.068935	73.318591	615771.0	10.26285	640	360	29.97	8	d71a43981735b3d57918a7e0598e88c1	ec4466e2a1e07ea00a60d7e442c3744c	640	360	1104.0	9.0	103.0	557.0
Netflix_Crosswalk_1920x1080_60fp	Netflix_Crosswalk_1920x1080_60fp	svtav1	svtav1_20190826_57fe601	60	20	12369504.0	12369.503999999999	45.91616666666666	48.6345	50.49266666666666	45.871277	48.613486	50.478909	99.505044	4895618.0	81.59363333333333	1920	1080	60.0	8	899fa3a7579aa4566e25ead86c38a912	a7fbcbc264ef63683787e4ee72409659	1920	1080	6610.0	4.0	1957.0	6005.0
Netflix_Crosswalk_1920x1080_60fp	Netflix_Crosswalk_1920x1080_60fp	svtav1	svtav1_20190826_57fe601	60	32	5571928.0	5571.928	44.76549999999998	47.984333333333346	49.805833333333325	44.723166	47.973974	49.795383	96.872454	6871886.0	114.53143333333334	1920	1080	60.0	8	ffa4e2413e3de6d1521a354f10397c94	71e3a2aadd9c2c19436bace9b5d8b768	1920	1080	6954.0	3.0	1457.0	6119.0
Netflix_Crosswalk_1920x1080_60fp	Netflix_Crosswalk_1920x1080_60fp	svtav1	svtav1_20190826_57fe601	60	43	2752584.0	2752.584	43.13483333333333	47.052	48.843	43.053812	47.037584	48.827601	91.490783	3864118.0	64.40196666666667	1920	1080	60.0	8	847d94bcc61e458feb91b5ce749e80a4	4dc5d14e869cf8aab612d22e533af492	1920	1080	6395.0	3.0	1232.0	6059.0
Netflix_Crosswalk_1920x1080_60fp	Netflix_Crosswalk_1920x1080_60fp	svtav1	svtav1_20190826_57fe601	60	55	1405728.0	1405.728	40.955	45.79766666666667	47.502	40.812953	45.772891	47.47426	81.914415	10055520.0	167.592	1920	1080	60.0	8	fc5e8560b8745f7e8de9e12a4c2600f4	5edb530bd4212605507d3235beeae8a9	1920	1080	6706.0	3.0	1724.0	10981.0
Netflix_Crosswalk_1920x1080_60fp	Netflix_Crosswalk_1920x1080_60fp	svtav1	svtav1_20190826_57fe601	60	63	667144.0	667.144	38.03716666666666	43.98599999999999	45.585333333333345	37.879248	43.965355	45.557207	65.363857	6105805.0	101.76341666666667	1920	1080	60.0	8	c6246d8fd2896384a3973ced99306a97	35108caf3eebde6a81fa8e7939dedca4	1920	1080	7433.0	10.0	958.0	7562.0
rush_hour_1080p25_60f	rush_hour_1080p25_60f	svtav1	svtav1_20190826_57fe601	60	20	9229586.0	9229.586	43.378	47.29116666666667	49.341833333333334	43.289753	47.235123	49.295413	97.416917	7306181.0	121.76968333333333	1920	1080	25.0	8	f8a0cda91a26a5477ceb971861dcb422	aebe40546eb0281e8ad392c88da379b2	1920	1080	7135.0	4.0	2970.0	6529.0
rush_hour_1080p25_60f	rush_hour_1080p25_60f	svtav1	svtav1_20190826_57fe601	60	32	3684490.0	3684.49	42.38733333333334	46.431666666666636	48.27883333333332	42.362874	46.41526	48.25889	94.03003	8657433.0	144.29055	1920	1080	25.0	8	ff8c3c48bf69a0d496fa8db2b8541dfe	8ebfa63aff53a8629a9ebd5ee808bd10	1920	1080	7535.0	3.0	2059.0	6222.0
rush_hour_1080p25_60f	rush_hour_1080p25_60f	svtav1	svtav1_20190826_57fe601	60	43	1639810.0	1639.81	41.12166666666667	45.449166666666684	47.00616666666667	41.090634	45.440027	46.988873	87.639559	5370855.0	89.51425	1920	1080	25.0	8	d0a52531765bbc7c5534ae2aa43bd35e	1edc411987f29b7182f8fde678a590f1	1920	1080	7345.0	9.0	1482.0	6136.0
rush_hour_1080p25_60f	rush_hour_1080p25_60f	svtav1	svtav1_20190826_57fe601	60	55	763010.0	763.01	39.26100000000002	44.26016666666668	45.42783333333333	39.19347	44.252055	45.406917	76.899887	8778041.0	146.30068333333332	1920	1080	25.0	8	87442414688a4e4f08e74a6a224d3591	adfdf4dc5986e91f3e5c5cc15f3e1e90	1920	1080	7631.0	14.0	1684.0	7510.0
rush_hour_1080p25_60f	rush_hour_1080p25_60f	svtav1	svtav1_20190826_57fe601	60	63	333800.0	333.8	36.7055	42.41600000000001	43.26700000000001	36.582786000000006	42.409541	43.245088	61.643016	2960524.0	49.34206666666667	1920	1080	25.0	8	83d0c3da199d14445dc0758f852e41d2	3565409f06d24aac96b72293b3adf4bb	1920	1080	7120.0	3.0	835.0	6118.0
shields_640x360_60f	shields_640x360_60f	svtav1	svtav1_20190826_57fe601	60	20	2845313.0	2845.313	42.531666666666666	45.75616666666667	47.431333333333335	42.373168	45.717525	47.360816	99.455392	1643232.0	27.3872	640	360	50.0	8	f55d50932d89aa847153898fc690648b	04110607e047d86e3fe95e8ae7416b20	640	360	1864.0	3.0	349.0	594.0
shields_640x360_60f	shields_640x360_60f	svtav1	svtav1_20190826_57fe601	60	32	1388060.0	1388.06	40.65266666666668	43.98833333333334	45.53133333333333	40.445346	43.95233700000001	45.428411	99.434123	882097.0	14.701616666666666	640	360	50.0	8	f0aa9d02a7777c2aca869387122ee666	b9c19e7fc645768a6ba05c47023c574f	640	360	1853.0	4.0	215.0	566.0
shields_640x360_60f	shields_640x360_60f	svtav1	svtav1_20190826_57fe601	60	43	719686.0	719.686	38.151833333333336	41.35066666666666	43.0245	37.881901	41.270952	42.86332	99.388536	747979.0	12.466316666666666	640	360	50.0	8	39af6517a4e0a36993dfce76dcbc21a8	78624d98c24b5c3995d5161709cca294	640	360	1669.0	3.0	167.0	566.0
shields_640x360_60f	shields_640x360_60f	svtav1	svtav1_20190826_57fe601	60	55	398246.0	398.246	35.31166666666666	38.81250000000001	40.74900000000001	34.96976	38.669845	40.519433	97.118269	1368322.0	22.805366666666668	640	360	50.0	8	82de75f256ab6eb4ce9302f4a2e9590b	0f4a0aee48dbadcaf4ee32a30384caba	640	360	2362.0	17.0	204.0	707.0
shields_640x360_60f	shields_640x360_60f	svtav1	svtav1_20190826_57fe601	60	63	187026.0	187.026	31.1975	35.98100000000001	37.839666666666666	30.754051	35.756196	37.583582	85.704643	848807.0	14.146783333333333	640	360	50.0	8	dd7e08411317a8cb38ef008fb66bae92	d193c54a67dc7aae1c730a8b60af7580	640	360	1916.0	2.0	105.0	587.0
STARCRAFT_60f_420	STARCRAFT_60f_420	svtav1	svtav1_20190826_57fe601	60	20	8566488.0	8566.488	50.654500000000006	53.66900000000001	53.62233333333334	50.615939	53.653401	53.608824	97.670115	3946735.0	65.77891666666666	1920	1080	60.0	8	ac2d55bd44a7e377e6f45e3becfa6bf6	0785ad5cd505bfef948fb96bb1b86faf	1920	1080	7798.0	4.0	825.0	5730.0
STARCRAFT_60f_420	STARCRAFT_60f_420	svtav1	svtav1_20190826_57fe601	60	32	5165352.0	5165.352	47.98766666666667	51.928	52.00766666666666	47.954819	51.909283	51.997345	97.09343599999998	3654294.0	60.9049	1920	1080	60.0	8	1610537b96b24c85eb312b595d3fbfdb	ebede29dc2e8f460d33445c98622258b	1920	1080	8201.0	3.0	701.0	5685.0
STARCRAFT_60f_420	STARCRAFT_60f_420	svtav1	svtav1_20190826_57fe601	60	43	3003352.0	3003.352	44.62383333333332	49.4875	49.661500000000004	44.590961	49.465866	49.650576	95.818836	5191106.0	86.51843333333333	1920	1080	60.0	8	7b981391b34006e2bb990809d21056f2	53437b88634ee448482bea9d02b3177e	1920	1080	8014.0	2.0	706.0	5969.0
STARCRAFT_60f_420	STARCRAFT_60f_420	svtav1	svtav1_20190826_57fe601	60	55	1543384.0	1543.3840000000002	40.53916666666667	46.35416666666665	46.54333333333332	40.516206	46.33935	46.534482	92.740969	2700673.0	45.01121666666667	1920	1080	60.0	8	db2e277c78171ebce52f0469e8252903	2377dc33ea6de4659637a5918b4ccad7	1920	1080	7391.0	4.0	614.0	5832.0
STARCRAFT_60f_420	STARCRAFT_60f_420	svtav1	svtav1_20190826_57fe601	60	63	616904.0	616.904	35.380166666666675	42.3575	42.54899999999999	35.373826	42.352536	42.546297	82.377782	1995647.0	33.260783333333336	1920	1080	60.0	8	4ee996a6bc34166f69373d3f417a02c7	9a0cbc5c512f74e8220647f546eed6f0	1920	1080	8315.0	3.0	510.0	5798.0
dark720p_60f	dark720p_60f	svtav1	svtav1_20190826_57fe601	60	20	8659412.0	8659.412	46.57616666666667	44.401166666666654	45.92066666666666	46.424166	44.090506	45.626852	96.475641	3793323.0	63.22205	1280	720	30.0	8	f322842a3d312762e759d43c25eeffd6	ab1330245bb7707fb7c975dfa555f4a7	1280	720	3225.0	4.0	1767.0	2339.0
dark720p_60f	dark720p_60f	svtav1	svtav1_20190826_57fe601	60	32	2530400.0	2530.4	43.86633333333332	39.69416666666667	42.305166666666665	43.776836	39.47147499999999	42.185845	93.577997	3502492.0	58.37486666666667	1280	720	30.0	8	6279d511fc9e9ba567f6366051278239	3e4b50f8d3f5302148c03c90aed02afd	1280	720	3437.0	3.0	1130.0	2412.0
dark720p_60f	dark720p_60f	svtav1	svtav1_20190826_57fe601	60	43	519172.0	519.172	42.40233333333332	37.1865	41.02766666666667	42.370764	37.123595	41.014164	90.814466	2894754.0	48.2459	1280	720	30.0	8	dd92667357f6c9e0d9ed7d6f9e1437ea	c9e4230ebb3e61452c10c488eb661542	1280	720	3311.0	2.0	565.0	2430.0
dark720p_60f	dark720p_60f	svtav1	svtav1_20190826_57fe601	60	55	167700.0	167.7	41.09583333333333	36.44049999999999	40.185500000000005	41.07909200000001	36.430905	40.176683	87.133649	4731040.0	78.85066666666667	1280	720	30.0	8	b2143e76ae44f9e028aec2bcde859484	77ec52ad303c12e48eb2af5724d3fd76	1280	720	3420.0	4.0	334.0	2402.0
dark720p_60f	dark720p_60f	svtav1	svtav1_20190826_57fe601	60	63	73112.0	73.112	38.73816666666666	35.37766666666667	38.72266666666667	38.727061	35.374319	38.7148	78.589818	3208986.0	53.4831	1280	720	30.0	8	d4d6bf141d658238876f58a3567c94f1	e6996b6e288d4e00c75173cd5e365774	1280	720	3712.0	10.0	480.0	2926.0
life_1080p30_60f	life_1080p30_60f	svtav1	svtav1_20190826_57fe601	60	20	14662684.0	14662.684	44.94350000000001	50.21766666666667	49.69833333333334	44.854944	50.197385000000004	49.67599499999999	99.571077	9941187.0	165.68645	1920	1080	30.0	8	acaa5e4a0565b11f7995313d9092cb17	de5300c9d1e4cf5730a0666515108ebd	1920	1080	9508.0	3.0	2968.0	5885.0
life_1080p30_60f	life_1080p30_60f	svtav1	svtav1_20190826_57fe601	60	32	7042920.0	7042.92	41.88500000000001	47.78299999999999	47.522	41.818296	47.76335000000001	47.505935	97.918508	5950493.0	99.17488333333333	1920	1080	30.0	8	abd7157027444c7c1b1da3796c128d90	0ce9307e22e82b77259600e82d0612bf	1920	1080	9078.0	3.0	2406.0	5938.0
life_1080p30_60f	life_1080p30_60f	svtav1	svtav1_20190826_57fe601	60	43	3461612.0	3461.612	38.99866666666667	45.656999999999975	45.52866666666667	38.948746	45.633033	45.510915	94.774683	7070266.0	117.83776666666667	1920	1080	30.0	8	1c47596f08bbdb90f7709bf6c1bb4862	77b868a33bd0b17c6cac04679999f4d8	1920	1080	8697.0	13.0	3452.0	9823.0
life_1080p30_60f	life_1080p30_60f	svtav1	svtav1_20190826_57fe601	60	55	1621736.0	1621.736	35.81316666666666	43.227833333333336	43.16716666666666	35.779844	43.201459	43.147841	88.95132200000002	4088763.0	68.14605	1920	1080	30.0	8	ef70ec7a69ba8d22949764c56a69fc82	bfc48a4b64189048c5e71996952a517c	1920	1080	13452.0	13.0	1426.0	6081.0
life_1080p30_60f	life_1080p30_60f	svtav1	svtav1_20190826_57fe601	60	63	675432.0	675.432	32.70916666666667	40.43216666666667	40.10983333333333	32.683585	40.41191	40.100775	76.092704	3059899.0	50.99831666666667	1920	1080	30.0	8	592ce6c1ab43fd5172599201a6bd826a	42e6cb0fbf86ba6d6581251e3d251e11	1920	1080	10106.0	3.0	1025.0	6095.0
aspen_1080p_60f	aspen_1080p_60f	svtav1	svtav1_20190826_57fe601	60	20	11616371.0	11616.371000000001	44.5005	48.41816666666667	49.607000000000006	44.374277	48.368424	49.571666	98.30655	10052009.0	167.53348333333332	1920	1080	29.97	8	12dbbc79069bda2d27b3e6456469bc5a	1b1686ccf66a872fc11db333c2be5c4b	1920	1080	6707.0	5.0	2940.0	5756.0
aspen_1080p_60f	aspen_1080p_60f	svtav1	svtav1_20190826_57fe601	60	32	3887506.0	3887.506	42.541500000000006	47.41666666666668	48.62833333333333	42.457054	47.397005	48.61358	94.763313	10687207.0	178.12011666666666	1920	1080	29.97	8	e66fa4ce1c331313a986d91ceb44c7e2	aac96d470d58b7f2a96d63275b6c5232	1920	1080	6700.0	4.0	1658.0	5747.0
aspen_1080p_60f	aspen_1080p_60f	svtav1	svtav1_20190826_57fe601	60	43	1547708.0	1547.708	41.108999999999995	46.25350000000001	47.4175	41.055457	46.240957	47.407133	90.099306	4063204.0	67.72006666666667	1920	1080	29.97	8	352bcd7e3a1d7e39c146b2e0503e6549	06051d6c80d6c55b102ad1e110b27daf	1920	1080	6713.0	2.0	1279.0	5708.0
aspen_1080p_60f	aspen_1080p_60f	svtav1	svtav1_20190826_57fe601	60	55	681177.0	681.177	39.33133333333334	44.67066666666668	45.69083333333333	39.274595	44.656045	45.68214	82.171545	4001627.0	66.69378333333333	1920	1080	29.97	8	dd13949544dd26cc227f54cd0cda6f2f	386da95bcd37a710d21c68bd1174227f	1920	1080	7367.0	12.0	1012.0	5922.0
aspen_1080p_60f	aspen_1080p_60f	svtav1	svtav1_20190826_57fe601	60	63	290942.0	290.942	36.539999999999985	42.26383333333334	42.980500000000006	36.479449	42.252092	42.973597	66.622223	4633255.0	77.22091666666667	1920	1080	29.97	8	6e68bf2312cf697f6f94a2f7b10866bd	15fb850ce8433f26097544cc201254c4	1920	1080	6834.0	6.0	1114.0	7396.0
vidyo4_720p_60fps_60f	vidyo4_720p_60fps_60f	svtav1	svtav1_20190826_57fe601	60	20	7031072.0	7031.072	44.638999999999996	50.05366666666667	50.33349999999999	44.516881	50.038237	50.319387	97.820393	3613490.0	60.224833333333336	1280	720	60.0	8	9a94d1c8436d4da3ffcef3d115e1468e	c45ac622129084b483aebbf8aedead76	1280	720	3484.0	4.0	872.0	2443.0
vidyo4_720p_60fps_60f	vidyo4_720p_60fps_60f	svtav1	svtav1_20190826_57fe601	60	32	2298896.0	2298.896	42.89683333333333	49.301833333333335	49.57533333333331	42.826055	49.2954	49.568643	96.447162	2328230.0	38.80383333333333	1280	720	60.0	8	ee93c96ea15948153091a5142a63cacd	62d257cca59394ab8e6b94fa3f64abdb	1280	720	5460.0	10.0	566.0	3042.0
vidyo4_720p_60fps_60f	vidyo4_720p_60fps_60f	svtav1	svtav1_20190826_57fe601	60	43	1020832.0	1020.832	41.33883333333334	48.34683333333334	48.545666666666655	41.287413	48.340629	48.537782	94.112871	3735711.0	62.26185	1280	720	60.0	8	8c3b94e6cacf85328e78a0092f87b607	a8246ad19e58c97f9dfeb797a2e290a0	1280	720	3858.0	14.0	769.0	3568.0
vidyo4_720p_60fps_60f	vidyo4_720p_60fps_60f	svtav1	svtav1_20190826_57fe601	60	55	506792.0	506.792	39.35383333333334	46.92066666666666	47.05050000000001	39.30227	46.912932	47.042209	89.649296	1284205.0	21.403416666666665	1280	720	60.0	8	cb79e21d3727d4d2e2e7054e93218e58	0cb61c3f38281748aa445ea2a85d8134	1280	720	4169.0	5.0	326.0	2454.0
vidyo4_720p_60fps_60f	vidyo4_720p_60fps_60f	svtav1	svtav1_20190826_57fe601	60	63	237624.0	237.624	36.355999999999995	44.57266666666668	44.546499999999995	36.316268	44.567618	44.538248	78.410949	1524545.0	25.409083333333335	1280	720	60.0	8	8efd017f3d6a29d27ec6ce3fe064617e	5940aec83699ca4317b7f7189914efc7	1280	720	3528.0	3.0	273.0	2403.0
gipsrestat720p_60f	gipsrestat720p_60f	svtav1	svtav1_20190826_57fe601	60	20	5113653.0	5113.653	45.08983333333333	47.52466666666667	49.081166666666675	45.01933900000001	47.494938	49.063455	97.036438	3719348.0	61.989133333333335	1280	720	50.0	8	684ed6722af825d42d450ea0b767e4b5	e2fd2e7256da467b1114ddf18c1b07be	1280	720	3802.0	20.0	1168.0	3486.0
gipsrestat720p_60f	gipsrestat720p_60f	svtav1	svtav1_20190826_57fe601	60	32	1831453.0	1831.453	43.284666666666666	46.673333333333325	48.11833333333334	43.231353	46.66659	48.103461	95.798239	5092753.0	84.87921666666666	1280	720	50.0	8	18252dabd3c598a59630e783bde717af	269f32f7c34929511e6e21016ec23c92	1280	720	3940.0	9.0	493.0	2555.0
gipsrestat720p_60f	gipsrestat720p_60f	svtav1	svtav1_20190826_57fe601	60	43	798813.0	798.813	41.359166666666646	45.796666666666674	47.029	41.278491	45.793269	47.013644	93.727898	1532627.0	25.543783333333334	1280	720	50.0	8	11e8a2dc0359a22bd6a2137216c3d739	52f620e1504ddede1d28bc5acc12003d	1280	720	3582.0	4.0	616.0	2709.0
gipsrestat720p_60f	gipsrestat720p_60f	svtav1	svtav1_20190826_57fe601	60	55	401640.0	401.64	39.14666666666666	44.380000000000024	45.276999999999994	39.086532	44.378294	45.269993	90.001031	1491312.0	24.8552	1280	720	50.0	8	61e5c17360c96952625088c471d7be60	3782c151f064a3297bb328b60592dfb5	1280	720	4198.0	3.0	255.0	2915.0
gipsrestat720p_60f	gipsrestat720p_60f	svtav1	svtav1_20190826_57fe601	60	63	187526.0	187.526	35.54349999999998	41.73233333333332	42.28800000000002	35.528959	41.732161	42.286576	80.625055	1689772.0	28.162866666666666	1280	720	50.0	8	bf6f2f97fbfc043ede409e9490c89211	4a41ebdf46947da0a0662649f66b1611	1280	720	4316.0	4.0	213.0	2455.0
wikipedia_420	wikipedia_420	svtav1	svtav1_20190826_57fe601	30	20	2393720.0	2393.72	53.65599999999999	52.51533333333334	52.80733333333333	53.651661	52.37132	46.22003	99.926068	11385353.0	189.75588333333334	1920	1080	30.0	8	f66dcfce9fd434bf75d8b1e093ace94b	e251f43dd4d45b33ff9eb03d80dafdb5	1920	1080	4328.0	10.0	382.0	3008.0
wikipedia_420	wikipedia_420	svtav1	svtav1_20190826_57fe601	30	32	1358856.0	1358.856	50.16266666666665	49.95233333333335	50.75100000000001	50.156795	49.750541	45.725852	99.920225	8598966.0	143.3161	1920	1080	30.0	8	26b241b55b0de3027bd26528b52b5546	eae96611494a9561a9043bfb710ea9b7	1920	1080	3892.0	2.0	358.0	2845.0
wikipedia_420	wikipedia_420	svtav1	svtav1_20190826_57fe601	30	43	988344.0	988.3439999999999	47.938333333333325	47.78266666666666	48.834333333333326	47.916838	47.64141	45.074851	99.911499	7149340.0	119.15566666666666	1920	1080	30.0	8	b445b36cd56926bc6fe408e3a371d7e0	d84c64f6f871882d2f099142ed25b7d5	1920	1080	3833.0	2.0	373.0	3256.0
wikipedia_420	wikipedia_420	svtav1	svtav1_20190826_57fe601	30	55	732088.0	732.088	43.87	45.30199999999999	46.254999999999995	43.827062	45.261968	43.875036	99.869816	8893573.0	148.22621666666666	1920	1080	30.0	8	eba8841f436e94679371dd30e47d34d7	5be780b2225d857bf2a5964e979b5d46	1920	1080	3774.0	2.0	348.0	2898.0
wikipedia_420	wikipedia_420	svtav1	svtav1_20190826_57fe601	30	63	509456.0	509.456	37.083666666666666	41.961	42.75466666666666	37.06799	41.956311	41.651908	99.465666	7791250.0	129.85416666666666	1920	1080	30.0	8	a1d0d2862d994fa41601040185410643	e0ed6eb54eba21413cfcd4f5346950e2	1920	1080	4430.0	8.0	349.0	2875.0
blue_sky_360p_60f	blue_sky_360p_60f	svtav1	svtav1_20190826_57fe601	60	20	1495073.0	1495.073	44.67383333333333	45.95383333333333	47.657999999999994	44.547049	45.858188	47.594385	99.951325	552533.0	9.208883333333333	640	360	25.0	8	854fe5878e75e08f81c3a5a9bcef58e7	54ab88d8184ebabf795dfaf6a16ef79f	640	360	1564.0	3.0	346.0	486.0
blue_sky_360p_60f	blue_sky_360p_60f	svtav1	svtav1_20190826_57fe601	60	32	771053.0	771.053	41.78883333333333	43.770166666666654	45.370666666666665	41.642813	43.708329	45.322006	99.927977	911728.0	15.195466666666666	640	360	25.0	8	2be3e45037964f6b949c3b0eab902a3b	5f8391952966a2116387f64a33dd8c6f	640	360	1788.0	24.0	410.0	812.0
blue_sky_360p_60f	blue_sky_360p_60f	svtav1	svtav1_20190826_57fe601	60	43	398420.0	398.42	38.78633333333334	41.02816666666666	42.583	38.641545	40.967572	42.549085	99.494221	632035.0	10.533916666666666	640	360	25.0	8	afeef359cf5e79d6279fe5b8bce432a2	9e8e099404c6c0ad1a8baceeac270826	640	360	1438.0	4.0	222.0	672.0
blue_sky_360p_60f	blue_sky_360p_60f	svtav1	svtav1_20190826_57fe601	60	55	214866.0	214.866	35.74433333333334	38.1315	40.01016666666666	35.606334	38.093612	39.996759	94.904151	378467.0	6.307783333333333	640	360	25.0	8	d1428446525e129ff6e57a8a63c36af5	6d0f5c36361501f19967948c91c15df0	640	360	1278.0	3.0	167.0	520.0
blue_sky_360p_60f	blue_sky_360p_60f	svtav1	svtav1_20190826_57fe601	60	63	107180.0	107.18	31.861333333333324	35.05333333333332	37.76266666666667	31.784947	35.046567	37.757	83.500783	619485.0	10.32475	640	360	25.0	8	7385debe5d718a32f8fde5116b3c733e	ee0ba06b3c4a75e78b22623984960065	640	360	1379.0	3.0	120.0	492.0
Netflix_RollerCoaster_1280x720_6	Netflix_RollerCoaster_1280x720_6	svtav1	svtav1_20190826_57fe601	60	20	10480616.0	10480.616	45.395833333333336	47.25850000000001	47.26916666666668	45.339582	47.232763	47.244929	99.948421	4455944.0	74.26573333333333	1280	720	60.0	8	d64ba34d1357ac2b240337b1d4c66f13	f5bf9f37d06a47e2b3a0f530c4513990	1280	720	3871.0	3.0	1193.0	2362.0
Netflix_RollerCoaster_1280x720_6	Netflix_RollerCoaster_1280x720_6	svtav1	svtav1_20190826_57fe601	60	32	5185744.0	5185.744	43.14816666666665	45.67750000000001	46.014833333333335	43.078301	45.653549	46.002447	99.904043	4034608.0	67.24346666666666	1280	720	60.0	8	4337f749fae3da2771414760a2734eae	50efb6915299f865553155cf6bb76b3b	1280	720	4114.0	5.0	1668.0	3701.0
Netflix_RollerCoaster_1280x720_6	Netflix_RollerCoaster_1280x720_6	svtav1	svtav1_20190826_57fe601	60	43	2592856.0	2592.856	40.567499999999995	43.58450000000001	44.27899999999999	40.491171	43.557734	44.26921	98.200787	4050134.0	67.50223333333334	1280	720	60.0	8	5f9a3e7e81baa5b3ac03b22ba39f67e9	9f36f6b77f096a14d9e9aaf8acb09b11	1280	720	4630.0	16.0	759.0	3101.0
Netflix_RollerCoaster_1280x720_6	Netflix_RollerCoaster_1280x720_6	svtav1	svtav1_20190826_57fe601	60	55	1342456.0	1342.456	37.88316666666666	41.39549999999999	42.59849999999999	37.812638	41.364747	42.586957	91.672962	5138217.0	85.63695	1280	720	60.0	8	da73af8a9c0abdd03851053c307a497b	94c61202ae996c20ba40e7878b28a046	1280	720	4098.0	23.0	1068.0	3510.0
Netflix_RollerCoaster_1280x720_6	Netflix_RollerCoaster_1280x720_6	svtav1	svtav1_20190826_57fe601	60	63	623832.0	623.832	34.40583333333334	38.53483333333335	40.32666666666667	34.335167	38.509392	40.316571	76.364563	1192630.0	19.877166666666668	1280	720	60.0	8	439daac7d8ff356945984710d854d5be	db1672e18845a189fad68c4de5af1335	1280	720	3875.0	4.0	381.0	2374.0
vidyo1_720p_60fps_60f	vidyo1_720p_60fps_60f	svtav1	svtav1_20190826_57fe601	60	20	5754824.0	5754.824	45.95033333333333	48.33383333333334	49.64283333333334	45.809228	48.260336	49.598645	96.621441	1749932.0	29.165533333333332	1280	720	60.0	8	831c1243c939d0e18851c1da4f920d72	3f76272507281b5849533491cfaa7f6d	1280	720	3575.0	2.0	686.0	2563.0
vidyo1_720p_60fps_60f	vidyo1_720p_60fps_60f	svtav1	svtav1_20190826_57fe601	60	32	2139160.0	2139.16	44.235833333333325	47.64933333333335	48.86099999999999	44.174264	47.626642999999994	48.847642	95.351242	2534672.0	42.24453333333334	1280	720	60.0	8	ee1d128456d25c90a47f226e1c7909e4	fd58fc738b54427dc88ae837251c70ae	1280	720	3803.0	4.0	433.0	2454.0
vidyo1_720p_60fps_60f	vidyo1_720p_60fps_60f	svtav1	svtav1_20190826_57fe601	60	43	938360.0	938.36	42.68316666666667	47.00183333333335	48.05716666666665	42.65966	46.996121	48.051541	93.326225	1143852.0	19.0642	1280	720	60.0	8	a8c8fd9cd903bf44e00fef9b73e9e168	23b0cfb48ec853609bcd6029a1f07da1	1280	720	3646.0	2.0	352.0	2515.0
vidyo1_720p_60fps_60f	vidyo1_720p_60fps_60f	svtav1	svtav1_20190826_57fe601	60	55	441960.0	441.96	40.69933333333333	45.90333333333331	46.616333333333344	40.681978	45.901805	46.613948	89.311613	3236156.0	53.93593333333333	1280	720	60.0	8	576efc28bf2db890f1c49118b5e0e888	2e3618eb765dafb0ac83b130abdea52d	1280	720	4773.0	4.0	294.0	2506.0
vidyo1_720p_60fps_60f	vidyo1_720p_60fps_60f	svtav1	svtav1_20190826_57fe601	60	63	212056.0	212.056	37.425	43.742333333333335	44.052833333333325	37.415225	43.74097100000001	44.052429	78.955373	948429.0	15.80715	1280	720	60.0	8	08db488e790b536131b362dccdf32397	46ad981a9e552291fd094b8cf2c4a262	1280	720	3776.0	2.0	250.0	2488.0
ducks_take_off_1080p50_60f	ducks_take_off_1080p50_60f	svtav1	svtav1_20190826_57fe601	60	20	122312760.0	122312.76	39.26133333333335	39.62183333333334	41.6315	39.112878	39.506153	41.566861	98.881779	11900356.0	198.33926666666667	1920	1080	50.0	8	7bd7347d169d45d676b3c7d5ad2ae104	b5d2d686d3bd3ca548c5fa0a583dc15e	1920	1080	12922.0	4.0	8533.0	6218.0
ducks_take_off_1080p50_60f	ducks_take_off_1080p50_60f	svtav1	svtav1_20190826_57fe601	60	32	36554613.0	36554.613	35.37516666666667	37.01233333333333	39.99216666666667	35.288407	36.959909	39.971932	94.017127	9590149.0	159.83581666666666	1920	1080	50.0	8	7c8c1788155c6643ac719e8dc6ef200d	093d74ab396925f7f3344da434ed204e	1920	1080	11705.0	2.0	4223.0	6233.0
ducks_take_off_1080p50_60f	ducks_take_off_1080p50_60f	svtav1	svtav1_20190826_57fe601	60	43	12178213.0	12178.213	33.21949999999999	35.15983333333334	38.61483333333333	33.184507	35.117373	38.60353	85.221132	8865336.0	147.7556	1920	1080	50.0	8	b73dd72ef672025725d49499e64c12ec	5a88915f8e65bfc2fd0e73a3a2d83d73	1920	1080	11638.0	3.0	2508.0	6427.0
ducks_take_off_1080p50_60f	ducks_take_off_1080p50_60f	svtav1	svtav1_20190826_57fe601	60	55	4658360.0	4658.36	30.900000000000013	33.36666666666666	37.38983333333333	30.851191000000004	33.320421	37.383202	69.902185	11070260.0	184.50433333333334	1920	1080	50.0	8	66636ab2b85aedb16009673f6b382296	95b1efa1418bebdca713cae1614a27d6	1920	1080	11979.0	2.0	1704.0	6199.0
ducks_take_off_1080p50_60f	ducks_take_off_1080p50_60f	svtav1	svtav1_20190826_57fe601	60	63	1793680.0	1793.68	28.307333333333343	31.743666666666662	36.347833333333334	28.227612	31.706384	36.343514	48.41484	3555368.0	59.25613333333333	1920	1080	50.0	8	fd4f58ed86173c586572f60bfe26828e	1d44bf228826f492cb25171408c6e77e	1920	1080	11140.0	10.0	1328.0	7235.0
Netflix_PierSeaside_1920x1080_60	Netflix_PierSeaside_1920x1080_60	svtav1	svtav1_20190826_57fe601	60	20	12361184.0	12361.184	45.834333333333326	47.653666666666695	45.74316666666666	45.752132	47.604189	45.663474	99.92224	8066408.0	134.44013333333334	1920	1080	60.0	8	a91ebf41a71f28533af2c43140d39f0b	fae016772a9e30cdd75a6fdb798388dc	1920	1080	7091.0	4.0	1781.0	5638.0
Netflix_PierSeaside_1920x1080_60	Netflix_PierSeaside_1920x1080_60	svtav1	svtav1_20190826_57fe601	60	32	4802816.0	4802.816	44.14950000000001	46.73550000000001	44.919999999999995	44.075636	46.713873	44.889358	99.496206	4955829.0	82.59715	1920	1080	60.0	8	1bb0b2c4b3859020e612ec207d6905d7	ef89aad6b202d1daa44c0c84360bf19b	1920	1080	8782.0	14.0	2048.0	6008.0
Netflix_PierSeaside_1920x1080_60	Netflix_PierSeaside_1920x1080_60	svtav1	svtav1_20190826_57fe601	60	43	2104944.0	2104.944	42.28466666666666	45.654666666666664	44.09616666666667	42.204175	45.640678	44.081004	97.701589	4276688.0	71.27813333333333	1920	1080	60.0	8	eb0447de1db7ef2d1f28d03f214a1801	e752ef530f920effc00ed126a5e2fa80	1920	1080	7764.0	5.0	768.0	7757.0
Netflix_PierSeaside_1920x1080_60	Netflix_PierSeaside_1920x1080_60	svtav1	svtav1_20190826_57fe601	60	55	926464.0	926.464	39.901666666666664	43.909000000000006	42.87316666666667	39.837683	43.901581	42.86601699999999	93.692977	4056392.0	67.60653333333333	1920	1080	60.0	8	243741a901ee105cb9ab62f3487adf16	3a484a69682cb9c84013bc412e455846	1920	1080	7600.0	4.0	603.0	5385.0
Netflix_PierSeaside_1920x1080_60	Netflix_PierSeaside_1920x1080_60	svtav1	svtav1_20190826_57fe601	60	63	352776.0	352.776	36.358	41.045999999999985	40.53333333333334	36.338598	41.04404	40.532106	82.111958	6763105.0	112.71841666666667	1920	1080	60.0	8	80f3351f29091150df377391470e0fa7	992d41491bbba313d7a67b197503c4df	1920	1080	7141.0	3.0	621.0	5783.0
Netflix_Aerial_1920x1080_60fps_8	Netflix_Aerial_1920x1080_60fps_8	svtav1	svtav1_20190826_57fe601	60	20	29135288.0	29135.288	43.269499999999994	46.01233333333332	45.67966666666668	43.158624	45.961919	45.629266	96.963434	6367053.0	106.11755	1920	1080	60.0	8	3c4b385c0d9e70e989d22346e7a533a1	ea8301624800e02859291b738896f3f5	1920	1080	11912.0	12.0	3034.0	6090.0
Netflix_Aerial_1920x1080_60fps_8	Netflix_Aerial_1920x1080_60fps_8	svtav1	svtav1_20190826_57fe601	60	32	13368936.0	13368.936	41.24000000000001	44.697333333333326	44.592666666666666	41.16275	44.68163	44.579322	94.798354	6604479.0	110.07465	1920	1080	60.0	8	d46d23784eb21e1e0733791d6c90c2fe	64c5a5bc77d96859a9532ed9b14b3025	1920	1080	9099.0	3.0	1819.0	6368.0
Netflix_Aerial_1920x1080_60fps_8	Netflix_Aerial_1920x1080_60fps_8	svtav1	svtav1_20190826_57fe601	60	43	6357224.0	6357.224	38.69666666666665	43.04450000000001	43.418666666666674	38.629786	43.035547	43.412231	91.346777	3393479.0	56.55798333333333	1920	1080	60.0	8	c472833ac0d607608d601e5e5a4b2a60	246a360c05bf95fffbb7e5f52ebd8e66	1920	1080	9482.0	4.0	1300.0	6080.0
Netflix_Aerial_1920x1080_60fps_8	Netflix_Aerial_1920x1080_60fps_8	svtav1	svtav1_20190826_57fe601	60	55	2959688.0	2959.688	35.85349999999998	41.275833333333345	42.26383333333333	35.807261	41.266069	42.254831	85.15921	4754018.0	79.23363333333333	1920	1080	60.0	8	c5dfeb38203c9b08516a07861fa19d03	88df544abbfef1d264cfba4840dfd6e1	1920	1080	9745.0	3.0	993.0	6170.0
Netflix_Aerial_1920x1080_60fps_8	Netflix_Aerial_1920x1080_60fps_8	svtav1	svtav1_20190826_57fe601	60	63	1022928.0	1022.928	32.16116666666665	39.13099999999999	40.96816666666666	32.144389	39.116356	40.955284	69.674142	4817506.0	80.29176666666666	1920	1080	60.0	8	ef7b326ebf3db25652c0988d7d74ddc4	c190ee3469cba74fa9ce526a741f3d5d	1920	1080	9878.0	6.0	1378.0	7862.0
niklas360p_60f	niklas360p_60f	svtav1	svtav1_20190826_57fe601	60	20	1615260.0	1615.26	44.61383333333333	48.13883333333334	47.838499999999996	44.503504	48.079803	47.777182	98.414714	2580921.0	43.01535	640	360	30.0	8	986a296a6d85806961dad03f1f2142d2	9abf3f0b1eaee28ce5fa164b58a1301d	640	360	1768.0	28.0	596.0	1677.0
niklas360p_60f	niklas360p_60f	svtav1	svtav1_20190826_57fe601	60	32	870404.0	870.404	42.20666666666666	46.670166666666674	46.12616666666668	42.113637	46.63447	46.089447	96.919481	2098980.0	34.983	640	360	30.0	8	9d77ade6e770d7e68480df43090c278e	bd3ffcd9cf7f5958ea7f54064a973543	640	360	1736.0	14.0	306.0	752.0
niklas360p_60f	niklas360p_60f	svtav1	svtav1_20190826_57fe601	60	43	472628.0	472.628	39.35916666666665	44.96349999999999	44.175666666666665	39.273931999999995	44.943484	44.152742	93.644033	1042544.0	17.375733333333333	640	360	30.0	8	b5d19d6e7cbcdd2d315818576d695e78	4801485ba0f4af75d88620edaa5c52e8	640	360	1635.0	18.0	398.0	1324.0
niklas360p_60f	niklas360p_60f	svtav1	svtav1_20190826_57fe601	60	55	252948.0	252.948	36.241666666666674	43.11666666666668	41.962500000000006	36.169882	43.103079	41.941317	87.338292	393190.0	6.553166666666667	640	360	30.0	8	f0a1dcb462833bb58452f1782f5f3a0f	a5db980bdabcfadc94fdd9679ac2a753	640	360	1351.0	2.0	165.0	724.0
niklas360p_60f	niklas360p_60f	svtav1	svtav1_20190826_57fe601	60	63	120096.0	120.096	32.56100000000001	40.73299999999999	39.346666666666664	32.505299	40.716279	39.32125800000001	74.744605	1647406.0	27.456766666666667	640	360	30.0	8	c831a3825866558ce7450b0c96bc24fd	e7497e28088d42409cde0b6e072e9a7f	640	360	1670.0	18.0	221.0	836.0
Netflix_Boat_1920x1080_60fps_8bi	Netflix_Boat_1920x1080_60fps_8bi	svtav1	svtav1_20190826_57fe601	60	20	33677376.0	33677.376	44.06066666666667	46.39933333333335	48.142666666666656	43.973273	46.359678	48.124484	99.952131	5222849.0	87.04748333333333	1920	1080	60.0	8	be7feb60507597a801587b09c3ee267f	ee212c3f03f01e10c10dad45f7e98e1c	1920	1080	9575.0	4.0	2902.0	6066.0
Netflix_Boat_1920x1080_60fps_8bi	Netflix_Boat_1920x1080_60fps_8bi	svtav1	svtav1_20190826_57fe601	60	32	18159608.0	18159.608	41.42266666666667	44.57183333333332	45.9345	41.344997	44.553556	45.926477	99.705947	7312592.0	121.87653333333333	1920	1080	60.0	8	cae607ceef45c9ead1c1811104a96d43	1cdcab70a6d69c3bbed74673422f39d1	1920	1080	9681.0	3.0	2778.0	8097.0
Netflix_Boat_1920x1080_60fps_8bi	Netflix_Boat_1920x1080_60fps_8bi	svtav1	svtav1_20190826_57fe601	60	43	9746136.0	9746.136	38.26250000000001	42.59100000000001	43.65133333333335	38.180973	42.575462	43.648306	96.257858	3900448.0	65.00746666666667	1920	1080	60.0	8	1384361a0dde1bdac1671630195fb4c4	ee112d712c92245030adc3630ca690fc	1920	1080	10529.0	3.0	1899.0	6898.0
Netflix_Boat_1920x1080_60fps_8bi	Netflix_Boat_1920x1080_60fps_8bi	svtav1	svtav1_20190826_57fe601	60	55	5138248.0	5138.2480000000005	34.829333333333345	40.791333333333334	41.53683333333331	34.73637999999999	40.779885	41.535274	89.083022	5741882.0	95.69803333333333	1920	1080	60.0	8	973d68c95b32ba7b9009493c97fa7959	35301798d1a31dbb24ce77af6982ba8f	1920	1080	11679.0	13.0	1524.0	7879.0
Netflix_Boat_1920x1080_60fps_8bi	Netflix_Boat_1920x1080_60fps_8bi	svtav1	svtav1_20190826_57fe601	60	63	2374816.0	2374.816	31.06416666666667	38.47816666666668	39.16033333333334	31.007867	38.47561	39.159441	75.10811399999999	3269583.0	54.49305	1920	1080	60.0	8	a7c3a9f7e9116989431440ef41ff360e	098c1113f1b01f53f69f143817108f73	1920	1080	10325.0	13.0	1380.0	7220.0
Netflix_FoodMarket_1920x1080_60f	Netflix_FoodMarket_1920x1080_60f	svtav1	svtav1_20190826_57fe601	60	20	33766040.0	33766.04	41.48733333333335	45.17633333333334	45.86616666666666	41.405052	45.141418	45.843531	99.416987	6584592.0	109.7432	1920	1080	60.0	8	fb496c5b331227313bf94ce408493a2a	0e610aa7d68bc919a785124fafc50fdc	1920	1080	8146.0	4.0	3658.0	6150.0
Netflix_FoodMarket_1920x1080_60f	Netflix_FoodMarket_1920x1080_60f	svtav1	svtav1_20190826_57fe601	60	32	9999376.0	9999.376	40.040833333333325	44.366666666666674	45.22516666666668	40.012102	44.35491	45.22081	96.592345	9550808.0	159.18013333333334	1920	1080	60.0	8	a1bf13a13c6445c5a20d1d2e9f27e069	b0b0c8e1196c013088cef82bb05edb8b	1920	1080	10801.0	9.0	2388.0	6443.0
Netflix_FoodMarket_1920x1080_60f	Netflix_FoodMarket_1920x1080_60f	svtav1	svtav1_20190826_57fe601	60	43	4365792.0	4365.792	38.794999999999995	43.46433333333333	44.45733333333333	38.770081	43.454103	44.451868	92.424006	5709056.0	95.15093333333333	1920	1080	60.0	8	5bfd0b848b96db531e3d7f8b291578e7	b7268458c5ad0d75f44f4607fb708f63	1920	1080	8889.0	5.0	1339.0	6284.0
Netflix_FoodMarket_1920x1080_60f	Netflix_FoodMarket_1920x1080_60f	svtav1	svtav1_20190826_57fe601	60	55	2127160.0	2127.16	37.042333333333325	42.373500000000014	43.454666666666675	37.000387	42.357394	43.440176	83.865718	7194646.0	119.91076666666666	1920	1080	60.0	8	2212ff45b3a6b49c3a98867417bfc684	d5c7ebb78a27ffa0f05116159c504530	1920	1080	9322.0	20.0	1984.0	8087.0
Netflix_FoodMarket_1920x1080_60f	Netflix_FoodMarket_1920x1080_60f	svtav1	svtav1_20190826_57fe601	60	63	943072.0	943.072	34.58083333333334	40.90083333333334	41.899833333333326	34.532186	40.883474	41.868894	67.561856	7936234.0	132.27056666666667	1920	1080	60.0	8	87a7e8813de020ca4fad5873471e2333	87ef820986085aa3bde9468766b6e559	1920	1080	8451.0	3.0	815.0	6171.0
kirland360p_60f	kirland360p_60f	svtav1	svtav1_20190826_57fe601	60	20	379356.0	379.356	47.64433333333333	48.610833333333325	49.884333333333345	47.528181	48.561349	49.849999	96.107068	426074.0	7.101233333333333	640	360	30.0	8	092f51159bfbf33ffc78d2ca24e1a093	376b3cda10e1dfaa3108482bd093eabd	640	360	1042.0	4.0	132.0	532.0
kirland360p_60f	kirland360p_60f	svtav1	svtav1_20190826_57fe601	60	32	162000.0	162.0	46.18700000000001	48.03983333333333	49.03866666666667	46.007746	48.014996	49.018688	94.867378	403240.0	6.720666666666666	640	360	30.0	8	2c50782b1482a5f53a41c8747b3c52be	5bdedb8ed72b402d38185419db35322e	640	360	1115.0	15.0	150.0	528.0
kirland360p_60f	kirland360p_60f	svtav1	svtav1_20190826_57fe601	60	43	88504.0	88.504	44.48500000000001	47.38633333333335	47.93616666666667	44.27481	47.356667	47.89273	92.639605	327594.0	5.4599	640	360	30.0	8	225f8a30d1930ab9fbd47a9f965da1d9	b9a73ff4e2bc20545d0d8e70a229fdfe	640	360	967.0	10.0	132.0	647.0
kirland360p_60f	kirland360p_60f	svtav1	svtav1_20190826_57fe601	60	55	51940.0	51.93999999999999	42.206	46.6095	46.580666666666666	41.934816	46.549888	46.437794000000004	88.734474	336492.0	5.6082	640	360	30.0	8	ca3dab0363a19293460068e3857da3a4	0ac3c14dd3d265b2ee7d9bad09dbd201	640	360	1363.0	14.0	118.0	552.0
kirland360p_60f	kirland360p_60f	svtav1	svtav1_20190826_57fe601	60	63	30500.0	30.5	38.83666666666667	44.96183333333333	44.56116666666666	38.566554	44.845209	44.269336	78.398793	668083.0	11.134716666666666	640	360	30.0	8	b7afd261f8fb3fda965ecb85fde0d0e5	4fba87b531e752ac1ff6204258166757	640	360	1083.0	16.0	122.0	692.0
KristenAndSara_1280x720_60f	KristenAndSara_1280x720_60f	svtav1	svtav1_20190826_57fe601	60	20	4998296.0	4998.296	44.977000000000004	49.18866666666666	50.09816666666668	44.881091	49.164855	50.085451	97.01817	2036244.0	33.9374	1280	720	60.0	8	87248b411c803c0c92520dcb2c38192d	30d076fbdd1608f8b63c2dd1300d24ba	1280	720	3351.0	2.0	680.0	2340.0
KristenAndSara_1280x720_60f	KristenAndSara_1280x720_60f	svtav1	svtav1_20190826_57fe601	60	32	1700976.0	1700.976	43.606833333333334	48.27283333333334	49.19816666666665	43.570573	48.268218	49.194614	96.066364	3558786.0	59.3131	1280	720	60.0	8	aed99b6fce3a7594fff0224abe26f25d	27a5c60e41c99acd7182913d0258891c	1280	720	6215.0	32.0	784.0	3772.0
KristenAndSara_1280x720_60f	KristenAndSara_1280x720_60f	svtav1	svtav1_20190826_57fe601	60	43	803904.0	803.904	42.20683333333332	47.179	48.09266666666666	42.182481	47.175798	48.089878	94.454372	2197616.0	36.626933333333334	1280	720	60.0	8	13f88c1909c4b3545bccee7ad20104d3	7db07bce9ebbdc4c244e893c67d35f1b	1280	720	3611.0	6.0	343.0	2398.0
KristenAndSara_1280x720_60f	KristenAndSara_1280x720_60f	svtav1	svtav1_20190826_57fe601	60	55	409232.0	409.232	40.225333333333346	45.40166666666667	46.53683333333333	40.204374	45.399493	46.534958	91.05432	2890689.0	48.17815	1280	720	60.0	8	77beef8ff94ceab79a65ee72bc6ef9a0	853c29173e1f56da346bbd39120cadca	1280	720	3766.0	4.0	282.0	2381.0
KristenAndSara_1280x720_60f	KristenAndSara_1280x720_60f	svtav1	svtav1_20190826_57fe601	60	63	195304.0	195.304	37.024499999999996	42.896000000000036	43.855000000000025	37.016306	42.894337	43.854059	82.187351	1947389.0	32.45648333333333	1280	720	60.0	8	7acba40030c2212700b7c7ea20951fbd	b625ec593d4ded8b23ef47cc0626a5be	1280	720	3505.0	14.0	361.0	2672.0
Netflix_DrivingPOV_1280x720_60fp	Netflix_DrivingPOV_1280x720_60fp	svtav1	svtav1_20190826_57fe601	60	20	13647408.0	13647.408	43.22933333333334	46.74833333333334	45.39733333333333	43.141195	46.72237499999999	45.363587	99.693205	7315818.0	121.9303	1280	720	60.0	8	a0edcd8afa82498cb3f520011c9ef18a	bbb44569ccfb02d1494daa99025b7314	1280	720	5340.0	10.0	2028.0	3088.0
Netflix_DrivingPOV_1280x720_60fp	Netflix_DrivingPOV_1280x720_60fp	svtav1	svtav1_20190826_57fe601	60	32	6518096.0	6518.096	40.924333333333315	45.58333333333333	44.48133333333333	40.856856	45.572434	44.474778	98.800654	3668223.0	61.13705	1280	720	60.0	8	ec3230188df9a556f4e1c381aad92d2c	78c229456322ff28711651e5af7748c6	1280	720	4994.0	13.0	883.0	2960.0
Netflix_DrivingPOV_1280x720_60fp	Netflix_DrivingPOV_1280x720_60fp	svtav1	svtav1_20190826_57fe601	60	43	3194008.0	3194.008	38.36333333333334	43.84450000000002	43.26849999999999	38.308072	43.839138	43.265154	96.651528	4159404.0	69.3234	1280	720	60.0	8	f6385556c11646ff47cae6d8d0ae9383	3774663682bd9f1bcf0ac4cceffde95e	1280	720	5027.0	11.0	694.0	2488.0
Netflix_DrivingPOV_1280x720_60fp	Netflix_DrivingPOV_1280x720_60fp	svtav1	svtav1_20190826_57fe601	60	55	1582984.0	1582.984	35.71733333333334	41.91316666666665	42.018833333333326	35.661604	41.906705	42.015517	92.189405	2224455.0	37.07425	1280	720	60.0	8	fb62bbbab23e5b4e4b01bc4505534d71	6b189edff2f8aef8965ee0d0c15c1c95	1280	720	4626.0	4.0	507.0	2473.0
Netflix_DrivingPOV_1280x720_60fp	Netflix_DrivingPOV_1280x720_60fp	svtav1	svtav1_20190826_57fe601	60	63	696952.0	696.952	32.45716666666666	39.43766666666666	40.2675	32.424143	39.433193	40.26394	81.715036	2717175.0	45.28625	1280	720	60.0	8	e814232db19bd55af177e20871ce7e4f	06d7bcac0dd79f544a12d339c25fa698	1280	720	4809.0	3.0	397.0	2442.0
Netflix_SquareAndTimelapse_1920x	Netflix_SquareAndTimelapse_1920x	svtav1	svtav1_20190826_57fe601	60	20	23894296.0	23894.296	45.01816666666666	49.262333333333345	48.50716666666664	44.977932	49.245305	48.484294	99.938425	4515375.0	75.25625	1920	1080	60.0	8	2af410de00ef717c3b27d1bb726b82ff	b4bc34d81a782da18ed015c4ae767a88	1920	1080	8294.0	3.0	2721.0	6316.0
Netflix_SquareAndTimelapse_1920x	Netflix_SquareAndTimelapse_1920x	svtav1	svtav1_20190826_57fe601	60	32	13337592.0	13337.592	42.606833333333334	47.51983333333333	46.52549999999999	42.556675	47.49906	46.498996	99.906323	4780815.0	79.68025	1920	1080	60.0	8	df15f5b7f5249141fbb7b75d5d9fbc7d	d58c037809aad408c73794b9392abc7b	1920	1080	9516.0	4.0	2246.0	6680.0
Netflix_SquareAndTimelapse_1920x	Netflix_SquareAndTimelapse_1920x	svtav1	svtav1_20190826_57fe601	60	43	7321984.0	7321.984	39.706999999999994	45.264	44.12833333333332	39.646564	45.244497	44.101524	99.087456	8630263.0	143.83771666666667	1920	1080	60.0	8	8fd30f3f6e85a119f83ea43c98f36ef2	2818849ad3247b369dddb1d145d19adf	1920	1080	9059.0	13.0	2808.0	7742.0
Netflix_SquareAndTimelapse_1920x	Netflix_SquareAndTimelapse_1920x	svtav1	svtav1_20190826_57fe601	60	55	3947304.0	3947.3039999999996	36.572500000000005	43.013333333333335	41.78849999999999	36.495403	42.99142100000001	41.75802	91.814711	2919656.0	48.66093333333333	1920	1080	60.0	8	910ae08e14660e96b99be4efe1d925f5	ef58ef75aff87d602b0af38b6f860991	1920	1080	8839.0	3.0	1497.0	6367.0
Netflix_SquareAndTimelapse_1920x	Netflix_SquareAndTimelapse_1920x	svtav1	svtav1_20190826_57fe601	60	63	1860968.0	1860.968	32.86566666666666	40.10333333333334	38.85733333333334	32.800257	40.089462	38.836517	75.593807	4627532.0	77.12553333333334	1920	1080	60.0	8	68d82bdb3105a226496bf49fea69bdce	75f87ac45bd14d7efbbec6f07f4d371f	1920	1080	8952.0	3.0	1091.0	7281.0
DOTA2_60f_420	DOTA2_60f_420	svtav1	svtav1_20190826_57fe601	60	20	19817656.0	19817.656	45.95683333333332	49.791000000000004	49.84833333333333	45.835733	49.719393	49.796594	97.647001	6337366.0	105.62276666666666	1920	1080	60.0	8	d8cf472ae01bf0d84e65b1223ac51213	4b7669a516bbf969a9ad6d85dfd9a314	1920	1080	8779.0	3.0	1979.0	5936.0
DOTA2_60f_420	DOTA2_60f_420	svtav1	svtav1_20190826_57fe601	60	32	9929816.0	9929.816	43.637499999999996	47.777666666666654	47.975666666666676	43.52572	47.688178	47.926888	96.032355	6227734.0	103.79556666666667	1920	1080	60.0	8	1b7397675e70f9e5d08f4b859d88f44f	eea86c6a994f4d9093b200b20dc0767f	1920	1080	9285.0	11.0	1590.0	6392.0
DOTA2_60f_420	DOTA2_60f_420	svtav1	svtav1_20190826_57fe601	60	43	4941024.0	4941.024	41.147499999999994	45.51449999999999	45.806999999999995	41.029692	45.398838	45.756593	93.10347699999998	5436810.0	90.6135	1920	1080	60.0	8	b40655c404baaaf39f4832ea34716509	1b99264f39fe3631fbf2539ba47bc3cb	1920	1080	8894.0	3.0	1117.0	6565.0
DOTA2_60f_420	DOTA2_60f_420	svtav1	svtav1_20190826_57fe601	60	55	2188216.0	2188.216	38.100166666666674	42.713333333333324	43.09000000000001	37.980609	42.597709	43.052394	86.678603	3354627.0	55.91045	1920	1080	60.0	8	75cb659f9511ce7103ad0e5a5adf500a	cc27884109baa87430c07a5826557550	1920	1080	10384.0	10.0	1539.0	6683.0
DOTA2_60f_420	DOTA2_60f_420	svtav1	svtav1_20190826_57fe601	60	63	852216.0	852.216	34.447333333333326	39.35366666666666	39.66250000000001	34.391032	39.304293	39.652102	71.8103	8329459.0	138.82431666666668	1920	1080	60.0	8	be257622c2668dcb10d5d51577007036	8e9a8b9ad21a8638f5690ec262435f61	1920	1080	9939.0	15.0	1324.0	11396.0
MINECRAFT_60f_420	MINECRAFT_60f_420	svtav1	svtav1_20190826_57fe601	29	20	86784912.0	86784.912	44.30896551724138	46.724482758620695	47.2551724137931	44.080814	46.566724	47.133102	99.899278	7541818.0	125.69696666666667	1920	1080	60.0	8	fd0e9fb9291743281538f13c14f9a160	939d0420d1dc34848506d119fc312da9	1920	1080	5363.0	2.0	3847.0	2957.0
MINECRAFT_60f_420	MINECRAFT_60f_420	svtav1	svtav1_20190826_57fe601	30	32	51324128.0	51324.128	39.65733333333332	44.739333333333335	44.62033333333332	39.328864	44.602199	42.40691	99.849206	7571160.0	126.186	1920	1080	60.0	8	17547fdf9450b049851a2b581cc77381	03177b6fcf5ab656e6357a31f87875ac	1920	1080	5418.0	3.0	2946.0	2942.0
MINECRAFT_60f_420	MINECRAFT_60f_420	svtav1	svtav1_20190826_57fe601	30	43	23075104.0	23075.104	35.10733333333334	42.86400000000001	42.54900000000001	34.797873	42.75536	41.10750500000001	96.990705	12803629.0	213.39381666666668	1920	1080	60.0	8	2329976b91bea3e35102e9d12abb9b07	f672330db9838404a13ddb1faf4f241b	1920	1080	5320.0	8.0	2000.0	3054.0
MINECRAFT_60f_420	MINECRAFT_60f_420	svtav1	svtav1_20190826_57fe601	30	55	9167360.0	9167.360000000002	31.92133333333333	40.894666666666666	40.56333333333335	31.705215	40.81877	39.646325	84.586057	12421690.0	207.02816666666666	1920	1080	60.0	8	28757e66c909e47ab511c9c5b0ca0afb	b90945df517c48fec0fdae7bbaeb8403	1920	1080	5129.0	4.0	1113.0	3143.0
MINECRAFT_60f_420	MINECRAFT_60f_420	svtav1	svtav1_20190826_57fe601	30	63	3190400.0	3190.4	29.015	38.36166666666667	38.38533333333334	28.862689	38.317798	37.860225	62.209457	8429086.0	140.48476666666667	1920	1080	60.0	8	b58f8b93c61b7c9d4a701a2bed145eb6	311f66c7ed3deae93cbee9c4463c40ef	1920	1080	5751.0	3.0	664.0	2986.0
Netflix_TunnelFlag_1920x1080_60f	Netflix_TunnelFlag_1920x1080_60f	svtav1	svtav1_20190826_57fe601	60	20	33789896.0	33789.896	43.214000000000006	47.424333333333344	48.88549999999999	43.154292000000005	47.400623	48.874488	99.948848	9295327.0	154.92211666666665	1920	1080	60.0	8	89fd5dd31e499a6173bc00c6beeb03a5	ba453a47f39bedeb11a494170e2d4469	1920	1080	11044.0	10.0	6038.0	7543.0
Netflix_TunnelFlag_1920x1080_60f	Netflix_TunnelFlag_1920x1080_60f	svtav1	svtav1_20190826_57fe601	60	32	17333176.0	17333.176	41.07333333333335	46.14216666666666	47.79366666666665	41.012832	46.126507	47.78636199999999	99.926689	12933467.0	215.55778333333333	1920	1080	60.0	8	f77ab0b98d8af785a3c372e668cc5e61	782d0b457f28e36123dbaa011dc512f6	1920	1080	10556.0	6.0	2787.0	6299.0
Netflix_TunnelFlag_1920x1080_60f	Netflix_TunnelFlag_1920x1080_60f	svtav1	svtav1_20190826_57fe601	60	43	8714904.0	8714.904	38.59816666666666	44.30133333333332	46.19516666666666	38.527707	44.282886	46.186613	99.888778	5338694.0	88.97823333333334	1920	1080	60.0	8	9444ef2b0e6b6c8878fb96518de47acd	4e1572fb58e945d3d77aa1e6c3f0d7de	1920	1080	9027.0	3.0	2103.0	6221.0
Netflix_TunnelFlag_1920x1080_60f	Netflix_TunnelFlag_1920x1080_60f	svtav1	svtav1_20190826_57fe601	60	55	4547992.0	4547.992	36.06283333333332	42.169833333333344	44.26216666666665	35.981643	42.146825	44.245523	99.812631	4211702.0	70.19503333333333	1920	1080	60.0	8	bda464ee53e4f3832a664aee5e54f6b1	393afd29cdbd858cd7dd5d0c9368118d	1920	1080	8604.0	3.0	1750.0	6213.0
Netflix_TunnelFlag_1920x1080_60f	Netflix_TunnelFlag_1920x1080_60f	svtav1	svtav1_20190826_57fe601	60	63	2306288.0	2306.288	33.071333333333335	39.32866666666667	41.217999999999996	33.001249	39.313172	41.205123	98.399109	7469082.0	124.4847	1920	1080	60.0	8	467a8497b6bbf2e3de8f1f543f904f8c	3cef6cdac1147a405f83359ede1a5e0a	1920	1080	8688.0	14.0	1692.0	6660.0
thaloundeskmtg360p_60f	thaloundeskmtg360p_60f	svtav1	svtav1_20190826_57fe601	60	20	1081812.0	1081.812	44.663833333333336	48.677333333333344	48.66383333333333	44.373286	48.610915	48.608478	96.954057	2117808.0	35.2968	640	360	30.0	8	27258eddb66ecf4233d087c9dc47b9df	fc24a0e6f3861a0e0d17b4e3a0e94062	640	360	1419.0	10.0	248.0	562.0
thaloundeskmtg360p_60f	thaloundeskmtg360p_60f	svtav1	svtav1_20190826_57fe601	60	32	490296.0	490.296	42.704666666666675	47.239166666666684	47.268666666666675	42.328449	47.156628	47.195205	95.759591	774349.0	12.905816666666666	640	360	30.0	8	2da15311c54e52d421c7bf47cc937137	eb7e0946e212b0415267fd042db1fbd5	640	360	1224.0	3.0	165.0	575.0
thaloundeskmtg360p_60f	thaloundeskmtg360p_60f	svtav1	svtav1_20190826_57fe601	60	43	255484.0	255.484	40.53550000000002	45.53533333333335	45.50083333333332	40.056202	45.421074	45.373465	93.461229	495858.0	8.2643	640	360	30.0	8	c7f9247c9d5bd16a384291661fd771b1	3229e9672a0d55c906b0d37f4a8cf440	640	360	1439.0	14.0	232.0	1018.0
thaloundeskmtg360p_60f	thaloundeskmtg360p_60f	svtav1	svtav1_20190826_57fe601	60	55	138004.0	138.004	37.727833333333336	43.28816666666666	43.256499999999996	37.130056	43.108702	43.082055	89.022835	456239.0	7.603983333333334	640	360	30.0	8	5ff06293d80177eb53c2c5872e1681bc	90d384fd551f8541ea05022d7a4c7d9d	640	360	1398.0	3.0	101.0	610.0
thaloundeskmtg360p_60f	thaloundeskmtg360p_60f	svtav1	svtav1_20190826_57fe601	60	63	71900.0	71.9	33.94966666666668	40.23799999999999	40.45683333333333	33.196944	40.076079	40.311742	78.246711	1132722.0	18.8787	640	360	30.0	8	95ada72813225cd8623f80c731e6d321	3b27d0890f4bead9e4d0430368c3d1a1	640	360	1394.0	3.0	86.0	563.0
touchdown_pass_1080p_60f	touchdown_pass_1080p_60f	svtav1	svtav1_20190826_57fe601	60	20	26376223.0	26376.223	41.36150000000001	48.349166666666676	48.492166666666655	41.164418	48.315163	48.459551	96.518486	10273730.0	171.22883333333334	1920	1080	29.97	8	e47688b95837cd80cad7786f61837ace	d61fae0dc556c8eab25a407d73840cf5	1920	1080	12615.0	6.0	6145.0	6226.0
touchdown_pass_1080p_60f	touchdown_pass_1080p_60f	svtav1	svtav1_20190826_57fe601	60	32	6824103.0	6824.103	38.93133333333334	47.470333333333315	47.594500000000004	38.85086	47.461791	47.587204	93.939054	11530279.0	192.17131666666666	1920	1080	29.97	8	740369fa749b072909b803ed13c89fc4	ce55ee9a9152778fa857aa60117c60ab	1920	1080	9150.0	2.0	2067.0	6250.0
touchdown_pass_1080p_60f	touchdown_pass_1080p_60f	svtav1	svtav1_20190826_57fe601	60	43	2436664.0	2436.664	37.43366666666667	46.44350000000001	46.50350000000001	37.400113	46.437029	46.496222	90.46396	5267174.0	87.78623333333333	1920	1080	29.97	8	d55e0f697543c10c0cb6122a18841af3	9be36fabbdd417080cc9c61b56059cfd	1920	1080	9680.0	7.0	1590.0	6648.0
touchdown_pass_1080p_60f	touchdown_pass_1080p_60f	svtav1	svtav1_20190826_57fe601	60	55	1132409.0	1132.409	35.592499999999994	45.2695	45.288666666666664	35.546794	45.260267	45.27740099999999	83.550131	4989887.0	83.16478333333333	1920	1080	29.97	8	e8b8cc495ef79193d0467ed6dcdfc52a	c0ab7c003a1871507d3c52ed7a0c1836	1920	1080	9270.0	3.0	1077.0	7591.0
touchdown_pass_1080p_60f	touchdown_pass_1080p_60f	svtav1	svtav1_20190826_57fe601	60	63	466496.0	466.496	32.85233333333335	43.586000000000006	43.654500000000006	32.802008	43.574876	43.640253	66.714484	6782403.0	113.04005	1920	1080	29.97	8	c72b379ac9e3c76b8468deedf4c45bef	604e2291a40e2b570b78a5e9686f63b4	1920	1080	10179.0	3.0	791.0	6483.0
Starting_1920x1080p_50_10b_pq_70	Starting_1920x1080p_50_10b_pq_70	svtav1	svtav1_20190826_57fe601	30	20	13892093.0	13892.093	47.282666666666685	50.25799999999999	51.406666666666666	47.0571	50.146766	44.836286	96.135014	930861.0	15.51435	1920	1080	50.0	10	7ab38c003486276f4b4b086082f316db	7381377ca041afd5f629e7ba00fee097	1920	1080	6518.0	3.0	1195.0	2934.0
Starting_1920x1080p_50_10b_pq_70	Starting_1920x1080p_50_10b_pq_70	svtav1	svtav1_20190826_57fe601	30	32	6056826.0	6056.826	45.74033333333333	49.036333333333324	49.88966666666668	45.61895	48.99335	44.503562	95.150751	598508.0	9.975133333333334	1920	1080	50.0	10	dcac2abda42568419d1da1eff192e529	a3436c20fa60c8ebc7939b0fe3183d68	1920	1080	6521.0	2.0	812.0	2952.0
Starting_1920x1080p_50_10b_pq_70	Starting_1920x1080p_50_10b_pq_70	svtav1	svtav1_20190826_57fe601	30	43	2946133.0	2946.133	43.957666666666675	47.618333333333325	47.98266666666667	43.876222	47.607945	43.929253	93.39065	829070.0	13.817833333333333	1920	1080	50.0	10	038bde0153cd4e9112ea0f83647752ba	7561ea5b88caf0dd253552229afa9ffe	1920	1080	7858.0	5.0	1016.0	4651.0
Starting_1920x1080p_50_10b_pq_70	Starting_1920x1080p_50_10b_pq_70	svtav1	svtav1_20190826_57fe601	30	55	1447333.0	1447.333	41.24733333333334	45.62366666666666	45.48066666666667	41.207525	45.622318	42.861778	89.100146	1734225.0	28.90375	1920	1080	50.0	10	c6f10d2bb4e5221c3241678b8a6c7f79	e5e9c13b83b1161def86abca57569da0	1920	1080	7141.0	3.0	652.0	2922.0
Starting_1920x1080p_50_10b_pq_70	Starting_1920x1080p_50_10b_pq_70	svtav1	svtav1_20190826_57fe601	30	63	552986.0	552.986	36.45133333333333	43.041000000000004	42.7686666666667	36.444912	43.040702	41.273831	74.87549400000002	587104.0	9.785066666666667	1920	1080	50.0	10	a6c1a7ccd86222f0bc55f3e63a000ffb	cabc8c730258879b5d772e995cd57cbf	1920	1080	6680.0	4.0	635.0	4120.0
red_kayak_360p_60f	red_kayak_360p_60f	svtav1	svtav1_20190826_57fe601	60	20	9425128.0	9425.128	41.3765	44.87750000000002	49.37133333333333	41.23745999999999	44.808058	49.34639	99.935162	3294656.0	54.91093333333333	640	360	29.97	8	5d32292ec4c5e9451ff7bf9c3e6a5aac	12a38513fa959389cfe416d948a775c0	640	360	1960.0	15.0	1016.0	658.0
red_kayak_360p_60f	red_kayak_360p_60f	svtav1	svtav1_20190826_57fe601	60	32	5519091.0	5519.091	36.75966666666666	42.419000000000004	47.86483333333332	36.569813	42.348177	47.833672	99.817685	3836020.0	63.93366666666667	640	360	29.97	8	eb5a37f383d2695b460bce7d246dc6af	427453ba51a9618b819eb0709eaa050b	640	360	1867.0	2.0	752.0	583.0
red_kayak_360p_60f	red_kayak_360p_60f	svtav1	svtav1_20190826_57fe601	60	43	2584478.0	2584.478	32.17483333333332	40.14583333333333	46.631499999999996	31.977653999999998	40.077485	46.60242	87.155072	1696448.0	28.27413333333333	640	360	29.97	8	3491cac1f483f64212b277d173e03ad0	092df3452d5a5cb76a72e1cb1db3cb4d	640	360	2671.0	22.0	1064.0	1080.0
red_kayak_360p_60f	red_kayak_360p_60f	svtav1	svtav1_20190826_57fe601	60	55	885164.0	885.164	28.376499999999997	38.09683333333333	45.27433333333334	28.220689	38.038242	45.224943	61.702749	2971880.0	49.531333333333336	640	360	29.97	8	f3bbeb800b0db0cb34cb5475b8a42e90	6f0b7278e6e96f4035f32026bcae83dd	640	360	2496.0	20.0	580.0	687.0
red_kayak_360p_60f	red_kayak_360p_60f	svtav1	svtav1_20190826_57fe601	60	63	224369.0	224.369	25.805166666666665	36.51483333333335	43.88149999999999	25.685482	36.460113	43.67614	27.254862	804103.0	13.401716666666667	640	360	29.97	8	44e1dae110dd7908b6f976a713b3cfcd	2fc6cf11308e9c6a7974faf183b03f8f	640	360	1578.0	15.0	350.0	634.0
