KristenAndSara_1280x720_60_10b	KristenAndSara_1280x720_60_10b	svtav1	svtav1_20200227_1ffe062_enc-mode0	60	20	0	3295464.0	3295.464	44.92666666666667	49.54633333333334	50.574	44.916362	49.543284	50.57226	97.08603526204757	2251166.0	37.51943333333333	3534.24	1280	720	60.0	10	c8e8762219c96397613b3372022b9878	40cef9d0cf5c7750b603fff3c5b00ea9	1280	720	9165.0	4.0	1059.0	10588.0	True	True	0.9963212311267853	0.9957481154525772
KristenAndSara_1280x720_60_10b	KristenAndSara_1280x720_60_10b	svtav1	svtav1_20200227_1ffe062_enc-mode0	60	32	0	1193440.0	1193.44	43.57483333333333	48.60083333333333	49.546	43.564572	48.598339	49.5434	96.08087968502262	1256349.0	20.93915	2176.51	1280	720	60.0	10	f8da31640348ccce7ccfc1d831126d4c	ba9d3e0ceef44a421e3b93c4e44453d4	1280	720	9776.0	6.0	843.0	10003.0	True	True	0.9949592481056849	0.9945057008691767
KristenAndSara_1280x720_60_10b	KristenAndSara_1280x720_60_10b	svtav1	svtav1_20200227_1ffe062_enc-mode0	60	43	0	658808.0	658.8079999999999	42.220666666666666	47.57583333333333	48.51100000000001	42.201857	47.571651	48.505437	94.53477106521399	1574249.0	26.237483333333333	2567.41	1280	720	60.0	10	dd117dd586862f82393856a1fc997785	cb5d537d172a81d75b7c5bb7591da77e	1280	720	9692.0	10.0	784.0	14772.0	True	True	0.9927470008532207	0.9926443908385533
KristenAndSara_1280x720_60_10b	KristenAndSara_1280x720_60_10b	svtav1	svtav1_20200227_1ffe062_enc-mode0	60	55	0	302304.0	302.304	39.4775	45.04033333333335	46.2	39.449224	45.033834	46.19283699999999	89.32663636935925	905785.0	15.096416666666666	1404.55	1280	720	60.0	10	c04cb4a4c3dfb6804a4971c5963c21dd	4fdecef4837cb8d321352945a1b4c5c9	1280	720	8646.0	12.0	825.0	11744.0	True	True	0.9854751507441203	0.9867376598164815
KristenAndSara_1280x720_60_10b	KristenAndSara_1280x720_60_10b	svtav1	svtav1_20200227_1ffe062_enc-mode0	60	59	0	193408.0	193.408	37.462	43.27600000000002	44.36549999999999	37.439545	43.269948	44.360809	83.28217112650121	852326.0	14.205433333333334	1330.46	1280	720	60.0	10	61d15e09ca11a6d86831d2a3bb3b5dae	828f9da427f09210aa01e2edb216a317	1280	720	8926.0	6.0	728.0	10520.0	True	True	0.9775037676095962	0.980346973108795
blue_sky_360p_60f	blue_sky_360p_60f	svtav1	svtav1_20200227_1ffe062_enc-mode0	60	20	0	1259743.0	1259.743	44.29633333333334	45.42499999999999	47.11	44.217097	45.347253	47.057016	99.95216912290174	554138.0	9.235633333333332	948.89	640	360	25.0	8	22c798b25e892db65dbdd317db051ec4	11eb946ffe8147f262f807320bf86369	640	360	1906.0	7.0	414.0	3011.0	True	True	0.9927209963401159	0.9985697434239875
blue_sky_360p_60f	blue_sky_360p_60f	svtav1	svtav1_20200227_1ffe062_enc-mode0	60	32	0	622673.0	622.673	41.315000000000005	43.18016666666667	44.75600000000002	41.191407	43.102386	44.709499	99.92974385841718	501289.0	8.354816666666666	838.53	640	360	25.0	8	e18c64d2a4eb2e531b21cc9d94034018	0fc3d97ccc7e55936e87d8f0e7062bb7	640	360	1861.0	5.0	292.0	4150.0	True	True	0.9893956939379375	0.9978114617670073
blue_sky_360p_60f	blue_sky_360p_60f	svtav1	svtav1_20200227_1ffe062_enc-mode0	60	43	0	350273.0	350.273	38.670833333333334	40.877666666666634	42.63166666666668	38.500374	40.793171	42.585223	99.43614741744831	366492.0	6.1082	639.79	640	360	25.0	8	d6ad295f3138cf6c45432d385f513a1d	a1c19a98683e2e8e80da90dc0b331297	640	360	1811.0	4.0	245.0	2886.0	True	True	0.9841451068719228	0.9964482186556605
blue_sky_360p_60f	blue_sky_360p_60f	svtav1	svtav1_20200227_1ffe062_enc-mode0	60	55	0	154430.0	154.43	34.88633333333334	37.15616666666666	39.36616666666668	34.753239	37.103951	39.343802	92.78310589566289	271973.0	4.532883333333333	475.51	640	360	25.0	8	10882d4e4738345365899c7ae58c240b	b16067c476d35fb2314a21959ff8a911	640	360	1960.0	12.0	209.0	2803.0	True	True	0.96810415883859	0.9922404525424257
blue_sky_360p_60f	blue_sky_360p_60f	svtav1	svtav1_20200227_1ffe062_enc-mode0	60	59	0	96026.0	96.026	32.41216666666667	35.57566666666666	38.23983333333334	32.346249	35.557454	38.223562	85.57980893099247	265556.0	4.425933333333333	420.28	640	360	25.0	8	31e9ef16900fa2c8e745dd39956bd88c	e1f6bb0e35f38ff8d1da55f9866522a7	640	360	2030.0	6.0	238.0	4184.0	True	True	0.9497208803892135	0.9869287394745686
Aerial_1920x1080_2997_10b	Aerial_1920x1080_2997_10b	svtav1	svtav1_20200227_1ffe062_enc-mode0	60	20	0	9434278.0	9434.278	43.54816666666668	45.98416666666667	45.310166666666646	43.496976	45.963919	45.292892	96.43451515621759	4392043.0	73.20071666666666	6684.19	1920	1080	29.97	10	5fed97617108c4cb5b2d0573794fe975	2a83125253207b158d68c25d9cc6eb18	1920	1080	23237.0	9.0	2904.0	25154.0	True	True	0.9989676107962926	0.997939455187986
Aerial_1920x1080_2997_10b	Aerial_1920x1080_2997_10b	svtav1	svtav1_20200227_1ffe062_enc-mode0	60	32	0	4850098.0	4850.098	41.66133333333333	44.562500000000014	44.08683333333334	41.600588	44.549625	44.079195	95.21172034189581	4038337.0	67.30561666666667	6388.37	1920	1080	29.97	10	696545745231eb4f3f88ca4fb4f87ae5	8d6e0811e9c176b50ba00757c7d7cd83	1920	1080	26974.0	3.0	2171.0	24693.0	True	True	0.9984127402305603	0.9969705929409685
Aerial_1920x1080_2997_10b	Aerial_1920x1080_2997_10b	svtav1	svtav1_20200227_1ffe062_enc-mode0	60	43	0	2807047.0	2807.047	39.41183333333332	42.89899999999999	42.795666666666676	39.35417300000001	42.889587	42.791326	92.97424305335925	3107234.0	51.78723333333333	4547.92	1920	1080	29.97	10	fb4b7643fc53cd8bcab0b1b181e1825f	184b04da5f599154a46cd7eb8b8c26b3	1920	1080	23753.0	4.0	2353.0	24566.0	True	True	0.997315643231074	0.9950568697280141
Aerial_1920x1080_2997_10b	Aerial_1920x1080_2997_10b	svtav1	svtav1_20200227_1ffe062_enc-mode0	60	55	0	1138898.0	1138.898	34.97633333333333	39.986666666666686	40.60866666666664	34.959589	39.984057	40.608044	85.4660613149788	2740334.0	45.67223333333333	3971.87	1920	1080	29.97	10	787f711fd7ba5d355c3b208cf5500904	34752a560a60ab87a1879979288330ba	1920	1080	24485.0	23.0	1474.0	25429.0	True	True	0.9924457321564356	0.9863210235671498
Aerial_1920x1080_2997_10b	Aerial_1920x1080_2997_10b	svtav1	svtav1_20200227_1ffe062_enc-mode0	60	59	0	608199.0	608.199	32.07366666666667	38.456500000000034	39.59966666666663	32.068966	38.455193	39.599802	76.58217776000716	2606534.0	43.442233333333334	3803.64	1920	1080	29.97	10	da5864fd7e0c94a4812ebdd3658f948e	eee7d5a6c31bec55c5b8414997a9e62e	1920	1080	27430.0	17.0	1353.0	26680.0	True	True	0.9839742918809254	0.9709110802108392
RollerCoastPas_1920x1080_2997_10	RollerCoastPas_1920x1080_2997_10	svtav1	svtav1_20200227_1ffe062_enc-mode0	60	20	0	3174505.0	3174.505	45.098666666666674	45.31383333333335	43.894833333333324	45.096504	45.312795	43.890932	97.12042636486169	3069080.0	51.15133333333333	4674.47	1920	1080	29.97	10	fd1f9c3d73ef9b488ce307f0ccae31c9	fba2fa077d65ec6b9e8ae021ea9c0e2c	1920	1080	22500.0	6.0	2236.0	25226.0	True	True	0.998649001121521	0.9969170755539197
RollerCoastPas_1920x1080_2997_10	RollerCoastPas_1920x1080_2997_10	svtav1	svtav1_20200227_1ffe062_enc-mode0	60	32	0	1366841.0	1366.841	43.93966666666668	44.60399999999998	43.084999999999994	43.93685	44.604169	43.083902	96.33676775706857	3367805.0	56.13008333333333	5125.31	1920	1080	29.97	10	5d868a7b22d961a2b6099d14453b0222	ff184c73558265a58dcacc0108242b6b	1920	1080	22562.0	7.0	2164.0	28646.0	True	True	0.9981114327907562	0.9960118948642237
RollerCoastPas_1920x1080_2997_10	RollerCoastPas_1920x1080_2997_10	svtav1	svtav1_20200227_1ffe062_enc-mode0	60	43	0	763409.0	763.409	42.2975	43.62516666666666	42.24400000000001	42.290028	43.624107	42.243533	94.78167032831742	1860515.0	31.008583333333334	3102.4	1920	1080	29.97	10	c16043f45a23098f00d98adf4725490a	1cf6e2e8b5f2af1f1c4a1cd4332453d2	1920	1080	21776.0	15.0	1362.0	22792.0	True	True	0.9969395558039348	0.9942211030083506
RollerCoastPas_1920x1080_2997_10	RollerCoastPas_1920x1080_2997_10	svtav1	svtav1_20200227_1ffe062_enc-mode0	60	55	0	314300.0	314.3	38.6775	41.0475	39.90533333333331	38.664707	41.046472	39.904181	88.71390557904752	1960724.0	32.678733333333334	2842.37	1920	1080	29.97	10	a04e12b9e8b64741ae45d05acab2be8c	63a5e0ff41eac0e1531c3c4cd3562078	1920	1080	21383.0	4.0	1817.0	30339.0	True	True	0.99151844282945	0.9870119977574379
RollerCoastPas_1920x1080_2997_10	RollerCoastPas_1920x1080_2997_10	svtav1	svtav1_20200227_1ffe062_enc-mode0	60	59	0	197067.0	197.067	36.37066666666667	39.40516666666667	38.401499999999984	36.351	39.403575	38.399105	81.88710816774295	1825187.0	30.419783333333335	2503.4	1920	1080	29.97	10	29631e8dd2e4e468031546906bcfeab2	11361ced9285ce1d2a24e05e6154ff09	1920	1080	22512.0	17.0	1356.0	24419.0	True	True	0.9841093579928081	0.9782072186410254
BarScene1_1920x1080_2997_10b	BarScene1_1920x1080_2997_10b	svtav1	svtav1_20200227_1ffe062_enc-mode0	60	20	0	1898655.0	1898.655	42.50683333333333	44.79750000000002	43.79183333333333	42.506502	44.79708	43.790085	93.20144824947593	2781428.0	46.35713333333333	4855.17	1920	1080	29.97	10	f81936c8cd48582fc7d28ccb9d1c25e1	b98de4f95316c17e2769bbef0be1a7e0	1920	1080	20669.0	4.0	1855.0	23156.0	True	True	0.9959154556194941	0.9911013303211712
BarScene1_1920x1080_2997_10b	BarScene1_1920x1080_2997_10b	svtav1	svtav1_20200227_1ffe062_enc-mode0	60	32	0	453235.0	453.235	42.15300000000002	44.59699999999997	43.476833333333325	42.152566	44.597039	43.476651	92.04203622042861	2949407.0	49.15678333333334	4362.78	1920	1080	29.97	10	d39e33e878db3f3660f3a3833a4cd61a	ca247af65c5b3ad468d1b1d6d15a2d20	1920	1080	25623.0	5.0	1116.0	25142.0	True	True	0.9951500048240026	0.9900853140786485
BarScene1_1920x1080_2997_10b	BarScene1_1920x1080_2997_10b	svtav1	svtav1_20200227_1ffe062_enc-mode0	60	43	0	223759.0	223.759	41.6446666666667	44.40066666666669	43.30249999999999	41.644308	44.40095	43.302198	89.98982852422516	2144600.0	35.74333333333333	3076.04	1920	1080	29.97	10	8c09192c427c3f283c79ec1c4c866f65	d0deafe2be126d95ec343531be273f43	1920	1080	29944.0	6.0	1056.0	26358.0	True	True	0.99383851091067	0.9883855346894745
BarScene1_1920x1080_2997_10b	BarScene1_1920x1080_2997_10b	svtav1	svtav1_20200227_1ffe062_enc-mode0	60	55	0	91242.0	91.242	40.42833333333338	43.83116666666667	42.81616666666667	40.427473	43.830978	42.815974	83.39523487531393	1590910.0	26.515166666666666	2254.76	1920	1080	29.97	10	0d5f2e6bbccb9332b23f3ecf1c9a153e	fe83ea1e78274c123149148f9002fd15	1920	1080	20874.0	5.0	1173.0	24588.0	True	True	0.9888791342576345	0.9832039503381284
BarScene1_1920x1080_2997_10b	BarScene1_1920x1080_2997_10b	svtav1	svtav1_20200227_1ffe062_enc-mode0	60	59	0	59503.0	59.503	39.4661666666667	43.24966666666666	42.35233333333331	39.464182	43.249216	42.352433	76.54944604681681	1443865.0	24.064416666666666	2097.5	1920	1080	29.97	10	c87cf4d882f410ce5e2e184ecdb2e9fb	58739150e5e99c7caa7333cea644f5f9	1920	1080	25843.0	4.0	1162.0	24224.0	True	True	0.9836164643367131	0.9785070546585749
DOTA2_60f_420	DOTA2_60f_420	svtav1	svtav1_20200227_1ffe062_enc-mode0	60	20	0	15135096.0	15135.096	45.362166666666674	48.94799999999998	49.11599999999998	45.320997	48.88649	49.08681	97.54491709304634	3757854.0	62.6309	5998.51	1920	1080	60.0	8	0d67ea872d51d510a42cce4c3fef148a	e16ce8bdc55c543d065f783843cebd61	1920	1080	12440.0	5.0	1973.0	23794.0	True	True	0.9985765059789021	0.997235578827174
DOTA2_60f_420	DOTA2_60f_420	svtav1	svtav1_20200227_1ffe062_enc-mode0	60	32	0	7409016.0	7409.016	42.96433333333334	46.895499999999984	47.154666666666664	42.880338	46.79334000000001	47.10648	95.66894463590337	3634435.0	60.57391666666667	5852.19	1920	1080	60.0	8	7cbe8a3bca4297f572c1781b7eda0fcf	78a5ca539e23a3acd54d85d2b4abbd23	1920	1080	13035.0	8.0	1587.0	25056.0	True	True	0.9972361574570338	0.9949712368242777
DOTA2_60f_420	DOTA2_60f_420	svtav1	svtav1_20200227_1ffe062_enc-mode0	60	43	0	3408768.0	3408.7680000000005	40.058	44.255499999999984	44.60033333333332	39.962209	44.150595	44.556958	91.56232385738652	2710872.0	45.1812	4347.19	1920	1080	60.0	8	45aaf5417f7b0e20803a7097d39284c2	b53d4b67dc1b6c800348fcbc7b4b2878	1920	1080	15691.0	4.0	1352.0	26777.0	True	True	0.9934039413928986	0.9891677172177358
DOTA2_60f_420	DOTA2_60f_420	svtav1	svtav1_20200227_1ffe062_enc-mode0	60	55	0	1316640.0	1316.64	36.44833333333334	40.906666666666666	41.20666666666666	36.374011	40.835103	41.180785	80.99197555867377	2065652.0	34.427533333333336	3033.84	1920	1080	60.0	8	b26584589a0d09ff58c5b00222df5248	e1b264fd212791df3184de186be8d03d	1920	1080	12571.0	16.0	1672.0	25009.0	True	True	0.9790334383646647	0.9722589284167367
DOTA2_60f_420	DOTA2_60f_420	svtav1	svtav1_20200227_1ffe062_enc-mode0	60	59	0	814720.0	814.72	34.635	39.263000000000005	39.52816666666665	34.581	39.211652	39.510605000000005	72.17284688347898	1655915.0	27.598583333333334	2436.6	1920	1080	60.0	8	ba843dbb742438633a91accaa2f6dce3	8e36670bfc7f6c78f59e8c0ef66b911a	1920	1080	13011.0	11.0	1081.0	25022.0	True	True	0.9641703029473623	0.9574457785074585
KristenAndSara_1280x720_60f	KristenAndSara_1280x720_60f	svtav1	svtav1_20200227_1ffe062_enc-mode0	60	20	0	3151144.0	3151.144	44.57966666666666	48.93999999999998	49.848	44.567298	48.937773	49.846421	96.89637309298986	1801036.0	30.017266666666668	2730.38	1280	720	60.0	8	025affb3dc2bd504314e09ffc6f1b7f0	fedacc13d4c777fb6508936704526b87	1280	720	5904.0	5.0	803.0	10521.0	True	True	0.995934322476387	0.995395305430883
KristenAndSara_1280x720_60f	KristenAndSara_1280x720_60f	svtav1	svtav1_20200227_1ffe062_enc-mode0	60	32	0	1250680.0	1250.68	43.41616666666667	48.174833333333325	49.085499999999996	43.406302	48.172092	49.083344	96.02046625842515	1261762.0	21.029366666666668	2007.66	1280	720	60.0	8	28bace098be3536f7bb7d2e5f1ac1083	01d19fa63e85922383326aa8bc263f18	1280	720	5584.0	7.0	571.0	10225.0	True	True	0.9946334342161814	0.9942217537650957
KristenAndSara_1280x720_60f	KristenAndSara_1280x720_60f	svtav1	svtav1_20200227_1ffe062_enc-mode0	60	43	0	653376.0	653.376	42.006499999999996	47.0595	47.999	41.988331	47.055355	47.994328	94.26426429764403	872554.0	14.542566666666668	1420.51	1280	720	60.0	8	3b4898ec6cb31d6e6c00a32ca86c574c	ab1b11b2e16c51f2e24fc52f2d6a0ef5	1280	720	5526.0	4.0	474.0	9976.0	True	True	0.9922588696082433	0.9922173353438576
KristenAndSara_1280x720_60f	KristenAndSara_1280x720_60f	svtav1	svtav1_20200227_1ffe062_enc-mode0	60	55	0	296512.0	296.512	39.28816666666665	44.67466666666666	45.86783333333333	39.262733	44.665859	45.862435	89.10174162945324	757521.0	12.62535	1211.48	1280	720	60.0	8	0319acc7cc722d2021fcd8f1b13c203f	09d955ddc8ebd3d36b8a56ecf0e40784	1280	720	5427.0	4.0	395.0	10376.0	True	True	0.9846491197745005	0.9860667280640156
KristenAndSara_1280x720_60f	KristenAndSara_1280x720_60f	svtav1	svtav1_20200227_1ffe062_enc-mode0	60	59	0	194560.0	194.56	37.40916666666666	43.119	44.14066666666666	37.386703	43.112471	44.134251	83.31803821029565	801959.0	13.365983333333334	1259.07	1280	720	60.0	8	9c6922d05ba967ee5d44a097e4197d7e	f3809bee0aa2879761affa9bc5cd3227	1280	720	6419.0	6.0	427.0	14262.0	True	True	0.9768968691428502	0.9798707442772873
Netflix_DrivingPOV_1280x720_60fp	Netflix_DrivingPOV_1280x720_60fp	svtav1	svtav1_20200227_1ffe062_enc-mode0	60	20	0	11145312.0	11145.312	42.782000000000004	46.39449999999999	45.0946666666667	42.753205	46.383552	45.087524	99.68331964147613	2720901.0	45.34835	4432.92	1280	720	60.0	8	7e21e3009bfa6bc8e407ee222b10ab02	db1b5a1ce91c7f5f89dd46e75432b8e0	1280	720	6983.0	36.0	1458.0	10006.0	True	True	0.997975625594457	0.9973987559574391
Netflix_DrivingPOV_1280x720_60fp	Netflix_DrivingPOV_1280x720_60fp	svtav1	svtav1_20200227_1ffe062_enc-mode0	60	32	0	5323216.0	5323.216	40.37100000000001	45.15500000000001	44.17183333333334	40.320198	45.134899	44.163516	98.58410979401633	2654050.0	44.23416666666667	4345.11	1280	720	60.0	8	cd4913f09a8a418fc7964c555dba2c0d	ced46202d5fcc82ef99f4266171f01f8	1280	720	39009.0	3.0	995.0	10186.0	True	True	0.9964151730140051	0.9954381349261638
Netflix_DrivingPOV_1280x720_60fp	Netflix_DrivingPOV_1280x720_60fp	svtav1	svtav1_20200227_1ffe062_enc-mode0	60	43	0	2677896.0	2677.896	37.901333333333326	43.56433333333332	43.11833333333334	37.832814	43.543562	43.111154000000006	96.09610187282593	1762463.0	29.374383333333334	2801.39	1280	720	60.0	8	cd299e52a58af4eccf63155696773e2a	cc62e1089e1420514bae77b07c08fb4d	1280	720	7220.0	10.0	954.0	10820.0	True	True	0.9919540385405222	0.9909968339963172
Netflix_DrivingPOV_1280x720_60fp	Netflix_DrivingPOV_1280x720_60fp	svtav1	svtav1_20200227_1ffe062_enc-mode0	60	55	0	1111944.0	1111.944	34.60133333333333	41.16683333333333	41.48916666666665	34.550255	41.149568	41.482525	89.38507252852268	1012099.0	16.868316666666665	1755.31	1280	720	60.0	8	ea9c134fba33f467ba6050cd60b216a8	5eba34b8172c91c7e45b96f3818a2675	1280	720	6702.0	4.0	565.0	9814.0	True	True	0.9845051348209382	0.9834044061355317
Netflix_DrivingPOV_1280x720_60fp	Netflix_DrivingPOV_1280x720_60fp	svtav1	svtav1_20200227_1ffe062_enc-mode0	60	59	0	662248.0	662.248	32.514500000000005	39.445166666666665	40.24583333333333	32.48856	39.435736	40.242596	82.4638197545399	1016686.0	16.944766666666666	1565.38	1280	720	60.0	8	afddbda9b7654bdd9e6197d57cd878c5	fd109ff0934f3fa2bcdfccff27b02952	1280	720	6938.0	21.0	525.0	10056.0	True	True	0.9762247423330943	0.974832165068074
Netflix_RollerCoaster_1280x720_6	Netflix_RollerCoaster_1280x720_6	svtav1	svtav1_20200227_1ffe062_enc-mode0	60	20	0	8207120.0	8207.12	44.8875	46.625333333333316	46.65883333333332	44.862743	46.608699	46.648386	99.92455996029202	2280699.0	38.01165	4117.99	1280	720	60.0	8	51f48be0b4dff333f760a8a6b74a7397	5b1156f60d545994744ffb9edb85285b	1280	720	5717.0	5.0	1272.0	9665.0	True	True	0.9979188213745753	0.9975378545784832
Netflix_RollerCoaster_1280x720_6	Netflix_RollerCoaster_1280x720_6	svtav1	svtav1_20200227_1ffe062_enc-mode0	60	32	0	3994368.0	3994.368	42.49266666666666	44.87116666666665	45.268333333333324	42.457865	44.848099	45.257258	99.85250948591212	2896173.0	48.26955	4857.98	1280	720	60.0	8	899e7390746ee414e4a57f7305f63d8a	da0684027bb41953e6cd038a08057d0c	1280	720	6557.0	5.0	1176.0	10541.0	True	True	0.9963244120279948	0.9958528550109309
Netflix_RollerCoaster_1280x720_6	Netflix_RollerCoaster_1280x720_6	svtav1	svtav1_20200227_1ffe062_enc-mode0	60	43	0	2127440.0	2127.44	40.108333333333334	43.04783333333332	43.828666666666656	40.059217	43.01477	43.814164	97.69511580491813	1545304.0	25.755066666666668	2769.22	1280	720	60.0	8	44e98a63aef37e3211bbe1d073c94f41	1e906dfa8ac2b0622439d17633daea43	1280	720	5993.0	3.0	771.0	9975.0	True	True	0.9932677100102106	0.9927539004303285
Netflix_RollerCoaster_1280x720_6	Netflix_RollerCoaster_1280x720_6	svtav1	svtav1_20200227_1ffe062_enc-mode0	60	55	0	932192.0	932.1920000000001	36.575333333333326	39.977666666666664	41.40666666666668	36.531609	39.943201	41.388535	87.70393340189727	1429126.0	23.818766666666665	2194.66	1280	720	60.0	8	537c64ea136b7d25babe66abd62e7423	88f968a7170df8242c1396370626d4ce	1280	720	6542.0	5.0	852.0	10269.0	True	True	0.981682401895523	0.9820580362022183
Netflix_RollerCoaster_1280x720_6	Netflix_RollerCoaster_1280x720_6	svtav1	svtav1_20200227_1ffe062_enc-mode0	60	59	0	645528.0	645.528	34.90266666666666	38.48833333333333	40.22566666666665	34.865754	38.448572	40.203288	79.79121820131857	1281059.0	21.350983333333332	1988.13	1280	720	60.0	8	7ec02c6c4c02b135f72b4c2259dc7e26	9c6815d9bddd7aebeb705b7438a0ab2c	1280	720	5775.0	6.0	760.0	11006.0	True	True	0.9710533022880554	0.9731001280204974
STARCRAFT_60f_420	STARCRAFT_60f_420	svtav1	svtav1_20200227_1ffe062_enc-mode0	60	20	0	6956120.0	6956.12	49.865166666666646	52.86116666666667	52.913499999999985	49.854312	52.852175	52.908499	97.5226440970779	2008832.0	33.480533333333334	3108.11	1920	1080	60.0	8	e769633c0480bb4d91a7450688abad29	8143a169f7256cb81ba6261737d0f4f7	1920	1080	11784.0	6.0	1237.0	25362.0	True	True	0.9995364397764206	0.9991080291958648
STARCRAFT_60f_420	STARCRAFT_60f_420	svtav1	svtav1_20200227_1ffe062_enc-mode0	60	32	0	4317848.0	4317.848	46.99550000000001	50.93033333333333	51.147499999999994	46.975613	50.90961	51.136828	96.85507398311053	2230285.0	37.171416666666666	3570.7	1920	1080	60.0	8	38245f6039e8ccb85bf8be88f98e08a2	2084f40ddd24b604fc2ac04f5d24ba91	1920	1080	12325.0	4.0	962.0	25655.0	True	True	0.999029936393102	0.9982903751293073
STARCRAFT_60f_420	STARCRAFT_60f_420	svtav1	svtav1_20200227_1ffe062_enc-mode0	60	43	0	2410640.0	2410.64	43.38316666666665	48.224166666666655	48.465500000000006	43.357777000000006	48.197548	48.453288	95.12244382987754	1640743.0	27.345716666666668	2433.56	1920	1080	60.0	8	f38eff02ef2453d9e00b115a1bcd2e73	654169f44d0545bf0b63de57a40fed99	1920	1080	11766.0	10.0	1152.0	25096.0	True	True	0.9977175851662954	0.9962560375534245
STARCRAFT_60f_420	STARCRAFT_60f_420	svtav1	svtav1_20200227_1ffe062_enc-mode0	60	55	0	990216.0	990.216	38.202333333333335	44.227833333333336	44.47483333333333	38.183411	44.203435	44.460975	89.02462520200464	1277393.0	21.289883333333332	1884.93	1920	1080	60.0	8	38105be5eba6437c4b24171bc2514626	a07feee9fdf387db3cb5ec4692327367	1920	1080	11283.0	5.0	994.0	23639.0	True	True	0.991268414258957	0.9877711536184545
STARCRAFT_60f_420	STARCRAFT_60f_420	svtav1	svtav1_20200227_1ffe062_enc-mode0	60	59	0	604376.0	604.376	35.66683333333333	42.27383333333337	42.352833333333336	35.650935	42.25479	42.341234	83.04403180777932	1280556.0	21.3426	1778.96	1920	1080	60.0	8	3937779d591ad9616b48644d3b5c98ac	87aac8997da50f8ec3ea09471e7a64a2	1920	1080	12332.0	4.0	1010.0	24199.0	True	True	0.983727831641833	0.978634904705558
dark720p_60f	dark720p_60f	svtav1	svtav1_20200227_1ffe062_enc-mode0	60	20	0	7215600.0	7215.6	46.26666666666666	43.547999999999995	44.75383333333335	46.207673	43.44158	44.661469	96.31121445882383	3171540.0	52.859	5102.06	1280	720	30.0	8	9d9cbcb3868a7fb99442a5a22270435d	7f9487a5f1717df20858b17d8c88f52e	1280	720	5521.0	9.0	2013.0	10624.0	True	True	0.994367441534996	0.9951560465509511
dark720p_60f	dark720p_60f	svtav1	svtav1_20200227_1ffe062_enc-mode0	60	32	0	1619432.0	1619.432	43.52099999999998	39.04066666666667	41.72349999999999	43.489191	38.963781	41.694386	93.22524897585667	2259299.0	37.654983333333334	3524.77	1280	720	30.0	8	87182d1d5ca3b3bdf1f7b1f4afe73889	46d10c8150247a5984d3c37cc5ad109d	1280	720	5107.0	3.0	1049.0	10236.0	True	True	0.9912132223447164	0.9926669171792449
dark720p_60f	dark720p_60f	svtav1	svtav1_20200227_1ffe062_enc-mode0	60	43	0	280060.0	280.06	42.250833333333325	36.93999999999999	40.82616666666667	42.238541000000005	36.925525	40.818971	90.62998351717404	1085048.0	18.084133333333334	1679.02	1280	720	30.0	8	5cbf31ef0a3499f71542a09f98b0ea30	4d16edc632f5313eb02de28d3c3621af	1280	720	5097.0	3.0	618.0	13577.0	True	True	0.9896179795265198	0.9914084093980488
dark720p_60f	dark720p_60f	svtav1	svtav1_20200227_1ffe062_enc-mode0	60	55	0	110004.0	110.004	40.6625	36.216333333333345	39.77166666666666	40.652784	36.213505000000005	39.765933	86.3809046528269	679545.0	11.32575	1096.17	1280	720	30.0	8	09e44f9473ec1b43db2148c56ea1397e	635fa186467fc40fdfde499bbab5a1ad	1280	720	5387.0	3.0	349.0	9720.0	True	True	0.9853854705890019	0.9881987964896809
dark720p_60f	dark720p_60f	svtav1	svtav1_20200227_1ffe062_enc-mode0	60	59	0	72576.0	72.576	39.180833333333325	35.476	38.73749999999999	39.171965	35.473381	38.727233	80.7250157037616	714356.0	11.905933333333333	1032.44	1280	720	30.0	8	a1e7202097adfb63f40aa318e67e6ee5	127de696cbabe1ee0ef26f7868580dff	1280	720	5256.0	5.0	361.0	10837.0	True	True	0.9802801996469498	0.9843172367606559
kirland360p_60f	kirland360p_60f	svtav1	svtav1_20200227_1ffe062_enc-mode0	60	20	0	266352.0	266.352	47.29733333333335	48.42650000000001	49.592833333333324	47.224929	48.402051	49.573579	95.95507805428495	330382.0	5.506366666666667	535.13	640	360	30.0	8	70ca010cf1f89267ca39ce1a46cce830	45ffb68d355f3218f7fbb91d43a335cc	640	360	1684.0	6.0	164.0	3016.0	True	True	0.9908221065998077	0.9973676415083251
kirland360p_60f	kirland360p_60f	svtav1	svtav1_20200227_1ffe062_enc-mode0	60	32	0	120308.0	120.308	45.66716666666665	47.80433333333334	48.57283333333331	45.563818	47.781404	48.553474	94.43907180546145	268951.0	4.482516666666666	456.48	640	360	30.0	8	ec86a668de87557987c6959975cec233	676f621b2c8bd414de3e691d2682e47e	640	360	1445.0	5.0	128.0	3136.0	True	True	0.9891693224509557	0.9967556989606945
kirland360p_60f	kirland360p_60f	svtav1	svtav1_20200227_1ffe062_enc-mode0	60	43	0	71500.0	71.5	44.10900000000001	47.28366666666667	47.708999999999996	43.86416	47.242781	47.610695	91.7182443599135	230435.0	3.8405833333333335	381.46	640	360	30.0	8	01fe35a38b04d6e314d98c64ab62f318	8c98d4248961e89231a9cebb738d132d	640	360	1552.0	5.0	95.0	3080.0	True	True	0.9871595203876495	0.9960548616952692
kirland360p_60f	kirland360p_60f	svtav1	svtav1_20200227_1ffe062_enc-mode0	60	55	0	38616.0	38.616	41.34383333333334	46.24766666666667	46.08283333333333	40.953482	46.138871	45.79524	85.36384007589949	160543.0	2.6757166666666667	271.76	640	360	30.0	8	63f7c2ca0ca27feee50564fae7c99bad	533e261ef51ca993cbd616f847545212	640	360	1380.0	4.0	80.0	2890.0	True	True	0.9815293918053309	0.9938475818371691
kirland360p_60f	kirland360p_60f	svtav1	svtav1_20200227_1ffe062_enc-mode0	60	59	0	28872.0	28.872	39.431666666666665	45.31250000000001	44.96733333333334	39.043783	45.176262	44.607542	79.44581278766303	211848.0	3.5308	343.74	640	360	30.0	8	cc389345d279da8996bcb8eed937abc5	805bb59f5ec96eb2ffd457e9e09cdc96	640	360	1535.0	3.0	79.0	2888.0	True	True	0.9754153668880463	0.991422291117075
niklas360p_60f	niklas360p_60f	svtav1	svtav1_20200227_1ffe062_enc-mode0	60	20	0	1413196.0	1413.196	44.37633333333334	47.77883333333333	47.467	44.295063	47.700511	47.382364	98.38198069771256	720736.0	12.012266666666667	1256.83	640	360	30.0	8	b04cb2577ea41a756dce46b07e902499	db37feb4abb783528303e99a5302514c	640	360	1761.0	3.0	425.0	3104.0	True	True	0.9865111917257309	0.9968604619502435
niklas360p_60f	niklas360p_60f	svtav1	svtav1_20200227_1ffe062_enc-mode0	60	32	0	767052.0	767.052	41.91783333333333	46.27533333333335	45.77133333333335	41.835517	46.205619	45.694661	96.78862862280069	722530.0	12.042166666666667	1286.3	640	360	30.0	8	ea6bdef4ad63d0caacf543c405413530	68377c7198fb7ca4a199f1c6706145a7	640	360	2020.0	3.0	321.0	3131.0	True	True	0.9811111589272817	0.9951802453941068
niklas360p_60f	niklas360p_60f	svtav1	svtav1_20200227_1ffe062_enc-mode0	60	43	0	408432.0	408.432	38.952666666666666	44.559333333333335	43.69783333333334	38.866187	44.520348	43.645246	93.04722135770707	468430.0	7.807166666666666	759.4	640	360	30.0	8	9a5e96ac494614de719bd9c4e4e8a2c0	d35c17607ca2bd24afad7dcd86c3b5f9	640	360	1702.0	6.0	239.0	2954.0	True	True	0.9711055179437001	0.9917164979906096
niklas360p_60f	niklas360p_60f	svtav1	svtav1_20200227_1ffe062_enc-mode0	60	55	0	202088.0	202.088	35.361999999999995	42.11900000000001	40.997833333333325	35.30121	42.091806	40.963649	84.94730169700433	325136.0	5.418933333333333	581.52	640	360	30.0	8	2b0e9759d56857643cb28ec848d8d2ea	45a58c51e35d6c03722173ec2c8cbc05	640	360	1991.0	4.0	194.0	2859.0	True	True	0.9485688736041387	0.9828352320154653
niklas360p_60f	niklas360p_60f	svtav1	svtav1_20200227_1ffe062_enc-mode0	60	59	0	137012.0	137.012	33.405499999999996	40.768833333333326	39.422	33.372067	40.749277	39.393918	78.73350439562046	258255.0	4.30425	453.45	640	360	30.0	8	ad0598d73e07f128aca7dd520f12dd4e	70a53002da5774b9a658973b15b07649	640	360	1802.0	5.0	178.0	2868.0	True	True	0.9283222784598668	0.9742618635919149
DinnerScene_1920x1080_2997_10b	DinnerScene_1920x1080_2997_10b	svtav1	svtav1_20200227_1ffe062_enc-mode0	60	20	0	1428586.0	1428.586	41.80816666666666	42.693666666666694	47.535333333333305	41.807558	42.69085400000001	47.534706	91.51920805271062	4735303.0	78.92171666666667	7179.84	1920	1080	29.97	10	d6e7cf6c97db82264e28ff4c88d2b2a3	6b580e581a878da73a966c954c44a01c	1920	1080	21857.0	5.0	2684.0	25396.0	True	True	0.9941990454991658	0.9882846380231989
DinnerScene_1920x1080_2997_10b	DinnerScene_1920x1080_2997_10b	svtav1	svtav1_20200227_1ffe062_enc-mode0	60	32	0	275726.0	275.726	41.626166666666684	42.2893333333333	47.38250000000003	41.626174	42.288529	47.381679	89.72336670838766	3728992.0	62.14986666666667	5494.09	1920	1080	29.97	10	f9124d12cb555c2a41e946806d76fc56	ea3db261906569a0c50b147ee574177b	1920	1080	21647.0	5.0	1814.0	28873.0	True	True	0.9934469332297643	0.9875359283477513
DinnerScene_1920x1080_2997_10b	DinnerScene_1920x1080_2997_10b	svtav1	svtav1_20200227_1ffe062_enc-mode0	60	43	0	139285.0	139.285	41.34016666666667	42.19216666666668	47.121666666666684	41.339196	42.191904	47.12088099999999	86.50229393285112	2495165.0	41.586083333333335	3626.58	1920	1080	29.97	10	1654ea7de94b737d6bad7ec037386a7a	3289c4fc692a80fb5ee4db155206f601	1920	1080	21295.0	5.0	2033.0	25376.0	True	True	0.9923495362202327	0.9864643909485028
DinnerScene_1920x1080_2997_10b	DinnerScene_1920x1080_2997_10b	svtav1	svtav1_20200227_1ffe062_enc-mode0	60	55	0	69712.0	69.712	40.61300000000002	41.95366666666666	46.569499999999984	40.606355	41.95394	46.56679900000001	78.15886532339768	2089581.0	34.82635	2940.08	1920	1080	29.97	10	2f767dc58cfd56f34f651ac7c29535d7	a39283b2f1e70a581a8481383410bbb8	1920	1080	21885.0	8.0	1869.0	24653.0	True	True	0.9891898900270462	0.9835594817645528
DinnerScene_1920x1080_2997_10b	DinnerScene_1920x1080_2997_10b	svtav1	svtav1_20200227_1ffe062_enc-mode0	60	59	0	45637.0	45.63700000000001	39.733333333333334	41.47850000000001	45.90033333333334	39.71508099999999	41.47804	45.896586	68.68929922349824	1710531.0	28.50885	2600.33	1920	1080	29.97	10	4d63b06d755b13d12989fd11425d7f30	01d62c4671b0f0791373c4f5904a88d5	1920	1080	21164.0	4.0	1399.0	22983.0	True	True	0.9839062919219335	0.9790124532801604
ShowGirl2TeaserClip4000_1920x108	ShowGirl2TeaserClip4000_1920x108	svtav1	svtav1_20200227_1ffe062_enc-mode0	60	20	0	3169360.0	3169.36	42.42616666666665	46.63699999999999	49.48966666666663	42.423506	46.634263	49.486318	95.44139122579801	4787879.0	79.79798333333333	7664.06	1920	1080	25.0	10	444749d8c232fc3d9cf5bf2ea907b74a	3b49eae1826cb36c1519ad82b3b9009c	1920	1080	21812.0	5.0	2832.0	24478.0	True	True	0.9961533308029175	0.9915884923968801
ShowGirl2TeaserClip4000_1920x108	ShowGirl2TeaserClip4000_1920x108	svtav1	svtav1_20200227_1ffe062_enc-mode0	60	32	0	1267866.0	1267.8659999999998	41.65666666666666	46.263333333333314	48.8505	41.651496	46.259927	48.848304	93.42279785000589	3307607.0	55.126783333333336	5546.16	1920	1080	25.0	10	163c615838b16e2aa6ac529525109429	7642a5757de0b04cf7814eee5cce0089	1920	1080	20512.0	5.0	1905.0	23754.0	True	True	0.9950059076150258	0.9901256602848669
ShowGirl2TeaserClip4000_1920x108	ShowGirl2TeaserClip4000_1920x108	svtav1	svtav1_20200227_1ffe062_enc-mode0	60	43	0	679820.0	679.82	40.645166666666654	45.799833333333325	48.090500000000006	40.6268	45.796555	48.08834	90.0285574136257	2389415.0	39.82358333333333	4072.49	1920	1080	25.0	10	3322d3c9d6261a6873f994b2a071d082	0385949d4c27a05814601f93cf5f03fc	1920	1080	21555.0	5.0	1652.0	23059.0	True	True	0.9930743714173634	0.9879625995484687
ShowGirl2TeaserClip4000_1920x108	ShowGirl2TeaserClip4000_1920x108	svtav1	svtav1_20200227_1ffe062_enc-mode0	60	55	0	294730.0	294.7300000000001	38.47966666666667	44.74450000000001	46.46266666666667	38.445137	44.743075	46.461456	81.28139997421063	2007387.0	33.45645	3286.42	1920	1080	25.0	10	6ee1daaa0074272ad7fa54c862a3c0bd	447df9cac922ea9e1e260503164e8f10	1920	1080	21844.0	23.0	1771.0	24131.0	True	True	0.986675767103831	0.9811799540558169
ShowGirl2TeaserClip4000_1920x108	ShowGirl2TeaserClip4000_1920x108	svtav1	svtav1_20200227_1ffe062_enc-mode0	60	59	0	179173.0	179.17300000000003	36.747499999999995	43.42466666666669	45.07533333333334	36.724742	43.42437499999999	45.074847	72.50230127635342	2123718.0	35.3953	3373.83	1920	1080	25.0	10	1a895ea81132c3a5c773921ce249fb54	c305b20316516ff33969614334fb1ca1	1920	1080	22489.0	6.0	1889.0	25369.0	True	True	0.9787352273861567	0.9729490008194064
Starting_1920x1080p_50_10b_pq_70	Starting_1920x1080p_50_10b_pq_70	svtav1	svtav1_20200227_1ffe062_enc-mode0	60	20	0	4242000.0	4242.0	46.77283333333335	49.63033333333335	51.28849999999999	46.722517	49.574961	51.209518	96.70450618745905	2683851.0	44.73085	3968.61	1920	1080	50.0	10	c029633e93b31b124c2fd5778320fa41	1544f50d75c492b2f8b2a53f7fa1dc21	1920	1080	20133.0	4.0	2273.0	24016.0	True	True	0.9991623242696126	0.9980598061578803
Starting_1920x1080p_50_10b_pq_70	Starting_1920x1080p_50_10b_pq_70	svtav1	svtav1_20200227_1ffe062_enc-mode0	60	32	0	2207393.0	2207.3930000000005	45.270500000000006	48.519499999999994	49.82266666666669	45.200734	48.484134	49.779536	95.5109861570979	3055970.0	50.932833333333335	4354.38	1920	1080	50.0	10	eb30711640cf7efa658bbaa1ea30c8ff	347ef1ebe6682a3c171747cd640e1b44	1920	1080	23904.0	7.0	1639.0	25288.0	True	True	0.9986530979474385	0.9972998058623254
Starting_1920x1080p_50_10b_pq_70	Starting_1920x1080p_50_10b_pq_70	svtav1	svtav1_20200227_1ffe062_enc-mode0	60	43	0	1296240.0	1296.24	43.45566666666665	47.33133333333334	48.19916666666668	43.369217	47.320427	48.18761	93.41157458832949	2241479.0	37.35798333333334	3265.43	1920	1080	50.0	10	a9d365b733841e4bd80e251d501c1c65	75ca030b50f1a09343ee683c9f833dbc	1920	1080	19947.0	4.0	1502.0	24950.0	True	True	0.9977400004863739	0.9960545088909353
Starting_1920x1080p_50_10b_pq_70	Starting_1920x1080p_50_10b_pq_70	svtav1	svtav1_20200227_1ffe062_enc-mode0	60	55	0	548626.0	548.626	39.55400000000001	44.83333333333333	45.091833333333334	39.501583	44.832773	45.091102	86.17866231323501	1670342.0	27.839033333333333	2559.25	1920	1080	50.0	10	04afb41f089f0e4c2ecc7df55744ef97	72f31728ef12ecc55e78255d60daf40a	1920	1080	18378.0	3.0	1455.0	23634.0	True	True	0.9937235136826833	0.9906578090610549
Starting_1920x1080p_50_10b_pq_70	Starting_1920x1080p_50_10b_pq_70	svtav1	svtav1_20200227_1ffe062_enc-mode0	60	59	0	311346.0	311.34600000000006	36.787333333333336	43.223000000000006	43.344333333333324	36.752939	43.223127	43.344256	77.3787590138247	1546251.0	25.77085	2263.13	1920	1080	50.0	10	695a9d21b2454ffa3c0d06baf81e52d1	c2302343c57d516f1a7b86b84c94f611	1920	1080	18527.0	3.0	1722.0	23659.0	True	True	0.9873179147640864	0.9823456141203893
Netflix_Aerial_1920x1080_60fps_8	Netflix_Aerial_1920x1080_60fps_8	svtav1	svtav1_20200227_1ffe062_enc-mode0	60	20	0	20913600.0	20913.6	42.660999999999994	45.55633333333332	45.298666666666676	42.62726	45.542591	45.291242	96.61892943005608	4976448.0	82.9408	8519.06	1920	1080	60.0	8	1b1d166c98533718a44accf66630e13c	1c399f4e597e50ef6c62fe61855a0a98	1920	1080	13896.0	3.0	3028.0	25911.0	True	True	0.99790691335996	0.9964633098088375
Netflix_Aerial_1920x1080_60fps_8	Netflix_Aerial_1920x1080_60fps_8	svtav1	svtav1_20200227_1ffe062_enc-mode0	60	32	0	9723512.0	9723.512	40.51616666666669	44.23316666666667	44.33149999999998	40.438257	44.216213	44.326441	94.15174863530127	4074264.0	67.9044	7208.67	1920	1080	60.0	8	36fb821526596227de4adce73835c3ab	31e8ecbb2d80aea6e183839bd1abc1d7	1920	1080	13641.0	3.0	2023.0	23330.0	True	True	0.9963103344043096	0.9940138282643564
Netflix_Aerial_1920x1080_60fps_8	Netflix_Aerial_1920x1080_60fps_8	svtav1	svtav1_20200227_1ffe062_enc-mode0	60	43	0	4812904.0	4812.904	38.137833333333326	42.689	43.214999999999996	38.034315	42.680001	43.212227	90.33200441564375	4044695.0	67.41158333333334	5860.7	1920	1080	60.0	8	e0972828b9744150640ff0f1900188f9	63f375790eb080d55935fd26b558cb39	1920	1080	15200.0	4.0	2072.0	27626.0	True	True	0.9932025502125422	0.9891561422191415
Netflix_Aerial_1920x1080_60fps_8	Netflix_Aerial_1920x1080_60fps_8	svtav1	svtav1_20200227_1ffe062_enc-mode0	60	55	0	1701824.0	1701.824	34.29283333333332	40.15166666666666	41.50766666666667	34.258028	40.145886	41.501716	80.59206335080468	2382931.0	39.715516666666666	3493.92	1920	1080	60.0	8	6dd04a756dfd91744de8c6df02a41e2a	870a3d5087ddf9b71a44f1384804c866	1920	1080	14313.0	3.0	1453.0	24466.0	True	True	0.9819380968809128	0.9707256394519613
Netflix_Aerial_1920x1080_60fps_8	Netflix_Aerial_1920x1080_60fps_8	svtav1	svtav1_20200227_1ffe062_enc-mode0	60	59	0	892352.0	892.352	32.081500000000005	38.894833333333345	40.80549999999998	32.072133	38.88605	40.796752	69.93006020209047	2258793.0	37.64655	3219.59	1920	1080	60.0	8	64351a024621384a452f9f8f46604f8a	71b286c23f4123135b8c57399a0b3af0	1920	1080	15125.0	6.0	1245.0	26279.0	True	True	0.9648430158694585	0.9449718613606282
Netflix_Crosswalk_1920x1080_60fp	Netflix_Crosswalk_1920x1080_60fp	svtav1	svtav1_20200227_1ffe062_enc-mode0	60	20	0	7425648.0	7425.648	45.59466666666667	48.294333333333334	50.12933333333333	45.58404699999999	48.290736	50.125647	99.19569812035547	4766795.0	79.44658333333334	7618.6	1920	1080	60.0	8	1870798ea20cf8f56dd56df7e2b49ad4	18cd7390918964898fbb3f4bd28e2f16	1920	1080	14242.0	7.0	2133.0	24890.0	True	True	0.9976380050182343	0.9957484646521089
Netflix_Crosswalk_1920x1080_60fp	Netflix_Crosswalk_1920x1080_60fp	svtav1	svtav1_20200227_1ffe062_enc-mode0	60	32	0	3718024.0	3718.024	44.25316666666665	47.4515	49.246666666666655	44.220695	47.443922	49.238689	95.74430751287429	3664320.0	61.072	5514.13	1920	1080	60.0	8	53947a4e1c003c51d50d601df306c86d	a18909605c48c017a4931adc976e8602	1920	1080	9922.0	4.0	1806.0	24231.0	True	True	0.9958829899628957	0.9938173663389502
Netflix_Crosswalk_1920x1080_60fp	Netflix_Crosswalk_1920x1080_60fp	svtav1	svtav1_20200227_1ffe062_enc-mode0	60	43	0	1858464.0	1858.464	42.39433333333333	46.308333333333316	48.02099999999999	42.33359600000001	46.295724	48.009276	89.12128144759723	2888565.0	48.14275	4353.49	1920	1080	60.0	8	9a53d3e0958b3a231581e39d2d33b408	c6be56b4fdab40919c6d1dd8f6c722e5	1920	1080	10375.0	3.0	1707.0	24901.0	True	True	0.9918104072411855	0.9898736706771156
Netflix_Crosswalk_1920x1080_60fp	Netflix_Crosswalk_1920x1080_60fp	svtav1	svtav1_20200227_1ffe062_enc-mode0	60	55	0	873688.0	873.688	39.69683333333332	44.53716666666666	46.168	39.616416	44.523588	46.151037	75.0097200478902	2048174.0	34.13623333333334	3130.07	1920	1080	60.0	8	6274381f56ed38b0a146a7718ad3469a	2e031d6ceeccb1a58b7e6654fa00438c	1920	1080	9662.0	4.0	1468.0	24325.0	True	True	0.9807930390040079	0.9802403660013862
Netflix_Crosswalk_1920x1080_60fp	Netflix_Crosswalk_1920x1080_60fp	svtav1	svtav1_20200227_1ffe062_enc-mode0	60	59	0	621256.0	621.256	38.23766666666667	43.487333333333325	45.035999999999994	38.171343	43.475834	45.025872	65.42598956609741	2342878.0	39.04796666666667	3532.1	1920	1080	60.0	8	646e502c016fbb3055b2ace167df6493	464dc894b97cdaf127dd3a6772fe742e	1920	1080	11914.0	4.0	1306.0	26281.0	True	True	0.9710706949234009	0.9722174781274323
Netflix_PierSeaside_1920x1080_60	Netflix_PierSeaside_1920x1080_60	svtav1	svtav1_20200227_1ffe062_enc-mode0	60	20	0	7402016.0	7402.016	45.346999999999994	47.393833333333326	45.48100000000002	45.317256	47.380055	45.463784	99.86143225323444	3280858.0	54.68096666666667	4757.93	1920	1080	60.0	8	7066cebf08d5f78979479758e8d43a06	fb0749ef0290fe4908e8112cec8410a3	1920	1080	11079.0	8.0	1958.0	23581.0	True	True	0.9979916016260783	0.9967771232955657
Netflix_PierSeaside_1920x1080_60	Netflix_PierSeaside_1920x1080_60	svtav1	svtav1_20200227_1ffe062_enc-mode0	60	32	0	3219632.0	3219.632	43.662333333333336	46.66366666666665	44.90833333333334	43.60573	46.647174	44.890756	99.34145063798877	2296881.0	38.28135	3666.22	1920	1080	60.0	8	0009c84b8d3f0165fe44f5252a7dfa22	3553a5af2729900d94e7eaebfa922423	1920	1080	10847.0	4.0	1351.0	22484.0	True	True	0.9970012664794922	0.99523613569257
Netflix_PierSeaside_1920x1080_60	Netflix_PierSeaside_1920x1080_60	svtav1	svtav1_20200227_1ffe062_enc-mode0	60	43	0	1416232.0	1416.232	41.54633333333333	45.34716666666667	44.01849999999998	41.466321	45.330678	44.004085	97.1654299111465	1796447.0	29.940783333333332	2753.19	1920	1080	60.0	8	bdea4fa649bf6445a87f5561460b5ed2	ea3574c01629880509bad7ffccca3b53	1920	1080	11314.0	4.0	1279.0	24228.0	True	True	0.9947558730840683	0.9920412191807699
Netflix_PierSeaside_1920x1080_60	Netflix_PierSeaside_1920x1080_60	svtav1	svtav1_20200227_1ffe062_enc-mode0	60	55	0	571640.0	571.64	38.724	42.98649999999999	42.31649999999999	38.654937	42.973814999999995	42.306981	91.17861300674655	1481390.0	24.689833333333333	2027.01	1920	1080	60.0	8	e249fcf5110a030b3c61eec602bbed95	3c819118e7320144aa60682a7315b82f	1920	1080	10851.0	4.0	1214.0	24278.0	True	True	0.9893312891324361	0.9853202890753107
Netflix_PierSeaside_1920x1080_60	Netflix_PierSeaside_1920x1080_60	svtav1	svtav1_20200227_1ffe062_enc-mode0	60	59	0	328592.0	328.592	36.734333333333346	41.299333333333344	40.73366666666666	36.691673	41.29316000000001	40.727885	83.90921409015964	1555406.0	25.92343333333333	2264.15	1920	1080	60.0	8	0ef0e2a4f7f6894487c03e578ef5276e	15ae40160cbdd72c9fe6f8b257461500	1920	1080	12575.0	6.0	1004.0	25586.0	True	True	0.9836894631385803	0.9788471511446665
gipsrestat720p_60f	gipsrestat720p_60f	svtav1	svtav1_20200227_1ffe062_enc-mode0	60	20	0	3335600.0	3335.6	44.82133333333333	47.38966666666666	49.01083333333334	44.805742	47.384556	49.006716	96.952107348455	1749586.0	29.159766666666666	2435.69	1280	720	50.0	8	0f1980ee5b62ccbf90d0b3b4f7f73850	148646ba9504c2346621c3c32c52d392	1280	720	6340.0	5.0	767.0	12230.0	True	True	0.9975872715314229	0.996928646314494
gipsrestat720p_60f	gipsrestat720p_60f	svtav1	svtav1_20200227_1ffe062_enc-mode0	60	32	0	1232426.0	1232.426	43.175166666666655	46.76250000000001	48.24383333333334	43.153518	46.758967	48.239195	95.7717116306775	1170798.0	19.5133	1851.22	1280	720	50.0	8	ba7de8b9eff253ad547b86f93d52a8b0	9c4875305c6e05ced3f870860b73691b	1280	720	5563.0	4.0	423.0	9908.0	True	True	0.9965392748514811	0.9958708481094426
gipsrestat720p_60f	gipsrestat720p_60f	svtav1	svtav1_20200227_1ffe062_enc-mode0	60	43	0	673393.0	673.393	41.59683333333333	45.955000000000005	47.25700000000002	41.550903	45.95273	47.253499	94.00233816666638	1099779.0	18.32965	1698.95	1280	720	50.0	8	d178148c440f82d077ac3de1e54c08cb	d99d56947bcefe34a43eeeacddc1085c	1280	720	6319.0	3.0	418.0	10688.0	True	True	0.9949435343345007	0.9943936301513745
gipsrestat720p_60f	gipsrestat720p_60f	svtav1	svtav1_20200227_1ffe062_enc-mode0	60	55	0	316520.0	316.5199999999999	38.71283333333333	43.9145	44.870833333333344	38.684593	43.912566	44.869036	89.02437174419013	755284.0	12.588066666666666	1122.04	1280	720	50.0	8	0e1ed351590063c5488f3389bb9ce19e	24d9f2da384c20d431a05d15cb649064	1280	720	5594.0	5.0	371.0	10462.0	True	True	0.9887696832418442	0.9890547619091458
gipsrestat720p_60f	gipsrestat720p_60f	svtav1	svtav1_20200227_1ffe062_enc-mode0	60	59	0	203560.0	203.56	36.52983333333334	42.16533333333332	42.76499999999998	36.51830400000001	42.163568000000005	42.763562	83.41872866188834	658039.0	10.967316666666667	1046.21	1280	720	50.0	8	24e44fec3855733f4a9e47cc6d9f1e37	9e35a84e7f5df6525c391f015db57de2	1280	720	6026.0	4.0	403.0	10603.0	True	True	0.9807666858037313	0.9823653781813974
red_kayak_360p_60f	red_kayak_360p_60f	svtav1	svtav1_20200227_1ffe062_enc-mode0	60	20	0	9135579.0	9135.579	41.17350000000002	44.717333333333336	49.219999999999985	41.129784	44.69648300000001	49.210465	99.86813358186272	1711125.0	28.51875	3074.2	640	360	29.97	8	da83f5739025ed78371d66bfdc87d3d0	2c1e431eabac42e291693cd334d76833	640	360	2110.0	3.0	1013.0	3149.0	True	True	0.9729965150356292	0.9943849650828148
red_kayak_360p_60f	red_kayak_360p_60f	svtav1	svtav1_20200227_1ffe062_enc-mode0	60	32	0	5355699.0	5355.699	36.594666666666676	42.282166666666676	47.91316666666667	36.49826	42.253337	47.898968	99.73338956741183	1720735.0	28.678916666666666	2976.71	640	360	29.97	8	9caed7987443de1872b6790b882781cb	a5b2512fbcdc537869c817e601ed9af1	640	360	2225.0	5.0	800.0	2956.0	True	True	0.9414706756671269	0.9862415496026599
red_kayak_360p_60f	red_kayak_360p_60f	svtav1	svtav1_20200227_1ffe062_enc-mode0	60	43	0	2374472.0	2374.472	31.898166666666665	39.892833333333336	46.64883333333333	31.798973	39.863872	46.622628	86.40424712040198	1727472.0	28.7912	2842.6	640	360	29.97	8	e9c6e842b74a401cb80cdf416a2e261b	50e20a443d64fce23833d3a0338e3964	640	360	2115.0	5.0	629.0	3090.0	True	True	0.8706150790055592	0.9655765613527202
red_kayak_360p_60f	red_kayak_360p_60f	svtav1	svtav1_20200227_1ffe062_enc-mode0	60	55	0	706794.0	706.794	27.99916666666667	37.91250000000001	45.27533333333334	27.927784	37.892238	45.192776	58.6348877348357	897484.0	14.958066666666667	1615.01	640	360	29.97	8	d281008c416b4620a3d4d9841a470aee	75d2b118dcda24d100bfc863d32283b5	640	360	1988.0	3.0	339.0	3070.0	True	True	0.7530593693256378	0.9177572273685656
red_kayak_360p_60f	red_kayak_360p_60f	svtav1	svtav1_20200227_1ffe062_enc-mode0	60	59	0	374839.0	374.839	26.807833333333335	37.30266666666668	44.78916666666666	26.7534	37.285862	44.703613	43.87685595604497	835612.0	13.926866666666667	1499.02	640	360	29.97	8	6a8f174d068c14f3a11fdf433d98b062	5c706d600c3ffa1813f5440b2813f60d	640	360	2147.0	4.0	327.0	3034.0	True	True	0.7039325356483459	0.8862505486794418
shields_640x360_60f	shields_640x360_60f	svtav1	svtav1_20200227_1ffe062_enc-mode0	60	20	0	2290746.0	2290.746	42.37283333333333	45.531333333333336	47.2105	42.238944	45.506522	47.136176	99.43861561829983	549958.0	9.165966666666666	995.35	640	360	50.0	8	b78d613aa9995240ef19c9b5273e4ad7	bed470fa3020c513c7e93da035abc8aa	640	360	2640.0	2.0	312.0	2900.0	True	True	0.9856776475906373	0.9982771401683429
shields_640x360_60f	shields_640x360_60f	svtav1	svtav1_20200227_1ffe062_enc-mode0	60	32	0	1218600.0	1218.6	40.60983333333334	43.949500000000015	45.54599999999997	40.40668	43.902386	45.427175	99.43882020026712	828419.0	13.806983333333333	1413.64	640	360	50.0	8	c40c6389a06d5f6de1648e104844a142	c3507327bb40dd2be73ea35031ae79b3	640	360	3794.0	7.0	252.0	3052.0	True	True	0.9810708930095037	0.9976324591805513
shields_640x360_60f	shields_640x360_60f	svtav1	svtav1_20200227_1ffe062_enc-mode0	60	43	0	647286.0	647.286	38.06933333333333	41.3175	43.07133333333332	37.789768	41.231015	42.902327	99.38932782485855	446669.0	7.444483333333333	720.35	640	360	50.0	8	3cdea4ac723f589e5399893c3f925d5c	a33021ac559c75fdbae8b9c860aa5150	640	360	2588.0	4.0	208.0	2949.0	True	True	0.9699716766675314	0.9958151352049451
shields_640x360_60f	shields_640x360_60f	svtav1	svtav1_20200227_1ffe062_enc-mode0	60	55	0	329813.0	329.813	34.648166666666675	38.24699999999999	40.248666666666665	34.297177	38.087895	40.003316	95.69124747360014	388812.0	6.4802	600.83	640	360	50.0	8	cc4c43b383f65b1b5fb7db68cb84e6ba	04e06c829697caa64eb912294598e79c	640	360	2960.0	6.0	163.0	3271.0	True	True	0.9429745525121689	0.9904404680233085
shields_640x360_60f	shields_640x360_60f	svtav1	svtav1_20200227_1ffe062_enc-mode0	60	59	0	211606.0	211.60600000000002	32.12566666666666	36.501666666666665	38.51683333333333	31.714062	36.293863	38.279433	89.06133747910276	320975.0	5.349583333333333	487.53	640	360	50.0	8	2b87b8f581ecaf72092825ada91f331f	e8665e2943c2e8ca208167367fb2cafa	640	360	2395.0	4.0	167.0	3740.0	True	True	0.9076131910085679	0.9821481536726488
speed_bag_640x360_60f	speed_bag_640x360_60f	svtav1	svtav1_20200227_1ffe062_enc-mode0	60	20	0	477968.0	477.968	47.01000000000001	49.73866666666667	51.11066666666667	46.930288	49.674403	51.044247	98.2906986091537	456626.0	7.610433333333333	813.3	640	360	29.97	8	ba1f79ee9e5d1a54ca9693c1a551ce23	345137776f7216afff9b3117af6ea691	640	360	1441.0	4.0	218.0	3019.0	True	True	0.988935195406278	0.9975472906218675
speed_bag_640x360_60f	speed_bag_640x360_60f	svtav1	svtav1_20200227_1ffe062_enc-mode0	60	32	0	256012.0	256.012	45.18516666666666	48.41333333333331	49.96516666666669	45.040269	48.303727	49.839174	97.4092777723285	615180.0	10.253	1104.7	640	360	29.97	8	5454dffba8b09b64bbf1c3086dd25ddf	273b6a5b90832fd0d1c14d1dbfe810ef	640	360	1840.0	3.0	198.0	3221.0	True	True	0.9858790636062622	0.9962806502020586
speed_bag_640x360_60f	speed_bag_640x360_60f	svtav1	svtav1_20200227_1ffe062_enc-mode0	60	43	0	141344.0	141.344	43.04850000000001	46.68733333333334	48.39066666666666	42.843302	46.569789	48.218504	94.91625108505582	265304.0	4.421733333333333	461.82	640	360	29.97	8	98d294c3cf00bc96a721bda08356036b	59356bd942eb4de45cc224a96cd15893	640	360	1342.0	3.0	153.0	2911.0	True	True	0.981696339448293	0.9940370464598456
speed_bag_640x360_60f	speed_bag_640x360_60f	svtav1	svtav1_20200227_1ffe062_enc-mode0	60	55	0	72285.0	72.285	39.895833333333336	44.12216666666666	46.17699999999999	39.594522	43.982118	45.955599	85.74459213431179	272910.0	4.5485	470.92	640	360	29.97	8	fdf1d8ef741da4d0edcc5db64d0bd2a6	0414af69755d6885f8b088e00c2429fc	640	360	1544.0	4.0	146.0	3297.0	True	True	0.9728649844725926	0.9883751806789722
speed_bag_640x360_60f	speed_bag_640x360_60f	svtav1	svtav1_20200227_1ffe062_enc-mode0	60	59	0	53161.0	53.160999999999994	37.92833333333331	42.35583333333332	44.82749999999999	37.696021	42.256291	44.616947	78.08346218105983	315220.0	5.253666666666667	521.52	640	360	29.97	8	07cfd76e0da956950ec048ecff30ec36	fc9fddd5486708bbbc9524440f6d52ad	640	360	1469.0	4.0	119.0	2957.0	True	True	0.9649691929419836	0.9830220226858043
thaloundeskmtg360p_60f	thaloundeskmtg360p_60f	svtav1	svtav1_20200227_1ffe062_enc-mode0	60	20	0	881476.0	881.476	44.71566666666665	48.74866666666669	48.72000000000002	44.542475	48.689588	48.681006	96.95908895352281	588391.0	9.806516666666667	975.58	640	360	30.0	8	a4085e7ff1c26d57d4922a285c3415d2	b9dba67aa7e43ac4b7160ab687cd9ee6	640	360	3207.0	6.0	247.0	3139.0	True	True	0.9924586822589239	0.9983956828773903
thaloundeskmtg360p_60f	thaloundeskmtg360p_60f	svtav1	svtav1_20200227_1ffe062_enc-mode0	60	32	0	465668.0	465.668	43.125499999999995	47.422666666666665	47.53150000000002	42.90231099999999	47.376855	47.49878	95.89283220818999	363616.0	6.060266666666666	651.1	640	360	30.0	8	487d886e76b7afb0745af697549b3bea	7bc63213bbac798b5bceb48fef597dc3	640	360	1767.0	3.0	180.0	2904.0	True	True	0.9901951720317205	0.9976854199382051
thaloundeskmtg360p_60f	thaloundeskmtg360p_60f	svtav1	svtav1_20200227_1ffe062_enc-mode0	60	43	0	246644.0	246.64399999999998	40.964499999999994	45.667333333333346	45.8225	40.652567	45.641249	45.803055	93.51941221769144	331791.0	5.52985	527.71	640	360	30.0	8	5ddb778c7afd5fe2e98ee4e50d867ebe	767585dd8dbb52dae5268ee8db0e295e	640	360	2270.0	5.0	156.0	2952.0	True	True	0.9862994839747746	0.9962844030471805
thaloundeskmtg360p_60f	thaloundeskmtg360p_60f	svtav1	svtav1_20200227_1ffe062_enc-mode0	60	55	0	125844.0	125.844	37.722666666666655	42.93116666666667	42.867	37.474002	42.912141	42.850639	87.70368116328828	313186.0	5.219766666666667	467.47	640	360	30.0	8	f387c8854d8b24e5751e55d930763e82	c3613132bd91db35adfc181555aede9e	640	360	1758.0	5.0	139.0	3162.0	True	True	0.9767796883980433	0.9924123684515027
thaloundeskmtg360p_60f	thaloundeskmtg360p_60f	svtav1	svtav1_20200227_1ffe062_enc-mode0	60	59	0	85904.0	85.904	35.38933333333334	40.927	40.969	35.066106	40.913838000000005	40.946666	82.06901196215189	251894.0	4.1982333333333335	360.14	640	360	30.0	8	53d5f5acdb2dd06776c2259c23b6e55c	fa5e9e377f9aa1d947d4a7378616d18b	640	360	1799.0	3.0	101.0	3067.0	True	True	0.9654868374268214	0.9872027456801082
ducks_1920x1080_50fps_10b	ducks_1920x1080_50fps_10b	svtav1	svtav1_20200227_1ffe062_enc-mode0	60	20	0	120755020.0	120755.02	39.477000000000004	39.35566666666668	41.43433333333333	39.457854	39.328304	41.413357	99.21082553146074	22640357.0	377.33928333333336	35864.26	1920	1080	50.0	10	8031176c264614a632aacf55862f2026	f8cc6607899528c004c56cc2c84cac2c	1920	1080	24950.0	10.0	10704.0	25515.0	True	True	0.9990307440360388	0.9964184022382284
ducks_1920x1080_50fps_10b	ducks_1920x1080_50fps_10b	svtav1	svtav1_20200227_1ffe062_enc-mode0	60	32	0	30708000.0	30708.0	35.202833333333345	36.872333333333344	39.87083333333333	35.179423	36.848812	39.85838	93.80811883832394	13612363.0	226.87271666666666	23353.37	1920	1080	50.0	10	34ef752def233774394a16fdf02b6b65	b2670892819cef2cb15003e1d653c393	1920	1080	25259.0	4.0	5789.0	25779.0	True	True	0.9967410852511723	0.9902269084668353
ducks_1920x1080_50fps_10b	ducks_1920x1080_50fps_10b	svtav1	svtav1_20200227_1ffe062_enc-mode0	60	43	0	10352433.0	10352.433	33.091833333333334	34.98766666666666	38.512166666666666	33.068724	34.94711	38.501659	84.66936343513537	9156664.0	152.61106666666666	14895.29	1920	1080	50.0	10	a91387dbd4848eb928ec430f39560be9	4991dcc59abb74e317b65672551a0b77	1920	1080	31410.0	6.0	3823.0	26344.0	True	True	0.9911577115456264	0.981642172557277
ducks_1920x1080_50fps_10b	ducks_1920x1080_50fps_10b	svtav1	svtav1_20200227_1ffe062_enc-mode0	60	55	0	3607940.0	3607.94	30.479166666666664	32.924833333333325	37.20516666666666	30.445682	32.881192	37.200109	67.04315364223574	5593091.0	93.21818333333333	8544.24	1920	1080	50.0	10	a9f90b7681f95f83a56f4d2eabe0f6b6	96df5993da59d3a283bfac2b566996a9	1920	1080	26694.0	4.0	3860.0	29057.0	True	True	0.9741947054862976	0.9604576838644145
ducks_1920x1080_50fps_10b	ducks_1920x1080_50fps_10b	svtav1	svtav1_20200227_1ffe062_enc-mode0	60	59	0	2304593.0	2304.593	29.264500000000005	31.999000000000006	36.54900000000001	29.232863	31.967215	36.547094	57.30872562058107	4314184.0	71.90306666666666	6540.98	1920	1080	50.0	10	55f8a77b1e07e59a8d66cc0b53a5e432	7dd0f1c5db1f5e0e1f6bc2cc0c0627de	1920	1080	23812.0	5.0	2964.0	25233.0	True	True	0.9601760596036911	0.9444876029193592
Sintel_Dragons_1920x816_24_10b	Sintel_Dragons_1920x816_24_10b	svtav1	svtav1_20200227_1ffe062_enc-mode0	60	20	0	5268860.0	5268.86	46.94000000000001	51.220166666666664	51.34533333333333	46.881523	51.188171	51.297924	99.9276048292608	4787569.0	79.79281666666667	7842.95	1920	816	24.0	10	41bb162e705dda240609e662305dfeb3	95207ebde04c92be6ce69a8be3eab0e0	1920	816	11780.0	5.0	3056.0	16047.0	True	True	0.9967477848132451	0.9968920171485997
Sintel_Dragons_1920x816_24_10b	Sintel_Dragons_1920x816_24_10b	svtav1	svtav1_20200227_1ffe062_enc-mode0	60	32	0	2660252.0	2660.252	43.69099999999998	48.67200000000001	48.72749999999998	43.641926	48.628833	48.658653	99.89207720765654	4060768.0	67.67946666666667	6917.12	1920	816	24.0	10	fe63da3a590f90dba73cd91d1f4ebba4	9529c82b337a3fcdca73c208808a52a9	1920	816	10452.0	3.0	2728.0	16015.0	True	True	0.993881133198738	0.9943294711566762
Sintel_Dragons_1920x816_24_10b	Sintel_Dragons_1920x816_24_10b	svtav1	svtav1_20200227_1ffe062_enc-mode0	60	43	0	1383206.0	1383.206	40.67366666666666	46.25233333333333	46.265666666666654	40.615082	46.200369	46.178274	97.65383931447518	3423948.0	57.0658	5695.79	1920	816	24.0	10	cbc329a9554c032b1a841b369c456327	f8fce0f9a20b370c8eb4239ef5f8d7b5	1920	816	11182.0	3.0	2984.0	16450.0	True	True	0.9881815771261852	0.98949735827932
Sintel_Dragons_1920x816_24_10b	Sintel_Dragons_1920x816_24_10b	svtav1	svtav1_20200227_1ffe062_enc-mode0	60	55	0	664265.0	664.265	37.24899999999998	43.353666666666676	43.438833333333335	37.198593	43.300705	43.351161	84.21094824191323	2659338.0	44.3223	4162.7	1920	816	24.0	10	63f0dd1734ade3d41db046c67bddcd30	e77ea797a50f6c776bfbf08f4d32420a	1920	816	11016.0	5.0	1903.0	15910.0	True	True	0.9746700803438823	0.9785292084982637
Sintel_Dragons_1920x816_24_10b	Sintel_Dragons_1920x816_24_10b	svtav1	svtav1_20200227_1ffe062_enc-mode0	60	59	0	468662.0	468.662	35.60016666666666	41.827333333333314	42.049833333333346	35.565132	41.793404	41.989569	74.72715785853146	3632958.0	60.5493	4433.86	1920	816	24.0	10	8cb7237db5737d1103b12fd78b90d7ee	7eed651b6cb069fb9535c343aceffb31	1920	816	16113.0	3.0	1937.0	17577.0	True	True	0.9638565967480341	0.9698289060610119
Market3_1920x1080p_50_10b_pq_709	Market3_1920x1080p_50_10b_pq_709	svtav1	svtav1_20200227_1ffe062_enc-mode0	60	20	0	12916873.0	12916.873	44.98416666666666	51.494000000000014	52.47483333333332	44.960559	51.482172	52.466053	99.83796241802779	4900822.0	81.68036666666667	8083.19	1920	1080	50.0	10	61d9a1877720103ae8283bb1b01f89fe	f705f05bd8455f10cb76ba1839bdc4eb	1920	1080	20557.0	6.0	3276.0	23425.0	True	True	0.9992060899734497	0.9982153548301579
Market3_1920x1080p_50_10b_pq_709	Market3_1920x1080p_50_10b_pq_709	svtav1	svtav1_20200227_1ffe062_enc-mode0	60	32	0	6391940.0	6391.94	42.193499999999986	49.20783333333331	50.37716666666667	42.15838999999999	49.201505	50.374305	98.8159580642229	4902773.0	81.71288333333334	7798.84	1920	1080	50.0	10	02275403591cfe7afeeb60ed787de734	741407d5c268b2acc01738d5361b4d7e	1920	1080	21478.0	5.0	2920.0	24158.0	True	True	0.9984897742668788	0.9966644007852934
Market3_1920x1080p_50_10b_pq_709	Market3_1920x1080p_50_10b_pq_709	svtav1	svtav1_20200227_1ffe062_enc-mode0	60	43	0	3287220.0	3287.22	39.31833333333334	47.23766666666666	48.61416666666664	39.270761	47.232891	48.613266	95.40972916015542	4130719.0	68.84531666666666	6476.29	1920	1080	50.0	10	485111d40a28136085dff6faf2987872	5108e2cb47ecf043870f2d0a227e3195	1920	1080	21630.0	3.0	2985.0	26088.0	True	True	0.9966875930627187	0.9930040582176025
Market3_1920x1080p_50_10b_pq_709	Market3_1920x1080p_50_10b_pq_709	svtav1	svtav1_20200227_1ffe062_enc-mode0	60	55	0	1322520.0	1322.52	35.472999999999985	44.57066666666663	46.1745	35.445649	44.570076	46.172552	86.2125483368834	2873489.0	47.89148333333333	4718.3	1920	1080	50.0	10	10c8e3eb6f80e2f297251c7c102bcb24	87769833eb77106957c2e673d9086c65	1920	1080	21850.0	3.0	2446.0	25358.0	True	True	0.9889264722665151	0.9795080681048541
Market3_1920x1080p_50_10b_pq_709	Market3_1920x1080p_50_10b_pq_709	svtav1	svtav1_20200227_1ffe062_enc-mode0	60	59	0	805573.0	805.573	33.573666666666675	43.06433333333334	44.67266666666667	33.559434	43.063563	44.670944	77.78733663619933	3509238.0	58.4873	4975.21	1920	1080	50.0	10	5590fc943073e6483258073b58105c47	0624011e6f0bdcdc11f819cb36a218ee	1920	1080	24562.0	5.0	2017.0	25356.0	True	True	0.9795947055021922	0.9664522175429823
Netflix_Boat_1920x1080_60fps_8bi	Netflix_Boat_1920x1080_60fps_8bi	svtav1	svtav1_20200227_1ffe062_enc-mode0	60	20	0	28960960.0	28960.96	43.70516666666665	46.02400000000001	47.720000000000006	43.671108	45.986539	47.691331	99.92475674303842	4834245.0	80.57075	8499.44	1920	1080	60.0	8	1a7c9b10f2941587bddb371c5a3f8e55	4a7392a2410779685fd747d1b85dd58b	1920	1080	14079.0	4.0	2657.0	22953.0	True	True	0.9993197053670884	0.9985925887875556
Netflix_Boat_1920x1080_60fps_8bi	Netflix_Boat_1920x1080_60fps_8bi	svtav1	svtav1_20200227_1ffe062_enc-mode0	60	32	0	15839800.0	15839.8	41.156666666666666	44.445	45.86733333333333	41.095734	44.400302	45.838106	99.6092468687503	6982448.0	116.37413333333333	10682.13	1920	1080	60.0	8	02619b296ebe447034f84232c6fa956c	1d038f96f2941f4efb9db947d68c3b5d	1920	1080	18562.0	4.0	2444.0	25716.0	True	True	0.9988068689902624	0.9976067323158212
Netflix_Boat_1920x1080_60fps_8bi	Netflix_Boat_1920x1080_60fps_8bi	svtav1	svtav1_20200227_1ffe062_enc-mode0	60	43	0	8539024.0	8539.024	38.01516666666667	42.694499999999984	43.69333333333332	37.912038	42.657348	43.679136	95.75936585140899	4391403.0	73.19005	6235.93	1920	1080	60.0	8	967c0d1f4a02cc0fda186f0164b10e13	f573590b9a610b200ac03b9be33f52a0	1920	1080	14121.0	3.0	2105.0	24512.0	True	True	0.9974525570869446	0.9950010869988434
Netflix_Boat_1920x1080_60fps_8bi	Netflix_Boat_1920x1080_60fps_8bi	svtav1	svtav1_20200227_1ffe062_enc-mode0	60	55	0	3668000.0	3668.0	33.673	40.43716666666667	40.885833333333316	33.590662	40.409227	40.882193	85.68532566579569	2761834.0	46.030566666666665	4204.75	1920	1080	60.0	8	4542475e92171de5c74f5cbad6237315	628e468ecc04d10473b488be4b1bd0a6	1920	1080	13644.0	4.0	1627.0	24038.0	True	True	0.9918236494064331	0.9847711734968013
Netflix_Boat_1920x1080_60fps_8bi	Netflix_Boat_1920x1080_60fps_8bi	svtav1	svtav1_20200227_1ffe062_enc-mode0	60	59	0	2337880.0	2337.88	31.440166666666652	39.11233333333333	39.383666666666635	31.394415	39.093229	39.381826	77.48288847490507	2483665.0	41.394416666666665	4049.5	1920	1080	60.0	8	c8af56ddffa0edda7767beee1982d8d7	f09dcf427ecb639c99cb54d4166d28b9	1920	1080	15118.0	4.0	1504.0	24884.0	True	True	0.9842607885599136	0.9716588919065963
vidyo1_720p_60fps_60f	vidyo1_720p_60fps_60f	svtav1	svtav1_20200227_1ffe062_enc-mode0	60	20	0	3818816.0	3818.816	45.50899999999998	48.110666666666674	49.43216666666667	45.491264	48.104148	49.429388	96.50141095213297	1558475.0	25.97458333333333	2422.81	1280	720	60.0	8	251796f2052303d60ef057784c61eb38	ee94e6b123a6b6f5e16d02b1d390d0a4	1280	720	5122.0	4.0	703.0	10237.0	True	True	0.9975418736537297	0.9969333354292554
vidyo1_720p_60fps_60f	vidyo1_720p_60fps_60f	svtav1	svtav1_20200227_1ffe062_enc-mode0	60	32	0	1415240.0	1415.24	43.943666666666665	47.58766666666667	48.78216666666666	43.936231	47.583535	48.779409	95.10206631956224	1139196.0	18.9866	1799.35	1280	720	60.0	8	1a01c8d2f6b14321a7a121fd181c4581	6e23d0f1d081e81b6844a577d721e42e	1280	720	5483.0	3.0	603.0	10317.0	True	True	0.9960168401400248	0.9954705983090416
vidyo1_720p_60fps_60f	vidyo1_720p_60fps_60f	svtav1	svtav1_20200227_1ffe062_enc-mode0	60	43	0	692720.0	692.72	42.48916666666666	46.90783333333331	47.82899999999999	42.479852	46.906382	47.827075	93.03872197471273	860020.0	14.333666666666666	1332.92	1280	720	60.0	8	cd9b03254ffcf5fd741fde11d2ccbde1	ebb11e3500d549f5e6f2c20635d5c7e5	1280	720	5398.0	6.0	568.0	10526.0	True	True	0.9939817557732264	0.9936992029165655
vidyo1_720p_60fps_60f	vidyo1_720p_60fps_60f	svtav1	svtav1_20200227_1ffe062_enc-mode0	60	55	0	318952.0	318.952	39.883166666666654	45.278499999999994	45.78583333333332	39.870532	45.277062	45.78338	87.2794529625914	665579.0	11.092983333333333	1029.53	1280	720	60.0	8	9c089692c055f59f1cdec79c8ef5fe0f	cf17de25893ec7dcf7ba0cd969cdc2fb	1280	720	6003.0	3.0	346.0	10344.0	True	True	0.9874786247809728	0.9883772159662444
vidyo1_720p_60fps_60f	vidyo1_720p_60fps_60f	svtav1	svtav1_20200227_1ffe062_enc-mode0	60	59	0	211840.0	211.84	37.922166666666676	43.830333333333336	44.00300000000001	37.911248	43.829285	44.002018	80.79416938263529	610688.0	10.178133333333333	1028.58	1280	720	60.0	8	b3a1e3ab6fcd677840c932bdc7512fcc	0a7b167c86ad67e51cd73e965a8528a9	1280	720	5034.0	2.0	332.0	10185.0	True	True	0.9791307051976522	0.9817752786570616
vidyo4_720p_60fps_60f	vidyo4_720p_60fps_60f	svtav1	svtav1_20200227_1ffe062_enc-mode0	60	20	0	5508088.0	5508.088	44.317	49.96450000000002	50.26083333333333	44.271056	49.959116	50.255384	97.77364704304061	1955943.0	32.59905	3082.86	1280	720	60.0	8	67d0d400bb1f60ed62ab8c06c50c8391	044e76127e59b22752766c542d2db183	1280	720	5160.0	18.0	946.0	9779.0	True	True	0.996492537856102	0.9957349124522209
vidyo4_720p_60fps_60f	vidyo4_720p_60fps_60f	svtav1	svtav1_20200227_1ffe062_enc-mode0	60	32	0	1852064.0	1852.064	42.784000000000006	49.34816666666667	49.65650000000001	42.736779	49.339548	49.649881	96.37716027150404	1570983.0	26.18305	2380.43	1280	720	60.0	8	b24a3c56754c880fef96fe60cccf438b	51131c3c1a4440ff5e8ddd0aef1fcee4	1280	720	5093.0	19.0	622.0	10183.0	True	True	0.994615039229393	0.9938500575158692
vidyo4_720p_60fps_60f	vidyo4_720p_60fps_60f	svtav1	svtav1_20200227_1ffe062_enc-mode0	60	43	0	896360.0	896.36	41.37416666666669	48.41666666666666	48.66116666666665	41.31639499999999	48.405207	48.64915899999999	94.29895518574962	1103636.0	18.393933333333333	1778.15	1280	720	60.0	8	680ecfbcb8c3282c9b7f38d3d301473d	2be5215d1c7249c23fef984d539d133a	1280	720	5439.0	29.0	521.0	10095.0	True	True	0.9916668583949407	0.9912193426836832
vidyo4_720p_60fps_60f	vidyo4_720p_60fps_60f	svtav1	svtav1_20200227_1ffe062_enc-mode0	60	55	0	407896.0	407.896	39.029	46.643499999999996	46.819666666666684	38.958318	46.628092	46.807162	88.91569231719441	934392.0	15.5732	1457.14	1280	720	60.0	8	a470d02c9e803d5d3a8938e7f2e87222	04527a9e7207520842b7a421a4f2cc79	1280	720	5571.0	14.0	423.0	10761.0	True	True	0.9829066127538681	0.9841875248416805
vidyo4_720p_60fps_60f	vidyo4_720p_60fps_60f	svtav1	svtav1_20200227_1ffe062_enc-mode0	60	59	0	267632.0	267.632	37.337166666666675	44.930166666666665	44.8765	37.280097	44.922796	44.869263	83.18818813312514	798100.0	13.301666666666666	1171.04	1280	720	60.0	8	d5a549895c55cc5b11ae6eaa7f38d367	d1278dc2fa851d141155adc1ef40862a	1280	720	4958.0	7.0	468.0	10283.0	True	True	0.9728186388810476	0.9763593577627195
Netflix_FoodMarket_1920x1080_60f	Netflix_FoodMarket_1920x1080_60f	svtav1	svtav1_20200227_1ffe062_enc-mode0	60	20	0	21257368.0	21257.368	41.01916666666667	44.81300000000001	45.55600000000002	41.011544	44.809754	45.554525	99.17837414792315	8780328.0	146.3388	13191.44	1920	1080	60.0	8	26faca5f544e0aee50c1fdea3e83d94d	422e147e62f1cfe092b469033538525e	1920	1080	12599.0	4.0	3805.0	28707.0	True	True	0.9951872656742732	0.9896891866780846
Netflix_FoodMarket_1920x1080_60f	Netflix_FoodMarket_1920x1080_60f	svtav1	svtav1_20200227_1ffe062_enc-mode0	60	32	0	6708736.0	6708.736	39.66583333333333	43.97533333333333	44.91966666666667	39.656546	43.970133	44.917836	95.84184228393883	5140806.0	85.6801	8673.01	1920	1080	60.0	8	6f89c790d6e42142db4274f850af74e5	fab9e69c91373f5b68f57bb16c1e1c20	1920	1080	12830.0	17.0	2259.0	32636.0	True	True	0.9916599690914154	0.9847489114836695
Netflix_FoodMarket_1920x1080_60f	Netflix_FoodMarket_1920x1080_60f	svtav1	svtav1_20200227_1ffe062_enc-mode0	60	43	0	3243120.0	3243.12	38.26199999999999	43.0435	44.12783333333333	38.243161	43.035813	44.124399	90.64086147178774	3656732.0	60.94553333333333	5456.23	1920	1080	60.0	8	aad5aa6c2c9c40f6321c214dd5395a89	768928980868d2ffb1f5811d11f54560	1920	1080	12525.0	3.0	1423.0	26158.0	True	True	0.9862126857042313	0.9779275487683035
Netflix_FoodMarket_1920x1080_60f	Netflix_FoodMarket_1920x1080_60f	svtav1	svtav1_20200227_1ffe062_enc-mode0	60	55	0	1378992.0	1378.992	35.94000000000001	41.56316666666666	42.63100000000001	35.912808	41.554317	42.624623	77.76051817897877	2402129.0	40.03548333333333	4063.46	1920	1080	60.0	8	2fccb7cc66b2a21617d39393fdcecfb7	64c2c836586fc0ade5526c8a71c3053e	1920	1080	12213.0	5.0	1365.0	23782.0	True	True	0.9677031487226486	0.9584426156317429
Netflix_FoodMarket_1920x1080_60f	Netflix_FoodMarket_1920x1080_60f	svtav1	svtav1_20200227_1ffe062_enc-mode0	60	59	0	879904.0	879.904	34.534	40.660833333333336	41.58216666666666	34.513295	40.652507	41.566613	67.46736595481505	3181656.0	53.0276	4651.97	1920	1080	60.0	8	49f184fb8ffce107afb1c6a3e6a40f85	2be8b8e183f0c6d4a90a77ce30d3221c	1920	1080	12841.0	4.0	1295.0	26549.0	True	True	0.9475357333819071	0.939582502858163
Netflix_SquareAndTimelapse_1920x	Netflix_SquareAndTimelapse_1920x	svtav1	svtav1_20200227_1ffe062_enc-mode0	60	20	0	19555456.0	19555.456	44.46149999999999	48.64016666666666	47.78916666666666	44.445444	48.63139	47.777191	99.9095279831786	6341226.0	105.6871	9903.79	1920	1080	60.0	8	ab218f447f42373cc953017f09b45961	de3c434e0434115a501faa25a396108b	1920	1080	20626.0	16.0	3471.0	23661.0	True	True	0.9991436570882797	0.997841761676942
Netflix_SquareAndTimelapse_1920x	Netflix_SquareAndTimelapse_1920x	svtav1	svtav1_20200227_1ffe062_enc-mode0	60	32	0	10948704.0	10948.704	41.95166666666666	46.9165	45.8165	41.923713	46.90453	45.799212	99.88051919081445	4689597.0	78.15995	8483.4	1920	1080	60.0	8	f42226c7840a9537160f239922fc1c79	5e73efa186b079621eeec23c1f837ffc	1920	1080	12347.0	3.0	2426.0	23254.0	True	True	0.9982166737318039	0.9959995537226287
Netflix_SquareAndTimelapse_1920x	Netflix_SquareAndTimelapse_1920x	svtav1	svtav1_20200227_1ffe062_enc-mode0	60	43	0	6088896.0	6088.896	39.13099999999998	45.08416666666666	43.76583333333333	39.077756	45.066584	43.740969	98.25155351983403	4308373.0	71.80621666666667	6988.31	1920	1080	60.0	8	c392f82767d0c74669df5c0ee414f8e2	1a7b0722fed4ea560aac662750edb640	1920	1080	13384.0	4.0	2648.0	25341.0	True	True	0.9959060569604238	0.9920473017934476
Netflix_SquareAndTimelapse_1920x	Netflix_SquareAndTimelapse_1920x	svtav1	svtav1_20200227_1ffe062_enc-mode0	60	55	0	2800592.0	2800.592	35.29783333333333	42.09816666666667	40.70033333333334	35.245865	42.081316	40.677045	87.43295564349343	3066917.0	51.11528333333333	4801.96	1920	1080	60.0	8	42cf5051378ce7e7384e122459ec3222	1fc995588db7c51a7d33e205a10b744a	1920	1080	12829.0	5.0	1783.0	24573.0	True	True	0.9872807015975317	0.979604159026736
Netflix_SquareAndTimelapse_1920x	Netflix_SquareAndTimelapse_1920x	svtav1	svtav1_20200227_1ffe062_enc-mode0	60	59	0	1853256.0	1853.256	33.25283333333334	40.245499999999986	38.90183333333332	33.224561	40.239299	38.88970200000001	78.2757278781691	2570947.0	42.84911666666667	4159.22	1920	1080	60.0	8	cd01927c2767285d8991bb4aa0b0b3ac	6279a6b7f76dd6cbd56124599e09f454	1920	1080	17749.0	5.0	1941.0	25182.0	True	True	0.9768768042325974	0.9662723207508447
aspen_1080p_60f	aspen_1080p_60f	svtav1	svtav1_20200227_1ffe062_enc-mode0	60	20	0	8622590.0	8622.59	44.071333333333335	47.97233333333331	49.1485	44.062948	47.969521	49.144236	98.01488046681507	6796655.0	113.27758333333334	9432.51	1920	1080	29.97	8	1f241a55c2a033816fecb276185d39ee	b59486ff6aba9389dac8780684c8eeb4	1920	1080	10290.0	6.0	3335.0	25191.0	True	True	0.9960719287395478	0.992555527907851
aspen_1080p_60f	aspen_1080p_60f	svtav1	svtav1_20200227_1ffe062_enc-mode0	60	32	0	2390928.0	2390.928	42.05183333333333	46.74283333333336	47.749500000000005	42.03767	46.739113	47.744766	93.88637401794713	5014874.0	83.58123333333333	7462.48	1920	1080	29.97	8	aa6946095a5e3c270d9beec3c19d6cf4	917355d3a3c82061060cabe3d8b98ed2	1920	1080	10072.0	27.0	1948.0	24883.0	True	True	0.9938133915265401	0.9894174818485976
aspen_1080p_60f	aspen_1080p_60f	svtav1	svtav1_20200227_1ffe062_enc-mode0	60	43	0	1042549.0	1042.549	40.62716666666667	45.596000000000004	46.69749999999998	40.601373	45.58990099999999	46.690533	88.48685989390694	3101652.0	51.6942	4897.4	1920	1080	29.97	8	c932e4c7314d1b11061cba24a6e98bd9	24630702cb5a192bed82066c0a973a1d	1920	1080	10509.0	4.0	1676.0	24410.0	True	True	0.9909888535737992	0.9862671613915927
aspen_1080p_60f	aspen_1080p_60f	svtav1	svtav1_20200227_1ffe062_enc-mode0	60	55	0	447949.0	447.949	38.52749999999999	43.42033333333334	44.40583333333334	38.502394	43.41293699999999	44.401221	78.56025294813851	2370283.0	39.50471666666667	3653.23	1920	1080	29.97	8	0d3f14fc5ddcf237ba34bf9a35e4e1bb	4bb89de9b4f4bba413782109d90fcad9	1920	1080	10368.0	5.0	1328.0	26183.0	True	True	0.9843163102865219	0.9793528542615925
aspen_1080p_60f	aspen_1080p_60f	svtav1	svtav1_20200227_1ffe062_enc-mode0	60	59	0	294129.0	294.129	36.92883333333334	42.07866666666667	42.81583333333334	36.900925	42.072655000000005	42.812416	69.23499797717224	2020539.0	33.67565	3274.12	1920	1080	29.97	8	6b571ecb4396acf92be92e4cf108122c	1ca1aa114590caa4006b333920e87ca5	1920	1080	9081.0	3.0	994.0	22981.0	True	True	0.9752043058474859	0.9704369168823413
ducks_take_off_1080p50_60f	ducks_take_off_1080p50_60f	svtav1	svtav1_20200227_1ffe062_enc-mode0	60	20	0	116504053.0	116504.053	39.21116666666668	39.11266666666668	41.25283333333334	39.190176	39.083002	41.232114	99.06083146297443	22363976.0	372.73293333333334	35199.91	1920	1080	50.0	8	1c2556a5e4eefac19a07ad2ae2210cd8	6e9aba0268f75779faacc827ee07b692	1920	1080	17236.0	3.0	9655.0	27497.0	True	True	0.998966172337532	0.9962118672286481
ducks_take_off_1080p50_60f	ducks_take_off_1080p50_60f	svtav1	svtav1_20200227_1ffe062_enc-mode0	60	32	0	31824353.0	31824.353	35.21583333333332	36.85733333333334	39.804500000000004	35.189122	36.833949	39.79253099999999	93.89465859597557	14180848.0	236.34746666666666	21906.38	1920	1080	50.0	8	f446f70dc8df20e9ad18f4677207eccc	50fc6b3b7f47c2bc82222aa760507ad1	1920	1080	16554.0	4.0	4195.0	24545.0	True	True	0.9967760980129242	0.9902926797505144
ducks_take_off_1080p50_60f	ducks_take_off_1080p50_60f	svtav1	svtav1_20200227_1ffe062_enc-mode0	60	43	0	10377213.0	10377.213	33.06816666666667	34.93633333333334	38.412	33.045595	34.89648	38.401212	84.77639680216609	6869323.0	114.48871666666666	11150.88	1920	1080	50.0	8	6486b565e2f6002911bf6541c0e679a6	bd329c80ef13478e5782c9d08457ccd8	1920	1080	17213.0	4.0	2840.0	29497.0	True	True	0.9911641707022985	0.9816417757950247
ducks_take_off_1080p50_60f	ducks_take_off_1080p50_60f	svtav1	svtav1_20200227_1ffe062_enc-mode0	60	55	0	3623740.0	3623.74	30.481999999999996	32.89833333333334	37.122166666666665	30.450163	32.857639	37.116627	67.33636248558759	3771312.0	62.8552	6053.56	1920	1080	50.0	8	310bb22c62b92dc2cd2bc1898ba27e09	86333fd5fc3d5666784b32a69df51611	1920	1080	17048.0	3.0	1939.0	25168.0	True	True	0.9742734640836715	0.960610139402103
ducks_take_off_1080p50_60f	ducks_take_off_1080p50_60f	svtav1	svtav1_20200227_1ffe062_enc-mode0	60	59	0	2319206.0	2319.206	29.27833333333334	31.98133333333333	36.52216666666667	29.248179	31.950574	36.520194	57.62962896863105	2914404.0	48.5734	4818.55	1920	1080	50.0	8	b10dc5a552dcfbdb27e92327e0288d31	57eff81f41b234651aaa93b13527cff3	1920	1080	16246.0	3.0	1646.0	23710.0	True	True	0.9604817430178324	0.9449484163755337
life_1080p30_60f	life_1080p30_60f	svtav1	svtav1_20200227_1ffe062_enc-mode0	60	20	0	12640180.0	12640.18	44.51566666666667	49.544833333333344	49.12449999999999	44.503066	49.532028	49.113351	99.53080047544614	7298053.0	121.63421666666666	11983.96	1920	1080	30.0	8	38e9e9f0b2d7e75385ba17b70d34b5c2	9dc04f7a1bd10fcbc985ed80eb4907d7	1920	1080	13451.0	17.0	3868.0	27813.0	True	True	0.999177039662997	0.9978929809097064
life_1080p30_60f	life_1080p30_60f	svtav1	svtav1_20200227_1ffe062_enc-mode0	60	32	0	5768384.0	5768.384	41.48583333333333	47.33883333333334	47.015000000000015	41.464057	47.321499	47.001799	97.74302295573474	5548010.0	92.46683333333333	8562.32	1920	1080	30.0	8	5da6019a723751c9c0cbbabf1631677b	667951db20fa3558ddba92bcc06b09da	1920	1080	13199.0	4.0	2740.0	25336.0	True	True	0.9984133799870809	0.9961651299524699
life_1080p30_60f	life_1080p30_60f	svtav1	svtav1_20200227_1ffe062_enc-mode0	60	43	0	2865144.0	2865.144	38.73799999999999	45.3185	45.19016666666666	38.704762	45.288622	45.164544	94.46619349036673	4768348.0	79.47246666666666	7333.39	1920	1080	30.0	8	03d91403dcb8389e33bea4764c09d464	db8d68086cc2136aa8db6e8bb3b85670	1920	1080	13827.0	6.0	2345.0	24583.0	True	True	0.9966180066267649	0.9926109637830669
life_1080p30_60f	life_1080p30_60f	svtav1	svtav1_20200227_1ffe062_enc-mode0	60	55	0	1157080.0	1157.0799999999997	35.057833333333335	42.39683333333333	42.254500000000014	35.038632	42.374309	42.234358	86.86375303501504	3112234.0	51.87056666666667	4896.58	1920	1080	30.0	8	91d22bee0d25262d486fa2a7e3e48274	6b1566fc9b2a8b431f5deffd7ea4cc65	1920	1080	13231.0	18.0	2388.0	24708.0	True	True	0.9892415414253871	0.97866538045412
life_1080p30_60f	life_1080p30_60f	svtav1	svtav1_20200227_1ffe062_enc-mode0	60	59	0	723440.0	723.44	33.370833333333344	40.90833333333334	40.511500000000005	33.359237	40.894728	40.500339000000004	80.21876172693094	2698887.0	44.98145	4206.12	1920	1080	30.0	8	5803d4aeb8431d5957ab81d603f50536	595f6ed01d9c1029eaf14895b2293eb8	1920	1080	12724.0	4.0	1646.0	24585.0	True	True	0.9791340182224909	0.9628895629434785
Cosmos1_1920x856_BT2100_PQ_24fps	Cosmos1_1920x856_BT2100_PQ_24fps	svtav1	svtav1_20200227_1ffe062_enc-mode0	60	20	0	23546886.0	23546.886	42.01766666666666	44.76283333333335	47.38133333333334	41.992782	44.719623	47.358338	99.40143198052415	12116883.0	201.94805	19907.6	1920	856	24.0	10	cbdd10ac52decc23056ffb2ba7229f9d	fa1cbf4462ca68f5dfc73ab44863a20d	1920	856	19488.0	12.0	7689.0	18233.0	True	True	0.9967881311972936	0.9960663576967672
Cosmos1_1920x856_BT2100_PQ_24fps	Cosmos1_1920x856_BT2100_PQ_24fps	svtav1	svtav1_20200227_1ffe062_enc-mode0	60	32	0	8996624.0	8996.624	38.04666666666665	42.71583333333332	45.80633333333332	37.988664	42.679618	45.786957	94.99822195557492	10907735.0	181.79558333333333	18379.99	1920	856	24.0	10	25ebfc0893f1fd76f65fd167daf74a3b	90ed9514443bb01c13e54d3c31d6641d	1920	856	19566.0	12.0	4903.0	18853.0	True	True	0.9916099697351456	0.9906158174242657
Cosmos1_1920x856_BT2100_PQ_24fps	Cosmos1_1920x856_BT2100_PQ_24fps	svtav1	svtav1_20200227_1ffe062_enc-mode0	60	43	0	3364080.0	3364.08	35.255166666666675	41.115500000000004	44.459499999999984	35.19357	41.087117	44.446712	84.00519821793205	7215408.0	120.2568	11559.54	1920	856	24.0	10	7363f25bfdf70a27e3457ee42c9f6b98	2a5f6419e8ec9dc8325310bed225d139	1920	856	17743.0	5.0	3504.0	19607.0	True	True	0.979629228512446	0.9795685002785807
Cosmos1_1920x856_BT2100_PQ_24fps	Cosmos1_1920x856_BT2100_PQ_24fps	svtav1	svtav1_20200227_1ffe062_enc-mode0	60	55	0	1207520.0	1207.52	32.40366666666665	39.45399999999999	42.704666666666675	32.352013	39.437516	42.69502	63.28350053170907	4323348.0	72.0558	6607.49	1920	856	24.0	10	49dceff09606364d0d6e1781470278b8	8940716501f2c810c185aba6ac685757	1920	856	17697.0	3.0	2482.0	18742.0	True	True	0.9452641020218532	0.9503558477894302
Cosmos1_1920x856_BT2100_PQ_24fps	Cosmos1_1920x856_BT2100_PQ_24fps	svtav1	svtav1_20200227_1ffe062_enc-mode0	60	59	0	718969.0	718.9689999999999	31.039666666666673	38.62866666666668	41.041999999999994	31.000329	38.616753	41.03685	50.74036687418128	3459957.0	57.66595	5130.88	1920	856	24.0	10	87d3108284d0e416ba59f2c3ec38e7f3	582cb8eeeee64a621be926f26e5bc3f0	1920	856	17443.0	4.0	2424.0	18954.0	True	True	0.91321106950442	0.9240074000414485
Netflix_TunnelFlag_1920x1080_60f	Netflix_TunnelFlag_1920x1080_60f	svtav1	svtav1_20200227_1ffe062_enc-mode0	60	20	0	27778224.0	27778.224	42.93033333333334	46.800833333333344	48.32449999999999	42.901568	46.790924	48.317633	99.94410383546777	7786826.0	129.78043333333332	12685.64	1920	1080	60.0	8	b25349e5832b93631b2b179a73a67f75	d84b70d25ea375c4df5a5fbe856999f4	1920	1080	12908.0	5.0	4044.0	25183.0	True	True	0.9986590355634689	0.99658428120584
Netflix_TunnelFlag_1920x1080_60f	Netflix_TunnelFlag_1920x1080_60f	svtav1	svtav1_20200227_1ffe062_enc-mode0	60	32	0	13580032.0	13580.032	40.51099999999998	45.19966666666667	47.0565	40.471823	45.191796	47.04842	99.91882732285917	6462519.0	107.70865	10804.12	1920	1080	60.0	8	49e1ce864ef111712dfb93e11ea63755	c31c0eac06b299a4e94063b900de8d53	1920	1080	12731.0	4.0	2932.0	23867.0	True	True	0.997535859545072	0.9941650966626084
Netflix_TunnelFlag_1920x1080_60f	Netflix_TunnelFlag_1920x1080_60f	svtav1	svtav1_20200227_1ffe062_enc-mode0	60	43	0	6719752.0	6719.7519999999995	37.962500000000006	43.259166666666665	45.61483333333333	37.907016	43.253356000000004	45.605044	99.88731021158378	5399168.0	89.98613333333333	8219.81	1920	1080	60.0	8	c42fa6e18d26497bea8cf1ea060f8985	f6ec9bfdb1150ad424913fddc83f7afb	1920	1080	12704.0	6.0	2387.0	28004.0	True	True	0.9951742847760519	0.9899177338265852
Netflix_TunnelFlag_1920x1080_60f	Netflix_TunnelFlag_1920x1080_60f	svtav1	svtav1_20200227_1ffe062_enc-mode0	60	55	0	3165664.0	3165.664	35.02983333333334	40.470333333333336	43.21316666666667	34.990208	40.467689	43.209592	99.78823337396321	3954228.0	65.9038	5971.15	1920	1080	60.0	8	37d7e797d8b9b0229a505a6ce08a5fcd	69ec00764b25ee35caa35fcf8c0ba588	1920	1080	12772.0	6.0	2336.0	26278.0	True	True	0.9906573166449865	0.9833920451413316
Netflix_TunnelFlag_1920x1080_60f	Netflix_TunnelFlag_1920x1080_60f	svtav1	svtav1_20200227_1ffe062_enc-mode0	60	59	0	2325168.0	2325.168	33.61100000000001	39.31233333333333	41.8753333333333	33.586642	39.311069	41.871583	99.59183518667488	3599263.0	59.987716666666664	5707.2	1920	1080	60.0	8	04d17c4f660f7c7dece4ef26dcc46d96	e8b545691be2ec5ec7be6b4589b3aea2	1920	1080	12726.0	4.0	1848.0	24986.0	True	True	0.9873433440923691	0.9793662390552095
rush_hour_1080p25_60f	rush_hour_1080p25_60f	svtav1	svtav1_20200227_1ffe062_enc-mode0	60	20	0	5537153.0	5537.153	43.12966666666668	46.86566666666666	48.871166666666674	43.129181	46.86319	48.867589	97.32183303943239	5787450.0	96.4575	10518.67	1920	1080	25.0	8	a835b36406a27d76050ca7794bd88308	1bb59f305f5da99a15434852b4b7e01a	1920	1080	9838.0	30.0	2728.0	23505.0	True	True	0.9965563893318177	0.9926023428767091
rush_hour_1080p25_60f	rush_hour_1080p25_60f	svtav1	svtav1_20200227_1ffe062_enc-mode0	60	32	0	2563923.0	2563.923	42.21083333333333	45.86500000000002	47.624333333333325	42.208062	45.862407	47.619285	93.5210167697807	6161223.0	102.68705	9686.8	1920	1080	25.0	8	0327e9dd94d396db267ef270e7f73681	6e55627b2b951f39b844c5bcd8ba56c8	1920	1080	10487.0	4.0	2559.0	25798.0	True	True	0.9943628331025441	0.9904672238929977
rush_hour_1080p25_60f	rush_hour_1080p25_60f	svtav1	svtav1_20200227_1ffe062_enc-mode0	60	43	0	1224643.0	1224.643	40.82383333333333	44.71883333333333	46.16666666666666	40.810232	44.714236	46.156833	86.18799287045775	4089997.0	68.16661666666667	6441.16	1920	1080	25.0	8	4bb0480033cb7b7954fa14917127df69	3e09579b542503a1d116f6c4a13142ef	1920	1080	10689.0	6.0	2024.0	24604.0	True	True	0.9902332176764806	0.9867691579430625
rush_hour_1080p25_60f	rush_hour_1080p25_60f	svtav1	svtav1_20200227_1ffe062_enc-mode0	60	55	0	528786.0	528.786	38.59133333333334	42.86316666666665	43.94249999999999	38.562956	42.859361	43.931063	72.8487788950816	2582402.0	43.040033333333334	4229.92	1920	1080	25.0	8	39b57cd93e5ab8e1bae6355cb75507ef	3eae4030f7f7bb16268a0d9939ece406	1920	1080	10169.0	2.0	1483.0	24141.0	True	True	0.980397351582845	0.9784420309400474
rush_hour_1080p25_60f	rush_hour_1080p25_60f	svtav1	svtav1_20200227_1ffe062_enc-mode0	60	59	0	364930.0	364.93	37.41633333333334	41.93499999999999	42.8835	37.38789	41.931116	42.871718	65.39364140699587	2979463.0	49.657716666666666	4291.76	1920	1080	25.0	8	e385ef0068dc256896f5969fc20de94c	d19b8f46385ab0c79e68235ee8653dc3	1920	1080	10549.0	6.0	1404.0	31111.0	True	True	0.9730758607387543	0.972407290179061
touchdown_pass_1080p_60f	touchdown_pass_1080p_60f	svtav1	svtav1_20200227_1ffe062_enc-mode0	60	20	0	20641422.0	20641.422	40.80166666666667	48.03433333333333	48.17533333333333	40.755744	48.026858999999995	48.166913	96.44648422319621	7906631.0	131.77718333333334	13157.94	1920	1080	29.97	8	4db5bf1ee5a3b9983064b26553ae5ba9	b32f2bda16892975b618d26ea0998534	1920	1080	13034.0	4.0	5641.0	25891.0	True	True	0.9958798249562582	0.9911341111026295
touchdown_pass_1080p_60f	touchdown_pass_1080p_60f	svtav1	svtav1_20200227_1ffe062_enc-mode0	60	32	0	4691052.0	4691.052	38.699333333333335	47.32733333333333	47.44383333333333	38.681795	47.31917	47.435624	94.26412395443933	5351497.0	89.19161666666666	8267.65	1920	1080	29.97	8	2edb829729fa2f5373ef748747656d9c	d18984e3ec87f507e4f3c65a901c0755	1920	1080	12918.0	19.0	2201.0	25354.0	True	True	0.9938959360122681	0.9867819261337617
touchdown_pass_1080p_60f	touchdown_pass_1080p_60f	svtav1	svtav1_20200227_1ffe062_enc-mode0	60	43	0	1994574.0	1994.574	37.37166666666668	46.28716666666664	46.32816666666667	37.348633	46.281735	46.321193	90.94642721188006	3034397.0	50.573283333333336	5153.6	1920	1080	29.97	8	64184725773b2485df4b9048ef8d9c07	8684e4bef2b97413ae63586fbd2592ca	1920	1080	12566.0	3.0	1535.0	23597.0	True	True	0.9911619265874226	0.9818934891552741
touchdown_pass_1080p_60f	touchdown_pass_1080p_60f	svtav1	svtav1_20200227_1ffe062_enc-mode0	60	55	0	816814.0	816.814	35.039833333333334	44.42616666666666	44.51016666666668	35.011952	44.422496	44.504243	81.80173649667071	2820206.0	47.003433333333334	4080.46	1920	1080	29.97	8	5f0d5aae113d1d8e231f50f4ddbac9f1	56f8240c95fec2910310259ea42f7cee	1920	1080	12943.0	4.0	1551.0	24878.0	True	True	0.9788742661476135	0.9631390519435571
touchdown_pass_1080p_60f	touchdown_pass_1080p_60f	svtav1	svtav1_20200227_1ffe062_enc-mode0	60	59	0	488663.0	488.66299999999995	33.32116666666667	43.33699999999998	43.428333333333335	33.295488	43.33548699999999	43.423078	71.63390452828895	1982971.0	33.04951666666667	3368.79	1920	1080	29.97	8	fce823e87ec4822962470a083f8818af	1ac1153480648ea660b9cb5df03efe17	1920	1080	12684.0	2.0	972.0	23292.0	True	True	0.9535210222005844	0.9333363898170846
ToddlerFountn_1920x1080_2997_10b	ToddlerFountn_1920x1080_2997_10b	svtav1	svtav1_20200227_1ffe062_enc-mode0	60	20	0	58063643.0	58063.643	41.479666666666645	46.42066666666665	43.88750000000001	41.409805	46.408574	43.861327	99.91788518150987	23154751.0	385.91251666666665	34188.93	1920	1080	29.97	10	e407d57e048dbff45f8dfbf2e4d2c9cf	f50b58dbd66ea1247fbb54e7954dd8c2	1920	1080	22684.0	3.0	8759.0	23815.0	True	True	0.9979760537544886	0.9954737220944357
ToddlerFountn_1920x1080_2997_10b	ToddlerFountn_1920x1080_2997_10b	svtav1	svtav1_20200227_1ffe062_enc-mode0	60	32	0	28777484.0	28777.484	37.21249999999999	44.90499999999997	41.91116666666666	37.132453000000005	44.896408	41.89329	99.87532787205974	15689509.0	261.4918166666667	29754.47	1920	1080	29.97	10	188d82c2a5ce8fbbb31a04a8c67207d5	8b2afe8cd559c78b02da68ddc482e29c	1920	1080	48660.0	5.0	6905.0	23308.0	True	True	0.993500703573227	0.9871260786514016
ToddlerFountn_1920x1080_2997_10b	ToddlerFountn_1920x1080_2997_10b	svtav1	svtav1_20200227_1ffe062_enc-mode0	60	43	0	12533853.0	12533.853	33.45316666666667	43.33400000000001	40.36949999999999	33.382536	43.325987000000005	40.360234	89.9488667100125	11541891.0	192.36485	21027.36	1920	1080	29.97	10	1be68c7c709570c434d504da4152f759	90be0d86e332974ad097eb10d429b3dc	1920	1080	23982.0	4.0	5144.0	23826.0	True	True	0.9796923736731211	0.9661576483612059
ToddlerFountn_1920x1080_2997_10b	ToddlerFountn_1920x1080_2997_10b	svtav1	svtav1_20200227_1ffe062_enc-mode0	60	55	0	4500250.0	4500.25	30.048000000000012	41.65283333333333	39.08866666666667	30.007487	41.650287	39.085855	67.0319560890547	9032832.0	150.5472	15162.38	1920	1080	29.97	10	cb0ae33bda00ab733072d38232c4c013	6d1de91849dc0366ec922a3331fd4bff	1920	1080	21513.0	8.0	4331.0	24764.0	True	True	0.9389540086189906	0.9175683006626488
ToddlerFountn_1920x1080_2997_10b	ToddlerFountn_1920x1080_2997_10b	svtav1	svtav1_20200227_1ffe062_enc-mode0	60	59	0	2811436.0	2811.436	28.817833333333343	40.887666666666654	38.67150000000001	28.787331	40.886048	38.6698	55.55429785706234	7622878.0	127.04796666666667	11782.53	1920	1080	29.97	10	53f6f6242079cab0cb5206c6490d79be	52d266ba7ef575fc6711500788cc45be	1920	1080	24559.0	4.0	3667.0	26236.0	True	True	0.9103714317083359	0.8884241477151913
MINECRAFT_60f_420	MINECRAFT_60f_420	svtav1	svtav1_20200227_1ffe062_enc-mode0	60	20	0	85265472.0	85265.472	43.64599999999999	45.943000000000005	46.522333333333336	43.47594	45.780842	46.392481	99.95167101261164	11896602.0	198.2767	17467.95	1920	1080	60.0	8	29b0d3814622ef014fd6bc2d46d447ca	b4ffc2bddf7a6db6975301100790bdd1	1920	1080	14417.0	4.0	8174.0	23877.0	True	True	0.9982944518327713	0.9971530251266526
MINECRAFT_60f_420	MINECRAFT_60f_420	svtav1	svtav1_20200227_1ffe062_enc-mode0	60	32	0	49778360.0	49778.36	39.12266666666666	44.13466666666667	44.6535	38.852988	44.009715	44.556808	99.92702864632659	9268809.0	154.48015	16262.72	1920	1080	60.0	8	ffc78b164d24985411ebd9c3e0c02a31	4745863d4decb0543ef990f2fccb11eb	1920	1080	13938.0	39.0	6453.0	24363.0	True	True	0.9955060352881749	0.992392687336222
MINECRAFT_60f_420	MINECRAFT_60f_420	svtav1	svtav1_20200227_1ffe062_enc-mode0	60	43	0	22398440.0	22398.44	34.831166666666654	42.48583333333333	42.81733333333333	34.528372	42.392531	42.735094	96.28976789565746	10503603.0	175.06005	15846.06	1920	1080	60.0	8	640b1f47a48a73cfdb00ca0aa768bbf0	a2146711633edccd3ae5b5466f055b7a	1920	1080	15930.0	3.0	4458.0	24376.0	True	True	0.9876046429077784	0.9800249883269447
MINECRAFT_60f_420	MINECRAFT_60f_420	svtav1	svtav1_20200227_1ffe062_enc-mode0	60	55	0	8241448.0	8241.448	31.374999999999996	40.38533333333333	40.45500000000001	31.203732	40.337843	40.400665	82.14083748696916	7663319.0	127.72198333333333	13066.99	1920	1080	60.0	8	4c0b429421bc3d45fb603c94d5c8a659	bee84deaff7bb129b890097e08390c01	1920	1080	13701.0	4.0	2713.0	24326.0	True	True	0.9657099733750025	0.950630789158707
MINECRAFT_60f_420	MINECRAFT_60f_420	svtav1	svtav1_20200227_1ffe062_enc-mode0	60	59	0	5050696.0	5050.696	30.08416666666668	39.27783333333334	38.81916666666666	29.983243	39.24664500000001	38.778222	73.42369371574169	6871091.0	114.51818333333334	11530.8	1920	1080	60.0	8	3bc1552b055a54a92487570b535fb8a9	4fec3414eb3359bb76c6ab14171a5f05	1920	1080	14386.0	6.0	2109.0	25343.0	True	True	0.9445656339327494	0.9254396489796445
wikipedia_420	wikipedia_420	svtav1	svtav1_20200227_1ffe062_enc-mode0	60	20	0	1681372.0	1681.372	55.97083333333335	52.76566666666666	53.6965	55.946942	52.596017	53.630494	99.83936047162453	6733478.0	112.22463333333333	9764.9	1920	1080	30.0	8	cf8e9191411dbd697769894f535763b2	477abf29a0bb10ebbd5c570ab21e7a3c	1920	1080	8989.0	20.0	1104.0	25334.0	True	True	0.9994112879037857	0.999186004864599
wikipedia_420	wikipedia_420	svtav1	svtav1_20200227_1ffe062_enc-mode0	60	32	0	904048.0	904.048	51.14933333333335	50.68300000000001	51.883666666666656	51.137511	50.5335	51.830184	99.82501757244694	6560812.0	109.34686666666667	9445.97	1920	1080	30.0	8	8fc1b0ba9257084de67c100a1ad41d09	1db21ee6cd9dbc9317e82159d92b2032	1920	1080	9227.0	3.0	1101.0	25501.0	True	True	0.9990447829167048	0.9984491839387402
wikipedia_420	wikipedia_420	svtav1	svtav1_20200227_1ffe062_enc-mode0	60	43	0	614688.0	614.688	48.65833333333331	48.62883333333334	49.977500000000006	48.637912	48.525075	49.931709	99.79715846672147	5991598.0	99.85996666666666	9404.09	1920	1080	30.0	8	34ec1c81a43a8701438820e52210fb4c	3bf6bf217e547223e5fc999c2355560f	1920	1080	9022.0	3.0	622.0	22635.0	True	True	0.9986954629421234	0.9979482229518648
wikipedia_420	wikipedia_420	svtav1	svtav1_20200227_1ffe062_enc-mode0	60	55	0	409568.0	409.568	44.00333333333334	45.597	47.08283333333334	43.984175	45.55375	47.050135	99.59663194890531	5993915.0	99.89858333333333	9169.57	1920	1080	30.0	8	36e5b7ded98d4bad7b97cc5c0fea2a9f	791605a33e0db44b083c7f9fc5fe8561	1920	1080	8589.0	2.0	603.0	23122.0	True	True	0.9980410387118658	0.9972251287645653
wikipedia_420	wikipedia_420	svtav1	svtav1_20200227_1ffe062_enc-mode0	60	59	0	326676.0	326.676	40.630333333333326	43.62199999999999	45.153000000000006	40.608437	43.57875	45.124486	99.27169202684685	5227826.0	87.13043333333333	8936.31	1920	1080	30.0	8	25288e4c46824637ecd4d3305dfedc09	403c84c4b19e1115372d7aa054304896	1920	1080	9299.0	6.0	685.0	25585.0	True	True	0.9970249672730763	0.9961407570859657
