Netflix_DrivingPOV_1280x720_60fp	Netflix_DrivingPOV_1280x720_60fp	svtav1	svtav1_20191004_b3c6ea1	60	20	13341880.0	13341.88	43.17716666666667	46.778499999999994	45.424000000000014	43.116562	46.760888	45.403946	99.683692	1652946.0	27.5491	1280	720	60.0	8	df31effcf326a56f6c6c363b2ba4190e	bd46426ffe41049efc6a35a385713a5b	1280	720	5175.0	16.0	8318.0	2802.0	False
Netflix_DrivingPOV_1280x720_60fp	Netflix_DrivingPOV_1280x720_60fp	svtav1	svtav1_20191004_b3c6ea1	60	32	6350688.0	6350.688	40.86783333333333	45.607	44.49783333333336	40.808982	45.598567	44.492218	98.791475	1000785.0	16.67975	1280	720	60.0	8	212161229d53f3228da7ae250133aa40	c276f6fbdab91e48851aaf87b8b3552d	1280	720	7081.0	12.0	5019.0	2771.0	False
Netflix_DrivingPOV_1280x720_60fp	Netflix_DrivingPOV_1280x720_60fp	svtav1	svtav1_20191004_b3c6ea1	60	43	3116448.0	3116.448	38.338499999999996	43.85950000000002	43.30083333333334	38.286679	43.853736	43.298251	96.632919	722054.0	12.034233333333333	1280	720	60.0	8	319b098d61991e5eb905fff85d84396f	680b5d0bd161edde793e0873983f730e	1280	720	5019.0	5.0	4325.0	2869.0	False
Netflix_DrivingPOV_1280x720_60fp	Netflix_DrivingPOV_1280x720_60fp	svtav1	svtav1_20191004_b3c6ea1	60	55	1557104.0	1557.104	35.72916666666669	41.97183333333332	42.02316666666664	35.675485	41.96643099999999	42.020318	92.286118	702118.0	11.701966666666667	1280	720	60.0	8	9c35ead9d326e4c8d50af658d2dcb793	9ee9c174246d030f19cd6c8149f99c8b	1280	720	4598.0	8.0	3997.0	3264.0	False
Netflix_DrivingPOV_1280x720_60fp	Netflix_DrivingPOV_1280x720_60fp	svtav1	svtav1_20191004_b3c6ea1	60	63	681720.0	681.72	32.44666666666667	39.37083333333333	40.29466666666669	32.416024	39.36654	40.29139	81.65512400000001	547405.0	9.123416666666667	1280	720	60.0	8	f601036091f643ea4dde89b4a595d434	3665d3ca48b20af3356be91a5873d2d3	1280	720	5561.0	6.0	4542.0	3164.0	False
niklas360p_60f	niklas360p_60f	svtav1	svtav1_20191004_b3c6ea1	60	20	1581760.0	1581.76	44.567666666666675	48.11883333333334	47.81333333333334	44.465964	48.057652	47.753539	98.361185	405157.0	6.7526166666666665	640	360	30.0	8	34419a9abf5523fb4686d61a3cf4dd34	99c47d39e0fda35ef9fd3bb672ff0a9a	640	360	1429.0	4.0	1537.0	901.0	False
niklas360p_60f	niklas360p_60f	svtav1	svtav1_20191004_b3c6ea1	60	32	855692.0	855.6920000000001	42.18050000000001	46.68800000000001	46.13799999999999	42.087515	46.65169	46.096693	96.755981	472409.0	7.873483333333334	640	360	30.0	8	e3091d4b5dc69e4f35adc736a603ed0f	13db9c4a4c5e2ebb02a63030013aba8b	640	360	1550.0	6.0	1274.0	660.0	False
niklas360p_60f	niklas360p_60f	svtav1	svtav1_20191004_b3c6ea1	60	43	462388.0	462.388	39.34683333333333	44.98233333333335	44.178000000000004	39.261971	44.960568	44.152809	93.570887	324906.0	5.4151	640	360	30.0	8	fadfd2f408149bc61a7bcdb099744a6f	45335f50d99b18aa86940cf802ef58ea	640	360	2178.0	14.0	1336.0	643.0	False
niklas360p_60f	niklas360p_60f	svtav1	svtav1_20191004_b3c6ea1	60	55	247608.0	247.608	36.268166666666666	43.036666666666655	42.01066666666666	36.19399	43.021877	41.983881	87.356107	161118.0	2.6853	640	360	30.0	8	9633194e20f57c1f93891d86bf56821a	9b783cbbd0d99b0a94d39206ff902d67	640	360	1578.0	9.0	1816.0	992.0	False
niklas360p_60f	niklas360p_60f	svtav1	svtav1_20191004_b3c6ea1	60	63	118048.0	118.048	32.59666666666668	40.753833333333326	39.35183333333334	32.53807	40.737352	39.318855	74.901365	129443.0	2.157383333333333	640	360	30.0	8	c663705e4f846171d9c324a4c651b104	6421a8fe5cd9a360fa6473097d8b47e8	640	360	1576.0	5.0	768.0	588.0	False
Market3_1920x1080p_50_10b_pq_709	Market3_1920x1080p_50_10b_pq_709	svtav1	svtav1_20191004_b3c6ea1	60	20	19825240.0	19825.24	45.848666666666674	52.52233333333335	53.43683333333332	45.700726	52.497015	53.414953	99.85365900000001	1812427.0	30.207116666666668	1920	1080	50.0	10	4797b89139e2b28cb60cf27e36e9a956	df308c0df08c8aabb2160a871cb410c4	1920	1080	14712.0	8.0	12876.0	6704.0	False
Market3_1920x1080p_50_10b_pq_709	Market3_1920x1080p_50_10b_pq_709	svtav1	svtav1_20191004_b3c6ea1	60	32	9723626.0	9723.626	43.41233333333333	50.46266666666668	51.525999999999996	43.31646	50.453567	51.517632	99.087379	1879970.0	31.332833333333333	1920	1080	50.0	10	cc0fd4c3c4b55b2455f7ef347a432e63	6dbf842c63c65db3d241193622ae50b8	1920	1080	14287.0	10.0	10901.0	11511.0	False
Market3_1920x1080p_50_10b_pq_709	Market3_1920x1080p_50_10b_pq_709	svtav1	svtav1_20191004_b3c6ea1	60	43	4633680.0	4633.680000000001	40.377166666666675	48.02700000000002	49.33050000000001	40.314841	48.024187	49.327919	96.146877	1251210.0	20.8535	1920	1080	50.0	10	7deba72419228657ec0be9feab69208d	29e79436734a868c8bb96dc1efba43e7	1920	1080	14838.0	4.0	9503.0	6607.0	False
Market3_1920x1080p_50_10b_pq_709	Market3_1920x1080p_50_10b_pq_709	svtav1	svtav1_20191004_b3c6ea1	60	55	2306973.0	2306.973	37.273833333333336	45.987500000000004	47.447666666666656	37.229254	45.985882	47.444962	90.47842	488511.0	8.14185	1920	1080	50.0	10	abb5916b0eefcf098fdae264ea84709d	44d528cce1f18be9bded10198862dfe2	1920	1080	15989.0	4.0	11190.0	7047.0	False
Market3_1920x1080p_50_10b_pq_709	Market3_1920x1080p_50_10b_pq_709	svtav1	svtav1_20191004_b3c6ea1	60	63	921293.0	921.293	33.58216666666665	43.47683333333331	45.09516666666666	33.565615	43.475123	45.086232	77.01549	606934.0	10.115566666666666	1920	1080	50.0	10	1756bc838a11c5b97bce6467dbc07e77	0516f5189440ebcfe89470ee91476cb6	1920	1080	13101.0	4.0	8272.0	6070.0	False
vidyo4_720p_60fps_60f	vidyo4_720p_60fps_60f	svtav1	svtav1_20191004_b3c6ea1	60	20	6796256.0	6796.256	44.53683333333334	50.1475	50.44833333333334	44.467870999999995	50.137552	50.440634	97.811091	809315.0	13.488583333333333	1280	720	60.0	8	3e67985bd23f1596b3d9a54bf5589a5a	3fe4c0aa82fc90b2505d844f5e389680	1280	720	3586.0	3.0	3769.0	2480.0	False
vidyo4_720p_60fps_60f	vidyo4_720p_60fps_60f	svtav1	svtav1_20191004_b3c6ea1	60	32	2266424.0	2266.424	42.98783333333334	49.57066666666667	49.87716666666667	42.922323	49.562225	49.87038	96.551849	596873.0	9.947883333333333	1280	720	60.0	8	352eacd912f8e5c16c52409556cda950	67eb76b6b6d45b2e70164b0063aca1ab	1280	720	3692.0	5.0	2812.0	2548.0	False
vidyo4_720p_60fps_60f	vidyo4_720p_60fps_60f	svtav1	svtav1_20191004_b3c6ea1	60	43	1040776.0	1040.776	41.63083333333335	48.74083333333333	49.077166666666685	41.567488	48.731708	49.068925	94.63676	733188.0	12.2198	1280	720	60.0	8	78194d5c9331d09f43a9ab048e353405	8ebdbf96fb93187f4c0241450050f155	1280	720	4425.0	10.0	2541.0	3300.0	False
vidyo4_720p_60fps_60f	vidyo4_720p_60fps_60f	svtav1	svtav1_20191004_b3c6ea1	60	55	523920.0	523.92	39.72116666666666	47.48083333333332	47.73050000000002	39.643335	47.468945	47.716185	90.531563	566511.0	9.44185	1280	720	60.0	8	937672743cc50a9036a4a0b63becb5a0	1b6ef61d69543388f760c0c03f24b5d2	1280	720	4767.0	17.0	2996.0	2922.0	False
vidyo4_720p_60fps_60f	vidyo4_720p_60fps_60f	svtav1	svtav1_20191004_b3c6ea1	60	63	238608.0	238.608	36.71383333333334	44.90333333333333	44.76983333333333	36.655763	44.896699	44.763909	80.240781	275905.0	4.598416666666667	1280	720	60.0	8	0d821609931ea3afdab1cb4665687381	82cbf14e40cbe720528ca531062b8fa4	1280	720	3769.0	4.0	2121.0	2580.0	False
KristenAndSara_1280x720_60f	KristenAndSara_1280x720_60f	svtav1	svtav1_20191004_b3c6ea1	60	20	4376752.0	4376.7519999999995	44.85816666666666	49.210333333333324	50.13900000000001	44.83161	49.204902999999995	50.136245	97.029738	1258333.0	20.972216666666668	1280	720	60.0	8	2f0f439386e0332ff76973cfb58d7066	3cdadcde250760e365a517237f6c4a97	1280	720	4004.0	10.0	3921.0	2651.0	False
KristenAndSara_1280x720_60f	KristenAndSara_1280x720_60f	svtav1	svtav1_20191004_b3c6ea1	60	32	1658272.0	1658.272	43.72866666666667	48.606833333333356	49.52533333333335	43.707385	48.602139	49.521527	96.298059	666557.0	11.109283333333334	1280	720	60.0	8	46e2486e9b847a5b181451be3be34025	64a67bfb7e202c8c225f9606a9a32e6f	1280	720	4316.0	7.0	3904.0	2598.0	False
KristenAndSara_1280x720_60f	KristenAndSara_1280x720_60f	svtav1	svtav1_20191004_b3c6ea1	60	43	822816.0	822.816	42.48433333333333	47.66083333333333	48.55633333333334	42.461224	47.657258	48.552812	94.879804	549089.0	9.151483333333333	1280	720	60.0	8	fce4f1474045949e7d85c2f3fecc433b	caf6b9cab9a936129bcd5bb737eeaefa	1280	720	4193.0	13.0	2185.0	4024.0	False
KristenAndSara_1280x720_60f	KristenAndSara_1280x720_60f	svtav1	svtav1_20191004_b3c6ea1	60	55	430712.0	430.71200000000005	40.596999999999994	46.03750000000002	46.98750000000002	40.56900600000001	46.033188	46.98412799999999	91.877866	415089.0	6.91815	1280	720	60.0	8	725c9bda15d386135d796b0e5f2296d7	fa565c441f8722d790b5497cf97c40e7	1280	720	4688.0	14.0	3680.0	2432.0	False
KristenAndSara_1280x720_60f	KristenAndSara_1280x720_60f	svtav1	svtav1_20191004_b3c6ea1	60	63	198912.0	198.912	37.37516666666667	43.18233333333335	44.14133333333333	37.363193	43.18055	44.140429	83.499363	592014.0	9.8669	1280	720	60.0	8	20093fd7f8908d1f730815fca9b1929c	8e8da9527a4acfd81a44ac3eaa1bfac7	1280	720	4241.0	5.0	1580.0	2891.0	False
DOTA2_60f_420	DOTA2_60f_420	svtav1	svtav1_20191004_b3c6ea1	60	20	18666080.0	18666.08	45.95933333333333	49.84483333333333	49.906166666666664	45.909331	49.790119	49.873952	97.724161	2491023.0	41.51705	1920	1080	60.0	8	c87ae01869566281d2ab2758f5733a1f	cdf2b6ed3ec2108752131815b122a9b3	1920	1080	9617.0	5.0	13035.0	6333.0	False
DOTA2_60f_420	DOTA2_60f_420	svtav1	svtav1_20191004_b3c6ea1	60	32	9614528.0	9614.528	43.78150000000002	47.91366666666668	48.12166666666666	43.6947	47.825577	48.076336	96.220533	1517925.0	25.29875	1920	1080	60.0	8	34bf73e4ad69619f26b364c2b3ccb291	65d1acc0aaf27938feca9f3ae087c070	1920	1080	8730.0	4.0	5980.0	6084.0	False
DOTA2_60f_420	DOTA2_60f_420	svtav1	svtav1_20191004_b3c6ea1	60	43	4744480.0	4744.48	41.20716666666668	45.547166666666676	45.86650000000001	41.098563	45.435778	45.814933	93.2576	988679.0	16.477983333333334	1920	1080	60.0	8	cb646e25370573a8f31e36ab9fe88d98	71891eeeaa0235d1fab3360ed778f0d3	1920	1080	9225.0	7.0	5857.0	6294.0	False
DOTA2_60f_420	DOTA2_60f_420	svtav1	svtav1_20191004_b3c6ea1	60	55	2177448.0	2177.448	38.24349999999999	42.833999999999996	43.21699999999999	38.118713	42.712830000000004	43.173471	86.98067	852211.0	14.203516666666667	1920	1080	60.0	8	65fb98e2f4041e5d334d3e9097ac5933	347d0cd255031d6d42caa9b21c174fca	1920	1080	9594.0	5.0	4868.0	6384.0	False
DOTA2_60f_420	DOTA2_60f_420	svtav1	svtav1_20191004_b3c6ea1	60	63	835104.0	835.104	34.45766666666666	39.328833333333336	39.63216666666665	34.401258	39.280032	39.621703	71.88393	1129684.0	18.82806666666667	1920	1080	60.0	8	61eff3b0a5937ab775cab2767f09b6ea	3a5e37ad63293a176d4abc70ebc99692	1920	1080	13302.0	24.0	7164.0	9397.0	False
Netflix_Aerial_1920x1080_60fps_8	Netflix_Aerial_1920x1080_60fps_8	svtav1	svtav1_20191004_b3c6ea1	60	20	28323000.0	28323.0	43.21416666666667	46.118500000000004	45.77566666666668	43.152824	46.091756	45.753703	96.914065	2243068.0	37.38446666666667	1920	1080	60.0	8	bc892e4b19d12fb7c603cd83964fd16f	4495a9256a3f47022ac20d68e6cc2a89	1920	1080	9878.0	4.0	13346.0	6235.0	False
Netflix_Aerial_1920x1080_60fps_8	Netflix_Aerial_1920x1080_60fps_8	svtav1	svtav1_20191004_b3c6ea1	60	32	12974160.0	12974.16	41.27033333333334	44.85783333333334	44.72066666666667	41.206778	44.848293	44.715674	94.78427	1875774.0	31.2629	1920	1080	60.0	8	52fb4d4317dd93350c419df7d46347f7	11653b03add18efab3732b94da97d25c	1920	1080	9390.0	4.0	10971.0	6479.0	False
Netflix_Aerial_1920x1080_60fps_8	Netflix_Aerial_1920x1080_60fps_8	svtav1	svtav1_20191004_b3c6ea1	60	43	6241784.0	6241.784	38.87166666666666	43.29349999999999	43.6115	38.793563999999996	43.286445	43.608458	91.522086	2196633.0	36.61055	1920	1080	60.0	8	33707248e94fc66f23143d2f5fca1e3d	ee35d45b8e8bb5825d5dff9c42de2797	1920	1080	11954.0	5.0	20822.0	6615.0	False
Netflix_Aerial_1920x1080_60fps_8	Netflix_Aerial_1920x1080_60fps_8	svtav1	svtav1_20191004_b3c6ea1	60	55	2925640.0	2925.64	36.064166666666665	41.548666666666676	42.41933333333335	36.005594	41.543376	42.413377	85.684035	1436114.0	23.935233333333333	1920	1080	60.0	8	61f1de7219d4649ae111793fff45acdd	243104a51a0fa40209c08ff948ee973a	1920	1080	9533.0	4.0	8552.0	6899.0	False
Netflix_Aerial_1920x1080_60fps_8	Netflix_Aerial_1920x1080_60fps_8	svtav1	svtav1_20191004_b3c6ea1	60	63	997712.0	997.712	32.239499999999985	39.33216666666667	41.013999999999996	32.225192	39.319588	41.002842	70.35230699999998	883989.0	14.73315	1920	1080	60.0	8	78695d2e441bc41bc99a412e41a40d28	a6737f5d4b5dc112a062ad2ec8988266	1920	1080	9451.0	6.0	6788.0	6258.0	False
ducks_take_off_1080p50_60f	ducks_take_off_1080p50_60f	svtav1	svtav1_20191004_b3c6ea1	60	20	120014853.0	120014.85299999999	39.09466666666669	39.52016666666667	41.57749999999999	39.00991	39.446401	41.528518	98.820661	4176833.0	69.61388333333333	1920	1080	50.0	8	183f0c96c7af1cc7849ed00df6fbb4f6	4586d267581c6eee59525d5b83b64a6f	1920	1080	11751.0	3.0	26328.0	7018.0	False
ducks_take_off_1080p50_60f	ducks_take_off_1080p50_60f	svtav1	svtav1_20191004_b3c6ea1	60	32	35669586.0	35669.586	35.35466666666666	37.08299999999999	40.00216666666668	35.293143	37.044963	39.984913	93.973682	3099618.0	51.6603	1920	1080	50.0	8	bfabdac8c7b73633b1d248f819eb1d91	1934e12b90c2b65f40e43d6b1394ecb2	1920	1080	11983.0	4.0	22370.0	6599.0	False
ducks_take_off_1080p50_60f	ducks_take_off_1080p50_60f	svtav1	svtav1_20191004_b3c6ea1	60	43	11609666.0	11609.666	33.193	35.292	38.632166666666684	33.16325	35.253891	38.620635	85.117848	2292279.0	38.20465	1920	1080	50.0	8	e9ac8fb6c9d355f158a85bf5c185549e	59a3d2134ad5c10e9fd82d750cf7fa4b	1920	1080	11857.0	4.0	20180.0	6619.0	False
ducks_take_off_1080p50_60f	ducks_take_off_1080p50_60f	svtav1	svtav1_20191004_b3c6ea1	60	55	4523606.0	4523.606	30.905666666666676	33.57166666666667	37.45216666666666	30.856771	33.523067	37.445187	69.815331	2444275.0	40.73791666666666	1920	1080	50.0	8	aff6c8f9f4fdf8aa6f12863257802759	02478fc486646faa651581ffe0f8c09e	1920	1080	13217.0	4.0	13393.0	6463.0	False
ducks_take_off_1080p50_60f	ducks_take_off_1080p50_60f	svtav1	svtav1_20191004_b3c6ea1	60	63	1710306.0	1710.306	28.231166666666674	31.777333333333335	36.342166666666664	28.146521	31.727991	36.3379	47.847498	1876875.0	31.28125	1920	1080	50.0	8	0698ed227a2a88c787fcffa03aab2123	47284c99054d6be82028512920b77ed1	1920	1080	15544.0	11.0	11695.0	7293.0	False
touchdown_pass_1080p_60f	touchdown_pass_1080p_60f	svtav1	svtav1_20191004_b3c6ea1	60	20	25213316.0	25213.316	41.179	48.35999999999999	48.501999999999995	41.039349	48.336154	48.47882	96.525503	3484286.0	58.07143333333333	1920	1080	29.97	8	e999bfcc8a117d597171f4825cd0f3aa	7272741bd26d49e7fc77872cf69c0247	1920	1080	9452.0	5.0	31058.0	8957.0	False
touchdown_pass_1080p_60f	touchdown_pass_1080p_60f	svtav1	svtav1_20191004_b3c6ea1	60	32	6348895.0	6348.895	38.931000000000004	47.562666666666686	47.680500000000016	38.881352	47.554647	47.671557	94.194684	2664618.0	44.4103	1920	1080	29.97	8	6c52ffa8917ec2fa649ac717705b319b	7c2a5ed0dafe3d4cfb7036a0d377fa4d	1920	1080	8750.0	4.0	12620.0	6692.0	False
touchdown_pass_1080p_60f	touchdown_pass_1080p_60f	svtav1	svtav1_20191004_b3c6ea1	60	43	2374616.0	2374.616	37.56433333333334	46.678833333333316	46.723166666666664	37.535246	46.67309	46.71665599999999	91.355697	1660565.0	27.676083333333334	1920	1080	29.97	8	ef8535db173749f7dbe04b753262a1dd	fc5c16eab0e588aa37bee8e7013d25be	1920	1080	10647.0	4.0	9445.0	6258.0	False
touchdown_pass_1080p_60f	touchdown_pass_1080p_60f	svtav1	svtav1_20191004_b3c6ea1	60	55	1169725.0	1169.725	35.919166666666655	45.59866666666667	45.548666666666676	35.881883	45.593221	45.540048	85.360909	1080995.0	18.016583333333333	1920	1080	29.97	8	2c0896b5a29cf19011717cc321d67eb7	5129b1e7bb48208b969919841da419d2	1920	1080	9158.0	5.0	8447.0	6395.0	False
touchdown_pass_1080p_60f	touchdown_pass_1080p_60f	svtav1	svtav1_20191004_b3c6ea1	60	63	460202.0	460.202	32.99366666666666	43.837	43.839833333333324	32.949776	43.832421	43.830482	68.545953	1098952.0	18.31586666666667	1920	1080	29.97	8	fc8e653bbd3e15692738910e6fa6ee96	33b7beff1ed5ee0d1ec35ff37a0b111b	1920	1080	9802.0	4.0	6484.0	6330.0	False
vidyo1_720p_60fps_60f	vidyo1_720p_60fps_60f	svtav1	svtav1_20191004_b3c6ea1	60	20	4829168.0	4829.168	45.782666666666685	48.279333333333334	49.61566666666667	45.753254	48.26569200000001	49.608818	96.61211900000002	932010.0	15.5335	1280	720	60.0	8	269647eb9f51d11d46ce1869c3fe4497	869891b2aa6141a8cd278bd7294cb94e	1280	720	3760.0	13.0	4796.0	2838.0	False
vidyo1_720p_60fps_60f	vidyo1_720p_60fps_60f	svtav1	svtav1_20191004_b3c6ea1	60	32	1833976.0	1833.976	44.23933333333333	47.77033333333335	49.02516666666667	44.220906	47.762444	49.019587	95.371606	683891.0	11.398183333333334	1280	720	60.0	8	b4947652f1f7ce211726fae3a4e36ceb	8ecab0e0de61f1e0fa4db8a4508d1cd4	1280	720	6228.0	7.0	3891.0	2747.0	False
vidyo1_720p_60fps_60f	vidyo1_720p_60fps_60f	svtav1	svtav1_20191004_b3c6ea1	60	43	832472.0	832.472	42.78616666666667	47.16183333333333	48.218833333333365	42.775579	47.158472	48.21588	93.50481999999998	537028.0	8.950466666666667	1280	720	60.0	8	5808eab3a7fb17aabf5e63a61cb09afe	84e141e5f8d95a3839ae94e3658e5431	1280	720	3564.0	5.0	1811.0	2619.0	False
vidyo1_720p_60fps_60f	vidyo1_720p_60fps_60f	svtav1	svtav1_20191004_b3c6ea1	60	55	434416.0	434.416	40.91649999999999	46.10099999999999	46.792500000000004	40.901218	46.099505	46.790894	89.863009	379513.0	6.325216666666667	1280	720	60.0	8	d753afb03f721b8451221fbfa3bcb8b8	ab8bc66497c546e316ea3c5154d177da	1280	720	4426.0	6.0	1892.0	3118.0	False
vidyo1_720p_60fps_60f	vidyo1_720p_60fps_60f	svtav1	svtav1_20191004_b3c6ea1	60	63	205400.0	205.4	37.55933333333334	43.758500000000005	44.089166666666664	37.550325	43.757509	44.088702	79.442279	378906.0	6.3151	1280	720	60.0	8	6fbae0dfc662570847eeb7b7490090c9	a28fae432d265dce045281707bd1d667	1280	720	3731.0	8.0	1516.0	2570.0	False
Netflix_FoodMarket_1920x1080_60f	Netflix_FoodMarket_1920x1080_60f	svtav1	svtav1_20191004_b3c6ea1	60	20	32902496.0	32902.496	41.395500000000006	45.19616666666666	45.89149999999999	41.335406	45.172066	45.87677	99.315903	2630965.0	43.84941666666667	1920	1080	60.0	8	0304912c6240067cd4e72602f31cf00a	205e30ab7881a0c767674b4ec8b09ee8	1920	1080	8987.0	5.0	17567.0	6130.0	False
Netflix_FoodMarket_1920x1080_60f	Netflix_FoodMarket_1920x1080_60f	svtav1	svtav1_20191004_b3c6ea1	60	32	9849464.0	9849.464	40.026166666666654	44.428166666666684	45.29166666666667	40.003532	44.419563	45.288406	96.516477	1763575.0	29.392916666666668	1920	1080	60.0	8	e7a2cccbf9a5320fd6599b210704be77	2c946e6247afea831977bec5a1314dc7	1920	1080	10361.0	5.0	11585.0	6453.0	False
Netflix_FoodMarket_1920x1080_60f	Netflix_FoodMarket_1920x1080_60f	svtav1	svtav1_20191004_b3c6ea1	60	43	4520744.0	4520.744	38.85099999999999	43.615166666666674	44.611166666666676	38.827662	43.607138	44.608531	92.589177	2309743.0	38.49571666666667	1920	1080	60.0	8	4d3b5a716d1b1db35a32167aada22b83	68c3fd0678d5bfd6a13cce557a558d8f	1920	1080	12210.0	7.0	14100.0	9696.0	False
Netflix_FoodMarket_1920x1080_60f	Netflix_FoodMarket_1920x1080_60f	svtav1	svtav1_20191004_b3c6ea1	60	55	2231488.0	2231.488	37.16533333333333	42.60299999999999	43.681	37.121999	42.590604	43.675464	84.420815	1878991.0	31.316516666666665	1920	1080	60.0	8	fb85ba1e927c8102e2854377286572b8	67623ec511e0001ace72beaac03c32f6	1920	1080	9009.0	20.0	8921.0	9665.0	False
Netflix_FoodMarket_1920x1080_60f	Netflix_FoodMarket_1920x1080_60f	svtav1	svtav1_20191004_b3c6ea1	60	63	949864.0	949.864	34.6265	41.04783333333333	42.04566666666665	34.580694	41.03603	42.028537	67.987115	995797.0	16.596616666666666	1920	1080	60.0	8	703751cf03166946d2b361e22616407f	b94675abc04b03b5d034432288c83e9e	1920	1080	9905.0	7.0	11388.0	7557.0	False
rush_hour_1080p25_60f	rush_hour_1080p25_60f	svtav1	svtav1_20191004_b3c6ea1	60	20	8229966.0	8229.966	43.23766666666666	47.19316666666665	49.24066666666666	43.211217	47.175144	49.2245	97.265635	2214041.0	36.90068333333333	1920	1080	25.0	8	8e1d3dd16814151cae07afc479564439	0515fd960798773e8bea3421aea652eb	1920	1080	7503.0	4.0	16984.0	6444.0	False
rush_hour_1080p25_60f	rush_hour_1080p25_60f	svtav1	svtav1_20191004_b3c6ea1	60	32	3333736.0	3333.736	42.35316666666669	46.42399999999999	48.26266666666666	42.344812	46.418367	48.253866	94.008571	1696570.0	28.276166666666665	1920	1080	25.0	8	60bcb3406e191c6e282044153c0c2e2d	cd37d3405c78bb4be167b2e1bbffd9b4	1920	1080	9740.0	15.0	14254.0	6155.0	False
rush_hour_1080p25_60f	rush_hour_1080p25_60f	svtav1	svtav1_20191004_b3c6ea1	60	43	1566316.0	1566.316	41.112666666666684	45.48999999999999	47.020666666666656	41.088166	45.484964	47.009023	87.580796	1571644.0	26.194066666666668	1920	1080	25.0	8	3daa4aca86afa8c0e157ad03aefe3678	8a31bd5d7d31f0c44093e8aadefc0fa2	1920	1080	8210.0	14.0	10993.0	6504.0	False
rush_hour_1080p25_60f	rush_hour_1080p25_60f	svtav1	svtav1_20191004_b3c6ea1	60	55	743160.0	743.16	39.303333333333335	44.35316666666667	45.552499999999995	39.2433	44.345306	45.534675	77.136043	956926.0	15.948766666666666	1920	1080	25.0	8	ebf71e0158984af376f546ca0b17883f	8bd2861289095aa5ddafbc4f73ad6672	1920	1080	7851.0	11.0	10707.0	7304.0	False
rush_hour_1080p25_60f	rush_hour_1080p25_60f	svtav1	svtav1_20191004_b3c6ea1	60	63	316866.0	316.866	36.72766666666667	42.55716666666667	43.343333333333334	36.607554	42.55031999999999	43.318194999999996	61.969455	768950.0	12.815833333333334	1920	1080	25.0	8	0f4664589b74ae0ed7b6429220167d69	c59c8420daf04ac129f5e8a29afad0f4	1920	1080	8402.0	3.0	6682.0	8989.0	False
wikipedia_420	wikipedia_420	svtav1	svtav1_20191004_b3c6ea1	60	20	1747972.0	1747.972	55.82383333333334	53.21700000000002	54.12466666666665	55.807793	53.039691999999995	54.064714	99.838724	989197.0	16.486616666666666	1920	1080	30.0	8	0d72f5e03216f8e0c042a99c9e1008c0	20975e22df9563533822f9a85b63b078	1920	1080	6499.0	5.0	1387.0	5989.0	False
wikipedia_420	wikipedia_420	svtav1	svtav1_20191004_b3c6ea1	60	32	937296.0	937.296	51.162333333333336	50.852833333333315	52.077000000000005	51.152889	50.60695	52.014907	99.824716	1336487.0	22.274783333333332	1920	1080	30.0	8	36cb17dce816f364e4b0452ff09a4467	b34d7715b30d5d260bd0570f4d179f42	1920	1080	8386.0	4.0	1381.0	6801.0	False
wikipedia_420	wikipedia_420	svtav1	svtav1_20191004_b3c6ea1	60	43	634312.0	634.312	48.73166666666667	48.92316666666665	50.333666666666666	48.714181	48.76659	50.285781	99.794661	823325.0	13.722083333333334	1920	1080	30.0	8	3aacd8efad798cd0c9a45205c11018dc	6a93749b7b1932100a308fe885616ec1	1920	1080	6114.0	5.0	1535.0	5803.0	False
wikipedia_420	wikipedia_420	svtav1	svtav1_20191004_b3c6ea1	60	55	461576.0	461.576	45.23966666666666	46.512499999999996	47.949833333333316	45.216367	46.454036	47.929769	99.690749	1114078.0	18.567966666666667	1920	1080	30.0	8	6d136d6a62dac7f052831c2e2b17959a	3e29c5172fd898dc0be190c257bcdad6	1920	1080	8742.0	8.0	1662.0	6368.0	False
wikipedia_420	wikipedia_420	svtav1	svtav1_20191004_b3c6ea1	60	63	311184.0	311.184	38.57533333333334	43.086833333333324	44.50633333333333	38.515645	43.023355	44.463373	98.818561	876669.0	14.61115	1920	1080	30.0	8	eac863f49e6a6845d03a86b26c88a937	cccd33949a7b6a01800bf1c957f532af	1920	1080	7428.0	10.0	1611.0	5787.0	False
MINECRAFT_60f_420	MINECRAFT_60f_420	svtav1	svtav1_20191004_b3c6ea1	60	20	88223592.0	88223.592	43.520666666666656	46.31016666666666	46.81583333333333	43.334335	46.151111	46.692186	99.95111	3793390.0	63.223166666666664	1920	1080	60.0	8	dfffa87bc7db2d67de97ec4d7e121bcc	86925b192381b8e51ea9c07f3038aed3	1920	1080	10450.0	9.0	25822.0	6971.0	False
MINECRAFT_60f_420	MINECRAFT_60f_420	svtav1	svtav1_20191004_b3c6ea1	60	32	52674008.0	52674.008	39.25783333333335	44.43416666666667	44.79533333333335	39.003746	44.312459	44.703613	99.916389	2575199.0	42.919983333333334	1920	1080	60.0	8	c7fba5abb81df0f4adb0659de7c37669	976dae9910e803322476ff6b1a907951	1920	1080	12528.0	8.0	17927.0	6745.0	False
MINECRAFT_60f_420	MINECRAFT_60f_420	svtav1	svtav1_20191004_b3c6ea1	60	43	24313968.0	24313.968	34.8805	42.69949999999998	42.781166666666685	34.613664	42.618094	42.717246	96.549035	1860002.0	31.000033333333334	1920	1080	60.0	8	f799d7d5c29e2c0cbfc1e92a9086e398	60234a3d141bc770a7ffe18e8edf7ad0	1920	1080	11778.0	6.0	13183.0	6964.0	False
MINECRAFT_60f_420	MINECRAFT_60f_420	svtav1	svtav1_20191004_b3c6ea1	60	55	9855736.0	9855.736	31.669333333333334	40.872333333333344	40.839500000000015	31.485666	40.824607	40.797237	84.334639	2698322.0	44.972033333333336	1920	1080	60.0	8	2b3b4219e77b7473bcd6bf75e99d62b0	7fea01f199b980005ef19a876ee9f0aa	1920	1080	11556.0	24.0	13876.0	10024.0	False
MINECRAFT_60f_420	MINECRAFT_60f_420	svtav1	svtav1_20191004_b3c6ea1	60	63	3341280.0	3341.28	28.766833333333338	38.42850000000001	38.618833333333335	28.648631	38.411448	38.596633	61.962218	1472411.0	24.540183333333335	1920	1080	60.0	8	04a170a0e17da3498fd05af09b03e6dd	5b30e42116de603c917c1cfdcfa08904	1920	1080	12804.0	4.0	7985.0	6702.0	False
kirland360p_60f	kirland360p_60f	svtav1	svtav1_20191004_b3c6ea1	60	20	339968.0	339.968	47.53666666666667	48.564833333333326	49.83249999999998	47.456668	48.535452	49.805201	96.066085	173745.0	2.89575	640	360	30.0	8	9bd980d8403a59a563b1ab3f8e1ef0a9	8d661f6fe391868e9fa39a4f0151c70d	640	360	1009.0	3.0	569.0	496.0	False
kirland360p_60f	kirland360p_60f	svtav1	svtav1_20191004_b3c6ea1	60	32	154684.0	154.684	46.20083333333333	48.06566666666666	49.013500000000015	46.075585	48.044265	48.990698	94.973666	104329.0	1.7388166666666667	640	360	30.0	8	5cbb08fe083498fe6077a135691761e5	ca2335b8804a4d07dbcb584d4d45e761	640	360	1130.0	3.0	433.0	480.0	False
kirland360p_60f	kirland360p_60f	svtav1	svtav1_20191004_b3c6ea1	60	43	83956.0	83.956	44.47316666666666	47.38666666666667	47.925833333333344	44.283458	47.35709	47.864538	92.377937	201109.0	3.3518166666666667	640	360	30.0	8	777fac9e2d147c7093a59b252b4ed222	c0cf39723e3ad5c264101b578779411b	640	360	1792.0	24.0	776.0	915.0	False
kirland360p_60f	kirland360p_60f	svtav1	svtav1_20191004_b3c6ea1	60	55	49028.0	49.028	42.221000000000004	46.55616666666666	46.55416666666667	41.951007	46.504084	46.41536	87.932237	54754.0	0.9125666666666666	640	360	30.0	8	151fe8d6ba60eb8d2c8bac45b6c23605	27f87096f5bfd973e52c978a860901ba	640	360	1002.0	2.0	325.0	479.0	False
kirland360p_60f	kirland360p_60f	svtav1	svtav1_20191004_b3c6ea1	60	63	29124.0	29.124	39.15516666666667	45.239166666666684	44.869666666666646	38.839877	45.107147000000005	44.608744	78.188342	43493.0	0.7248833333333333	640	360	30.0	8	432d8a1cd536cd76d84ef3cda1d50caa	6b9d51de5a45293dbcbb73fa23e96186	640	360	1027.0	4.0	266.0	488.0	False
Starting_1920x1080p_50_10b_pq_70	Starting_1920x1080p_50_10b_pq_70	svtav1	svtav1_20191004_b3c6ea1	60	20	10212080.0	10212.08	47.074500000000015	50.06033333333333	51.88799999999999	46.917925	49.989695	51.832768	96.399998	2124619.0	35.41031666666667	1920	1080	50.0	10	2a527d42b23d7e4f9b06eb5dedb43fd1	2af0e8463ab7edb59484e181af48741d	1920	1080	15039.0	7.0	8234.0	6135.0	False
Starting_1920x1080p_50_10b_pq_70	Starting_1920x1080p_50_10b_pq_70	svtav1	svtav1_20191004_b3c6ea1	60	32	4052753.0	4052.753	45.65949999999999	48.83966666666668	50.250499999999995	45.597635	48.814625	50.221416	95.500035	596568.0	9.9428	1920	1080	50.0	10	12f6f8195d0d6984d0a211f47e9435d1	c10a3061a1a3d55a234f8f31bf4afd94	1920	1080	11142.0	6.0	7327.0	5959.0	False
Starting_1920x1080p_50_10b_pq_70	Starting_1920x1080p_50_10b_pq_70	svtav1	svtav1_20191004_b3c6ea1	60	43	1840853.0	1840.853	43.913833333333336	47.503166666666665	48.458	43.874312	47.494925	48.449309	93.684912	624876.0	10.4146	1920	1080	50.0	10	e4cb2c99e2eda9706e98e00241677ab8	eb647342c9774f64d37f6e6570d1fb0b	1920	1080	11672.0	5.0	7561.0	7441.0	False
Starting_1920x1080p_50_10b_pq_70	Starting_1920x1080p_50_10b_pq_70	svtav1	svtav1_20191004_b3c6ea1	60	55	898846.0	898.846	41.34350000000002	45.719000000000015	46.16033333333333	41.319595	45.717344	46.15984	89.696735	369486.0	6.1581	1920	1080	50.0	10	9fe975209be4303fd0fc05e38297d90f	55e3ab245364eb7eba617a4b8d11716c	1920	1080	11368.0	12.0	5790.0	6203.0	False
Starting_1920x1080p_50_10b_pq_70	Starting_1920x1080p_50_10b_pq_70	svtav1	svtav1_20191004_b3c6ea1	60	63	339573.0	339.573	36.444166666666675	43.042	43.185833333333335	36.441844999999994	43.041052	43.185761	74.79925	310166.0	5.169433333333333	1920	1080	50.0	10	1c8d422a82205b15d0601bc3847238e8	1448ed012d6c116d3aeb20ecca003a28	1920	1080	11609.0	4.0	5265.0	5838.0	False
red_kayak_360p_60f	red_kayak_360p_60f	svtav1	svtav1_20191004_b3c6ea1	60	20	9381188.0	9381.188	41.26233333333332	44.791833333333315	49.267666666666656	41.14707	44.73633499999999	49.250075	99.905708	540680.0	9.011333333333333	640	360	29.97	8	a768e6c368c407c50083ea3d2017a8ff	bf56a134d725834d6826f3f7efcac2a8	640	360	1647.0	4.0	2924.0	758.0	False
red_kayak_360p_60f	red_kayak_360p_60f	svtav1	svtav1_20191004_b3c6ea1	60	32	5502600.0	5502.6	36.69050000000001	42.35683333333334	47.838833333333326	36.507231	42.291000000000004	47.813477	99.766413	485230.0	8.087166666666667	640	360	29.97	8	3015ec2af32152e29f58c967b979d6e8	10e58b32fe035ab30128ff0b1b29b9d4	640	360	1707.0	5.0	2746.0	810.0	False
red_kayak_360p_60f	red_kayak_360p_60f	svtav1	svtav1_20191004_b3c6ea1	60	43	2506743.0	2506.743	32.035500000000006	40.142	46.592333333333336	31.843044	40.081761	46.560630999999994	86.482609	335990.0	5.599833333333334	640	360	29.97	8	2658b7e152a693fe91f33c889a2c053d	0f5ef93bd620321725ef36a8727b9d0e	640	360	1868.0	8.0	2326.0	618.0	False
red_kayak_360p_60f	red_kayak_360p_60f	svtav1	svtav1_20191004_b3c6ea1	60	55	837161.0	837.161	28.28883333333334	38.27166666666666	45.41266666666665	28.130925	38.224368	45.341087	60.811137	214856.0	3.5809333333333333	640	360	29.97	8	97c18cc2e775406eee52e921fead3726	8d979ef0a18b5b743a150cdcf58bf205	640	360	1887.0	3.0	1918.0	1015.0	False
red_kayak_360p_60f	red_kayak_360p_60f	svtav1	svtav1_20191004_b3c6ea1	60	63	201166.0	201.166	25.68033333333334	36.642999999999994	43.85816666666665	25.563954	36.593985	43.730281	25.314381	194773.0	3.2462166666666668	640	360	29.97	8	4bae83195cf327372ad1abb29f5a3415	7209c6f4c2b04fc71482811724eb6e1a	640	360	1653.0	3.0	1615.0	640.0	False
aspen_1080p_60f	aspen_1080p_60f	svtav1	svtav1_20191004_b3c6ea1	60	20	10826357.0	10826.357	44.32266666666665	48.33966666666666	49.57616666666666	44.270403	48.32525	49.567517	98.199154	2176323.0	36.27205	1920	1080	29.97	8	08dad5a69835304ae6804019d697055f	8ce656f22cb2675788ec44a949844767	1920	1080	6842.0	8.0	28362.0	6347.0	False
aspen_1080p_60f	aspen_1080p_60f	svtav1	svtav1_20191004_b3c6ea1	60	32	3479784.0	3479.784	42.451000000000015	47.42850000000001	48.661833333333334	42.412772	47.423215	48.657273	94.663459	1760768.0	29.346133333333334	1920	1080	29.97	8	ba42e88116e9889b6b94ff315f41dd36	5dc7b39154d3a03b3b2643791a51f6e4	1920	1080	7175.0	11.0	12462.0	5926.0	False
aspen_1080p_60f	aspen_1080p_60f	svtav1	svtav1_20191004_b3c6ea1	60	43	1442245.0	1442.245	41.10666666666666	46.34700000000001	47.52766666666665	41.071831	46.33994	47.520977	90.149988	1126109.0	18.768483333333332	1920	1080	29.97	8	d8df92c40e7ec8b559a03ecdcf863eaa	d91622bba494bb61053890acc7a3725d	1920	1080	6866.0	4.0	8575.0	5853.0	False
aspen_1080p_60f	aspen_1080p_60f	svtav1	svtav1_20191004_b3c6ea1	60	55	655788.0	655.788	39.34350000000001	44.724500000000006	45.77733333333334	39.294508	44.712707	45.76974499999999	82.42146699999999	784752.0	13.0792	1920	1080	29.97	8	5d094216c1c48e728c88f5d9a075e73b	15285d876b9cc907268040b4817b9964	1920	1080	6668.0	3.0	7123.0	6132.0	False
aspen_1080p_60f	aspen_1080p_60f	svtav1	svtav1_20191004_b3c6ea1	60	63	282390.0	282.39	36.50699999999999	42.338166666666666	43.03949999999998	36.44697899999999	42.326169	43.03331	66.57323	913764.0	15.2294	1920	1080	29.97	8	07bdf15708a072275bae275c9e3fc543	7c39f514afd1b0a9f741349def18d9fe	1920	1080	8502.0	14.0	6519.0	7790.0	False
blue_sky_360p_60f	blue_sky_360p_60f	svtav1	svtav1_20191004_b3c6ea1	60	20	1451456.0	1451.456	44.568333333333335	45.89833333333333	47.60883333333332	44.46845	45.820124	47.556944	99.945655	315354.0	5.2559	640	360	25.0	8	d9a50d9219c99ff577baeb1cada50979	d92049ae4cb99b8b74b3237a481e397e	640	360	1354.0	4.0	1530.0	515.0	False
blue_sky_360p_60f	blue_sky_360p_60f	svtav1	svtav1_20191004_b3c6ea1	60	32	738320.0	738.32	41.66983333333333	43.676500000000004	45.3165	41.536158	43.625021	45.279848	99.930921	203590.0	3.3931666666666667	640	360	25.0	8	6e4a75e4136848994db3de0e3d881a9b	590ccb10afd41b083df606de422e913f	640	360	1372.0	3.0	1293.0	506.0	False
blue_sky_360p_60f	blue_sky_360p_60f	svtav1	svtav1_20191004_b3c6ea1	60	43	380450.0	380.45	38.717833333333346	40.98933333333332	42.620000000000005	38.579661	40.94358	42.594053	99.525996	369081.0	6.15135	640	360	25.0	8	4fb762981b07ed98c953c99ab5912a8a	6659853992068adee61606b801a8af64	640	360	1601.0	18.0	1145.0	546.0	False
blue_sky_360p_60f	blue_sky_360p_60f	svtav1	svtav1_20191004_b3c6ea1	60	55	200463.0	200.463	35.63850000000001	38.0255	39.92516666666665	35.51556	37.994548	39.914177	94.567737	131470.0	2.1911666666666667	640	360	25.0	8	80643eb4b0f4a023b97eddf09b141dd3	5ccd5906f07b4d0de5d0e25a9bd6a512	640	360	1559.0	7.0	1407.0	497.0	False
blue_sky_360p_60f	blue_sky_360p_60f	svtav1	svtav1_20191004_b3c6ea1	60	63	98353.0	98.353	31.805166666666665	35.02866666666668	37.78816666666666	31.738165	35.021565	37.780874	83.664387	112450.0	1.8741666666666668	640	360	25.0	8	7631a87d472e9d9c228e97db6e55fd18	11a48282b398b5ef7882147672920b66	640	360	1422.0	5.0	967.0	505.0	False
Netflix_Crosswalk_1920x1080_60fp	Netflix_Crosswalk_1920x1080_60fp	svtav1	svtav1_20191004_b3c6ea1	60	20	10695736.0	10695.736	45.82366666666668	48.57366666666667	50.42150000000001	45.805832	48.559172	50.400523	99.399907	2662119.0	44.36865	1920	1080	60.0	8	e3b7f02a10ac1a97d129f20b85967a69	5da976b98211f0051e30441cca7fa435	1920	1080	7229.0	4.0	19584.0	8721.0	False
Netflix_Crosswalk_1920x1080_60fp	Netflix_Crosswalk_1920x1080_60fp	svtav1	svtav1_20191004_b3c6ea1	60	32	5283544.0	5283.544	44.74633333333335	47.966666666666676	49.78950000000001	44.71257	47.955961	49.775065	96.862867	1294688.0	21.578133333333334	1920	1080	60.0	8	ea7dfc14a111380b4df3952d25c6723a	2adae76562b56f65222cff4c82c5d02b	1920	1080	6277.0	4.0	12542.0	6248.0	False
Netflix_Crosswalk_1920x1080_60fp	Netflix_Crosswalk_1920x1080_60fp	svtav1	svtav1_20191004_b3c6ea1	60	43	2639184.0	2639.184	43.14433333333332	47.04816666666667	48.81916666666667	43.06774699999999	47.036423	48.805866	91.597262	1254755.0	20.912583333333334	1920	1080	60.0	8	8f0272625fb2c3c50228664cd7174e06	cc060db137da01539fa8aef57179c758	1920	1080	6358.0	7.0	11474.0	7540.0	False
Netflix_Crosswalk_1920x1080_60fp	Netflix_Crosswalk_1920x1080_60fp	svtav1	svtav1_20191004_b3c6ea1	60	55	1352272.0	1352.272	41.00899999999999	45.82600000000001	47.527333333333324	40.868852	45.805877	47.504667	82.296218	872461.0	14.541016666666666	1920	1080	60.0	8	f74c630b393a99a5a7a8f01ac07c6d36	97bd2e2bb7cee4601fb1f7d73da77d82	1920	1080	6434.0	4.0	9865.0	6089.0	False
Netflix_Crosswalk_1920x1080_60fp	Netflix_Crosswalk_1920x1080_60fp	svtav1	svtav1_20191004_b3c6ea1	60	63	635064.0	635.064	38.11766666666666	44.038	45.686166666666665	37.94909500000001	44.018571	45.661673	65.994115	1110981.0	18.51635	1920	1080	60.0	8	20c03af545bde51eba14c981ad390bdc	7d58b35bf95bdce23b678684284dee31	1920	1080	6940.0	4.0	10074.0	7504.0	False
Netflix_TunnelFlag_1920x1080_60f	Netflix_TunnelFlag_1920x1080_60f	svtav1	svtav1_20191004_b3c6ea1	60	20	33954168.0	33954.168	43.166333333333334	47.51416666666665	48.965333333333334	43.120878	47.491818	48.953647	99.92030099999998	2209944.0	36.8324	1920	1080	60.0	8	7677888e7779b3ef68d15f4afa728d0b	d54931ec536cc05f2b5b232615a69006	1920	1080	9824.0	5.0	16098.0	6340.0	False
Netflix_TunnelFlag_1920x1080_60f	Netflix_TunnelFlag_1920x1080_60f	svtav1	svtav1_20191004_b3c6ea1	60	32	17243320.0	17243.32	41.04183333333333	46.313833333333335	47.97766666666666	40.98321	46.29995999999999	47.968043	99.914489	2529001.0	42.150016666666666	1920	1080	60.0	8	7cfdb42bd208f7525b72445061503a96	b2fd13a058cfc68beb2c5c75b3072899	1920	1080	11549.0	9.0	14307.0	6296.0	False
Netflix_TunnelFlag_1920x1080_60f	Netflix_TunnelFlag_1920x1080_60f	svtav1	svtav1_20191004_b3c6ea1	60	43	8863096.0	8863.096	38.68716666666666	44.66933333333334	46.559333333333335	38.607631	44.656783	46.547171	99.900358	1762186.0	29.369766666666667	1920	1080	60.0	8	34d4165b06e51bfc68bfbef0826f9ed5	e26b46cb307c26362b5eb67f1217e8f2	1920	1080	8830.0	5.0	12307.0	6353.0	False
Netflix_TunnelFlag_1920x1080_60f	Netflix_TunnelFlag_1920x1080_60f	svtav1	svtav1_20191004_b3c6ea1	60	55	4579320.0	4579.319999999999	36.15200000000001	42.601166666666664	44.867333333333335	36.053029	42.592045	44.857677	99.863897	1265778.0	21.0963	1920	1080	60.0	8	74ece5a0c55355fa27ce319f47f868a4	a2dbe7ef2db41d23e3334ea7ebe23924	1920	1080	9352.0	9.0	11503.0	6537.0	False
Netflix_TunnelFlag_1920x1080_60f	Netflix_TunnelFlag_1920x1080_60f	svtav1	svtav1_20191004_b3c6ea1	60	63	2272552.0	2272.552	33.17016666666667	39.69616666666668	41.728833333333306	33.091675	39.692117	41.72295900000001	98.598254	1191088.0	19.851466666666667	1920	1080	60.0	8	e386222d38e14528fed2db15b5aa1e90	62ef6d9f7402a377e8e90fa2a79d516e	1920	1080	8999.0	5.0	9031.0	6183.0	False
Netflix_SquareAndTimelapse_1920x	Netflix_SquareAndTimelapse_1920x	svtav1	svtav1_20191004_b3c6ea1	60	20	23939400.0	23939.4	45.03600000000002	49.43383333333334	48.659166666666685	45.003792	49.42432999999999	48.643968	99.914137	1926693.0	32.11155	1920	1080	60.0	8	52dd956df7c3a3051c7a22c07b0feb7e	9309ec7c6b60b5d291ce01a2db56885a	1920	1080	9334.0	3.0	12295.0	6400.0	False
Netflix_SquareAndTimelapse_1920x	Netflix_SquareAndTimelapse_1920x	svtav1	svtav1_20191004_b3c6ea1	60	32	13441544.0	13441.544	42.71149999999999	47.81966666666666	46.84266666666667	42.667687	47.809854	46.827485	99.90269400000001	1946805.0	32.44675	1920	1080	60.0	8	f6b65d33681f09a722f2030907c284eb	b4dc1333c13057b8aa59a2c1caac1bad	1920	1080	10099.0	19.0	12049.0	7265.0	False
Netflix_SquareAndTimelapse_1920x	Netflix_SquareAndTimelapse_1920x	svtav1	svtav1_20191004_b3c6ea1	60	43	7450368.0	7450.368	39.93783333333334	45.83883333333333	44.60349999999998	39.87657	45.828494	44.585819	99.250738	1762967.0	29.382783333333332	1920	1080	60.0	8	44c56810c0008b289be8bb5a869fc8e1	d5a9f3229613093378f106820db9ed0f	1920	1080	8266.0	6.0	13538.0	6870.0	False
Netflix_SquareAndTimelapse_1920x	Netflix_SquareAndTimelapse_1920x	svtav1	svtav1_20191004_b3c6ea1	60	55	3986296.0	3986.296	36.776666666666664	43.53533333333335	42.22116666666668	36.698113	43.526041	42.20305	92.202745	1307620.0	21.793666666666667	1920	1080	60.0	8	426fe80bfed77c41629ee1a6a79eb45b	94cb4b5abbacf2104446ed5214675867	1920	1080	10962.0	7.0	9869.0	6734.0	False
Netflix_SquareAndTimelapse_1920x	Netflix_SquareAndTimelapse_1920x	svtav1	svtav1_20191004_b3c6ea1	60	63	1857064.0	1857.064	33.020999999999994	40.50249999999999	39.18366666666667	32.964451	40.497704	39.172477	76.356258	1030041.0	17.16735	1920	1080	60.0	8	befcb40aa6c94fad09544ab1022ab3f3	2017b0ccc2331625ab38c741955a2f66	1920	1080	10040.0	16.0	7924.0	7893.0	False
dark720p_60f	dark720p_60f	svtav1	svtav1_20191004_b3c6ea1	60	20	8502784.0	8502.784	46.559999999999995	44.315833333333345	45.858166666666676	46.36137	43.976632	45.532501	96.467931	1294633.0	21.577216666666665	1280	720	30.0	8	218ae88934624c93b5b82873f9575427	1f7176cde1c24301cec8bb2946c43ec7	1280	720	3424.0	4.0	8368.0	2552.0	False
dark720p_60f	dark720p_60f	svtav1	svtav1_20191004_b3c6ea1	60	32	2570272.0	2570.272	43.914	39.74216666666667	42.35016666666668	43.765717	39.480979	42.18213	93.555137	1237890.0	20.6315	1280	720	30.0	8	dbefa01a087e4d4ac77b7142049791a0	84db374f0e91c325be8a9ad1d243dcc3	1280	720	4278.0	11.0	9197.0	2695.0	False
dark720p_60f	dark720p_60f	svtav1	svtav1_20191004_b3c6ea1	60	43	624180.0	624.18	42.47166666666667	37.272666666666666	41.11683333333333	42.403502	37.133953	41.047434	90.847195	865476.0	14.4246	1280	720	30.0	8	d89f05e830b50a5a0139ca9e91477f3a	8d5ef89fae72ea7915e4fbd955f1b40b	1280	720	4776.0	14.0	4283.0	2661.0	False
dark720p_60f	dark720p_60f	svtav1	svtav1_20191004_b3c6ea1	60	55	197800.0	197.8	41.20733333333333	36.51033333333334	40.25916666666669	41.17791	36.48267	40.242421	87.578292	758274.0	12.6379	1280	720	30.0	8	4872d2de0b7cf56129187fc341e2e2d8	c9c1da0bc99f9a361bd29e30eb3e6195	1280	720	4300.0	8.0	3102.0	3303.0	False
dark720p_60f	dark720p_60f	svtav1	svtav1_20191004_b3c6ea1	60	63	73804.0	73.804	38.90383333333333	35.463999999999984	38.834999999999994	38.886957	35.458025	38.824142	78.95879799999999	270888.0	4.5148	1280	720	30.0	8	2ec5d70e43ffc590ccdf547d881318a3	b97900b7da656d3e54163e45680f8e24	1280	720	3423.0	4.0	1847.0	2375.0	False
STARCRAFT_60f_420	STARCRAFT_60f_420	svtav1	svtav1_20191004_b3c6ea1	60	20	8045872.0	8045.872	50.6905	53.71833333333333	53.69666666666665	50.676142	53.709535	53.691278	97.64953	1187759.0	19.795983333333332	1920	1080	60.0	8	e4f8c56ca1fb6e24d8b2e6243ba926a1	b5511dc9da9b2698563d15425b972b8f	1920	1080	8145.0	5.0	1982.0	5986.0	False
STARCRAFT_60f_420	STARCRAFT_60f_420	svtav1	svtav1_20191004_b3c6ea1	60	32	5258984.0	5258.984	48.288	52.111166666666676	52.18766666666663	48.259814	52.092107000000006	52.178418	97.149485	999074.0	16.651233333333334	1920	1080	60.0	8	49ad40da47e5584e13008f6d88c07bf2	06d2ca1cc0426568da06306725d0206b	1920	1080	8992.0	13.0	1899.0	5901.0	False
STARCRAFT_60f_420	STARCRAFT_60f_420	svtav1	svtav1_20191004_b3c6ea1	60	43	2960728.0	2960.728	44.63133333333334	49.47349999999999	49.66166666666664	44.600582	49.45034	49.650949	95.851878	1215885.0	20.26475	1920	1080	60.0	8	c708ba6c9b2e42191d5d5febe081da94	8ee978a1acd4b116f51c1574ed99809b	1920	1080	10233.0	7.0	3306.0	7470.0	False
STARCRAFT_60f_420	STARCRAFT_60f_420	svtav1	svtav1_20191004_b3c6ea1	60	55	1528808.0	1528.808	40.56483333333333	46.419000000000004	46.57383333333332	40.541526	46.404578	46.56538	92.68389700000002	703819.0	11.730316666666667	1920	1080	60.0	8	1f33a7706b5b6d03cdcfb674b4f5add0	ada57701504bb1ad42e48b02314e3ce2	1920	1080	8591.0	5.0	1884.0	6090.0	False
STARCRAFT_60f_420	STARCRAFT_60f_420	svtav1	svtav1_20191004_b3c6ea1	60	63	604776.0	604.776	35.249833333333335	42.197666666666684	42.49733333333334	35.243923	42.195023	42.493776	82.234004	397812.0	6.6302	1920	1080	60.0	8	b54e1aace78d33d16a95f6c4c973029e	cbe53cf32775147414c52f4a134b9fda	1920	1080	7999.0	4.0	1586.0	5744.0	False
shields_640x360_60f	shields_640x360_60f	svtav1	svtav1_20191004_b3c6ea1	60	20	2814586.0	2814.586	42.50266666666666	45.74383333333335	47.41949999999999	42.340785	45.706678	47.348289	99.469812	351180.0	5.853	640	360	50.0	8	7c7e2d493b85025067ea9651d2a5f3e8	5e97bbc40856ac6ea46f90d99b970dd5	640	360	1794.0	4.0	1164.0	577.0	False
shields_640x360_60f	shields_640x360_60f	svtav1	svtav1_20191004_b3c6ea1	60	32	1367500.0	1367.5	40.625666666666646	43.965333333333334	45.537	40.412572	43.929043	45.434876	99.431237	374321.0	6.238683333333333	640	360	50.0	8	4e85e634451d6fe1e1215a89ac2d0971	cd154dc99f7cd1f2ecfbc0bebca6a8c4	640	360	2324.0	25.0	2444.0	1072.0	False
shields_640x360_60f	shields_640x360_60f	svtav1	svtav1_20191004_b3c6ea1	60	43	702540.0	702.5399999999998	38.119166666666665	41.35533333333332	43.06083333333334	37.845742	41.274618	42.899175	99.374894	164677.0	2.7446166666666665	640	360	50.0	8	0691fecbde2871b2ae329cdce9d94209	5572774af5f3354e46f8aab466a89afe	640	360	1980.0	3.0	829.0	611.0	False
shields_640x360_60f	shields_640x360_60f	svtav1	svtav1_20191004_b3c6ea1	60	55	390413.0	390.41299999999995	35.28283333333333	38.84250000000001	40.767333333333326	34.935369	38.701106	40.538978	97.093474	165606.0	2.7601	640	360	50.0	8	bd00c449abbf41ddef6b065198bbaa0c	0e99e4524578bc80c9b2554b850f5617	640	360	1905.0	4.0	726.0	628.0	False
shields_640x360_60f	shields_640x360_60f	svtav1	svtav1_20191004_b3c6ea1	60	63	183366.0	183.366	31.17516666666666	35.966499999999996	37.814499999999995	30.730306	35.739674	37.556431	85.614067	140853.0	2.34755	640	360	50.0	8	07314616a5c69f91d94e0209258a5e17	29e18d5cc06c699ab6d41b66129fc04d	640	360	1911.0	3.0	580.0	734.0	False
Netflix_RollerCoaster_1280x720_6	Netflix_RollerCoaster_1280x720_6	svtav1	svtav1_20191004_b3c6ea1	60	20	10112136.0	10112.136	45.230666666666664	47.23016666666667	47.25616666666665	45.192942	47.213132	47.241141	99.906451	2427094.0	40.451566666666665	1280	720	60.0	8	c77912d80ff3c60b2839c4966a507c38	d1754ce7a6910495ba2c9e139d0a6f74	1280	720	5570.0	6.0	6428.0	2659.0	False
Netflix_RollerCoaster_1280x720_6	Netflix_RollerCoaster_1280x720_6	svtav1	svtav1_20191004_b3c6ea1	60	32	5053296.0	5053.296	43.056666666666665	45.67466666666667	46.00933333333334	42.997291	45.652605	45.99825	99.868814	2010846.0	33.5141	1280	720	60.0	8	deb3eb452c7847db09a474fba85dbb79	b7a674abe71ac3b623210b8510beda8a	1280	720	5566.0	7.0	5946.0	3050.0	False
Netflix_RollerCoaster_1280x720_6	Netflix_RollerCoaster_1280x720_6	svtav1	svtav1_20191004_b3c6ea1	60	43	2529464.0	2529.464	40.513166666666685	43.60216666666667	44.3195	40.445707	43.577191	44.310526	98.159318	903829.0	15.063816666666666	1280	720	60.0	8	25dd2a48b60a4233678448dd71b99e71	92a4c29f0c3d8192dd5e6d65a82572b2	1280	720	4272.0	5.0	4408.0	2422.0	False
Netflix_RollerCoaster_1280x720_6	Netflix_RollerCoaster_1280x720_6	svtav1	svtav1_20191004_b3c6ea1	60	55	1320424.0	1320.424	37.86683333333334	41.419	42.579	37.798992	41.389281	42.568013	91.834535	612233.0	10.203883333333334	1280	720	60.0	8	a4053078b622983e8a5f3aed57b5fa5e	05ae0a784d9e795926de07405af2e763	1280	720	4164.0	17.0	6680.0	3956.0	False
Netflix_RollerCoaster_1280x720_6	Netflix_RollerCoaster_1280x720_6	svtav1	svtav1_20191004_b3c6ea1	60	63	611056.0	611.056	34.39483333333332	38.533500000000004	40.354000000000006	34.324929	38.507065	40.344786	76.294292	434894.0	7.248233333333333	1280	720	60.0	8	973743f660e2d8ba24c83e6a70effb9a	0825efbb924ead0dc746b4a63cdc8090	1280	720	4046.0	5.0	3105.0	2375.0	False
Netflix_PierSeaside_1920x1080_60	Netflix_PierSeaside_1920x1080_60	svtav1	svtav1_20191004_b3c6ea1	60	20	10679680.0	10679.68	45.77933333333332	47.69116666666669	45.73666666666666	45.741442	47.671779	45.706488	99.895698	1884711.0	31.41185	1920	1080	60.0	8	eeb0d75c12ec7ad658d30c1e5c272f51	0567f6cb44ee278abfb6d943dcdb82ca	1920	1080	7636.0	4.0	8115.0	5520.0	False
Netflix_PierSeaside_1920x1080_60	Netflix_PierSeaside_1920x1080_60	svtav1	svtav1_20191004_b3c6ea1	60	32	4301048.0	4301.048	44.168833333333325	46.92766666666666	45.09816666666665	44.112082	46.914087	45.080645	99.567031	1570610.0	26.176833333333335	1920	1080	60.0	8	1ac4fe5738410a27aad1d505a2810784	cb034b54b3f4c23b9e8fa3afaa2fff8c	1920	1080	7699.0	8.0	12028.0	5843.0	False
Netflix_PierSeaside_1920x1080_60	Netflix_PierSeaside_1920x1080_60	svtav1	svtav1_20191004_b3c6ea1	60	43	2006008.0	2006.008	42.35316666666666	45.875833333333325	44.34183333333333	42.274102	45.863051	44.328651	98.113112	1069384.0	17.823066666666666	1920	1080	60.0	8	8fdebb1255ed19558a2f468b83f5ab66	883bc90c105c775e52ddf58dd53112c8	1920	1080	7654.0	6.0	7169.0	5934.0	False
Netflix_PierSeaside_1920x1080_60	Netflix_PierSeaside_1920x1080_60	svtav1	svtav1_20191004_b3c6ea1	60	55	901896.0	901.896	39.98950000000001	43.94866666666667	42.916500000000006	39.922015	43.941776	42.908764	94.040305	955968.0	15.9328	1920	1080	60.0	8	c000fe8d38c7df09a6c794a5ef318998	a821f204714bc3d85168c082ba71ff75	1920	1080	7749.0	4.0	6213.0	5657.0	False
Netflix_PierSeaside_1920x1080_60	Netflix_PierSeaside_1920x1080_60	svtav1	svtav1_20191004_b3c6ea1	60	63	344688.0	344.688	36.40883333333332	41.04233333333333	40.55483333333333	36.38947799999999	41.041233	40.553206	82.500756	782120.0	13.035333333333334	1920	1080	60.0	8	49f31d67bb1cef4b3e72eae92a6a7a38	3ca6d88c3ebe077372e558a06ef3730d	1920	1080	8960.0	15.0	7556.0	7069.0	False
ShowGirl2TeaserClip4000_1920x108	ShowGirl2TeaserClip4000_1920x108	svtav1	svtav1_20191004_b3c6ea1	60	20	11053050.0	11053.05	43.13866666666667	46.880333333333354	49.7365	42.862813	46.811683	49.716426	95.459557	2027984.0	33.799733333333336	1920	1080	25.0	10	9f3bbafcaa5f9160bdce8b8b4b079787	dd247777b4331953895454bce2cb1e3f	1920	1080	13760.0	12.0	19261.0	6696.0	False
ShowGirl2TeaserClip4000_1920x108	ShowGirl2TeaserClip4000_1920x108	svtav1	svtav1_20191004_b3c6ea1	60	32	3447220.0	3447.22	41.94116666666666	46.32433333333333	48.99916666666665	41.865352	46.317841	48.99624000000001	93.611044	977326.0	16.288766666666668	1920	1080	25.0	10	98681be3e3290d41e50dd34ee739b7cb	a9e6d324d35531b5f50df465f59f21c7	1920	1080	13818.0	15.0	10408.0	8260.0	False
ShowGirl2TeaserClip4000_1920x108	ShowGirl2TeaserClip4000_1920x108	svtav1	svtav1_20191004_b3c6ea1	60	43	1166533.0	1166.533	40.89549999999999	45.81549999999999	48.17983333333335	40.869289	45.812983	48.179243	90.596383	1520258.0	25.337633333333333	1920	1080	25.0	10	baba765d5b7852c2897dceb195503813	2d5c9380bfba5e96b404b5ed7829024e	1920	1080	14516.0	8.0	8013.0	7171.0	False
ShowGirl2TeaserClip4000_1920x108	ShowGirl2TeaserClip4000_1920x108	svtav1	svtav1_20191004_b3c6ea1	60	55	466913.0	466.91299999999995	39.36966666666667	45.028333333333336	47.022499999999994	39.333773	45.026539	47.022484	84.884828	456292.0	7.604866666666667	1920	1080	25.0	10	c172e43d3cca49cdc7109bf69412eb89	0a7c4c34364df6a6af70ddb57d5b5033	1920	1080	15520.0	3.0	8031.0	7580.0	False
ShowGirl2TeaserClip4000_1920x108	ShowGirl2TeaserClip4000_1920x108	svtav1	svtav1_20191004_b3c6ea1	60	63	196766.0	196.766	36.59783333333334	43.30316666666663	45.11950000000001	36.564348	43.303547	45.119007	71.264564	276220.0	4.603666666666666	1920	1080	25.0	10	eedbb3d5faac88e6fd5f3cef994fcc58	415a67c94759acd48f04a4e3d12115e9	1920	1080	13572.0	7.0	5491.0	8449.0	False
Cosmos1_1920x856_BT2100_PQ_24fps	Cosmos1_1920x856_BT2100_PQ_24fps	svtav1	svtav1_20191004_b3c6ea1	60	20	28522563.0	28522.563	42.81266666666667	45.512499999999996	47.973666666666674	42.554711	45.352469	47.886162	99.486597	1567577.0	26.126283333333333	1920	856	24.0	10	11d7742a1aecc702a8c6f06e0abc6286	bbfc9032b4ac828baecc5ea104b89306	1920	856	13175.0	4.0	24227.0	6041.0	False
Cosmos1_1920x856_BT2100_PQ_24fps	Cosmos1_1920x856_BT2100_PQ_24fps	svtav1	svtav1_20191004_b3c6ea1	60	32	12381625.0	12381.625	38.88183333333332	43.40033333333333	46.26483333333335	38.604201	43.318172	46.230294	95.636702	925720.0	15.428666666666667	1920	856	24.0	10	b94a98a760264dc20ae2a78ef534d751	88b471175b80d00ab6570444489ebf1c	1920	856	10762.0	6.0	15464.0	4751.0	False
Cosmos1_1920x856_BT2100_PQ_24fps	Cosmos1_1920x856_BT2100_PQ_24fps	svtav1	svtav1_20191004_b3c6ea1	60	43	4743078.0	4743.078	35.801000000000016	41.652333333333324	44.62416666666666	35.629543	41.607175	44.600679	85.49952	1080187.0	18.003116666666667	1920	856	24.0	10	b2ad5fe979c9ad55ce43a006b23973a8	14cfe3e51b1d250e2f0f0e3748257251	1920	856	11710.0	12.0	21856.0	5010.0	False
Cosmos1_1920x856_BT2100_PQ_24fps	Cosmos1_1920x856_BT2100_PQ_24fps	svtav1	svtav1_20191004_b3c6ea1	60	55	1909686.0	1909.686	33.17016666666667	40.148833333333336	42.91433333333334	33.046885	40.112917	42.902869	68.468921	633246.0	10.5541	1920	856	24.0	10	5c2ea939957b141827f38bf5140fb780	5ff540349f45de04c50e03bec27adee5	1920	856	11355.0	8.0	10250.0	4838.0	False
Cosmos1_1920x856_BT2100_PQ_24fps	Cosmos1_1920x856_BT2100_PQ_24fps	svtav1	svtav1_20191004_b3c6ea1	60	63	644470.0	644.47	30.319666666666667	38.38933333333333	41.304833333333356	30.227862	38.365294999999996	41.299732	43.522034	421641.0	7.02735	1920	856	24.0	10	6c0c3f20de4f80ef11a652980ee6ffc9	ad4c71b0174e4316df9b214484f93b1f	1920	856	10767.0	4.0	8566.0	4539.0	False
life_1080p30_60f	life_1080p30_60f	svtav1	svtav1_20191004_b3c6ea1	60	20	14281024.0	14281.024	44.97233333333333	50.7635	50.09116666666666	44.930262	50.742561	50.073955	99.57797	2200444.0	36.67406666666667	1920	1080	30.0	8	66401342d2d4a06abcd009c0e3655ea4	7089c2ac38f8a7c0ecc6b9a7fc57041f	1920	1080	14732.0	20.0	9865.0	6202.0	False
life_1080p30_60f	life_1080p30_60f	svtav1	svtav1_20191004_b3c6ea1	60	32	7030528.0	7030.528	42.24116666666668	48.356500000000004	48.06550000000001	42.190144	48.33314699999999	48.046774	98.08738	1568798.0	26.146633333333334	1920	1080	30.0	8	f0a602eea23b7b89e4eb5fbb87c0cd8c	4c733a8884c5cc3444827e54c423daf5	1920	1080	8962.0	5.0	9351.0	6040.0	False
life_1080p30_60f	life_1080p30_60f	svtav1	svtav1_20191004_b3c6ea1	60	43	3437288.0	3437.288	39.46083333333333	45.97750000000001	45.866333333333344	39.410521	45.947793	45.846044	95.096881	1476386.0	24.60643333333333	1920	1080	30.0	8	53391d52c21dbe1d5258d082ac1bb522	42e5e7c17df3b6ffcfe81b9a7d55e882	1920	1080	11719.0	5.0	11077.0	7363.0	False
life_1080p30_60f	life_1080p30_60f	svtav1	svtav1_20191004_b3c6ea1	60	55	1628544.0	1628.544	36.353	43.52783333333332	43.44950000000001	36.310945999999994	43.496813	43.426465	89.431447	1058609.0	17.643483333333332	1920	1080	30.0	8	e5967c5e88ee6c429cb55a1d47494c1b	27753e86cb86550d12278561913d1621	1920	1080	9084.0	3.0	7159.0	6036.0	False
life_1080p30_60f	life_1080p30_60f	svtav1	svtav1_20191004_b3c6ea1	60	63	629248.0	629.248	32.87083333333332	40.57016666666665	40.340500000000006	32.844949	40.547614	40.32958	77.18527	1167901.0	19.465016666666667	1920	1080	30.0	8	b3eb9c45a9a26c11dec22f74c6061948	bb45da9c89db122ff014ccad0975bd06	1920	1080	9431.0	4.0	5815.0	6222.0	False
speed_bag_640x360_60f	speed_bag_640x360_60f	svtav1	svtav1_20191004_b3c6ea1	60	20	552408.0	552.408	47.20466666666669	49.9965	51.39599999999999	47.12547200000001	49.948634	51.336745	98.333196	336560.0	5.609333333333334	640	360	29.97	8	0d3cd27dbd286486cb10d04d20a15d57	9e67423c4efa1223b9e0374e9bbc3d86	640	360	1244.0	14.0	1222.0	605.0	False
speed_bag_640x360_60f	speed_bag_640x360_60f	svtav1	svtav1_20191004_b3c6ea1	60	32	284808.0	284.808	45.26216666666666	48.529500000000006	50.13816666666667	45.153397	48.473351	50.062513	97.407389	212192.0	3.5365333333333333	640	360	29.97	8	9837816ab98b7ca8d8972b234b9320aa	9ba662bed23ffcd399f6bd17e4f2c5a9	640	360	1616.0	20.0	1126.0	732.0	False
speed_bag_640x360_60f	speed_bag_640x360_60f	svtav1	svtav1_20191004_b3c6ea1	60	43	154987.0	154.987	42.989333333333335	46.54816666666666	48.421666666666674	42.828397	46.478593	48.302899	94.900022	174759.0	2.91265	640	360	29.97	8	c9b4fbcb2f1a6c252b79a386a494bc5e	196345a37b1c30ce7c09340a1025e241	640	360	1095.0	4.0	959.0	603.0	False
speed_bag_640x360_60f	speed_bag_640x360_60f	svtav1	svtav1_20191004_b3c6ea1	60	55	85956.0	85.956	40.34583333333333	44.346166666666655	46.76116666666667	40.094805	44.271462	46.554627	87.792693	113001.0	1.88335	640	360	29.97	8	64682f82922c607889034b48ad0b91f8	e5b0b274083238844be9c6f88cbe6b9e	640	360	1206.0	6.0	777.0	661.0	False
speed_bag_640x360_60f	speed_bag_640x360_60f	svtav1	svtav1_20191004_b3c6ea1	60	63	46154.0	46.154	36.89933333333333	41.802666666666674	44.380666666666656	36.619563	41.706776	44.134801	73.804962	119145.0	1.98575	640	360	29.97	8	2d8a9e7d062e15529d10c03dc58257ec	f73df199dd4f2bf133cd1bf875292a99	640	360	2297.0	19.0	827.0	1132.0	False
Netflix_Boat_1920x1080_60fps_8bi	Netflix_Boat_1920x1080_60fps_8bi	svtav1	svtav1_20191004_b3c6ea1	60	20	33238816.0	33238.816	44.07500000000001	46.575	48.37266666666667	44.019498	46.540418	48.351973	99.92461	2384693.0	39.744883333333334	1920	1080	60.0	8	84abf7c4ce669eff4fdaf778dc5ef213	7366cb36f8a5d8e57b5c97bc126aca3b	1920	1080	10340.0	8.0	10758.0	6401.0	False
Netflix_Boat_1920x1080_60fps_8bi	Netflix_Boat_1920x1080_60fps_8bi	svtav1	svtav1_20191004_b3c6ea1	60	32	18106472.0	18106.472	41.6315	45.00149999999999	46.4615	41.556289	44.977608	46.449317	99.757744	3467327.0	57.788783333333335	1920	1080	60.0	8	eba5f8efcf6262c12b89d2be809508ab	9dcaaef40797e2f1f6cabee1d7e1e853	1920	1080	16764.0	15.0	9994.0	6564.0	False
Netflix_Boat_1920x1080_60fps_8bi	Netflix_Boat_1920x1080_60fps_8bi	svtav1	svtav1_20191004_b3c6ea1	60	43	10039352.0	10039.352	38.77033333333332	43.32499999999998	44.31399999999999	38.667645	43.301453	44.306034	96.852354	1312285.0	21.871416666666665	1920	1080	60.0	8	8f32666ae7b30fb9905bb9b2e3c679c4	3fc329bf6cbd4601c1cb18ac62557692	1920	1080	9897.0	4.0	8385.0	5996.0	False
Netflix_Boat_1920x1080_60fps_8bi	Netflix_Boat_1920x1080_60fps_8bi	svtav1	svtav1_20191004_b3c6ea1	60	55	5244352.0	5244.352	35.3445	41.500833333333325	42.18100000000002	35.218177	41.481631	42.177987	90.064689	1156939.0	19.282316666666667	1920	1080	60.0	8	8e22937654ebe3a6debab3d8ef8c4b9a	30310fcb60e98c3ac0ac5b8d413373bc	1920	1080	10600.0	4.0	7646.0	6338.0	False
Netflix_Boat_1920x1080_60fps_8bi	Netflix_Boat_1920x1080_60fps_8bi	svtav1	svtav1_20191004_b3c6ea1	60	63	2346312.0	2346.312	31.307166666666678	38.90183333333333	39.472999999999985	31.244385	38.897449	39.472172	76.288379	894007.0	14.900116666666667	1920	1080	60.0	8	cfd83df168cc092b4a81e8a9de018799	6d537ed38c368c4fd4a8d9833c29f781	1920	1080	10090.0	3.0	6359.0	6107.0	False
thaloundeskmtg360p_60f	thaloundeskmtg360p_60f	svtav1	svtav1_20191004_b3c6ea1	60	20	1016528.0	1016.528	44.82683333333333	48.807833333333335	48.78716666666664	44.615875	48.763584	48.754915	97.015801	221744.0	3.6957333333333335	640	360	30.0	8	5f5616f918c1a2187014323de02d319c	02cd0f5b94025dbd61ed84c783e69bb8	640	360	1376.0	5.0	923.0	797.0	False
thaloundeskmtg360p_60f	thaloundeskmtg360p_60f	svtav1	svtav1_20191004_b3c6ea1	60	32	486264.0	486.264	43.12483333333332	47.494833333333325	47.5565	42.817608	47.446262	47.520852	95.949305	165070.0	2.7511666666666668	640	360	30.0	8	b53047ab8b80898da3c92f4aa9661f12	d760b7fb9f466d1af5f4c58fabeb7c43	640	360	1497.0	4.0	718.0	697.0	False
thaloundeskmtg360p_60f	thaloundeskmtg360p_60f	svtav1	svtav1_20191004_b3c6ea1	60	43	263884.0	263.884	41.05916666666667	45.857000000000006	45.93316666666668	40.643002	45.788257	45.878178	93.978326	122591.0	2.0431833333333334	640	360	30.0	8	a12d144ee5ef37c4a20034e3efeff15d	157c67a0b6777be150b3aa561d160373	640	360	1331.0	4.0	600.0	567.0	False
thaloundeskmtg360p_60f	thaloundeskmtg360p_60f	svtav1	svtav1_20191004_b3c6ea1	60	55	144776.0	144.776	38.3045	43.68266666666669	43.57533333333334	37.830806	43.596006	43.460659	89.96100499999999	137281.0	2.2880166666666666	640	360	30.0	8	7c0ae94e6540c947b98dd1ccd6e12c24	e2011a12b43f3e6b44d95b84aade96fb	640	360	1379.0	5.0	503.0	581.0	False
thaloundeskmtg360p_60f	thaloundeskmtg360p_60f	svtav1	svtav1_20191004_b3c6ea1	60	63	73272.0	73.272	34.4325	40.61766666666666	40.64616666666668	33.843403	40.50983899999999	40.523771	79.698295	72636.0	1.2106	640	360	30.0	8	fd0f4b6537d27a3fc49e6e09d2b5a360	4e80d46304106dec0c0cc03df10cb8ff	640	360	1466.0	5.0	484.0	669.0	False
gipsrestat720p_60f	gipsrestat720p_60f	svtav1	svtav1_20191004_b3c6ea1	60	20	4102586.0	4102.586	45.057	47.56399999999999	49.17716666666665	45.029171	47.556086	49.171364	97.039394	826468.0	13.774466666666667	1280	720	50.0	8	6fc9bbde2b15ad5ec39212e48e6dbe2b	cd33b7fe142e80a43ae81545d62a2f03	1280	720	4011.0	3.0	2870.0	2457.0	False
gipsrestat720p_60f	gipsrestat720p_60f	svtav1	svtav1_20191004_b3c6ea1	60	32	1509433.0	1509.433	43.453166666666675	46.94400000000001	48.43849999999999	43.414252	46.940332	48.431345	95.864139	529728.0	8.8288	1280	720	50.0	8	6eceeb5265392d78cff99de71c81cf8f	32d543c6909a1feb5305652c9372d6f5	1280	720	3998.0	5.0	1892.0	3605.0	False
gipsrestat720p_60f	gipsrestat720p_60f	svtav1	svtav1_20191004_b3c6ea1	60	43	764653.0	764.653	41.78233333333333	46.14550000000001	47.42633333333334	41.71491	46.143952	47.420491	94.083243	528320.0	8.805333333333333	1280	720	50.0	8	dd80179dd6f2b9a019a926c88904fc0b	96af2832082c0700d672e404ec1c561d	1280	720	4295.0	4.0	1582.0	3678.0	False
gipsrestat720p_60f	gipsrestat720p_60f	svtav1	svtav1_20191004_b3c6ea1	60	55	418286.0	418.286	39.69516666666666	44.73333333333333	45.75666666666667	39.645664	44.731793	45.754152	90.932269	283723.0	4.728716666666666	1280	720	50.0	8	834e53ec49fa97fdaeda1526297c4a85	7e1fb57b37a53cc9f7d49ce662cc9333	1280	720	3803.0	3.0	1341.0	2571.0	False
gipsrestat720p_60f	gipsrestat720p_60f	svtav1	svtav1_20191004_b3c6ea1	60	63	192560.0	192.56	35.97683333333334	41.96216666666666	42.471999999999994	35.961474	41.961216	42.47148	81.846157	615685.0	10.261416666666667	1280	720	50.0	8	797bba9ff98bc7401b3723361be14d3c	5c4828e40dbb85ba47705fae70c7d400	1280	720	7176.0	3.0	1165.0	2956.0	False
