KristenAndSara_1280x720_60_10b	KristenAndSara_1280x720_60_10b	svtav1	svtav1_20200418_2a8747a_enc-mode0	60	20	0	3092768.0	3092.7680000000005	44.89149999999999	49.56466666666668	50.585166666666666	44.884366	49.56216	50.583535	97.06663901586984	2691298.0	44.85496666666667	4370.46	1280	720	60.0	10	0e45ba6de6db05aa669774f8279e919a	7ee60085d03a4e6ffb9ca3c9570574b4	1280	720	13654.0	5.0	8283.0	13249.0	False	False	0.9963239987691244	0.9957470509816697
KristenAndSara_1280x720_60_10b	KristenAndSara_1280x720_60_10b	svtav1	svtav1_20200418_2a8747a_enc-mode0	60	32	0	1181536.0	1181.536	43.59716666666668	48.65433333333331	49.62883333333334	43.585364	48.651037	49.625721	96.093555290659	1877847.0	31.29745	3190.35	1280	720	60.0	10	859c47e2f8f8f06416605c39c366fcb1	902c063c8523e57ac066e457fd647b58	1280	720	8437.0	6.0	4149.0	13800.0	False	False	0.9950054893891017	0.9945429341286675
KristenAndSara_1280x720_60_10b	KristenAndSara_1280x720_60_10b	svtav1	svtav1_20200418_2a8747a_enc-mode0	60	43	0	657000.0	657.0	42.242666666666665	47.57699999999999	48.55666666666668	42.221323	47.571563	48.55177	94.4931260380445	1070322.0	17.8387	1778.79	1280	720	60.0	10	056a01e86e7bb7de5d60733be26b5aa5	4e1772ec5a6d00249c45c03a4a462571	1280	720	8334.0	5.0	3653.0	10266.0	False	False	0.9928176879882813	0.9927023399843209
KristenAndSara_1280x720_60_10b	KristenAndSara_1280x720_60_10b	svtav1	svtav1_20200418_2a8747a_enc-mode0	60	55	0	299928.0	299.928	39.46350000000002	45.06033333333333	46.12949999999998	39.432295	45.051536000000006	46.121133	89.08150176411105	1033142.0	17.219033333333332	1623.3	1280	720	60.0	10	cb14297af23fcfcbd253f013d45c5d8e	a54469fa060e326fce9e795b0c25a98a	1280	720	8180.0	4.0	3211.0	14975.0	False	False	0.9853506684303284	0.986676404519492
KristenAndSara_1280x720_60_10b	KristenAndSara_1280x720_60_10b	svtav1	svtav1_20200418_2a8747a_enc-mode0	60	59	0	194472.0	194.472	37.500666666666675	43.26233333333333	44.439666666666646	37.477457	43.255327	44.433773	83.2673820650561	846547.0	14.109116666666667	1237.39	1280	720	60.0	10	e153bd9974eec49361174cbec1b53f74	4c8f3c1256ba3be831adeb34210d457d	1280	720	9182.0	3.0	3133.0	10987.0	False	False	0.9773725718259811	0.9803270432389335
BarScene1_1920x1080_2997_10b	BarScene1_1920x1080_2997_10b	svtav1	svtav1_20200418_2a8747a_enc-mode0	60	20	0	1710833.0	1710.833	42.511833333333335	44.80150000000002	43.7755	42.51131	44.801662	43.774804	93.22608249553532	2816039.0	46.93398333333333	4658.64	1920	1080	29.97	10	0707dfe8314658019b045077febf7e21	287fca47cbc68e734fe512f8e0ddc65b	1920	1080	20629.0	6.0	9483.0	24725.0	False	False	0.995942093928655	0.9911274406502216
BarScene1_1920x1080_2997_10b	BarScene1_1920x1080_2997_10b	svtav1	svtav1_20200418_2a8747a_enc-mode0	60	32	0	440433.0	440.433	42.15066666666668	44.606833333333306	43.48	42.150686	44.606367	43.479220000000005	92.0323624062096	2985010.0	49.750166666666665	4429.44	1920	1080	29.97	10	53c9ee37c7b1de0522f9675e98de7410	3c4034c3cd2b535664538235b2c1eb81	1920	1080	24382.0	11.0	7549.0	31944.0	False	False	0.9951857169469197	0.9900978184554869
BarScene1_1920x1080_2997_10b	BarScene1_1920x1080_2997_10b	svtav1	svtav1_20200418_2a8747a_enc-mode0	60	43	0	231367.0	231.367	41.68500000000002	44.433333333333344	43.330499999999994	41.684491	44.432849	43.33106	90.26974994559286	2321513.0	38.69188333333334	3814.95	1920	1080	29.97	10	ebce84c1bfefd714a15b07f5a23da8bc	7537c668f5b14599521ede6dbad96687	1920	1080	23250.0	11.0	5846.0	31718.0	False	False	0.9940337240695953	0.9885784162705228
BarScene1_1920x1080_2997_10b	BarScene1_1920x1080_2997_10b	svtav1	svtav1_20200418_2a8747a_enc-mode0	60	55	0	94863.0	94.863	40.47900000000001	43.865333333333304	42.8545	40.478209	43.865024	42.85389	83.62150161607043	1098083.0	18.301383333333334	1771.49	1920	1080	29.97	10	642c691ae41f8c21da4ef4b588e41e6c	c88a117a9a4718903a58b2103d18bf54	1920	1080	20579.0	3.0	2681.0	27852.0	False	False	0.9892337669928869	0.9835511232392605
BarScene1_1920x1080_2997_10b	BarScene1_1920x1080_2997_10b	svtav1	svtav1_20200418_2a8747a_enc-mode0	60	59	0	57539.0	57.539	39.38649999999998	43.1671666666667	42.39283333333336	39.385765	43.167152	42.393065	75.93680236339729	1446904.0	24.115066666666667	2025.58	1920	1080	29.97	10	3e02605bfb073f67ea0c77df24970f5d	466a635335ab6e0270f67b26e6cd7741	1920	1080	22919.0	5.0	3223.0	27249.0	False	False	0.9831728478272755	0.9781117085202088
blue_sky_360p_60f	blue_sky_360p_60f	svtav1	svtav1_20200418_2a8747a_enc-mode0	60	20	0	1266380.0	1266.38	44.40433333333333	45.448833333333326	47.19133333333334	44.297305	45.363867	47.12853	99.95373470043712	1230953.0	20.515883333333335	2172.86	640	360	25.0	8	832b35c5f3c019c3b1704da817feb1dd	deeef76f3485502dee1724fd27f16d9d	640	360	2218.0	7.0	4528.0	5516.0	False	False	0.9928353051344554	0.9985855135612139
blue_sky_360p_60f	blue_sky_360p_60f	svtav1	svtav1_20200418_2a8747a_enc-mode0	60	32	0	606836.0	606.836	41.276166666666654	43.06333333333334	44.604166666666664	41.153716	42.99868	44.568632	99.92421431696226	858227.0	14.303783333333334	1514.01	640	360	25.0	8	d81125349c967082a45a775fc08dbd69	8ccef0e8fde4cc08bc024cf78e2cc947	640	360	2107.0	6.0	4371.0	5591.0	False	False	0.9893071770668029	0.9977577959727679
blue_sky_360p_60f	blue_sky_360p_60f	svtav1	svtav1_20200418_2a8747a_enc-mode0	60	43	0	348803.0	348.803	38.75066666666667	40.93199999999999	42.60966666666666	38.555586	40.835293	42.549488	99.4441418823798	851087.0	14.184783333333334	1479.28	640	360	25.0	8	410ad26df0021983ed550a72b84d16cb	f1bca7800a1ab70138a98aab2da868f4	640	360	2576.0	7.0	1855.0	10028.0	False	False	0.9843707829713821	0.9964985613355428
blue_sky_360p_60f	blue_sky_360p_60f	svtav1	svtav1_20200418_2a8747a_enc-mode0	60	55	0	151550.0	151.55	34.84466666666666	37.10349999999999	39.309999999999995	34.716894	37.051903	39.281089	92.65528945444724	452928.0	7.5488	788.22	640	360	25.0	8	120f9ec5b6c6a2d661ef1d104ce840d0	e37440e490b9cbc0d06a8a27e03ecc1c	640	360	2153.0	8.0	3062.0	5188.0	False	False	0.9678309669097265	0.9920297310565097
blue_sky_360p_60f	blue_sky_360p_60f	svtav1	svtav1_20200418_2a8747a_enc-mode0	60	59	0	95406.0	95.406	32.474000000000004	35.56316666666667	38.213000000000015	32.406058	35.543394	38.199032	85.82219827273052	521950.0	8.699166666666667	823.5	640	360	25.0	8	5b9ff05fbefbe6a5da46571e3bf4319f	5e9f691ad8e1eb8dfd4f8a2882212704	640	360	2031.0	5.0	3154.0	9732.0	False	False	0.950221374630928	0.9868260375168547
kirland360p_60f	kirland360p_60f	svtav1	svtav1_20200418_2a8747a_enc-mode0	60	20	0	269268.0	269.268	47.28183333333333	48.424666666666695	49.58683333333333	47.209433	48.403983	49.567309	95.9340669359523	355653.0	5.92755	565.65	640	360	30.0	8	5ca930d5a658d3f70bddbfdafd3c2c40	2c20ce01ff39865268d2ce0f785b08c4	640	360	1290.0	4.0	841.0	2981.0	False	False	0.9908148785432179	0.9973615732027639
kirland360p_60f	kirland360p_60f	svtav1	svtav1_20200418_2a8747a_enc-mode0	60	32	0	127720.0	127.72	45.90466666666668	47.85249999999999	48.73533333333332	45.776230000000005	47.830424	48.712068	94.7045481774316	405450.0	6.7575	729.7	640	360	30.0	8	cfe1bd9e5d28b3c07c1550ee523dee0b	6159da4d976aca44ab7ca4739a7c6299	640	360	1335.0	3.0	732.0	2861.0	False	False	0.9894642680883408	0.9968648005938563
kirland360p_60f	kirland360p_60f	svtav1	svtav1_20200418_2a8747a_enc-mode0	60	43	0	69676.0	69.676	44.06316666666665	47.233999999999966	47.709499999999984	43.824012	47.192814	47.599457	91.9118797563889	244679.0	4.077983333333333	397.88	640	360	30.0	8	8efc88c54ffe6b604b415ad8c2c0e12b	d85236bfaa664494d089ca62de088744	640	360	1293.0	4.0	535.0	2846.0	False	False	0.9871379464864731	0.9959818573366427
kirland360p_60f	kirland360p_60f	svtav1	svtav1_20200418_2a8747a_enc-mode0	60	55	0	37404.0	37.404	41.037666666666674	46.06283333333332	45.952	40.700952	45.960498	45.67455	84.74546112772961	251445.0	4.19075	423.67	640	360	30.0	8	db0948910c32c095aabbc6a0f1f20c89	2b5c0307f590c46c558e19ceac03f135	640	360	1275.0	4.0	520.0	2922.0	False	False	0.9806647727886836	0.9935419101824841
kirland360p_60f	kirland360p_60f	svtav1	svtav1_20200418_2a8747a_enc-mode0	60	59	0	28124.0	28.124	39.28499999999999	44.998166666666656	44.78633333333335	38.913249	44.888336	44.463026	78.64218743265907	360252.0	6.0042	603.26	640	360	30.0	8	52cd637451c9e8e2cd6ea083879b4f3d	ec81abe9fc7a740d0af816a328418f69	640	360	2146.0	5.0	493.0	3957.0	False	False	0.9749046713113785	0.9910656557459961
Aerial_1920x1080_2997_10b	Aerial_1920x1080_2997_10b	svtav1	svtav1_20200418_2a8747a_enc-mode0	60	20	0	9322517.0	9322.517	43.578499999999984	45.99616666666665	45.32466666666665	43.529517000000006	45.976994	45.308501	96.4207984006014	5034262.0	83.90436666666666	7521.4	1920	1080	29.97	10	86b6223ab829e068fb37532c6fd8ddc9	e4d4b59b25236eed692429d05bf11121	1920	1080	29854.0	17.0	10692.0	24570.0	False	False	0.998983633518219	0.9979607442790729
Aerial_1920x1080_2997_10b	Aerial_1920x1080_2997_10b	svtav1	svtav1_20200418_2a8747a_enc-mode0	60	32	0	4826302.0	4826.302	41.686166666666665	44.57633333333334	44.11150000000001	41.628459	44.563832	44.103314	95.22907154766521	4558479.0	75.97465	7266.46	1920	1080	29.97	10	8f9627ecdf5b1a4d6f665285672f25e6	66dc3e0bc9a6ce50499cb0fe3146c1ec	1920	1080	26351.0	5.0	8937.0	23934.0	False	False	0.9984264353911082	0.9969921297890446
Aerial_1920x1080_2997_10b	Aerial_1920x1080_2997_10b	svtav1	svtav1_20200418_2a8747a_enc-mode0	60	43	0	2791810.0	2791.81	39.4285	42.90866666666666	42.800333333333334	39.375483	42.90050899999999	42.796643	92.98052945813355	3509674.0	58.494566666666664	5800.56	1920	1080	29.97	10	0f220fde4b77a12f6568030a7866c7f0	d7c5560c411b5f57d166b858d9f790ca	1920	1080	23249.0	6.0	8967.0	31963.0	False	False	0.9973302771647771	0.9950878881864803
Aerial_1920x1080_2997_10b	Aerial_1920x1080_2997_10b	svtav1	svtav1_20200418_2a8747a_enc-mode0	60	55	0	1142850.0	1142.85	35.017333333333326	40.00783333333335	40.644666666666666	35.001716	40.005835	40.644841	85.56900920220787	2615018.0	43.58363333333333	4164.13	1920	1080	29.97	10	25cb8fd3ff8b40bd153335cdc41c892b	b311dd7be218ef5483c74a344ad45872	1920	1080	24103.0	4.0	10289.0	39734.0	False	False	0.9924976746241252	0.9864368578689959
Aerial_1920x1080_2997_10b	Aerial_1920x1080_2997_10b	svtav1	svtav1_20200418_2a8747a_enc-mode0	60	59	0	603435.0	603.435	32.07366666666666	38.431166666666705	39.59766666666665	32.069543	38.430298	39.597125	76.57542776087429	2546620.0	42.443666666666665	4009.05	1920	1080	29.97	10	e76526e8e6e0a2600ea1fd23beae8e09	7be543f2f7840bc5178a4fe0268056a0	1920	1080	23128.0	6.0	10452.0	41470.0	False	False	0.9838182359933854	0.9709006851379826
DinnerScene_1920x1080_2997_10b	DinnerScene_1920x1080_2997_10b	svtav1	svtav1_20200418_2a8747a_enc-mode0	60	20	0	1279821.0	1279.821	41.79699999999998	42.65566666666667	47.52716666666666	41.796725	42.652413	47.526419	91.45826533216707	4347369.0	72.45615	6789.02	1920	1080	29.97	10	21e00c40264d4cbba2b2694c99da6743	0ce1822edd34da8870b1aafa3b8dd93b	1920	1080	24330.0	9.0	18513.0	24797.0	False	False	0.9941476911306382	0.9882328222138396
DinnerScene_1920x1080_2997_10b	DinnerScene_1920x1080_2997_10b	svtav1	svtav1_20200418_2a8747a_enc-mode0	60	32	0	264385.0	264.385	41.61816666666667	42.28349999999999	47.373333333333356	41.618182	42.283117	47.373402000000006	89.67917818105545	3494329.0	58.238816666666665	5218.87	1920	1080	29.97	10	81cc403d2107e697faf5b8562a61fcf4	3a6adb0a48c40782fdbc11d24b4f15a7	1920	1080	28872.0	5.0	18132.0	31263.0	False	False	0.9934309214353562	0.9875106827635077
DinnerScene_1920x1080_2997_10b	DinnerScene_1920x1080_2997_10b	svtav1	svtav1_20200418_2a8747a_enc-mode0	60	43	0	138819.0	138.819	41.34066666666664	42.20350000000001	47.14233333333336	41.340539	42.202418	47.142402999999995	86.27979946783466	2996741.0	49.945683333333335	4542.04	1920	1080	29.97	10	c4e3147028e16475a9718f6304c70bc5	92f3070ad58f54b43f44213f55201574	1920	1080	24338.0	6.0	9990.0	33351.0	False	False	0.9924058069785436	0.9865051601094315
DinnerScene_1920x1080_2997_10b	DinnerScene_1920x1080_2997_10b	svtav1	svtav1_20200418_2a8747a_enc-mode0	60	55	0	63494.0	63.494	40.449	41.80949999999998	46.308833333333304	40.445445	41.809632	46.307869	76.46868622132429	1622867.0	27.047783333333335	2453.57	1920	1080	29.97	10	d47dafbcf1567501536c0ae72472c15e	a42e0365c8193d601c2b154e385698c7	1920	1080	21399.0	3.0	8462.0	23264.0	False	False	0.987928322950999	0.9824507013277144
DinnerScene_1920x1080_2997_10b	DinnerScene_1920x1080_2997_10b	svtav1	svtav1_20200418_2a8747a_enc-mode0	60	59	0	47572.0	47.572	39.81349999999999	41.576	45.92399999999999	39.800512	41.575474	45.921476	68.60425340772977	2423513.0	40.39188333333333	3395.6	1920	1080	29.97	10	2c793e44f22a3fb522cffa1e9d770d6d	2443cd43936179294c544b8763a66ea6	1920	1080	23370.0	5.0	9202.0	24775.0	False	False	0.984897776444753	0.9798063877765543
RollerCoastPas_1920x1080_2997_10	RollerCoastPas_1920x1080_2997_10	svtav1	svtav1_20200418_2a8747a_enc-mode0	60	20	0	2990607.0	2990.6069999999995	45.0975	45.31633333333334	43.852999999999994	45.095684	45.315243	43.850998	97.10755011312807	4069896.0	67.8316	6091.13	1920	1080	29.97	10	4def0e6626d1a7afc627610149bfcd0b	ef89145799015fee59c15e5cb33803d0	1920	1080	28024.0	5.0	7205.0	26440.0	False	False	0.9986580232779185	0.9969251334837689
RollerCoastPas_1920x1080_2997_10	RollerCoastPas_1920x1080_2997_10	svtav1	svtav1_20200418_2a8747a_enc-mode0	60	32	0	1457115.0	1457.115	44.09466666666664	44.73166666666669	43.18616666666666	44.09111500000001	44.730567	43.186066	96.45502212262005	3016496.0	50.27493333333334	4864.13	1920	1080	29.97	10	af9009d34f8e1b4e5826bbfa01da904c	e3a6d3119874a013389c31238adeff15	1920	1080	20843.0	3.0	5596.0	24240.0	False	False	0.9981850475072861	0.9961417105387593
RollerCoastPas_1920x1080_2997_10	RollerCoastPas_1920x1080_2997_10	svtav1	svtav1_20200418_2a8747a_enc-mode0	60	43	0	756590.0	756.59	42.28349999999998	43.60749999999998	42.22883333333335	42.273053	43.606952	42.22854399999999	94.74408881157046	1780481.0	29.674683333333334	2658.96	1920	1080	29.97	10	dd45f710f8bd245118630e728b16dc9d	4dec6599efc33be2e018eb573236df1f	1920	1080	22491.0	3.0	5181.0	23589.0	False	False	0.9969278365373612	0.994212643415113
RollerCoastPas_1920x1080_2997_10	RollerCoastPas_1920x1080_2997_10	svtav1	svtav1_20200418_2a8747a_enc-mode0	60	55	0	313862.0	313.862	38.67300000000001	41.05233333333332	39.88866666666666	38.658526	41.050307	39.887287	88.75513707916312	2361264.0	39.3544	3563.31	1920	1080	29.97	10	85d3a645a8a96abbc7f193ea05cc871b	990ad9907ff0adfe6a452a978b54536d	1920	1080	27509.0	5.0	7942.0	45562.0	False	False	0.9914427628119786	0.986983890784966
RollerCoastPas_1920x1080_2997_10	RollerCoastPas_1920x1080_2997_10	svtav1	svtav1_20200418_2a8747a_enc-mode0	60	59	0	199150.0	199.15	36.44649999999999	39.3995	38.37733333333333	36.433864	39.398592	38.376019	82.01289861562374	1352476.0	22.541266666666665	1954.47	1920	1080	29.97	10	00b7d38574a95ced49e744dbc79e68c6	994a59ac5997aa0f5e362b5a6277b02c	1920	1080	20597.0	2.0	4246.0	23521.0	False	False	0.9843842049439748	0.9785139998534216
ShowGirl2TeaserClip4000_1920x108	ShowGirl2TeaserClip4000_1920x108	svtav1	svtav1_20200418_2a8747a_enc-mode0	60	20	0	2817976.0	2817.976	42.38116666666666	46.626666666666665	49.48533333333331	42.378868	46.623894	49.482221	95.35175584616682	3953093.0	65.88488333333333	6221.79	1920	1080	25.0	10	33ce636f1232d1aca3bdfbaf95ada99e	e8727efb601f30270561d6bddc830ddc	1920	1080	21170.0	4.0	12507.0	28069.0	False	False	0.9960990568002065	0.9914888384337319
ShowGirl2TeaserClip4000_1920x108	ShowGirl2TeaserClip4000_1920x108	svtav1	svtav1_20200418_2a8747a_enc-mode0	60	32	0	1263940.0	1263.94	41.675500000000014	46.2725	48.85949999999998	41.669753	46.269338	48.857607	93.45265835025872	3288873.0	54.81455	4815.01	1920	1080	25.0	10	200a44ee12ccc60c810dbe9fdb9c3fe9	23bb71d49dd00d76aa8f9dbc1d742a7c	1920	1080	20632.0	4.0	10157.0	23926.0	False	False	0.9950690070788065	0.9901913928373561
ShowGirl2TeaserClip4000_1920x108	ShowGirl2TeaserClip4000_1920x108	svtav1	svtav1_20200418_2a8747a_enc-mode0	60	43	0	672433.0	672.4329999999999	40.64849999999999	45.80533333333333	48.0833333333333	40.630358	45.802316	48.081161	90.0177615408126	3611478.0	60.1913	5683.2	1920	1080	25.0	10	84263c2e369257960ad6e6626afe08b9	3245250b74a4664365cc4350590e4235	1920	1080	22620.0	4.0	9372.0	24641.0	False	False	0.9931089172760645	0.9879888591998374
ShowGirl2TeaserClip4000_1920x108	ShowGirl2TeaserClip4000_1920x108	svtav1	svtav1_20200418_2a8747a_enc-mode0	60	55	0	293950.0	293.95	38.49966666666667	44.71183333333334	46.46633333333333	38.465461	44.710052	46.466186	81.18878525681754	2072790.0	34.5465	3138.34	1920	1080	25.0	10	91a754b2d9e316747c202cc2b08f2d7b	642319855161cca5874b3112cfec9e52	1920	1080	20213.0	5.0	6876.0	25033.0	False	False	0.9867633581161499	0.9812763052895145
ShowGirl2TeaserClip4000_1920x108	ShowGirl2TeaserClip4000_1920x108	svtav1	svtav1_20200418_2a8747a_enc-mode0	60	59	0	177573.0	177.573	36.7465	43.491166666666665	45.23816666666665	36.724153	43.490846	45.237897	72.42236833125277	2311016.0	38.516933333333334	3686.48	1920	1080	25.0	10	7754975d031b1d1c02e3b43562d60613	9bfda11f66b73b461c11d899386b3b0a	1920	1080	22062.0	6.0	12780.0	43460.0	False	False	0.9786650717258454	0.9729334559370556
Starting_1920x1080p_50_10b_pq_70	Starting_1920x1080p_50_10b_pq_70	svtav1	svtav1_20200418_2a8747a_enc-mode0	60	20	0	4173686.0	4173.686	46.79666666666669	49.659166666666664	51.32216666666667	46.745202	49.603084	51.242437	96.7220681006839	1743089.0	29.051483333333334	2944.37	1920	1080	50.0	10	6f2fc4d92d01a0053a8b8eb5a47092d6	ca82c2c0b82e4a8549deb30b0c236355	1920	1080	19027.0	26.0	7842.0	22427.0	False	False	0.9991725772619248	0.9980755484989194
Starting_1920x1080p_50_10b_pq_70	Starting_1920x1080p_50_10b_pq_70	svtav1	svtav1_20200418_2a8747a_enc-mode0	60	32	0	2197393.0	2197.3930000000005	45.297	48.54800000000001	49.86100000000001	45.225817	48.511883	49.817027	95.51244196791984	1981018.0	33.01696666666667	3026.62	1920	1080	50.0	10	73a582058e31df8b10f33f041a932d44	102e31ddcad8c13b4ef3a9370ec084ca	1920	1080	17769.0	3.0	7471.0	24040.0	False	False	0.9986658265193303	0.9973247955322715
Starting_1920x1080p_50_10b_pq_70	Starting_1920x1080p_50_10b_pq_70	svtav1	svtav1_20200418_2a8747a_enc-mode0	60	43	0	1223793.0	1223.793	43.29466666666667	47.15083333333333	47.95833333333331	43.224337	47.143343	47.949962	93.26094594130326	2462905.0	41.04841666666667	3628.48	1920	1080	50.0	10	2d8e549c2ffef08a0c1e53ac9a9ead58	f9f53d3df1f1976aa7af0b7bb9669dfb	1920	1080	26942.0	8.0	7820.0	24876.0	False	False	0.9976220279932022	0.9958960818354914
Starting_1920x1080p_50_10b_pq_70	Starting_1920x1080p_50_10b_pq_70	svtav1	svtav1_20200418_2a8747a_enc-mode0	60	55	0	552480.0	552.48	39.60983333333332	44.85183333333332	45.13833333333333	39.565144	44.851029	45.137187	86.24529028489847	2095898.0	34.93163333333333	3009.12	1920	1080	50.0	10	3b58256394f5ab465b6917fe620a3f74	1926a94b81845de4adbc11d1bd9fcba5	1920	1080	18150.0	5.0	7832.0	30913.0	False	False	0.9937600255012512	0.990732581621309
Starting_1920x1080p_50_10b_pq_70	Starting_1920x1080p_50_10b_pq_70	svtav1	svtav1_20200418_2a8747a_enc-mode0	60	59	0	316646.0	316.646	36.883	43.230999999999995	43.35349999999999	36.862423	43.23052	43.353531	77.64403623572557	1894820.0	31.580333333333332	2844.55	1920	1080	50.0	10	c227eb85f11a2ace1586c94b9980ef12	e308ea838e788704d774f7509445ed44	1920	1080	18251.0	4.0	7378.0	30041.0	False	False	0.9875516374905904	0.9826523400133802
DOTA2_60f_420	DOTA2_60f_420	svtav1	svtav1_20200418_2a8747a_enc-mode0	60	20	0	14386512.0	14386.512	45.1905	48.89233333333333	49.04616666666667	45.150601	48.834147	49.020165	97.51085114991884	5017760.0	83.62933333333334	7700.96	1920	1080	60.0	8	8f6e45d0c5dd0da6d39f081384823dcb	0c79c6a71b2b0a7c95759e45abd68455	1920	1080	18430.0	21.0	9890.0	24190.0	False	False	0.9985317766666413	0.9971466950485142
DOTA2_60f_420	DOTA2_60f_420	svtav1	svtav1_20200418_2a8747a_enc-mode0	60	32	0	7165080.0	7165.08	42.86549999999999	46.83733333333335	47.11033333333334	42.783372	46.736102	47.063535	95.60841997714536	4654244.0	77.57073333333334	7938.46	1920	1080	60.0	8	b9d4ddb91004cecb9f7738e7a84ab0de	50df98e47cf69b21d4b9976c5c3efbf6	1920	1080	12390.0	2.0	8876.0	27123.0	False	False	0.997195236881574	0.9948862029444534
DOTA2_60f_420	DOTA2_60f_420	svtav1	svtav1_20200418_2a8747a_enc-mode0	60	43	0	3363480.0	3363.48	40.0495	44.25133333333333	44.63383333333334	39.951853	44.146256	44.589694	91.59120567270047	3369321.0	56.15535	5137.98	1920	1080	60.0	8	941075a2f66e9b7d72ac5ba101451f61	75dbd9bb8aef7061f8d659a5c8225643	1920	1080	17150.0	19.0	8693.0	23627.0	False	False	0.9933980027834575	0.9891424484359145
DOTA2_60f_420	DOTA2_60f_420	svtav1	svtav1_20200418_2a8747a_enc-mode0	60	55	0	1308456.0	1308.456	36.450833333333335	40.902666666666654	41.21449999999998	36.376464000000006	40.832328	41.188285	81.0373563378174	2266590.0	37.7765	3235.94	1920	1080	60.0	8	476c129dca6d1add72ec91bf23df3e8b	5626c62fe18cbaf22e628c94cb6355fd	1920	1080	16318.0	6.0	13488.0	31767.0	False	False	0.9789301554361979	0.9721901010449041
DOTA2_60f_420	DOTA2_60f_420	svtav1	svtav1_20200418_2a8747a_enc-mode0	60	59	0	823480.0	823.48	34.679833333333335	39.224000000000004	39.56383333333335	34.63164100000001	39.179705	39.546561	72.42053356064258	1225044.0	20.4174	1955.78	1920	1080	60.0	8	d1f795e632650ae87fb0306e0154058b	be0615a6b770acc7eb33a10fed6afaf0	1920	1080	11786.0	4.0	5423.0	22873.0	False	False	0.9650698532660802	0.9582191680836492
KristenAndSara_1280x720_60f	KristenAndSara_1280x720_60f	svtav1	svtav1_20200418_2a8747a_enc-mode0	60	20	0	2929848.0	2929.848	44.53449999999999	48.93533333333334	49.85316666666666	44.527526	48.932491	49.851171	96.88670160138999	1572386.0	26.206433333333333	2370.39	1280	720	60.0	8	09186d2d09a6a47caea0743fe1073fdc	53d181dbe977de606d3f0534503ce911	1280	720	6017.0	4.0	4676.0	13701.0	False	False	0.9959273119767507	0.9953787989410279
KristenAndSara_1280x720_60f	KristenAndSara_1280x720_60f	svtav1	svtav1_20200418_2a8747a_enc-mode0	60	32	0	1262328.0	1262.328	43.45083333333333	48.22033333333334	49.10416666666666	43.440353	48.21812	49.102133	96.03364152670696	1776476.0	29.60793333333333	2629.13	1280	720	60.0	8	eacbe4077547ff827a91babd81d1556a	d8fef341cca01eb7e831ff0f04d1e15b	1280	720	7446.0	6.0	6582.0	20889.0	False	False	0.9947190135717392	0.9942921713411995
KristenAndSara_1280x720_60f	KristenAndSara_1280x720_60f	svtav1	svtav1_20200418_2a8747a_enc-mode0	60	43	0	649600.0	649.6	42.01250000000001	47.06716666666667	47.97799999999999	41.993136	47.062847	47.974137	94.33589869103412	970127.0	16.168783333333334	1579.53	1280	720	60.0	8	81aabd5b795fe615aef3f51e442e9db6	1ac80d37a24fcd4cc0642bcf0b34b6f7	1280	720	5266.0	5.0	2968.0	9894.0	False	False	0.9922813415527344	0.9922319305106764
KristenAndSara_1280x720_60f	KristenAndSara_1280x720_60f	svtav1	svtav1_20200418_2a8747a_enc-mode0	60	55	0	298128.0	298.128	39.32066666666665	44.68349999999998	45.820166666666665	39.293329	44.67484	45.814315	89.21849550006208	682173.0	11.36955	1040.41	1280	720	60.0	8	4ecdbbe56b6f1baedc9988e7aee3feb4	cb07d20e0a43aff64b3611dd98c5c42b	1280	720	5540.0	4.0	2418.0	12334.0	False	False	0.984860846400261	0.9862438328579827
KristenAndSara_1280x720_60f	KristenAndSara_1280x720_60f	svtav1	svtav1_20200418_2a8747a_enc-mode0	60	59	0	195080.0	195.08	37.423	43.07583333333336	44.141499999999986	37.400432	43.070166	44.134952	83.4445454119164	661420.0	11.023666666666667	974.68	1280	720	60.0	8	732fd62ba29ebad4e85c8bb06ffbed9f	ad7bc2bc0042e09a99fdda9d80a72da1	1280	720	5902.0	4.0	2180.0	12605.0	False	False	0.9773198703924815	0.9801953609373015
Netflix_DrivingPOV_1280x720_60fp	Netflix_DrivingPOV_1280x720_60fp	svtav1	svtav1_20200418_2a8747a_enc-mode0	60	20	0	10886472.0	10886.472	42.706333333333326	46.33783333333333	45.037499999999994	42.683237	46.328689000000004	45.030986	99.66538000078569	2648046.0	44.1341	4116.6	1280	720	60.0	8	b0baf3d3471310c0af7e9e994c1dd388	5e8d89cc22f7c1da8f67856510362e89	1280	720	6789.0	8.0	7478.0	10735.0	False	False	0.9979598144690196	0.9973667432748418
Netflix_DrivingPOV_1280x720_60fp	Netflix_DrivingPOV_1280x720_60fp	svtav1	svtav1_20200418_2a8747a_enc-mode0	60	32	0	5113120.0	5113.12	40.220000000000006	45.0275	44.09016666666666	40.181397	45.009717	44.083045	98.53926760060327	2153909.0	35.89848333333333	3559.59	1280	720	60.0	8	60115393c3bea1402b7e37e74a195feb	678a4772b5634b99b54a79b9e7708a39	1280	720	6948.0	4.0	6133.0	9944.0	False	False	0.9962399899959564	0.9952227776565957
Netflix_DrivingPOV_1280x720_60fp	Netflix_DrivingPOV_1280x720_60fp	svtav1	svtav1_20200418_2a8747a_enc-mode0	60	43	0	2641208.0	2641.208	37.8695	43.586999999999996	43.145833333333336	37.80428100000001	43.564348	43.137478	96.05305016814536	1497318.0	24.9553	2393.22	1280	720	60.0	8	11a9fdea5eadc71003e6ace34f6b8314	5581a1f9efb39605f1c5b6a81cf85b17	1280	720	6856.0	4.0	5761.0	10377.0	False	False	0.9919924606879552	0.9910044885062054
Netflix_DrivingPOV_1280x720_60fp	Netflix_DrivingPOV_1280x720_60fp	svtav1	svtav1_20200418_2a8747a_enc-mode0	60	55	0	1093992.0	1093.992	34.553499999999985	41.182333333333325	41.493833333333335	34.504214	41.16519	41.486618	89.29210110924464	1136951.0	18.949183333333334	1725.07	1280	720	60.0	8	cf39c8cbfabd5a8f04cc4dfc0fdaa4db	53e4ddadc40c57a1c657d7a90488ebc0	1280	720	6877.0	19.0	5456.0	10913.0	False	False	0.9844233681758244	0.9833008851318877
Netflix_DrivingPOV_1280x720_60fp	Netflix_DrivingPOV_1280x720_60fp	svtav1	svtav1_20200418_2a8747a_enc-mode0	60	59	0	678624.0	678.624	32.618333333333325	39.54633333333332	40.217333333333336	32.594575	39.538627	40.213924	83.04719635079736	1090737.0	18.17895	1701.46	1280	720	60.0	8	e70ef0616d21d3e4be4ae6f1b567a153	9743b45bf74e26d95d12533a7df027e1	1280	720	6711.0	3.0	5022.0	10553.0	False	False	0.9767215559879939	0.9752702612858555
Netflix_PierSeaside_1920x1080_60	Netflix_PierSeaside_1920x1080_60	svtav1	svtav1_20200418_2a8747a_enc-mode0	60	20	0	7240656.0	7240.656	45.36183333333333	47.393166666666666	45.469000000000015	45.329345	47.378762	45.451657	99.86821497757224	3498664.0	58.31106666666667	5359.69	1920	1080	60.0	8	97ab29d4ba06b05973b726f61900bac8	e3c054f327224f8ab26e825b0cebb4dc	1920	1080	11333.0	2.0	10924.0	23466.0	False	False	0.9980468273162841	0.9968325676585547
Netflix_PierSeaside_1920x1080_60	Netflix_PierSeaside_1920x1080_60	svtav1	svtav1_20200418_2a8747a_enc-mode0	60	32	0	3128808.0	3128.808	43.64116666666668	46.63333333333333	44.90533333333334	43.580346	46.617159	44.888233	99.36391506024965	2451951.0	40.86585	3697.33	1920	1080	60.0	8	d220f9ff4a9bcca37f637612f9069965	35096bab788d78cbb4a46fea40ab4d43	1920	1080	10434.0	7.0	10246.0	23595.0	False	False	0.9969978729883829	0.995217058817495
Netflix_PierSeaside_1920x1080_60	Netflix_PierSeaside_1920x1080_60	svtav1	svtav1_20200418_2a8747a_enc-mode0	60	43	0	1415456.0	1415.456	41.581333333333326	45.36200000000001	44.021666666666654	41.50157	45.346849	44.009016	97.2485123264989	1781423.0	29.690383333333333	2761.32	1920	1080	60.0	8	2ebab16580e20f1b4a93bd2fcc0a2b92	35d715491775c44bfaa8a8b0ebfcbe33	1920	1080	10501.0	4.0	9197.0	22888.0	False	False	0.9948085208733877	0.9920999373904507
Netflix_PierSeaside_1920x1080_60	Netflix_PierSeaside_1920x1080_60	svtav1	svtav1_20200418_2a8747a_enc-mode0	60	55	0	541080.0	541.08	38.55050000000001	42.84350000000001	42.1195	38.489344	42.833323	42.111021	90.60770242452647	1999159.0	33.319316666666666	2737.9	1920	1080	60.0	8	27870f9421594a01fa406323d4204317	281ff387945fd0503dd16819cacd0542	1920	1080	12985.0	3.0	14893.0	38924.0	False	False	0.9889761130015056	0.9848913283036592
Netflix_PierSeaside_1920x1080_60	Netflix_PierSeaside_1920x1080_60	svtav1	svtav1_20200418_2a8747a_enc-mode0	60	59	0	326320.0	326.32	36.717999999999996	41.34716666666667	40.831333333333355	36.676339	41.340838	40.826195	83.8980755307861	1063261.0	17.721016666666667	1576.3	1920	1080	60.0	8	fe4a8f3b3e39d3ed41e828802f86af60	2ab4ad072fdf5770ae53f9ccca534d73	1920	1080	10811.0	6.0	7798.0	23264.0	False	False	0.9836847096681595	0.978814134425012
Netflix_RollerCoaster_1280x720_6	Netflix_RollerCoaster_1280x720_6	svtav1	svtav1_20200418_2a8747a_enc-mode0	60	20	0	7946216.0	7946.216	44.692833333333326	46.57533333333333	46.63416666666667	44.675378	46.563196	46.625798	99.89873278257613	3327187.0	55.453116666666666	5779.65	1280	720	60.0	8	b0b090622f60d779f5ed789ef7440378	16122f09d61fd0424797356e8b2067c9	1280	720	5763.0	9.0	8228.0	10523.0	False	False	0.9978710522254308	0.9974740514120388
Netflix_RollerCoaster_1280x720_6	Netflix_RollerCoaster_1280x720_6	svtav1	svtav1_20200418_2a8747a_enc-mode0	60	32	0	3936128.0	3936.128	42.37533333333333	44.83416666666666	45.25033333333334	42.350046	44.814444	45.240949	99.83680043805329	2105147.0	35.08578333333333	3452.85	1280	720	60.0	8	d962ac27380e3cbaec3a5d722f73cef9	9409fb1fc1f82b2456c7690b911ca35a	1280	720	5658.0	3.0	6804.0	10201.0	False	False	0.996283894777298	0.9957868533286884
Netflix_RollerCoaster_1280x720_6	Netflix_RollerCoaster_1280x720_6	svtav1	svtav1_20200418_2a8747a_enc-mode0	60	43	0	2074648.0	2074.648	40.02616666666667	42.982	43.76466666666667	39.984642	42.950254	43.747697	97.58768758804848	2298218.0	38.30363333333333	4076.31	1280	720	60.0	8	55af942d50108128e99b83d12aaec69a	fd17e8032d963f47a3ce09082044bd7b	1280	720	5990.0	12.0	7744.0	16950.0	False	False	0.9931487937768301	0.9926265236264373
Netflix_RollerCoaster_1280x720_6	Netflix_RollerCoaster_1280x720_6	svtav1	svtav1_20200418_2a8747a_enc-mode0	60	55	0	939032.0	939.032	36.663	40.096000000000004	41.47933333333334	36.624499	40.057926	41.45929	88.0094414214769	1582606.0	26.376766666666665	2704.55	1280	720	60.0	8	2de143de288b83a662797c0d2860fcf6	10867a6f0d32123cb05aca50e2289933	1280	720	6005.0	6.0	6344.0	11513.0	False	False	0.9823554972807567	0.982610392755895
Netflix_RollerCoaster_1280x720_6	Netflix_RollerCoaster_1280x720_6	svtav1	svtav1_20200418_2a8747a_enc-mode0	60	59	0	637632.0	637.632	34.876	38.43133333333333	40.161166666666674	34.843213	38.39681	40.141332	79.64911588921224	907728.0	15.1288	1537.64	1280	720	60.0	8	22297c4fa442e507fdc748f3d5e76aec	9030965c89f7ee16bba8ed492ab257bc	1280	720	5507.0	6.0	5147.0	10127.0	False	False	0.9711333443721135	0.9731042097252448
dark720p_60f	dark720p_60f	svtav1	svtav1_20200418_2a8747a_enc-mode0	60	20	0	6424000.0	6424.0	45.893499999999996	42.79399999999998	44.280666666666654	45.875512	42.671834	44.214812	96.13783437899717	3455497.0	57.59161666666667	5617.4	1280	720	30.0	8	4d1ec97531d45ce047245f23c95a7e57	a06dccc625abb76c769188c44ba2f709	1280	720	5623.0	16.0	10987.0	10470.0	False	False	0.9940382540225983	0.9948835279332667
dark720p_60f	dark720p_60f	svtav1	svtav1_20200418_2a8747a_enc-mode0	60	32	0	1435772.0	1435.772	43.410333333333334	38.780999999999985	41.63499999999999	43.39258499999999	38.752779	41.625738	93.18641741527247	2094425.0	34.90708333333333	3248.18	1280	720	30.0	8	6e03ec1282ac2f3d819880f3bb126020	16150a4681bc918465674850dc488dab	1280	720	4840.0	3.0	8271.0	10042.0	False	False	0.9911438932021459	0.9926014970762727
dark720p_60f	dark720p_60f	svtav1	svtav1_20200418_2a8747a_enc-mode0	60	43	0	266344.0	266.344	42.22649999999999	36.90433333333333	40.813333333333325	42.214805	36.899461	40.807147	90.70409383172127	852081.0	14.20135	1353.35	1280	720	30.0	8	84b2321c36676bd8df19b4edef426b36	92b74802a3fa823635ffa2777c5eb55f	1280	720	4762.0	3.0	4909.0	9825.0	False	False	0.9896444231271744	0.9914197455974155
dark720p_60f	dark720p_60f	svtav1	svtav1_20200418_2a8747a_enc-mode0	60	55	0	108208.0	108.208	40.666333333333334	36.20116666666667	39.79650000000001	40.655016	36.199226	39.78974	86.20682181473181	616407.0	10.27345	947.47	1280	720	30.0	8	241c61c59ab06a78f7b57d07f8b9e157	74c3edeea6b7e1eeb208bf4e2dcdb35a	1280	720	4517.0	3.0	3225.0	12010.0	False	False	0.9854448844989141	0.9882289969134277
dark720p_60f	dark720p_60f	svtav1	svtav1_20200418_2a8747a_enc-mode0	60	59	0	72772.0	72.772	39.27950000000001	35.53749999999999	38.80349999999999	39.270362	35.535424	38.791331	81.11430162057614	1031536.0	17.192266666666665	1431.33	1280	720	30.0	8	b9e81280d4e561b706c4198c15d459b9	f4543d3be10054dbc8bbe0e9c63edbda	1280	720	6271.0	6.0	5011.0	13566.0	False	False	0.9804516712824504	0.9844527911795463
gipsrestat720p_60f	gipsrestat720p_60f	svtav1	svtav1_20200418_2a8747a_enc-mode0	60	20	0	3124073.0	3124.073	44.772666666666666	47.35283333333333	48.93550000000001	44.75527	47.348439	48.932098	96.9254023982962	1338887.0	22.314783333333335	2234.77	1280	720	50.0	8	98e1eabb16d6487c13f9c148e4b541ef	1c3c00908e2c8279cad0e65b695de541	1280	720	5589.0	3.0	3558.0	10074.0	False	False	0.9975922067960104	0.9969265163655894
gipsrestat720p_60f	gipsrestat720p_60f	svtav1	svtav1_20200418_2a8747a_enc-mode0	60	32	0	1291600.0	1291.6	43.25666666666666	46.848833333333324	48.35400000000001	43.225743	46.845047	48.349271	95.79170300303254	1179388.0	19.656466666666667	1815.56	1280	720	50.0	8	fd4f32b5fc028b3ac49289257dedea71	2eb81a3a237357ed28b115b28c545bbb	1280	720	5543.0	3.0	2850.0	10498.0	False	False	0.9966306110223134	0.9959629479440735
gipsrestat720p_60f	gipsrestat720p_60f	svtav1	svtav1_20200418_2a8747a_enc-mode0	60	43	0	689373.0	689.373	41.663833333333315	46.04683333333334	47.33550000000002	41.611001	46.044979	47.332104	94.0809429599582	662321.0	11.038683333333333	1128.61	1280	720	50.0	8	dda5c58a4832747b74c09f00ef6bdf4c	68b62dbb2f889acc93f774089e5d6a99	1280	720	5319.0	3.0	2259.0	9719.0	False	False	0.9950351417064667	0.9944765729151485
gipsrestat720p_60f	gipsrestat720p_60f	svtav1	svtav1_20200418_2a8747a_enc-mode0	60	55	0	327800.0	327.8	38.889833333333335	44.09633333333334	45.109	38.854901	44.095117	45.107498	89.29605816141175	930248.0	15.504133333333334	1455.87	1280	720	50.0	8	fb2d54d8e439239cf15e446018ea3a15	a4c359c3cf32ccfa283ccf64fc606713	1280	720	7215.0	7.0	2157.0	13447.0	False	False	0.9891644130150478	0.9894370852998189
gipsrestat720p_60f	gipsrestat720p_60f	svtav1	svtav1_20200418_2a8747a_enc-mode0	60	59	0	203460.0	203.46	36.506499999999996	42.24216666666666	42.89133333333334	36.49425	42.241034	42.890014	83.14628760864139	1137211.0	18.953516666666665	1761.66	1280	720	50.0	8	fba20b932c3b3ef1516e5d869d9d7c87	71a0e090d8186a0d30d025e10f8cf1a7	1280	720	7838.0	8.0	2492.0	11883.0	False	False	0.980685223142306	0.9822395027576256
niklas360p_60f	niklas360p_60f	svtav1	svtav1_20200418_2a8747a_enc-mode0	60	20	0	1399648.0	1399.648	44.391	47.75116666666666	47.44366666666666	44.302808	47.676775	47.358938	98.38741497053564	984503.0	16.408383333333333	1652.47	640	360	30.0	8	4723351da27d5ae6bbdacf245ec8f63e	b330be989ece2901adf9681d783c2016	640	360	2019.0	13.0	1928.0	2993.0	False	False	0.986513399084409	0.9968616888705528
niklas360p_60f	niklas360p_60f	svtav1	svtav1_20200418_2a8747a_enc-mode0	60	32	0	769860.0	769.86	41.93683333333334	46.354	45.83066666666663	41.845431	46.267974	45.737065	96.73594474223712	1110103.0	18.501716666666667	1755.21	640	360	30.0	8	b817d5229487f2ae1dc4ff38363c2629	de86f3d96135136728073a365ca99688	640	360	1773.0	2.0	1776.0	3049.0	False	False	0.9810986280441284	0.9951688532537826
niklas360p_60f	niklas360p_60f	svtav1	svtav1_20200418_2a8747a_enc-mode0	60	43	0	403144.0	403.144	38.928000000000004	44.49116666666667	43.665166666666664	38.841768	44.449324	43.613721000000005	93.05631734974536	987373.0	16.456216666666666	1790.67	640	360	30.0	8	328c1e278046e35ca787eeb62e2c4fb8	6a684316aec28d3be87514babab3a34c	640	360	2307.0	5.0	1488.0	3062.0	False	False	0.9708423634370168	0.9916547742894817
niklas360p_60f	niklas360p_60f	svtav1	svtav1_20200418_2a8747a_enc-mode0	60	55	0	199768.0	199.768	35.39483333333333	42.075	41.06049999999998	35.332914	42.040265	41.028857	85.22638899490794	425586.0	7.0931	649.67	640	360	30.0	8	d88b3330625f04e3c98f39cfcb174fac	a4a9d844f5553319b3653a7c1a901193	640	360	1716.0	2.0	1222.0	5670.0	False	False	0.9487042605876923	0.982914468799573
niklas360p_60f	niklas360p_60f	svtav1	svtav1_20200418_2a8747a_enc-mode0	60	59	0	135868.0	135.868	33.38883333333333	40.604166666666664	39.46233333333335	33.356946	40.585143	39.437741	78.32465792390484	443217.0	7.38695	788.54	640	360	30.0	8	967f6eacf8077c19f2156785508ac8ca	c08cb95c00e0ce4c6f4a009bd0693f5a	640	360	2330.0	5.0	1159.0	2948.0	False	False	0.928181666135788	0.9739349524590604
thaloundeskmtg360p_60f	thaloundeskmtg360p_60f	svtav1	svtav1_20200418_2a8747a_enc-mode0	60	20	0	876576.0	876.5759999999999	44.66583333333333	48.638166666666656	48.684333333333356	44.490405	48.57866	48.639734	96.95697276604204	698017.0	11.633616666666667	1125.55	640	360	30.0	8	c3bd514a4c2a920212d9c09cd3794cee	1fbe978480ee247f8ff9eb280afcf197	640	360	1928.0	3.0	1226.0	3020.0	False	False	0.9924102435509364	0.9983856073130516
thaloundeskmtg360p_60f	thaloundeskmtg360p_60f	svtav1	svtav1_20200418_2a8747a_enc-mode0	60	32	0	451104.0	451.104	43.052	47.29816666666668	47.44566666666664	42.827731	47.2523	47.417165	95.79813811798091	556171.0	9.269516666666666	1011.93	640	360	30.0	8	8668e4e880205dd744cb86b291acb4a4	a16129cf8384380a6e43dbe97b2db6a1	640	360	1848.0	4.0	949.0	2976.0	False	False	0.9900554229815801	0.9976482233983864
thaloundeskmtg360p_60f	thaloundeskmtg360p_60f	svtav1	svtav1_20200418_2a8747a_enc-mode0	60	43	0	251500.0	251.5	41.027333333333345	45.74966666666666	45.89366666666665	40.722432	45.72124900000001	45.87166	93.4900118987338	441131.0	7.3521833333333335	701.36	640	360	30.0	8	c6c3e7bfe324d772d41211a08bea28f6	aca8a4df56aef8bd063ae3c30e1e94da	640	360	2004.0	4.0	750.0	2996.0	False	False	0.9862832814455033	0.9963238350860614
thaloundeskmtg360p_60f	thaloundeskmtg360p_60f	svtav1	svtav1_20200418_2a8747a_enc-mode0	60	55	0	123256.0	123.256	37.72499999999999	42.70666666666666	42.68283333333333	37.44082	42.698216	42.666129	88.04885345611117	363293.0	6.054883333333334	591.94	640	360	30.0	8	74c09bcade5f0a58efe9740c06b708fe	0f65daa24a3a74c90f7d7b7a78f2bc79	640	360	2071.0	5.0	710.0	3037.0	False	False	0.9766868074735006	0.9924651880815074
thaloundeskmtg360p_60f	thaloundeskmtg360p_60f	svtav1	svtav1_20200418_2a8747a_enc-mode0	60	59	0	86908.0	86.908	35.6065	41.07099999999999	41.18283333333334	35.300893	41.06111	41.165452	82.43237246941584	355472.0	5.924533333333334	507.45	640	360	30.0	8	1fc57461591708c593376416eee2784c	265585d1ffd155a99a61ffb78a8521fa	640	360	1769.0	4.0	721.0	3767.0	False	False	0.966906895240148	0.9878007141637333
Market3_1920x1080p_50_10b_pq_709	Market3_1920x1080p_50_10b_pq_709	svtav1	svtav1_20200418_2a8747a_enc-mode0	60	20	0	12485060.0	12485.06	44.914000000000016	51.43649999999999	52.411666666666676	44.893997	51.427268	52.406090999999996	99.83564278546343	5694490.0	94.90816666666667	8094.85	1920	1080	50.0	10	53a53512095be84f47d778da6f29845f	3be9b14f31632ea76e07eae15e3093c9	1920	1080	22157.0	19.0	18515.0	29473.0	False	False	0.9992035468419392	0.9981971785923137
Market3_1920x1080p_50_10b_pq_709	Market3_1920x1080p_50_10b_pq_709	svtav1	svtav1_20200418_2a8747a_enc-mode0	60	32	0	6229320.0	6229.319999999999	42.1745	49.24983333333334	50.37583333333332	42.1422	49.243941	50.37345	98.80236657564662	3075904.0	51.26506666666667	5582.37	1920	1080	50.0	10	ea5308dfdb80c2518cf34bebba7386ea	c375f8fc33d6c2076168b55bb2b13597	1920	1080	20146.0	3.0	12265.0	23031.0	False	False	0.998502183953921	0.9966806493688749
Market3_1920x1080p_50_10b_pq_709	Market3_1920x1080p_50_10b_pq_709	svtav1	svtav1_20200418_2a8747a_enc-mode0	60	43	0	3255713.0	3255.713	39.37266666666667	47.29450000000001	48.602	39.332146	47.290772	48.600132	95.47565376211425	2855643.0	47.59405	4501.43	1920	1080	50.0	10	60ac6106a18db541d6a297526c129138	c2eb13c87a77cc3a426af3d95e57af0f	1920	1080	20733.0	9.0	12287.0	23992.0	False	False	0.9967176447312037	0.9930973201244807
Market3_1920x1080p_50_10b_pq_709	Market3_1920x1080p_50_10b_pq_709	svtav1	svtav1_20200418_2a8747a_enc-mode0	60	55	0	1304606.0	1304.606	35.50399999999999	44.55133333333332	46.09199999999999	35.477435	44.550833	46.089883	86.36839259597862	3029528.0	50.492133333333335	4872.39	1920	1080	50.0	10	defdd8b49afea63b46e9f67962845e6d	8d5cb447044d4c2b11afc81594771c06	1920	1080	20915.0	9.0	11869.0	31558.0	False	False	0.9889422714710235	0.9796059417495855
Market3_1920x1080p_50_10b_pq_709	Market3_1920x1080p_50_10b_pq_709	svtav1	svtav1_20200418_2a8747a_enc-mode0	60	59	0	795826.0	795.8259999999999	33.59966666666667	43.14316666666669	44.601666666666674	33.585547	43.143128	44.599375	77.82496381329263	2658006.0	44.3001	4084.05	1920	1080	50.0	10	a4178d9f523c76ee4c7771527fac846d	389eff8bc6b141d8de647ea1a1f13e80	1920	1080	23081.0	4.0	12408.0	24756.0	False	False	0.9796750754117965	0.9666232966581394
Netflix_Crosswalk_1920x1080_60fp	Netflix_Crosswalk_1920x1080_60fp	svtav1	svtav1_20200418_2a8747a_enc-mode0	60	20	0	7318816.0	7318.816	45.493333333333325	48.231	50.055	45.476516999999994	48.223941	50.045258	98.99778479924251	4807636.0	80.12726666666667	6983.48	1920	1080	60.0	8	5c15b09a39fd34677f0f33a552620c75	77fb0451a0b8eef2c48c27036a5559a8	1920	1080	10113.0	9.0	19379.0	25768.0	False	False	0.9975530366102855	0.9956452567024148
Netflix_Crosswalk_1920x1080_60fp	Netflix_Crosswalk_1920x1080_60fp	svtav1	svtav1_20200418_2a8747a_enc-mode0	60	32	0	3653432.0	3653.432	44.13899999999998	47.37316666666668	49.14349999999999	44.105842	47.361579	49.126589	95.48106292453946	3447190.0	57.45316666666667	5000.19	1920	1080	60.0	8	bf9e2a05ca93f423719d6bd87939a18b	c4d3ac42130b3ad3bee430e95b130228	1920	1080	10439.0	6.0	16300.0	24456.0	False	False	0.9957345306873322	0.9936514977890821
Netflix_Crosswalk_1920x1080_60fp	Netflix_Crosswalk_1920x1080_60fp	svtav1	svtav1_20200418_2a8747a_enc-mode0	60	43	0	1834432.0	1834.432	42.31416666666667	46.228833333333334	47.94833333333334	42.255894	46.217118	47.933455	88.8146045438571	2500261.0	41.67101666666667	3889.23	1920	1080	60.0	8	321efef6c333bb1f569437de0b6913b1	9ee4f5d82146a041edbf7252ae642db7	1920	1080	11149.0	4.0	16266.0	30865.0	False	False	0.9916157881418864	0.9896709607197328
Netflix_Crosswalk_1920x1080_60fp	Netflix_Crosswalk_1920x1080_60fp	svtav1	svtav1_20200418_2a8747a_enc-mode0	60	55	0	864176.0	864.176	39.66316666666666	44.44483333333333	46.06683333333333	39.585744	44.431542	46.052434	74.90830597381411	2036855.0	33.947583333333334	3168.44	1920	1080	60.0	8	363e4f2f8253f012383f40ba6be1374b	b95583b4b77ea245dc07922367956a65	1920	1080	10006.0	7.0	12945.0	25725.0	False	False	0.9805815885464351	0.9800596476321597
Netflix_Crosswalk_1920x1080_60fp	Netflix_Crosswalk_1920x1080_60fp	svtav1	svtav1_20200418_2a8747a_enc-mode0	60	59	0	615048.0	615.048	38.214500000000015	43.43866666666666	44.98383333333333	38.146351	43.425514	44.971613	65.34633745315227	2014918.0	33.581966666666666	2743.94	1920	1080	60.0	8	75e1a13c6fd396da8d0d6fbcf4bf5e2a	90d674c18c1f7aefe8ea54b59193db34	1920	1080	10100.0	5.0	12712.0	27997.0	False	False	0.9707852184772492	0.9720041241060483
shields_640x360_60f	shields_640x360_60f	svtav1	svtav1_20200418_2a8747a_enc-mode0	60	20	0	2271486.0	2271.486	42.404166666666676	45.51066666666667	47.20866666666666	42.26476	45.484739	47.136056	99.45531328890911	1233242.0	20.554033333333333	2193.85	640	360	50.0	8	ef8d6c073267a0fe48065273840fe437	d1d0178ca2e05f8c4489f5324a1a63dc	640	360	3516.0	4.0	1728.0	3229.0	False	False	0.9857744336128235	0.9982897383858256
shields_640x360_60f	shields_640x360_60f	svtav1	svtav1_20200418_2a8747a_enc-mode0	60	32	0	1206066.0	1206.066	40.60983333333334	43.916000000000004	45.53950000000001	40.405874	43.866926	45.420969	99.43914996334931	692681.0	11.544683333333333	1192.66	640	360	50.0	8	dd4f336a684951784931824c93ad8c68	bb34be00e6df810b3c34dc8d9818ade5	640	360	2339.0	5.0	1442.0	2927.0	False	False	0.9810474336147308	0.9976251661225042
shields_640x360_60f	shields_640x360_60f	svtav1	svtav1_20200418_2a8747a_enc-mode0	60	43	0	644293.0	644.293	38.0885	41.30399999999999	43.08816666666666	37.810931	41.21808	42.917958	99.4011771428694	608923.0	10.148716666666667	907.27	640	360	50.0	8	504b11687260792ede09e57c35c1b661	91e8016031b5480c6079d9b0e17d5505	640	360	3067.0	4.0	1237.0	3018.0	False	False	0.9700565566619237	0.9958462733852276
shields_640x360_60f	shields_640x360_60f	svtav1	svtav1_20200418_2a8747a_enc-mode0	60	55	0	328126.0	328.126	34.64066666666666	38.22716666666666	40.33200000000001	34.290275	38.067575	40.089206	95.79742745044156	490399.0	8.173316666666667	839.12	640	360	50.0	8	64346d7bb22fd66d7b12b51505cd9ea7	784b195edeb4adf48e587000951d4331	640	360	2567.0	3.0	1117.0	3192.0	False	False	0.9429282128810883	0.9904274179089024
shields_640x360_60f	shields_640x360_60f	svtav1	svtav1_20200418_2a8747a_enc-mode0	60	59	0	210900.0	210.9	32.1275	36.39616666666666	38.492500000000014	31.714168000000004	36.184799	38.252947	88.89055208119105	402019.0	6.700316666666667	589.15	640	360	50.0	8	6df7e93196c68629e7ed09b3b62483fc	9fc95a333b5bf1ed6d6cb575064d5537	640	360	2612.0	5.0	1093.0	2964.0	False	False	0.9071152955293655	0.9821247465721652
speed_bag_640x360_60f	speed_bag_640x360_60f	svtav1	svtav1_20200418_2a8747a_enc-mode0	60	20	0	467965.0	467.965	46.953500000000005	49.68350000000001	51.10916666666665	46.866564	49.614124999999994	51.044502	98.28511000505294	541097.0	9.018283333333333	959.78	640	360	29.97	8	2709dcceb0242d634bf72fcd8c39e623	71459476cdc2e21df7e42e9f2005c15d	640	360	1366.0	6.0	2279.0	2860.0	False	False	0.9888302117586136	0.9975050375144732
speed_bag_640x360_60f	speed_bag_640x360_60f	svtav1	svtav1_20200418_2a8747a_enc-mode0	60	32	0	250874.0	250.874	45.1185	48.379666666666665	49.912000000000006	44.966064	48.258588	49.793098	97.32325237988123	551932.0	9.198866666666667	938.95	640	360	29.97	8	54e055208968a051e4e333003550ba00	04590ee92459b0818b2f65c9c54cc2bf	640	360	1483.0	5.0	1440.0	2972.0	False	False	0.9857439508040746	0.9961642600346831
speed_bag_640x360_60f	speed_bag_640x360_60f	svtav1	svtav1_20200418_2a8747a_enc-mode0	60	43	0	139699.0	139.699	43.04316666666664	46.67849999999998	48.418166666666664	42.822197	46.557552	48.258196	94.93953708669483	693248.0	11.554133333333333	1138.01	640	360	29.97	8	9b944377c3283ce9bcf623b079eb02fe	4bdd68c91c8be8e5d402e1094c7b963f	640	360	2136.0	8.0	2363.0	11303.0	False	False	0.9816195627053579	0.9939174814604207
speed_bag_640x360_60f	speed_bag_640x360_60f	svtav1	svtav1_20200418_2a8747a_enc-mode0	60	55	0	70329.0	70.329	39.96283333333335	44.07800000000001	46.322666666666684	39.657111	43.94998	46.113126	85.83037268054177	349168.0	5.819466666666667	548.71	640	360	29.97	8	848aa546c3a3fd76bdbdbcbd8a6e1498	647d8e3c7574d228e0f151a66bf0b5d5	640	360	1484.0	4.0	1042.0	2990.0	False	False	0.9727489719788234	0.9884163973654083
speed_bag_640x360_60f	speed_bag_640x360_60f	svtav1	svtav1_20200418_2a8747a_enc-mode0	60	59	0	51472.0	51.472	38.015166666666666	42.39533333333334	45.25983333333333	37.784727	42.294373	45.046428	78.04294914272779	501946.0	8.365766666666667	693.97	640	360	29.97	8	de666aeca113d695ed358e29fa022b58	03f50cbb673dd340c7208c0968c592f3	640	360	1798.0	6.0	1905.0	5557.0	False	False	0.9651956200599671	0.9829856549077561
vidyo1_720p_60fps_60f	vidyo1_720p_60fps_60f	svtav1	svtav1_20200418_2a8747a_enc-mode0	60	20	0	3620992.0	3620.992	45.45866666666666	48.085833333333326	49.400333333333336	45.440186	48.079343	49.397926	96.47152320098286	2074613.0	34.576883333333335	3222.58	1280	720	60.0	8	ba6e40adbd228b7d9412af9849afb378	c5ab0611218f552df1cbc0f7fe45966e	1280	720	7356.0	21.0	3847.0	10578.0	False	False	0.9975138664245605	0.9968963003503091
vidyo1_720p_60fps_60f	vidyo1_720p_60fps_60f	svtav1	svtav1_20200418_2a8747a_enc-mode0	60	32	0	1407976.0	1407.976	43.96199999999999	47.57516666666666	48.778000000000006	43.95341700000001	47.572044	48.775072	95.13866338961932	920776.0	15.346266666666667	1610.78	1280	720	60.0	8	78f52e1089f6d71603f3100980760b2b	ac7fec86b80a43a7cc42431358ef742b	1280	720	5011.0	3.0	2517.0	10483.0	False	False	0.9960530608892441	0.9955032215406402
vidyo1_720p_60fps_60f	vidyo1_720p_60fps_60f	svtav1	svtav1_20200418_2a8747a_enc-mode0	60	43	0	687176.0	687.176	42.479833333333325	46.85883333333334	47.83550000000002	42.470567	46.856701	47.833118	93.01660304206888	1342642.0	22.377366666666667	2023.94	1280	720	60.0	8	2dc5e664d4a20878ac78a17297821dad	8d0fe5742502531db9be23859cc5919f	1280	720	7352.0	5.0	2862.0	14117.0	False	False	0.9940225650866826	0.9937086720568276
vidyo1_720p_60fps_60f	vidyo1_720p_60fps_60f	svtav1	svtav1_20200418_2a8747a_enc-mode0	60	55	0	319952.0	319.952	39.89816666666666	45.29916666666667	45.82816666666665	39.883066	45.298224	45.826496	87.13557341854973	724709.0	12.078483333333333	1091.72	1280	720	60.0	8	04941e36140d71422e45a69f35853ed5	0a3664baff599e7b69ce1d5168be037e	1280	720	5226.0	4.0	2147.0	11160.0	False	False	0.98744937479496	0.9883876234900187
vidyo1_720p_60fps_60f	vidyo1_720p_60fps_60f	svtav1	svtav1_20200418_2a8747a_enc-mode0	60	59	0	209840.0	209.84	37.92366666666668	43.86233333333334	44.18366666666666	37.913356	43.861524	44.18315	80.82551685435588	646160.0	10.769333333333334	941.17	1280	720	60.0	8	e58cb9146dfc02512c14e2bca0bc27bb	20b8d9a5678b8c72a329883e243394c4	1280	720	5585.0	3.0	2682.0	10962.0	False	False	0.9790208240350088	0.9816720984522908
vidyo4_720p_60fps_60f	vidyo4_720p_60fps_60f	svtav1	svtav1_20200418_2a8747a_enc-mode0	60	20	0	5076640.0	5076.64	44.22533333333333	49.97650000000003	50.27883333333334	44.185219	49.971071	50.274374	97.75791313757347	1754836.0	29.24726666666667	2834.79	1280	720	60.0	8	4127d79a2aaeb27e68d858049fd34547	0efc71840bd388d6aab950fc184e159a	1280	720	5027.0	3.0	4587.0	9721.0	False	False	0.9964440544446309	0.9956663714403728
vidyo4_720p_60fps_60f	vidyo4_720p_60fps_60f	svtav1	svtav1_20200418_2a8747a_enc-mode0	60	32	0	1778288.0	1778.288	42.75633333333334	49.32333333333334	49.626999999999995	42.708269	49.315793	49.620606	96.41303429856679	1663032.0	27.7172	2605.19	1280	720	60.0	8	4ba8f3d01510f5841bc8a4db54da8cd2	b3f0b8a7e1bf5fcaa89b170a6c2d1b66	1280	720	5908.0	3.0	3827.0	10644.0	False	False	0.9945850809415181	0.9938108521837262
vidyo4_720p_60fps_60f	vidyo4_720p_60fps_60f	svtav1	svtav1_20200418_2a8747a_enc-mode0	60	43	0	892064.0	892.064	41.383	48.408333333333324	48.676666666666634	41.322347	48.396583	48.665399	94.33541781125244	1006814.0	16.78023333333333	1481.3	1280	720	60.0	8	20370067cc8469281b427db22d69d99b	27e68d77c72b482a43fdd20abee35a21	1280	720	5149.0	3.0	3173.0	9831.0	False	False	0.9917214671770732	0.9912559233380709
vidyo4_720p_60fps_60f	vidyo4_720p_60fps_60f	svtav1	svtav1_20200418_2a8747a_enc-mode0	60	55	0	413864.0	413.864	39.076666666666675	46.64716666666665	46.804166666666674	39.009732	46.634601	46.792393999999994	88.88844520636334	796859.0	13.280983333333333	1163.8	1280	720	60.0	8	0ea9ff94f72b41f1a1cb658eb9c2d8d0	122bcb92afacb7134aa0441bfe014c41	1280	720	4986.0	4.0	3216.0	9811.0	False	False	0.983191575606664	0.9843904465529367
vidyo4_720p_60fps_60f	vidyo4_720p_60fps_60f	svtav1	svtav1_20200418_2a8747a_enc-mode0	60	59	0	268728.0	268.728	37.360666666666674	45.01366666666668	45.00416666666667	37.301631	45.003832	44.997888	83.24331686287525	1048229.0	17.470483333333334	1593.53	1280	720	60.0	8	2b112e9b61870ba0c3ace437450b878d	5c60b664e033f93846738b4e403af975	1280	720	5242.0	4.0	2773.0	12184.0	False	False	0.9730292280515035	0.9765127977859566
Sintel_Dragons_1920x816_24_10b	Sintel_Dragons_1920x816_24_10b	svtav1	svtav1_20200418_2a8747a_enc-mode0	60	20	0	5096368.0	5096.368	46.91316666666667	51.23783333333333	51.358166666666676	46.858916	51.212864	51.316564	99.91521001979933	4033133.0	67.21888333333334	6840.11	1920	816	24.0	10	8cc0172da03406cbf3d12e910549c6db	86500eafa2e64b04255f90be3f970ccd	1920	816	10514.0	3.0	15840.0	16164.0	False	False	0.9967229505379994	0.9968737644689026
Sintel_Dragons_1920x816_24_10b	Sintel_Dragons_1920x816_24_10b	svtav1	svtav1_20200418_2a8747a_enc-mode0	60	32	0	2580396.0	2580.396	43.70966666666665	48.682833333333356	48.73583333333334	43.66734	48.64785199999999	48.671349	99.87084635763928	3630535.0	60.508916666666664	6458.87	1920	816	24.0	10	14d898b78aad8b1871069f6d74fb11d0	992196fc0f2367d961c01969cb975ce4	1920	816	11074.0	7.0	13669.0	16427.0	False	False	0.9939145783583323	0.9943560151411308
Sintel_Dragons_1920x816_24_10b	Sintel_Dragons_1920x816_24_10b	svtav1	svtav1_20200418_2a8747a_enc-mode0	60	43	0	1348368.0	1348.368	40.744000000000014	46.2575	46.2995	40.692246	46.212124	46.220701	97.71510405301898	3857824.0	64.29706666666667	6463.86	1920	816	24.0	10	65268be8e4785c4ba115ce7f81752501	eb0a0ec9cecfae2f7d9a12cc9a899a4b	1920	816	11039.0	5.0	13831.0	17358.0	False	False	0.9882987469434739	0.989611247793854
Sintel_Dragons_1920x816_24_10b	Sintel_Dragons_1920x816_24_10b	svtav1	svtav1_20200418_2a8747a_enc-mode0	60	55	0	660988.0	660.988	37.386166666666675	43.37650000000001	43.51183333333334	37.347235	43.337098	43.439705	84.73706750528378	3577806.0	59.6301	6065.65	1920	816	24.0	10	407f24713e0e4856c58a7f4e3fbc7921	882d38290a3d62148af2c5642c063c84	1920	816	11456.0	4.0	12788.0	22021.0	False	False	0.975084442893664	0.9788895871430092
Sintel_Dragons_1920x816_24_10b	Sintel_Dragons_1920x816_24_10b	svtav1	svtav1_20200418_2a8747a_enc-mode0	60	59	0	467417.0	467.417	35.7155	41.879333333333335	42.09166666666667	35.682949	41.84615900000001	42.032015	75.28299852512625	3125723.0	52.09538333333333	4842.13	1920	816	24.0	10	454fc2df3110de576122ea047aa3dd58	9626583112a2f4989c3edf616fe5b964	1920	816	17033.0	14.0	21531.0	29006.0	False	False	0.9642978688081105	0.9702347701809746
Netflix_Aerial_1920x1080_60fps_8	Netflix_Aerial_1920x1080_60fps_8	svtav1	svtav1_20200418_2a8747a_enc-mode0	60	20	0	20618136.0	20618.136	42.65	45.54683333333333	45.28533333333334	42.616256	45.53202	45.278386	96.62962259204997	6380611.0	106.34351666666667	9751.27	1920	1080	60.0	8	8246080bd170403164abc98c4af58b34	3e6281161639fb2b51c83511b3f7d547	1920	1080	19307.0	19.0	16271.0	23496.0	False	False	0.9978911926349004	0.9964556942745956
Netflix_Aerial_1920x1080_60fps_8	Netflix_Aerial_1920x1080_60fps_8	svtav1	svtav1_20200418_2a8747a_enc-mode0	60	32	0	9651592.0	9651.592	40.50899999999999	44.219166666666666	44.32083333333333	40.428903	44.203266	44.31625900000001	94.2261260346533	3894579.0	64.90965	6724.62	1920	1080	60.0	8	cb8212e77fc2eecbd6c71ba2bf58f9d6	f5c4fa807f1f9d83196ab288ce4ae5c9	1920	1080	13970.0	60.0	13134.0	24308.0	False	False	0.9963211158911387	0.9940246846961862
Netflix_Aerial_1920x1080_60fps_8	Netflix_Aerial_1920x1080_60fps_8	svtav1	svtav1_20200418_2a8747a_enc-mode0	60	43	0	4756776.0	4756.776	38.09783333333334	42.64250000000001	43.18683333333333	37.99599	42.633503	43.184839	90.2999036820263	3121382.0	52.02303333333333	5149.38	1920	1080	60.0	8	0714a9e7ef3e57bf7c98158890bc5f98	7440c01197681887b63a133a5d94da2a	1920	1080	15418.0	8.0	21705.0	31552.0	False	False	0.9931650350491206	0.9890726423382127
Netflix_Aerial_1920x1080_60fps_8	Netflix_Aerial_1920x1080_60fps_8	svtav1	svtav1_20200418_2a8747a_enc-mode0	60	55	0	1688080.0	1688.0799999999997	34.28466666666665	40.143833333333326	41.51566666666669	34.250434	40.138823	41.508419	80.29317141454288	2240575.0	37.34291666666667	3398.16	1920	1080	60.0	8	aef6a688cb1311c93249ecf65b40b304	d53433eec0d82bdb286328aa1707b09f	1920	1080	13935.0	4.0	11178.0	25107.0	False	False	0.9818558722734452	0.9706125628354755
Netflix_Aerial_1920x1080_60fps_8	Netflix_Aerial_1920x1080_60fps_8	svtav1	svtav1_20200418_2a8747a_enc-mode0	60	59	0	888608.0	888.608	32.0955	38.926000000000016	40.81099999999999	32.086146	38.917753999999995	40.802182	70.04857918824383	2699216.0	44.98693333333333	4360.31	1920	1080	60.0	8	b369a582a5b3fb6849801ac67f403431	2f276009339a4c4c8f1e73215edeef8a	1920	1080	13188.0	5.0	11029.0	27990.0	False	False	0.9650620530049007	0.9453029385850085
Netflix_Boat_1920x1080_60fps_8bi	Netflix_Boat_1920x1080_60fps_8bi	svtav1	svtav1_20200418_2a8747a_enc-mode0	60	20	0	28583536.0	28583.536	43.645666666666685	45.99533333333334	47.69166666666668	43.61889800000001	45.961429	47.665481	99.91676023195492	5727553.0	95.45921666666666	9155.81	1920	1080	60.0	8	33a5417c5eb94a524b761a16edb2d428	6a4481943603eed4444f49cb69455297	1920	1080	13621.0	4.0	15984.0	25512.0	False	False	0.9993161112070084	0.9985793707413164
Netflix_Boat_1920x1080_60fps_8bi	Netflix_Boat_1920x1080_60fps_8bi	svtav1	svtav1_20200418_2a8747a_enc-mode0	60	32	0	15797944.0	15797.944	41.09783333333334	44.46116666666665	45.90266666666666	41.046745	44.41897099999999	45.878088	99.58041504910366	5269467.0	87.82445	8443.64	1920	1080	60.0	8	dee224b9dd5c6731513b6124d4245616	27dcc57b0a19b240b2764c2816e1d0f1	1920	1080	13549.0	3.0	12031.0	22500.0	False	False	0.998797748486201	0.9975782625614719
Netflix_Boat_1920x1080_60fps_8bi	Netflix_Boat_1920x1080_60fps_8bi	svtav1	svtav1_20200418_2a8747a_enc-mode0	60	43	0	8495896.0	8495.896	37.980333333333334	42.70766666666667	43.69066666666665	37.884283	42.671815	43.677852	95.72497697803097	4735865.0	78.93108333333333	6799.55	1920	1080	60.0	8	b53772dd1d03c12d05505f9526155a87	a7191c8fcc16e385d4c54e65610ab9c7	1920	1080	18960.0	4.0	11139.0	23537.0	False	False	0.9974386970202128	0.9949633158091181
Netflix_Boat_1920x1080_60fps_8bi	Netflix_Boat_1920x1080_60fps_8bi	svtav1	svtav1_20200418_2a8747a_enc-mode0	60	55	0	3642160.0	3642.1599999999994	33.6585	40.39299999999999	40.891666666666644	33.575114	40.361467999999995	40.888068	85.66476634561914	2835447.0	47.25745	4199.49	1920	1080	60.0	8	60125b114f1d27af7ffb1abebcce4100	6aad749757ea4de238fd973d62d7e94f	1920	1080	14210.0	8.0	11493.0	26326.0	False	False	0.991819221774737	0.9847049536564466
Netflix_Boat_1920x1080_60fps_8bi	Netflix_Boat_1920x1080_60fps_8bi	svtav1	svtav1_20200418_2a8747a_enc-mode0	60	59	0	2320264.0	2320.264	31.43366666666666	39.08733333333331	39.40866666666669	31.387897	39.066178	39.407364	77.33528814457131	2323986.0	38.7331	3510.51	1920	1080	60.0	8	9b1c38a5c433b33b447467101583c1e6	0392092e71eb0a914ad0228d2195f93d	1920	1080	13963.0	3.0	10386.0	24145.0	False	False	0.9842004825671514	0.9715646522777056
STARCRAFT_60f_420	STARCRAFT_60f_420	svtav1	svtav1_20200418_2a8747a_enc-mode0	60	20	0	6965024.0	6965.024	49.863166666666665	52.87299999999998	52.9365	49.853006	52.864566	52.931529	97.51823789261952	2309092.0	38.48486666666667	3432.41	1920	1080	60.0	8	70740277d8f44615b0157640e292f3c8	7c9bc6f0e82fb68465f25b7a3336bd77	1920	1080	15654.0	5.0	3442.0	23633.0	False	False	0.9995396723349889	0.999116888694627
STARCRAFT_60f_420	STARCRAFT_60f_420	svtav1	svtav1_20200418_2a8747a_enc-mode0	60	32	0	4314048.0	4314.048	47.02366666666667	50.96983333333335	51.16799999999999	47.004468	50.948186	51.157703	96.84750918961751	2034019.0	33.90031666666667	3299.58	1920	1080	60.0	8	6ab318e94d651a421d3427ca4c0a181b	6bf83fae0cb0a0f0a3f0e11921c3c7d2	1920	1080	11144.0	4.0	2986.0	25212.0	False	False	0.9990671177705129	0.998345920032251
STARCRAFT_60f_420	STARCRAFT_60f_420	svtav1	svtav1_20200418_2a8747a_enc-mode0	60	43	0	2421848.0	2421.848	43.432999999999986	48.31800000000001	48.57633333333332	43.410125	48.293583	48.564885	95.18997068891916	2317423.0	38.62371666666667	3403.08	1920	1080	60.0	8	9aac7964a9f46c19f83a2ab36acc9396	2cd7e67a2af81f41d25fc7c1fa0777dc	1920	1080	14488.0	5.0	3813.0	35053.0	False	False	0.997728634874026	0.996283018580521
STARCRAFT_60f_420	STARCRAFT_60f_420	svtav1	svtav1_20200418_2a8747a_enc-mode0	60	55	0	1043728.0	1043.728	38.53	44.54966666666666	44.667	38.507617	44.522014	44.649604	89.76574991101185	1259989.0	20.999816666666668	1953.81	1920	1080	60.0	8	808e64739fe1cb55649d7c4653e179d3	35537a6a0e2607720e7b7bc169337cab	1920	1080	11723.0	5.0	4463.0	24399.0	False	False	0.9921597570180893	0.9888636268291326
STARCRAFT_60f_420	STARCRAFT_60f_420	svtav1	svtav1_20200418_2a8747a_enc-mode0	60	59	0	603656.0	603.6560000000001	35.61566666666667	42.296499999999995	42.26849999999999	35.602731	42.277364	42.258191	82.71003719046	1555098.0	25.9183	2136.16	1920	1080	60.0	8	89752ff92341cca19eca04f260dc3afd	fb8d76f88b583caccc93311a17de478c	1920	1080	16057.0	5.0	3207.0	24535.0	False	False	0.983741952975591	0.9785852190418299
aspen_1080p_60f	aspen_1080p_60f	svtav1	svtav1_20200418_2a8747a_enc-mode0	60	20	0	7710526.0	7710.526	43.88833333333332	47.88250000000002	49.01433333333335	43.878766	47.880624	49.01205	97.72785244105911	5581031.0	93.01718333333334	9212.4	1920	1080	29.97	8	99230ed9e4e71647ce7bf4650682b7ef	837884464cd9d58a619660beb2b507a6	1920	1080	10828.0	5.0	17741.0	22897.0	False	False	0.995934808254242	0.992327073624081
aspen_1080p_60f	aspen_1080p_60f	svtav1	svtav1_20200418_2a8747a_enc-mode0	60	32	0	2324454.0	2324.454	42.038833333333336	46.9335	48.077166666666685	42.027808	46.929449	48.071605	93.78414171876722	4477319.0	74.62198333333333	7281.45	1920	1080	29.97	8	de4e397e0611ae3143c3396842b44efe	55728f1104dca1496d6d3f1170676e79	1920	1080	10014.0	6.0	13786.0	25130.0	False	False	0.993854433298111	0.9894721966949397
aspen_1080p_60f	aspen_1080p_60f	svtav1	svtav1_20200418_2a8747a_enc-mode0	60	43	0	1024250.0	1024.25	40.656666666666666	45.6585	46.75066666666667	40.635227	45.651992	46.744298	88.66570168817921	2857936.0	47.632266666666666	4634.48	1920	1080	29.97	8	5a2175d27f6c85fc44d8b46f1819b7a4	3657700f0d7ea22e48f7f72a22f94b0f	1920	1080	9079.0	5.0	11514.0	24587.0	False	False	0.9911119500796001	0.9863934301322383
aspen_1080p_60f	aspen_1080p_60f	svtav1	svtav1_20200418_2a8747a_enc-mode0	60	55	0	443476.0	443.476	38.4915	43.543833333333325	44.36983333333335	38.463525	43.536391	44.365758	78.4356860223363	2138962.0	35.649366666666666	3199.28	1920	1080	29.97	8	6e58af22f5d57380731924f21819a4a8	39f4295f413dc8056477ea96dea4bfea	1920	1080	9217.0	4.0	10780.0	24339.0	False	False	0.9841311752796174	0.9791225172485041
aspen_1080p_60f	aspen_1080p_60f	svtav1	svtav1_20200418_2a8747a_enc-mode0	60	59	0	290464.0	290.464	36.86583333333332	42.05649999999999	42.777333333333324	36.837599	42.050042	42.774386	68.60825600381231	1885385.0	31.423083333333334	2777.32	1920	1080	29.97	8	2b5b741d8a92ff4720a86b40bf2dd6cb	5b4e1903f1ccc122f275518debdb722b	1920	1080	9573.0	6.0	9578.0	24441.0	False	False	0.9747749129931133	0.970018408800137
red_kayak_360p_60f	red_kayak_360p_60f	svtav1	svtav1_20200418_2a8747a_enc-mode0	60	20	0	9086094.0	9086.094	41.11416666666667	44.69116666666665	49.25649999999998	41.076394	44.669322	49.247439	99.87401790482599	2204226.0	36.7371	3454.96	640	360	29.97	8	e4a68db0a88d835d81e7742548849e5e	09a6b95329dc23abb3fa9764fe731c46	640	360	2000.0	3.0	4289.0	3969.0	False	False	0.9724756260712941	0.9942799882026073
red_kayak_360p_60f	red_kayak_360p_60f	svtav1	svtav1_20200418_2a8747a_enc-mode0	60	32	0	5297606.0	5297.606	36.48516666666665	42.21816666666667	47.933166666666665	36.420272	42.19684	47.918503	99.64157804044378	2514238.0	41.90396666666667	4338.37	640	360	29.97	8	cb2c0f1a967ac3d98c337b97949da8a2	43a77405ef220f8bd81318ecd32b496c	640	360	2917.0	7.0	3448.0	3119.0	False	False	0.9399056196212768	0.9857493481435754
red_kayak_360p_60f	red_kayak_360p_60f	svtav1	svtav1_20200418_2a8747a_enc-mode0	60	43	0	2355448.0	2355.448	31.863999999999997	39.78816666666665	46.52783333333331	31.777916	39.763717	46.504225	86.15909363879281	1686764.0	28.112733333333335	2751.95	640	360	29.97	8	6e65f16f9d32ef34503ae4ee906bab2a	b66f526ca61b3e56513ff9f4120ebc20	640	360	2200.0	4.0	2871.0	2945.0	False	False	0.8695441077152888	0.9652259128564306
red_kayak_360p_60f	red_kayak_360p_60f	svtav1	svtav1_20200418_2a8747a_enc-mode0	60	55	0	703460.0	703.4600000000002	27.998500000000014	37.844666666666654	45.33266666666667	27.92779	37.826845	45.26524299999999	58.50958736993934	1564592.0	26.076533333333334	2582.09	640	360	29.97	8	84ae301afd1fd484081f6fdc02935de8	e7e66c159a9250b7729ee845611ec4ad	640	360	2717.0	6.0	2876.0	3092.0	False	False	0.7529087324937185	0.9178113973906247
red_kayak_360p_60f	red_kayak_360p_60f	svtav1	svtav1_20200418_2a8747a_enc-mode0	60	59	0	372907.0	372.907	26.808499999999995	37.298166666666674	44.75466666666666	26.752116	37.283371	44.647152	43.65807511585511	773381.0	12.889683333333334	1309.64	640	360	29.97	8	d96dda0ca1937ce8f53a0a744ae1a2af	04bdabf52ad691dc0dca09533e629828	640	360	2104.0	28.0	2237.0	2928.0	False	False	0.7035258263349533	0.8859127540156349
Cosmos1_1920x856_BT2100_PQ_24fps	Cosmos1_1920x856_BT2100_PQ_24fps	svtav1	svtav1_20200418_2a8747a_enc-mode0	60	20	0	22275868.0	22275.868	41.75933333333335	44.700833333333335	47.36316666666668	41.714832	44.681454	47.351719	99.22504887616294	9759416.0	162.65693333333334	15732.03	1920	856	24.0	10	ab5a1cf58e28416afbc4651ae70bf025	29d8e317eb32fa27dcec848ace8f9d7c	1920	856	18406.0	4.0	25308.0	17585.0	False	False	0.996623820066452	0.995871286254897
Cosmos1_1920x856_BT2100_PQ_24fps	Cosmos1_1920x856_BT2100_PQ_24fps	svtav1	svtav1_20200418_2a8747a_enc-mode0	60	32	0	8301632.0	8301.632	37.85483333333333	42.6985	45.807666666666684	37.823677	42.67475	45.792301	94.61297118062342	7341707.0	122.36178333333334	12471.09	1920	856	24.0	10	90eadc1135463858c12cf369d7e69ea0	0e6f74f77b4345abbc6f17425365816d	1920	856	18018.0	3.0	19243.0	17811.0	False	False	0.9914253294467926	0.990375741431768
Cosmos1_1920x856_BT2100_PQ_24fps	Cosmos1_1920x856_BT2100_PQ_24fps	svtav1	svtav1_20200418_2a8747a_enc-mode0	60	43	0	3198211.0	3198.211	35.23800000000001	41.133500000000005	44.49283333333332	35.200831	41.11051	44.48088500000001	83.8406563677061	6359064.0	105.9844	9501.77	1920	856	24.0	10	8d7d07e11cb8a2d3c4a4d7ba58c97a27	62ca063241b3d905c7f21591fe029904	1920	856	18006.0	5.0	16853.0	18666.0	False	False	0.9797185699144999	0.9796255683209945
Cosmos1_1920x856_BT2100_PQ_24fps	Cosmos1_1920x856_BT2100_PQ_24fps	svtav1	svtav1_20200418_2a8747a_enc-mode0	60	55	0	1151123.0	1151.123	32.378166666666665	39.37833333333332	42.66283333333332	32.338738	39.364311	42.658803	62.98247735148414	4873556.0	81.22593333333333	7915.92	1920	856	24.0	10	1135371a905ff99255aaece00284a07b	3b15029f4ea3dc8fb8db725d83e5a14a	1920	856	19245.0	8.0	14828.0	19419.0	False	False	0.9449387788772583	0.949992244856661
Cosmos1_1920x856_BT2100_PQ_24fps	Cosmos1_1920x856_BT2100_PQ_24fps	svtav1	svtav1_20200418_2a8747a_enc-mode0	60	59	0	704217.0	704.217	31.06883333333333	38.63716666666667	40.99849999999999	31.03527	38.626982	40.993957	51.14473925764676	4165935.0	69.43225	6789.52	1920	856	24.0	10	56e2b060339fa2d123ec410b6420afbd	9686af5469781e9ae76e72bfdf8400b2	1920	856	22977.0	8.0	13077.0	22106.0	False	False	0.9141924877961477	0.9247681258896948
Netflix_FoodMarket_1920x1080_60f	Netflix_FoodMarket_1920x1080_60f	svtav1	svtav1_20200418_2a8747a_enc-mode0	60	20	0	19785496.0	19785.496	40.94933333333333	44.78516666666666	45.54633333333333	40.941798	44.782346	45.545206	99.08990494946251	8130502.0	135.50836666666666	12350.79	1920	1080	60.0	8	9bf2903577470c35e130fc07bc2f2229	313ace1dd01b81d26583f8c456c22f6a	1920	1080	15164.0	4.0	20445.0	25349.0	False	False	0.9950298339128494	0.989460503839666
Netflix_FoodMarket_1920x1080_60f	Netflix_FoodMarket_1920x1080_60f	svtav1	svtav1_20200418_2a8747a_enc-mode0	60	32	0	6628344.0	6628.344	39.64783333333334	43.949	44.912	39.638906	43.942862	44.909696000000004	95.78277576640276	5996351.0	99.93918333333333	9874.19	1920	1080	60.0	8	5c036477e1ea2788cc586893628a1d85	381cf1bc7cd1aaefc268c7d4d6114a35	1920	1080	16637.0	5.0	13726.0	23418.0	False	False	0.9917169312636057	0.9847684234985803
Netflix_FoodMarket_1920x1080_60f	Netflix_FoodMarket_1920x1080_60f	svtav1	svtav1_20200418_2a8747a_enc-mode0	60	43	0	3204520.0	3204.52	38.23899999999998	43.01916666666668	44.12966666666666	38.221267	43.011922	44.126403	90.53250172123084	3972064.0	66.20106666666666	6127.23	1920	1080	60.0	8	8dbdd9b29e68fb72f80b33f3b755e610	52e4ddb4d4355dff3c48cc2a676f865e	1920	1080	17856.0	5.0	12948.0	23741.0	False	False	0.9862372726202011	0.9778867361038441
Netflix_FoodMarket_1920x1080_60f	Netflix_FoodMarket_1920x1080_60f	svtav1	svtav1_20200418_2a8747a_enc-mode0	60	55	0	1362112.0	1362.112	35.92566666666668	41.57866666666665	42.648166666666675	35.899915	41.569583	42.641653	77.79773887175631	2688588.0	44.8098	4008.99	1920	1080	60.0	8	0fdf3259b056af6e66fd0f4a978bcb38	47320d35d95d4dd210f4f3b1e3d6e4ff	1920	1080	12127.0	3.0	11085.0	24061.0	False	False	0.9677004814147949	0.9583894711175951
Netflix_FoodMarket_1920x1080_60f	Netflix_FoodMarket_1920x1080_60f	svtav1	svtav1_20200418_2a8747a_enc-mode0	60	59	0	872672.0	872.672	34.524333333333324	40.63200000000002	41.60800000000001	34.505599	40.624641	41.589207	67.31500502579465	3354350.0	55.905833333333334	4760.06	1920	1080	60.0	8	3efc89cd6a09eba88f4a8f898ce077b9	4d4d04a8d09acfec9fc9190a7c5f0a0c	1920	1080	16501.0	5.0	10920.0	29526.0	False	False	0.9475216279427211	0.9395137909717841
Netflix_SquareAndTimelapse_1920x	Netflix_SquareAndTimelapse_1920x	svtav1	svtav1_20200418_2a8747a_enc-mode0	60	20	0	19465360.0	19465.36	44.41533333333333	48.5975	47.73883333333333	44.399633	48.590365	47.727219	99.9067506453826	6673054.0	111.21756666666667	11328.48	1920	1080	60.0	8	47726d9aae29919f1d90ae4226c39f71	f0d14cd842e35fc98f4e1c76dea42948	1920	1080	12662.0	5.0	16712.0	23414.0	False	False	0.9991396417220434	0.9978195047674496
Netflix_SquareAndTimelapse_1920x	Netflix_SquareAndTimelapse_1920x	svtav1	svtav1_20200418_2a8747a_enc-mode0	60	32	0	11026752.0	11026.752	41.95683333333333	46.92233333333333	45.83116666666668	41.927561	46.90946900000001	45.811831	99.87226195767474	5893459.0	98.22431666666667	9418.03	1920	1080	60.0	8	9d6fdea29dc5299efa7711221fee518a	7a4aad279a0d62a5f96963dd3aad94ab	1920	1080	17158.0	6.0	15950.0	23346.0	False	False	0.9982332497835159	0.9960219859784746
Netflix_SquareAndTimelapse_1920x	Netflix_SquareAndTimelapse_1920x	svtav1	svtav1_20200418_2a8747a_enc-mode0	60	43	0	6045616.0	6045.616	39.08416666666667	45.047333333333334	43.703666666666685	39.032024	45.029153	43.6796	98.18011436822627	3422992.0	57.04986666666667	5982.41	1920	1080	60.0	8	e5449f2026c95b88e578f12b58f8012e	17fd07e32a9d19b4fb4e8d3c53e88bd3	1920	1080	13351.0	4.0	13519.0	24167.0	False	False	0.9958569516738256	0.9919626887907377
Netflix_SquareAndTimelapse_1920x	Netflix_SquareAndTimelapse_1920x	svtav1	svtav1_20200418_2a8747a_enc-mode0	60	55	0	2809200.0	2809.2	35.30866666666667	42.13233333333334	40.72033333333333	35.258795	42.11601699999999	40.698319	87.5024390051712	3703367.0	61.72278333333333	6143.33	1920	1080	60.0	8	d0e1bfc4b879d3c79b985a9f3b594b9a	a7c458628d2bfa466b546a55dbaf9c98	1920	1080	17343.0	5.0	12731.0	23730.0	False	False	0.9873589992523193	0.9796810238032111
Netflix_SquareAndTimelapse_1920x	Netflix_SquareAndTimelapse_1920x	svtav1	svtav1_20200418_2a8747a_enc-mode0	60	59	0	1839832.0	1839.832	33.23066666666668	40.22783333333334	38.87016666666666	33.203002	40.22286999999999	38.859885	78.01086423622316	2429731.0	40.49551666666667	4007.28	1920	1080	60.0	8	e14251d84fe8a428792a5a416b56450c	3587750eff92f973b2c7fb2aaf398472	1920	1080	12219.0	2.0	12175.0	24925.0	False	False	0.9767667810122173	0.9660874338570212
rush_hour_1080p25_60f	rush_hour_1080p25_60f	svtav1	svtav1_20200418_2a8747a_enc-mode0	60	20	0	5231750.0	5231.75	43.01566666666669	46.83133333333335	48.836999999999996	43.009103	46.829507	48.83542	96.83101820853109	7084570.0	118.07616666666667	10974.5	1920	1080	25.0	8	aff0689098da901045785e4118d318c3	28555aa3effe16893212913b73b6f90b	1920	1080	14826.0	4.0	18253.0	22463.0	False	False	0.9963564604520798	0.992394371687915
rush_hour_1080p25_60f	rush_hour_1080p25_60f	svtav1	svtav1_20200418_2a8747a_enc-mode0	60	32	0	2485553.0	2485.553	42.10950000000001	45.897333333333336	47.64866666666667	42.105533	45.892089000000006	47.64114299999999	92.95568657369468	5602206.0	93.3701	8606.87	1920	1080	25.0	8	93912adc55c8fdcf5d602e3f0ee60d74	0835d942a8757a9815f3b4ee6988dcaf	1920	1080	13401.0	11.0	16577.0	23555.0	False	False	0.9942157516876856	0.9903154489102785
rush_hour_1080p25_60f	rush_hour_1080p25_60f	svtav1	svtav1_20200418_2a8747a_enc-mode0	60	43	0	1182973.0	1182.9730000000002	40.74866666666665	44.699666666666666	46.141999999999975	40.742575	44.696423	46.13438800000001	85.7243585566454	4036023.0	67.26705	6485.09	1920	1080	25.0	8	c638f9da5d563e0122592c25db90e842	1836ba69289840502925ffcd83a32bcb	1920	1080	10400.0	3.0	14707.0	30008.0	False	False	0.9900830775499344	0.9866265738219491
rush_hour_1080p25_60f	rush_hour_1080p25_60f	svtav1	svtav1_20200418_2a8747a_enc-mode0	60	55	0	523973.0	523.973	38.60966666666666	43.03416666666667	44.13666666666666	38.587354	43.029448	44.122593	72.98308799884337	2628916.0	43.815266666666666	4212.39	1920	1080	25.0	8	071952ca46baecf1ad5382e6e9c9483b	12db85c2c5cb5d8ac86864cc3b781d7e	1920	1080	10157.0	5.0	11250.0	28411.0	False	False	0.9807971586783727	0.978767925486706
rush_hour_1080p25_60f	rush_hour_1080p25_60f	svtav1	svtav1_20200418_2a8747a_enc-mode0	60	59	0	357596.0	357.59600000000006	37.37816666666667	41.905833333333334	42.86366666666665	37.355741	41.901661	42.849912	65.13042653678613	2418779.0	40.312983333333335	3714.75	1920	1080	25.0	8	225a3b8fec0c9c12fb167aee5506c9a7	96192094fb93f844befbe818e5733b98	1920	1080	10872.0	6.0	10843.0	25955.0	False	False	0.9727601329485576	0.9721615255081715
life_1080p30_60f	life_1080p30_60f	svtav1	svtav1_20200418_2a8747a_enc-mode0	60	20	0	12446572.0	12446.572000000002	44.2955	49.54633333333335	49.1715	44.282845	49.536285	49.161727	99.48400355278899	6423393.0	107.05655	10151.36	1920	1080	30.0	8	aacd9a78cc35a80ecd8b6a55482bf0a6	6eab519d736646e03834b62788f74a02	1920	1080	14028.0	10.0	13795.0	23840.0	False	False	0.9991658767064412	0.9978441691048012
life_1080p30_60f	life_1080p30_60f	svtav1	svtav1_20200418_2a8747a_enc-mode0	60	32	0	5662104.0	5662.104	41.2965	47.34033333333333	47.04950000000003	41.283027999999995	47.322719	47.034131	97.63333278550644	4444170.0	74.0695	8080.41	1920	1080	30.0	8	22040249278730d757840c02f170d333	f3095a3e6c083e8b55a4e9d3622498a5	1920	1080	12400.0	4.0	12013.0	22898.0	False	False	0.9983844935894013	0.996065967762588
life_1080p30_60f	life_1080p30_60f	svtav1	svtav1_20200418_2a8747a_enc-mode0	60	43	0	2762752.0	2762.752	38.59450000000001	45.31649999999999	45.18816666666666	38.56974	45.287687	45.163946	94.35772922548419	4168282.0	69.47136666666667	6040.28	1920	1080	30.0	8	4eea01854f67e27ab5cd2abd25a5cc02	c0f50420dc48cac0b76b34a1a3f3ac15	1920	1080	17292.0	2.0	11003.0	23655.0	False	False	0.9965828428665797	0.9924290211415159
life_1080p30_60f	life_1080p30_60f	svtav1	svtav1_20200418_2a8747a_enc-mode0	60	55	0	1124968.0	1124.968	34.99183333333333	42.42883333333334	42.2365	34.974876	42.40634	42.217036	86.80320050954047	2739294.0	45.6549	4205.85	1920	1080	30.0	8	b47b44c7cc8df9e17755cd0908e3b5f9	ee2868bf409fb2f67f5cdf1ef53b3220	1920	1080	13845.0	3.0	9473.0	22918.0	False	False	0.9890498141447703	0.9781786323549109
life_1080p30_60f	life_1080p30_60f	svtav1	svtav1_20200418_2a8747a_enc-mode0	60	59	0	704000.0	704.0	33.316833333333335	40.841499999999996	40.44883333333334	33.307079	40.828542	40.43866	79.92551339251563	2934406.0	48.90676666666667	3986.23	1920	1080	30.0	8	26f5209f5f31e49b3593ddb9182095fc	36cc84e4a92a890cdfe6c52dc4baea1f	1920	1080	13247.0	4.0	10755.0	29542.0	False	False	0.9788531978925069	0.9625533660491276
touchdown_pass_1080p_60f	touchdown_pass_1080p_60f	svtav1	svtav1_20200418_2a8747a_enc-mode0	60	20	0	18449405.0	18449.404999999995	40.603166666666674	48.010499999999986	48.165500000000016	40.563161	48.003536000000004	48.158624	96.35043509974747	7188264.0	119.8044	11245.24	1920	1080	29.97	8	00e452015dc8bd6ac1606350a0b2f06a	42b687e7ede08fdd3f787fb100bead62	1920	1080	13015.0	2.0	23524.0	22996.0	False	False	0.9957310835520427	0.9907851671412538
touchdown_pass_1080p_60f	touchdown_pass_1080p_60f	svtav1	svtav1_20200418_2a8747a_enc-mode0	60	32	0	4422448.0	4422.448	38.67000000000001	47.31633333333332	47.44366666666668	38.655614	47.309799	47.437531	94.26776572346017	4517486.0	75.29143333333333	7345.15	1920	1080	29.97	8	b6af043af35495da798c1d21590be21a	480dab36c21d8679f672f73bdb03a71a	1920	1080	12176.0	3.0	13803.0	23001.0	False	False	0.9939052005608876	0.9867884825223834
touchdown_pass_1080p_60f	touchdown_pass_1080p_60f	svtav1	svtav1_20200418_2a8747a_enc-mode0	60	43	0	1992319.0	1992.319	37.42883333333334	46.34016666666668	46.39283333333331	37.409076	46.335155	46.386571	91.16542078057321	3584188.0	59.736466666666665	5276.82	1920	1080	29.97	8	081744730dca6049f65885f3c1172ee0	a4b8388208205eb2074b53fa4deec981	1920	1080	17113.0	20.0	11680.0	23658.0	False	False	0.9913300464550654	0.9821592052202771
touchdown_pass_1080p_60f	touchdown_pass_1080p_60f	svtav1	svtav1_20200418_2a8747a_enc-mode0	60	55	0	803079.0	803.079	35.046	44.42766666666666	44.482000000000006	35.019764	44.423506	44.475252	81.84425374952146	3083634.0	51.3939	4427.2	1920	1080	29.97	8	a7814e8228b75fd1addfc4ab544b98b6	acef3caaaefcfcd4a478f1c1c25d6479	1920	1080	18218.0	3.0	10442.0	24186.0	False	False	0.9788270235061646	0.963103190660245
touchdown_pass_1080p_60f	touchdown_pass_1080p_60f	svtav1	svtav1_20200418_2a8747a_enc-mode0	60	59	0	490774.0	490.774	33.37050000000001	43.40133333333332	43.510999999999996	33.344816	43.39957	43.505784999999996	72.03525492599147	2253833.0	37.56388333333334	3451.33	1920	1080	29.97	8	65d17bdc1d1f0375140094e9135c6e77	fb6292af08a20f5eb5060636ebb3fed2	1920	1080	13109.0	8.0	9414.0	24776.0	False	False	0.9538565824429194	0.9337013178690691
ducks_1920x1080_50fps_10b	ducks_1920x1080_50fps_10b	svtav1	svtav1_20200418_2a8747a_enc-mode0	60	20	0	111021326.0	111021.32600000002	38.970000000000006	39.05349999999999	41.27899999999998	38.853682	39.033012	41.275804	98.61929823992345	14418250.0	240.30416666666667	27561.25	1920	1080	50.0	10	f1e8f2124a78602116685822495589ef	4c2686b74a94083e90c23ee206294dec	1920	1080	22435.0	3.0	39729.0	23621.0	False	False	0.9988009323676427	0.9958411741502432
ducks_1920x1080_50fps_10b	ducks_1920x1080_50fps_10b	svtav1	svtav1_20200418_2a8747a_enc-mode0	60	32	0	27231426.0	27231.426	34.95533333333333	36.699166666666656	39.763000000000005	34.94723	36.693642	39.758746	93.07482032405603	11335030.0	188.91716666666667	19215.97	1920	1080	50.0	10	2363ba0d8a7175cc4063d421756eca38	83095b1f9f12eb5ec513901742a40b87	1920	1080	22236.0	4.0	27261.0	23275.0	False	False	0.9964038908481598	0.9895776476438186
ducks_1920x1080_50fps_10b	ducks_1920x1080_50fps_10b	svtav1	svtav1_20200418_2a8747a_enc-mode0	60	43	0	9803626.0	9803.626	32.97483333333333	34.8805	38.42616666666666	32.968352	34.856107	38.420937	84.14091434057102	7982254.0	133.03756666666666	12878.7	1920	1080	50.0	10	3d5f659b50a68b32e56b4a3f6c412def	4c366a218e858a8fcec8f8e7bd3ff154	1920	1080	23428.0	8.0	23049.0	24869.0	False	False	0.990775446097056	0.9810372770590146
ducks_1920x1080_50fps_10b	ducks_1920x1080_50fps_10b	svtav1	svtav1_20200418_2a8747a_enc-mode0	60	55	0	3486226.0	3486.226	30.421333333333333	32.84700000000001	37.18316666666668	30.402086	32.814267	37.179627	66.75710780027136	5492051.0	91.53418333333333	9024.61	1920	1080	50.0	10	39ed7bfe172d98a95be04a1a407a1831	86680a06182d137dbafb90ef280c86d6	1920	1080	23405.0	10.0	18725.0	24628.0	False	False	0.9736341009537379	0.9597043789478694
ducks_1920x1080_50fps_10b	ducks_1920x1080_50fps_10b	svtav1	svtav1_20200418_2a8747a_enc-mode0	60	59	0	2245246.0	2245.246	29.23233333333334	32.00566666666668	36.57649999999999	29.21086	31.980562	36.576022	57.10861266805929	4512226.0	75.20376666666667	7468.7	1920	1080	50.0	10	e169163fe070be7ad0de8b4f682f27e9	d1c129897ea1e623156cdef0491e7c92	1920	1080	22317.0	17.0	16118.0	24368.0	False	False	0.9597561289866765	0.9439200454996765
Netflix_TunnelFlag_1920x1080_60f	Netflix_TunnelFlag_1920x1080_60f	svtav1	svtav1_20200418_2a8747a_enc-mode0	60	20	0	26941968.0	26941.968	42.70866666666668	46.69266666666666	48.24000000000002	42.697862	46.686631	48.234869	99.91155012332136	5781280.0	96.35466666666666	10652.49	1920	1080	60.0	8	d20e170596be401dcf2ee7cce41656b7	af5612981549bf134d1127599eb61f54	1920	1080	12245.0	3.0	20341.0	22800.0	False	False	0.9985987703005473	0.9964544389585187
Netflix_TunnelFlag_1920x1080_60f	Netflix_TunnelFlag_1920x1080_60f	svtav1	svtav1_20200418_2a8747a_enc-mode0	60	32	0	13266960.0	13266.96	40.332	45.129166666666656	47.04049999999999	40.31126299999999	45.12250099999999	47.032277	99.8716274569554	5985372.0	99.7562	9867.49	1920	1080	60.0	8	8ab9f7e4c9f2f20f7d84ee73af40fb00	b8331169ee101bbb741a22af23aa7f09	1920	1080	12702.0	3.0	17801.0	24550.0	False	False	0.9974431822697322	0.994023494730469
Netflix_TunnelFlag_1920x1080_60f	Netflix_TunnelFlag_1920x1080_60f	svtav1	svtav1_20200418_2a8747a_enc-mode0	60	43	0	6564728.0	6564.728	37.840833333333336	43.21433333333333	45.561166666666644	37.801511	43.208901	45.553568	99.84660067915004	4616534.0	76.94223333333333	7927.98	1920	1080	60.0	8	565ef0b4096d3554d2322b0ddf2c55db	427b73a67d79ad7c4c3fc8fb9176841e	1920	1080	12711.0	2.0	15997.0	24151.0	False	False	0.9950645804405213	0.989746171791544
Netflix_TunnelFlag_1920x1080_60f	Netflix_TunnelFlag_1920x1080_60f	svtav1	svtav1_20200418_2a8747a_enc-mode0	60	55	0	3122632.0	3122.632	34.97249999999999	40.42249999999999	43.2455	34.938051	40.420436	43.240452	99.7599983210559	3477113.0	57.951883333333335	5356.22	1920	1080	60.0	8	ab302a2d8f12cf0ec374b461a17a2ad9	ba585a36675e9c85e0c05aedc13613a1	1920	1080	13065.0	4.0	22938.0	26616.0	False	False	0.99051400522391	0.9832270897571231
Netflix_TunnelFlag_1920x1080_60f	Netflix_TunnelFlag_1920x1080_60f	svtav1	svtav1_20200418_2a8747a_enc-mode0	60	59	0	2306304.0	2306.3039999999996	33.575166666666654	39.33849999999999	42.035166666666676	33.55229	39.336589	42.031549	99.57411337100724	3173352.0	52.8892	4906.94	1920	1080	60.0	8	e2ce5b938b209554da96be38e5601864	885bb9caf156f679a579b810e4944565	1920	1080	13174.0	5.0	14534.0	24253.0	False	False	0.9872145334879557	0.9792177190513299
ducks_take_off_1080p50_60f	ducks_take_off_1080p50_60f	svtav1	svtav1_20200418_2a8747a_enc-mode0	60	20	0	106708900.0	106708.9	38.69016666666664	38.81883333333333	41.09100000000001	38.590774	38.800353	41.088605	98.4216094819142	16985670.0	283.0945	27773.73	1920	1080	50.0	8	8ff46f1c27df2112ae90039a7d05214f	5e38e08ca09bb993f60ca044842ed493	1920	1080	22174.0	5.0	34619.0	24472.0	False	False	0.9987290938695271	0.9956074184908544
ducks_take_off_1080p50_60f	ducks_take_off_1080p50_60f	svtav1	svtav1_20200418_2a8747a_enc-mode0	60	32	0	28050766.0	28050.766	34.95066666666666	36.66933333333331	39.67800000000001	34.940324	36.66367	39.674605	93.1614421329096	11012816.0	183.54693333333333	17855.9	1920	1080	50.0	8	e8dfc2219cef67960dd9ca603e9bec52	24edcaa5626657568ccdbc004adc86f5	1920	1080	17302.0	4.0	26300.0	23297.0	False	False	0.9964250008265177	0.9896152078634018
ducks_take_off_1080p50_60f	ducks_take_off_1080p50_60f	svtav1	svtav1_20200418_2a8747a_enc-mode0	60	43	0	9800420.0	9800.42	32.93983333333333	34.81300000000001	38.312666666666665	32.934351	34.788875	38.307171	84.18454633482239	7317708.0	121.9618	11128.78	1920	1080	50.0	8	24ceab3e615df064849c5c8cb01a828b	d663c6085477bef8b24d1782444b28bd	1920	1080	17143.0	4.0	22198.0	24642.0	False	False	0.9907557636499404	0.9809899396322519
ducks_take_off_1080p50_60f	ducks_take_off_1080p50_60f	svtav1	svtav1_20200418_2a8747a_enc-mode0	60	55	0	3466493.0	3466.493	30.39249999999999	32.80800000000001	37.07466666666666	30.373539	32.775326	37.070895	66.7751446783067	3430417.0	57.17361666666667	5312.27	1920	1080	50.0	8	55bae571b79b7d3a38a057a4017f7ec7	e015a49becccb2f7d28dfdd5f1d64c52	1920	1080	16554.0	3.0	16438.0	23021.0	False	False	0.9736367851495743	0.9596702171605211
ducks_take_off_1080p50_60f	ducks_take_off_1080p50_60f	svtav1	svtav1_20200418_2a8747a_enc-mode0	60	59	0	2235700.0	2235.7	29.20866666666667	31.94216666666666	36.48283333333333	29.187778	31.918063	36.481198	57.19095006278044	3437672.0	57.294533333333334	5285.63	1920	1080	50.0	8	45fc7cd59f2bb8140435525f30f086fb	466d22e802291bb427f0a5c7cd8d2058	1920	1080	19230.0	4.0	18401.0	27344.0	False	False	0.959706179300944	0.9438220694699537
wikipedia_420	wikipedia_420	svtav1	svtav1_20200418_2a8747a_enc-mode0	60	20	0	1189876.0	1189.876	51.82383333333332	52.226166666666686	52.984000000000016	51.735686	52.100145	52.937834	99.83322061556359	4396661.0	73.27768333333333	6091.4	1920	1080	30.0	8	c9fb8ad20164f2746db1aad331454fc5	6393ae6c99c30bed2214d5baaa86d8ad	1920	1080	10012.0	4.0	2947.0	23414.0	False	False	0.9991592218478521	0.9986405695034043
wikipedia_420	wikipedia_420	svtav1	svtav1_20200418_2a8747a_enc-mode0	60	32	0	724860.0	724.86	49.17383333333334	49.728	50.93250000000001	49.141313	49.597312	50.892375	99.79830993622562	3966701.0	66.11168333333333	6280.66	1920	1080	30.0	8	5c234a4691a3b668826c8adc4415c2f7	c91383027d4e8cf00367b6200d3b3d85	1920	1080	8577.0	3.0	2326.0	23296.0	False	False	0.9987289438645045	0.9979965180311079
wikipedia_420	wikipedia_420	svtav1	svtav1_20200418_2a8747a_enc-mode0	60	43	0	516420.0	516.42	46.547999999999995	47.22866666666667	48.523166666666675	46.529206	47.157369	48.48754900000001	99.74537932078212	4416577.0	73.60961666666667	5655.63	1920	1080	30.0	8	de9505de47fdddb660a3dfd3ff08fb8d	21e651aa06d5618ab124afeb1a9e5b4f	1920	1080	12324.0	4.0	2576.0	23151.0	False	False	0.9984442720810572	0.9976678150360667
wikipedia_420	wikipedia_420	svtav1	svtav1_20200418_2a8747a_enc-mode0	60	55	0	370192.0	370.192	42.15716666666667	44.643499999999996	45.963499999999996	42.137081	44.611035	45.918503	99.46243150242692	3855959.0	64.26598333333334	5476.75	1920	1080	30.0	8	f28e00a543dd0c02b1adc5d65795ccac	83d4677007b85da650ccf72a1ceaf07e	1920	1080	8512.0	3.0	2365.0	23625.0	False	False	0.9977415422598521	0.9968344110796592
wikipedia_420	wikipedia_420	svtav1	svtav1_20200418_2a8747a_enc-mode0	60	59	0	320976.0	320.976	40.15066666666668	43.49366666666668	44.69366666666669	40.133858	43.46642	44.636417	99.17443900032755	3403362.0	56.7227	5226.28	1920	1080	30.0	8	8b8213f5afd1ac29852ef2197199916c	f34d2861b56b5064912e6c91803f33d3	1920	1080	8793.0	4.0	2299.0	22776.0	False	False	0.9969635725021362	0.9959964144763814
ToddlerFountn_1920x1080_2997_10b	ToddlerFountn_1920x1080_2997_10b	svtav1	svtav1_20200418_2a8747a_enc-mode0	60	20	0	56533601.0	56533.601	41.13316666666667	46.28316666666665	43.693	41.127417	46.282013	43.691537	99.85553639951294	16257268.0	270.9544666666667	29266.16	1920	1080	29.97	10	d472afa8d3264efe33f82f01d711ed2a	37b08dfdfcabb4cc5adb52f15a8df681	1920	1080	23743.0	4.0	30112.0	21935.0	False	False	0.9975888083378474	0.9948704144643289
ToddlerFountn_1920x1080_2997_10b	ToddlerFountn_1920x1080_2997_10b	svtav1	svtav1_20200418_2a8747a_enc-mode0	60	32	0	27697379.0	27697.379	36.91733333333334	44.77416666666667	41.757333333333335	36.908538	44.772596	41.75589	99.73631679907628	15529717.0	258.8286166666667	27930.93	1920	1080	29.97	10	f36c18000f2deb7e53dd2cde5a32fb14	e49bfaf1f778d3b184ef99a32912ccfb	1920	1080	23056.0	2.0	25391.0	22042.0	False	False	0.9926712403694788	0.9858537236235578
ToddlerFountn_1920x1080_2997_10b	ToddlerFountn_1920x1080_2997_10b	svtav1	svtav1_20200418_2a8747a_enc-mode0	60	43	0	12110070.0	12110.07	33.32683333333334	43.245833333333344	40.29783333333332	33.298209	43.243071	40.295075	89.42533080586082	13070888.0	217.84813333333332	20808.27	1920	1080	29.97	10	9c258fe12a37ae368f8e91583b9fca16	3ef439b73fead25b1b532e2119f3a3e8	1920	1080	22585.0	3.0	24102.0	26462.0	False	False	0.9787110179662705	0.9646889042477705
ToddlerFountn_1920x1080_2997_10b	ToddlerFountn_1920x1080_2997_10b	svtav1	svtav1_20200418_2a8747a_enc-mode0	60	55	0	4430514.0	4430.514	30.03616666666667	41.6425	39.079666666666675	30.006755	41.640561	39.07733	66.96065335734353	9191381.0	153.18968333333333	15258.47	1920	1080	29.97	10	7311bd43bf7fd5da598dbb1d8240e0d0	828dbd763d60ba82e4c71d61a4a6d371	1920	1080	22963.0	33.0	20401.0	24117.0	False	False	0.9379999061425527	0.9165962069152099
ToddlerFountn_1920x1080_2997_10b	ToddlerFountn_1920x1080_2997_10b	svtav1	svtav1_20200418_2a8747a_enc-mode0	60	59	0	2781215.0	2781.2150000000006	28.814166666666676	40.96983333333334	38.63083333333335	28.788739	40.96818	38.629545	55.55759426510306	7189066.0	119.81776666666667	11767.82	1920	1080	29.97	10	e7e7bf3e51e431f638c05e359bf899c8	88e977ae672bc1e96e592153f05aa2d5	1920	1080	22624.0	3.0	18744.0	23893.0	False	False	0.9096561054388682	0.8878503101633578
MINECRAFT_60f_420	MINECRAFT_60f_420	svtav1	svtav1_20200418_2a8747a_enc-mode0	60	20	0	86228144.0	86228.144	43.324166666666684	45.748666666666665	46.324166666666656	43.049993	45.605322	46.200059	99.9571758504864	7931736.0	132.1956	13474.82	1920	1080	60.0	8	456694bcf070061d076e132e447c1cc7	25b9ea16f00ac55ea48e640ac95f643d	1920	1080	18336.0	3.0	26365.0	24053.0	False	False	0.9981716910998026	0.9969390660743845
MINECRAFT_60f_420	MINECRAFT_60f_420	svtav1	svtav1_20200418_2a8747a_enc-mode0	60	32	0	45466144.0	45466.144	38.20799999999999	43.66783333333332	44.188833333333335	37.953414	43.554141	44.084037	99.88739100184881	9271313.0	154.52188333333334	14734.94	1920	1080	60.0	8	7b3897bf8ea7a7a0e7b1fd18c427914e	13c1c508b46f25d6af34ce3505eae75b	1920	1080	14037.0	3.0	21682.0	22813.0	False	False	0.9946203619241715	0.9908249361168543
MINECRAFT_60f_420	MINECRAFT_60f_420	svtav1	svtav1_20200418_2a8747a_enc-mode0	60	43	0	18065952.0	18065.952	33.94516666666666	41.73483333333331	42.074666666666666	33.711211	41.63438899999999	41.965007	94.4860222606961	7318577.0	121.97628333333333	11536.82	1920	1080	60.0	8	4c19358d0bec476c979894f0dcdb9ed4	29b79cce3f5079c017064c668cc12828	1920	1080	14022.0	2.0	15777.0	22588.0	False	False	0.9846563518047333	0.9749888853823904
MINECRAFT_60f_420	MINECRAFT_60f_420	svtav1	svtav1_20200418_2a8747a_enc-mode0	60	55	0	6377616.0	6377.616	30.698000000000004	39.62283333333333	39.562666666666665	30.512577	39.532198	39.441825	77.9697725913837	7113512.0	118.55853333333333	10448.22	1920	1080	60.0	8	1008875d538bfe05fc306302a241a60e	8926924ae61b438705888f129b63d2e7	1920	1080	16425.0	3.0	11453.0	22678.0	False	False	0.9551308542490006	0.9364647193480863
MINECRAFT_60f_420	MINECRAFT_60f_420	svtav1	svtav1_20200418_2a8747a_enc-mode0	60	59	0	4420752.0	4420.7519999999995	29.726999999999993	38.79600000000001	38.72549999999998	29.573807	38.717927	38.619845000000005	70.26392533237873	6932461.0	115.54101666666666	9424.33	1920	1080	60.0	8	d324b86873f14a0c23cddc667abd2727	c84191c0de868965863909b49b24e6f9	1920	1080	18677.0	5.0	10691.0	23337.0	False	False	0.9340272386868794	0.9133573639477726
