KristenAndSara_1280x720_60_10b	KristenAndSara_1280x720_60_10b	svtav1	svtav1_20200602_88c125c_enc-mode0	60	20	0	3084768.0	3084.7680000000005	44.88950000000001	49.57483333333334	50.58433333333334	44.881967	49.572652	50.582755	97.07071613858417	1997074.0	33.28456666666667	3270.06	1280	720	60.0	10	2f7a107097fe17ce239ddfb52525c840	0b5af0e796c9ee9d4d709c59b6774ed5	1280	720	8385.0	22.0	4826.0	9973.0	False	False	0.9963205635547638	0.9957439970314573
KristenAndSara_1280x720_60_10b	KristenAndSara_1280x720_60_10b	svtav1	svtav1_20200602_88c125c_enc-mode0	60	32	0	1241960.0	1241.96	43.687999999999995	48.76800000000001	49.77300000000001	43.675016	48.76452	49.769976	96.22337178031053	1809769.0	30.162816666666668	3253.54	1280	720	60.0	10	a82c15b2127c59ec68c272916c93c110	3e6156343f595baecbbe3e4c8d0ae051	1280	720	8231.0	3.0	3568.0	10094.0	False	False	0.9951203862826029	0.994643678057993
KristenAndSara_1280x720_60_10b	KristenAndSara_1280x720_60_10b	svtav1	svtav1_20200602_88c125c_enc-mode0	60	43	0	661144.0	661.144	42.27083333333333	47.583333333333336	48.57383333333333	42.24868	47.578156	48.568859	94.59393198564422	1196584.0	19.943066666666667	2021.82	1280	720	60.0	10	23f7f4f9e914fa4dfb38227e8f2a96c9	6e92d138f5ceafd2ce9883269085a62c	1280	720	7805.0	4.0	3414.0	9954.0	False	False	0.9928717871507009	0.9927456327551171
KristenAndSara_1280x720_60_10b	KristenAndSara_1280x720_60_10b	svtav1	svtav1_20200602_88c125c_enc-mode0	60	55	0	298344.0	298.344	39.474833333333336	44.864	46.10149999999999	39.445368	44.856059	46.094919	89.38878281771177	936287.0	15.604783333333334	1484.96	1280	720	60.0	10	29175aac90816cf5c81abb97a932acea	ee730d258200518c831548cede22483f	1280	720	8256.0	3.0	2649.0	9820.0	False	False	0.9854343543450038	0.9867287524561165
KristenAndSara_1280x720_60_10b	KristenAndSara_1280x720_60_10b	svtav1	svtav1_20200602_88c125c_enc-mode0	60	59	0	191592.0	191.592	37.45016666666666	43.18233333333331	44.20133333333332	37.425641	43.175216	44.193655	83.26759047523949	826040.0	13.767333333333333	1404.8	1280	720	60.0	10	2331c35c99634c599428855a9aa46478	d3720803224af736db9e6c11148f67ce	1280	720	8547.0	4.0	2407.0	10098.0	False	False	0.9770520100990931	0.9800811967353251
KristenAndSara_1280x720_60f	KristenAndSara_1280x720_60f	svtav1	svtav1_20200602_88c125c_enc-mode0	60	20	0	3046512.0	3046.512	44.581	48.956666666666656	49.86616666666668	44.574579	48.95413	49.863994	96.91848641434993	1906010.0	31.766833333333334	3303.7	1280	720	60.0	8	932b0671af95ee8edfdc28407b450f67	16747f49ea0422fa04ea3be14f9f8a69	1280	720	5195.0	4.0	4588.0	10545.0	False	False	0.9959733913342158	0.9954249835126652
KristenAndSara_1280x720_60f	KristenAndSara_1280x720_60f	svtav1	svtav1_20200602_88c125c_enc-mode0	60	32	0	1309904.0	1309.904	43.523999999999994	48.31833333333334	49.20933333333335	43.511394	48.31511	49.206522	96.08347040239929	1372600.0	22.876666666666665	2220.93	1280	720	60.0	8	1a3b49cb980b7153a18b973e4d1ff940	04811502728be1e709dd4d0c7d815805	1280	720	5723.0	9.0	3356.0	11244.0	False	False	0.9948032855987549	0.994365397063134
KristenAndSara_1280x720_60f	KristenAndSara_1280x720_60f	svtav1	svtav1_20200602_88c125c_enc-mode0	60	43	0	674704.0	674.704	42.11683333333334	47.21716666666667	48.09933333333333	42.095496	47.212824	48.095233	94.45116038333147	1017141.0	16.95235	1762.49	1280	720	60.0	8	b4bad55f2e63be63580013b6af342340	f52bbdae17f8441abd14375fd7e3aa68	1280	720	5278.0	8.0	2906.0	10015.0	False	False	0.9924586762984594	0.992384390282627
KristenAndSara_1280x720_60f	KristenAndSara_1280x720_60f	svtav1	svtav1_20200602_88c125c_enc-mode0	60	55	0	298144.0	298.144	39.349999999999994	44.763000000000005	45.80033333333335	39.320559	44.755074	45.794054	89.12566575315013	747710.0	12.461833333333333	1310.56	1280	720	60.0	8	088c96f3990e75419c0532b17fd3ff13	0a420c6e7cc15610ac1a5ccea99a3400	1280	720	5507.0	9.0	2441.0	10135.0	False	False	0.9848351756731669	0.986226209604849
KristenAndSara_1280x720_60f	KristenAndSara_1280x720_60f	svtav1	svtav1_20200602_88c125c_enc-mode0	60	59	0	196072.0	196.072	37.47633333333336	43.08050000000001	44.21633333333333	37.456293	43.075146	44.211097	83.69055026413226	738739.0	12.312316666666666	1194.55	1280	720	60.0	8	a33ce4d7f4dba85f75daedc883c098c0	b505017b004e074c8d158ee733ea9fa9	1280	720	5192.0	4.0	2264.0	9849.0	False	False	0.977309716741244	0.9802151306742183
DinnerScene_1920x1080_2997_10b	DinnerScene_1920x1080_2997_10b	svtav1	svtav1_20200602_88c125c_enc-mode0	60	20	0	1302366.0	1302.3659999999998	41.79683333333332	42.659833333333346	47.53000000000001	41.795869	42.65665	47.529588	91.44181572066277	3806237.0	63.43728333333333	6053.55	1920	1080	29.97	10	5a409e267caf3ef10c4c8cb605e12066	dff9bda28846a99c23da30252151d82b	1920	1080	26812.0	9.0	17090.0	25585.0	False	False	0.9941495329141616	0.9882333393320926
DinnerScene_1920x1080_2997_10b	DinnerScene_1920x1080_2997_10b	svtav1	svtav1_20200602_88c125c_enc-mode0	60	32	0	262688.0	262.688	41.607666666666674	42.28266666666665	47.36083333333333	41.606916	42.282409	47.361304	89.63180402116362	2981460.0	49.691	5116.75	1920	1080	29.97	10	53ba520520142b1676ca9af85274241d	c33ccee7970495a72c60e82bf52a064b	1920	1080	20726.0	4.0	9247.0	23163.0	False	False	0.9933627317349116	0.9874458689303701
DinnerScene_1920x1080_2997_10b	DinnerScene_1920x1080_2997_10b	svtav1	svtav1_20200602_88c125c_enc-mode0	60	43	0	132111.0	132.111	41.29616666666664	42.16566666666668	47.05599999999999	41.295791	42.165294	47.055241	85.89905185147391	2305725.0	38.42875	3735.12	1920	1080	29.97	10	e6a11e04f55bce9845b612eb3426d9c9	4cdf0aef3cf48caba4dc9c369e255778	1920	1080	20102.0	3.0	8412.0	23451.0	False	False	0.9921231796344121	0.9862478365002889
DinnerScene_1920x1080_2997_10b	DinnerScene_1920x1080_2997_10b	svtav1	svtav1_20200602_88c125c_enc-mode0	60	55	0	66824.0	66.824	40.5645	41.89083333333333	46.54199999999996	40.559601	41.890747	46.53955800000001	77.55954239330845	1847289.0	30.78815	3140.34	1920	1080	29.97	10	cd52e7a3e969f7d81bf14f1ee0f7e3de	27609dd5f6723023200437fd98afd0c5	1920	1080	21616.0	27.0	7442.0	23531.0	False	False	0.9888860076665879	0.9832827542125399
DinnerScene_1920x1080_2997_10b	DinnerScene_1920x1080_2997_10b	svtav1	svtav1_20200602_88c125c_enc-mode0	60	59	0	47493.0	47.493	39.797333333333334	41.58683333333334	45.87483333333331	39.787513	41.585727	45.870965	68.57980092604842	1718703.0	28.64505	2929.37	1920	1080	29.97	10	8b0cc9d1619ddf84b19159ac1758bbee	4dccac3609c572fc3533550096d591e2	1920	1080	21306.0	4.0	7882.0	22883.0	False	False	0.9847656836112341	0.9796565712027994
BarScene1_1920x1080_2997_10b	BarScene1_1920x1080_2997_10b	svtav1	svtav1_20200602_88c125c_enc-mode0	60	20	0	1383825.0	1383.825	42.459166666666675	44.768499999999996	43.75066666666666	42.458786	44.768023	43.749682	93.15718263257419	2550566.0	42.509433333333334	4618.35	1920	1080	29.97	10	56c0c5e3096a282802a793bb35273e4d	6750583993111f205f0b739806c99bb2	1920	1080	20551.0	4.0	8709.0	22782.0	False	False	0.9958558956782023	0.9909876187893404
BarScene1_1920x1080_2997_10b	BarScene1_1920x1080_2997_10b	svtav1	svtav1_20200602_88c125c_enc-mode0	60	32	0	442006.0	442.006	42.15050000000001	44.599499999999985	43.47716666666667	42.15035	44.599268	43.477344	92.07383545268799	2459873.0	40.997883333333334	4059.34	1920	1080	29.97	10	4458c9b4d1542eaacd0f639348ff8207	711e7966bfdcb0a53eb30be7246213a6	1920	1080	20874.0	5.0	3906.0	23448.0	False	False	0.99517320394516	0.9900900738454195
BarScene1_1920x1080_2997_10b	BarScene1_1920x1080_2997_10b	svtav1	svtav1_20200602_88c125c_enc-mode0	60	43	0	229686.0	229.686	41.674500000000016	44.42250000000002	43.325	41.67398	44.422905	43.325169	90.12903264193999	1721825.0	28.69708333333333	2817.47	1920	1080	29.97	10	2393c1576de685d597405d2b0862e46f	87a2e3b52a7df6a7ec94a4d853699d82	1920	1080	22271.0	4.0	3536.0	24304.0	False	False	0.9939618637164434	0.9885227208533185
BarScene1_1920x1080_2997_10b	BarScene1_1920x1080_2997_10b	svtav1	svtav1_20200602_88c125c_enc-mode0	60	55	0	93492.0	93.492	40.43633333333335	43.84466666666664	42.870333333333335	40.435126	43.84453799999999	42.870123	83.21964561349908	1338137.0	22.30228333333333	2263.05	1920	1080	29.97	10	dea3f5aec1857cf2f22a1e465fa90880	68546f909453920cba635370b85d7dba	1920	1080	20051.0	4.0	3438.0	24900.0	False	False	0.9889988074700038	0.9833374923509166
BarScene1_1920x1080_2997_10b	BarScene1_1920x1080_2997_10b	svtav1	svtav1_20200602_88c125c_enc-mode0	60	59	0	57622.0	57.622	39.34033333333333	43.18783333333335	42.36816666666665	39.338094	43.187264	42.36813	75.90933575018394	1262532.0	21.0422	2108.49	1920	1080	29.97	10	63844a69261f59114377d37adcfe82fd	b38920ea1c459a73997b95f45a0911cb	1920	1080	20240.0	6.0	3098.0	23042.0	False	False	0.9829175452391307	0.9779001511144451
Netflix_RollerCoaster_1280x720_6	Netflix_RollerCoaster_1280x720_6	svtav1	svtav1_20200602_88c125c_enc-mode0	60	20	0	8086752.0	8086.7519999999995	44.74666666666668	46.65516666666667	46.692833333333326	44.730803	46.644066	46.685816	99.90459454417086	3154239.0	52.57065	5121.03	1280	720	60.0	8	547ef0266502b9eac7d64ac7730787d2	402e8a2296dec33eeba7fead92b3d04a	1280	720	6390.0	4.0	7556.0	9727.0	False	False	0.9979035119215648	0.997512481940039
Netflix_RollerCoaster_1280x720_6	Netflix_RollerCoaster_1280x720_6	svtav1	svtav1_20200602_88c125c_enc-mode0	60	32	0	4016968.0	4016.968	42.47216666666667	44.94616666666666	45.35800000000001	42.446883	44.922272	45.345647	99.85004736301691	2838756.0	47.3126	4841.5	1280	720	60.0	8	37df984c2ac07a09ffbdcc3c25a19aca	b2722e826ca0b6100b5efef53b3bfa86	1280	720	5697.0	5.0	6837.0	10132.0	False	False	0.9963837246100108	0.995901555420088
Netflix_RollerCoaster_1280x720_6	Netflix_RollerCoaster_1280x720_6	svtav1	svtav1_20200602_88c125c_enc-mode0	60	43	0	2095336.0	2095.336	40.08316666666668	43.02416666666664	43.788	40.042503	42.991783000000005	43.772872	97.61725103892566	2052667.0	34.21111666666667	3567.95	1280	720	60.0	8	00d858d4758a8e006c80502ef0e7b62d	ad0680fc010004fee685035c2f6ad30f	1280	720	5780.0	5.0	5874.0	9856.0	False	False	0.9932648221651713	0.9927485304818904
Netflix_RollerCoaster_1280x720_6	Netflix_RollerCoaster_1280x720_6	svtav1	svtav1_20200602_88c125c_enc-mode0	60	55	0	952280.0	952.28	36.72666666666666	40.16466666666666	41.52583333333334	36.68707299999999	40.127244	41.507326	88.30840819610782	1424994.0	23.7499	2437.02	1280	720	60.0	8	78f18ee5270c0fd18f4f74e5fe2603dc	4dbe1d467fd9b3db4d3c4f8f227bfb61	1280	720	5641.0	4.0	5867.0	10475.0	False	False	0.9826699783404668	0.9828754131849193
Netflix_RollerCoaster_1280x720_6	Netflix_RollerCoaster_1280x720_6	svtav1	svtav1_20200602_88c125c_enc-mode0	60	59	0	647048.0	647.048	34.969500000000004	38.50550000000001	40.2445	34.935002000000004	38.46214	40.222848	80.17972248950049	1313585.0	21.893083333333333	2239.74	1280	720	60.0	8	53e27b1dedb99c2ceb1cb6e2476f9904	94ef8fea4b811db16ce552e824cba14f	1280	720	5535.0	4.0	5293.0	9921.0	False	False	0.9716576735178629	0.9735790053544421
blue_sky_360p_60f	blue_sky_360p_60f	svtav1	svtav1_20200602_88c125c_enc-mode0	60	20	0	1282573.0	1282.573	44.46433333333335	45.52233333333333	47.276833333333336	44.355948	45.436122	47.214571	99.95579593850776	883451.0	14.724183333333333	1552.85	640	360	25.0	8	0ac361af4d03fd92e9e0a052e3680d6a	9612633ea62505e748bdd1f897c5a97a	640	360	1852.0	6.0	2286.0	2935.0	False	False	0.9929299165805181	0.9986144006627521
blue_sky_360p_60f	blue_sky_360p_60f	svtav1	svtav1_20200602_88c125c_enc-mode0	60	32	0	643326.0	643.3259999999999	41.465333333333334	43.33949999999998	45.01900000000002	41.324202	43.23646	44.944543	99.93594858057811	828344.0	13.805733333333333	1450.49	640	360	25.0	8	481e6cc2c08bf50cf6907bd6e4efa2d1	68149e505e048af6769e8fc7a65c12eb	640	360	1827.0	8.0	1844.0	2884.0	False	False	0.9897042115529379	0.9978611710173485
blue_sky_360p_60f	blue_sky_360p_60f	svtav1	svtav1_20200602_88c125c_enc-mode0	60	43	0	348573.0	348.573	38.7085	40.96300000000001	42.73716666666667	38.515901	40.867321999999994	42.681895000000004	99.42912753821774	604581.0	10.07635	1054.51	640	360	25.0	8	0e31570ac261cf6fca81117697bee756	afac6909b14c152192607fa9aa82b6d5	640	360	2135.0	4.0	1841.0	2826.0	False	False	0.9843320419390996	0.9964838501276871
blue_sky_360p_60f	blue_sky_360p_60f	svtav1	svtav1_20200602_88c125c_enc-mode0	60	55	0	152080.0	152.08	34.86716666666667	37.158500000000004	39.370333333333335	34.746326	37.116064	39.349186	92.57869762586054	449789.0	7.496483333333333	781.08	640	360	25.0	8	29ee3556ead4c6dda3ca6daaffca479f	8ca9f0990ed1b3d4ab0b8b873403457a	640	360	1897.0	3.0	1563.0	2824.0	False	False	0.9680296341578166	0.9921658787324527
blue_sky_360p_60f	blue_sky_360p_60f	svtav1	svtav1_20200602_88c125c_enc-mode0	60	59	0	95796.0	95.796	32.46766666666666	35.539999999999985	38.26483333333333	32.407982	35.523427	38.251557	85.75473880125244	407191.0	6.7865166666666665	733.99	640	360	25.0	8	2bc324a7cd850789f083b9daf6e2e726	a4225612efdbeb10128c6f7d2e652421	640	360	1865.0	4.0	1494.0	2811.0	False	False	0.9499739329020183	0.9869975462088907
dark720p_60f	dark720p_60f	svtav1	svtav1_20200602_88c125c_enc-mode0	60	20	0	6766600.0	6766.6	45.936500000000024	42.952666666666666	44.38666666666667	45.92093	42.825167	44.316792	96.24296826020377	3221442.0	53.6907	5576.27	1280	720	30.0	8	fb50e148d6b5bad6d516be4d36ac80b5	d556af5c5f2212c648daac10cb0a1603	1280	720	4546.0	4.0	10600.0	9912.0	False	False	0.9942144046227137	0.9949995403819102
dark720p_60f	dark720p_60f	svtav1	svtav1_20200602_88c125c_enc-mode0	60	32	0	1534888.0	1534.888	43.49266666666664	38.831166666666654	41.69500000000001	43.474878	38.801907	41.684322	93.30172464921864	2742984.0	45.7164	4813.94	1280	720	30.0	8	5d52539f5a1126a36f11f95c1cc87646	a8b4d5da403aa15b783d6e72eb8d47b9	1280	720	4652.0	4.0	8243.0	12242.0	False	False	0.9912680109341939	0.9927038672663734
dark720p_60f	dark720p_60f	svtav1	svtav1_20200602_88c125c_enc-mode0	60	43	0	266512.0	266.512	42.214166666666664	36.89616666666666	40.801999999999985	42.202645	36.891844	40.795561	90.68966408102094	1147310.0	19.121833333333335	2024.59	1280	720	30.0	8	e40da39e8d5f86586322d5dd9698c65e	a515ba078af02a4d3e446fbbc2ebf93f	1280	720	4855.0	4.0	4703.0	9680.0	False	False	0.9895954469839732	0.99137768618318
dark720p_60f	dark720p_60f	svtav1	svtav1_20200602_88c125c_enc-mode0	60	55	0	108148.0	108.148	40.668833333333346	36.200833333333335	39.769499999999994	40.656853	36.199122	39.762029	86.09052813811574	794072.0	13.234533333333333	1255.86	1280	720	30.0	8	d43d7cd872675845cc6aab6da3d5c39a	63869ebd12e6bea76ebfad93ba022b93	1280	720	5014.0	5.0	3211.0	10126.0	False	False	0.9854525228341421	0.9882486641958328
dark720p_60f	dark720p_60f	svtav1	svtav1_20200602_88c125c_enc-mode0	60	59	0	72772.0	72.772	39.264500000000005	35.513999999999996	38.818333333333335	39.25612	35.512332	38.807494	80.90871719395834	593896.0	9.898266666666666	1018.16	1280	720	30.0	8	f876eedebd1e2878715329918a5e5b59	f3c1fb4e936a9cb71bf4b45bf47b73e7	1280	720	4875.0	5.0	2382.0	9853.0	False	False	0.980470922589302	0.9844894038855592
kirland360p_60f	kirland360p_60f	svtav1	svtav1_20200602_88c125c_enc-mode0	60	20	0	278964.0	278.964	47.389333333333326	48.407999999999994	49.63699999999999	47.30815599999999	48.388399	49.617289	96.01077502370717	518559.0	8.64265	840.06	640	360	30.0	8	69af58f101e7034435e2bd54261fd547	97959ae37b6ebf4f577d24ec64972216	640	360	1270.0	7.0	824.0	3010.0	False	False	0.990932959318161	0.9974089188297043
kirland360p_60f	kirland360p_60f	svtav1	svtav1_20200602_88c125c_enc-mode0	60	32	0	129640.0	129.64	46.01316666666666	47.940000000000005	48.87416666666668	45.873952	47.916201	48.842742	94.72016781237316	388572.0	6.4762	710.85	640	360	30.0	8	cd378ccdd7475eec464d4dc13db53588	a6d1633900ca7a27bfbeb1d668f1efc2	640	360	1290.0	4.0	680.0	2820.0	False	False	0.9896239697933197	0.996939675657753
kirland360p_60f	kirland360p_60f	svtav1	svtav1_20200602_88c125c_enc-mode0	60	43	0	71120.0	71.12000000000002	44.111833333333344	47.22433333333333	47.7075	43.870125	47.180626	47.601173	92.12711184486218	306683.0	5.111383333333333	498.45	640	360	30.0	8	8b81ad5191852dd6f55cb08102b87ac7	6fefd39ee7dbcbe3cdbb80b30e82f031	640	360	1372.0	5.0	502.0	3056.0	False	False	0.987197783589363	0.9960149184857571
kirland360p_60f	kirland360p_60f	svtav1	svtav1_20200602_88c125c_enc-mode0	60	55	0	37360.0	37.36	41.09683333333335	46.108	45.927666666666696	40.755636	45.999808	45.637679	84.57708104578339	254763.0	4.24605	460.26	640	360	30.0	8	0e7c69f851b6f9b128f5965fa5ee396a	0bffa92c0e75cf466abbfea8d713eb7e	640	360	1538.0	4.0	489.0	3108.0	False	False	0.9808939745028814	0.9936290884359243
kirland360p_60f	kirland360p_60f	svtav1	svtav1_20200602_88c125c_enc-mode0	60	59	0	28260.0	28.26	39.3645	45.32349999999999	45.03266666666666	38.99313300000001	45.148139	44.692243	79.23089133543994	287309.0	4.788483333333334	527.38	640	360	30.0	8	c3a165e0394b9d13e652a210066ef3b8	f77194e7d3672f17ef00f41a11989e66	640	360	1382.0	4.0	474.0	3176.0	False	False	0.9749141583840052	0.9910985153744972
niklas360p_60f	niklas360p_60f	svtav1	svtav1_20200602_88c125c_enc-mode0	60	20	0	1392232.0	1392.232	44.38200000000001	47.752499999999976	47.43699999999999	44.294944	47.678268	47.349606	98.33722299138716	991062.0	16.5177	1681.06	640	360	30.0	8	53d95d58fdd00c71f2cb2cf64545d1f9	5d8d8c55d09985629568836d1639cdaf	640	360	1813.0	10.0	1950.0	3237.0	False	False	0.9865218957265218	0.9968520884631062
niklas360p_60f	niklas360p_60f	svtav1	svtav1_20200602_88c125c_enc-mode0	60	32	0	764336.0	764.336	41.92383333333335	46.310500000000005	45.78466666666667	41.832448	46.224297	45.685018	96.71406082303928	1052997.0	17.54995	1924.98	640	360	30.0	8	1efd988194aa87a54bfb2ef16d8dc6b5	1c9edfd0708cefea081f2c5215a564b9	640	360	1777.0	6.0	1764.0	3204.0	False	False	0.9810504525899887	0.9951413588376972
niklas360p_60f	niklas360p_60f	svtav1	svtav1_20200602_88c125c_enc-mode0	60	43	0	407640.0	407.64	38.985333333333344	44.491500000000016	43.69933333333334	38.89868	44.450412	43.649794	93.02211030648617	667075.0	11.117916666666666	1163.1	640	360	30.0	8	f724d5f9becb0b0f1cbb6d9072b63ab9	a3fed038924a1a8bf1fd8f9287f9686b	640	360	1790.0	6.0	1663.0	2931.0	False	False	0.9710600982109706	0.9917570193570898
niklas360p_60f	niklas360p_60f	svtav1	svtav1_20200602_88c125c_enc-mode0	60	55	0	200292.0	200.292	35.37800000000001	42.04950000000001	40.932166666666674	35.317863	42.016237	40.897314	85.25478382493885	527751.0	8.79585	904.81	640	360	30.0	8	78b478dda2458354ed0fd7ab7cfdedad	66b6052970fed362ff4aca24d5136b8c	640	360	1724.0	5.0	1266.0	2997.0	False	False	0.9486851046482722	0.9829442879605145
niklas360p_60f	niklas360p_60f	svtav1	svtav1_20200602_88c125c_enc-mode0	60	59	0	137716.0	137.716	33.44416666666667	40.783500000000004	39.41266666666666	33.408468	40.765539	39.382681	79.08707823729948	377060.0	6.2843333333333335	662.68	640	360	30.0	8	6775c96e68809015dc107c84c4272f29	2782e981faed05eae4c161b4b2a46bcf	640	360	1619.0	3.0	1130.0	2900.0	False	False	0.9289523800214131	0.9745742646247673
shields_640x360_60f	shields_640x360_60f	svtav1	svtav1_20200602_88c125c_enc-mode0	60	20	0	2274233.0	2274.233	42.415833333333325	45.52499999999999	47.19799999999999	42.277764	45.499002	47.122373	99.45735187063997	898599.0	14.97665	1495.7	640	360	50.0	8	d6045212084d942cabf746f882972b0d	f10e587f89526bb50304d02163b4b883	640	360	2454.0	3.0	1589.0	2845.0	False	False	0.9857802758614223	0.9982899057158255
shields_640x360_60f	shields_640x360_60f	svtav1	svtav1_20200602_88c125c_enc-mode0	60	32	0	1209520.0	1209.52	40.61383333333336	43.94300000000002	45.503000000000014	40.410467	43.895444	45.38523	99.43734810320241	657161.0	10.952683333333333	1164.1	640	360	50.0	8	e7aa72ab783ecf37b411cb511e1bd6b0	59501cba92cf8cce9a6f58cce3f97141	640	360	2685.0	3.0	1409.0	2928.0	False	False	0.9810429910818735	0.9976205931116569
shields_640x360_60f	shields_640x360_60f	svtav1	svtav1_20200602_88c125c_enc-mode0	60	43	0	637806.0	637.806	38.04000000000001	41.256166666666665	43.090833333333336	37.76045	41.168897	42.921099	99.37858947413689	565996.0	9.433266666666666	973.59	640	360	50.0	8	9b61e4652fb737b68b264ea66de5d4c7	5fb7a6b732ab998d59d3433c81d84a36	640	360	2829.0	19.0	1252.0	3108.0	False	False	0.9697397470474243	0.9957822659178693
shields_640x360_60f	shields_640x360_60f	svtav1	svtav1_20200602_88c125c_enc-mode0	60	55	0	324593.0	324.593	34.5995	38.14350000000001	40.27016666666667	34.247024	37.981438	40.023763	95.5766572495917	452643.0	7.54405	744.32	640	360	50.0	8	9bbcfaefe0f96c526ac3ebd229828078	25d50ce842d12f96d12b78f71e59e0ff	640	360	2351.0	2.0	1054.0	3006.0	False	False	0.9426868667205175	0.990403484633665
shields_640x360_60f	shields_640x360_60f	svtav1	svtav1_20200602_88c125c_enc-mode0	60	59	0	217800.0	217.8	32.346166666666676	36.577499999999986	38.556666666666665	31.939308	36.370288	38.318495	90.04569375016624	367084.0	6.1180666666666665	683.48	640	360	50.0	8	54cd9ebca88a4be8288c0248efb16bfa	768b583ac73ee1d9f391d4f10878d8c3	640	360	2410.0	3.0	924.0	3111.0	False	False	0.9110202590624491	0.9830232009241301
speed_bag_640x360_60f	speed_bag_640x360_60f	svtav1	svtav1_20200602_88c125c_enc-mode0	60	20	0	462504.0	462.504	46.98099999999999	49.683166666666665	51.0795	46.89732	49.608795	51.017543	98.28947663846694	513459.0	8.55765	908.96	640	360	29.97	8	c2eb69d5ffeeab84deb2841a4530ae13	6a87e93f2153d5e373af0c45dda9f954	640	360	1328.0	4.0	1521.0	2818.0	False	False	0.9888715634743372	0.997511114729993
speed_bag_640x360_60f	speed_bag_640x360_60f	svtav1	svtav1_20200602_88c125c_enc-mode0	60	32	0	239195.0	239.195	45.053833333333344	48.31349999999998	49.863333333333344	44.919792	48.201587	49.743888	97.22470730668103	570092.0	9.501533333333333	993.41	640	360	29.97	8	19b38b438b09261fe2d1655e3e941e55	1031169a95a9f61dd65f81973155b780	640	360	1356.0	4.0	1409.0	2911.0	False	False	0.9856353014707565	0.9960953911300319
speed_bag_640x360_60f	speed_bag_640x360_60f	svtav1	svtav1_20200602_88c125c_enc-mode0	60	43	0	131788.0	131.788	42.984500000000004	46.63533333333332	48.47066666666667	42.783066	46.520007	48.316684	94.63649499028755	388248.0	6.4708	705.04	640	360	29.97	8	df97cf8c1859568e229eacbd387a5955	75f51f0ca87a04f13767f225a4890a78	640	360	1391.0	3.0	1135.0	2928.0	False	False	0.9814755588769912	0.993820386344972
speed_bag_640x360_60f	speed_bag_640x360_60f	svtav1	svtav1_20200602_88c125c_enc-mode0	60	55	0	67222.0	67.222	39.89566666666666	44.00000000000001	46.36583333333333	39.624823	43.892714	46.178363	85.36710350050089	349205.0	5.820083333333334	531.59	640	360	29.97	8	1e0c4779dc9692a299dc019165bf23e3	e7edcc836870b9fbb953d9229feb3fd6	640	360	1425.0	4.0	1040.0	3170.0	False	False	0.9726493249336878	0.9882014028366257
speed_bag_640x360_60f	speed_bag_640x360_60f	svtav1	svtav1_20200602_88c125c_enc-mode0	60	59	0	48098.0	48.098	37.800333333333334	42.112	44.96	37.623969	42.056204	44.816778	76.80182994103552	338503.0	5.6417166666666665	554.34	640	360	29.97	8	5bf7017fdc1d818bc3ecd9f5ad812d87	d31c51fa9f70a33aa4bda525e511978e	640	360	1464.0	2.0	988.0	3085.0	False	False	0.9643145759900411	0.9822089189581432
thaloundeskmtg360p_60f	thaloundeskmtg360p_60f	svtav1	svtav1_20200602_88c125c_enc-mode0	60	20	0	918376.0	918.376	44.755499999999984	48.75866666666669	48.7855	44.572685	48.705146	48.74491	96.98317328136963	765309.0	12.75515	1247.74	640	360	30.0	8	8bf201ebeba02ff31338d4bb2fe0db54	507754fce33acfed2a6f123f4324af51	640	360	2004.0	6.0	1207.0	2999.0	False	False	0.9925744344790777	0.9984346324595205
thaloundeskmtg360p_60f	thaloundeskmtg360p_60f	svtav1	svtav1_20200602_88c125c_enc-mode0	60	32	0	478796.0	478.796	43.18900000000001	47.470833333333346	47.62349999999999	42.959403	47.419305	47.587072	95.85301601065159	654656.0	10.910933333333332	1124.78	640	360	30.0	8	1ea565c3a268c2cedfcb66371911d6d0	03e911e9d7906cab89c73e478804c805	640	360	1715.0	4.0	933.0	5154.0	False	False	0.9903017461299897	0.9977150537477989
thaloundeskmtg360p_60f	thaloundeskmtg360p_60f	svtav1	svtav1_20200602_88c125c_enc-mode0	60	43	0	257276.0	257.276	41.119499999999995	45.81616666666667	45.93833333333334	40.808161	45.785453	45.915289	93.6930201158437	458844.0	7.6474	773.58	640	360	30.0	8	e3ffef21d4062fe4313da6d205b41b90	be29167d9a85d253efb1dff7c0817164	640	360	1780.0	11.0	748.0	2932.0	False	False	0.9864764451980591	0.9963801000146933
thaloundeskmtg360p_60f	thaloundeskmtg360p_60f	svtav1	svtav1_20200602_88c125c_enc-mode0	60	55	0	127848.0	127.848	37.8145	42.96616666666667	43.05916666666666	37.5786	42.943874	43.046773	87.74238523443364	333242.0	5.554033333333333	597.51	640	360	30.0	8	e25fea0614e1954d275ccb1b056ffcc4	9c7ae30f5c797dee4d90e0df69ab542d	640	360	2211.0	5.0	629.0	2941.0	False	False	0.9768974383672079	0.9924752400796166
thaloundeskmtg360p_60f	thaloundeskmtg360p_60f	svtav1	svtav1_20200602_88c125c_enc-mode0	60	59	0	83860.0	83.86	35.50200000000002	40.93866666666667	40.972999999999985	35.179875	40.931647	40.960732	81.97461153418963	310360.0	5.172666666666666	497.38	640	360	30.0	8	3ee126301de167741e30e80af3b0cda0	90d7022d3a322afcf5ce8cb86d9028e6	640	360	1751.0	3.0	624.0	3004.0	False	False	0.9665048201878865	0.9876070668089454
RollerCoastPas_1920x1080_2997_10	RollerCoastPas_1920x1080_2997_10	svtav1	svtav1_20200602_88c125c_enc-mode0	60	20	0	2982712.0	2982.712	45.10399999999999	45.31883333333334	43.86366666666665	45.10103	45.3179	43.860667	97.10947010512473	2827243.0	47.12071666666667	5129.03	1920	1080	29.97	10	bce44f37f7aa34880e120d1f226aeb24	48975235fa2647c534a10ce258cde986	1920	1080	20110.0	4.0	5864.0	23173.0	False	False	0.9986587166786194	0.996928254037462
RollerCoastPas_1920x1080_2997_10	RollerCoastPas_1920x1080_2997_10	svtav1	svtav1_20200602_88c125c_enc-mode0	60	32	0	1352967.0	1352.967	43.964833333333345	44.614499999999985	43.10249999999999	43.962088	44.614253	43.101429	96.35561718117378	3000465.0	50.00775	4925.4	1920	1080	29.97	10	2085ba5ab212db8be87c7ee527b88f75	2777426e01cbb60dd845f1ee01e3f4e9	1920	1080	20294.0	5.0	5088.0	23593.0	False	False	0.9981311440467835	0.9960457477400187
RollerCoastPas_1920x1080_2997_10	RollerCoastPas_1920x1080_2997_10	svtav1	svtav1_20200602_88c125c_enc-mode0	60	43	0	796093.0	796.093	42.49316666666666	43.74983333333333	42.36516666666666	42.484762	43.749192	42.363695	94.92364261174704	2349102.0	39.1517	3835.84	1920	1080	29.97	10	07e00c68f079ed69570fbdb9347fb6e2	6e7d752aee2ba86e4970884968e5f8a3	1920	1080	21549.0	4.0	4244.0	23415.0	False	False	0.9971030920743942	0.9944688616916812
RollerCoastPas_1920x1080_2997_10	RollerCoastPas_1920x1080_2997_10	svtav1	svtav1_20200602_88c125c_enc-mode0	60	55	0	338475.0	338.475	39.07616666666666	41.39716666666668	40.213499999999996	39.057473	41.39513	40.210971	89.50030284979997	1698460.0	28.307666666666666	2786.16	1920	1080	29.97	10	5796bf9fd4ae04c7569cca5d744d8ac0	16b50fdce870bc44a61df591042a6b38	1920	1080	21684.0	4.0	3910.0	23101.0	False	False	0.9922130227088928	0.9880425173582557
RollerCoastPas_1920x1080_2997_10	RollerCoastPas_1920x1080_2997_10	svtav1	svtav1_20200602_88c125c_enc-mode0	60	59	0	198429.0	198.429	36.46399999999999	39.399666666666675	38.38616666666666	36.449611	39.397924	38.38513	81.89642233758077	1598356.0	26.639266666666668	2445.78	1920	1080	29.97	10	c73037a61fcd1f812c1ad719533277c7	53179873d619ea94791bd41ea4cedaae	1920	1080	20672.0	5.0	3802.0	23505.0	False	False	0.9844712406396866	0.9786143170266044
ShowGirl2TeaserClip4000_1920x108	ShowGirl2TeaserClip4000_1920x108	svtav1	svtav1_20200602_88c125c_enc-mode0	60	20	0	2792746.0	2792.746	42.36883333333332	46.625	49.474999999999994	42.36741399999999	46.622671	49.472064	95.3470677345317	4495199.0	74.91998333333333	7945.06	1920	1080	25.0	10	b40ed2e803c2e6b9c64558776a691390	d73723a9aa4ed396f78beb6389c1056f	1920	1080	21486.0	3.0	11217.0	23318.0	False	False	0.9960764855146408	0.9914625812741558
ShowGirl2TeaserClip4000_1920x108	ShowGirl2TeaserClip4000_1920x108	svtav1	svtav1_20200602_88c125c_enc-mode0	60	32	0	1249886.0	1249.886	41.659000000000006	46.26083333333331	48.837500000000006	41.653431	46.257449	48.83513	93.44477591470371	3853002.0	64.2167	6472.76	1920	1080	25.0	10	0a5efde9d4e6b38822c059607d364fe8	5c2862d8ca1b811b0bd9e4f46762f847	1920	1080	19909.0	4.0	9236.0	23702.0	False	False	0.9950258423884709	0.990147926061722
ShowGirl2TeaserClip4000_1920x108	ShowGirl2TeaserClip4000_1920x108	svtav1	svtav1_20200602_88c125c_enc-mode0	60	43	0	673323.0	673.323	40.649	45.801666666666655	48.06599999999998	40.630747	45.799083	48.064813	90.07376482436688	3200264.0	53.33773333333333	5347.69	1920	1080	25.0	10	b4d3851624e72868d87b26ee9cc06f7a	6e93699728edbe433b0e1b30aca05c6b	1920	1080	20928.0	4.0	8143.0	23878.0	False	False	0.9931090950965882	0.9879925753928843
ShowGirl2TeaserClip4000_1920x108	ShowGirl2TeaserClip4000_1920x108	svtav1	svtav1_20200602_88c125c_enc-mode0	60	55	0	285673.0	285.673	38.42066666666667	44.61266666666664	46.3315	38.389377	44.610574	46.33017499999999	80.9961675262768	2438128.0	40.635466666666666	4067.33	1920	1080	25.0	10	894f66108ca7243e5bb9aa8dd0c92b7e	b3aa22cfef8b254f603299e8dd9d581c	1920	1080	20533.0	5.0	7131.0	26255.0	False	False	0.9865720788637797	0.9810164186714058
ShowGirl2TeaserClip4000_1920x108	ShowGirl2TeaserClip4000_1920x108	svtav1	svtav1_20200602_88c125c_enc-mode0	60	59	0	177196.0	177.196	36.75650000000001	43.52000000000001	45.139666666666685	36.734688	43.518595	45.138941	72.67759351071614	2144825.0	35.747083333333336	3364.78	1920	1080	25.0	10	e9b830c9991965ec681fa0ba45d7890b	015fb6549b491ea9531e4bd8110bbf20	1920	1080	19937.0	6.0	11034.0	40989.0	False	False	0.9787398457527161	0.9729625531505144
Starting_1920x1080p_50_10b_pq_70	Starting_1920x1080p_50_10b_pq_70	svtav1	svtav1_20200602_88c125c_enc-mode0	60	20	0	4153126.0	4153.126	46.79933333333333	49.66100000000002	51.32466666666666	46.747032	49.605848	51.248075	96.72344024686186	2608416.0	43.4736	4418.93	1920	1080	50.0	10	b5bdaea4f7439ea7d5640784c2084b20	d9ad66e75b8393e8a9a51c07c4d31a72	1920	1080	18280.0	7.0	9256.0	26780.0	False	False	0.9991732279459635	0.998075511103943
Starting_1920x1080p_50_10b_pq_70	Starting_1920x1080p_50_10b_pq_70	svtav1	svtav1_20200602_88c125c_enc-mode0	60	32	0	2197726.0	2197.726	45.31733333333336	48.562666666666665	49.852166666666676	45.248447000000006	48.528503	49.810754	95.53412889783104	2532966.0	42.2161	3992.67	1920	1080	50.0	10	183e452cf1822124d82c074cbf73cdc8	dcc42a4605ff47aff0e3e7556b6002de	1920	1080	19314.0	4.0	7366.0	23763.0	False	False	0.9986719280481339	0.997331433705563
Starting_1920x1080p_50_10b_pq_70	Starting_1920x1080p_50_10b_pq_70	svtav1	svtav1_20200602_88c125c_enc-mode0	60	43	0	1294440.0	1294.44	43.49333333333334	47.327000000000005	48.18400000000001	43.411333	47.315955	48.172532	93.45361764546902	2042540.0	34.04233333333333	3252.46	1920	1080	50.0	10	b0e3f96b2f87bccedadf4477bd8b2ec3	41509beae61373f9fd7df9dd54a8c014	1920	1080	17935.0	4.0	7608.0	24388.0	False	False	0.9977823585271836	0.9961071511451831
Starting_1920x1080p_50_10b_pq_70	Starting_1920x1080p_50_10b_pq_70	svtav1	svtav1_20200602_88c125c_enc-mode0	60	55	0	552133.0	552.133	39.63916666666667	44.84883333333333	45.15116666666666	39.591006	44.84839	45.150178	86.33633045150908	1887368.0	31.456133333333334	2963.23	1920	1080	50.0	10	a82c0eb1bd054c2b7f47b057306fe597	13fb3bbe710f1aba0848ca6b91aba0eb	1920	1080	18307.0	4.0	6577.0	24076.0	False	False	0.9938153753678004	0.9908083681167611
Starting_1920x1080p_50_10b_pq_70	Starting_1920x1080p_50_10b_pq_70	svtav1	svtav1_20200602_88c125c_enc-mode0	60	59	0	318286.0	318.286	36.93599999999999	43.194500000000026	43.375666666666625	36.916171	43.1943	43.37524	77.89363615252897	1822568.0	30.376133333333332	2722.32	1920	1080	50.0	10	471be353e2f88a27e385eb9c7d4568e1	1db4ef097424d21888d308e174e2babc	1920	1080	18857.0	4.0	6366.0	24547.0	False	False	0.9876474599043529	0.9827640953687733
DOTA2_60f_420	DOTA2_60f_420	svtav1	svtav1_20200602_88c125c_enc-mode0	60	20	0	15162432.0	15162.432	45.4595	49.18083333333334	49.30899999999998	45.406375	49.103731	49.273117	97.55440773578175	4494405.0	74.90675	7705.05	1920	1080	60.0	8	19d42f89f20e83cdef1d438a6ac4ca0c	ec753e65952c4b2834f3dc3486951ead	1920	1080	12440.0	3.0	9467.0	24095.0	False	False	0.9986210525035858	0.9973405008191917
DOTA2_60f_420	DOTA2_60f_420	svtav1	svtav1_20200602_88c125c_enc-mode0	60	32	0	7230056.0	7230.056	42.932166666666674	46.91616666666666	47.181499999999986	42.846773	46.80998	47.132385	95.66507335469815	4310546.0	71.84243333333333	7458.52	1920	1080	60.0	8	129baba87bcf9e2bc330f15a925fc230	521744229b7c94e23b41c29bbb49fc92	1920	1080	11990.0	3.0	8667.0	24188.0	False	False	0.9972550908724467	0.9949961440229083
DOTA2_60f_420	DOTA2_60f_420	svtav1	svtav1_20200602_88c125c_enc-mode0	60	43	0	3498344.0	3498.344	40.258166666666654	44.46183333333332	44.82283333333332	40.146049	44.339372	44.768477	91.90745885560492	2959993.0	49.333216666666665	4667.18	1920	1080	60.0	8	e8ef09bf25e97b9fa4616cf1ab90be61	89360ff65d3643173ad3a768d8e89e7d	1920	1080	12477.0	6.0	7811.0	23624.0	False	False	0.9938017159700394	0.9898250967478848
DOTA2_60f_420	DOTA2_60f_420	svtav1	svtav1_20200602_88c125c_enc-mode0	60	55	0	1371512.0	1371.512	36.675	41.19033333333333	41.47249999999999	36.586321	41.102123	41.437213	81.93822149646198	1945214.0	32.420233333333336	3279.81	1920	1080	60.0	8	558d5afba806150e3869b601af1969a1	e442914abb9ecd7be9d80bad405d95b5	1920	1080	12406.0	4.0	6451.0	23433.0	False	False	0.9805167824029922	0.9738845679253796
DOTA2_60f_420	DOTA2_60f_420	svtav1	svtav1_20200602_88c125c_enc-mode0	60	59	0	830344.0	830.3439999999999	34.7005	39.3035	39.56350000000001	34.652919	39.253674	39.545056	72.50077386567419	1776866.0	29.614433333333334	2726.2	1920	1080	60.0	8	7e6b1a1d9a21bea07187ed13dd99c0dc	0accd98b8e33486b4710f4708d1ca272	1920	1080	12047.0	4.0	5882.0	23695.0	False	False	0.9646564384301504	0.9579023508485204
Netflix_Aerial_1920x1080_60fps_8	Netflix_Aerial_1920x1080_60fps_8	svtav1	svtav1_20200602_88c125c_enc-mode0	60	20	0	20680648.0	20680.648	42.64166666666666	45.54899999999999	45.28666666666668	42.606261	45.534759	45.279324	96.61689825245435	5356996.0	89.28326666666666	9518.74	1920	1080	60.0	8	9c021a1b6ad92b5aa09eb3e0f0ce01a3	1153de79aeed2eaff41daa814604fa63	1920	1080	13490.0	10.0	16433.0	23678.0	False	False	0.9978919148445129	0.9964465260188432
Netflix_Aerial_1920x1080_60fps_8	Netflix_Aerial_1920x1080_60fps_8	svtav1	svtav1_20200602_88c125c_enc-mode0	60	32	0	9645680.0	9645.68	40.50333333333333	44.218	44.30216666666665	40.425024	44.201992	44.297809	94.10974257304208	5940437.0	99.00728333333333	10319.41	1920	1080	60.0	8	2eac1335bb0af6752dcfa12afe0ffdcd	e85fea595448d67a5b497440929d5220	1920	1080	14804.0	8.0	14124.0	25875.0	False	False	0.9962867011626562	0.9939949478884826
Netflix_Aerial_1920x1080_60fps_8	Netflix_Aerial_1920x1080_60fps_8	svtav1	svtav1_20200602_88c125c_enc-mode0	60	43	0	4755296.0	4755.296	38.105166666666655	42.648833333333336	43.18633333333333	38.002794	42.640886	43.183413	90.36934804955673	3607133.0	60.118883333333336	6278.71	1920	1080	60.0	8	3eb324beb89d840f2c63695791880865	25d87ee6ba626342bc003b51a03034c2	1920	1080	13502.0	4.0	11722.0	25093.0	False	False	0.9931773612896602	0.9890755250179646
Netflix_Aerial_1920x1080_60fps_8	Netflix_Aerial_1920x1080_60fps_8	svtav1	svtav1_20200602_88c125c_enc-mode0	60	55	0	1723584.0	1723.584	34.387833333333326	40.28533333333334	41.61433333333333	34.347256	40.279958	41.608092000000006	80.70865278384075	2145567.0	35.75945	3778.94	1920	1080	60.0	8	d69613b1ac6cb3313123ae69f2d4234d	b240d09989f708f037e291e94d29be1b	1920	1080	13035.0	4.0	10121.0	23098.0	False	False	0.9823775539795557	0.9714534263993742
Netflix_Aerial_1920x1080_60fps_8	Netflix_Aerial_1920x1080_60fps_8	svtav1	svtav1_20200602_88c125c_enc-mode0	60	59	0	896504.0	896.504	32.11166666666666	38.970000000000006	40.823999999999984	32.101256	38.960338	40.81549400000001	70.27870530540882	2344429.0	39.073816666666666	3701.54	1920	1080	60.0	8	6494073ebb3fbda0ef427f76c3e75ac2	3894e7ecae88dc7c16519f3b0f131b4f	1920	1080	14143.0	11.0	10183.0	24034.0	False	False	0.9652534147103627	0.9454355750690105
Netflix_DrivingPOV_1280x720_60fp	Netflix_DrivingPOV_1280x720_60fp	svtav1	svtav1_20200602_88c125c_enc-mode0	60	20	0	11034136.0	11034.136	42.74666666666667	46.398166666666675	45.09583333333333	42.723217	46.389983	45.090019	99.68677298424119	3171478.0	52.85796666666667	5301.91	1280	720	60.0	8	8317dafcb4bac35c6b131cc2bcda214a	d62f34d2d017dcb6bea341b7acf361cb	1280	720	6932.0	7.0	7122.0	9806.0	False	False	0.99799491862456	0.9974193048563419
Netflix_DrivingPOV_1280x720_60fp	Netflix_DrivingPOV_1280x720_60fp	svtav1	svtav1_20200602_88c125c_enc-mode0	60	32	0	5104008.0	5104.008	40.22533333333334	45.04316666666668	44.08933333333335	40.186822	45.025601	44.081618	98.54611994250118	2975849.0	49.59748333333334	4790.0	1280	720	60.0	8	c81c79e96ac453a8c3190ee6e62ffc0f	d369c042e84135e04d4326c93a16adc1	1280	720	6436.0	3.0	5988.0	9903.0	False	False	0.9962602357069651	0.995243345405422
Netflix_DrivingPOV_1280x720_60fp	Netflix_DrivingPOV_1280x720_60fp	svtav1	svtav1_20200602_88c125c_enc-mode0	60	43	0	2634936.0	2634.936	37.861666666666665	43.59366666666667	43.14066666666668	37.796526	43.570948	43.132533	96.07919715045401	2027901.0	33.79835	3363.06	1280	720	60.0	8	a9cfea3620245c85380db6e78ccdc495	8c2f0e440a2e1526440e47c62fc5a386	1280	720	6521.0	10.0	5569.0	10130.0	False	False	0.9919364919265111	0.9909740925091782
Netflix_DrivingPOV_1280x720_60fp	Netflix_DrivingPOV_1280x720_60fp	svtav1	svtav1_20200602_88c125c_enc-mode0	60	55	0	1115744.0	1115.744	34.648166666666675	41.18366666666666	41.5125	34.596404	41.167691	41.506714	89.48905556773397	1297032.0	21.6172	2178.33	1280	720	60.0	8	e9a44ad2c31f57214b288f17726cd6d9	147dccc843b71755919396fc074e444a	1280	720	6693.0	3.0	4902.0	9857.0	False	False	0.984610382715861	0.9835202382495485
Netflix_DrivingPOV_1280x720_60fp	Netflix_DrivingPOV_1280x720_60fp	svtav1	svtav1_20200602_88c125c_enc-mode0	60	59	0	688448.0	688.448	32.693000000000005	39.61299999999999	40.291333333333334	32.667427	39.605483	40.288049	83.12684626769204	1007250.0	16.7875	1789.63	1280	720	60.0	8	a54bf6907184fbff0d393385e8200b22	f573401b40fb30a00cb156497709da27	1280	720	6832.0	7.0	4836.0	9939.0	False	False	0.9769533256689708	0.9755667904528232
Netflix_PierSeaside_1920x1080_60	Netflix_PierSeaside_1920x1080_60	svtav1	svtav1_20200602_88c125c_enc-mode0	60	20	0	7471512.0	7471.512	45.40983333333333	47.41633333333333	45.492000000000004	45.380038	47.403589	45.476755	99.86792820896632	3849050.0	64.15083333333334	6475.47	1920	1080	60.0	8	a11a6738203c4a409cf138198ec7b919	9021c99b6e5cc631b047411a46aea40e	1920	1080	11267.0	4.0	11497.0	24331.0	False	False	0.9980630725622177	0.9968534091148012
Netflix_PierSeaside_1920x1080_60	Netflix_PierSeaside_1920x1080_60	svtav1	svtav1_20200602_88c125c_enc-mode0	60	32	0	3212952.0	3212.952	43.70083333333333	46.659499999999994	44.90916666666667	43.634909	46.642308	44.891442	99.38339360707666	2511707.0	41.861783333333335	4453.55	1920	1080	60.0	8	4e7ff20e270c6612bd1ebff1896d0fd0	0b497a027818463d536f060ed565cb1b	1920	1080	10527.0	3.0	11757.0	24185.0	False	False	0.9970474908749263	0.995285410913349
Netflix_PierSeaside_1920x1080_60	Netflix_PierSeaside_1920x1080_60	svtav1	svtav1_20200602_88c125c_enc-mode0	60	43	0	1399592.0	1399.592	41.557166666666674	45.35983333333334	44.03499999999999	41.476615	45.345045	44.021329	97.19170145570011	1923167.0	32.05278333333333	3267.17	1920	1080	60.0	8	ad8c1d1139dae376f9ce772889dae501	eb4ad224761fa08bfd0b18c116a274dd	1920	1080	10701.0	3.0	8853.0	22801.0	False	False	0.9947837998469671	0.9920495774717752
Netflix_PierSeaside_1920x1080_60	Netflix_PierSeaside_1920x1080_60	svtav1	svtav1_20200602_88c125c_enc-mode0	60	55	0	573224.0	573.224	38.77583333333335	43.08250000000001	42.32433333333334	38.707962	43.070064	42.315057	91.18181049068211	1361695.0	22.694916666666668	2334.68	1920	1080	60.0	8	06e8d4abb8fd6b196138680cde6350dd	7cde213e556d13a5949ebd72576ec0e6	1920	1080	10503.0	3.0	8094.0	22368.0	False	False	0.9893541157245636	0.9853747528594281
Netflix_PierSeaside_1920x1080_60	Netflix_PierSeaside_1920x1080_60	svtav1	svtav1_20200602_88c125c_enc-mode0	60	59	0	325296.0	325.296	36.720833333333346	41.23366666666666	40.76616666666667	36.67632	41.228456	40.760716	84.06499662966787	1313344.0	21.88906666666667	2091.71	1920	1080	60.0	8	9c10b5e78587a6787c807ba7466800c3	03e517e84732292d683cb5a73ba2636d	1920	1080	10663.0	4.0	8247.0	22573.0	False	False	0.9836272219816844	0.9787640711356816
gipsrestat720p_60f	gipsrestat720p_60f	svtav1	svtav1_20200602_88c125c_enc-mode0	60	20	0	3268006.0	3268.006	44.817	47.39216666666666	49.0055	44.798757	47.386917	49.001621	96.94885902965704	1795936.0	29.932266666666667	2966.83	1280	720	50.0	8	c8731a14cd8c287637445fc6bc831872	40b7581cb584c0adccadfb03d1e9783c	1280	720	5897.0	3.0	3467.0	9987.0	False	False	0.9976049602031708	0.9969432020621538
gipsrestat720p_60f	gipsrestat720p_60f	svtav1	svtav1_20200602_88c125c_enc-mode0	60	32	0	1290266.0	1290.266	43.26466666666666	46.83166666666666	48.3595	43.233379	46.828166	48.355212	95.76244270460748	1623844.0	27.064066666666665	2781.05	1280	720	50.0	8	b72fb975383f3bc21550d7250217e735	013cffd53aacf0c196054b87c72a5bd5	1280	720	5538.0	4.0	2678.0	10073.0	False	False	0.9966428418954213	0.9959733679180592
gipsrestat720p_60f	gipsrestat720p_60f	svtav1	svtav1_20200602_88c125c_enc-mode0	60	43	0	688666.0	688.666	41.67233333333333	46.04433333333334	47.36500000000001	41.619876	46.041563	47.360817	93.93181243307211	1345122.0	22.4187	2479.86	1280	720	50.0	8	e864094b81a094af0b992eebc4102188	09ac48a8b84523a8e7e3a66a5367ed45	1280	720	5716.0	4.0	2572.0	10377.0	False	False	0.9950223058462143	0.9944776734585332
gipsrestat720p_60f	gipsrestat720p_60f	svtav1	svtav1_20200602_88c125c_enc-mode0	60	55	0	326566.0	326.566	38.88266666666667	44.07533333333335	45.034000000000006	38.846156	44.073066	45.032929	89.30418838359441	790699.0	13.178316666666667	1257.93	1280	720	50.0	8	d4d8f869256cbedcd8188b33a2b83444	a7c5ad93cb08812b7eaa93b1b8153fc7	1280	720	5427.0	5.0	1894.0	10128.0	False	False	0.9891887853542963	0.9894419918967254
gipsrestat720p_60f	gipsrestat720p_60f	svtav1	svtav1_20200602_88c125c_enc-mode0	60	59	0	203180.0	203.18	36.53033333333333	42.20983333333334	42.922	36.518147	42.2086	42.921081	83.54616586304807	732839.0	12.213983333333333	1209.55	1280	720	50.0	8	827a6345f1a3f789293692a52dd65d7b	7c9180d608569c1f72ae40de2bf186b8	1280	720	5236.0	3.0	1745.0	10170.0	False	False	0.9810358246167501	0.982509849899266
red_kayak_360p_60f	red_kayak_360p_60f	svtav1	svtav1_20200602_88c125c_enc-mode0	60	20	0	9079649.0	9079.649	41.101000000000006	44.67716666666666	49.277	41.066277	44.656711	49.26938400000001	99.8709793391361	2886960.0	48.116	4853.61	640	360	29.97	8	75965834c8a9d62cb6c6f84bfa5d837b	31d98ca8637291893803c332f48434d9	640	360	1999.0	4.0	3833.0	2937.0	False	False	0.9723152240117391	0.9942355394245062
red_kayak_360p_60f	red_kayak_360p_60f	svtav1	svtav1_20200602_88c125c_enc-mode0	60	32	0	5311782.0	5311.782	36.4805	42.186833333333325	48.0525	36.416777	42.164626	48.034889	99.67700238855278	2770050.0	46.1675	4566.86	640	360	29.97	8	48829e0c6f6ebdfa44e541909e55f6e2	1b08d1e7b94029d8998dde497a66b9e3	640	360	2101.0	3.0	3422.0	2883.0	False	False	0.9396688014268875	0.98574506221333
red_kayak_360p_60f	red_kayak_360p_60f	svtav1	svtav1_20200602_88c125c_enc-mode0	60	43	0	2373325.0	2373.325	31.8745	39.752833333333335	46.627333333333354	31.787781	39.726359	46.601884	86.20203207700591	2144721.0	35.74535	3796.71	640	360	29.97	8	56db6a2dfa3711efc8d913e0715eb5e8	4d35f093fe90910b9a0980f1f4dbd9c2	640	360	2626.0	3.0	2852.0	3100.0	False	False	0.8693328599135081	0.9651309141084885
red_kayak_360p_60f	red_kayak_360p_60f	svtav1	svtav1_20200602_88c125c_enc-mode0	60	55	0	716422.0	716.422	28.019833333333338	37.8505	45.33233333333333	27.94948	37.831971	45.258086	58.94354131064404	1444705.0	24.078416666666666	2513.25	640	360	29.97	8	e2dc08978fa0fcc3e7d58e82d588d73e	112b3ed3b6597d5d19b9ab543c6c6096	640	360	2018.0	3.0	2352.0	3294.0	False	False	0.7532401710748673	0.9179622824328408
red_kayak_360p_60f	red_kayak_360p_60f	svtav1	svtav1_20200602_88c125c_enc-mode0	60	59	0	385355.0	385.3550000000001	26.84716666666667	37.260000000000005	44.79299999999999	26.793292	37.247044	44.693	44.26412956244936	1100303.0	18.338383333333333	1978.81	640	360	29.97	8	7b37758ffe2f7768e8a4e5cc90afde8d	a6ddf4b24b181b576d28325b4829732b	640	360	2015.0	6.0	2465.0	5809.0	False	False	0.7047747790813446	0.8867952322622049
vidyo1_720p_60fps_60f	vidyo1_720p_60fps_60f	svtav1	svtav1_20200602_88c125c_enc-mode0	60	20	0	3622976.0	3622.976	45.46616666666666	48.08433333333335	49.39933333333334	45.447753	48.078413	49.396746	96.4750980909471	1735026.0	28.9171	3053.98	1280	720	60.0	8	639b926470384eeb31b9efcfbbbdc5c5	50c7c8cc649a6819fcb119719f738792	1280	720	5042.0	4.0	3548.0	9881.0	False	False	0.997500815987587	0.9968855809916553
vidyo1_720p_60fps_60f	vidyo1_720p_60fps_60f	svtav1	svtav1_20200602_88c125c_enc-mode0	60	32	0	1400824.0	1400.824	43.96833333333335	47.57083333333334	48.74716666666667	43.960485	47.566791	48.744267	95.1504632198711	1503985.0	25.066416666666665	2670.33	1280	720	60.0	8	72f927b92abd5bdffefae679d3f03d6a	59fcc3b88dddaa77086c25e985214c0e	1280	720	5369.0	4.0	2920.0	10239.0	False	False	0.9960528085629146	0.995501655891747
vidyo1_720p_60fps_60f	vidyo1_720p_60fps_60f	svtav1	svtav1_20200602_88c125c_enc-mode0	60	43	0	686544.0	686.544	42.480333333333334	46.86466666666668	47.81566666666666	42.471537	46.861628	47.813935	93.01139882697662	1005079.0	16.751316666666668	1694.46	1280	720	60.0	8	444805cbd1564f7452af6e1248221e3c	e50a5e807b33d009d6920c008625251a	1280	720	5012.0	3.0	2301.0	9865.0	False	False	0.994005807240804	0.9937033456362304
vidyo1_720p_60fps_60f	vidyo1_720p_60fps_60f	svtav1	svtav1_20200602_88c125c_enc-mode0	60	55	0	313920.0	313.92	39.85783333333333	45.249500000000005	45.71033333333335	39.845253	45.247985	45.707317	87.02027434602239	677456.0	11.290933333333333	1109.11	1280	720	60.0	8	4527f76b80c70f942ed5fdaca5e23b55	8464cbc36a9fc1dc987dcdf1ac05923d	1280	720	5052.0	3.0	2249.0	10733.0	False	False	0.9874429523944854	0.9883753419555504
vidyo1_720p_60fps_60f	vidyo1_720p_60fps_60f	svtav1	svtav1_20200602_88c125c_enc-mode0	60	59	0	202440.0	202.44	37.79783333333334	43.7895	43.985166666666686	37.79063	43.788303	43.982881	80.0124667297666	667003.0	11.116716666666667	1117.74	1280	720	60.0	8	085988b11b146996bfc892fcf7b5e635	c760cb6c2e0e83781647d45199021d2e	1280	720	5016.0	3.0	2003.0	10992.0	False	False	0.9783165355523428	0.9810883972560307
vidyo4_720p_60fps_60f	vidyo4_720p_60fps_60f	svtav1	svtav1_20200602_88c125c_enc-mode0	60	20	0	4993472.0	4993.472	44.21516666666666	49.96616666666667	50.25866666666668	44.174925	49.960715	50.253769	97.77005489002549	1785110.0	29.751833333333334	3313.6	1280	720	60.0	8	8ece5485d9f74944d2435c9e22b60808	99951d9865e57f7b628ab427a899c870	1280	720	5362.0	3.0	4508.0	9879.0	False	False	0.9964210053284963	0.9956422785483298
vidyo4_720p_60fps_60f	vidyo4_720p_60fps_60f	svtav1	svtav1_20200602_88c125c_enc-mode0	60	32	0	1810272.0	1810.272	42.80200000000001	49.33433333333335	49.66566666666666	42.754069	49.326393	49.659225	96.45862680270962	1467488.0	24.458133333333333	2696.15	1280	720	60.0	8	31a55cd94467625c7961887abdcae39e	30b410fcc148d9cbd6866fbc4a7cdbdc	1280	720	4955.0	4.0	3477.0	11177.0	False	False	0.994660637776057	0.9938833070176685
vidyo4_720p_60fps_60f	vidyo4_720p_60fps_60f	svtav1	svtav1_20200602_88c125c_enc-mode0	60	43	0	908184.0	908.184	41.44483333333334	48.47766666666667	48.77483333333336	41.381303	48.463688	48.764772	94.43676934141278	1248684.0	20.8114	2092.6	1280	720	60.0	8	a2c22e39269c875ca9ffd3364d0e8fbb	64f68834e0834650808ab638c0dfcdbd	1280	720	5794.0	7.0	3419.0	9936.0	False	False	0.99188159207503	0.9914058722274006
vidyo4_720p_60fps_60f	vidyo4_720p_60fps_60f	svtav1	svtav1_20200602_88c125c_enc-mode0	60	55	0	414144.0	414.144	39.091	46.660333333333334	46.75233333333334	39.022866	46.64764	46.74021	89.219380137841	926765.0	15.446083333333334	1411.64	1280	720	60.0	8	ef60f8bdb14d136853c92bd5f8d23e7f	cbf0c83d28929e100310d2b0e0987492	1280	720	5010.0	4.0	2777.0	10152.0	False	False	0.9832383175690969	0.9844156688701808
vidyo4_720p_60fps_60f	vidyo4_720p_60fps_60f	svtav1	svtav1_20200602_88c125c_enc-mode0	60	59	0	267424.0	267.424	37.34816666666667	44.859500000000004	44.99216666666667	37.290654	44.852106	44.9827	83.04537748654768	858883.0	14.314716666666667	1520.18	1280	720	60.0	8	e6dd8075ee2f186906daff18fbc22b90	810f678474c5a4f3e82a780aa80a9903	1280	720	5146.0	4.0	2441.0	10144.0	False	False	0.9729861229658127	0.9764772367407074
Aerial_1920x1080_2997_10b	Aerial_1920x1080_2997_10b	svtav1	svtav1_20200602_88c125c_enc-mode0	60	20	0	9263795.0	9263.795	43.56566666666666	46.00016666666667	45.32466666666664	43.516897	45.981304	45.309034	96.43316679949923	3784623.0	63.07705	6923.99	1920	1080	29.97	10	a460e82108708db992d5546fcb3ddd46	fe85ddfcd889b07113a1204c780f34da	1920	1080	22997.0	7.0	9270.0	22496.0	False	False	0.9989810387293497	0.9979551703757835
Aerial_1920x1080_2997_10b	Aerial_1920x1080_2997_10b	svtav1	svtav1_20200602_88c125c_enc-mode0	60	32	0	4716565.0	4716.565	41.61116666666665	44.54233333333333	44.08150000000001	41.55574	44.530088	44.072936	95.220499698327	4254122.0	70.90203333333334	7111.45	1920	1080	29.97	10	0ce60bbee18174be47efa7628e3d339a	806fbb8552ce0ee12527b91769ca3209	1920	1080	24751.0	4.0	8433.0	24385.0	False	False	0.9984077910582224	0.9969494182822936
Aerial_1920x1080_2997_10b	Aerial_1920x1080_2997_10b	svtav1	svtav1_20200602_88c125c_enc-mode0	60	43	0	2890103.0	2890.103	39.575500000000005	43.1025	42.95933333333334	39.509033	43.092075	42.955202	93.07068088435167	3050223.0	50.83705	5064.09	1920	1080	29.97	10	e62f9f7c93566497a47d98df39d233b3	062986afd984180904bc06dff78c790c	1920	1080	24004.0	7.0	7309.0	26932.0	False	False	0.9974003156026204	0.9952185479151183
Aerial_1920x1080_2997_10b	Aerial_1920x1080_2997_10b	svtav1	svtav1_20200602_88c125c_enc-mode0	60	55	0	1191920.0	1191.9200000000003	35.25083333333335	40.141499999999965	40.73383333333334	35.231811	40.13907	40.733351	86.05020891928447	2647089.0	44.11815	4159.55	1920	1080	29.97	10	31695ee294f25242a5de5ad0c5e6ede2	17344cb5ac322d3b54a443abb8ec2063	1920	1080	24451.0	4.0	5338.0	22884.0	False	False	0.9928616652886073	0.9871180003253406
Aerial_1920x1080_2997_10b	Aerial_1920x1080_2997_10b	svtav1	svtav1_20200602_88c125c_enc-mode0	60	59	0	616476.0	616.476	32.14666666666667	38.45916666666669	39.60866666666664	32.142612	38.45819199999999	39.609094	77.16625251464141	2520990.0	42.0165	3656.81	1920	1080	29.97	10	7da18bccfb24b52dbf418e9fae712a7f	6af498a29315f96f93f542c65f9220c1	1920	1080	24489.0	2.0	5110.0	23896.0	False	False	0.9843478242556254	0.9715551551573939
Sintel_Dragons_1920x816_24_10b	Sintel_Dragons_1920x816_24_10b	svtav1	svtav1_20200602_88c125c_enc-mode0	60	20	0	5063808.0	5063.808	46.918666666666674	51.25149999999998	51.37999999999999	46.863383	51.227098	51.338280000000005	99.91441439464269	5469784.0	91.16306666666667	9948.37	1920	816	24.0	10	a51470b759f7fe932ad1e101a631a021	602fce6d23f6b4bcaf3cf3507b7775d1	1920	816	10497.0	4.0	16387.0	16208.0	False	False	0.9967286318540574	0.996880814838465
Sintel_Dragons_1920x816_24_10b	Sintel_Dragons_1920x816_24_10b	svtav1	svtav1_20200602_88c125c_enc-mode0	60	32	0	2593955.0	2593.955	43.77916666666666	48.75583333333334	48.80933333333332	43.732115	48.718299	48.738344	99.87103642432626	4557358.0	75.95596666666667	8239.53	1920	816	24.0	10	b0d68ebe9255faf47c68c0e1705bf6d2	6f1ba1041f4cd19e909d09a36f4382cb	1920	816	10731.0	3.0	14499.0	16243.0	False	False	0.9939828862746557	0.9944217955863225
Sintel_Dragons_1920x816_24_10b	Sintel_Dragons_1920x816_24_10b	svtav1	svtav1_20200602_88c125c_enc-mode0	60	43	0	1370128.0	1370.128	40.85916666666665	46.372166666666665	46.404166666666676	40.796045	46.321047	46.312911	97.90815705067226	4080367.0	68.00611666666667	6884.82	1920	816	24.0	10	24406441463860e197f17e1b9f07b300	5cbb401ee8aabbb5c943d8e5d6ae97fe	1920	816	10612.0	2.0	12724.0	18419.0	False	False	0.9886223395665487	0.9898702471993854
Sintel_Dragons_1920x816_24_10b	Sintel_Dragons_1920x816_24_10b	svtav1	svtav1_20200602_88c125c_enc-mode0	60	55	0	671542.0	671.542	37.49416666666668	43.47566666666666	43.66883333333333	37.445174	43.427019	43.58119	85.26914787089498	2896014.0	48.2669	4559.87	1920	816	24.0	10	067ce40cb200ba0ec612a5101cb1ddbb	7089fb377855a0eb45f83748acad67a9	1920	816	10260.0	4.0	11216.0	16244.0	False	False	0.9758028030395508	0.9794805344366271
Sintel_Dragons_1920x816_24_10b	Sintel_Dragons_1920x816_24_10b	svtav1	svtav1_20200602_88c125c_enc-mode0	60	59	0	480969.0	480.969	35.898333333333326	42.06633333333333	42.23633333333334	35.864787	42.035424	42.171908	76.30709154898861	2163080.0	36.05133333333333	3884.56	1920	816	24.0	10	0a993bb440bfdb17ff849dd1f070baa1	a6e26af17007b680144a8eb631d170d4	1920	816	13929.0	12.0	9988.0	16162.0	False	False	0.9658071140448252	0.9714259797350535
Market3_1920x1080p_50_10b_pq_709	Market3_1920x1080p_50_10b_pq_709	svtav1	svtav1_20200602_88c125c_enc-mode0	60	20	0	12463413.0	12463.413	44.93383333333334	51.43483333333332	52.40283333333334	44.912489	51.424895	52.397479	99.83318101126548	5126749.0	85.44581666666667	8605.28	1920	1080	50.0	10	05021262e27c1df241ab7359c315ac9a	a6cd8dba772e15b7c2c60e36a9859e9d	1920	1080	22057.0	14.0	14126.0	22846.0	False	False	0.9992045263449351	0.9982039368061802
Market3_1920x1080p_50_10b_pq_709	Market3_1920x1080p_50_10b_pq_709	svtav1	svtav1_20200602_88c125c_enc-mode0	60	32	0	6224806.0	6224.806	42.17916666666666	49.22483333333335	50.36333333333333	42.14753	49.21947	50.360694	98.79959571094143	4901385.0	81.68975	8239.84	1920	1080	50.0	10	2397ec3828d2c9826413a8455dd41bb9	e43379699b785f379bce6a59fe6d133a	1920	1080	21693.0	4.0	14161.0	23745.0	False	False	0.9985011100769043	0.9966857145574564
Market3_1920x1080p_50_10b_pq_709	Market3_1920x1080p_50_10b_pq_709	svtav1	svtav1_20200602_88c125c_enc-mode0	60	43	0	3260740.0	3260.74	39.40133333333332	47.262500000000024	48.61750000000002	39.359553	47.258856	48.616081	95.49597562087608	3833978.0	63.899633333333334	6838.94	1920	1080	50.0	10	02175e0345c8c6408e83608c4ad01cef	45d972ef50800eac5ca924226f4ee6a1	1920	1080	21086.0	4.0	12339.0	24147.0	False	False	0.9967664738496145	0.9931779146109057
Market3_1920x1080p_50_10b_pq_709	Market3_1920x1080p_50_10b_pq_709	svtav1	svtav1_20200602_88c125c_enc-mode0	60	55	0	1307433.0	1307.433	35.53283333333333	44.523999999999994	46.10900000000001	35.505841	44.522818	46.107955999999994	86.39913883832592	2762651.0	46.044183333333336	4426.85	1920	1080	50.0	10	d12d8795fd40df28999c5c07f64e74a6	4d4949bdde66f103f8aef6a124d8d6b4	1920	1080	20550.0	4.0	11206.0	24469.0	False	False	0.9889900594949722	0.9796785666214599
Market3_1920x1080p_50_10b_pq_709	Market3_1920x1080p_50_10b_pq_709	svtav1	svtav1_20200602_88c125c_enc-mode0	60	59	0	806853.0	806.853	33.66133333333334	43.10000000000001	44.773666666666664	33.647433	43.100129	44.770722	78.23084333649437	2571575.0	42.85958333333333	4431.05	1920	1080	50.0	10	6bcd748d35caaff365bbca4f85334d88	da2da7577a898ffebd853f8ef26de69c	1920	1080	20334.0	5.0	10967.0	24100.0	False	False	0.9800558149814605	0.9670635393374762
Netflix_Boat_1920x1080_60fps_8bi	Netflix_Boat_1920x1080_60fps_8bi	svtav1	svtav1_20200602_88c125c_enc-mode0	60	20	0	28665712.0	28665.712	43.61416666666665	46.01400000000002	47.707499999999996	43.58841	45.979049	47.681505	99.9169429598087	6280102.0	104.66836666666667	10596.45	1920	1080	60.0	8	66d01b4d3fbaf1190bda0e4423b23382	d2ff8a9391dd4bf8d3535ffb9080a89c	1920	1080	14557.0	5.0	14654.0	24041.0	False	False	0.9993144899606705	0.9985743731876451
Netflix_Boat_1920x1080_60fps_8bi	Netflix_Boat_1920x1080_60fps_8bi	svtav1	svtav1_20200602_88c125c_enc-mode0	60	32	0	15814376.0	15814.376	41.087666666666664	44.49766666666666	45.93133333333334	41.035205	44.455735	45.904462	99.59565347081882	5706459.0	95.10765	10431.88	1920	1080	60.0	8	db8d223b20dc9121adcdc1a90a349d54	9ba7cd2ee6e4daa3d53949bac2fb2cdd	1920	1080	13698.0	15.0	12445.0	22804.0	False	False	0.9987978041172028	0.9975740779211631
Netflix_Boat_1920x1080_60fps_8bi	Netflix_Boat_1920x1080_60fps_8bi	svtav1	svtav1_20200602_88c125c_enc-mode0	60	43	0	8490728.0	8490.728	37.97083333333334	42.717333333333315	43.69316666666666	37.873365	42.68294	43.680579	95.77824235533093	3869393.0	64.48988333333334	6830.39	1920	1080	60.0	8	02739d1c6869b02036e12d99a5c23eb3	fbb90a7524b4394458c4a0b05ae0c539	1920	1080	13932.0	3.0	11426.0	23745.0	False	False	0.9974355618158977	0.9949589732034543
Netflix_Boat_1920x1080_60fps_8bi	Netflix_Boat_1920x1080_60fps_8bi	svtav1	svtav1_20200602_88c125c_enc-mode0	60	55	0	3738008.0	3738.008	33.80316666666667	40.55400000000001	41.065333333333335	33.710276	40.519192	41.06139700000001	86.11014262037365	3222757.0	53.71261666666667	5444.41	1920	1080	60.0	8	2e5013ca01c285bec366c54d1167e165	c1c5f684b9eed94d086a3cb17469eb20	1920	1080	14266.0	4.0	10213.0	23974.0	False	False	0.9921483178933461	0.9854050862082921
Netflix_Boat_1920x1080_60fps_8bi	Netflix_Boat_1920x1080_60fps_8bi	svtav1	svtav1_20200602_88c125c_enc-mode0	60	59	0	2444632.0	2444.632	31.68166666666667	39.29883333333333	39.56766666666666	31.628345	39.280086	39.566675	78.45191657401128	2714741.0	45.24568333333333	4140.94	1920	1080	60.0	8	20a686d15269e46929e6a4449727ad35	4028baca3ac6bdf7b00e5236172a8723	1920	1080	13659.0	4.0	9372.0	23693.0	False	False	0.9853556255499522	0.9736119241562708
Netflix_Crosswalk_1920x1080_60fp	Netflix_Crosswalk_1920x1080_60fp	svtav1	svtav1_20200602_88c125c_enc-mode0	60	20	0	7362664.0	7362.664	45.51416666666666	48.24133333333334	50.06766666666669	45.498134	48.234192	50.057193	99.04459419584343	4494123.0	74.90205	7660.57	1920	1080	60.0	8	35bec82d3e228280e1d703124882bdea	0c724483de214304d3852639093a39ee	1920	1080	9907.0	8.0	17109.0	23864.0	False	False	0.9975822697083155	0.9956706267234977
Netflix_Crosswalk_1920x1080_60fp	Netflix_Crosswalk_1920x1080_60fp	svtav1	svtav1_20200602_88c125c_enc-mode0	60	32	0	3710040.0	3710.04	44.19666666666664	47.416333333333334	49.177499999999995	44.159822	47.402082	49.158458	95.61107609253999	3772572.0	62.8762	6658.68	1920	1080	60.0	8	034ff9a8feba061b7b1519c3c4686731	a4939a1c907e7f10c19990834c69231d	1920	1080	9788.0	4.0	15939.0	24968.0	False	False	0.9958360334237416	0.9937487049833869
Netflix_Crosswalk_1920x1080_60fp	Netflix_Crosswalk_1920x1080_60fp	svtav1	svtav1_20200602_88c125c_enc-mode0	60	43	0	1874088.0	1874.088	42.41666666666666	46.328833333333336	48.04633333333334	42.345185	46.313867	48.026969	89.24544897114126	3018735.0	50.31225	4944.7	1920	1080	60.0	8	a0539e23d1e1be23e3e74bb20abf6c89	0f366ab44c100426ffa91456e0e336fb	1920	1080	10130.0	10.0	14341.0	27431.0	False	False	0.9918930212656657	0.9899336904754735
Netflix_Crosswalk_1920x1080_60fp	Netflix_Crosswalk_1920x1080_60fp	svtav1	svtav1_20200602_88c125c_enc-mode0	60	55	0	866976.0	866.976	39.67383333333333	44.49616666666666	46.08883333333333	39.596881	44.483577	46.073223	74.92484847105216	2372312.0	39.53853333333333	3631.95	1920	1080	60.0	8	34376c0ee2860471f8ace1c819de01d9	0decfb58a53c14fa8aef3f19c5eed96d	1920	1080	9452.0	7.0	12665.0	24058.0	False	False	0.9806642363468806	0.9801286504306067
Netflix_Crosswalk_1920x1080_60fp	Netflix_Crosswalk_1920x1080_60fp	svtav1	svtav1_20200602_88c125c_enc-mode0	60	59	0	626008.0	626.008	38.30699999999999	43.51033333333335	45.02383333333333	38.239137	43.500336	45.009185	65.8887904827184	1943290.0	32.38816666666666	3073.26	1920	1080	60.0	8	b43268ae625a3e6cf724503b230f7db8	c2565a3c5c411085a5b86a4a66b045ae	1920	1080	9322.0	6.0	11485.0	22981.0	False	False	0.9715803841749827	0.9726309683000529
STARCRAFT_60f_420	STARCRAFT_60f_420	svtav1	svtav1_20200602_88c125c_enc-mode0	60	20	0	7600448.0	7600.448	50.454	53.34566666666667	53.36299999999999	50.438248	53.334167	53.355421	97.60774774849315	2350774.0	39.179566666666666	4013.37	1920	1080	60.0	8	3f6cf39a8304a37c2d3606216759f15e	8b2318d843caf65bca76ab2b82a75263	1920	1080	10978.0	3.0	3142.0	26324.0	False	False	0.9996307114760081	0.9992780506873938
STARCRAFT_60f_420	STARCRAFT_60f_420	svtav1	svtav1_20200602_88c125c_enc-mode0	60	32	0	4290560.0	4290.56	47.01483333333331	51.01516666666668	51.21000000000001	46.995659	50.994237	51.19932099999999	96.82605189008682	2055456.0	34.2576	3552.53	1920	1080	60.0	8	dbcb0222773ca70c48a96a43bebfd20d	d6a0c853d64ed241ec248058c2291f2b	1920	1080	10890.0	18.0	2986.0	27714.0	False	False	0.9990775297085445	0.9983586776082622
STARCRAFT_60f_420	STARCRAFT_60f_420	svtav1	svtav1_20200602_88c125c_enc-mode0	60	43	0	2458568.0	2458.568	43.54066666666668	48.39833333333333	48.633500000000005	43.509197	48.365268	48.618569	95.14792424093415	1720530.0	28.6755	2912.41	1920	1080	60.0	8	02c31f70a92b8fdc15551241fc37667d	8bc1bfe2727c497086915e8d12cbf8ce	1920	1080	11115.0	9.0	3603.0	23964.0	False	False	0.997841277718544	0.9964516475056039
STARCRAFT_60f_420	STARCRAFT_60f_420	svtav1	svtav1_20200602_88c125c_enc-mode0	60	55	0	1048064.0	1048.064	38.5635	44.587666666666664	44.70600000000002	38.541197	44.559746	44.688358	89.75752290429467	1460795.0	24.346583333333335	2213.56	1920	1080	60.0	8	853a529da3f6314308abcb68ea4b1f8e	0f5879778a4d20df0e97a689f32800c1	1920	1080	10911.0	4.0	2968.0	23675.0	False	False	0.9922131448984146	0.9889322173523394
STARCRAFT_60f_420	STARCRAFT_60f_420	svtav1	svtav1_20200602_88c125c_enc-mode0	60	59	0	614472.0	614.472	35.70516666666666	42.25649999999999	42.4065	35.69139499999999	42.240143	42.394729	83.15655125058167	1227567.0	20.45945	1919.35	1920	1080	60.0	8	01271eaae095a7ccdf37ebb55fba7002	01600c9afd6178ec6c8f0c2c70639d6f	1920	1080	11168.0	4.0	2833.0	24090.0	False	False	0.9838294605414073	0.9787588215656078
ducks_1920x1080_50fps_10b	ducks_1920x1080_50fps_10b	svtav1	svtav1_20200602_88c125c_enc-mode0	60	20	0	110392713.0	110392.713	38.91516666666666	39.063333333333325	41.29283333333332	38.80549899999999	39.043651	41.290355	98.59663666916235	17587011.0	293.11685	33834.45	1920	1080	50.0	10	95e2e91e706bfc765ae1a283fbd0b2e8	ecffe02ba0c525c5da2d9456e0752908	1920	1080	21973.0	5.0	39019.0	22786.0	False	False	0.9987953027089437	0.9958053583161024
ducks_1920x1080_50fps_10b	ducks_1920x1080_50fps_10b	svtav1	svtav1_20200602_88c125c_enc-mode0	60	32	0	27115800.0	27115.8	34.94783333333333	36.714000000000006	39.775333333333336	34.940544	36.70948	39.77169	93.09251613368728	13815835.0	230.26391666666666	24924.46	1920	1080	50.0	10	c5409b47c7b8ce01d513c7d4fac50ae9	8de6f875e9406afc7010e486c3da95bd	1920	1080	24103.0	4.0	28033.0	23234.0	False	False	0.9964145531256994	0.9895752533900063
ducks_1920x1080_50fps_10b	ducks_1920x1080_50fps_10b	svtav1	svtav1_20200602_88c125c_enc-mode0	60	43	0	9797640.0	9797.639999999998	32.976000000000006	34.92049999999999	38.45466666666667	32.969967	34.897208	38.449794	84.12941926424303	7690466.0	128.17443333333333	13663.9	1920	1080	50.0	10	d094dd2367f89182fb749ffeba8f300a	abe8804d52fc632086fbc3c45ada30e4	1920	1080	22544.0	14.0	22108.0	23482.0	False	False	0.9908018807570139	0.9810692987581006
ducks_1920x1080_50fps_10b	ducks_1920x1080_50fps_10b	svtav1	svtav1_20200602_88c125c_enc-mode0	60	55	0	3566660.0	3566.6599999999994	30.476333333333336	33.017166666666675	37.24966666666665	30.458535	32.989376	37.247532	67.14336592762614	5488963.0	91.48271666666666	8898.24	1920	1080	50.0	10	9566e65f2b6d0ba8b681cb7807b5ca05	13aa503fe975febad4dd2e9f241a3128	1920	1080	22632.0	5.0	17736.0	23684.0	False	False	0.9741729507843654	0.9603379757251698
ducks_1920x1080_50fps_10b	ducks_1920x1080_50fps_10b	svtav1	svtav1_20200602_88c125c_enc-mode0	60	59	0	2304806.0	2304.806	29.29699999999999	32.1565	36.57866666666666	29.277339	32.136554	36.577351	57.72158325220296	3734401.0	62.24001666666667	6705.46	1920	1080	50.0	10	0a57a9b75863f8d2fafc55230307187d	829ec13a0a746f2186c7bcbb202ef04c	1920	1080	21531.0	3.0	15181.0	22836.0	False	False	0.9604043155908585	0.9446996592281351
Netflix_FoodMarket_1920x1080_60f	Netflix_FoodMarket_1920x1080_60f	svtav1	svtav1_20200602_88c125c_enc-mode0	60	20	0	20168536.0	20168.536	40.975	44.82016666666667	45.57983333333333	40.966996	44.816085	45.578218	99.11191926480511	6611104.0	110.18506666666667	12189.12	1920	1080	60.0	8	f265df14d767120bb89c343c2f7bb981	56b8e5f8ba3926f496cc77b8aff4753c	1920	1080	12161.0	3.0	18351.0	22837.0	False	False	0.9951331029335658	0.9895949509678031
Netflix_FoodMarket_1920x1080_60f	Netflix_FoodMarket_1920x1080_60f	svtav1	svtav1_20200602_88c125c_enc-mode0	60	32	0	6615032.0	6615.032	39.66416666666667	43.9555	44.90583333333335	39.655709	43.950194	44.904016	95.88513878766457	6176992.0	102.94986666666667	10243.49	1920	1080	60.0	8	db60659d8bed7670bc13084b440c9852	aebe8735c926117b5941b56290232598	1920	1080	12146.0	4.0	14119.0	28711.0	False	False	0.991799329717954	0.9848632307706232
Netflix_FoodMarket_1920x1080_60f	Netflix_FoodMarket_1920x1080_60f	svtav1	svtav1_20200602_88c125c_enc-mode0	60	43	0	3213448.0	3213.448	38.265333333333324	43.03950000000002	44.13166666666667	38.247668	43.031212	44.128343	90.68753068808739	4211135.0	70.18558333333333	6990.86	1920	1080	60.0	8	edd14b5a638c73137dd4ba1ce723a3e8	e3834c203589f2c2c55843222fd052c5	1920	1080	12381.0	2.0	14993.0	27525.0	False	False	0.9864150524139405	0.9780911711101725
Netflix_FoodMarket_1920x1080_60f	Netflix_FoodMarket_1920x1080_60f	svtav1	svtav1_20200602_88c125c_enc-mode0	60	55	0	1369376.0	1369.376	35.95783333333334	41.58099999999999	42.650666666666666	35.931874	41.572055	42.643937	78.08763369580797	3250850.0	54.18083333333333	5526.0	1920	1080	60.0	8	11ba51ce5b7dd624f12b7e0af3039fb9	88bca2b182de6fe2ef31b49848b58cf2	1920	1080	12201.0	3.0	11235.0	26182.0	False	False	0.9682291626930237	0.9588670998524865
Netflix_FoodMarket_1920x1080_60f	Netflix_FoodMarket_1920x1080_60f	svtav1	svtav1_20200602_88c125c_enc-mode0	60	59	0	872720.0	872.72	34.53333333333333	40.61866666666666	41.585833333333326	34.513183	40.611416	41.571495	67.58096278682557	2607040.0	43.45066666666666	4089.72	1920	1080	60.0	8	8649eab1705875941c7c53fe66cccc4c	51685a794ec7e5c416cb860ccbcb88bd	1920	1080	12215.0	7.0	10601.0	24080.0	False	False	0.9477571537097295	0.9396845645934774
Netflix_SquareAndTimelapse_1920x	Netflix_SquareAndTimelapse_1920x	svtav1	svtav1_20200602_88c125c_enc-mode0	60	20	0	19978376.0	19978.376	44.52016666666667	48.76366666666667	47.918000000000006	44.502386	48.752257	47.902257	99.9084718048776	6410661.0	106.84435	10987.86	1920	1080	60.0	8	902cd4cc379738d6d4e9ce668a962457	6bc3b6e8591ff7bd3e68ae3d50eac24c	1920	1080	12319.0	7.0	16204.0	23655.0	False	False	0.9991609156131744	0.9978832306222339
Netflix_SquareAndTimelapse_1920x	Netflix_SquareAndTimelapse_1920x	svtav1	svtav1_20200602_88c125c_enc-mode0	60	32	0	11009848.0	11009.848	41.971166666666676	46.921	45.837666666666664	41.94286	46.908818	45.820148	99.87182859156034	5116421.0	85.27368333333334	9442.75	1920	1080	60.0	8	be3379230777fa43298e2a5ec92ba37d	5432e62170bc13095b086c99113ecbc6	1920	1080	12322.0	5.0	15444.0	23625.0	False	False	0.9982465674479802	0.9960344394479297
Netflix_SquareAndTimelapse_1920x	Netflix_SquareAndTimelapse_1920x	svtav1	svtav1_20200602_88c125c_enc-mode0	60	43	0	6042296.0	6042.296	39.108333333333334	45.03383333333334	43.715333333333334	39.056176	45.017338	43.691756000000005	98.24911329313	4279600.0	71.32666666666667	7271.93	1920	1080	60.0	8	d6bb9d1b9a1c8d9b425eb729d524299c	aff8f2c281f9fbdb732fb122f6a0eae0	1920	1080	12615.0	4.0	13774.0	23746.0	False	False	0.9959139893452327	0.9920376938954674
Netflix_SquareAndTimelapse_1920x	Netflix_SquareAndTimelapse_1920x	svtav1	svtav1_20200602_88c125c_enc-mode0	60	55	0	2809200.0	2809.2	35.329000000000015	42.1045	40.71866666666667	35.279681	42.089024	40.698231	87.60069506239621	2982600.0	49.71	5198.6	1920	1080	60.0	8	515a278bab629d3f9e1baa15933268a3	9323e84a0634c094ecd1a673db266528	1920	1080	12072.0	2.0	16383.0	23009.0	False	False	0.9874272763729095	0.9797687672976864
Netflix_SquareAndTimelapse_1920x	Netflix_SquareAndTimelapse_1920x	svtav1	svtav1_20200602_88c125c_enc-mode0	60	59	0	1846200.0	1846.2	33.275500000000015	40.16433333333335	38.879666666666665	33.247369	40.157071	38.867751	78.28024229439393	2769952.0	46.165866666666666	4369.15	1920	1080	60.0	8	cd7560426b59a84ce409eadc1fbef0bd	69404d1225d9ad609dd75d98326cd66b	1920	1080	12366.0	6.0	11310.0	23819.0	False	False	0.9769747227430343	0.9664101911276
aspen_1080p_60f	aspen_1080p_60f	svtav1	svtav1_20200602_88c125c_enc-mode0	60	20	0	7979620.0	7979.62	43.93633333333335	47.98250000000001	49.183	43.926878	47.97968	49.180079	97.80152442221532	5779403.0	96.32338333333334	9663.65	1920	1080	29.97	8	5a980ecf66a372b7b512492305223370	feb20fa6124f3fef3a68f6169f64678c	1920	1080	9363.0	4.0	16721.0	23047.0	False	False	0.996011174718539	0.9924306722063684
aspen_1080p_60f	aspen_1080p_60f	svtav1	svtav1_20200602_88c125c_enc-mode0	60	32	0	2324362.0	2324.362	42.05900000000001	46.964499999999994	48.09416666666665	42.048811	46.961664	48.090229	93.86354906594556	4816911.0	80.28185	8426.87	1920	1080	29.97	8	cf4bf5721b400db1e6d98b260eea51c1	2e0dc5267e1cf0b05e9bcc95c362a61f	1920	1080	9815.0	6.0	13498.0	23845.0	False	False	0.9939047654469808	0.9895351923956085
aspen_1080p_60f	aspen_1080p_60f	svtav1	svtav1_20200602_88c125c_enc-mode0	60	43	0	1037901.0	1037.901	40.70399999999999	45.725166666666695	46.79666666666669	40.681205	45.719306	46.790866	88.85237994423152	3586904.0	59.781733333333335	6131.3	1920	1080	29.97	8	db44b331a5384ab22c4dd82e137f329d	aa44c9109c896610a667e028777e9199	1920	1080	9849.0	5.0	10638.0	23354.0	False	False	0.9912552634874979	0.9865589086122358
aspen_1080p_60f	aspen_1080p_60f	svtav1	svtav1_20200602_88c125c_enc-mode0	60	55	0	447224.0	447.224	38.55766666666668	43.66049999999999	44.52566666666666	38.526948	43.654126	44.521137	78.76372201363208	2519514.0	41.9919	4053.86	1920	1080	29.97	8	9244dae4567182d11ebdcdf12eb35da4	9183b1855c97c3c27b72036452ca9152	1920	1080	9746.0	4.0	10065.0	25573.0	False	False	0.9844462901353837	0.9794503344663765
aspen_1080p_60f	aspen_1080p_60f	svtav1	svtav1_20200602_88c125c_enc-mode0	60	59	0	291492.0	291.492	36.916500000000006	42.162666666666674	42.841666666666676	36.888194	42.156123	42.838755	68.86872644469769	2248007.0	37.46678333333333	3774.0	1920	1080	29.97	8	9e029277b4e4994274f18cce05f50cef	8bb446b609c46d0adef31359375810d8	1920	1080	9472.0	4.0	9262.0	23682.0	False	False	0.9750889569520951	0.9702958927677796
life_1080p30_60f	life_1080p30_60f	svtav1	svtav1_20200602_88c125c_enc-mode0	60	20	0	12234880.0	12234.88	44.25983333333331	49.547499999999985	49.148833333333314	44.248599	49.537822	49.14015	99.46390533681969	6323321.0	105.38868333333333	11033.31	1920	1080	30.0	8	33ae79e221379dbed5af0ce926148567	f84fe9795528f74e0faa1a29ab21a0b4	1920	1080	12563.0	4.0	14120.0	24156.0	False	False	0.9991622656583786	0.997831907889551
life_1080p30_60f	life_1080p30_60f	svtav1	svtav1_20200602_88c125c_enc-mode0	60	32	0	5655408.0	5655.408	41.33183333333332	47.39849999999999	47.07450000000001	41.31777	47.381789	47.059007	97.64042615822702	5438197.0	90.63661666666667	9672.95	1920	1080	30.0	8	c50ec79f3c2add66a6ed7668d691c1f0	9862912ce06ae3d403e79152a99fac15	1920	1080	12524.0	43.0	12509.0	22680.0	False	False	0.998396036028862	0.9961018036441359
life_1080p30_60f	life_1080p30_60f	svtav1	svtav1_20200602_88c125c_enc-mode0	60	43	0	2782272.0	2782.272	38.63333333333335	45.415166666666664	45.21700000000001	38.608936	45.385795	45.193835	94.40755167153024	4550547.0	75.84245	7707.52	1920	1080	30.0	8	6fc44dd1c529f09a0fdd5a32f1c87fca	13ad6e6818089b0d1742a83a32f5cee7	1920	1080	13639.0	4.0	11325.0	24928.0	False	False	0.996604523062706	0.9924630710108562
life_1080p30_60f	life_1080p30_60f	svtav1	svtav1_20200602_88c125c_enc-mode0	60	55	0	1130612.0	1130.612	35.0275	42.474666666666664	42.29416666666666	35.011021	42.450169	42.271714	86.90372445977778	3436179.0	57.26965	5755.54	1920	1080	30.0	8	b6a8e98456c85ff86e6ec8d6468036d2	0f3186ff8acbcdfe6ea5835c080d65f3	1920	1080	12589.0	4.0	9690.0	24041.0	False	False	0.9891404022773107	0.9783235772618915
life_1080p30_60f	life_1080p30_60f	svtav1	svtav1_20200602_88c125c_enc-mode0	60	59	0	705812.0	705.812	33.33866666666667	40.88966666666669	40.50016666666667	33.328914	40.876906	40.489741	80.09849273324572	2522965.0	42.049416666666666	4276.04	1920	1080	30.0	8	f5543b2a466fb3c1fc0580e81800be3c	e9cef2a659de00fc113bc76148a2d9b3	1920	1080	12641.0	5.0	8955.0	23195.0	False	False	0.9789922187725703	0.9626451804129246
Cosmos1_1920x856_BT2100_PQ_24fps	Cosmos1_1920x856_BT2100_PQ_24fps	svtav1	svtav1_20200602_88c125c_enc-mode0	60	20	0	22237993.0	22237.993	41.771500000000024	44.80933333333336	47.504999999999995	41.727578	44.789335	47.494246	99.24493177281965	9795128.0	163.25213333333335	18564.47	1920	856	24.0	10	86d6cfd9c415568a5b5ff6159d632c3d	3bd2c70c4a866c4d0e21c2327e185b71	1920	856	18209.0	3.0	25654.0	17340.0	False	False	0.9966384659210841	0.9958880786254852
Cosmos1_1920x856_BT2100_PQ_24fps	Cosmos1_1920x856_BT2100_PQ_24fps	svtav1	svtav1_20200602_88c125c_enc-mode0	60	32	0	8343100.0	8343.1	37.89216666666666	42.75750000000001	45.85733333333334	37.859679	42.734613	45.843183	94.68746265654177	8975168.0	149.58613333333332	16454.59	1920	856	24.0	10	ef65d4eacf4d7c2dfb1ffddb45e06b08	72707c7d41b40db304d5a926664ca313	1920	856	16979.0	19.0	19282.0	17578.0	False	False	0.9914950956900914	0.9904523687158626
Cosmos1_1920x856_BT2100_PQ_24fps	Cosmos1_1920x856_BT2100_PQ_24fps	svtav1	svtav1_20200602_88c125c_enc-mode0	60	43	0	3254438.0	3254.438	35.28899999999999	41.198166666666665	44.54850000000001	35.25101299999999	41.176133	44.537943	84.13293732919495	6448628.0	107.47713333333333	10643.2	1920	856	24.0	10	a49a1cc79edf00f58de800faf14c64ee	9ebff1eb84082ce5ddfec2c22b147620	1920	856	17261.0	9.0	15119.0	17962.0	False	False	0.9800443828105927	0.9799126256457196
Cosmos1_1920x856_BT2100_PQ_24fps	Cosmos1_1920x856_BT2100_PQ_24fps	svtav1	svtav1_20200602_88c125c_enc-mode0	60	55	0	1195331.0	1195.331	32.492333333333335	39.46100000000001	42.75283333333334	32.449276	39.445878	42.748832	63.80621439178417	4219859.0	70.33098333333334	6665.58	1920	856	24.0	10	e9ad9b2c3315ccf1a4e45efdf69883ce	9f61de29e5ba1816c6f9cde9acb8e6bc	1920	856	17492.0	5.0	12747.0	17709.0	False	False	0.9468537251154582	0.9516352780429724
Cosmos1_1920x856_BT2100_PQ_24fps	Cosmos1_1920x856_BT2100_PQ_24fps	svtav1	svtav1_20200602_88c125c_enc-mode0	60	59	0	720070.0	720.07	31.14133333333334	38.66783333333334	41.11166666666668	31.104481	38.65433	41.106988	51.61189774429302	3846933.0	64.11555	6312.31	1920	856	24.0	10	d184c610e32a1e343fab948497555b44	f23b3a941f76a2d93ff9d78d475e9a73	1920	856	20166.0	4.0	11532.0	18397.0	False	False	0.916156354546547	0.9263299704569612
rush_hour_1080p25_60f	rush_hour_1080p25_60f	svtav1	svtav1_20200602_88c125c_enc-mode0	60	20	0	5269120.0	5269.12	43.033833333333355	46.84983333333332	48.86000000000001	43.027608	46.847397	48.857896	96.87949888264944	6579817.0	109.66361666666667	11845.14	1920	1080	25.0	8	fec23ce84410daccc213d2e0fc3c770e	84b097e14caec33f0fa2a9f152288723	1920	1080	9896.0	4.0	18753.0	23419.0	False	False	0.9964086910088857	0.992443730042123
rush_hour_1080p25_60f	rush_hour_1080p25_60f	svtav1	svtav1_20200602_88c125c_enc-mode0	60	32	0	2476420.0	2476.42	42.12483333333333	45.8735	47.633500000000005	42.121853	45.871662	47.629776	93.03897675624052	5451574.0	90.85956666666667	9410.57	1920	1080	25.0	8	4173a751ae99ed56c4d1cdab8ddab1f2	988c44e7dc4be179cefc34c68ef651b0	1920	1080	14020.0	7.0	15134.0	22371.0	False	False	0.9942484974861145	0.990344417898978
rush_hour_1080p25_60f	rush_hour_1080p25_60f	svtav1	svtav1_20200602_88c125c_enc-mode0	60	43	0	1186313.0	1186.3129999999999	40.77149999999998	44.710666666666654	46.18583333333334	40.765831	44.708353	46.178238	85.88530463621956	4084381.0	68.07301666666666	6951.06	1920	1080	25.0	8	a5fb3ffcfa3207b88443f53c038f653a	35b19b9319dbc322f74ef8a08be33f63	1920	1080	10096.0	3.0	15609.0	26371.0	False	False	0.9901508678992589	0.9866882750518773
rush_hour_1080p25_60f	rush_hour_1080p25_60f	svtav1	svtav1_20200602_88c125c_enc-mode0	60	55	0	529683.0	529.683	38.65066666666669	43.039166666666674	44.164333333333325	38.629117	43.034688	44.15211	73.2611999224173	2933814.0	48.8969	4793.58	1920	1080	25.0	8	2530a026bd3618ad1891b4f7694a3526	aac87afeed468d47297ca5081237f7a2	1920	1080	10101.0	8.0	10783.0	42128.0	False	False	0.9809950927893321	0.9789291460816617
rush_hour_1080p25_60f	rush_hour_1080p25_60f	svtav1	svtav1_20200602_88c125c_enc-mode0	60	59	0	366046.0	366.046	37.48683333333334	42.08316666666668	43.07733333333333	37.461355	42.078827	43.065725	65.86822283712478	2466812.0	41.113533333333336	4098.52	1920	1080	25.0	8	78d1b31e540df554ff020adce02295d4	5ff038bb88c8d1a180122a0e5d21875e	1920	1080	10489.0	2.0	10526.0	24139.0	False	False	0.9736818879842758	0.972906335289393
Netflix_TunnelFlag_1920x1080_60f	Netflix_TunnelFlag_1920x1080_60f	svtav1	svtav1_20200602_88c125c_enc-mode0	60	20	0	27063864.0	27063.864	42.73800000000001	46.751333333333335	48.30666666666668	42.726015	46.744431	48.301712	99.91153316445282	7582020.0	126.367	13275.77	1920	1080	60.0	8	07548d004208f66cc0957bb7f84ff41e	869319b8b1fe5fa3cf855dcdb05a7151	1920	1080	12296.0	5.0	21678.0	24507.0	False	False	0.9986226250727971	0.9965073638047761
Netflix_TunnelFlag_1920x1080_60f	Netflix_TunnelFlag_1920x1080_60f	svtav1	svtav1_20200602_88c125c_enc-mode0	60	32	0	13249696.0	13249.696	40.347500000000004	45.16683333333334	47.08783333333333	40.326755	45.15973999999999	47.07988	99.87264260923784	6406112.0	106.76853333333334	11489.72	1920	1080	60.0	8	70b831cdd04ce7963e3aa80b64bec968	2dadf5102de8f286f37a33b745d7cdd1	1920	1080	12343.0	3.0	17800.0	23041.0	False	False	0.99748794734478	0.9940894040872233
Netflix_TunnelFlag_1920x1080_60f	Netflix_TunnelFlag_1920x1080_60f	svtav1	svtav1_20200602_88c125c_enc-mode0	60	43	0	6626672.0	6626.672	37.88816666666667	43.27733333333334	45.629666666666665	37.847167	43.272252	45.622238	99.8481975285653	5270857.0	87.84761666666667	8778.33	1920	1080	60.0	8	9d7b59345607bba8995f57ee90d3568e	ecdec97cb703c7d84217015de890bdae	1920	1080	12811.0	17.0	15810.0	23607.0	False	False	0.9951355000336964	0.9898739462759486
Netflix_TunnelFlag_1920x1080_60f	Netflix_TunnelFlag_1920x1080_60f	svtav1	svtav1_20200602_88c125c_enc-mode0	60	55	0	3271544.0	3271.544	35.18616666666667	41.04883333333332	43.87983333333333	35.14068	41.043425	43.869032	99.80340847419697	3792831.0	63.21385	6491.95	1920	1080	60.0	8	4a32b2171f2dbc72f50cb42981b43675	275435023383e519d3ee3629d6e5c515	1920	1080	12579.0	2.0	13975.0	23498.0	False	False	0.9908713340759278	0.9837272102445039
Netflix_TunnelFlag_1920x1080_60f	Netflix_TunnelFlag_1920x1080_60f	svtav1	svtav1_20200602_88c125c_enc-mode0	60	59	0	2357776.0	2357.776	33.7425	39.67966666666666	42.42100000000001	33.712965	39.677533	42.416226	99.62282489322972	3688074.0	61.4679	5582.61	1920	1080	60.0	8	7861e660eeb570b5be60cf2c30dab156	92124b0a79bc3487cf44bca16d558f65	1920	1080	12638.0	4.0	13538.0	23594.0	False	False	0.9876301010449727	0.9797287803258297
touchdown_pass_1080p_60f	touchdown_pass_1080p_60f	svtav1	svtav1_20200602_88c125c_enc-mode0	60	20	0	18182343.0	18182.343	40.524666666666654	48.037000000000006	48.201999999999984	40.491837	48.029691	48.195207	96.35860397693881	8295799.0	138.26331666666667	14544.62	1920	1080	29.97	8	0792049b2d0786daca17037c47757076	de7ba48977315471abe5f7b5f55b7008	1920	1080	13541.0	6.0	23880.0	23616.0	False	False	0.9957871615886689	0.9908259408423322
touchdown_pass_1080p_60f	touchdown_pass_1080p_60f	svtav1	svtav1_20200602_88c125c_enc-mode0	60	32	0	4369903.0	4369.903	38.64200000000001	47.329166666666666	47.4535	38.625448	47.322921	47.446715	94.30770566658178	5583725.0	93.06208333333333	9834.42	1920	1080	29.97	8	0cec1ff1047bce1c4111ec30116e8ec8	32eafa9e0c8444163f9b4466621f0d38	1920	1080	12343.0	3.0	13588.0	23331.0	False	False	0.9938287238279978	0.9866700336796993
touchdown_pass_1080p_60f	touchdown_pass_1080p_60f	svtav1	svtav1_20200602_88c125c_enc-mode0	60	43	0	1938194.0	1938.194	37.392833333333336	46.27083333333334	46.327666666666666	37.372493	46.267056	46.321049	91.20564665544798	4101757.0	68.36261666666667	6518.53	1920	1080	29.97	8	4dfd044e8a4e8f660a665bae272962b7	6785e6c7c0b84b357565cf45b05c02aa	1920	1080	12416.0	3.0	11234.0	25400.0	False	False	0.9912498454252879	0.9820505213201071
touchdown_pass_1080p_60f	touchdown_pass_1080p_60f	svtav1	svtav1_20200602_88c125c_enc-mode0	60	55	0	801279.0	801.279	35.048	44.39400000000001	44.49750000000001	35.023801	44.390394	44.49088100000001	81.95714908561698	3121027.0	52.017116666666666	5070.87	1920	1080	29.97	8	6157c33683e456097a19a9272ab8d656	61c0311adaa0655730adc8892da09aad	1920	1080	12126.0	3.0	9784.0	24635.0	False	False	0.9791647851467132	0.9635080610416465
touchdown_pass_1080p_60f	touchdown_pass_1080p_60f	svtav1	svtav1_20200602_88c125c_enc-mode0	60	59	0	479868.0	479.868	33.322500000000005	43.21683333333332	43.41416666666667	33.299563	43.21445099999999	43.409278	71.54372926270236	2599552.0	43.32586666666667	4129.46	1920	1080	29.97	8	a6660567427c0c5fafbaf23965059705	85c659ca5eb255c8647207c258cd9e67	1920	1080	13044.0	4.0	9218.0	23993.0	False	False	0.9538712282975514	0.9337275213992602
ducks_take_off_1080p50_60f	ducks_take_off_1080p50_60f	svtav1	svtav1_20200602_88c125c_enc-mode0	60	20	0	105952173.0	105952.173	38.632	38.83383333333333	41.10700000000001	38.539589	38.815588	41.104412	98.40558689399784	18131779.0	302.1963166666667	32871.68	1920	1080	50.0	8	5915b2498cd33a95c249938c447db9eb	7c9d4d4770b2b3c42398eaedd91c3bbe	1920	1080	16801.0	4.0	37088.0	26179.0	False	False	0.9987217883268992	0.9955679076777364
ducks_take_off_1080p50_60f	ducks_take_off_1080p50_60f	svtav1	svtav1_20200602_88c125c_enc-mode0	60	32	0	27904933.0	27904.933	34.943333333333335	36.68483333333332	39.69316666666667	34.933327	36.679532	39.689891	93.14022164862965	11889014.0	198.15023333333335	21062.67	1920	1080	50.0	8	f3b4a0e4705bf3e7fdac0fa3963ebdad	02fd764b3915bdce2d3b57d874d22a6b	1920	1080	16704.0	3.0	25815.0	23201.0	False	False	0.9964339594046275	0.9896115242078685
ducks_take_off_1080p50_60f	ducks_take_off_1080p50_60f	svtav1	svtav1_20200602_88c125c_enc-mode0	60	43	0	9801393.0	9801.393	32.94116666666666	34.86633333333334	38.34016666666666	32.934168	34.844124	38.335415	84.1556198218268	7030634.0	117.17723333333333	12458.95	1920	1080	50.0	8	3202de9faccaa7529e4b98d1d016d664	b784ab1c58b4b13fb6c72b49ae541563	1920	1080	16581.0	2.0	19842.0	22649.0	False	False	0.990786983569463	0.981016929841799
ducks_take_off_1080p50_60f	ducks_take_off_1080p50_60f	svtav1	svtav1_20200602_88c125c_enc-mode0	60	55	0	3545973.0	3545.973	30.441333333333326	32.970166666666664	37.12133333333334	30.424087	32.943244	37.118529	67.19220582904889	4231695.0	70.52825	7024.58	1920	1080	50.0	8	b35baac8c1b4a1fccaae9d3dd5d34666	1544be9374b6176c1d7bbbc41dc9c77c	1920	1080	17005.0	4.0	16496.0	23683.0	False	False	0.9740658054749171	0.9601797592086948
ducks_take_off_1080p50_60f	ducks_take_off_1080p50_60f	svtav1	svtav1_20200602_88c125c_enc-mode0	60	59	0	2299786.0	2299.786	29.27583333333333	32.122666666666674	36.515833333333326	29.256219	32.101382	36.514989	57.70992959294817	3768768.0	62.8128	6154.69	1920	1080	50.0	8	ba54fd3fceb7e3ea02584e0f9c2162aa	0a695e4a85c877c79f247e5a5a8a14f6	1920	1080	16259.0	4.0	14846.0	23649.0	False	False	0.9604762574036916	0.94471907682362
wikipedia_420	wikipedia_420	svtav1	svtav1_20200602_88c125c_enc-mode0	60	20	0	1116420.0	1116.4200000000003	52.307333333333354	52.8045	53.43899999999999	52.304392	52.578333	53.33079	99.83568862879413	5744935.0	95.74891666666667	9564.54	1920	1080	30.0	8	35fd41e8b101b2beacbc216a3a01ef74	e2805f10a534265f7d8ad2c356d6d576	1920	1080	8899.0	34.0	2223.0	22609.0	False	False	0.9991650094588598	0.9986532492023954
wikipedia_420	wikipedia_420	svtav1	svtav1_20200602_88c125c_enc-mode0	60	32	0	680616.0	680.616	49.51750000000002	50.11983333333333	51.247	49.514171	49.828206	51.147252	99.80391632764614	5533520.0	92.22533333333334	9113.3	1920	1080	30.0	8	816b9ca30812c1af505148c3ac0b7072	482bd280a8adcd2b130cffe35eba383a	1920	1080	8723.0	3.0	2645.0	22383.0	False	False	0.9987461169560751	0.9980159801816245
wikipedia_420	wikipedia_420	svtav1	svtav1_20200602_88c125c_enc-mode0	60	43	0	499552.0	499.552	46.82950000000001	47.6315	48.96616666666664	46.821457	47.520055	48.930402	99.74716357687181	4362623.0	72.71038333333334	7367.1	1920	1080	30.0	8	e85f9e54bc70b721827191928c0af3a5	0205e9462a4a669de0599114dc788a70	1920	1080	8430.0	3.0	2420.0	23217.0	False	False	0.9984998613595962	0.9977173332554103
wikipedia_420	wikipedia_420	svtav1	svtav1_20200602_88c125c_enc-mode0	60	55	0	361940.0	361.94	42.53833333333335	44.905833333333355	46.335833333333326	42.524368	44.865988	46.297166	99.49041792283525	4299555.0	71.65925	6977.0	1920	1080	30.0	8	406606304ae3ecfb8697744c89d46bc0	b264502dcdbdf0b2d9f2b753f156e53f	1920	1080	9501.0	4.0	2474.0	22945.0	False	False	0.9977799952030182	0.9968789081164311
wikipedia_420	wikipedia_420	svtav1	svtav1_20200602_88c125c_enc-mode0	60	59	0	316544.0	316.544	40.74900000000001	43.6875	44.87883333333333	40.735175	43.657029	44.839149	99.27222442017298	4125390.0	68.7565	6393.57	1920	1080	30.0	8	e7048a5feb23a74296913e493e2e73cc	29d69d50b524bf5610ac728faa2500c0	1920	1080	8531.0	4.0	2583.0	23722.0	False	False	0.9970536549886068	0.9961360815034302
ToddlerFountn_1920x1080_2997_10b	ToddlerFountn_1920x1080_2997_10b	svtav1	svtav1_20200602_88c125c_enc-mode0	60	20	0	56205677.0	56205.677	41.13966666666667	46.262833333333326	43.68333333333332	41.132964	46.262162	43.681787	99.85312383111028	18431262.0	307.1877	34582.35	1920	1080	29.97	10	13cf64c76aa7e550bf42674fd8af2f26	dbcb70f5aa1875c6deecb817d9e9ae07	1920	1080	21990.0	12.0	30721.0	22017.0	False	False	0.9975957920153936	0.9948621149855913
ToddlerFountn_1920x1080_2997_10b	ToddlerFountn_1920x1080_2997_10b	svtav1	svtav1_20200602_88c125c_enc-mode0	60	32	0	27627491.0	27627.491	36.93899999999999	44.733833333333344	41.73433333333333	36.93027399999999	44.732429	41.732939	99.72958475265087	17539907.0	292.3317833333333	32829.84	1920	1080	29.97	10	526f7f0b44eda12005ad0449eb3eb2da	119642d866d09328344dc276ee36e831	1920	1080	22038.0	4.0	27893.0	22864.0	False	False	0.9927419732014339	0.9858972408116106
ToddlerFountn_1920x1080_2997_10b	ToddlerFountn_1920x1080_2997_10b	svtav1	svtav1_20200602_88c125c_enc-mode0	60	43	0	12230976.0	12230.976	33.39016666666666	43.158666666666676	40.25983333333333	33.365429	43.15594	40.25642	89.858662763548	12886802.0	214.78003333333334	23771.9	1920	1080	29.97	10	524f98c8ea529ef28330712ffa1d3bdd	1956aa75ddd0adc6105bf77e5776035d	1920	1080	22630.0	4.0	23694.0	23225.0	False	False	0.9790872901678085	0.9650499840312375
ToddlerFountn_1920x1080_2997_10b	ToddlerFountn_1920x1080_2997_10b	svtav1	svtav1_20200602_88c125c_enc-mode0	60	55	0	4532547.0	4532.547	30.11316666666666	41.54033333333333	39.031333333333336	30.08457	41.538953	39.030045	67.83816742803366	7799330.0	129.98883333333333	14653.04	1920	1080	29.97	10	f15aca7d956a268fafe98afca29f03f6	ce2f8fc646c6fd882842f2afa58d7144	1920	1080	22853.0	3.0	19368.0	22947.0	False	False	0.9394643793503443	0.9179298250811555
ToddlerFountn_1920x1080_2997_10b	ToddlerFountn_1920x1080_2997_10b	svtav1	svtav1_20200602_88c125c_enc-mode0	60	59	0	2847015.0	2847.015	28.891166666666663	40.88083333333334	38.596	28.866477	40.879667	38.594054	56.441179605969474	8038443.0	133.97405	13691.04	1920	1080	29.97	10	ac2a6b354b36e2ac21b2dea711c30283	c55a5e55f4b3a56b1857158f5ec7f106	1920	1080	22068.0	30.0	18127.0	23466.0	False	False	0.9114112883806229	0.889566174395949
MINECRAFT_60f_420	MINECRAFT_60f_420	svtav1	svtav1_20200602_88c125c_enc-mode0	60	20	0	82540904.0	82540.904	44.993833333333335	46.24750000000003	46.692000000000014	44.705728	46.073084	46.537404	99.9574232607527	16497977.0	274.9662833333333	29104.5	1920	1080	60.0	8	183a27e3faab276c0711b091e0ecd820	8f625f7316ff7ee3ac5f672dcba49e4b	1920	1080	14401.0	4.0	29020.0	22866.0	False	False	0.9986375669638315	0.9978236830751818
MINECRAFT_60f_420	MINECRAFT_60f_420	svtav1	svtav1_20200602_88c125c_enc-mode0	60	32	0	48364624.0	48364.624	39.76716666666667	44.224333333333334	44.458	39.404232	44.089232	44.33845	99.93981631418846	15648265.0	260.80441666666667	28027.18	1920	1080	60.0	8	0e3abe3a6372f265a4bf6b6a66e2d93b	73824d001f4f927ffabe11978b23688c	1920	1080	13417.0	3.0	25283.0	22853.0	False	False	0.9957787682612737	0.993088151179266
MINECRAFT_60f_420	MINECRAFT_60f_420	svtav1	svtav1_20200602_88c125c_enc-mode0	60	43	0	20651616.0	20651.616	34.717333333333336	42.1655	42.209666666666664	34.398695	42.05769	42.101442	95.55585712722076	13002080.0	216.70133333333334	22622.75	1920	1080	60.0	8	841d8dd46e32f59616aeb9965e4ce429	d3c902c77319b6748bf80574e990e963	1920	1080	13966.0	4.0	17613.0	22782.0	False	False	0.9861369560162226	0.978075586163339
MINECRAFT_60f_420	MINECRAFT_60f_420	svtav1	svtav1_20200602_88c125c_enc-mode0	60	55	0	6782624.0	6782.624	30.963833333333344	39.921833333333325	39.76716666666667	30.765046	39.8314	39.65359	79.61637279041061	10764056.0	179.40093333333334	18489.12	1920	1080	60.0	8	68ae9217129e892aa190b1c966278c32	a1d7c2e9ef4552db371b12e5a6557dab	1920	1080	14095.0	8.0	12049.0	23786.0	False	False	0.9578504045804341	0.9405877981039145
MINECRAFT_60f_420	MINECRAFT_60f_420	svtav1	svtav1_20200602_88c125c_enc-mode0	60	59	0	4629376.0	4629.376	29.97500000000001	39.20233333333333	38.875	29.809719000000005	39.123739	38.768114	72.20835781880766	10516880.0	175.28133333333332	17360.09	1920	1080	60.0	8	61d7daf1a1f309668880a92ff6d954fd	f4509ce4a35ca2be086a5e63ea03cabe	1920	1080	14860.0	3.0	10312.0	23296.0	False	False	0.9380468279123306	0.9185467468701953
