KristenAndSara_1280x720_60_10b	KristenAndSara_1280x720_60_10b	svtav1	svtav1_20210202_ba9257b_enc-mode0	60	20	0	2746544.0	2746.544	44.79083333333333	49.529166666666676	50.55983333333332	44.787447	49.528299	50.559224	97.01747963333334	1822013.0	30.366883333333334	3518.56	1280	720	60.0	10	7ba4197f3d16a335f62c5a76c925c31d	50a7361e052457780c6720478c5c8ec7	1280	720	8392.0	3.0	4576.0	18517.0	False	False	0.9962252833333335	0.9956449666666667
KristenAndSara_1280x720_60_10b	KristenAndSara_1280x720_60_10b	svtav1	svtav1_20210202_ba9257b_enc-mode0	60	32	0	1219040.0	1219.04	43.73483333333333	48.82116666666666	49.79566666666666	43.729834	48.819996999999994	49.794299	96.26998370000001	1268981.0	21.149683333333332	2461.43	1280	720	60.0	10	bebae8b4e3a8c5f090c0074a987f6d24	15ccd6f5deb6ed5e3e217473434042a2	1280	720	10336.0	3.0	3566.0	17446.0	False	False	0.9951582333333334	0.9946721833333334
KristenAndSara_1280x720_60_10b	KristenAndSara_1280x720_60_10b	svtav1	svtav1_20210202_ba9257b_enc-mode0	60	43	0	710496.0	710.496	42.586499999999994	47.84299999999999	48.77766666666668	42.576187	47.840315	48.77537399999999	95.01106879999999	719505.0	11.99175	1388.62	1280	720	60.0	10	a9107e250188bfd8ff92e6e2927c6937	b265db37e87c9596772e0fc38b35119f	1280	720	10986.0	4.0	3021.0	10672.0	False	False	0.9934406166666666	0.9932034833333332
KristenAndSara_1280x720_60_10b	KristenAndSara_1280x720_60_10b	svtav1	svtav1_20210202_ba9257b_enc-mode0	60	55	0	371216.0	371.216	40.49950000000001	45.82283333333333	46.96900000000001	40.483615	45.818073	46.965819	91.45044711666667	704136.0	11.7356	1351.53	1280	720	60.0	10	27971c33297e673bd74e96786b592d06	292db3ebdde43941961d033180adb8c4	1280	720	10427.0	5.0	2918.0	17659.0	False	False	0.9887317833333334	0.9893433666666667
KristenAndSara_1280x720_60_10b	KristenAndSara_1280x720_60_10b	svtav1	svtav1_20210202_ba9257b_enc-mode0	60	63	0	148392.0	148.392	36.36033333333332	42.38516666666668	43.439499999999974	36.338267	42.37889	43.434337	79.70628496666669	400722.0	6.6787	755.51	1280	720	60.0	10	8ed40026b3e395f5e451267cb3fe17ff	744ea6629f06b51fe323fe344ee7e356	1280	720	10292.0	4.0	2067.0	10865.0	False	False	0.9708796999999999	0.9751223166666666
BarScene1_1920x1080_2997_10b	BarScene1_1920x1080_2997_10b	svtav1	svtav1_20210202_ba9257b_enc-mode0	60	20	0	1365618.0	1365.618	42.50183333333333	44.786833333333334	43.74616666666667	42.50113	44.786366	43.744446	93.28288346666666	2425730.0	40.42883333333333	4718.48	1920	1080	29.97	10	28ea78652cde8d369ef604543dbf30e3	41fdf2f84ee0a6bb5d95bc0f129448fb	1920	1080	21260.0	4.0	8214.0	23902.0	False	False	0.99590145	0.9910847333333334
BarScene1_1920x1080_2997_10b	BarScene1_1920x1080_2997_10b	svtav1	svtav1_20210202_ba9257b_enc-mode0	60	32	0	520310.0	520.31	42.26283333333332	44.64366666666668	43.52133333333334	42.262264	44.643252	43.521474	92.4177991	1303731.0	21.72885	2449.55	1920	1080	29.97	10	545f6bf084d86674cc86b6d4288526b1	0053665dedcc79bff9a1f09ac080803d	1920	1080	20089.0	4.0	5501.0	40030.0	False	False	0.9953394666666668	0.9903945666666666
BarScene1_1920x1080_2997_10b	BarScene1_1920x1080_2997_10b	svtav1	svtav1_20210202_ba9257b_enc-mode0	60	43	0	292030.0	292.03	41.9225	44.51350000000001	43.40316666666669	41.92198799999999	44.513331	43.402946	91.09202965000001	865246.0	14.420766666666667	1678.61	1920	1080	29.97	10	2b0d3aa67fbe62584ed999ce01dec0d0	cc3152081ddca099053d2d75b2f743fb	1920	1080	21077.0	2.0	3531.0	24087.0	False	False	0.9945602166666666	0.9893459333333332
BarScene1_1920x1080_2997_10b	BarScene1_1920x1080_2997_10b	svtav1	svtav1_20210202_ba9257b_enc-mode0	60	55	0	137990.0	137.99000000000004	41.165000000000006	44.18233333333333	43.12050000000001	41.16398	44.18258	43.12098	87.76615113333332	848351.0	14.139183333333333	1648.7	1920	1080	29.97	10	6a6bba84966d728022ad3ceccd072d2e	71d56dc1a4a595b32ed93a25059bec0e	1920	1080	25265.0	3.0	7935.0	24027.0	False	False	0.9920732333333333	0.9864274833333333
BarScene1_1920x1080_2997_10b	BarScene1_1920x1080_2997_10b	svtav1	svtav1_20210202_ba9257b_enc-mode0	60	63	0	51639.0	51.639	39.303833333333365	43.09633333333331	42.30233333333333	39.302114	43.096533	42.301716000000006	75.2860181	928844.0	15.480733333333333	1774.58	1920	1080	29.97	10	a772f17f83ba911f438ea422472c05a4	81723878d2d71ccfbb1bec4716964e0f	1920	1080	26079.0	5.0	4428.0	41484.0	False	False	0.98227725	0.9773914
DOTA2_60f_420	DOTA2_60f_420	svtav1	svtav1_20210202_ba9257b_enc-mode0	60	20	0	14792776.0	14792.776	45.41916666666666	49.10733333333335	49.24366666666667	45.382348	49.060214	49.223976	97.57605521666667	2968964.0	49.482733333333336	5773.24	1920	1080	60.0	8	3d625592e19ab617f4b6971c3225bf27	be146b19dbda8e8f37acc7b84dba0b54	1920	1080	12293.0	4.0	9246.0	24120.0	False	False	0.99864705	0.9973545999999999
DOTA2_60f_420	DOTA2_60f_420	svtav1	svtav1_20210202_ba9257b_enc-mode0	60	32	0	8004208.0	8004.208	43.42499999999999	47.3735	47.639333333333326	43.340123	47.274075	47.59673	95.9941293	2155070.0	35.917833333333334	4196.9	1920	1080	60.0	8	e76ae4f4409da4b6a0610989c9d5a648	9e9201ba9e52010ee0f20e4f8d94acf9	1920	1080	15862.0	3.0	7807.0	23593.0	False	False	0.9976619333333333	0.9957342833333332
DOTA2_60f_420	DOTA2_60f_420	svtav1	svtav1_20210202_ba9257b_enc-mode0	60	43	0	4250392.0	4250.392	41.129666666666665	45.298166666666674	45.67700000000001	41.002579	45.155855	45.617746	92.99321968333334	1781682.0	29.6947	3469.18	1920	1080	60.0	8	bf3eb0214d7fbedf617f84a8dd1741f6	a6ca00be5d2f9aaddb80d40e2d6cd6f9	1920	1080	11994.0	4.0	7479.0	27899.0	False	False	0.9954246999999999	0.9923293666666667
DOTA2_60f_420	DOTA2_60f_420	svtav1	svtav1_20210202_ba9257b_enc-mode0	60	55	0	1850264.0	1850.264	37.99916666666665	42.4	42.791500000000006	37.861397	42.258974	42.743197	86.12172141666665	1623509.0	27.058483333333335	3159.35	1920	1080	60.0	8	62ef32c2a8c66f4bebbe4b970042f720	baa66947523228544772531cf9cd657b	1920	1080	15722.0	4.0	6550.0	38927.0	False	False	0.9875103833333333	0.98199245
DOTA2_60f_420	DOTA2_60f_420	svtav1	svtav1_20210202_ba9257b_enc-mode0	60	63	0	560832.0	560.832	33.733333333333334	38.34216666666666	38.80116666666666	33.58592	38.209775	38.758987	66.21387673333332	631619.0	10.526983333333334	1222.18	1920	1080	60.0	8	559f3e7cea2036e7be946ae9753833c7	a94ac4354bbed413eea9f37610718809	1920	1080	12185.0	3.0	5128.0	23393.0	False	False	0.9538232000000001	0.9479442499999997
KristenAndSara_1280x720_60f	KristenAndSara_1280x720_60f	svtav1	svtav1_20210202_ba9257b_enc-mode0	60	20	0	2782008.0	2782.008	44.52483333333334	48.97333333333333	49.89149999999998	44.521267	48.971999	49.890407	96.89086706666666	2011627.0	33.527116666666664	3860.0	1280	720	60.0	8	adb285a7ce589ebbfd04f5ac433ff299	242b03fecb8f95a23229c0c389c90af3	1280	720	6861.0	3.0	4137.0	10912.0	False	False	0.9959221833333333	0.9953667166666667
KristenAndSara_1280x720_60f	KristenAndSara_1280x720_60f	svtav1	svtav1_20210202_ba9257b_enc-mode0	60	32	0	1283392.0	1283.392	43.567499999999995	48.38466666666668	49.26700000000001	43.56283	48.383852	49.266563	96.18891203333332	1095032.0	18.250533333333333	2127.98	1280	720	60.0	8	e0f59a23eedf0e7a872a20a8784dac2a	18647aab6f407ee315dc8e5e93b3ef3c	1280	720	6579.0	3.0	3135.0	16875.0	False	False	0.9948480333333335	0.9944024
KristenAndSara_1280x720_60f	KristenAndSara_1280x720_60f	svtav1	svtav1_20210202_ba9257b_enc-mode0	60	43	0	724864.0	724.864	42.41666666666667	47.463500000000025	48.360833333333325	42.406679000000004	47.460897	48.359197	94.91790139999998	532074.0	8.8679	1029.36	1280	720	60.0	8	4f6b432eb4ff172429777d1281074d0a	e0f447b2566de4a486685f0c30228ad6	1280	720	5603.0	3.0	2995.0	17197.0	False	False	0.9930799166666666	0.9928799166666666
KristenAndSara_1280x720_60f	KristenAndSara_1280x720_60f	svtav1	svtav1_20210202_ba9257b_enc-mode0	60	55	0	372696.0	372.696	40.393833333333326	45.61816666666667	46.67350000000002	40.379039	45.614476	46.670211	91.46168303333334	520121.0	8.668683333333334	989.53	1280	720	60.0	8	8252b1c206f8a11ed4bb024842fe0bcd	915dbb5d31a5940662afca90092e8ee7	1280	720	6681.0	5.0	2359.0	17975.0	False	False	0.9884620333333334	0.9890788666666666
KristenAndSara_1280x720_60f	KristenAndSara_1280x720_60f	svtav1	svtav1_20210202_ba9257b_enc-mode0	60	63	0	147480.0	147.48	36.24200000000001	42.05166666666666	43.381000000000014	36.219955	42.043606	43.376702	79.47145813333331	351327.0	5.85545	682.07	1280	720	60.0	8	6737c23a558dfc454f03d365cf29c481	eae18417371e4b4904f91f6b7373e943	1280	720	6648.0	3.0	1981.0	17360.0	False	False	0.9697100499999999	0.9742041
Netflix_DrivingPOV_1280x720_60fp	Netflix_DrivingPOV_1280x720_60fp	svtav1	svtav1_20210202_ba9257b_enc-mode0	60	20	0	9679296.0	9679.296	42.40066666666666	45.85399999999998	44.67599999999997	42.382855	45.85014	44.673288	99.59673163333332	2170851.0	36.18085	4188.65	1280	720	60.0	8	b70751d9312c52313c28626acd204ee0	73427f337adca55fef924b7873e5047c	1280	720	8041.0	5.0	7176.0	17342.0	False	False	0.9979222000000001	0.9972943333333334
Netflix_DrivingPOV_1280x720_60fp	Netflix_DrivingPOV_1280x720_60fp	svtav1	svtav1_20210202_ba9257b_enc-mode0	60	32	0	4631456.0	4631.456	39.91683333333334	44.464000000000006	43.68566666666666	39.896313	44.457034	43.682406	98.34682493333334	1618386.0	26.9731	3138.98	1280	720	60.0	8	338d1bb34917ac2db3f20aaed80b684a	56e2fe4d3b349925be3435fc5ca98867	1280	720	7984.0	3.0	5834.0	16462.0	False	False	0.9962198166666667	0.9951424999999998
Netflix_DrivingPOV_1280x720_60fp	Netflix_DrivingPOV_1280x720_60fp	svtav1	svtav1_20210202_ba9257b_enc-mode0	60	43	0	2571064.0	2571.064	37.86616666666667	43.321166666666684	42.90849999999999	37.832466	43.310757	42.904764	96.15576668333334	1515763.0	25.262716666666666	2944.79	1280	720	60.0	8	0e3169148fc3aeb64a9446538d3e1bd3	5a1ce41aba3e94997aeeecff666c0b50	1280	720	7692.0	4.0	5400.0	17272.0	False	False	0.9927553000000001	0.9915509666666668
Netflix_DrivingPOV_1280x720_60fp	Netflix_DrivingPOV_1280x720_60fp	svtav1	svtav1_20210202_ba9257b_enc-mode0	60	55	0	1195008.0	1195.008	35.00183333333333	41.44933333333333	41.68383333333335	34.961269	41.43454	41.676446000000006	90.43309711666669	908693.0	15.144883333333333	1756.21	1280	720	60.0	8	3462ee98f1a9ffb6504e87fad6954b07	72e1c145e30b6c83675e9c9faaa104c7	1280	720	8259.0	5.0	4906.0	10422.0	False	False	0.9860936666666669	0.9849354833333336
Netflix_DrivingPOV_1280x720_60fp	Netflix_DrivingPOV_1280x720_60fp	svtav1	svtav1_20210202_ba9257b_enc-mode0	60	63	0	357152.0	357.152	30.382333333333328	38.13599999999998	39.17083333333334	30.341363	38.126755	39.165731	70.19960833333332	655057.0	10.917616666666667	1266.29	1280	720	60.0	8	92b64a0f177237cceaf772b3855b05aa	0c3fa140ff41be5301e5ddb7112ac452	1280	720	8313.0	4.0	4055.0	17178.0	False	False	0.9600083833333334	0.9598587833333333
Aerial_1920x1080_2997_10b	Aerial_1920x1080_2997_10b	svtav1	svtav1_20210202_ba9257b_enc-mode0	60	20	0	7525345.0	7525.345	43.1545	45.23899999999997	44.63116666666668	43.133558	45.236597	44.629582	96.31039856666666	3226108.0	53.76846666666667	6269.18	1920	1080	29.97	10	a076967e77204c638d1603fae663fbb0	cc9c64c8a8ae7d3313499ef5aac0e01e	1920	1080	22449.0	2.0	9946.0	24356.0	False	False	0.9989178666666666	0.9978177333333335
Aerial_1920x1080_2997_10b	Aerial_1920x1080_2997_10b	svtav1	svtav1_20210202_ba9257b_enc-mode0	60	32	0	4279569.0	4279.569	41.266666666666666	43.75983333333334	43.40183333333337	41.247956	43.758294	43.401943	95.03094309999999	2372872.0	39.547866666666664	4605.92	1920	1080	29.97	10	d2087e74498d1efb8ac72dabe39eec54	ed0191c43ce621e0eb734835c69eeee5	1920	1080	29448.0	3.0	8415.0	23961.0	False	False	0.9983462500000001	0.9967956000000001
Aerial_1920x1080_2997_10b	Aerial_1920x1080_2997_10b	svtav1	svtav1_20210202_ba9257b_enc-mode0	60	43	0	2694876.0	2694.8759999999997	39.38766666666666	42.65899999999999	42.545999999999985	39.360869	42.654512	42.544668	93.05684463333333	1468168.0	24.469466666666666	2835.1	1920	1080	29.97	10	eb211ff429fa0f0162a35085c6406916	15f1f52a4f493100a099a0972dca26b5	1920	1080	23715.0	3.0	6870.0	24078.0	False	False	0.9974240333333333	0.9951795000000001
Aerial_1920x1080_2997_10b	Aerial_1920x1080_2997_10b	svtav1	svtav1_20210202_ba9257b_enc-mode0	60	55	0	1474391.0	1474.391	36.39533333333334	40.806	41.207166666666694	36.371924	40.8029	41.206961	88.17218688333334	1590880.0	26.514666666666667	2748.29	1920	1080	29.97	10	2d43c27485247d6440f2aa594acb22df	5348abcdaf79733dfca0491bc078174b	1920	1080	29386.0	4.0	7166.0	24497.0	False	False	0.9945648833333335	0.9902560333333333
Aerial_1920x1080_2997_10b	Aerial_1920x1080_2997_10b	svtav1	svtav1_20210202_ba9257b_enc-mode0	60	63	0	434661.0	434.661	30.93333333333333	37.86749999999997	39.17000000000003	30.927015	37.865939	39.169387	69.83444841666667	863195.0	14.386583333333334	1665.42	1920	1080	29.97	10	752ff76aa1718f25ff706ce42d981dc9	773f2544fb45fa0c66339b9a90bcc9b8	1920	1080	28913.0	3.0	4474.0	23247.0	False	False	0.9762676166666665	0.9600083999999999
DinnerScene_1920x1080_2997_10b	DinnerScene_1920x1080_2997_10b	svtav1	svtav1_20210202_ba9257b_enc-mode0	60	20	0	1238462.0	1238.462	41.81849999999999	42.60450000000001	47.594999999999985	41.817358	42.599292	47.59499	91.47230945	3009783.0	50.16305	5866.36	1920	1080	29.97	10	3594c38b2ed46dabb7136aa0162f05c8	890e6f3e97e66e3f2d2792d97f3d12de	1920	1080	21053.0	3.0	13342.0	31477.0	False	False	0.99421695	0.9883165166666666
DinnerScene_1920x1080_2997_10b	DinnerScene_1920x1080_2997_10b	svtav1	svtav1_20210202_ba9257b_enc-mode0	60	32	0	299431.0	299.431	41.669500000000035	42.312166666666634	47.46216666666669	41.66909	42.310937	47.461571	90.0301333	1796651.0	29.944183333333335	3489.56	1920	1080	29.97	10	cfcc6a8183518f1633ba9bb6b0cbdda8	01e4cd5fad176e9422aca9c1975bcd2b	1920	1080	21221.0	3.0	9031.0	23758.0	False	False	0.9936255166666667	0.9877097666666668
DinnerScene_1920x1080_2997_10b	DinnerScene_1920x1080_2997_10b	svtav1	svtav1_20210202_ba9257b_enc-mode0	60	43	0	174410.0	174.41	41.49783333333333	42.26066666666666	47.3155	41.49741099999999	42.259903	47.315746	87.86107431666666	1721657.0	28.694283333333335	3362.49	1920	1080	29.97	10	ed190f294cef5373c13cc8a96199ff7a	0d25feced2809ec845d98f19408a5aa5	1920	1080	25334.0	4.0	7602.0	23330.0	False	False	0.99302115	0.9871030833333332
DinnerScene_1920x1080_2997_10b	DinnerScene_1920x1080_2997_10b	svtav1	svtav1_20210202_ba9257b_enc-mode0	60	55	0	93178.0	93.17800000000001	41.080833333333324	42.11816666666667	46.947	41.079721	42.118387	46.946564	83.22334536666666	1671983.0	27.866383333333335	3256.82	1920	1080	29.97	10	db7d2b893f4b9a2e4f9da6d42fcf1df8	eecb681420d59ad7e8493a3cee2cca30	1920	1080	25629.0	7.0	7813.0	39577.0	False	False	0.9913271000000001	0.9854951833333332
DinnerScene_1920x1080_2997_10b	DinnerScene_1920x1080_2997_10b	svtav1	svtav1_20210202_ba9257b_enc-mode0	60	63	0	39550.0	39.55	39.60466666666668	41.48283333333334	45.74350000000001	39.589806	41.482368	45.740847	66.7802976	745418.0	12.423633333333333	1460.17	1920	1080	29.97	10	e20507e399ebd7ae6ac2b77543f05ce5	a4d596c5933c1388f6f45c0a32cac4ee	1920	1080	21157.0	4.0	8163.0	24337.0	False	False	0.9834168999999999	0.9785148000000002
RollerCoastPas_1920x1080_2997_10	RollerCoastPas_1920x1080_2997_10	svtav1	svtav1_20210202_ba9257b_enc-mode0	60	20	0	3484902.0	3484.902	45.37533333333333	45.50666666666668	43.99816666666667	45.37301	45.505712	43.995597	97.20334355000001	2687087.0	44.78478333333333	5128.04	1920	1080	29.97	10	0bad64ae7ed8f8dac81a35358a47d122	3bc3c58b87118d42267a71099fdb3f64	1920	1080	26183.0	3.0	5422.0	23841.0	False	False	0.9987350166666666	0.9970918500000001
RollerCoastPas_1920x1080_2997_10	RollerCoastPas_1920x1080_2997_10	svtav1	svtav1_20210202_ba9257b_enc-mode0	60	32	0	1726221.0	1726.221	44.53933333333334	45.026	43.450999999999986	44.537817	45.025496	43.449982	96.70197441666666	1430440.0	23.840666666666667	2738.1	1920	1080	29.97	10	ee653fa5c36ff83d0f774e549fdbdd77	73ef07bbe2e12ba83b41595ee2c3d0e1	1920	1080	25787.0	3.0	4489.0	22922.0	False	False	0.99838355	0.9965107
RollerCoastPas_1920x1080_2997_10	RollerCoastPas_1920x1080_2997_10	svtav1	svtav1_20210202_ba9257b_enc-mode0	60	43	0	964245.0	964.245	43.20000000000002	44.23850000000003	42.77966666666668	43.196694	44.238923	42.779328	95.58809444999999	1838404.0	30.640066666666666	3403.39	1920	1080	29.97	10	032e3642a4d67c4fc92c42c845412b3b	a159664c3510e38d5280b3a4eb3d547a	1920	1080	27004.0	5.0	5093.0	41383.0	False	False	0.9976369333333334	0.9953066166666666
RollerCoastPas_1920x1080_2997_10	RollerCoastPas_1920x1080_2997_10	svtav1	svtav1_20210202_ba9257b_enc-mode0	60	55	0	473789.0	473.789	40.76233333333333	42.59549999999999	41.35283333333333	40.758003	42.595171	41.352557	92.72801988333335	855953.0	14.265883333333333	1637.21	1920	1080	29.97	10	a2db04e697264ac3df9cf219e972b705	9ed4ccc31b6ac4117af0862770f915b8	1920	1080	21157.0	4.0	3654.0	23673.0	False	False	0.9952354	0.9918791833333334
RollerCoastPas_1920x1080_2997_10	RollerCoastPas_1920x1080_2997_10	svtav1	svtav1_20210202_ba9257b_enc-mode0	60	63	0	177919.0	177.919	36.34666666666667	39.599833333333315	38.573333333333316	36.339992	39.59831	38.572273	81.67764206666668	818304.0	13.6384	1576.62	1920	1080	29.97	10	ae5dd322f2a9635ed78a16e2fece0f6b	e965e1b1a66f0737d547065bcf92c60d	1920	1080	25458.0	3.0	3847.0	24599.0	False	False	0.9835920833333331	0.9779580333333332
ShowGirl2TeaserClip4000_1920x108	ShowGirl2TeaserClip4000_1920x108	svtav1	svtav1_20210202_ba9257b_enc-mode0	60	20	0	2654193.0	2654.193	42.37149999999999	46.6123333333333	49.41900000000002	42.368821	46.610283	49.418105	95.32749851666668	3505952.0	58.43253333333333	6828.93	1920	1080	25.0	10	1a566950c2b09fe9741b7f75401d7ce6	572d98603a53cbe78aa71306acaf13b8	1920	1080	20823.0	4.0	11291.0	38278.0	False	False	0.9960844166666668	0.9914753500000001
ShowGirl2TeaserClip4000_1920x108	ShowGirl2TeaserClip4000_1920x108	svtav1	svtav1_20210202_ba9257b_enc-mode0	60	32	0	1276020.0	1276.02	41.725500000000004	46.25666666666667	48.79949999999998	41.721763	46.254474	48.798021	93.53960953333335	2581236.0	43.0206	4888.72	1920	1080	25.0	10	f4c3b0502bbd2e0b34240918282948fd	981c3a0f8986559aaea8d07a499dd68c	1920	1080	29888.0	4.0	9357.0	38769.0	False	False	0.9951316166666666	0.9902859666666667
ShowGirl2TeaserClip4000_1920x108	ShowGirl2TeaserClip4000_1920x108	svtav1	svtav1_20210202_ba9257b_enc-mode0	60	43	0	759343.0	759.343	40.950666666666685	45.90933333333338	48.23416666666667	40.937852	45.907322	48.232433	90.91140566666665	2173679.0	36.227983333333334	4197.5	1920	1080	25.0	10	a290ac68719fe1ffce74a1aaa30ed091	2c760d1bb77176b255b20e6e30dfb110	1920	1080	20439.0	4.0	8225.0	24473.0	False	False	0.9937538	0.9887268833333335
ShowGirl2TeaserClip4000_1920x108	ShowGirl2TeaserClip4000_1920x108	svtav1	svtav1_20210202_ba9257b_enc-mode0	60	55	0	391513.0	391.513	39.43633333333334	45.24166666666667	47.16450000000001	39.401893	45.239693	47.163593	85.35964921666668	2070248.0	34.504133333333336	4035.1	1920	1080	25.0	10	30758e91d2771c4ae473ff7bf5fee9fb	51dcde90915b27f89b200d3ffd2973cb	1920	1080	26562.0	7.0	7314.0	40937.0	False	False	0.9900105499999999	0.9847036999999997
ShowGirl2TeaserClip4000_1920x108	ShowGirl2TeaserClip4000_1920x108	svtav1	svtav1_20210202_ba9257b_enc-mode0	60	63	0	132160.0	132.16	35.918499999999995	43.26383333333333	44.83016666666666	35.86737	43.262951	44.82922700000001	67.38384935	1264571.0	21.076183333333333	2475.1	1920	1080	25.0	10	8d5df5e69f6144ca91f6440921c300a1	8ee7550eb2d010fd991b51257f091ca6	1920	1080	25482.0	4.0	4698.0	38506.0	False	False	0.9729481166666667	0.9677133666666666
Netflix_Aerial_1920x1080_60fps_8	Netflix_Aerial_1920x1080_60fps_8	svtav1	svtav1_20210202_ba9257b_enc-mode0	60	20	0	17690984.0	17690.984	42.28566666666666	45.085	44.896499999999996	42.264977	45.081095	44.893909	96.35248523333331	6221205.0	103.68675	12138.39	1920	1080	60.0	8	f0020ef60b0b84cb423bb022d1c3e084	94b43c8733c46b2b1a838cd5b5955e87	1920	1080	18004.0	6.0	16426.0	39329.0	False	False	0.9977921333333334	0.9962409333333332
Netflix_Aerial_1920x1080_60fps_8	Netflix_Aerial_1920x1080_60fps_8	svtav1	svtav1_20210202_ba9257b_enc-mode0	60	32	0	9192960.0	9192.96	40.405833333333334	43.93983333333333	44.0655	40.359315	43.933854	44.062977	94.05778486666667	3815468.0	63.59113333333333	7447.58	1920	1080	60.0	8	152cc048eaab76e1100e8a807a9e6286	b7e58d4d71d589244283b9eb29700733	1920	1080	17908.0	4.0	14040.0	24774.0	False	False	0.9963710666666667	0.9940423666666667
Netflix_Aerial_1920x1080_60fps_8	Netflix_Aerial_1920x1080_60fps_8	svtav1	svtav1_20210202_ba9257b_enc-mode0	60	43	0	5463208.0	5463.208	38.68350000000001	43.04650000000001	43.46133333333333	38.595234	43.037206	43.459106	91.26190911666667	2285814.0	38.0969	4461.52	1920	1080	60.0	8	5cd960308762fd99e5fb8c410069d849	95d99956e13de81f2b076250e9ba73c9	1920	1080	13299.0	4.0	12408.0	39859.0	False	False	0.9942194666666667	0.9907337500000002
Netflix_Aerial_1920x1080_60fps_8	Netflix_Aerial_1920x1080_60fps_8	svtav1	svtav1_20210202_ba9257b_enc-mode0	60	55	0	2544752.0	2544.752	35.951833333333326	41.43416666666666	42.33966666666666	35.854275	41.428747	42.337727	85.09466211666664	1432513.0	23.875216666666667	2802.98	1920	1080	60.0	8	a67352bc3ef2f3a758db74d87bb01299	8b76098b4aadcbb3d1d19df1471a3f32	1920	1080	17504.0	2.0	10595.0	23477.0	False	False	0.9880077	0.9811677999999999
Netflix_Aerial_1920x1080_60fps_8	Netflix_Aerial_1920x1080_60fps_8	svtav1	svtav1_20210202_ba9257b_enc-mode0	60	63	0	710432.0	710.432	31.672666666666665	38.846666666666664	40.58716666666667	31.642114	38.84457	40.584097	66.64535241666667	893935.0	14.898916666666667	1741.28	1920	1080	60.0	8	a5a69f5b3ea54ce03807b275314ce434	ed1f2de108b944fae5004d6350f8a8b8	1920	1080	17556.0	4.0	7982.0	23083.0	False	False	0.9600237833333334	0.9409148666666666
Netflix_RollerCoaster_1280x720_6	Netflix_RollerCoaster_1280x720_6	svtav1	svtav1_20210202_ba9257b_enc-mode0	60	20	0	7441792.0	7441.792	44.56649999999999	46.377833333333335	46.431000000000004	44.550027	46.369928	46.425343	99.90984966666666	2249319.0	37.48865	4299.58	1280	720	60.0	8	6a77b5b3f6976fd25a434ae540763e1e	ac66ff838ab7ec033bba623041dfb073	1280	720	5271.0	3.0	7611.0	10736.0	False	False	0.9978153500000001	0.9974041499999998
Netflix_RollerCoaster_1280x720_6	Netflix_RollerCoaster_1280x720_6	svtav1	svtav1_20210202_ba9257b_enc-mode0	60	32	0	3823880.0	3823.88	42.34466666666667	44.68149999999999	45.09266666666665	42.312115	44.670107	45.087485	99.81620928333334	2076289.0	34.604816666666665	3859.93	1280	720	60.0	8	a4e65a849a5b8e11234fb9fd8919c598	feb5e20c6e7deb83d2bdb7cbdb7f11fb	1280	720	7164.0	3.0	7059.0	11105.0	False	False	0.9962982666666667	0.9957814833333333
Netflix_RollerCoaster_1280x720_6	Netflix_RollerCoaster_1280x720_6	svtav1	svtav1_20210202_ba9257b_enc-mode0	60	43	0	2126616.0	2126.616	40.22050000000001	43.09933333333334	43.88033333333333	40.168642	43.077948	43.869819	97.76094121666668	869099.0	14.484983333333334	1671.31	1280	720	60.0	8	25e713a2cc43bd8ac71baf66016dde59	6f055329ef1eb128bdb4d1a5b7ae964d	1280	720	5543.0	3.0	5662.0	10824.0	False	False	0.9936385999999999	0.9931018666666667
Netflix_RollerCoaster_1280x720_6	Netflix_RollerCoaster_1280x720_6	svtav1	svtav1_20210202_ba9257b_enc-mode0	60	55	0	1028232.0	1028.232	37.23400000000001	40.60883333333332	41.928666666666665	37.18887	40.576823	41.909631	90.05584358333334	732760.0	12.212666666666667	1406.55	1280	720	60.0	8	46346a8dcd9d1f494a30f73da41a791c	77b6e8014afd9614b04b1756eb4b9175	1280	720	5706.0	4.0	5940.0	11456.0	False	False	0.9853712333333334	0.9852829333333334
Netflix_RollerCoaster_1280x720_6	Netflix_RollerCoaster_1280x720_6	svtav1	svtav1_20210202_ba9257b_enc-mode0	60	63	0	347416.0	347.416	32.51383333333333	36.46416666666668	38.776666666666664	32.459186	36.387417	38.734597	64.45096855	380345.0	6.339083333333333	723.24	1280	720	60.0	8	5940561fc5e606a65c4c9f1b6d5b9ce9	d60e23b905b04c0eacd7bd902269be31	1280	720	5528.0	4.0	4143.0	10377.0	False	False	0.94873465	0.9549643833333332
blue_sky_360p_60f	blue_sky_360p_60f	svtav1	svtav1_20210202_ba9257b_enc-mode0	60	20	0	1139420.0	1139.4200000000003	44.18399999999998	44.91716666666665	46.372	44.09981	44.873223	46.344862	99.95133886666666	686756.0	11.445933333333333	1257.09	640	360	25.0	8	f9003d521c743446af0661123392ac45	6868054d350372ce13ab20413ea753f4	640	360	2398.0	4.0	2143.0	5117.0	False	False	0.9923745	0.9985122833333334
blue_sky_360p_60f	blue_sky_360p_60f	svtav1	svtav1_20210202_ba9257b_enc-mode0	60	32	0	556890.0	556.89	41.00966666666666	42.214333333333336	43.75999999999999	40.93324599999999	42.172285	43.735708	99.92820025	307330.0	5.122166666666667	541.47	640	360	25.0	8	1b027c89b9f9fc833de278988865dbfc	0a939cb10250770e89a38b17e22d8599	640	360	1852.0	2.0	1743.0	2985.0	False	False	0.9886448	0.9976738833333335
blue_sky_360p_60f	blue_sky_360p_60f	svtav1	svtav1_20210202_ba9257b_enc-mode0	60	43	0	309443.0	309.443	38.32016666666666	39.893000000000015	41.537	38.230683	39.850674	41.521117	99.33471371666666	342881.0	5.714683333333333	631.49	640	360	25.0	8	99df1274d4c237ac6a7ee4c37189960e	169ad8638775248185f70e1f830fee6e	640	360	2328.0	2.0	1655.0	5077.0	False	False	0.9831848166666665	0.9962962166666666
blue_sky_360p_60f	blue_sky_360p_60f	svtav1	svtav1_20210202_ba9257b_enc-mode0	60	55	0	158533.0	158.533	35.13349999999999	37.03283333333333	39.21766666666666	35.053552	37.006645	39.204749	93.34837454999999	165015.0	2.75025	289.72	640	360	25.0	8	92867b11c764f783fda38f07796a1e68	f152bfe660c405ae250c2cec1165fe7a	640	360	1760.0	3.0	1500.0	2994.0	False	False	0.9703020999999998	0.9928445833333334
blue_sky_360p_60f	blue_sky_360p_60f	svtav1	svtav1_20210202_ba9257b_enc-mode0	60	63	0	53243.0	53.243	29.245833333333337	34.36066666666666	37.12200000000001	29.187018	34.341762	37.100803	71.56230595000001	111693.0	1.86155	198.54	640	360	25.0	8	bce21fa23488fda90bce6810c7726891	8cbd8b2978095bfe8f3a3d1669fe28f5	640	360	1974.0	2.0	1356.0	3044.0	False	False	0.9136071666666666	0.9742171833333334
dark720p_60f	dark720p_60f	svtav1	svtav1_20210202_ba9257b_enc-mode0	60	20	0	6201312.0	6201.312	45.711500000000015	42.763	44.26216666666667	45.678108	42.56576400000001	44.167438999999995	96.03772481666665	2029762.0	33.829366666666665	3934.2	1280	720	30.0	8	05825c04f9271aeadc78d7c2a0b5fa66	aaa85bc345237b4312c9dae10d4c7a01	1280	720	4505.0	4.0	9467.0	10513.0	False	False	0.9939088333333334	0.9947793666666666
dark720p_60f	dark720p_60f	svtav1	svtav1_20210202_ba9257b_enc-mode0	60	32	0	1430088.0	1430.088	43.44666666666668	38.74483333333334	41.656333333333336	43.424511	38.70562499999999	41.646791	93.34775676666666	1324486.0	22.074766666666665	2547.62	1280	720	30.0	8	a7d7b7deb734e44f187e557ed0de4bdd	e343ed9b22c7b154c83839619044a9c1	1280	720	4804.0	4.0	7182.0	10760.0	False	False	0.9913787	0.99277415
dark720p_60f	dark720p_60f	svtav1	svtav1_20210202_ba9257b_enc-mode0	60	43	0	313500.0	313.5	42.41183333333332	37.03683333333334	40.925833333333344	42.401351	37.032567	40.922235	91.28023144999999	730385.0	12.173083333333333	1405.33	1280	720	30.0	8	4ba71d22e83c488b3953d4ad2bc62963	a279b43cdd16ea2823576560d8a1298c	1280	720	4643.0	3.0	4549.0	10673.0	False	False	0.9899561	0.9916591
dark720p_60f	dark720p_60f	svtav1	svtav1_20210202_ba9257b_enc-mode0	60	55	0	122336.0	122.336	40.93383333333332	36.33266666666665	39.95850000000001	40.92689	36.331702	39.95562400000001	86.98070896666667	569698.0	9.494966666666667	1100.95	1280	720	30.0	8	6040c4e466fa3b6232c55fbbaa7b2579	d401d12662417904d68d1e1d1f791725	1280	720	6196.0	3.0	3312.0	17859.0	False	False	0.9858243166666667	0.9885463166666668
dark720p_60f	dark720p_60f	svtav1	svtav1_20210202_ba9257b_enc-mode0	60	63	0	49600.0	49.6	37.407333333333334	34.764333333333326	37.90433333333336	37.400212	34.760073	37.898974	71.1323081	318685.0	5.311416666666666	616.68	1280	720	30.0	8	e99b5dc478242463c5c7a7a1b9e08ab8	6bfa91fe62a1c55fe8028681fc5da024	1280	720	5777.0	5.0	2042.0	10847.0	False	False	0.9698790166666668	0.9760537166666666
gipsrestat720p_60f	gipsrestat720p_60f	svtav1	svtav1_20210202_ba9257b_enc-mode0	60	20	0	2634353.0	2634.353	44.60483333333334	47.267666666666656	48.86033333333333	44.59455	47.265506	48.858069	96.82924758333334	1948037.0	32.467283333333334	3720.22	1280	720	50.0	8	be6693d3a35fe6aa867acfd76c3070bc	d561199d1bea4eb302ddc8c9805da260	1280	720	5692.0	3.0	3351.0	17322.0	False	False	0.9974974333333334	0.9968114333333334
gipsrestat720p_60f	gipsrestat720p_60f	svtav1	svtav1_20210202_ba9257b_enc-mode0	60	32	0	1179846.0	1179.846	43.22483333333333	46.775333333333336	48.205666666666666	43.204302	46.773474	48.202512	95.7394259	1167672.0	19.4612	2108.61	1280	720	50.0	8	e6529c7d8e3bc597c886f384a4581668	4351ca3d62f46d40930a0843cd76187e	1280	720	7301.0	5.0	3285.0	12663.0	False	False	0.9966178833333335	0.9959394833333334
gipsrestat720p_60f	gipsrestat720p_60f	svtav1	svtav1_20210202_ba9257b_enc-mode0	60	43	0	709686.0	709.686	41.87149999999998	46.12600000000002	47.440833333333316	41.82616599999999	46.123505	47.438872999999994	94.21360443333334	651555.0	10.85925	1248.99	1280	720	50.0	8	15015738f9b58be9dfd6932461d55657	7af26eb5ff0640d7455c2e1707e8077f	1280	720	7159.0	4.0	2490.0	17433.0	False	False	0.9953188833333333	0.9947202166666667
gipsrestat720p_60f	gipsrestat720p_60f	svtav1	svtav1_20210202_ba9257b_enc-mode0	60	55	0	385920.0	385.92	39.70466666666667	44.67633333333334	45.710333333333345	39.664926	44.674443	45.70828199999999	90.96182828333335	289836.0	4.8306	554.54	1280	720	50.0	8	874564d0e69a336dac9e8c59047ed556	9578d32eaea2b33bcd59b8704ffd74cf	1280	720	5457.0	4.0	1799.0	10501.0	False	False	0.9915820500000001	0.9914312999999999
gipsrestat720p_60f	gipsrestat720p_60f	svtav1	svtav1_20210202_ba9257b_enc-mode0	60	63	0	158306.0	158.306	35.420666666666676	41.649833333333326	42.13483333333334	35.40177099999999	41.647561	42.131661	79.43149721666667	244699.0	4.078316666666667	467.64	1280	720	50.0	8	cbea3d3f9366225588d944990fc4572f	7a6cf2ea7ac9ea1552366c0d937e143b	1280	720	6803.0	4.0	1748.0	17454.0	False	False	0.9742056666666666	0.9769011000000002
kirland360p_60f	kirland360p_60f	svtav1	svtav1_20210202_ba9257b_enc-mode0	60	20	0	264864.0	264.864	47.31633333333333	48.49733333333332	49.67916666666665	47.235407	48.459521	49.643269	95.93758561666665	309160.0	5.152666666666667	529.15	640	360	30.0	8	3835b115ed35e84f28a3d4182dedb4c6	227fcfc847c41c457bb47e2ee05472c4	640	360	1432.0	2.0	848.0	3244.0	False	False	0.9908529500000001	0.9973738
kirland360p_60f	kirland360p_60f	svtav1	svtav1_20210202_ba9257b_enc-mode0	60	32	0	134104.0	134.104	46.023833333333336	48.009	48.94450000000001	45.929728	47.985716	48.921739	94.90425139999999	236674.0	3.9445666666666668	412.26	640	360	30.0	8	a3e93b06b74b9a3e3f6719a8f62095f3	62c6bc346bfe378792cbe1402fb97694	640	360	1580.0	3.0	664.0	5396.0	False	False	0.9896642500000001	0.9968928500000002
kirland360p_60f	kirland360p_60f	svtav1	svtav1_20210202_ba9257b_enc-mode0	60	43	0	85476.0	85.47599999999998	44.67216666666664	47.474666666666685	48.033500000000004	44.517838	47.443995	47.986487	92.78825925	150003.0	2.50005	246.36	640	360	30.0	8	cc18e5baac6dd5e4a603fb28ae2e62ac	cd30b8a252345ec450c1d70a41d9c5a7	640	360	1675.0	4.0	613.0	5188.0	False	False	0.9881120999999999	0.9962303333333333
kirland360p_60f	kirland360p_60f	svtav1	svtav1_20210202_ba9257b_enc-mode0	60	55	0	46164.0	46.164	42.111833333333344	46.36833333333333	46.357499999999995	41.894312	46.318591	46.233806	87.4354148	67464.0	1.1244	109.88	640	360	30.0	8	2bd7c446971cf5e0c1c804dd1481e3ca	435b172f91d3e3a39c1fb280783a1acc	640	360	1359.0	4.0	444.0	3056.0	False	False	0.9837778666666667	0.9944330833333335
kirland360p_60f	kirland360p_60f	svtav1	svtav1_20210202_ba9257b_enc-mode0	60	63	0	21812.0	21.812	37.216333333333324	43.5375	43.37033333333334	36.980766	43.44434	43.123044	68.44967926666666	45930.0	0.7655	76.74	640	360	30.0	8	559e657463ab88485a573869e59aeab9	7103176d3170d106dbac09e71953c987	640	360	1247.0	3.0	332.0	3036.0	False	False	0.9660198	0.9851160166666665
red_kayak_360p_60f	red_kayak_360p_60f	svtav1	svtav1_20210202_ba9257b_enc-mode0	60	20	0	9102430.0	9102.43	41.220166666666664	44.71033333333331	49.28783333333332	41.032669000000006	44.60519	49.253493	99.93301528333333	1413036.0	23.5506	2602.71	640	360	29.97	8	9f35f6acb1d9742fa73e873c33ca2f92	a9285a99994ca1e50619577498c93d99	640	360	2059.0	3.0	3672.0	3069.0	False	False	0.9725851999999998	0.9945144666666668
red_kayak_360p_60f	red_kayak_360p_60f	svtav1	svtav1_20210202_ba9257b_enc-mode0	60	32	0	5346318.0	5346.318	36.58733333333335	42.198166666666665	48.02416666666668	36.348632	42.09848	47.997203	99.6807993	1550908.0	25.848466666666667	2846.2	640	360	29.97	8	9ee1b81bea75e37e18d4c8ffa72ffe7d	d547d68ef68cb68b370cafc7b51dda60	640	360	2533.0	3.0	3578.0	5274.0	False	False	0.9400771833333333	0.9863560999999998
red_kayak_360p_60f	red_kayak_360p_60f	svtav1	svtav1_20210202_ba9257b_enc-mode0	60	43	0	2466667.0	2466.667	32.010666666666665	39.9225	46.97583333333331	31.758596	39.832493	46.933255	86.60511908333335	844860.0	14.081	1558.76	640	360	29.97	8	17c5aee81155922a3953652d36179629	51e5c531d72cebe64d657af065925c11	640	360	2005.0	4.0	2794.0	3119.0	False	False	0.8702702166666667	0.9659429333333333
red_kayak_360p_60f	red_kayak_360p_60f	svtav1	svtav1_20210202_ba9257b_enc-mode0	60	55	0	766305.0	766.305	28.150666666666673	37.878833333333326	45.57016666666666	28.007096	37.840616	45.474436	59.57343106666667	552158.0	9.202633333333333	1019.6	640	360	29.97	8	d7cb1f0c94443cd300d249251d93bd99	3243849fd524380f0ef73b0ca57a16d6	640	360	2015.0	4.0	2103.0	3023.0	False	False	0.7570003166666667	0.9194771666666666
red_kayak_360p_60f	red_kayak_360p_60f	svtav1	svtav1_20210202_ba9257b_enc-mode0	60	63	0	118396.0	118.396	25.25099999999999	36.04583333333333	43.558333333333344	25.20679	36.016658	43.32869	19.510527633333336	461059.0	7.684316666666667	874.68	640	360	29.97	8	fc1ac3cf84df0d25dd74591e5aab2ae1	38ed5eece5218c0c863187734e0fbd1b	640	360	2594.0	5.0	1741.0	5099.0	False	False	0.64017475	0.8131582666666667
speed_bag_640x360_60f	speed_bag_640x360_60f	svtav1	svtav1_20210202_ba9257b_enc-mode0	60	20	0	424177.0	424.177	46.866333333333316	49.63600000000001	51.071166666666656	46.792669	49.57961	51.014889	98.24487306666666	460424.0	7.673733333333334	836.84	640	360	29.97	8	f23245eae47d0b810265869a9aa91f74	3187c8b2763f2344d70731e676bdd3b7	640	360	1642.0	3.0	1535.0	5165.0	False	False	0.9886713333333333	0.9974990333333333
speed_bag_640x360_60f	speed_bag_640x360_60f	svtav1	svtav1_20210202_ba9257b_enc-mode0	60	32	0	228882.0	228.882	44.92733333333332	48.124833333333335	49.678666666666665	44.792008	48.037243	49.577712	97.22437626666668	215736.0	3.5956	370.58	640	360	29.97	8	15bd39c9c6be11af287399fd19267d69	cf432b718344cdeb68e7e846eae1b889	640	360	1654.0	2.0	1376.0	3574.0	False	False	0.9853523166666667	0.9961059166666667
speed_bag_640x360_60f	speed_bag_640x360_60f	svtav1	svtav1_20210202_ba9257b_enc-mode0	60	43	0	129079.0	129.079	42.84650000000002	46.3825	48.30483333333333	42.627201	46.258887	48.144685	94.62240340000002	196015.0	3.2669166666666665	339.85	640	360	29.97	8	e7acaae415e15b3302013a191c7a7f05	e1b36302d37cd019d2be8c7b5232dea0	640	360	1473.0	5.0	1314.0	4316.0	False	False	0.9810209333333334	0.9938331666666667
speed_bag_640x360_60f	speed_bag_640x360_60f	svtav1	svtav1_20210202_ba9257b_enc-mode0	60	55	0	67501.0	67.501	39.82449999999999	43.768	46.35466666666667	39.569233000000004	43.665671	46.163834	85.89201768333334	114597.0	1.90995	194.77	640	360	29.97	8	f65a17a6e97a8b2941f05fc118910c94	2d78d7973813b112d578e086354306f3	640	360	1340.0	2.0	995.0	3124.0	False	False	0.9722618000000001	0.9882341166666665
speed_bag_640x360_60f	speed_bag_640x360_60f	svtav1	svtav1_20210202_ba9257b_enc-mode0	60	63	0	30058.0	30.058	34.80883333333333	40.30733333333332	42.8625	34.590482	40.21935700000001	42.688037	60.75922731666667	75508.0	1.2584666666666666	133.03	640	360	29.97	8	8a172dba598d73146c53451083037f16	9457ecdbd7c4a1733cdf64425d3e50e8	640	360	1547.0	3.0	762.0	3259.0	False	False	0.9486376	0.9670420333333335
thaloundeskmtg360p_60f	thaloundeskmtg360p_60f	svtav1	svtav1_20210202_ba9257b_enc-mode0	60	20	0	820132.0	820.132	44.75283333333332	48.629999999999995	48.64316666666669	44.526803	48.565609	48.602033	97.05285819999999	370632.0	6.1772	677.95	640	360	30.0	8	ee1da56211563dde479bdff29542a9c5	997c3f3439ee051941127207969ea327	640	360	1914.0	4.0	1136.0	3175.0	False	False	0.99260195	0.9984478166666665
thaloundeskmtg360p_60f	thaloundeskmtg360p_60f	svtav1	svtav1_20210202_ba9257b_enc-mode0	60	32	0	447060.0	447.06	43.24316666666665	47.423	47.51433333333333	42.929267	47.357765	47.475537	96.01094714999999	346612.0	5.776866666666667	639.03	640	360	30.0	8	d92c8c3e1bf328e24d187d250ead92a8	36afcb3c0d5416d0142808a8ae896518	640	360	2097.0	5.0	902.0	5116.0	False	False	0.9904776	0.9977749833333334
thaloundeskmtg360p_60f	thaloundeskmtg360p_60f	svtav1	svtav1_20210202_ba9257b_enc-mode0	60	43	0	255376.0	255.376	41.30383333333332	45.86133333333333	45.96133333333333	40.894888	45.81162	45.929487	93.92183123333332	194393.0	3.2398833333333332	354.61	640	360	30.0	8	119a44948589876748d965eb08f44d1a	13116db3cbb570c12d07db13fcc84b50	640	360	2298.0	4.0	691.0	3053.0	False	False	0.9869044999999999	0.9965489166666665
thaloundeskmtg360p_60f	thaloundeskmtg360p_60f	svtav1	svtav1_20210202_ba9257b_enc-mode0	60	55	0	133996.0	133.996	38.19249999999998	43.13516666666667	43.18233333333333	37.801653	43.106442	43.14683	88.88166956666667	107963.0	1.7993833333333333	193.52	640	360	30.0	8	e71f1a27d3c4657019f3f353bfdaabda	d16e890e6914bf9ab491e196ec41a850	640	360	2023.0	4.0	648.0	3152.0	False	False	0.9782119166666665	0.99309375
thaloundeskmtg360p_60f	thaloundeskmtg360p_60f	svtav1	svtav1_20210202_ba9257b_enc-mode0	60	63	0	53812.0	53.812	32.956	38.71916666666668	38.83283333333333	32.669531	38.688639	38.806897	71.88205378333333	66704.0	1.1117333333333332	120.92	640	360	30.0	8	40c9a39740b14b88b92dac0c332eae79	334259e5fe1c7cb3f13d850af83d77ec	640	360	1695.0	2.0	475.0	2993.0	False	False	0.9481561166666667	0.9777887833333332
vidyo1_720p_60fps_60f	vidyo1_720p_60fps_60f	svtav1	svtav1_20210202_ba9257b_enc-mode0	60	20	0	3129208.0	3129.208	45.38816666666666	48.06066666666667	49.385333333333314	45.376747	48.057415	49.384383	96.42338926666666	1748733.0	29.14555	3305.78	1280	720	60.0	8	482cf560eaddc0479b3fb2563f9a1339	7028e88fd7b9fac4aaa9e416790c3646	1280	720	5139.0	3.0	3328.0	17427.0	False	False	0.9974805833333333	0.99684435
vidyo1_720p_60fps_60f	vidyo1_720p_60fps_60f	svtav1	svtav1_20210202_ba9257b_enc-mode0	60	32	0	1287800.0	1287.8	43.99016666666666	47.548166666666674	48.72616666666668	43.982449	47.54594	48.726029	95.23062401666668	760672.0	12.677866666666667	1466.58	1280	720	60.0	8	959883147c5fc7fd672d219e2e867283	cc1207ab4215ee2eac4010d1b294b505	1280	720	6467.0	3.0	2642.0	10707.0	False	False	0.9960899	0.9955203666666665
vidyo1_720p_60fps_60f	vidyo1_720p_60fps_60f	svtav1	svtav1_20210202_ba9257b_enc-mode0	60	43	0	706832.0	706.832	42.72066666666669	46.93150000000001	47.95116666666667	42.715271	46.9298	47.950663	93.41306846666666	718359.0	11.97265	1383.76	1280	720	60.0	8	500486eeecd7892530903b167e61e719	646dd8a19fa2c4a8eaf2a5c0324ce733	1280	720	6336.0	4.0	2359.0	17584.0	False	False	0.9943763	0.9940072833333334
vidyo1_720p_60fps_60f	vidyo1_720p_60fps_60f	svtav1	svtav1_20210202_ba9257b_enc-mode0	60	55	0	371080.0	371.08	40.659166666666664	45.7515	46.41266666666669	40.651258	45.74984200000001	46.411613	89.22451291666667	532385.0	8.873083333333334	1017.57	1280	720	60.0	8	3d7fc46954c661784d6ecfa134d60ca8	16232b9cae187811f5084da49fb76778	1280	720	6504.0	3.0	2216.0	17916.0	False	False	0.9899744333333335	0.9903851833333335
vidyo1_720p_60fps_60f	vidyo1_720p_60fps_60f	svtav1	svtav1_20210202_ba9257b_enc-mode0	60	63	0	149960.0	149.96	36.41166666666665	42.96500000000001	43.148166666666675	36.400319	42.96363899999999	43.146875	74.49157566666668	200411.0	3.3401833333333335	382.95	1280	720	60.0	8	7e134a6e3e5727a64469d101a8d9999e	f66da6ec0497acc2b2da6dc58b46cb8f	1280	720	5017.0	3.0	1689.0	10649.0	False	False	0.9698424833333333	0.9745981
Cosmos1_1920x856_BT2100_PQ_24fps	Cosmos1_1920x856_BT2100_PQ_24fps	svtav1	svtav1_20210202_ba9257b_enc-mode0	60	20	0	21244524.0	21244.524	41.60316666666667	44.76700000000001	47.470666666666645	41.551124	44.727526	47.44461	99.2474275	7091083.0	118.18471666666667	13833.54	1920	856	24.0	10	bb1a7c6db04b9efc3de76e518304b3d8	ee829a888f1cdd39080418215d7c6206	1920	856	18314.0	4.0	25756.0	19303.0	False	False	0.9965495333333333	0.9957741500000001
Cosmos1_1920x856_BT2100_PQ_24fps	Cosmos1_1920x856_BT2100_PQ_24fps	svtav1	svtav1_20210202_ba9257b_enc-mode0	60	32	0	7993660.0	7993.66	37.80666666666666	42.824000000000005	45.91466666666667	37.754576	42.784542	45.886712	94.45950498333333	7637846.0	127.29743333333333	14948.05	1920	856	24.0	10	6f089eb5c2f2824d89afcac396dad373	dfb63f3ca69188abf7a0c7da367a5609	1920	856	21226.0	3.0	18738.0	30610.0	False	False	0.991348	0.9902828
Cosmos1_1920x856_BT2100_PQ_24fps	Cosmos1_1920x856_BT2100_PQ_24fps	svtav1	svtav1_20210202_ba9257b_enc-mode0	60	43	0	3383532.0	3383.532	35.46033333333333	41.50183333333333	44.848166666666664	35.401803	41.45719999999999	44.819642	84.77471876666665	4612526.0	76.87543333333333	9016.29	1920	856	24.0	10	f9d89f6b488eb37b2346dc6974a6b159	154533c755b356b034f17d656d0416a0	1920	856	21848.0	2.0	14084.0	30395.0	False	False	0.9811836333333335	0.9809585833333333
Cosmos1_1920x856_BT2100_PQ_24fps	Cosmos1_1920x856_BT2100_PQ_24fps	svtav1	svtav1_20210202_ba9257b_enc-mode0	60	55	0	1381299.0	1381.299	32.96533333333334	39.93116666666666	43.30000000000002	32.887751	39.888156	43.272992	67.23986356666667	3912093.0	65.20155	7631.04	1920	856	24.0	10	ce91571bd3c513923a0b3241032f4fa7	28d5e395972cfec6d891b5623e9eb5c6	1920	856	21556.0	4.0	11584.0	30574.0	False	False	0.9546300666666667	0.9582809166666665
Cosmos1_1920x856_BT2100_PQ_24fps	Cosmos1_1920x856_BT2100_PQ_24fps	svtav1	svtav1_20210202_ba9257b_enc-mode0	60	63	0	293315.0	293.315	29.255499999999998	37.41683333333333	41.040499999999994	29.179674	37.370333	41.023311	33.65802751666667	1331311.0	22.18851666666667	2568.96	1920	856	24.0	10	2f6d5d46fd880eecadc4f6fd7abc183c	fc2119d6cae01703de998d277e7496bf	1920	856	18430.0	3.0	7673.0	19453.0	False	False	0.8443199666666666	0.8684787166666667
Market3_1920x1080p_50_10b_pq_709	Market3_1920x1080p_50_10b_pq_709	svtav1	svtav1_20210202_ba9257b_enc-mode0	60	20	0	11467566.0	11467.566	44.66116666666667	50.77883333333332	51.727500000000006	44.649671	50.776341	51.725775	99.81226136666665	3749942.0	62.49903333333334	7248.57	1920	1080	50.0	10	6f4cd8f032645bfe1c166640546b0665	28c47dacbb7eba5b9c2763689e1a1512	1920	1080	25629.0	3.0	15019.0	37238.0	False	False	0.9991787833333332	0.9981370999999999
Market3_1920x1080p_50_10b_pq_709	Market3_1920x1080p_50_10b_pq_709	svtav1	svtav1_20210202_ba9257b_enc-mode0	60	32	0	6108313.0	6108.313	42.162500000000016	48.96233333333334	50.05316666666668	42.138890999999994	48.959191	50.052686	98.77549486666665	3939375.0	65.65625	7655.16	1920	1080	50.0	10	2984596d042e0ff51f6d7e649a276fd8	bb1bed5987efe914df5acf9abbec8bcf	1920	1080	19858.0	3.0	13108.0	23864.0	False	False	0.9985618000000002	0.996812
Market3_1920x1080p_50_10b_pq_709	Market3_1920x1080p_50_10b_pq_709	svtav1	svtav1_20210202_ba9257b_enc-mode0	60	43	0	3508800.0	3508.8	39.85916666666666	47.58333333333333	48.85999999999999	39.826169	47.579742	48.858839	96.00788585000001	2736884.0	45.614733333333334	5312.36	1920	1080	50.0	10	8597122d5f01eb0eb6f7c15f9c95812e	d1a3a92b7efe9d68a4a5b0bc818cf846	1920	1080	26302.0	3.0	11686.0	37653.0	False	False	0.9973269666666666	0.9943383000000002
Market3_1920x1080p_50_10b_pq_709	Market3_1920x1080p_50_10b_pq_709	svtav1	svtav1_20210202_ba9257b_enc-mode0	60	55	0	1695040.0	1695.04	36.74716666666668	45.54349999999999	47.04999999999997	36.713672	45.540738	47.049552	89.59841386666669	2620808.0	43.68013333333333	5093.47	1920	1080	50.0	10	4b30433d340a80c4f9d53b88748d589d	6aac320397b857d07bce626261661cfb	1920	1080	25645.0	4.0	11575.0	40252.0	False	False	0.9932373000000001	0.9867750333333334
Market3_1920x1080p_50_10b_pq_709	Market3_1920x1080p_50_10b_pq_709	svtav1	svtav1_20210202_ba9257b_enc-mode0	60	63	0	491906.0	491.906	32.22933333333334	42.412166666666664	43.984166666666646	32.200677	42.409082	43.983177	68.35904120000001	1324742.0	22.079033333333335	2568.73	1920	1080	50.0	10	f8ca6cf2f58cfa68d05b982cedd89f0a	063f3c0e2b021f71450ff35b0a26d2fd	1920	1080	25575.0	4.0	10747.0	23755.0	False	False	0.9718534999999998	0.95690505
Starting_1920x1080p_50_10b_pq_70	Starting_1920x1080p_50_10b_pq_70	svtav1	svtav1_20210202_ba9257b_enc-mode0	60	20	0	3943660.0	3943.6599999999994	46.79966666666668	49.599	51.20916666666667	46.766108	49.563632	51.161032	96.80228618333334	2774344.0	46.239066666666666	5284.42	1920	1080	50.0	10	e5e102d4e7ec114a76ea3a69400474bb	6af2f614f6f57b1540259c6ce0c79ced	1920	1080	25694.0	5.0	8514.0	26252.0	False	False	0.9992259999999998	0.9981379833333334
Starting_1920x1080p_50_10b_pq_70	Starting_1920x1080p_50_10b_pq_70	svtav1	svtav1_20210202_ba9257b_enc-mode0	60	32	0	2436880.0	2436.88	45.73516666666664	48.81316666666669	50.1765	45.684087	48.778333	50.136601	96.02394783333335	2031110.0	33.85183333333333	3952.31	1920	1080	50.0	10	c5e0eccc350bb6be1ca823529e1a5d8a	665a94025740243477ebf9308b37cf0e	1920	1080	22406.0	3.0	7642.0	39944.0	False	False	0.9989176666666668	0.9976501833333332
Starting_1920x1080p_50_10b_pq_70	Starting_1920x1080p_50_10b_pq_70	svtav1	svtav1_20210202_ba9257b_enc-mode0	60	43	0	1512413.0	1512.413	44.29583333333334	47.663999999999994	48.6135	44.243123	47.653311	48.602017	94.55009391666665	1730807.0	28.846783333333335	3269.41	1920	1080	50.0	10	43d453d6676439877c7f06c1eb090dee	a6953467e9df38ecd6649af527a31076	1920	1080	22025.0	4.0	7616.0	40381.0	False	False	0.9982459833333334	0.9967128666666667
Starting_1920x1080p_50_10b_pq_70	Starting_1920x1080p_50_10b_pq_70	svtav1	svtav1_20210202_ba9257b_enc-mode0	60	55	0	751920.0	751.92	41.342333333333336	45.65133333333333	46.165666666666674	41.309869	45.650179	46.164722	90.3082517	1467385.0	24.456416666666666	2853.77	1920	1080	50.0	10	374dd95e5c7510f17bc589f138850451	856cbb47141df06c5ce07be503f0fb11	1920	1080	22858.0	4.0	7218.0	41064.0	False	False	0.9960585166666668	0.9936959
Starting_1920x1080p_50_10b_pq_70	Starting_1920x1080p_50_10b_pq_70	svtav1	svtav1_20210202_ba9257b_enc-mode0	60	63	0	262473.0	262.473	36.18750000000001	42.74299999999999	42.95300000000002	36.172969	42.743131999999996	42.953094	74.8104105	974365.0	16.239416666666667	1894.55	1920	1080	50.0	10	8c04261363130beff0f35412955b351e	eab2578e412403ba7a544a81652e30ea	1920	1080	19664.0	4.0	7037.0	37800.0	False	False	0.9852097833333334	0.9794511499999999
Netflix_Boat_1920x1080_60fps_8bi	Netflix_Boat_1920x1080_60fps_8bi	svtav1	svtav1_20210202_ba9257b_enc-mode0	60	20	0	24858592.0	24858.592	43.25266666666666	45.40249999999999	46.79033333333333	43.236409	45.388841	46.78444	99.90608001666666	5324301.0	88.73835	10351.72	1920	1080	60.0	8	08c2af716290ce5c4875cc315fd3a1f9	f42af7d988d985c2a13443a180a82170	1920	1080	19225.0	6.0	14901.0	37500.0	False	False	0.9992744333333333	0.9984688666666667
Netflix_Boat_1920x1080_60fps_8bi	Netflix_Boat_1920x1080_60fps_8bi	svtav1	svtav1_20210202_ba9257b_enc-mode0	60	32	0	13953272.0	13953.272	40.679166666666674	43.81916666666666	44.81016666666665	40.654372	43.800127	44.804963	99.37845739999999	4274463.0	71.24105	8253.0	1920	1080	60.0	8	4d93030ee58171f6a001a305809f8f1e	e3ed353959b2e85738f83436bb6fecf3	1920	1080	14168.0	4.0	13054.0	39767.0	False	False	0.99874545	0.9973745
Netflix_Boat_1920x1080_60fps_8bi	Netflix_Boat_1920x1080_60fps_8bi	svtav1	svtav1_20210202_ba9257b_enc-mode0	60	43	0	8218864.0	8218.864	38.04783333333333	42.62283333333332	43.39216666666666	37.990759	42.594794	43.386399	95.89272516666665	2835103.0	47.25171666666667	5445.05	1920	1080	60.0	8	15bab917881963ada8320a053dd8be37	1be6ff69166604572bc1c108d71469f4	1920	1080	22833.0	5.0	11470.0	23763.0	False	False	0.9976229166666666	0.9952190166666667
Netflix_Boat_1920x1080_60fps_8bi	Netflix_Boat_1920x1080_60fps_8bi	svtav1	svtav1_20210202_ba9257b_enc-mode0	60	55	0	4234120.0	4234.12	34.5895	40.985166666666665	41.55833333333335	34.507145	40.948063	41.553121	88.30976431666667	2323266.0	38.7211	4530.59	1920	1080	60.0	8	fc7b4833cd4ff47188bae256ba4ad3a7	e33de80eedecf74506e1a992e67292f7	1920	1080	13781.0	3.0	10405.0	39768.0	False	False	0.9940055333333333	0.9887175166666666
Netflix_Boat_1920x1080_60fps_8bi	Netflix_Boat_1920x1080_60fps_8bi	svtav1	svtav1_20210202_ba9257b_enc-mode0	60	63	0	1371656.0	1371.656	29.258666666666667	38.47066666666669	38.77816666666668	29.175869	38.445213	38.774657	64.86366185	1631338.0	27.188966666666666	3105.81	1920	1080	60.0	8	622b65d2ebc803e6ea6e99e20348fad6	4b055ba9f867a9df26ef1ccb9afbeb02	1920	1080	16499.0	5.0	7995.0	40017.0	False	False	0.9712098666666666	0.95490165
Netflix_Crosswalk_1920x1080_60fp	Netflix_Crosswalk_1920x1080_60fp	svtav1	svtav1_20210202_ba9257b_enc-mode0	60	20	0	7645496.0	7645.496	45.61033333333334	48.40983333333333	50.287333333333315	45.592375999999994	48.405439	50.283339	99.15788821666668	4344130.0	72.40216666666667	8440.99	1920	1080	60.0	8	c2664a8294d7fa38de090254620a7ff8	9cc00853185bcad182f4a8435a89c269	1920	1080	9550.0	3.0	16576.0	23960.0	False	False	0.9976959999999999	0.9958188333333334
Netflix_Crosswalk_1920x1080_60fp	Netflix_Crosswalk_1920x1080_60fp	svtav1	svtav1_20210202_ba9257b_enc-mode0	60	32	0	4011024.0	4011.024	44.44850000000001	47.699666666666666	49.541666666666664	44.410395	47.691952	49.533431	96.17839875000001	3719861.0	61.997683333333335	6772.61	1920	1080	60.0	8	a9b29b838992ddb787c5314eab7aba90	e54bcf063f15a7c4440c072c166d3be8	1920	1080	12238.0	2.0	15304.0	23824.0	False	False	0.99624895	0.9942338666666666
Netflix_Crosswalk_1920x1080_60fp	Netflix_Crosswalk_1920x1080_60fp	svtav1	svtav1_20210202_ba9257b_enc-mode0	60	43	0	2197632.0	2197.632	42.96166666666668	46.86016666666668	48.63516666666666	42.885397	46.846121	48.620411	91.16520313333334	1511172.0	25.1862	2945.94	1920	1080	60.0	8	be900700748f9869f7b4c4c74406ab09	77d445b0ea76e62168807b190f66662c	1920	1080	9757.0	4.0	13650.0	23849.0	False	False	0.99343045	0.9914612666666668
Netflix_Crosswalk_1920x1080_60fp	Netflix_Crosswalk_1920x1080_60fp	svtav1	svtav1_20210202_ba9257b_enc-mode0	60	55	0	1074840.0	1074.84	40.62050000000001	45.44016666666665	47.14883333333333	40.507913	45.419199	47.128218	80.53017218333333	1642531.0	27.375516666666666	3219.87	1920	1080	60.0	8	0d3d9919be2757b0f7a3cc4c7ad0279c	6fca7d5037a18b6c362c8f77a9ca7064	1920	1080	11805.0	3.0	11582.0	23746.0	False	False	0.9858509833333334	0.9846769666666666
Netflix_Crosswalk_1920x1080_60fp	Netflix_Crosswalk_1920x1080_60fp	svtav1	svtav1_20210202_ba9257b_enc-mode0	60	63	0	384312.0	384.312	36.43116666666666	42.45816666666667	43.883500000000005	36.2843	42.414296	43.82921	53.63437766666666	860415.0	14.34025	1675.85	1920	1080	60.0	8	81b86936dfd4c034ff0d5f3567777d07	fb2938e45b2b0843a6a2bf104f83be42	1920	1080	9182.0	4.0	9188.0	23491.0	False	False	0.9559186833333334	0.9602226333333335
Netflix_FoodMarket_1920x1080_60f	Netflix_FoodMarket_1920x1080_60f	svtav1	svtav1_20210202_ba9257b_enc-mode0	60	20	0	18150712.0	18150.712	40.896500000000024	44.776833333333336	45.55916666666666	40.883597	44.77465	45.557354	98.95612320000002	7878248.0	131.30413333333334	15354.3	1920	1080	60.0	8	6e0c80a2f73bc4cac3bb7c8fbb65fcc7	792515ee74aed0efdf579e0e442009d8	1920	1080	15587.0	2.0	17692.0	39219.0	False	False	0.9949490166666666	0.9893175833333333
Netflix_FoodMarket_1920x1080_60f	Netflix_FoodMarket_1920x1080_60f	svtav1	svtav1_20210202_ba9257b_enc-mode0	60	32	0	7036896.0	7036.896	39.813333333333325	44.067	45.02300000000001	39.805598	44.06374	45.021574	96.18727215	5164356.0	86.0726	10093.95	1920	1080	60.0	8	7a8fae7dc80612eb48e348ae47032740	076cb982047269d0fb80761e247c6ba5	1920	1080	15566.0	4.0	13078.0	23697.0	False	False	0.99242855	0.9856830833333332
Netflix_FoodMarket_1920x1080_60f	Netflix_FoodMarket_1920x1080_60f	svtav1	svtav1_20210202_ba9257b_enc-mode0	60	43	0	3800440.0	3800.44	38.73333333333332	43.37683333333332	44.446	38.715476	43.370284	44.443531	92.21590855	2125804.0	35.43006666666667	4128.62	1920	1080	60.0	8	b463a4f808eace3627187f7c98c8d74e	3d7253a33a3c363a5e37acb7e810718e	1920	1080	12839.0	5.0	11239.0	23293.0	False	False	0.9889393166666667	0.9811584
Netflix_FoodMarket_1920x1080_60f	Netflix_FoodMarket_1920x1080_60f	svtav1	svtav1_20210202_ba9257b_enc-mode0	60	55	0	1769896.0	1769.896	36.80600000000002	42.223	43.32966666666666	36.774088	42.211921	43.324439	82.84665468333333	2156307.0	35.93845	4100.53	1920	1080	60.0	8	194ecd2a0203ea9759e287b84358fb5f	e27c69a8ed2bea98ac79a86cc4790c89	1920	1080	13873.0	4.0	10438.0	39268.0	False	False	0.9775799833333333	0.9683993166666667
Netflix_FoodMarket_1920x1080_60f	Netflix_FoodMarket_1920x1080_60f	svtav1	svtav1_20210202_ba9257b_enc-mode0	60	63	0	533424.0	533.424	33.2105	40.12316666666666	40.9235	33.170213	40.103148	40.913211	57.092129600000014	1633589.0	27.226483333333334	3042.05	1920	1080	60.0	8	95bab5c2a92c0fd2ec137ea08c1850b5	39847b1a6c2077dd73a77bf47ed363c4	1920	1080	12761.0	3.0	8722.0	39890.0	False	False	0.9261322666666666	0.9205172833333334
Netflix_PierSeaside_1920x1080_60	Netflix_PierSeaside_1920x1080_60	svtav1	svtav1_20210202_ba9257b_enc-mode0	60	20	0	6711256.0	6711.256	45.19933333333332	47.25533333333333	45.36283333333332	45.17756	47.246733	45.351097	99.86497254999999	3353467.0	55.89111666666667	6478.61	1920	1080	60.0	8	35ab4dd9eeb85ffb4a3cd27733453031	9abf83010d284c65a763e683de8b9ee1	1920	1080	13484.0	5.0	10786.0	37858.0	False	False	0.9980189666666666	0.9967612333333334
Netflix_PierSeaside_1920x1080_60	Netflix_PierSeaside_1920x1080_60	svtav1	svtav1_20210202_ba9257b_enc-mode0	60	32	0	3213000.0	3213.0	43.65116666666667	46.481833333333334	44.773833333333336	43.608761	46.472042	44.762551	99.41926411666668	1753557.0	29.22595	3369.67	1920	1080	60.0	8	e230414d10f883b3b2337321ae39bbb0	3f128ba42858eadf3217224bff9434d3	1920	1080	10552.0	3.0	9673.0	23452.0	False	False	0.9971294166666665	0.9953781333333335
Netflix_PierSeaside_1920x1080_60	Netflix_PierSeaside_1920x1080_60	svtav1	svtav1_20210202_ba9257b_enc-mode0	60	43	0	1672336.0	1672.336	42.060833333333356	45.58166666666666	44.13966666666667	42.00083200000001	45.572267	44.129396	97.87743173333332	954634.0	15.910566666666666	1843.46	1920	1080	60.0	8	12deb6a3ff058f68d932b56774f2c7ac	3e65f6e59dbc55727fe2416bb87fc8ba	1920	1080	10681.0	3.0	8602.0	23474.0	False	False	0.9956975499999999	0.9932473999999999
Netflix_PierSeaside_1920x1080_60	Netflix_PierSeaside_1920x1080_60	svtav1	svtav1_20210202_ba9257b_enc-mode0	60	55	0	792272.0	792.272	39.89766666666664	43.95816666666668	43.01083333333333	39.83448	43.946968	43.00025	93.94260401666666	1095031.0	18.250516666666666	2102.64	1920	1080	60.0	8	7b8f559f430e39a316a2b61bdd6a9663	de6faabc0f7e42af9fb2978035fae5cc	1920	1080	13951.0	4.0	7917.0	24860.0	False	False	0.9922390166666667	0.9887241333333332
Netflix_PierSeaside_1920x1080_60	Netflix_PierSeaside_1920x1080_60	svtav1	svtav1_20210202_ba9257b_enc-mode0	60	63	0	277264.0	277.264	36.15416666666666	40.98099999999999	40.55399999999999	36.10894	40.975525	40.549021	81.34204561666667	536537.0	8.942283333333334	1032.95	1920	1080	60.0	8	6d3eaeab007aa43297600b34b90ae1b7	8e1e28ca4af383e3a7ab34421d0ee24c	1920	1080	10390.0	3.0	7584.0	23632.0	False	False	0.9808934666666667	0.9760865166666668
STARCRAFT_60f_420	STARCRAFT_60f_420	svtav1	svtav1_20210202_ba9257b_enc-mode0	60	20	0	7923664.0	7923.664	50.80516666666668	53.70849999999998	53.72216666666667	50.792253	53.696265	53.714787	97.67759183333335	1156062.0	19.2677	2205.53	1920	1080	60.0	8	fcbcb5b791f33709c368798485c51c3a	0722494ed3920240990c080dc1296fa2	1920	1080	10782.0	3.0	3386.0	25853.0	False	False	0.9996621333333333	0.9993462833333334
STARCRAFT_60f_420	STARCRAFT_60f_420	svtav1	svtav1_20210202_ba9257b_enc-mode0	60	32	0	4830176.0	4830.176	47.93449999999997	51.731999999999985	51.83649999999999	47.915011	51.709222	51.825973	97.09165129999998	973050.0	16.2175	1844.29	1920	1080	60.0	8	35fc8c4677b24d317bebd892bebd8240	320f59b4336a72fe94d225a14f2f3dde	1920	1080	14168.0	3.0	3020.0	24325.0	False	False	0.9993320166666668	0.99877755
STARCRAFT_60f_420	STARCRAFT_60f_420	svtav1	svtav1_20210202_ba9257b_enc-mode0	60	43	0	2830704.0	2830.704	44.62483333333331	49.25783333333335	49.47699999999999	44.598971	49.23401	49.467497	95.9294325	715734.0	11.9289	1359.21	1920	1080	60.0	8	d7f0293999544a9788b05e95bb8580e3	9b99f9b0fcf6c8cdb68b52b4c731a7e7	1920	1080	10488.0	3.0	2975.0	23584.0	False	False	0.9984809333333334	0.9973932333333334
STARCRAFT_60f_420	STARCRAFT_60f_420	svtav1	svtav1_20210202_ba9257b_enc-mode0	60	55	0	1407752.0	1407.752	40.4345	45.998666666666665	46.23700000000001	40.413505	45.980152	46.229126	92.62767290000002	905726.0	15.095433333333334	1733.83	1920	1080	60.0	8	ae49b0c5aa4d15b0f481f0a253401f59	7b8286f71dc07521f986a1e103d4b63f	1920	1080	10969.0	3.0	2996.0	39285.0	False	False	0.9954189333333333	0.9930037333333332
STARCRAFT_60f_420	STARCRAFT_60f_420	svtav1	svtav1_20210202_ba9257b_enc-mode0	60	63	0	489008.0	489.008	34.90316666666667	41.638999999999996	41.747	34.891317	41.62328	41.738233	80.87128499999999	632558.0	10.542633333333333	1220.22	1920	1080	60.0	8	efdfedccb21518ed8ac62c0abe57fefb	29b7ad3893afd2a4d473fda35b8720dc	1920	1080	13884.0	4.0	2443.0	38361.0	False	False	0.9809337166666666	0.9752965499999999
aspen_1080p_60f	aspen_1080p_60f	svtav1	svtav1_20210202_ba9257b_enc-mode0	60	20	0	7304764.0	7304.764	43.80716666666665	47.96416666666665	49.174833333333325	43.78455900000001	47.96161399999999	49.172983	97.66410641666667	6008861.0	100.14768333333333	11726.97	1920	1080	29.97	8	4fb58c5ac32b9cc5023cf15e087b4ca0	6552a7c7c1a174ebbbb41aa2626f1ae2	1920	1080	11741.0	3.0	15280.0	23629.0	False	False	0.9959068166666666	0.9922524166666666
aspen_1080p_60f	aspen_1080p_60f	svtav1	svtav1_20210202_ba9257b_enc-mode0	60	32	0	2368840.0	2368.8400000000006	42.11533333333333	47.03483333333335	48.187666666666665	42.105131	47.03281	48.184188999999996	93.96626986666665	4502713.0	75.04521666666666	8757.53	1920	1080	29.97	8	38d7b5e8de4eb793ac3c9baf497026e6	3ad6acfd095a6b6a822cac7476b57c44	1920	1080	11794.0	3.0	12829.0	38516.0	False	False	0.99403165	0.9896978333333334
aspen_1080p_60f	aspen_1080p_60f	svtav1	svtav1_20210202_ba9257b_enc-mode0	60	43	0	1167447.0	1167.447	40.979499999999994	46.12983333333333	47.309999999999995	40.961156	46.12474	47.304804	89.7269167	1907938.0	31.798966666666665	3727.68	1920	1080	29.97	8	69a40b7474891bbe277ec9d17a2bd77e	326bb13c398af95896b9b120d045c685	1920	1080	9002.0	3.0	9942.0	22789.0	False	False	0.9919111833333333	0.9873477666666666
aspen_1080p_60f	aspen_1080p_60f	svtav1	svtav1_20210202_ba9257b_enc-mode0	60	55	0	559439.0	559.439	39.31866666666667	44.54016666666667	45.78816666666669	39.287518	44.531635	45.782521	82.55658935000001	1333307.0	22.221783333333335	2590.84	1920	1080	29.97	8	bc35910bca7af891c08b97ec507e1cfd	e095582de7b24089e9d311b7883211b2	1920	1080	9596.0	6.0	9791.0	40580.0	False	False	0.9875850666666667	0.9827922666666667
aspen_1080p_60f	aspen_1080p_60f	svtav1	svtav1_20210202_ba9257b_enc-mode0	60	63	0	202783.0	202.783	35.97466666666669	41.62649999999999	42.61233333333334	35.932894	41.613967	42.609105	63.96289363333334	1149247.0	19.154116666666667	2245.91	1920	1080	29.97	8	126a312757410e5f718691b32471d7db	9ec5377b6b5ce1dff6c87d4b2fba4dbe	1920	1080	12034.0	3.0	7333.0	38075.0	False	False	0.9697733333333332	0.9658064333333333
niklas360p_60f	niklas360p_60f	svtav1	svtav1_20210202_ba9257b_enc-mode0	60	20	0	1329352.0	1329.352	44.356333333333325	47.68199999999998	47.3415	44.26043	47.60839	47.266093	98.33275201666666	507851.0	8.464183333333333	870.89	640	360	30.0	8	c922d7537504061f411497e1df49b885	1419e54f1699bf6703027e1f7ca0756d	640	360	1821.0	5.0	1955.0	3216.0	False	False	0.9863826499999998	0.9968456833333333
niklas360p_60f	niklas360p_60f	svtav1	svtav1_20210202_ba9257b_enc-mode0	60	32	0	731432.0	731.432	41.83466666666668	46.12533333333333	45.505166666666675	41.758705	46.075757	45.451832	96.58970536666666	340388.0	5.673133333333333	588.5	640	360	30.0	8	0ee8658c86b99df04026e38c5eda616f	4840f43bca3b4f87821098c9e30024db	640	360	1734.0	3.0	1562.0	3226.0	False	False	0.9806922	0.9950762666666666
niklas360p_60f	niklas360p_60f	svtav1	svtav1_20210202_ba9257b_enc-mode0	60	43	0	411060.0	411.06	39.072333333333326	44.55483333333332	43.66299999999999	38.997655	44.526748	43.61881	93.22955463333334	376880.0	6.281333333333333	686.28	640	360	30.0	8	356a1f2c5908e60c4bb3edcdeae6f14e	e2bd4568fdfda57df266256a15064eb3	640	360	2005.0	3.0	1336.0	5125.0	False	False	0.9711069	0.9917417666666668
niklas360p_60f	niklas360p_60f	svtav1	svtav1_20210202_ba9257b_enc-mode0	60	55	0	206200.0	206.2	35.68866666666667	42.432999999999986	41.21150000000001	35.640258	42.406251	41.16460300000001	86.14626285	193990.0	3.2331666666666665	332.19	640	360	30.0	8	a0f4eb19bbfc2ac8cfea648f6552853a	4c178aa62c49cc491aaaeb192f400e9e	640	360	1787.0	3.0	1138.0	3099.0	False	False	0.9504096999999999	0.9833142666666667
niklas360p_60f	niklas360p_60f	svtav1	svtav1_20210202_ba9257b_enc-mode0	60	63	0	67684.0	67.684	30.149000000000008	38.44983333333334	36.86683333333333	30.117722	38.394777	36.789256	62.201252033333326	183655.0	3.0609166666666665	329.98	640	360	30.0	8	49415193d79e0678e1a364274a5ea496	067cdc0896b4b703df4c8106007cc99e	640	360	2097.0	5.0	893.0	5152.0	False	False	0.88072845	0.94648035
shields_640x360_60f	shields_640x360_60f	svtav1	svtav1_20210202_ba9257b_enc-mode0	60	20	0	1949493.0	1949.493	42.094166666666666	44.891166666666656	46.417999999999985	41.960368	44.867186999999994	46.335301	99.46393623333333	701201.0	11.686683333333333	1283.97	640	360	50.0	8	41d923a22726bc1a6bee375ead3c6f73	b1097b846f983be80f78352346fc424d	640	360	3129.0	4.0	1618.0	5115.0	False	False	0.9847673833333332	0.9981600833333333
shields_640x360_60f	shields_640x360_60f	svtav1	svtav1_20210202_ba9257b_enc-mode0	60	32	0	1147706.0	1147.706	40.477166666666676	43.70633333333332	45.31349999999998	40.279427000000005	43.660018	45.19553899999999	99.43141148333333	374215.0	6.236916666666667	681.6	640	360	50.0	8	f2c4d09c0fd28c8012f3924a68973754	05d2e9e062c9ff66f415213195308569	640	360	2593.0	4.0	1405.0	5079.0	False	False	0.9807383000000001	0.9975892666666666
shields_640x360_60f	shields_640x360_60f	svtav1	svtav1_20210202_ba9257b_enc-mode0	60	43	0	644873.0	644.873	38.07450000000001	41.31133333333335	43.04283333333333	37.803513	41.228796	42.876952	99.39468473333334	362223.0	6.03705	674.73	640	360	50.0	8	e51186844b09df0a7290a96dd929f7bc	d07d9257c39cba2e235dd0b28ff9247e	640	360	2892.0	4.0	1196.0	5076.0	False	False	0.9703427166666667	0.9959166166666668
shields_640x360_60f	shields_640x360_60f	svtav1	svtav1_20210202_ba9257b_enc-mode0	60	55	0	326953.0	326.95300000000003	34.609833333333334	38.084166666666654	40.287833333333325	34.261642	37.921996	40.043675	95.64096183333332	272545.0	4.542416666666667	506.04	640	360	50.0	8	dfee353605ec1061d9ad77d1eb3d0f93	65e31c0688f5b4e7e815371076f4a92e	640	360	2941.0	4.0	1064.0	5106.0	False	False	0.9426960666666666	0.9905429666666667
shields_640x360_60f	shields_640x360_60f	svtav1	svtav1_20210202_ba9257b_enc-mode0	60	63	0	90553.0	90.55300000000001	27.827999999999985	33.977833333333336	35.547833333333315	27.304968999999996	33.6908	35.217345	69.17564391666666	193412.0	3.223533333333333	354.01	640	360	50.0	8	b9932d0b82a6592740653a0243bddd17	7fd223f7a59180582726a8cb77523fc7	640	360	3065.0	4.0	792.0	5404.0	False	False	0.7823698833333333	0.9410020499999999
vidyo4_720p_60fps_60f	vidyo4_720p_60fps_60f	svtav1	svtav1_20210202_ba9257b_enc-mode0	60	20	0	4058792.0	4058.792	43.96433333333335	49.83683333333332	50.143333333333324	43.92946100000001	49.83266	50.140155	97.54668618333334	2219809.0	36.99681666666667	4237.44	1280	720	60.0	8	d9c600ab0d7c1a5d8950e8b7d9bfefce	38d903924a7b2753b0f89ae695df7b7b	1280	720	8879.0	4.0	4515.0	17301.0	False	False	0.9961524666666668	0.9953482666666666
vidyo4_720p_60fps_60f	vidyo4_720p_60fps_60f	svtav1	svtav1_20210202_ba9257b_enc-mode0	60	32	0	1621952.0	1621.952	42.69749999999999	49.27316666666665	49.6085	42.659544	49.267457	49.604048	96.31331265	749858.0	12.497633333333333	1443.39	1280	720	60.0	8	3b987b1d5fd52e2cd2288a3b081e1e1a	77434d0b96930abfcc8991b292548523	1280	720	4865.0	4.0	3868.0	11723.0	False	False	0.99451995	0.9937341833333332
vidyo4_720p_60fps_60f	vidyo4_720p_60fps_60f	svtav1	svtav1_20210202_ba9257b_enc-mode0	60	43	0	921632.0	921.632	41.57816666666667	48.56433333333334	48.86816666666666	41.530225	48.555088	48.861419	94.62495286666667	532296.0	8.8716	1024.34	1280	720	60.0	8	cab089c1f55ce72f83353aae1249fc86	6dd3a6a17de3f9ecb10ef36e02333c13	1280	720	5033.0	2.0	2891.0	10650.0	False	False	0.9922773666666665	0.9917236833333335
vidyo4_720p_60fps_60f	vidyo4_720p_60fps_60f	svtav1	svtav1_20210202_ba9257b_enc-mode0	60	55	0	452240.0	452.24	39.52899999999999	47.05016666666668	47.239333333333335	39.465924	47.036903	47.227585	90.19404155000001	364735.0	6.078916666666666	701.52	1280	720	60.0	8	488850596367d65f4d31e3bcbdeab926	0576d0e466edb5e063aeeaa060f8731b	1280	720	4825.0	3.0	2570.0	10538.0	False	False	0.9851358499999999	0.9859403333333333
vidyo4_720p_60fps_60f	vidyo4_720p_60fps_60f	svtav1	svtav1_20210202_ba9257b_enc-mode0	60	63	0	166648.0	166.648	35.619	43.62716666666667	43.59333333333335	35.515931	43.605406	43.571139	75.64396375	280140.0	4.669	544.4	1280	720	60.0	8	bd3268589b2b7442257552e0b053355d	1e2fa055f624395add18b474200fe614	1280	720	4961.0	2.0	2154.0	11057.0	False	False	0.9592273333333332	0.9658891666666667
wikipedia_420	wikipedia_420	svtav1	svtav1_20210202_ba9257b_enc-mode0	60	20	0	2009056.0	2009.056	58.047833333333344	53.398666666666685	54.208333333333336	58.019256	53.049343	54.072466	99.83755926666666	1158434.0	19.307233333333333	2228.33	1920	1080	30.0	8	df2ab18ac0350367d4e081d2d21fc40b	0883a68112d69a0eaf1dbea22b8c3a7f	1920	1080	8487.0	4.0	2621.0	24111.0	False	False	0.9994726166666666	0.9993236166666668
wikipedia_420	wikipedia_420	svtav1	svtav1_20210202_ba9257b_enc-mode0	60	32	0	954004.0	954.004	51.504333333333335	50.67283333333333	51.85133333333335	51.496261	50.419777	51.790506	99.82602155	1420078.0	23.66796666666667	2654.93	1920	1080	30.0	8	4a7bab57fc872f14a49425cb4e8b2e7c	a4b3c6ef381cb29708cd73b62cdd0a9b	1920	1080	8935.0	4.0	3749.0	40186.0	False	False	0.9991059999999997	0.9985581166666667
wikipedia_420	wikipedia_420	svtav1	svtav1_20210202_ba9257b_enc-mode0	60	43	0	617936.0	617.936	48.772833333333324	48.62516666666668	49.888833333333345	48.759252	48.481869	49.851303	99.78795976666667	1026810.0	17.1135	1995.39	1920	1080	30.0	8	9e4cabc79862375141b934a174ec4330	bc7caac8da7f7a4403068d7974503090	1920	1080	11275.0	3.0	3180.0	31301.0	False	False	0.9987125666666667	0.9979683833333333
wikipedia_420	wikipedia_420	svtav1	svtav1_20210202_ba9257b_enc-mode0	60	55	0	430248.0	430.248	44.63916666666665	45.73100000000001	47.297999999999995	44.62484	45.692289	47.275337	99.63071106666666	934986.0	15.5831	1801.77	1920	1080	30.0	8	d39a2af291e308890625f756dc751289	6ccdd5401d66393af2b8866ab07d71e3	1920	1080	8609.0	3.0	2968.0	30325.0	False	False	0.9981953666666665	0.9973771499999999
wikipedia_420	wikipedia_420	svtav1	svtav1_20210202_ba9257b_enc-mode0	60	63	0	267500.0	267.5	37.80883333333333	41.994833333333325	42.772833333333324	37.772172	41.97822800000001	42.703344	97.88094294999999	706675.0	11.777916666666666	1366.03	1920	1080	30.0	8	e37fcb0bca0a83e2c9e8f220b664ad23	f11ac0e3a754b648ab3e0930f318a4e1	1920	1080	8807.0	3.0	2461.0	38990.0	False	False	0.99511335	0.9941281666666667
ducks_1920x1080_50fps_10b	ducks_1920x1080_50fps_10b	svtav1	svtav1_20210202_ba9257b_enc-mode0	60	20	0	109182886.0	109182.886	38.79899999999998	39.004666666666665	41.373	38.707468	38.982689	41.368423	98.49309586666668	8748430.0	145.80716666666666	16946.74	1920	1080	50.0	10	673e2a447f8dbf12d64ce87d9d7c60b6	855fac3351c12d1e21229dba8f94a644	1920	1080	21934.0	2.0	38210.0	24076.0	False	False	0.9987542333333332	0.9956813666666665
ducks_1920x1080_50fps_10b	ducks_1920x1080_50fps_10b	svtav1	svtav1_20210202_ba9257b_enc-mode0	60	32	0	27867820.0	27867.82	34.976666666666674	36.85333333333334	39.98933333333333	34.959468	36.84606	39.983734	92.9885661	8291295.0	138.18825	16055.47	1920	1080	50.0	10	095a1c1cd4bb8d82ba1a0696059ae1b0	8aac22e11336b0a630a0ea583e74495c	1920	1080	23309.0	4.0	27469.0	24637.0	False	False	0.9964039833333334	0.9896285833333334
ducks_1920x1080_50fps_10b	ducks_1920x1080_50fps_10b	svtav1	svtav1_20210202_ba9257b_enc-mode0	60	43	0	11180566.0	11180.566	33.23383333333334	35.37883333333334	38.90216666666667	33.220438	35.351764	38.893447	85.10517603333332	6496737.0	108.27895	12664.23	1920	1080	50.0	10	894b16db8e7cb0e46e278673ee3c961e	1c954f54291b6ced251764e43070fd9a	1920	1080	28845.0	5.0	20748.0	38774.0	False	False	0.9916596666666666	0.9824445166666665
ducks_1920x1080_50fps_10b	ducks_1920x1080_50fps_10b	svtav1	svtav1_20210202_ba9257b_enc-mode0	60	55	0	4806873.0	4806.8730000000005	31.17183333333332	33.78266666666666	37.82333333333334	31.135634	33.739354	37.815728	71.49973765	5003316.0	83.3886	9706.28	1920	1080	50.0	10	2fa13937e4347be50a9301450ee1637d	e5c8330fac83ff320e1d5695122083d1	1920	1080	29304.0	5.0	17118.0	39773.0	False	False	0.9797102333333334	0.9673500999999999
ducks_1920x1080_50fps_10b	ducks_1920x1080_50fps_10b	svtav1	svtav1_20210202_ba9257b_enc-mode0	60	63	0	1339773.0	1339.773	27.757833333333323	31.284333333333333	36.232	27.703736	31.253943	36.229546	43.73799835	3108674.0	51.811233333333334	6060.59	1920	1080	50.0	10	8cdc2531870279766250585afe25a75a	84849bca2d663a17b93f9e346b258c82	1920	1080	29611.0	5.0	11925.0	24789.0	False	False	0.9325102333333334	0.9155024666666668
Sintel_Dragons_1920x816_24_10b	Sintel_Dragons_1920x816_24_10b	svtav1	svtav1_20210202_ba9257b_enc-mode0	60	20	0	5084796.0	5084.796	47.14616666666666	51.516166666666685	51.648166666666675	47.069225	51.466688	51.569033	99.94404405	5168372.0	86.13953333333333	10114.15	1920	816	24.0	10	57234bbf2793600c52f2fa3e05de1eac	e376fc0111c50e7db43436cd82f96640	1920	816	13334.0	3.0	15049.0	29727.0	False	False	0.9969142499999999	0.9970481833333334
Sintel_Dragons_1920x816_24_10b	Sintel_Dragons_1920x816_24_10b	svtav1	svtav1_20210202_ba9257b_enc-mode0	60	32	0	2690873.0	2690.873	44.112666666666655	49.10583333333332	49.14516666666666	44.038001	49.039085	49.041286	99.90638946666668	4102598.0	68.37663333333333	8028.47	1920	816	24.0	10	bb5de8f988f26a519fb947c31d2ca57a	40856e0e7bbc8e6f3dadadc551aea588	1920	816	13439.0	3.0	13072.0	29280.0	False	False	0.9944805999999999	0.9948492499999999
Sintel_Dragons_1920x816_24_10b	Sintel_Dragons_1920x816_24_10b	svtav1	svtav1_20210202_ba9257b_enc-mode0	60	43	0	1483964.0	1483.964	41.321999999999996	46.8655	46.8395	41.237911000000004	46.777047	46.697855	98.29734121666667	3412357.0	56.872616666666666	6642.25	1920	816	24.0	10	a9a70fe0096f0c0a50e837c5b96c0eef	61b10d7084f5b585c6889abd21b2b235	1920	816	14022.0	3.0	12652.0	30918.0	False	False	0.9898105166666668	0.9908755833333334
Sintel_Dragons_1920x816_24_10b	Sintel_Dragons_1920x816_24_10b	svtav1	svtav1_20210202_ba9257b_enc-mode0	60	55	0	736032.0	736.032	38.001666666666665	44.06700000000001	44.07483333333332	37.940547	43.994082	43.941672	87.4114259	2332195.0	38.86991666666667	4553.49	1920	816	24.0	10	531c1973c91e5cf7e9b53cb3c715028e	8c570d86d0e28dd9b6aacd0e4544d2db	1920	816	10694.0	4.0	10471.0	18354.0	False	False	0.9785368166666667	0.9816718000000001
Sintel_Dragons_1920x816_24_10b	Sintel_Dragons_1920x816_24_10b	svtav1	svtav1_20210202_ba9257b_enc-mode0	60	63	0	265062.0	265.062	33.22383333333333	39.7205	39.71933333333333	33.190035	39.663884	39.622581	57.56910446666667	1942379.0	32.37298333333333	3782.16	1920	816	24.0	10	e10ec164d49e5458db4ea6b5234768fa	8d73884abbfa294899271144061c877c	1920	816	13369.0	4.0	8696.0	32441.0	False	False	0.9409980166666666	0.9512407666666666
MINECRAFT_60f_420	MINECRAFT_60f_420	svtav1	svtav1_20210202_ba9257b_enc-mode0	60	20	0	80442280.0	80442.28	42.534	45.340999999999994	45.945166666666665	42.389665	45.224829	45.845412	99.94045063333333	6155892.0	102.5982	11842.37	1920	1080	60.0	8	2d364efdb602ee23fc4dd6a073f13bf1	99f2ed5a85dd3667b8700127b48c1cc1	1920	1080	17852.0	16.0	26862.0	23282.0	False	False	0.9979110166666666	0.9964495499999999
MINECRAFT_60f_420	MINECRAFT_60f_420	svtav1	svtav1_20210202_ba9257b_enc-mode0	60	32	0	42839752.0	42839.752	37.78316666666667	43.34033333333334	43.79666666666666	37.613443	43.254614	43.721051	99.78093896666665	5812804.0	96.88006666666666	11357.68	1920	1080	60.0	8	75e3fc2afafecac6a10bf4bcb4f38b22	8a4dda467c4e77807ffcbbd321cf74e5	1920	1080	13769.0	4.0	22539.0	23275.0	False	False	0.99426575	0.9901660166666668
MINECRAFT_60f_420	MINECRAFT_60f_420	svtav1	svtav1_20210202_ba9257b_enc-mode0	60	43	0	18007208.0	18007.208	33.87116666666666	41.51816666666666	41.766833333333324	33.710671	41.449947	41.706228	94.37784981666668	5009594.0	83.49323333333334	9650.17	1920	1080	60.0	8	c207a319727f99532c82719b28f3bb02	130a0a4443c4de17b26ff494053528d2	1920	1080	18031.0	4.0	16722.0	23272.0	False	False	0.9849480666666667	0.9757046499999998
MINECRAFT_60f_420	MINECRAFT_60f_420	svtav1	svtav1_20210202_ba9257b_enc-mode0	60	55	0	6262168.0	6262.168	30.717833333333342	39.438166666666675	39.28666666666666	30.622142	39.390103	39.234191	78.92415723333333	3567095.0	59.45158333333333	6948.8	1920	1080	60.0	8	7c84fb206d47b7bf02bb6dbe4c304478	4eed47a90e28e4e781cfe12d3c2360be	1920	1080	14653.0	3.0	12984.0	39067.0	False	False	0.9583672333333334	0.9404119166666666
MINECRAFT_60f_420	MINECRAFT_60f_420	svtav1	svtav1_20210202_ba9257b_enc-mode0	60	63	0	1188032.0	1188.032	27.09133333333332	35.99166666666667	36.43849999999999	27.029991	35.973283	36.386597	46.56517710000001	1345585.0	22.426416666666668	2617.32	1920	1080	60.0	8	11728f62f909d3c0b92e0eb9dbe8f88e	2b4eb7b01934c459c77be1f2cf568954	1920	1080	13831.0	4.0	8228.0	23305.0	False	False	0.8365060833333333	0.8220844833333334
Netflix_SquareAndTimelapse_1920x	Netflix_SquareAndTimelapse_1920x	svtav1	svtav1_20210202_ba9257b_enc-mode0	60	20	0	18261120.0	18261.12	44.25183333333333	48.41783333333331	47.523666666666685	44.242811	48.412885	47.516978	99.90477951666666	3935785.0	65.59641666666667	7676.22	1920	1080	60.0	8	d68b24070556fccb95585282750c78ad	4130180ac29b815e40d75220cc5d6b6b	1920	1080	13564.0	3.0	15520.0	22861.0	False	False	0.9991197666666667	0.9977717666666667
Netflix_SquareAndTimelapse_1920x	Netflix_SquareAndTimelapse_1920x	svtav1	svtav1_20210202_ba9257b_enc-mode0	60	32	0	10622728.0	10622.728	41.86866666666667	46.735666666666674	45.64366666666668	41.852113	46.727939	45.632986	99.86533563333333	2872898.0	47.88163333333333	5612.1	1920	1080	60.0	8	d8417df33e7015fcd8acb2d93954d83d	715c4f0f2f8e44fddf21876ea2bff135	1920	1080	15780.0	4.0	14227.0	22558.0	False	False	0.9982525166666666	0.9960282833333333
Netflix_SquareAndTimelapse_1920x	Netflix_SquareAndTimelapse_1920x	svtav1	svtav1_20210202_ba9257b_enc-mode0	60	43	0	6399592.0	6399.592	39.499333333333325	45.297000000000004	44.00733333333334	39.461511	45.285698	43.991835	98.83881888333333	2314250.0	38.57083333333333	4519.82	1920	1080	60.0	8	fd984f1c061b40e898046324f0199816	f8c99b0e453b49331c6fc0be71045183	1920	1080	12337.0	4.0	13766.0	23608.0	False	False	0.9964649666666667	0.9929647333333335
Netflix_SquareAndTimelapse_1920x	Netflix_SquareAndTimelapse_1920x	svtav1	svtav1_20210202_ba9257b_enc-mode0	60	55	0	3333784.0	3333.784	36.30666666666666	43.043	41.634333333333345	36.250969000000005	43.024621	41.611664	90.75001223333334	2079858.0	34.6643	4031.61	1920	1080	60.0	8	9860f0e00dc50120b03739a19d412af2	273b4b543ea510a289fdee2af7a70b91	1920	1080	12425.0	6.0	12609.0	39755.0	False	False	0.9908587	0.98461945
Netflix_SquareAndTimelapse_1920x	Netflix_SquareAndTimelapse_1920x	svtav1	svtav1_20210202_ba9257b_enc-mode0	60	63	0	1104056.0	1104.056	31.176833333333324	39.0545	37.558	31.120434	39.027917	37.518871	64.43313036666667	1057424.0	17.623733333333334	2062.45	1920	1080	60.0	8	ca4e4c5ea7c83e0d87dfca4a6281e9b3	a85d3f6e6feeb7419e3cd3330c5fde75	1920	1080	12087.0	4.0	9677.0	24170.0	False	False	0.9599844000000001	0.9478544333333333
Netflix_TunnelFlag_1920x1080_60f	Netflix_TunnelFlag_1920x1080_60f	svtav1	svtav1_20210202_ba9257b_enc-mode0	60	20	0	26403336.0	26403.336	42.781833333333324	46.759833333333326	48.313999999999986	42.764264	46.752224	48.306644	99.93423256666667	5572900.0	92.88166666666666	10759.91	1920	1080	60.0	8	c03d96bd9c06efe8becfbd9697eb215f	85a7cab4546093a623a4683afe5a94a9	1920	1080	16071.0	3.0	18562.0	22930.0	False	False	0.9986498166666667	0.9965838166666667
Netflix_TunnelFlag_1920x1080_60f	Netflix_TunnelFlag_1920x1080_60f	svtav1	svtav1_20210202_ba9257b_enc-mode0	60	32	0	13683888.0	13683.888	40.53666666666667	45.315333333333314	47.22233333333335	40.512152	45.309089	47.212371	99.90484781666667	3934781.0	65.57968333333334	7686.53	1920	1080	60.0	8	54b563491cd0fde0a03b873145dfc6a1	9c9a1fb7b3185b13bdda4dd5163cb659	1920	1080	15503.0	3.0	16428.0	22957.0	False	False	0.9976269999999999	0.9943958833333333
Netflix_TunnelFlag_1920x1080_60f	Netflix_TunnelFlag_1920x1080_60f	svtav1	svtav1_20210202_ba9257b_enc-mode0	60	43	0	7352544.0	7352.544	38.29666666666667	43.88	46.09783333333334	38.245605	43.873069	46.084997	99.89152913333334	2676884.0	44.614733333333334	5229.1	1920	1080	60.0	8	b0aba1ed85c9e356a0caa7cb022db586	fa8d5f0800e88b588c223b08d0d40e9d	1920	1080	12339.0	4.0	15578.0	39041.0	False	False	0.9956782999999999	0.9908360166666665
Netflix_TunnelFlag_1920x1080_60f	Netflix_TunnelFlag_1920x1080_60f	svtav1	svtav1_20210202_ba9257b_enc-mode0	60	55	0	3708184.0	3708.184	35.7165	41.70483333333333	44.62400000000001	35.658867	41.697161	44.610183	99.85343621666668	2665949.0	44.43248333333333	5134.34	1920	1080	60.0	8	1bf6fe614d440e941bc5d877f4392e6d	4c7cb8524bc33ecf9cb02d14f0f4021a	1920	1080	16406.0	4.0	13627.0	23570.0	False	False	0.9918812833333334	0.9851552333333334
Netflix_TunnelFlag_1920x1080_60f	Netflix_TunnelFlag_1920x1080_60f	svtav1	svtav1_20210202_ba9257b_enc-mode0	60	63	0	1466384.0	1466.3840000000002	31.484500000000008	39.002833333333335	41.82316666666669	31.429393	38.997026	41.81514	91.89133028333335	1618218.0	26.9703	3157.73	1920	1080	60.0	8	d56d6af7c97f525f668045740643948c	03c6c290ac29fe6dc11343f470378bfc	1920	1080	12729.0	4.0	11001.0	23687.0	False	False	0.9795654	0.9709424666666667
touchdown_pass_1080p_60f	touchdown_pass_1080p_60f	svtav1	svtav1_20210202_ba9257b_enc-mode0	60	20	0	15423148.0	15423.148	40.286166666666674	47.81500000000001	47.97116666666667	40.214748	47.810526	47.96726	96.17446923333334	4897207.0	81.62011666666666	9462.54	1920	1080	29.97	8	df7b3798486c1a1dc3f81f0cbad04201	b440cde3407131c86f6341dba28f8909	1920	1080	12599.0	3.0	20186.0	22473.0	False	False	0.99545385	0.9901007833333334
touchdown_pass_1080p_60f	touchdown_pass_1080p_60f	svtav1	svtav1_20210202_ba9257b_enc-mode0	60	32	0	4066150.0	4066.15	38.58883333333335	47.119000000000014	47.271166666666666	38.572107	47.116895	47.268352	94.01735405	4056558.0	67.6093	7872.45	1920	1080	29.97	8	4f19fb0b2378dc984c8b650fe652d06b	9ea3d945613d0fb505d786a7e2c93dc4	1920	1080	12713.0	4.0	13939.0	38974.0	False	False	0.9938612	0.9865776499999998
touchdown_pass_1080p_60f	touchdown_pass_1080p_60f	svtav1	svtav1_20210202_ba9257b_enc-mode0	60	43	0	2100917.0	2100.917	37.627	46.364999999999995	46.45216666666667	37.607931	46.361422	46.447075	91.43744073333332	1936824.0	32.2804	3752.56	1920	1080	29.97	8	b07ae8415f19fb24aefa6bb9f0a9c4e5	699669c10cf047cfd9a03e2c57a78cd8	1920	1080	12889.0	3.0	10674.0	23277.0	False	False	0.9920681333333333	0.9834630333333333
touchdown_pass_1080p_60f	touchdown_pass_1080p_60f	svtav1	svtav1_20210202_ba9257b_enc-mode0	60	55	0	995080.0	995.08	35.85266666666667	44.80750000000001	44.90149999999999	35.82614	44.804324	44.896188	84.87788496666667	1897830.0	31.6305	3689.41	1920	1080	29.97	8	9a449499a66c6b59030351661d3241a3	294dafb1b44a9adf3f68491cf2e438da	1920	1080	16171.0	7.0	9715.0	37677.0	False	False	0.98559555	0.9729135333333334
touchdown_pass_1080p_60f	touchdown_pass_1080p_60f	svtav1	svtav1_20210202_ba9257b_enc-mode0	60	63	0	294965.0	294.965	32.1425	42.10016666666666	42.01166666666665	32.120235	42.086577	41.998029	60.64869333333334	1393650.0	23.2275	2716.94	1920	1080	29.97	8	a4ef9d701ad8ddb1868f81345444c7bc	58aaca0b7bbfb3c67aa918033a0c7e03	1920	1080	16269.0	4.0	6411.0	37366.0	False	False	0.9401979666666668	0.9199932000000001
ducks_take_off_1080p50_60f	ducks_take_off_1080p50_60f	svtav1	svtav1_20210202_ba9257b_enc-mode0	60	20	0	104131953.0	104131.953	38.50133333333334	38.757500000000014	41.158666666666676	38.422775	38.739145	41.155174	98.26204415000002	8060771.0	134.34618333333333	15629.05	1920	1080	50.0	8	7418b35bc66e72974bf88ae558a429cd	e6b7a1aa8eff8b40804d2ab2e0f659e5	1920	1080	21606.0	5.0	33181.0	23594.0	False	False	0.9986735666666668	0.9954181666666667
ducks_take_off_1080p50_60f	ducks_take_off_1080p50_60f	svtav1	svtav1_20210202_ba9257b_enc-mode0	60	32	0	28373946.0	28373.946	34.94383333333334	36.802	39.88216666666666	34.924711	36.794163	39.877642	92.96295860000001	5603862.0	93.3977	10834.43	1920	1080	50.0	8	02cdc41286af44fa0979809ce7640f77	ceca4c2ba285f69be6e717369bea9190	1920	1080	15927.0	4.0	26004.0	39262.0	False	False	0.9963820833333333	0.9895861333333335
ducks_take_off_1080p50_60f	ducks_take_off_1080p50_60f	svtav1	svtav1_20210202_ba9257b_enc-mode0	60	43	0	11331446.0	11331.446	33.21433333333333	35.32016666666666	38.78466666666666	33.201076	35.292115	38.775632	85.20104431666667	6088820.0	101.48033333333333	11833.99	1920	1080	50.0	8	bc9b984ed8734ca02a268d106699a990	d2b3031c48b291dc755504b7324a975a	1920	1080	17769.0	3.0	20659.0	38088.0	False	False	0.9917004500000001	0.9824811333333334
ducks_take_off_1080p50_60f	ducks_take_off_1080p50_60f	svtav1	svtav1_20210202_ba9257b_enc-mode0	60	55	0	4834106.0	4834.106	31.149833333333337	33.74999999999999	37.7	31.114134	33.7089	37.692608	71.44959598333335	2383794.0	39.7299	4624.02	1920	1080	50.0	8	3d716924b9fc120cc2fe0c39f83fdf22	7493076e6e974248d6480a766e8e03c9	1920	1080	15628.0	4.0	15718.0	24605.0	False	False	0.97978305	0.9673805333333333
ducks_take_off_1080p50_60f	ducks_take_off_1080p50_60f	svtav1	svtav1_20210202_ba9257b_enc-mode0	60	63	0	1346260.0	1346.26	27.72816666666667	31.2025	36.11533333333333	27.673687000000005	31.172152	36.111389	43.726107	1715803.0	28.596716666666666	3300.48	1920	1080	50.0	8	381818e3c64afb748c81d1aa4da5df03	de5082d88ca33fe1ace9dc515dd350d9	1920	1080	16428.0	3.0	11138.0	23571.0	False	False	0.9322956333333334	0.9151931166666667
life_1080p30_60f	life_1080p30_60f	svtav1	svtav1_20210202_ba9257b_enc-mode0	60	20	0	11946904.0	11946.904	44.333166666666685	50.154333333333334	49.40783333333334	44.312653	50.142385	49.400842	99.47219156666665	4865293.0	81.08821666666667	9211.07	1920	1080	30.0	8	f1bbf96fd88d7163b026e012ee638728	87cf7f52cea19198c8cf2bf1be3ddfe3	1920	1080	16635.0	4.0	13022.0	23479.0	False	False	0.9992309333333331	0.9979714333333333
life_1080p30_60f	life_1080p30_60f	svtav1	svtav1_20210202_ba9257b_enc-mode0	60	32	0	5737888.0	5737.888	41.55799999999999	47.63899999999999	47.2985	41.543201	47.623760999999995	47.286125	97.67705565000001	3500139.0	58.33565	6737.59	1920	1080	30.0	8	c972dcb6ec1d8e6e6a13acb8284c4f5d	e684abe03d7bb12c03bb365267b5fc93	1920	1080	14545.0	4.0	12191.0	23840.0	False	False	0.9985975666666668	0.9965622
life_1080p30_60f	life_1080p30_60f	svtav1	svtav1_20210202_ba9257b_enc-mode0	60	43	0	2982284.0	2982.284	39.151500000000006	45.607833333333346	45.412666666666674	39.129486	45.585752	45.396651	94.72695016666665	2944445.0	49.074083333333334	5728.08	1920	1080	30.0	8	bbcf3140f42d7bca40baabb25e916e12	276777eeab8fce69eb1b9da5a34cf03c	1920	1080	14016.0	5.0	11139.0	38643.0	False	False	0.9973183333333334	0.9940064666666667
life_1080p30_60f	life_1080p30_60f	svtav1	svtav1_20210202_ba9257b_enc-mode0	60	55	0	1367336.0	1367.336	36.01516666666667	42.9835	42.86316666666666	35.991727	42.957248	42.839163	88.60564358333333	2660044.0	44.334066666666665	5187.78	1920	1080	30.0	8	ccaad7fb3d0d89f4ac9289777320609b	36cdaf84dc450dee32ee3982627dfa4e	1920	1080	16148.0	3.0	9384.0	38346.0	False	False	0.9927876166666666	0.9854248333333334
life_1080p30_60f	life_1080p30_60f	svtav1	svtav1_20210202_ba9257b_enc-mode0	60	63	0	407892.0	407.892	31.84866666666667	39.08816666666667	38.80416666666667	31.822464	39.056926	38.762282	69.46085955	1678892.0	27.981533333333335	2853.29	1920	1080	30.0	8	8643e7bff66c3a04025b2f17994983b6	7185c62bc07f842ebc4d52adced6a651	1920	1080	16335.0	4.0	7557.0	23830.0	False	False	0.9704109333333334	0.9540243666666667
rush_hour_1080p25_60f	rush_hour_1080p25_60f	svtav1	svtav1_20210202_ba9257b_enc-mode0	60	20	0	5081700.0	5081.7	42.983833333333315	46.907	48.93316666666669	42.977742	46.905145	48.929885	96.69741493333332	8053352.0	134.22253333333333	15712.8	1920	1080	25.0	8	295140de6bcb2f3a0983c6bc8538e367	52c5c16782b8b6c36e2d3e49081f92e8	1920	1080	13042.0	3.0	18797.0	39202.0	False	False	0.9963080833333333	0.9923423833333332
rush_hour_1080p25_60f	rush_hour_1080p25_60f	svtav1	svtav1_20210202_ba9257b_enc-mode0	60	32	0	2463730.0	2463.73	42.10733333333331	46.0445	47.82316666666668	42.102051	46.042599	47.818058	92.86393939999999	4055371.0	67.58951666666667	7906.31	1920	1080	25.0	8	14cae4058d42904063d8715178e16bdb	7ed6655e7b746381064d9176bdc5252a	1920	1080	10202.0	2.0	15352.0	23668.0	False	False	0.9942822000000001	0.990376
rush_hour_1080p25_60f	rush_hour_1080p25_60f	svtav1	svtav1_20210202_ba9257b_enc-mode0	60	43	0	1260323.0	1260.323	40.88599999999999	45.21383333333333	46.68966666666667	40.872218	45.209948000000004	46.678497	86.29561650000001	2572241.0	42.87068333333333	5035.9	1920	1080	25.0	8	86b0ef78b57630daa477f934fabfb659	7a30825631b9d55de951a24bd025ce9b	1920	1080	10398.0	3.0	12693.0	23679.0	False	False	0.9908275833333334	0.9872843833333333
rush_hour_1080p25_60f	rush_hour_1080p25_60f	svtav1	svtav1_20210202_ba9257b_enc-mode0	60	55	0	592570.0	592.57	39.01016666666666	43.854	44.96566666666667	38.969389	43.846202999999996	44.944992	75.29200946666667	2038194.0	33.9699	3988.7	1920	1080	25.0	8	ca8c3cd8e7da6262a45ec877bd3acaa6	e2539a5fcf130f7a066dd290b3b1a0a5	1920	1080	10510.0	3.0	10446.0	27483.0	False	False	0.9836736666666667	0.9811620999999999
rush_hour_1080p25_60f	rush_hour_1080p25_60f	svtav1	svtav1_20210202_ba9257b_enc-mode0	60	63	0	195293.0	195.293	35.4535	41.13733333333333	41.64833333333332	35.397123	41.118714	41.627659	53.006968683333334	1391380.0	23.189666666666668	2698.33	1920	1080	25.0	8	e67b9e42f1f42faf7de7aab03ac359d6	e57a18398e46b65e7507d129945b112e	1920	1080	13014.0	4.0	7748.0	39442.0	False	False	0.9591919666666668	0.9609801666666667
ToddlerFountn_1920x1080_2997_10b	ToddlerFountn_1920x1080_2997_10b	svtav1	svtav1_20210202_ba9257b_enc-mode0	60	20	0	56281022.0	56281.022	41.220000000000006	46.414833333333355	43.84366666666667	41.178439	46.397772	43.815042999999996	99.90157693333335	14886669.0	248.11115	29139.92	1920	1080	29.97	10	c05bd158665679eb643e186e157bf561	a94a9a7f7da5903805c8ae52a694146c	1920	1080	22025.0	4.0	33076.0	24715.0	False	False	0.9977186	0.99506975
ToddlerFountn_1920x1080_2997_10b	ToddlerFountn_1920x1080_2997_10b	svtav1	svtav1_20210202_ba9257b_enc-mode0	60	32	0	28005573.0	28005.573	37.082999999999984	44.903833333333324	41.90466666666668	37.021847	44.890395	41.882891	99.82826541666667	13935527.0	232.25878333333333	27334.14	1920	1080	29.97	10	fb17a8387a64e5e9a6f978b73537ac6c	42e6c3834434e3e33477a3f4080aed67	1920	1080	27168.0	4.0	28343.0	38470.0	False	False	0.9930562166666665	0.98652985
ToddlerFountn_1920x1080_2997_10b	ToddlerFountn_1920x1080_2997_10b	svtav1	svtav1_20210202_ba9257b_enc-mode0	60	43	0	12765906.0	12765.906	33.588499999999996	43.419666666666664	40.43933333333334	33.494271	43.402768	40.42320200000001	90.21526528333332	8994814.0	149.91356666666667	17438.27	1920	1080	29.97	10	37b26fdd4ad3167724cae9a37e2782cf	93f8c9189d3da98f7043eeaa34aa0768	1920	1080	24543.0	4.0	25015.0	39750.0	False	False	0.9802476666666666	0.9671114166666666
ToddlerFountn_1920x1080_2997_10b	ToddlerFountn_1920x1080_2997_10b	svtav1	svtav1_20210202_ba9257b_enc-mode0	60	55	0	4851827.0	4851.827	30.313333333333333	41.923999999999985	39.305833333333325	30.236855	41.917399	39.301746	68.77746585	5795188.0	96.58646666666667	11365.88	1920	1080	29.97	10	4ff987d3a9e7e3e3814b92bc8394c084	ed47f674f3e46edf2da7a91a2f3b0614	1920	1080	27249.0	4.0	19605.0	38900.0	False	False	0.9442024500000001	0.9237674166666668
ToddlerFountn_1920x1080_2997_10b	ToddlerFountn_1920x1080_2997_10b	svtav1	svtav1_20210202_ba9257b_enc-mode0	60	63	0	1097866.0	1097.8659999999998	26.83016666666667	40.06116666666667	38.1535	26.803190000000004	40.054718	38.15193	35.67778546666668	2911445.0	48.52408333333333	5722.64	1920	1080	29.97	10	c2553dc89690fa7f2d8e992e40a6463f	60f20ebc36f123ae17d52afb2750d18c	1920	1080	22713.0	3.0	13858.0	23339.0	False	False	0.8485885833333333	0.8316511833333333
