Netflix_DrivingPOV_1280x720_60fp	Netflix_DrivingPOV_1280x720_60fp	svtav1	svtav1_20191014_91fc5b1	60	20	13179096.0	13179.096	43.187500000000014	46.70883333333333	45.361	43.125546	46.694651	45.344713	99.685848	1317490.0	21.958166666666667	1280	720	60.0	8	feb1d790c0c320a28463806e2672cc6e	62d0b3d83029fbb951fa896c6ee5632c	1280	720	4688.0	4.0	5504.0	2458.0	False
Netflix_DrivingPOV_1280x720_60fp	Netflix_DrivingPOV_1280x720_60fp	svtav1	svtav1_20191014_91fc5b1	60	32	6293616.0	6293.616	40.87649999999999	45.452000000000005	44.36299999999999	40.816867	45.444961	44.358088	98.778693	1033891.0	17.231516666666668	1280	720	60.0	8	e932ae0e75e9837b0ec8b3b073941f2e	9b93ec19e0157b0e3da66b229971ff48	1280	720	5730.0	6.0	4977.0	2528.0	False
Netflix_DrivingPOV_1280x720_60fp	Netflix_DrivingPOV_1280x720_60fp	svtav1	svtav1_20191014_91fc5b1	60	43	3095280.0	3095.28	38.34400000000001	43.66066666666668	43.12366666666667	38.291386	43.654183	43.120784	96.645725	2888746.0	48.14576666666667	1280	720	60.0	8	1c12dc70b2fc9e2263d0e0bb76d40b52	0d2dd2ca5e37907e5c87b07e5dc22868	1280	720	5143.0	4.0	4259.0	2460.0	False
Netflix_DrivingPOV_1280x720_60fp	Netflix_DrivingPOV_1280x720_60fp	svtav1	svtav1_20191014_91fc5b1	60	55	1555752.0	1555.752	35.74450000000001	41.79750000000001	41.915499999999994	35.689799	41.793096	41.912267	92.239696	567750.0	9.4625	1280	720	60.0	8	597254cf957f184a46a0491ea35d576d	ac59bd8760a85a481fdb4f524999c0f7	1280	720	5026.0	5.0	3785.0	2453.0	False
Netflix_DrivingPOV_1280x720_60fp	Netflix_DrivingPOV_1280x720_60fp	svtav1	svtav1_20191014_91fc5b1	60	63	677288.0	677.288	32.4515	39.20833333333332	40.09216666666668	32.419745	39.204451	40.089268	81.53332	2892715.0	48.21191666666667	1280	720	60.0	8	c78ce4d43175984b768e59ba9ed9891b	105da990b43e94e4293c109b82c85ac4	1280	720	5153.0	10.0	3550.0	3416.0	False
niklas360p_60f	niklas360p_60f	svtav1	svtav1_20191014_91fc5b1	60	20	1574816.0	1574.816	44.602666666666664	48.02549999999999	47.72766666666667	44.501313	47.965012	47.668742	98.409434	278558.0	4.642633333333333	640	360	30.0	8	246141dce0196580805b05b1d81331a9	30770a255ffcd0b4a9b9e868e8f4f7e5	640	360	1377.0	4.0	1387.0	685.0	False
niklas360p_60f	niklas360p_60f	svtav1	svtav1_20191014_91fc5b1	60	32	857548.0	857.548	42.21600000000001	46.57899999999999	46.02866666666667	42.124499	46.545888	45.988484	96.865216	1411351.0	23.522516666666668	640	360	30.0	8	cd6e327d4f8c2508e901aaeaa23e0177	4d7a6f58e58ac604aff82a8cc224433f	640	360	1509.0	5.0	1264.0	596.0	False
niklas360p_60f	niklas360p_60f	svtav1	svtav1_20191014_91fc5b1	60	43	466496.0	466.496	39.391833333333324	44.83433333333332	44.011	39.310094	44.813711	43.981349	93.694929	174213.0	2.90355	640	360	30.0	8	73139da2fac29c946c2f1692d0fbe5a4	fd879e0bf210cd53c6c295ce8efb3c00	640	360	1261.0	5.0	1084.0	542.0	False
niklas360p_60f	niklas360p_60f	svtav1	svtav1_20191014_91fc5b1	60	55	249472.0	249.472	36.26366666666667	43.01333333333333	41.88016666666667	36.191281	42.997941	41.860359	87.646561	235344.0	3.9224	640	360	30.0	8	5529e64b7574860192c25bfbb7c6ad9c	22b9148e724912b53b9d19c6ef91fc29	640	360	2028.0	15.0	1899.0	595.0	False
niklas360p_60f	niklas360p_60f	svtav1	svtav1_20191014_91fc5b1	60	63	118680.0	118.68	32.60150000000001	40.57283333333333	39.168	32.543994	40.556367	39.14125	74.924145	141373.0	2.3562166666666666	640	360	30.0	8	bd6c1fa65c07b75ee8474d54b4df4bd3	2f26f991a1e8645ef8a677edcd09f747	640	360	1368.0	5.0	737.0	562.0	False
Market3_1920x1080p_50_10b_pq_709	Market3_1920x1080p_50_10b_pq_709	svtav1	svtav1_20191014_91fc5b1	60	20	17382966.0	17382.966	45.53300000000002	52.40833333333335	53.35116666666668	45.506422	52.398791	53.341968	99.849447	1274436.0	21.2406	1920	1080	50.0	10	f3ab9d6a2f97e5a4539c42b261604f32	e629f10242f54d2e0d0f46490582b4fa	1920	1080	14377.0	6.0	16302.0	6134.0	False
Market3_1920x1080p_50_10b_pq_709	Market3_1920x1080p_50_10b_pq_709	svtav1	svtav1_20191014_91fc5b1	60	32	8929546.0	8929.546	43.155	50.342666666666666	51.447500000000005	43.113478	50.338435	51.44321	99.246381	959198.0	15.986633333333334	1920	1080	50.0	10	e37d46868c5725572843c650aac4cb42	6a521c7965563dcd0e1fdeb861e2b0fe	1920	1080	13617.0	5.0	10127.0	6181.0	False
Market3_1920x1080p_50_10b_pq_709	Market3_1920x1080p_50_10b_pq_709	svtav1	svtav1_20191014_91fc5b1	60	43	4469993.0	4469.993	40.329000000000015	48.13133333333332	49.42116666666667	40.28136	48.127449	49.419368	96.378807	829382.0	13.823033333333333	1920	1080	50.0	10	66eefe681158ea4362a04cd981a5115e	63931d80ea56cee47839450eff3c4032	1920	1080	14011.0	14.0	9066.0	6568.0	False
Market3_1920x1080p_50_10b_pq_709	Market3_1920x1080p_50_10b_pq_709	svtav1	svtav1_20191014_91fc5b1	60	55	2230033.0	2230.033	37.21066666666666	46.01166666666666	47.46949999999999	37.17215	46.010794	47.465501	90.617518	549224.0	9.153733333333333	1920	1080	50.0	10	e59673a01e4364077a454358cf5941fd	aae238a65633c4dffeeff234f46e6826	1920	1080	13223.0	5.0	8895.0	6262.0	False
Market3_1920x1080p_50_10b_pq_709	Market3_1920x1080p_50_10b_pq_709	svtav1	svtav1_20191014_91fc5b1	60	63	907160.0	907.16	33.56583333333332	43.53316666666669	45.04216666666666	33.55062	43.530444	45.032774	77.074382	412208.0	6.870133333333333	1920	1080	50.0	10	a018b5eb42879982c842b5c53590b5cd	d147f0c8d0d1c1ac20e610f162501d90	1920	1080	12898.0	5.0	9367.0	6224.0	False
vidyo4_720p_60fps_60f	vidyo4_720p_60fps_60f	svtav1	svtav1_20191014_91fc5b1	60	20	6746776.0	6746.776	44.53949999999998	50.11099999999999	50.43233333333334	44.470511	50.100243	50.424073	97.813046	858157.0	14.302616666666667	1280	720	60.0	8	0313207dd59696c8080596b7bb3ceed3	bcde570f03021e72a8b5a8cd63f1007c	1280	720	3634.0	5.0	3863.0	2442.0	False
vidyo4_720p_60fps_60f	vidyo4_720p_60fps_60f	svtav1	svtav1_20191014_91fc5b1	60	32	2252984.0	2252.984	42.98299999999999	49.53999999999999	49.849166666666655	42.918105	49.530336	49.842337	96.572639	669066.0	11.1511	1280	720	60.0	8	63d57261f35f53c1ea447542bedcdbee	805d129905d7333f0e323a74d465774c	1280	720	3656.0	5.0	2714.0	3693.0	False
vidyo4_720p_60fps_60f	vidyo4_720p_60fps_60f	svtav1	svtav1_20191014_91fc5b1	60	43	1037080.0	1037.08	41.62716666666667	48.705666666666666	48.99499999999998	41.563577	48.694877	48.985341	94.643529	578380.0	9.639666666666667	1280	720	60.0	8	be7cb2dc2d19f857084cff92f971c057	97c62fb15ed093b991d809b2e710e466	1280	720	3674.0	4.0	2308.0	2447.0	False
vidyo4_720p_60fps_60f	vidyo4_720p_60fps_60f	svtav1	svtav1_20191014_91fc5b1	60	55	518944.0	518.944	39.724666666666685	47.413833333333336	47.604	39.651473	47.396465	47.59312	90.562156	917763.0	15.29605	1280	720	60.0	8	be46ccc2567a3a43949b6cfa407029c9	f54c24a9cfc428b204ae4313cbbda421	1280	720	3610.0	5.0	2021.0	2478.0	False
vidyo4_720p_60fps_60f	vidyo4_720p_60fps_60f	svtav1	svtav1_20191014_91fc5b1	60	63	237024.0	237.024	36.70300000000001	44.739333333333335	44.850166666666674	36.64354	44.732579	44.841382	80.410903	1178491.0	19.641516666666668	1280	720	60.0	8	16e53a7d6c0e5957003b500d9268d3e7	399e0f2bd2f5e70f03d6550212d0769c	1280	720	3907.0	5.0	1785.0	2527.0	False
KristenAndSara_1280x720_60f	KristenAndSara_1280x720_60f	svtav1	svtav1_20191014_91fc5b1	60	20	4328056.0	4328.056	44.863833333333325	49.17366666666667	50.098	44.837614	49.168837	50.09518	97.026118	1358891.0	22.648183333333332	1280	720	60.0	8	02823a20f22b429ba5c261ce194ea1fd	9ae517ab96a1aa338da2bd86bf62c7f8	1280	720	3948.0	6.0	3720.0	2418.0	False
KristenAndSara_1280x720_60f	KristenAndSara_1280x720_60f	svtav1	svtav1_20191014_91fc5b1	60	32	1646088.0	1646.088	43.73366666666668	48.574333333333364	49.48433333333331	43.712275	48.570192	49.480537	96.29458	555661.0	9.261016666666666	1280	720	60.0	8	e010cbe7894eb41722507fa3a9c30073	27e9d86b8489ec1640013065ffdf4f2b	1280	720	3729.0	4.0	2597.0	2439.0	False
KristenAndSara_1280x720_60f	KristenAndSara_1280x720_60f	svtav1	svtav1_20191014_91fc5b1	60	43	819680.0	819.68	42.491499999999995	47.60016666666666	48.477166666666676	42.469576	47.596257	48.473581	94.944468	515162.0	8.586033333333333	1280	720	60.0	8	83e37e9744830676db7107de6ef81db5	816e40b667d9b3535439f4f72092d472	1280	720	3676.0	3.0	2106.0	2425.0	False
KristenAndSara_1280x720_60f	KristenAndSara_1280x720_60f	svtav1	svtav1_20191014_91fc5b1	60	55	427736.0	427.736	40.59933333333333	45.929333333333346	46.89566666666668	40.57265300000001	45.925339	46.892492999999995	91.792421	305527.0	5.092116666666667	1280	720	60.0	8	e68893162a0a620500c95aea91d60ce4	6f46fd082fed0ca8c244f9e62d83143e	1280	720	4828.0	4.0	1792.0	2349.0	False
KristenAndSara_1280x720_60f	KristenAndSara_1280x720_60f	svtav1	svtav1_20191014_91fc5b1	60	63	199680.0	199.68	37.35583333333332	43.11633333333331	44.047499999999985	37.34431200000001	43.115131	44.047883	83.455677	229847.0	3.830783333333333	1280	720	60.0	8	5630da757621186beb1ee2de0278a0fe	46bf956bc307fa49c5e89ef980305f9a	1280	720	3712.0	4.0	1327.0	2354.0	False
DOTA2_60f_420	DOTA2_60f_420	svtav1	svtav1_20191014_91fc5b1	60	20	18570344.0	18570.344	45.9745	49.795166666666674	49.864999999999995	45.924346	49.739923	49.831183	97.71607	2274715.0	37.91191666666667	1920	1080	60.0	8	5534ba696de093bf9ec86ba68d061a57	46128abd47331b2083413ef00a4dfbc1	1920	1080	8886.0	10.0	8112.0	7645.0	False
DOTA2_60f_420	DOTA2_60f_420	svtav1	svtav1_20191014_91fc5b1	60	32	9546136.0	9546.136	43.78783333333334	47.86166666666666	48.07416666666666	43.701094	47.773524	48.026558	96.228719	1883089.0	31.384816666666666	1920	1080	60.0	8	c790abc0258e539e98544389d17a97e0	cb241ce74c77ea5dceab4a7dde4b046f	1920	1080	8345.0	14.0	11644.0	8564.0	False
DOTA2_60f_420	DOTA2_60f_420	svtav1	svtav1_20191014_91fc5b1	60	43	4709280.0	4709.28	41.198000000000015	45.480333333333334	45.81666666666667	41.089332	45.36526	45.764933	93.229259	1797522.0	29.9587	1920	1080	60.0	8	bee5242c7785afc9016373dcc409e464	601f6172872b79a7e1f3b1ab60b78787	1920	1080	9463.0	9.0	5835.0	6250.0	False
DOTA2_60f_420	DOTA2_60f_420	svtav1	svtav1_20191014_91fc5b1	60	55	2153912.0	2153.912	38.22149999999999	42.771166666666666	43.15316666666665	38.093913	42.647253	43.110228	86.819621	1092391.0	18.206516666666666	1920	1080	60.0	8	34cb1e3003b21fe97e25780d8ef9fbae	3bfb5e075af2424a430aec209484ce71	1920	1080	8932.0	9.0	9068.0	6632.0	False
DOTA2_60f_420	DOTA2_60f_420	svtav1	svtav1_20191014_91fc5b1	60	63	825320.0	825.32	34.44833333333333	39.269999999999996	39.58733333333334	34.392561	39.221008	39.577874	71.838043	725806.0	12.096766666666667	1920	1080	60.0	8	ee94c62c4525eab8a59c37f73f5c329d	60026c44937969a07ed1a26f8fc569b5	1920	1080	16438.0	5.0	4348.0	9933.0	False
Netflix_Aerial_1920x1080_60fps_8	Netflix_Aerial_1920x1080_60fps_8	svtav1	svtav1_20191014_91fc5b1	60	20	28076784.0	28076.784	43.22883333333333	46.06866666666667	45.71949999999999	43.166346	46.040857	45.698537	96.917916	3802977.0	63.38295	1920	1080	60.0	8	fe1f56670883c7c713603cd939e25342	3f0c0760deb9316a95c094ee9482db75	1920	1080	9337.0	5.0	13248.0	6140.0	False
Netflix_Aerial_1920x1080_60fps_8	Netflix_Aerial_1920x1080_60fps_8	svtav1	svtav1_20191014_91fc5b1	60	32	12846456.0	12846.456	41.27416666666668	44.788666666666664	44.666666666666664	41.210224	44.778373	44.661273	94.813301	1996290.0	33.2715	1920	1080	60.0	8	49c6567333c2829d7b93fdf319311291	5b849698d76e56c709e2dd1a2540ab94	1920	1080	9301.0	4.0	11144.0	6248.0	False
Netflix_Aerial_1920x1080_60fps_8	Netflix_Aerial_1920x1080_60fps_8	svtav1	svtav1_20191014_91fc5b1	60	43	6201992.0	6201.992	38.88233333333334	43.199999999999996	43.52	38.803726	43.192872	43.517802	91.572313	1375543.0	22.925716666666666	1920	1080	60.0	8	2f01c855d39698af1602ac483c247e7c	07ff2372d0ce4a5229d2ae50bad04a94	1920	1080	9515.0	5.0	9370.0	6335.0	False
Netflix_Aerial_1920x1080_60fps_8	Netflix_Aerial_1920x1080_60fps_8	svtav1	svtav1_20191014_91fc5b1	60	55	2912136.0	2912.136	36.05933333333333	41.43800000000001	42.32783333333335	36.002158	41.432761	42.322632	85.69667	1522075.0	25.367916666666666	1920	1080	60.0	8	43d47dee5003990a55be5499150ada19	fcfed893a81fbd35c6ce44f624a1f057	1920	1080	10556.0	4.0	9338.0	6450.0	False
Netflix_Aerial_1920x1080_60fps_8	Netflix_Aerial_1920x1080_60fps_8	svtav1	svtav1_20191014_91fc5b1	60	63	996416.0	996.416	32.23933333333331	39.197500000000005	40.93583333333334	32.225042	39.186992	40.925418	70.362658	1705636.0	28.427266666666668	1920	1080	60.0	8	c882e811b7a83a99f5ad7db3f28ef72a	82016b96d15ce251b0d7be6bd65fcb3c	1920	1080	11190.0	8.0	7062.0	6504.0	False
ducks_take_off_1080p50_60f	ducks_take_off_1080p50_60f	svtav1	svtav1_20191014_91fc5b1	60	20	118833553.0	118833.553	39.10450000000002	39.44583333333333	41.43333333333333	39.01812	39.368933	41.381095	98.813402	6925514.0	115.42523333333334	1920	1080	50.0	8	f82f9b8d16d6ff5dbcd7b3cba12b7cbc	3a06fc4b806d814e1188f958d8fb4c00	1920	1080	16948.0	11.0	26446.0	6790.0	False
ducks_take_off_1080p50_60f	ducks_take_off_1080p50_60f	svtav1	svtav1_20191014_91fc5b1	60	32	35304826.0	35304.826	35.358333333333334	37.03183333333333	39.953166666666675	35.296461	36.995488	39.935900999999994	93.980658	3284140.0	54.73566666666667	1920	1080	50.0	8	3eac66b88cdaf0b396062c2acb4f2221	3d087b55feb09663738a6889e7339a90	1920	1080	12089.0	6.0	22575.0	6878.0	False
ducks_take_off_1080p50_60f	ducks_take_off_1080p50_60f	svtav1	svtav1_20191014_91fc5b1	60	43	11516773.0	11516.773	33.195	35.24249999999999	38.57883333333334	33.166017	35.203647	38.566254	85.133165	3234445.0	53.90741666666667	1920	1080	50.0	8	f6c9b510931d0a92bcc34f6735200afd	b48037a1f22108fbf03f821bc5987cca	1920	1080	12977.0	14.0	19571.0	7297.0	False
ducks_take_off_1080p50_60f	ducks_take_off_1080p50_60f	svtav1	svtav1_20191014_91fc5b1	60	55	4484620.0	4484.62	30.90866666666668	33.535000000000004	37.384499999999996	30.859907	33.4874	37.37818	69.868583	1711071.0	28.51785	1920	1080	50.0	8	078f35bf4693c4354ba2932541bdf459	05d0f52f3849aed727a72959f6828ed9	1920	1080	11634.0	4.0	13342.0	6342.0	False
ducks_take_off_1080p50_60f	ducks_take_off_1080p50_60f	svtav1	svtav1_20191014_91fc5b1	60	63	1671520.0	1671.52	28.20883333333334	31.71783333333333	36.263166666666685	28.123483	31.670657	36.259373	47.775719	1592224.0	26.537066666666668	1920	1080	50.0	8	9267075e24d928465a4ba325cdc46cb6	f722e4309a65627619af749c6680ab01	1920	1080	11519.0	4.0	9323.0	6362.0	False
touchdown_pass_1080p_60f	touchdown_pass_1080p_60f	svtav1	svtav1_20191014_91fc5b1	60	20	24945736.0	24945.736	41.17983333333332	48.24716666666666	48.39366666666667	41.04084	48.224169	48.371804	96.520262	3637512.0	60.6252	1920	1080	29.97	8	0355b4cec18f7268cc6a21186ca861e4	4a1c687e70f9a6c2a7de282e9217e01a	1920	1080	9985.0	5.0	21018.0	6289.0	False
touchdown_pass_1080p_60f	touchdown_pass_1080p_60f	svtav1	svtav1_20191014_91fc5b1	60	32	6318558.0	6318.558	38.93533333333333	47.48716666666665	47.6045	38.885002	47.478953	47.596314	94.194	1877230.0	31.287166666666668	1920	1080	29.97	8	d106bf56ff75e3563c7381d23a2cca8c	fa7460546d70d6762e4102c210cd658f	1920	1080	8736.0	5.0	12461.0	6373.0	False
touchdown_pass_1080p_60f	touchdown_pass_1080p_60f	svtav1	svtav1_20191014_91fc5b1	60	43	2358922.0	2358.922	37.5615	46.57116666666668	46.63966666666668	37.532885	46.565311	46.632304	91.371375	1381702.0	23.028366666666667	1920	1080	29.97	8	d4081c2076084e87cc766b541ee00f06	348939e34f48ea0515d728ee4c531e9a	1920	1080	8886.0	5.0	9471.0	6416.0	False
touchdown_pass_1080p_60f	touchdown_pass_1080p_60f	svtav1	svtav1_20191014_91fc5b1	60	55	1162129.0	1162.129	35.91649999999999	45.45183333333333	45.42799999999998	35.878341	45.446031	45.418796	85.549348	1743918.0	29.0653	1920	1080	29.97	8	4bf5f63813629c81a241e3fb02c3dae5	e7167bc168a6eca2654f76bd76cec6bd	1920	1080	9312.0	4.0	8244.0	7644.0	False
touchdown_pass_1080p_60f	touchdown_pass_1080p_60f	svtav1	svtav1_20191014_91fc5b1	60	63	454426.0	454.426	32.969166666666666	43.70166666666667	43.685666666666656	32.923884	43.697067	43.676827	68.387994	902022.0	15.0337	1920	1080	29.97	8	9f1fc815e50ee20f0a06772eb7211a6e	0d07da2babf1f4e2659b59f351d7c1bb	1920	1080	9407.0	5.0	6366.0	6468.0	False
vidyo1_720p_60fps_60f	vidyo1_720p_60fps_60f	svtav1	svtav1_20191014_91fc5b1	60	20	4786800.0	4786.8	45.79750000000002	48.24699999999999	49.579	45.767795	48.233638	49.571755	96.641	1361660.0	22.694333333333333	1280	720	60.0	8	a71d216804dbb63d0a94bae6f635d0a2	e522e110c2b022a402a8bb6dfeceda4d	1280	720	4331.0	4.0	3107.0	3376.0	False
vidyo1_720p_60fps_60f	vidyo1_720p_60fps_60f	svtav1	svtav1_20191014_91fc5b1	60	32	1817976.0	1817.976	44.23566666666667	47.75049999999999	48.99666666666668	44.217091	47.74374	48.9921	95.392787	563743.0	9.395716666666667	1280	720	60.0	8	ee83ad861fda5343ab795359ac425d38	bc6e05ae307d6c4d4f9d725e4c0c5d69	1280	720	3729.0	4.0	2075.0	2495.0	False
vidyo1_720p_60fps_60f	vidyo1_720p_60fps_60f	svtav1	svtav1_20191014_91fc5b1	60	43	830424.0	830.4240000000001	42.81250000000001	47.123833333333344	48.171833333333346	42.80197	47.120541	48.169037	93.543095	384775.0	6.412916666666667	1280	720	60.0	8	1334463ce5fd3e9bb02e4b7f4a60fdd6	cce5d3f9dce567c7e1aa6854562a1f98	1280	720	3544.0	4.0	1734.0	2529.0	False
vidyo1_720p_60fps_60f	vidyo1_720p_60fps_60f	svtav1	svtav1_20191014_91fc5b1	60	55	431040.0	431.04	40.91016666666666	46.021833333333326	46.753833333333326	40.89428	46.019677	46.75113	89.778485	464116.0	7.735266666666667	1280	720	60.0	8	bf6e9c6321740901ec089a807366b129	4b3f841fb2638341d38f28a40ca34291	1280	720	4988.0	28.0	1875.0	3779.0	False
vidyo1_720p_60fps_60f	vidyo1_720p_60fps_60f	svtav1	svtav1_20191014_91fc5b1	60	63	204240.0	204.24000000000004	37.5515	43.740833333333335	43.98916666666666	37.541759	43.740253	43.98867400000001	79.350207	236421.0	3.94035	1280	720	60.0	8	afad2db91879ec31bfc0d8be802ff943	898994181197c2421aa7e69e1d823351	1280	720	5323.0	4.0	1696.0	2491.0	False
Netflix_FoodMarket_1920x1080_60f	Netflix_FoodMarket_1920x1080_60f	svtav1	svtav1_20191014_91fc5b1	60	20	32539488.0	32539.488	41.40766666666668	45.13583333333335	45.84949999999999	41.347275	45.113053	45.836303	99.365726	3080746.0	51.34576666666667	1920	1080	60.0	8	ac2b6fe11ef025409cccb0a2a990832f	1931605079f079a0214033f38caf4892	1920	1080	9165.0	4.0	18224.0	6537.0	False
Netflix_FoodMarket_1920x1080_60f	Netflix_FoodMarket_1920x1080_60f	svtav1	svtav1_20191014_91fc5b1	60	32	9767368.0	9767.368	40.03099999999999	44.376999999999995	45.2515	40.00803899999999	44.368664	45.24790599999999	96.51400399999999	1847465.0	30.791083333333333	1920	1080	60.0	8	de552484ec092259cd7d542d17a460d1	4e3eb9f1da92873fe2c08e5d39adfbe5	1920	1080	8591.0	4.0	11175.0	6325.0	False
Netflix_FoodMarket_1920x1080_60f	Netflix_FoodMarket_1920x1080_60f	svtav1	svtav1_20191014_91fc5b1	60	43	4478936.0	4478.936	38.85066666666667	43.54383333333333	44.55833333333333	38.826057	43.535678	44.554909	92.559004	1423938.0	23.7323	1920	1080	60.0	8	22a21969d85e5fa5ecda50a4b39d929d	3c4604f7990340c5d0d020011b2a19cf	1920	1080	9081.0	10.0	9474.0	6790.0	False
Netflix_FoodMarket_1920x1080_60f	Netflix_FoodMarket_1920x1080_60f	svtav1	svtav1_20191014_91fc5b1	60	55	2215648.0	2215.648	37.165	42.47166666666668	43.590499999999984	37.121476	42.458023	43.584492	84.489099	969125.0	16.152083333333334	1920	1080	60.0	8	7a1f2ee01a2abb4aa2dc116a045fbc70	a6ef9b3aa5bccd75c342a3c8039fe99b	1920	1080	8451.0	3.0	8267.0	6243.0	False
Netflix_FoodMarket_1920x1080_60f	Netflix_FoodMarket_1920x1080_60f	svtav1	svtav1_20191014_91fc5b1	60	63	939888.0	939.888	34.632666666666665	40.88333333333335	41.916000000000004	34.588702	40.871293	41.900106	68.153553	772583.0	12.876383333333333	1920	1080	60.0	8	82821015929841e63a7f28f97ea96855	4390a15b41a62905629ee32453cda2cd	1920	1080	8988.0	11.0	7702.0	7677.0	False
rush_hour_1080p25_60f	rush_hour_1080p25_60f	svtav1	svtav1_20191014_91fc5b1	60	20	8080440.0	8080.44	43.23816666666667	47.13716666666666	49.1855	43.212498	47.122307	49.171315	97.258485	2758435.0	45.97391666666667	1920	1080	25.0	8	192efa981ec2a55fe999be8dec74093a	937063c1d7b7a329c5599e99911669b5	1920	1080	9879.0	9.0	16562.0	6504.0	False
rush_hour_1080p25_60f	rush_hour_1080p25_60f	svtav1	svtav1_20191014_91fc5b1	60	32	3296706.0	3296.706	42.355333333333334	46.37549999999999	48.215499999999984	42.346658	46.370052	48.206803	94.022026	1992744.0	33.2124	1920	1080	25.0	8	0c831859ba043104fe7469c989030f07	2d677e3f1be272053d0b285a6942d3f6	1920	1080	7261.0	4.0	14212.0	6341.0	False
rush_hour_1080p25_60f	rush_hour_1080p25_60f	svtav1	svtav1_20191014_91fc5b1	60	43	1559303.0	1559.303	41.11366666666667	45.433	46.96966666666667	41.089812	45.426403	46.95772	87.58507	1498504.0	24.975066666666667	1920	1080	25.0	8	22e295918a9157a9aaebb77f3142625f	da95146169c94d4d22b8a1a41797daa8	1920	1080	6816.0	7.0	10679.0	6452.0	False
rush_hour_1080p25_60f	rush_hour_1080p25_60f	svtav1	svtav1_20191014_91fc5b1	60	55	741266.0	741.266	39.313	44.30416666666667	45.46583333333333	39.252753	44.294608	45.446238	77.166319	1001220.0	16.687	1920	1080	25.0	8	78800e711b1c3104ffad10d7ae040a51	6eec337add211ceffb0984f3ca76c38b	1920	1080	7837.0	8.0	8771.0	6484.0	False
rush_hour_1080p25_60f	rush_hour_1080p25_60f	svtav1	svtav1_20191014_91fc5b1	60	63	313956.0	313.956	36.71883333333334	42.427499999999995	43.26516666666666	36.600721	42.419463	43.241069	61.861995	810932.0	13.515533333333334	1920	1080	25.0	8	bcb1517b23346fb1936f9126db2a2b11	2485f96d9251cea2fa2bc392be2c1c59	1920	1080	6966.0	4.0	6751.0	6290.0	False
wikipedia_420	wikipedia_420	svtav1	svtav1_20191014_91fc5b1	60	20	1719560.0	1719.56	55.81200000000002	53.077999999999975	53.9805	55.796504	52.899478	53.915176	99.83877	2083988.0	34.733133333333335	1920	1080	30.0	8	7a16432f46da4c67cda8da86411ee747	688406460612ff25c3fc1ce37996f3be	1920	1080	6439.0	14.0	1635.0	6630.0	False
wikipedia_420	wikipedia_420	svtav1	svtav1_20191014_91fc5b1	60	32	927236.0	927.236	51.16466666666667	50.81599999999998	51.99816666666667	51.15417	50.585581	51.93372	99.823877	1081900.0	18.031666666666666	1920	1080	30.0	8	32ec27d9c3936a956daa5fbc49fc19b5	11ea986e54c5f3927864fdfb5398301c	1920	1080	6137.0	5.0	1233.0	5674.0	False
wikipedia_420	wikipedia_420	svtav1	svtav1_20191014_91fc5b1	60	43	627924.0	627.9240000000001	48.72166666666666	48.84699999999999	50.233333333333334	48.704365	48.68886	50.185796	99.79626	1051570.0	17.526166666666665	1920	1080	30.0	8	061b39d874df853e8e5780003e76637d	42c9e753fdbea77f4daec94ab6729876	1920	1080	6525.0	20.0	1704.0	7078.0	False
wikipedia_420	wikipedia_420	svtav1	svtav1_20191014_91fc5b1	60	55	458456.0	458.456	45.265833333333326	46.42616666666668	47.912	45.243157	46.370706	47.892526	99.690434	1133399.0	18.889983333333333	1920	1080	30.0	8	04f9f35dc4643b3fb5d7dae52ef97795	b5d1be2d3e8aab0a86bd6713a8bc46ed	1920	1080	7109.0	18.0	1757.0	7097.0	False
wikipedia_420	wikipedia_420	svtav1	svtav1_20191014_91fc5b1	60	63	308360.0	308.36	38.584999999999994	43.03216666666667	44.25716666666667	38.531204	42.970562	44.223841	98.780779	1044808.0	17.413466666666668	1920	1080	30.0	8	2efc84cedb4a7bbd394104c244972ac7	184e84c3f9180dea17fca6faa6b27564	1920	1080	11574.0	4.0	2780.0	6176.0	False
MINECRAFT_60f_420	MINECRAFT_60f_420	svtav1	svtav1_20191014_91fc5b1	60	20	87585800.0	87585.8	43.557999999999986	46.11299999999999	46.60850000000001	43.373832	45.950319	46.479134	99.95096200000002	2821798.0	47.02996666666667	1920	1080	60.0	8	83ccf24b2b96a81c2b10f304bf604c8d	8062175851e3a2afcca1afb0536df70f	1920	1080	11825.0	7.0	18582.0	6254.0	False
MINECRAFT_60f_420	MINECRAFT_60f_420	svtav1	svtav1_20191014_91fc5b1	60	32	52447848.0	52447.848	39.26166666666666	44.298666666666676	44.655499999999975	39.010718	44.17693	44.561768	99.916762	5224157.0	87.06928333333333	1920	1080	60.0	8	4f371534d13feba4293a2d0809b030d5	f3b3d3d1a804e29a24aec6ab2204b50d	1920	1080	10992.0	8.0	17156.0	6682.0	False
MINECRAFT_60f_420	MINECRAFT_60f_420	svtav1	svtav1_20191014_91fc5b1	60	43	24279144.0	24279.144000000004	34.894000000000005	42.60383333333334	42.67716666666666	34.6256	42.524322	42.611142	96.598577	6267357.0	104.45595	1920	1080	60.0	8	f09811ed9393c03af3e0f1ab8c016d09	400875fe72675e7b660eac2f666bfca5	1920	1080	10451.0	4.0	17300.0	7352.0	False
MINECRAFT_60f_420	MINECRAFT_60f_420	svtav1	svtav1_20191014_91fc5b1	60	55	9815768.0	9815.768	31.669499999999992	40.75966666666666	40.75950000000002	31.48572	40.714205	40.71607099999999	84.393261	2256199.0	37.603316666666665	1920	1080	60.0	8	6c01c7f3d700c40d3554d2882919fcf0	99b453bd82feb269dcf73b388c168a74	1920	1080	11233.0	5.0	11009.0	6186.0	False
MINECRAFT_60f_420	MINECRAFT_60f_420	svtav1	svtav1_20191014_91fc5b1	60	63	3296752.0	3296.752	28.7545	38.2965	38.475666666666676	28.637963	38.2811	38.45669	61.900174	1856755.0	30.945916666666665	1920	1080	60.0	8	71cab41d388a78233676955f7f7425b4	4b6310b095f9bbf5e6919467ce9e2f32	1920	1080	10241.0	4.0	7969.0	9670.0	False
kirland360p_60f	kirland360p_60f	svtav1	svtav1_20191014_91fc5b1	60	20	335068.0	335.068	47.564166666666665	48.552833333333325	49.78766666666665	47.482249	48.524266	49.760466	96.141773	230247.0	3.83745	640	360	30.0	8	f0404b54c431502731ebd25d80e464d0	08cc6582d72e28abf75a5a7a76e08c40	640	360	1306.0	19.0	742.0	584.0	False
kirland360p_60f	kirland360p_60f	svtav1	svtav1_20191014_91fc5b1	60	32	153564.0	153.564	46.243333333333325	48.00349999999999	48.98249999999998	46.12214099999999	47.981666	48.960223	95.032833	146026.0	2.4337666666666666	640	360	30.0	8	9e42c91519c4162283d04b3ae6183471	5158c42bb5ce496c18cbb5e54d540265	640	360	1063.0	4.0	499.0	516.0	False
kirland360p_60f	kirland360p_60f	svtav1	svtav1_20191014_91fc5b1	60	43	83804.0	83.804	44.51316666666665	47.33933333333332	47.844333333333324	44.327085	47.3116	47.780855	92.765393	134846.0	2.2474333333333334	640	360	30.0	8	decb887da92fa70f8d6be61e48c4dff7	15e012dd5698cd8e64a5994c42f0ae4d	640	360	1115.0	6.0	469.0	633.0	False
kirland360p_60f	kirland360p_60f	svtav1	svtav1_20191014_91fc5b1	60	55	48944.0	48.944	42.213666666666654	46.4475	46.37483333333334	41.9633	46.385797	46.210399	88.055405	74394.0	1.2399	640	360	30.0	8	fa891d69d3360bcf0c6c709b8008ac1a	a76ac2fe3b1144abb9a41cd23a9bb609	640	360	1229.0	8.0	455.0	519.0	False
kirland360p_60f	kirland360p_60f	svtav1	svtav1_20191014_91fc5b1	60	63	28796.0	28.796	39.12833333333334	45.1765	44.95016666666666	38.814673	45.069488	44.653898	78.076241	68704.0	1.1450666666666667	640	360	30.0	8	ac6ea337b97000f1a1d86040bfd650a3	006e60d583d0c36e420b0a3468c69eae	640	360	1612.0	14.0	280.0	520.0	False
Starting_1920x1080p_50_10b_pq_70	Starting_1920x1080p_50_10b_pq_70	svtav1	svtav1_20191014_91fc5b1	60	20	7318553.0	7318.553	47.209666666666664	50.17883333333332	51.96116666666667	47.164073	50.141936	51.910097	96.795437	752829.0	12.54715	1920	1080	50.0	10	31a8f7e69f3d6ed3db9bd7a8e12db5de	9509e630b6a165136826cfe12f4b0f6c	1920	1080	12194.0	5.0	7201.0	6249.0	False
Starting_1920x1080p_50_10b_pq_70	Starting_1920x1080p_50_10b_pq_70	svtav1	svtav1_20191014_91fc5b1	60	32	3185266.0	3185.266	45.806333333333335	48.92516666666667	50.29316666666668	45.764031	48.899361	50.25932	95.805102	1154825.0	19.247083333333332	1920	1080	50.0	10	6c79a0a1b7d0dbf9e42aafba55c5ff49	3a49cb707510c039bfb7844427a5c74d	1920	1080	11518.0	6.0	7442.0	7259.0	False
Starting_1920x1080p_50_10b_pq_70	Starting_1920x1080p_50_10b_pq_70	svtav1	svtav1_20191014_91fc5b1	60	43	1682753.0	1682.753	44.05883333333333	47.54083333333335	48.458999999999996	44.016636	47.532526	48.449357	94.023483	430051.0	7.167516666666667	1920	1080	50.0	10	be83505f0dc2664e1dc1e9d65df41fa2	ed9648b5f64db96fb961cdb975399cfe	1920	1080	11232.0	5.0	6057.0	5903.0	False
Starting_1920x1080p_50_10b_pq_70	Starting_1920x1080p_50_10b_pq_70	svtav1	svtav1_20191014_91fc5b1	60	55	880113.0	880.113	41.411500000000004	45.71933333333335	46.105666666666664	41.38564	45.718577	46.104819	89.961816	468574.0	7.809566666666667	1920	1080	50.0	10	4f6a96c58f1ddfd6b350b632796b8fef	749380efaac45678c5458ef6ce8bc28b	1920	1080	17183.0	9.0	5787.0	6671.0	False
Starting_1920x1080p_50_10b_pq_70	Starting_1920x1080p_50_10b_pq_70	svtav1	svtav1_20191014_91fc5b1	60	63	338906.0	338.906	36.444833333333335	43.02083333333334	43.225333333333374	36.442542	43.020316	43.224342	75.136043	343055.0	5.717583333333334	1920	1080	50.0	10	01534093d8e7f9001e4df9005d372ca1	0f2082a2f4c3bfdd88ddf617343aed74	1920	1080	11796.0	3.0	5546.0	5901.0	False
red_kayak_360p_60f	red_kayak_360p_60f	svtav1	svtav1_20191014_91fc5b1	60	20	9339689.0	9339.689	41.254666666666665	44.567166666666665	49.129999999999995	41.137709	44.505244	49.112148	99.904092	461575.0	7.692916666666667	640	360	29.97	8	25a2152c1558f92ed6764940b45f6fd6	20120c6bca0496a24773f28ae2e9478f	640	360	1480.0	5.0	2793.0	605.0	False
red_kayak_360p_60f	red_kayak_360p_60f	svtav1	svtav1_20191014_91fc5b1	60	32	5487089.0	5487.088999999999	36.67983333333334	42.011999999999986	47.55950000000001	36.497552	41.935576	47.528509	99.755118	430247.0	7.1707833333333335	640	360	29.97	8	d3c19e4c07292f016644ef499f09fdf4	8202554989782f9015d31a4c72a3da4c	640	360	1832.0	4.0	2555.0	577.0	False
red_kayak_360p_60f	red_kayak_360p_60f	svtav1	svtav1_20191014_91fc5b1	60	43	2500780.0	2500.78	32.0335	39.62533333333334	46.64616666666666	31.844881	39.54974	46.611151	86.415187	399376.0	6.656266666666666	640	360	29.97	8	8f28fbbf867317c4cde95a85d2620d3c	168620af0eb51a5c768c23170d3c340a	640	360	2052.0	14.0	2376.0	644.0	False
red_kayak_360p_60f	red_kayak_360p_60f	svtav1	svtav1_20191014_91fc5b1	60	55	836276.0	836.276	28.280500000000007	37.87833333333334	45.47433333333333	28.124169	37.829266	45.384899	60.58319100000001	396297.0	6.60495	640	360	29.97	8	cbd96b419cdc32a9d9d353057b869b49	885cfe1e05ead58176b0fdd218e7172f	640	360	2166.0	14.0	1965.0	697.0	False
red_kayak_360p_60f	red_kayak_360p_60f	svtav1	svtav1_20191014_91fc5b1	60	63	198732.0	198.732	25.67850000000001	36.3325	44.062166666666684	25.564968	36.291641	43.857705	25.211748	174843.0	2.91405	640	360	29.97	8	8668ce7091809855dc3d95da61240742	626894cb9e1b98e9cbaf7596237c970f	640	360	1594.0	4.0	1709.0	614.0	False
aspen_1080p_60f	aspen_1080p_60f	svtav1	svtav1_20191014_91fc5b1	60	20	10712621.0	10712.621000000001	44.32383333333334	48.269166666666656	49.505500000000005	44.270426	48.255533	49.497604	98.211693	2514920.0	41.915333333333336	1920	1080	29.97	8	8e0041a0d4c26013f7afdeda736b08c0	7d7e1aea16e2f92027831ddadc9dcecf	1920	1080	7466.0	5.0	16036.0	8282.0	False
aspen_1080p_60f	aspen_1080p_60f	svtav1	svtav1_20191014_91fc5b1	60	32	3448610.0	3448.61	42.45233333333335	47.37483333333334	48.60616666666665	42.41287	47.369678	48.602246	94.664145	1637195.0	27.286583333333333	1920	1080	29.97	8	d4966d117351529f79ac9708e22e70dc	9f39c8a44018dfdf7b4ba37fef1c3a2e	1920	1080	7259.0	8.0	11949.0	5884.0	False
aspen_1080p_60f	aspen_1080p_60f	svtav1	svtav1_20191014_91fc5b1	60	43	1437314.0	1437.314	41.109333333333325	46.30816666666667	47.494166666666686	41.073878	46.301303	47.486277	90.077909	1229474.0	20.491233333333334	1920	1080	29.97	8	fc24ec12dcafa3a6cdcfec8a64f09b16	28e4de41a02a4355edc581aeda1da7e0	1920	1080	7888.0	4.0	8763.0	5891.0	False
aspen_1080p_60f	aspen_1080p_60f	svtav1	svtav1_20191014_91fc5b1	60	55	652557.0	652.557	39.344833333333334	44.690999999999995	45.72133333333334	39.295581	44.677117	45.713775000000005	82.319013	962295.0	16.03825	1920	1080	29.97	8	0cfb4762ae3b737043a7e4f2117aa135	17376341fec20ea804d7b84285f9906b	1920	1080	6879.0	4.0	7790.0	5904.0	False
aspen_1080p_60f	aspen_1080p_60f	svtav1	svtav1_20191014_91fc5b1	60	63	280323.0	280.323	36.49566666666666	42.214999999999996	42.95516666666666	36.436732	42.204261	42.950444	66.612906	556701.0	9.27835	1920	1080	29.97	8	29d5c17e15f218dba56aafa22a9873e2	6d86b36abc5a5460344d356021be5df0	1920	1080	6908.0	4.0	6361.0	6242.0	False
blue_sky_360p_60f	blue_sky_360p_60f	svtav1	svtav1_20191014_91fc5b1	60	20	1420603.0	1420.603	44.65016666666668	45.82966666666666	47.54749999999999	44.552468	45.750002	47.496165	99.94672999999999	485386.0	8.089766666666666	640	360	25.0	8	2dfef9b7e95ded0e0d40b94825bda00b	580d7516ccaec74041d99081a9562d1d	640	360	1368.0	3.0	1807.0	638.0	False
blue_sky_360p_60f	blue_sky_360p_60f	svtav1	svtav1_20191014_91fc5b1	60	32	736230.0	736.23	41.792166666666645	43.65600000000001	45.275833333333324	41.669694	43.60485099999999	45.238249	99.930962	239446.0	3.9907666666666666	640	360	25.0	8	eb04764a8945b6a98917bc72642a7f71	059163a20e1fc8a33bb7fb481f877024	640	360	1791.0	6.0	1354.0	498.0	False
blue_sky_360p_60f	blue_sky_360p_60f	svtav1	svtav1_20191014_91fc5b1	60	43	390250.0	390.25	38.861999999999995	40.929	42.4775	38.739351000000006	40.884161999999996	42.4547	99.658572	274808.0	4.580133333333333	640	360	25.0	8	e8d5313cff71f2fefb7a88e90544e6f6	4e02f7062ad0ced7431b2e1eb0222ced	640	360	1404.0	4.0	1176.0	538.0	False
blue_sky_360p_60f	blue_sky_360p_60f	svtav1	svtav1_20191014_91fc5b1	60	55	209333.0	209.333	35.77383333333333	37.88816666666667	39.77649999999999	35.653163	37.859203	39.762898	95.032035	169044.0	2.8174	640	360	25.0	8	2d25c76e0793d83443446bcd64112712	b1249838cf14629049de264240d028e9	640	360	1566.0	4.0	1098.0	647.0	False
blue_sky_360p_60f	blue_sky_360p_60f	svtav1	svtav1_20191014_91fc5b1	60	63	102076.0	102.076	31.845166666666678	34.95283333333334	37.70433333333334	31.778572	34.945205	37.696141	83.913293	239464.0	3.9910666666666668	640	360	25.0	8	06b12691ed7494f08df24bbb6386e510	f9e8f4db0708a493901aaabd6a33c2ad	640	360	1543.0	4.0	1020.0	563.0	False
Netflix_Crosswalk_1920x1080_60fp	Netflix_Crosswalk_1920x1080_60fp	svtav1	svtav1_20191014_91fc5b1	60	20	10433656.0	10433.656	45.823333333333316	48.53166666666666	50.38516666666667	45.80599300000001	48.517798	50.363852	99.400732	2864594.0	47.743233333333336	1920	1080	60.0	8	b30d868cb81395310723ac22803022e4	2a1b298e316b244c51839f73adc9c3f9	1920	1080	6716.0	14.0	20681.0	7746.0	False
Netflix_Crosswalk_1920x1080_60fp	Netflix_Crosswalk_1920x1080_60fp	svtav1	svtav1_20191014_91fc5b1	60	32	5234480.0	5234.48	44.74933333333333	47.928	49.743333333333325	44.715185	47.916915	49.726843	96.862882	1463869.0	24.397816666666667	1920	1080	60.0	8	6dffd09f5cbfca3da83704913ad0dc94	40f77d9240ec17ac872200c1e5e9b9ae	1920	1080	7817.0	5.0	13030.0	6138.0	False
Netflix_Crosswalk_1920x1080_60fp	Netflix_Crosswalk_1920x1080_60fp	svtav1	svtav1_20191014_91fc5b1	60	43	2619536.0	2619.536	43.14499999999998	46.9945	48.76416666666666	43.067573	46.982231	48.749596	91.646839	2517372.0	41.9562	1920	1080	60.0	8	e4020be4375208c77c36a8ca17102600	6ab4437252fcc195a61d6268a296c497	1920	1080	8993.0	19.0	14027.0	7198.0	False
Netflix_Crosswalk_1920x1080_60fp	Netflix_Crosswalk_1920x1080_60fp	svtav1	svtav1_20191014_91fc5b1	60	55	1343728.0	1343.728	40.995999999999995	45.77533333333335	47.5075	40.855994	45.75495	47.486584	82.256501	2067333.0	34.45555	1920	1080	60.0	8	cfae052ed1874f7d256388206e6016b3	9492629b41b40040f1e1ccf962f56b33	1920	1080	9132.0	13.0	11010.0	8041.0	False
Netflix_Crosswalk_1920x1080_60fp	Netflix_Crosswalk_1920x1080_60fp	svtav1	svtav1_20191014_91fc5b1	60	63	628128.0	628.128	38.12250000000001	44.02066666666668	45.56866666666667	37.957059	43.998141	45.545624	66.117448	1784502.0	29.7417	1920	1080	60.0	8	f3ccdeebb95e396352629314e8addfa7	074ad12fdeb3e3f89bef0c1fcb1e1000	1920	1080	6976.0	9.0	8668.0	6362.0	False
Netflix_TunnelFlag_1920x1080_60f	Netflix_TunnelFlag_1920x1080_60f	svtav1	svtav1_20191014_91fc5b1	60	20	33752672.0	33752.672	43.1715	47.435166666666674	48.89683333333334	43.126745	47.413078	48.88525	99.920504	3177507.0	52.95845	1920	1080	60.0	8	2402c394011748bac13a555624539fdb	e9dae23bf4774ea5336d8c7aeb54e774	1920	1080	13766.0	4.0	16517.0	7552.0	False
Netflix_TunnelFlag_1920x1080_60f	Netflix_TunnelFlag_1920x1080_60f	svtav1	svtav1_20191014_91fc5b1	60	32	17159488.0	17159.488	41.04633333333332	46.19083333333333	47.8805	40.987713	46.176689	47.870523	99.91430800000002	2343691.0	39.06151666666667	1920	1080	60.0	8	5676107dca48a8967490e9405d51eea9	82cb02ef263bc2df250344aa8ebc2bdc	1920	1080	10940.0	7.0	15373.0	6682.0	False
Netflix_TunnelFlag_1920x1080_60f	Netflix_TunnelFlag_1920x1080_60f	svtav1	svtav1_20191014_91fc5b1	60	43	8823768.0	8823.768	38.69066666666666	44.52383333333333	46.496	38.611505	44.511402	46.483423	99.899537	1648543.0	27.475716666666667	1920	1080	60.0	8	62abff96f4a2c8b260ea31fa4139c59c	c45de56582f510d292a69597516f0b96	1920	1080	8856.0	5.0	12531.0	6495.0	False
Netflix_TunnelFlag_1920x1080_60f	Netflix_TunnelFlag_1920x1080_60f	svtav1	svtav1_20191014_91fc5b1	60	55	4555616.0	4555.616	36.153	42.41833333333334	44.73733333333332	36.05437100000001	42.409645	44.727168	99.86302499999998	1809188.0	30.153133333333333	1920	1080	60.0	8	a5a71fe0ceb5136bd7948766723e895e	49dcc8ef807985d2c14d42f9ebb6917c	1920	1080	11620.0	15.0	11584.0	7744.0	False
Netflix_TunnelFlag_1920x1080_60f	Netflix_TunnelFlag_1920x1080_60f	svtav1	svtav1_20191014_91fc5b1	60	63	2262888.0	2262.888	33.167333333333325	39.52566666666667	41.605999999999995	33.089292	39.521791	41.600463	98.535058	1277852.0	21.297533333333334	1920	1080	60.0	8	fd262875c6f512e84c50db79f9e9508e	393e2a6d9f57fc1bb831b9f95e325f75	1920	1080	9493.0	11.0	9626.0	7131.0	False
Netflix_SquareAndTimelapse_1920x	Netflix_SquareAndTimelapse_1920x	svtav1	svtav1_20191014_91fc5b1	60	20	23783152.0	23783.152	45.04383333333335	49.35433333333333	48.560833333333335	45.011023	49.344623	48.546099	99.913558	2040476.0	34.007933333333334	1920	1080	60.0	8	58fd994b32eb7f26ac24a0eafb17c2d2	ce64e889104cb978733cf565dad1d1a1	1920	1080	8853.0	6.0	12407.0	6194.0	False
Netflix_SquareAndTimelapse_1920x	Netflix_SquareAndTimelapse_1920x	svtav1	svtav1_20191014_91fc5b1	60	32	13366640.0	13366.639999999998	42.72333333333333	47.74316666666666	46.745333333333335	42.679074	47.732908	46.72944300000001	99.905307	1676414.0	27.94023333333333	1920	1080	60.0	8	b7d16ad259113e70d7fd659e70b25476	8b90295aaa186b4f02fc235f7e422159	1920	1080	8922.0	4.0	11599.0	6494.0	False
Netflix_SquareAndTimelapse_1920x	Netflix_SquareAndTimelapse_1920x	svtav1	svtav1_20191014_91fc5b1	60	43	7413680.0	7413.680000000001	39.93566666666667	45.7145	44.49666666666668	39.874499	45.702524	44.478168	99.26188900000001	1322437.0	22.040616666666665	1920	1080	60.0	8	c788d6179c0b7d9dfa173e91b641af33	73dfb8e7d67de299aaa83ad9c685645e	1920	1080	9706.0	17.0	10462.0	6507.0	False
Netflix_SquareAndTimelapse_1920x	Netflix_SquareAndTimelapse_1920x	svtav1	svtav1_20191014_91fc5b1	60	55	3974624.0	3974.6240000000003	36.77583333333333	43.42016666666668	42.12766666666666	36.697975	43.410003	42.108866	92.239234	1298252.0	21.637533333333334	1920	1080	60.0	8	1ffcac1b3ab1dc39ae25c87cb4dac84d	83ab2d6e8111d1cb96f7c4003ced53b1	1920	1080	8587.0	5.0	9568.0	6445.0	False
Netflix_SquareAndTimelapse_1920x	Netflix_SquareAndTimelapse_1920x	svtav1	svtav1_20191014_91fc5b1	60	63	1839496.0	1839.496	33.03349999999999	40.34233333333334	38.997833333333325	32.977023	40.337587	38.987567	76.400977	1063499.0	17.724983333333334	1920	1080	60.0	8	54fe60d58efbbf23f21d2c03874bc806	625936e3d71430bb75e84599f8f5c17f	1920	1080	9464.0	4.0	8251.0	6415.0	False
dark720p_60f	dark720p_60f	svtav1	svtav1_20191014_91fc5b1	60	20	8390232.0	8390.232	46.54850000000002	44.23133333333333	45.81283333333331	46.349676	43.894433	45.486287	96.459087	1719863.0	28.664383333333333	1280	720	30.0	8	2639c527b19211cc4e1bf4a9506de57c	4db4a4247e80d296a7d01deb195dfeae	1280	720	4624.0	19.0	11540.0	2614.0	False
dark720p_60f	dark720p_60f	svtav1	svtav1_20191014_91fc5b1	60	32	2515204.0	2515.204	43.910833333333336	39.72183333333333	42.309000000000005	43.761649	39.463275	42.140563	93.553514	1217349.0	20.28915	1280	720	30.0	8	bf1a4aac733a8885fa0b826b837e97b5	3223126638a83167027ae1e3346d6b86	1280	720	3583.0	14.0	7482.0	2481.0	False
dark720p_60f	dark720p_60f	svtav1	svtav1_20191014_91fc5b1	60	43	617200.0	617.2	42.47533333333333	37.28816666666667	41.11783333333333	42.407686	37.15348099999999	41.053657	90.941187	819162.0	13.6527	1280	720	30.0	8	ac64c2291e550bfed278a89dc1682de6	77ab9b1620ae345a227f2a5a7b334512	1280	720	3610.0	9.0	5230.0	2421.0	False
dark720p_60f	dark720p_60f	svtav1	svtav1_20191014_91fc5b1	60	55	194408.0	194.408	41.22333333333333	36.49099999999999	40.260833333333345	41.193497	36.463699	40.244711	87.625831	476748.0	7.9458	1280	720	30.0	8	3faa9031c91847ed6588511a118baba6	d50713ef903b4dec0aa7b1ac1be69615	1280	720	3447.0	4.0	4999.0	2515.0	False
dark720p_60f	dark720p_60f	svtav1	svtav1_20191014_91fc5b1	60	63	72452.0	72.452	38.9065	35.471666666666664	38.80366666666668	38.890396	35.466516	38.792088	79.21641	249125.0	4.152083333333334	1280	720	30.0	8	7c0b11798d5bc819c880d017afb19f9c	38be38d44ef1d7ef74b1f8caf8b058dd	1280	720	3106.0	4.0	1920.0	2389.0	False
STARCRAFT_60f_420	STARCRAFT_60f_420	svtav1	svtav1_20191014_91fc5b1	60	20	7999608.0	7999.607999999999	50.697166666666654	53.671500000000016	53.65900000000002	50.682643	53.66252	53.653825	97.661883	993054.0	16.5509	1920	1080	60.0	8	c9d6c426f28e00545b2dfe792762523f	667bcfdfb212f1e4e61e04252b920702	1920	1080	9712.0	5.0	1984.0	6629.0	False
STARCRAFT_60f_420	STARCRAFT_60f_420	svtav1	svtav1_20191014_91fc5b1	60	32	5228344.0	5228.344	48.28949999999998	52.04783333333333	52.12266666666665	48.260537	52.026621	52.111467999999995	97.15201700000001	809027.0	13.483783333333333	1920	1080	60.0	8	68f0dae0402ff91062f220562ee60e8a	ff2a2a3bfc7d0343e54157bc5a7c3c81	1920	1080	7737.0	4.0	1844.0	5985.0	False
STARCRAFT_60f_420	STARCRAFT_60f_420	svtav1	svtav1_20191014_91fc5b1	60	43	2947440.0	2947.44	44.626999999999995	49.39416666666666	49.592000000000006	44.597153	49.368806	49.580079	95.830634	663898.0	11.064966666666667	1920	1080	60.0	8	2c1f0cf592763027fa3afef29f977a65	a6f7aacd89438ff6d94b2fb890f53411	1920	1080	8284.0	4.0	1977.0	6053.0	False
STARCRAFT_60f_420	STARCRAFT_60f_420	svtav1	svtav1_20191014_91fc5b1	60	55	1527584.0	1527.584	40.57899999999999	46.220833333333324	46.47299999999998	40.555923	46.204957	46.46438	92.748322	770012.0	12.833533333333333	1920	1080	60.0	8	7d18bd020a0f50fd78831c3f9d2c77b4	d382de06f62f5ea965b3ed53a831d0dc	1920	1080	8790.0	4.0	1951.0	6006.0	False
STARCRAFT_60f_420	STARCRAFT_60f_420	svtav1	svtav1_20191014_91fc5b1	60	63	598392.0	598.392	35.248333333333335	42.05466666666668	42.35083333333334	35.242366	42.050302	42.348313	81.95847	633282.0	10.5547	1920	1080	60.0	8	0c1c2ab88265b3484886b7dcc6692439	64f25a88420a8d23e83bbc1fbfcb49a2	1920	1080	10527.0	10.0	1912.0	7705.0	False
shields_640x360_60f	shields_640x360_60f	svtav1	svtav1_20191014_91fc5b1	60	20	2673660.0	2673.6599999999994	42.60983333333333	45.702666666666666	47.38366666666666	42.453819	45.668345	47.31529	99.456944	481780.0	8.029666666666667	640	360	50.0	8	66a69fc54e305d7a59062a6a304d31be	779b9a434a35ce62cd1566f72e7838f3	640	360	1969.0	8.0	1308.0	708.0	False
shields_640x360_60f	shields_640x360_60f	svtav1	svtav1_20191014_91fc5b1	60	32	1326100.0	1326.1	40.74766666666667	43.889666666666656	45.41666666666666	40.550587	43.852793	45.312504	99.434175	564133.0	9.402216666666666	640	360	50.0	8	1b6e86970b6cd80f64c9a8366e586df5	9c866344b016bc0108e35a8ef5c5855e	640	360	2534.0	12.0	1083.0	615.0	False
shields_640x360_60f	shields_640x360_60f	svtav1	svtav1_20191014_91fc5b1	60	43	698380.0	698.38	38.20883333333334	41.28983333333334	42.896333333333345	37.94574	41.211284	42.732448	99.39926	257780.0	4.296333333333333	640	360	50.0	8	5f6bbf3b58444226df2aab633c218ad8	38ddb6576df60aabd9633ed9260261ad	640	360	1968.0	6.0	992.0	843.0	False
shields_640x360_60f	shields_640x360_60f	svtav1	svtav1_20191014_91fc5b1	60	55	388166.0	388.166	35.31483333333333	38.73616666666667	40.64566666666667	34.973015	38.59147	40.413607	97.18407	211053.0	3.51755	640	360	50.0	8	11d128cf617383eae6abb24e565d352a	d47550a4c9b5cb37d5af410c5134a560	640	360	2367.0	14.0	1524.0	1188.0	False
shields_640x360_60f	shields_640x360_60f	svtav1	svtav1_20191014_91fc5b1	60	63	182960.0	182.96	31.170333333333343	35.86116666666667	37.74566666666669	30.729887	35.630587	37.485246	85.48023200000002	115450.0	1.9241666666666666	640	360	50.0	8	134a66ff443f76ee1850b147a512167a	c65fd73335f04dc60e03ab8e4b6cff49	640	360	1852.0	4.0	754.0	573.0	False
Netflix_RollerCoaster_1280x720_6	Netflix_RollerCoaster_1280x720_6	svtav1	svtav1_20191014_91fc5b1	60	20	9967352.0	9967.352	45.236499999999985	47.15216666666666	47.18299999999998	45.19813	47.134448	47.169486	99.907031	1746267.0	29.10445	1280	720	60.0	8	08819a455a3d0dfe4a4462bddf960e82	e7a4e82a1e0797b30d8cdeb38262f3ec	1280	720	4222.0	4.0	5643.0	2400.0	False
Netflix_RollerCoaster_1280x720_6	Netflix_RollerCoaster_1280x720_6	svtav1	svtav1_20191014_91fc5b1	60	32	5010520.0	5010.52	43.063500000000005	45.5635	45.91133333333334	43.004664	45.540591	45.900651	99.86801799999999	866719.0	14.445316666666667	1280	720	60.0	8	b8402e5e51547b381433ee5a21bcff0c	156b59b922056f9935e4a5a86449e76c	1280	720	3948.0	3.0	4903.0	2719.0	False
Netflix_RollerCoaster_1280x720_6	Netflix_RollerCoaster_1280x720_6	svtav1	svtav1_20191014_91fc5b1	60	43	2508600.0	2508.6	40.51150000000003	43.47933333333335	44.1825	40.444647	43.453092	44.173552	98.172096	3449013.0	57.48355	1280	720	60.0	8	2206baa9053858864a41c7846de51d50	c701c5d3dfb0777e77ab73489ff4c428	1280	720	3765.0	3.0	4703.0	2539.0	False
Netflix_RollerCoaster_1280x720_6	Netflix_RollerCoaster_1280x720_6	svtav1	svtav1_20191014_91fc5b1	60	55	1307184.0	1307.184	37.866	41.287	42.439166666666665	37.798909	41.256763	42.427923	91.75099100000001	742063.0	12.367716666666666	1280	720	60.0	8	b8e094d117cb7c2fe2201a69729ad21f	b53489efeeef2a2aaa6cd0d539e266ed	1280	720	3987.0	11.0	7188.0	3242.0	False
Netflix_RollerCoaster_1280x720_6	Netflix_RollerCoaster_1280x720_6	svtav1	svtav1_20191014_91fc5b1	60	63	604120.0	604.12	34.394166666666656	38.392999999999994	40.20433333333333	34.323271	38.364525	40.194558	76.309597	529472.0	8.824533333333333	1280	720	60.0	8	09c3683bde9d07996b2ba1dca376af50	f60ac0a0cc92e06a1d0084d398c058c3	1280	720	3997.0	4.0	3122.0	2454.0	False
Netflix_PierSeaside_1920x1080_60	Netflix_PierSeaside_1920x1080_60	svtav1	svtav1_20191014_91fc5b1	60	20	10568232.0	10568.232	45.789500000000004	47.67466666666665	45.71866666666667	45.75245499999999	47.6554	45.68950499999999	99.889314	2018954.0	33.649233333333335	1920	1080	60.0	8	aca7fd8d3c7a47777735761b46b1d3c3	4864603f48c83f9c8bba9a0642e743f8	1920	1080	8048.0	3.0	8319.0	5777.0	False
Netflix_PierSeaside_1920x1080_60	Netflix_PierSeaside_1920x1080_60	svtav1	svtav1_20191014_91fc5b1	60	32	4245776.0	4245.776	44.16633333333334	46.905333333333346	45.08283333333333	44.110474	46.890330999999996	45.066218	99.572085	2462539.0	41.042316666666665	1920	1080	60.0	8	90701b9f5787516d435922eb97222834	2d05b03a45670423b117b50205775625	1920	1080	8070.0	4.0	7830.0	5885.0	False
Netflix_PierSeaside_1920x1080_60	Netflix_PierSeaside_1920x1080_60	svtav1	svtav1_20191014_91fc5b1	60	43	1994728.0	1994.728	42.34033333333333	45.83799999999999	44.32116666666666	42.262248	45.824644	44.30856000000001	98.103044	1285400.0	21.423333333333332	1920	1080	60.0	8	4037626630825f3c12fc8a34ec5596e7	4e04f09a38e43cd990615c52cc7ad932	1920	1080	8042.0	8.0	6692.0	5679.0	False
Netflix_PierSeaside_1920x1080_60	Netflix_PierSeaside_1920x1080_60	svtav1	svtav1_20191014_91fc5b1	60	55	888568.0	888.568	39.98949999999999	43.93066666666666	42.916166666666676	39.921314	43.92248	42.908509	94.079156	690237.0	11.50395	1920	1080	60.0	8	fe40e2717e3a74db543a0dbf9dbe09bf	81e7549a34c503cdc553baf03bcd5456	1920	1080	8422.0	5.0	7078.0	6309.0	False
Netflix_PierSeaside_1920x1080_60	Netflix_PierSeaside_1920x1080_60	svtav1	svtav1_20191014_91fc5b1	60	63	342400.0	342.4	36.405166666666666	40.951166666666694	40.48566666666669	36.386017	40.949869	40.484491	82.632795	692020.0	11.533666666666667	1920	1080	60.0	8	870fc24a553ff4b510a0fd85a6a95dca	7ddc702e0b2783f1897c9f09af3bdd18	1920	1080	8945.0	11.0	6187.0	5663.0	False
ShowGirl2TeaserClip4000_1920x108	ShowGirl2TeaserClip4000_1920x108	svtav1	svtav1_20191014_91fc5b1	60	20	6971036.0	6971.036000000001	42.76916666666667	46.83566666666666	49.803666666666665	42.728995000000005	46.831207	49.800632	95.530759	2392701.0	39.87835	1920	1080	25.0	10	90ef02cc57e54046fd4b77f3c08ac214	3b4f9834e4ee570311e103accb5920b8	1920	1080	14401.0	16.0	12770.0	6456.0	False
ShowGirl2TeaserClip4000_1920x108	ShowGirl2TeaserClip4000_1920x108	svtav1	svtav1_20191014_91fc5b1	60	32	1994516.0	1994.516	41.87533333333332	46.4311666666667	49.162500000000016	41.86878	46.429413	49.160401	93.83181600000002	767387.0	12.789783333333334	1920	1080	25.0	10	d128b7d02db92e56c80509c97a762828	1eefa3768e8d2f87bf93c84bbda58490	1920	1080	13237.0	5.0	8628.0	6360.0	False
ShowGirl2TeaserClip4000_1920x108	ShowGirl2TeaserClip4000_1920x108	svtav1	svtav1_20191014_91fc5b1	60	43	892190.0	892.19	40.94449999999999	45.87333333333334	48.227000000000004	40.930898	45.871453	48.226589	90.984459	475300.0	7.921666666666667	1920	1080	25.0	10	503e6c465f55d925eff3008e66d99cb4	7e398dc9e0dde0701b3b8a9053ea278b	1920	1080	13399.0	6.0	7131.0	6426.0	False
ShowGirl2TeaserClip4000_1920x108	ShowGirl2TeaserClip4000_1920x108	svtav1	svtav1_20191014_91fc5b1	60	55	450130.0	450.13	39.442	45.06099999999997	47.072	39.406793	45.060149	47.071301	85.410302	359524.0	5.992066666666667	1920	1080	25.0	10	50caf872cbc1ce1513257610e24438d8	37b7d702408c87403bbd7ba86511356f	1920	1080	12720.0	4.0	6380.0	6551.0	False
ShowGirl2TeaserClip4000_1920x108	ShowGirl2TeaserClip4000_1920x108	svtav1	svtav1_20191014_91fc5b1	60	63	194060.0	194.06	36.60650000000001	43.29316666666664	45.01866666666663	36.574072	43.292984	45.01823	71.402138	364844.0	6.080733333333334	1920	1080	25.0	10	68b320f6debf7f1b633d2aa5418e3837	1701a80390c233cadef28ff9b3bdcec2	1920	1080	12772.0	5.0	4702.0	6103.0	False
Cosmos1_1920x856_BT2100_PQ_24fps	Cosmos1_1920x856_BT2100_PQ_24fps	svtav1	svtav1_20191014_91fc5b1	60	20	27426160.0	27426.16	42.48450000000001	45.42916666666667	47.9135	42.38757	45.351831	47.869025	99.397272	1629340.0	27.155666666666665	1920	856	24.0	10	707988823b2611a3efa2bc8eebcb3842	2d02d753dd19b26de50236b3c4ad5301	1920	856	11339.0	12.0	19806.0	5454.0	False
Cosmos1_1920x856_BT2100_PQ_24fps	Cosmos1_1920x856_BT2100_PQ_24fps	svtav1	svtav1_20191014_91fc5b1	60	32	11847648.0	11847.648	38.727666666666664	43.36816666666666	46.23316666666668	38.561208	43.316212	46.209733	95.71793	1448946.0	24.1491	1920	856	24.0	10	05388fda8d7a6e098f033e83ef8947c4	9cfb57e63ab15050798d8593bf3ccb6a	1920	856	11409.0	6.0	15640.0	4785.0	False
Cosmos1_1920x856_BT2100_PQ_24fps	Cosmos1_1920x856_BT2100_PQ_24fps	svtav1	svtav1_20191014_91fc5b1	60	43	4536480.0	4536.48	35.74516666666668	41.61483333333334	44.561000000000014	35.625093	41.578086	44.540879	85.554566	713549.0	11.892483333333333	1920	856	24.0	10	06bb74f9da0f05f6bba529a2cf560f4a	d01ade598f06cbb6e9db16d4f427dc0b	1920	856	11279.0	13.0	12018.0	4670.0	False
Cosmos1_1920x856_BT2100_PQ_24fps	Cosmos1_1920x856_BT2100_PQ_24fps	svtav1	svtav1_20191014_91fc5b1	60	55	1852400.0	1852.4	33.16016666666666	40.12183333333333	42.90983333333333	33.053279	40.090319	42.899037	68.516665	481435.0	8.023916666666667	1920	856	24.0	10	4e7eee331f56b0974a068aee91ccab79	3a4e12365523fe4b3d55f0f91e119500	1920	856	10976.0	3.0	9877.0	4595.0	False
Cosmos1_1920x856_BT2100_PQ_24fps	Cosmos1_1920x856_BT2100_PQ_24fps	svtav1	svtav1_20191014_91fc5b1	60	63	635484.0	635.484	30.313999999999997	38.375	41.280833333333334	30.223729	38.350247	41.276306	43.609835	1518987.0	25.31645	1920	856	24.0	10	ddf3da8fddeb1348de336f6f6ec1b958	d1fb5489bfe9e656470822e6aa18decc	1920	856	14556.0	23.0	10575.0	5902.0	False
life_1080p30_60f	life_1080p30_60f	svtav1	svtav1_20191014_91fc5b1	60	20	14223436.0	14223.436	44.9885	50.62233333333332	49.955666666666666	44.946738	50.599934	49.936852	99.589909	6347983.0	105.79971666666667	1920	1080	30.0	8	d4cc90579f0d60b13f54e606fb69a585	d3b1112936b1f28c656262feeab636d9	1920	1080	9277.0	10.0	10204.0	6402.0	False
life_1080p30_60f	life_1080p30_60f	svtav1	svtav1_20191014_91fc5b1	60	32	6988456.0	6988.456	42.23683333333334	48.1685	47.91033333333333	42.186205	48.144319	47.890644	98.099079	1732466.0	28.874433333333332	1920	1080	30.0	8	c8d1eb8ae70a10414ed3b20cde0c0bb0	94faf07bda19daa91d5cdb41c3bf0df4	1920	1080	9149.0	4.0	9002.0	6164.0	False
life_1080p30_60f	life_1080p30_60f	svtav1	svtav1_20191014_91fc5b1	60	43	3424368.0	3424.368	39.46616666666666	45.8975	45.721999999999994	39.416655	45.866108000000004	45.6991	95.095017	2596970.0	43.282833333333336	1920	1080	30.0	8	af189c207f764e9eff671cba9f89ec3b	7f6d2679dc9dc58050641ffb1c26c8fc	1920	1080	9094.0	5.0	8093.0	6364.0	False
life_1080p30_60f	life_1080p30_60f	svtav1	svtav1_20191014_91fc5b1	60	55	1615480.0	1615.48	36.34283333333333	43.429999999999986	43.336666666666666	36.301377	43.397948	43.310754	89.453806	1140021.0	19.00035	1920	1080	30.0	8	aac2d30840aa61d4077eb0440fc69c0b	facf0169a3fcf3c12c05430b3e99dfe0	1920	1080	8832.0	5.0	6957.0	5995.0	False
life_1080p30_60f	life_1080p30_60f	svtav1	svtav1_20191014_91fc5b1	60	63	622232.0	622.232	32.86516666666667	40.4365	40.15583333333333	32.839541	40.415529	40.144689	77.13458999999999	987538.0	16.458966666666665	1920	1080	30.0	8	cd43d99562f19090f5faee4f8d57d8e0	26cc33205f33b407e15c15f56a8cda14	1920	1080	9016.0	5.0	5976.0	6159.0	False
speed_bag_640x360_60f	speed_bag_640x360_60f	svtav1	svtav1_20191014_91fc5b1	60	20	545378.0	545.378	47.225500000000004	49.90999999999999	51.30733333333332	47.145199	49.859268	51.252695	98.350217	2454573.0	40.90955	640	360	29.97	8	cad8fb727755b64b263e4f62f766ca12	4fabc3b1ea3f8b3cb7e84a5afa33bdd3	640	360	1192.0	4.0	1246.0	563.0	False
speed_bag_640x360_60f	speed_bag_640x360_60f	svtav1	svtav1_20191014_91fc5b1	60	32	284410.0	284.41	45.28399999999999	48.40000000000001	49.983166666666655	45.177061	48.345876	49.916927	97.401091	304049.0	5.067483333333334	640	360	29.97	8	c55326ad9080173ef41f7e5f2f3de64f	f9bf367777d0998038143f084858983d	640	360	2064.0	14.0	1085.0	554.0	False
speed_bag_640x360_60f	speed_bag_640x360_60f	svtav1	svtav1_20191014_91fc5b1	60	43	155182.0	155.182	43.024499999999996	46.393333333333324	48.40449999999999	42.8547	46.32143899999999	48.288456	94.948062	138775.0	2.3129166666666667	640	360	29.97	8	086903ec1a0868fe331f51bb06e40e03	0349a1aa21b19b891cfcef26bdfd3c04	640	360	1229.0	5.0	1001.0	928.0	False
speed_bag_640x360_60f	speed_bag_640x360_60f	svtav1	svtav1_20191014_91fc5b1	60	55	86207.0	86.20700000000001	40.34	44.20933333333334	46.58716666666667	40.089744	44.127393	46.38079	88.044353	192041.0	3.2006833333333335	640	360	29.97	8	50644c0f883e3ebd906f20f1b9cf4f1c	4fa22a6ab765dfad52c327258c664931	640	360	1082.0	4.0	876.0	552.0	False
speed_bag_640x360_60f	speed_bag_640x360_60f	svtav1	svtav1_20191014_91fc5b1	60	63	46166.0	46.166000000000004	36.92916666666667	41.64783333333333	44.27683333333332	36.637485	41.55806599999999	44.039365	73.821564	81111.0	1.35185	640	360	29.97	8	2484c567846f59ed3bba81c8f5bfea02	604c5d0b24629c9ba6cfb049ea97a8d9	640	360	1666.0	8.0	706.0	995.0	False
Netflix_Boat_1920x1080_60fps_8bi	Netflix_Boat_1920x1080_60fps_8bi	svtav1	svtav1_20191014_91fc5b1	60	20	33140536.0	33140.536	44.08833333333333	46.52000000000001	48.31749999999999	44.03229	46.48375	48.295063	99.924287	2426664.0	40.4444	1920	1080	60.0	8	75d5a26453f2b78c1882fcbb8e68b888	85995e009b502bf659101248447f9359	1920	1080	10125.0	5.0	10753.0	5909.0	False
Netflix_Boat_1920x1080_60fps_8bi	Netflix_Boat_1920x1080_60fps_8bi	svtav1	svtav1_20191014_91fc5b1	60	32	18003872.0	18003.872	41.62866666666666	44.9295	46.37633333333334	41.553809	44.905852	46.36349	99.747132	1830517.0	30.508616666666665	1920	1080	60.0	8	83884c89ad4118c20ff15c2b168b8d4f	56a9f140bdfa37a0447e7cbc8193a364	1920	1080	10310.0	4.0	9693.0	6506.0	False
Netflix_Boat_1920x1080_60fps_8bi	Netflix_Boat_1920x1080_60fps_8bi	svtav1	svtav1_20191014_91fc5b1	60	43	9986696.0	9986.696	38.76700000000001	43.23416666666667	44.23416666666669	38.664704	43.21176	44.225999	96.838805	3160668.0	52.6778	1920	1080	60.0	8	6038c6c335493bffbdb53383322c8fb2	f8709a92455814f58f3cd47edf85efdc	1920	1080	11915.0	7.0	9181.0	7515.0	False
Netflix_Boat_1920x1080_60fps_8bi	Netflix_Boat_1920x1080_60fps_8bi	svtav1	svtav1_20191014_91fc5b1	60	55	5239264.0	5239.264	35.34933333333333	41.41333333333334	42.095833333333324	35.224037	41.393803	42.09365	90.05988700000002	1430990.0	23.849833333333333	1920	1080	60.0	8	3d1518f855e7b60ddc6da7c47367a812	f1ce13840c31a61df6682ae8819c08fb	1920	1080	10236.0	10.0	11614.0	7120.0	False
Netflix_Boat_1920x1080_60fps_8bi	Netflix_Boat_1920x1080_60fps_8bi	svtav1	svtav1_20191014_91fc5b1	60	63	2340848.0	2340.848	31.301000000000013	38.77633333333334	39.384333333333366	31.238398	38.77123100000001	39.383286	76.241721	926737.0	15.445616666666666	1920	1080	60.0	8	0e4e2f73f458bcfaff3c8b72edb5fc81	d1fe105098ece7de329c9aa86bb797fb	1920	1080	10582.0	6.0	6473.0	8934.0	False
thaloundeskmtg360p_60f	thaloundeskmtg360p_60f	svtav1	svtav1_20191014_91fc5b1	60	20	995884.0	995.884	44.85399999999999	48.735499999999995	48.712666666666664	44.64193	48.691488	48.680313	97.025291	306898.0	5.114966666666667	640	360	30.0	8	fd8737dc5c984b8c8c353e06a7e7da9c	866e51f6e7edd84f068c681bed463d14	640	360	1390.0	4.0	1017.0	603.0	False
thaloundeskmtg360p_60f	thaloundeskmtg360p_60f	svtav1	svtav1_20191014_91fc5b1	60	32	474532.0	474.532	43.13483333333333	47.45100000000001	47.521	42.833578	47.404022000000005	47.481645	96.036478	194108.0	3.235133333333333	640	360	30.0	8	25a473bdcbc1ffa12f5dea14b94cdb6f	101a65e46b24f95e39684cfcbe9ec379	640	360	1278.0	5.0	757.0	600.0	False
thaloundeskmtg360p_60f	thaloundeskmtg360p_60f	svtav1	svtav1_20191014_91fc5b1	60	43	257864.0	257.864	41.07133333333333	45.801833333333335	45.89916666666665	40.666818	45.733043	45.839628999999995	94.059951	213958.0	3.5659666666666667	640	360	30.0	8	7ad27e892f9333e01bc8b762de75398d	2888e1c547f94e87a917b73f9f6defdd	640	360	1297.0	4.0	668.0	566.0	False
thaloundeskmtg360p_60f	thaloundeskmtg360p_60f	svtav1	svtav1_20191014_91fc5b1	60	55	142476.0	142.476	38.33183333333334	43.6375	43.42600000000001	37.87311	43.542638	43.310372	89.973589	140029.0	2.333816666666667	640	360	30.0	8	fc82b2dcfaf545cb7f34c33511eb981b	f9c44e91b1d69daa63e9c672ed9e9b35	640	360	1569.0	8.0	1236.0	792.0	False
thaloundeskmtg360p_60f	thaloundeskmtg360p_60f	svtav1	svtav1_20191014_91fc5b1	60	63	72076.0	72.076	34.412499999999994	40.57366666666667	40.57283333333335	33.820795	40.477657	40.432224	79.784299	83095.0	1.3849166666666666	640	360	30.0	8	47ca5cc46a5ff992678982164188cba4	475d63b7e30cd2fc9cc5f6c7ae0e118b	640	360	1395.0	3.0	535.0	579.0	False
gipsrestat720p_60f	gipsrestat720p_60f	svtav1	svtav1_20191014_91fc5b1	60	20	4068020.0	4068.02	45.06916666666667	47.530833333333355	49.134166666666694	45.039128	47.524116	49.128773	97.069665	855218.0	14.253633333333333	1280	720	50.0	8	148fe457b93dc47ef9c29f5bbd773ade	94b5dcce1ece8b5455e58b4b9897f2fb	1280	720	5326.0	4.0	2971.0	2733.0	False
gipsrestat720p_60f	gipsrestat720p_60f	svtav1	svtav1_20191014_91fc5b1	60	32	1499773.0	1499.773	43.452500000000015	46.92250000000001	48.39416666666666	43.413057	46.919515	48.387199	95.899661	591037.0	9.850616666666667	1280	720	50.0	8	814ffb2c45b36e1db143794beffbec84	fdcf442dc7e216941e59cd4e33171085	1280	720	4307.0	4.0	1901.0	2793.0	False
gipsrestat720p_60f	gipsrestat720p_60f	svtav1	svtav1_20191014_91fc5b1	60	43	760320.0	760.32	41.782833333333315	46.095833333333324	47.38883333333334	41.716491	46.09359299999999	47.382696	94.07822	2649749.0	44.162483333333334	1280	720	50.0	8	1d4954d500044bed0d201570efa57b71	5a9198db08522ff697bbe128b8f86269	1280	720	4049.0	13.0	1726.0	2758.0	False
gipsrestat720p_60f	gipsrestat720p_60f	svtav1	svtav1_20191014_91fc5b1	60	55	416406.0	416.406	39.67050000000001	44.624500000000005	45.611499999999985	39.620313	44.62256	45.609786	90.89665	372346.0	6.205766666666666	1280	720	50.0	8	e6aeb9c9ff47c88338aa4c9fa63180ed	2b9df5a56563237b66ac3e9c29a88fce	1280	720	3826.0	4.0	1335.0	2511.0	False
gipsrestat720p_60f	gipsrestat720p_60f	svtav1	svtav1_20191014_91fc5b1	60	63	191993.0	191.993	35.90649999999999	41.86933333333334	42.41050000000003	35.891975	41.868716	42.410158	81.754059	650357.0	10.839283333333332	1280	720	50.0	8	3c688a02ee63a755ef427bc25aceff52	7f3facf6d976e4d3a3a473978834929c	1280	720	4140.0	5.0	1016.0	2586.0	False
