KristenAndSara_1280x720_60_10b	KristenAndSara_1280x720_60_10b	svtav1	svtav1_20191215_139b9ee	60	20	2859384.0	2859.384	44.70600000000001	49.20450000000001	50.22816666666668	44.70305	49.203779000000004	50.227821	96.944127	2103986.0	35.066433333333336	3949.53	1280	720	60.0	10	dc1265ce7b2e818929c5aa5c45137c05	dd3f2c0533f4eb917174080203efd759	1280	720	11555.0	11.0	4453.0	10020.0	False	False	0.996158	0.995586
KristenAndSara_1280x720_60_10b	KristenAndSara_1280x720_60_10b	svtav1	svtav1_20191215_139b9ee	60	32	1134456.0	1134.456	43.385333333333314	48.175666666666665	49.152499999999996	43.37897	48.175515	49.151661	95.912554	1636379.0	27.272983333333332	2868.72	1280	720	60.0	10	b9d5a6e3160619416ffbb1155a751075	40b512ccc877be1dce4cfc64e62db7dd	1280	720	11637.0	6.0	3963.0	10101.0	False	False	0.994859	0.99439
KristenAndSara_1280x720_60_10b	KristenAndSara_1280x720_60_10b	svtav1	svtav1_20191215_139b9ee	60	43	673000.0	673.0	42.264833333333335	47.583999999999996	48.50283333333334	42.247697	47.580574	48.499262	94.712701	1288907.0	21.481783333333333	2022.05	1280	720	60.0	10	94b8901d3b3c4da2bf74db09d8860175	67f29d9726ba8d88de118ab95ca3c1f9	1280	720	11160.0	5.0	3581.0	10576.0	False	False	0.992859	0.99273
KristenAndSara_1280x720_60_10b	KristenAndSara_1280x720_60_10b	svtav1	svtav1_20191215_139b9ee	60	55	308200.0	308.2	39.56349999999998	45.124166666666675	46.18750000000001	39.541511	45.118153	46.183797	89.354498	1032531.0	17.20885	1709.95	1280	720	60.0	10	27dbb90a6c2b76d6b5b6ca94cae974da	f19a36a441ec2d57549a133b28a8fa8c	1280	720	11246.0	7.0	3224.0	10581.0	False	False	0.985943	0.987117
KristenAndSara_1280x720_60_10b	KristenAndSara_1280x720_60_10b	svtav1	svtav1_20191215_139b9ee	60	59	200176.0	200.176	37.582	43.19099999999999	44.29433333333335	37.565938	43.186814	44.291653	83.916999	805725.0	13.42875	1469.26	1280	720	60.0	10	ffacd993476cca07e8a897a182d7507a	778864429e635e7048d5d2af6ea9e74b	1280	720	11444.0	4.0	2950.0	11160.0	False	False	0.977957	0.980758
KristenAndSara_1280x720_60f	KristenAndSara_1280x720_60f	svtav1	svtav1_20191215_139b9ee	60	20	3297696.0	3297.6960000000004	44.636	49.005500000000005	49.925333333333356	44.629429	49.003738	49.92391	96.949418	2497857.0	41.63095	4030.03	1280	720	60.0	8	42ae7cce72aa425c66e6b1fd703b891d	aa6fb3810c9ab1c04c56481fa5c72b3b	1280	720	7302.0	6.0	4712.0	10424.0	False	False	0.995985	0.995447
KristenAndSara_1280x720_60f	KristenAndSara_1280x720_60f	svtav1	svtav1_20191215_139b9ee	60	32	1290816.0	1290.816	43.45066666666665	48.21916666666666	49.09166666666666	43.440967	48.217375	49.090818	96.015453	1420491.0	23.67485	2317.05	1280	720	60.0	8	6e67a75a026228b594bdb241a6e1edbc	5a55bca54f4049d58ead63dd3a5998e4	1280	720	6855.0	4.0	3285.0	10148.0	False	False	0.994687	0.994264
KristenAndSara_1280x720_60f	KristenAndSara_1280x720_60f	svtav1	svtav1_20191215_139b9ee	60	43	703512.0	703.512	42.18383333333333	47.266666666666666	48.16666666666665	42.168102	47.262982	48.163416	94.560905	1155884.0	19.264733333333332	1987.26	1280	720	60.0	8	be7077900f05f780af36cdaae6f443d7	ed46e5487ddd6d05d93b25a50632e7c3	1280	720	7148.0	11.0	3032.0	10284.0	False	False	0.99265	0.992536
KristenAndSara_1280x720_60f	KristenAndSara_1280x720_60f	svtav1	svtav1_20191215_139b9ee	60	55	311392.0	311.392	39.481666666666676	44.82100000000001	45.842333333333336	39.45952	44.81354	45.836791	89.298848	688047.0	11.46745	1225.06	1280	720	60.0	8	28a7435a2f9cfdaef9f3037a87d685c2	c6ee9fd429359a0b2a0365ff922e7969	1280	720	6912.0	3.0	2150.0	9771.0	False	False	0.985566	0.986779
KristenAndSara_1280x720_60f	KristenAndSara_1280x720_60f	svtav1	svtav1_20191215_139b9ee	60	59	203512.0	203.512	37.55666666666668	43.16599999999998	44.21416666666667	37.540391	43.16167	44.210676	83.717393	850123.0	14.168716666666667	1353.84	1280	720	60.0	8	4910d9950549d8d0f38366d80f7a9f97	74d0064168e3ad93da7a7914aa5310cc	1280	720	7483.0	3.0	2318.0	10243.0	False	False	0.977909	0.980698
Starting_1920x1080p_50_10b_pq_70	Starting_1920x1080p_50_10b_pq_70	svtav1	svtav1_20191215_139b9ee	60	20	4926300.0	4926.3	46.986000000000004	49.87716666666665	51.625833333333325	46.934739	49.811559	51.526567	96.80505	3666869.0	61.11448333333333	6010.74	1920	1080	50.0	10	f9fe6eab4efdd9747124a01462c928ec	d2554451eb5b085b43d1d8eaa65b7075	1920	1080	23702.0	4.0	9063.0	24866.0	False	False	0.999235	0.9981829999999999
Starting_1920x1080p_50_10b_pq_70	Starting_1920x1080p_50_10b_pq_70	svtav1	svtav1_20191215_139b9ee	60	32	2496853.0	2496.853	45.562	48.7895	50.18499999999999	45.495511	48.742917	50.125544	95.752579	2375234.0	39.58723333333333	4153.53	1920	1080	50.0	10	8a383a083ed300faa634923394e9f579	f2238c3f5825a9ce71d5c3dec75cbd2d	1920	1080	25497.0	4.0	7825.0	23822.0	False	False	0.99881	0.997515
Starting_1920x1080p_50_10b_pq_70	Starting_1920x1080p_50_10b_pq_70	svtav1	svtav1_20191215_139b9ee	60	43	1406140.0	1406.14	43.74066666666666	47.51166666666668	48.44616666666666	43.665951	47.499366	48.431835	93.848297	2082954.0	34.7159	3604.69	1920	1080	50.0	10	b6aa05397b1fae330f376ac6c4de11df	22879e8b759d32dab53d91d726b3c4d5	1920	1080	32272.0	17.0	7269.0	23913.0	False	False	0.997913	0.996295
Starting_1920x1080p_50_10b_pq_70	Starting_1920x1080p_50_10b_pq_70	svtav1	svtav1_20191215_139b9ee	60	55	565893.0	565.893	39.673833333333356	44.88183333333334	45.0945	39.6367	44.881646	45.09454	86.600585	2151469.0	35.857816666666665	3548.1	1920	1080	50.0	10	7d7ca0c7f5c89d2ac32556162c16da24	0d204cb629fb5e38f7f4f91e63068422	1920	1080	27427.0	16.0	7340.0	24725.0	False	False	0.9938680000000001	0.990834
Starting_1920x1080p_50_10b_pq_70	Starting_1920x1080p_50_10b_pq_70	svtav1	svtav1_20191215_139b9ee	60	59	331013.0	331.013	36.97899999999999	43.31916666666667	43.40183333333332	36.962682	43.318712	43.401948999999995	78.315493	1809079.0	30.151316666666666	2816.87	1920	1080	50.0	10	f96e0498861676db4ad4bab4ee324996	4c9974d4986675ba2682ef0f14ba4aef	1920	1080	28458.0	18.0	6969.0	24797.0	False	False	0.987857	0.982889
Netflix_DrivingPOV_1280x720_60fp	Netflix_DrivingPOV_1280x720_60fp	svtav1	svtav1_20191215_139b9ee	60	20	11336864.0	11336.864	42.74566666666668	46.45683333333333	45.12716666666669	42.723435	46.450628	45.121664	99.62657	3885658.0	64.76096666666666	6323.51	1280	720	60.0	8	8169114116abe031822f41fb38d581ee	8839e90b701ab43533d008dd4d6e2bac	1280	720	8796.0	4.0	7033.0	9949.0	False	False	0.998006	0.997437
Netflix_DrivingPOV_1280x720_60fp	Netflix_DrivingPOV_1280x720_60fp	svtav1	svtav1_20191215_139b9ee	60	32	5538296.0	5538.296	40.4455	45.208333333333336	44.166500000000006	40.409459	45.199562	44.16126	98.62152	3013301.0	50.22168333333333	4798.77	1280	720	60.0	8	b1251db68ab92b43d4e6f6cd67ecbad9	0156b36c0d99e8bf173a349198030532	1280	720	9285.0	7.0	6538.0	10362.0	False	False	0.996545	0.995579
Netflix_DrivingPOV_1280x720_60fp	Netflix_DrivingPOV_1280x720_60fp	svtav1	svtav1_20191215_139b9ee	60	43	2781824.0	2781.824	38.012833333333326	43.64333333333336	43.174333333333315	37.966335	43.625755	43.168014	96.314957	1927245.0	32.12075	3070.84	1280	720	60.0	8	ee52835d1925d1b2b94aa512596a7d36	1d921973259b976e4d15ad5b0f274b49	1280	720	8878.0	7.0	5373.0	9854.0	False	False	0.992453	0.991404
Netflix_DrivingPOV_1280x720_60fp	Netflix_DrivingPOV_1280x720_60fp	svtav1	svtav1_20191215_139b9ee	60	55	1175776.0	1175.776	34.779	41.26433333333333	41.58400000000001	34.7417	41.252756	41.579516	90.02452	1413488.0	23.558133333333334	2480.12	1280	720	60.0	8	dacbdeaec87e4251cc09500c233eb85f	d946145c38a05db1d76bc55abf699965	1280	720	9652.0	8.0	4920.0	9947.0	False	False	0.985032	0.983939
Netflix_DrivingPOV_1280x720_60fp	Netflix_DrivingPOV_1280x720_60fp	svtav1	svtav1_20191215_139b9ee	60	59	716800.0	716.8	32.75183333333334	39.67933333333333	40.38883333333333	32.735189	39.674161	40.385951	83.485961	1125985.0	18.766416666666668	2032.5	1280	720	60.0	8	7195c015a5427e10d6b583f4b6546d6d	5d8a7fd4266593477e20f72693faebc4	1280	720	9192.0	5.0	4587.0	10071.0	False	False	0.9773599999999999	0.975899
blue_sky_360p_60f	blue_sky_360p_60f	svtav1	svtav1_20191215_139b9ee	60	20	1318863.0	1318.863	44.214333333333336	45.60916666666666	47.28683333333334	44.174002	45.559535	47.25011	99.924337	809642.0	13.494033333333334	1382.83	640	360	25.0	8	f8bb43ae6e02d6e3e4534b580f7f3745	26160063466879d8d7ffcf684286a293	640	360	2537.0	3.0	2207.0	2867.0	False	False	0.992837	0.99859
blue_sky_360p_60f	blue_sky_360p_60f	svtav1	svtav1_20191215_139b9ee	60	32	678740.0	678.74	41.481166666666674	43.48	45.15783333333335	41.406505	43.422576	45.111724	99.918294	567985.0	9.466416666666667	940.38	640	360	25.0	8	335296a520ede5119cab4aa5325a8fe2	c46a880322d1d5c7ea1cc0b838755739	640	360	2575.0	5.0	1910.0	2943.0	False	False	0.989834	0.997908
blue_sky_360p_60f	blue_sky_360p_60f	svtav1	svtav1_20191215_139b9ee	60	43	361856.0	361.856	38.73866666666667	41.05633333333333	42.7935	38.632927	41.004007	42.758839	99.589771	535592.0	8.926533333333333	1009.87	640	360	25.0	8	192c3843f4043a13c5fd03db726dee17	afc732abd645ad59881586ef9edc226f	640	360	2560.0	4.0	1788.0	2876.0	False	False	0.984567	0.996605
blue_sky_360p_60f	blue_sky_360p_60f	svtav1	svtav1_20191215_139b9ee	60	55	163366.0	163.366	35.08533333333333	37.257	39.453833333333336	35.007739	37.229512	39.438297	93.604233	356492.0	5.941533333333333	604.29	640	360	25.0	8	d6987059e74fc09c2a03c0cedd5cbfab	bf12acb55d65df11446f7f3cbc86d029	640	360	2601.0	5.0	1598.0	2839.0	False	False	0.969265	0.992646
blue_sky_360p_60f	blue_sky_360p_60f	svtav1	svtav1_20191215_139b9ee	60	59	105103.0	105.103	32.74816666666667	35.63616666666667	38.2935	32.707082	35.62003	38.280661	87.182675	362362.0	6.039366666666667	616.18	640	360	25.0	8	eaffba3373c6a7e64291b9f021342c88	9e9753829ce29df391384af620decd99	640	360	2911.0	5.0	1796.0	2929.0	False	False	0.95234	0.987754
kirland360p_60f	kirland360p_60f	svtav1	svtav1_20191215_139b9ee	60	20	289416.0	289.416	47.40083333333333	48.43266666666667	49.692499999999995	47.32636	48.412403	49.670708	96.04196900000001	369399.0	6.15665	674.98	640	360	30.0	8	92d24cbd0ffd20de2db9a42f709c8896	319f0d4040c60ba67f20439865896bcc	640	360	1679.0	3.0	771.0	2830.0	False	False	0.990987	0.997415
kirland360p_60f	kirland360p_60f	svtav1	svtav1_20191215_139b9ee	60	32	144612.0	144.612	46.18683333333334	47.94483333333335	48.960333333333324	46.057742	47.926407	48.937763	94.944562	245551.0	4.092516666666667	421.97	640	360	30.0	8	63c23037b6b52a656b60927ee4702040	2e3e7cd824454f3941966e9e200a94d7	640	360	1653.0	6.0	684.0	2867.0	False	False	0.989828	0.99698
kirland360p_60f	kirland360p_60f	svtav1	svtav1_20191215_139b9ee	60	43	74472.0	74.472	44.27	47.29100000000002	47.78216666666666	43.988955	47.248338	47.66171	92.07627699999999	285212.0	4.753533333333333	494.56	640	360	30.0	8	2e1e4fac2c7c0caef41d82381829e2ac	7d486aee031fdf8c75c80c247a8bfbc8	640	360	1776.0	5.0	568.0	3028.0	False	False	0.987388	0.996069
kirland360p_60f	kirland360p_60f	svtav1	svtav1_20191215_139b9ee	60	55	40248.0	40.248	41.386500000000005	46.192166666666644	46.11683333333333	41.032506	46.079677	45.834298	85.431788	219353.0	3.655883333333333	380.38	640	360	30.0	8	1521478c30fdf90487ae3241f0a5a21d	2592571c3b23815417ffdfd27e63ade5	640	360	1815.0	6.0	444.0	2926.0	False	False	0.981745	0.993847
kirland360p_60f	kirland360p_60f	svtav1	svtav1_20191215_139b9ee	60	59	29840.0	29.84	39.552833333333325	45.12316666666668	45.04216666666666	39.173778	44.999318	44.75494	79.164473	173599.0	2.8933166666666668	282.29	640	360	30.0	8	5d13b1d44d4e25fff7753b87da2957b8	3c60231fb2fabbcff296566114cc0a9c	640	360	1679.0	5.0	454.0	2866.0	False	False	0.976114	0.991422
niklas360p_60f	niklas360p_60f	svtav1	svtav1_20191215_139b9ee	60	20	1455892.0	1455.892	44.418000000000006	47.937166666666684	47.63316666666666	44.333301	47.864857	47.552266	98.358435	836509.0	13.941816666666666	1480.66	640	360	30.0	8	63a2ef0053975a812ea2a5f5f37ad793	bcb62e2cb804e3af5c661ace73f6f9c6	640	360	2490.0	4.0	1931.0	3010.0	False	False	0.986696	0.996901
niklas360p_60f	niklas360p_60f	svtav1	svtav1_20191215_139b9ee	60	32	810440.0	810.44	42.06300000000001	46.546333333333315	46.05116666666667	41.95727	46.475621	45.972318	96.805296	773655.0	12.89425	1228.32	640	360	30.0	8	7d31ff503fdadfdffb718370fd27f4c7	71cbd08450995964177825cd92e4caf8	640	360	3443.0	6.0	1736.0	3181.0	False	False	0.98166	0.99534
niklas360p_60f	niklas360p_60f	svtav1	svtav1_20191215_139b9ee	60	43	417900.0	417.9	38.97100000000002	44.56783333333335	43.74983333333333	38.889596	44.542896	43.716473	93.140351	511771.0	8.529516666666666	889.57	640	360	30.0	8	f9e30ec6cb7e4463e112eb583e96323e	9d29b5094bb0d0e21c825826b0d09198	640	360	2480.0	6.0	1423.0	2934.0	False	False	0.971027	0.991813
niklas360p_60f	niklas360p_60f	svtav1	svtav1_20191215_139b9ee	60	55	200520.0	200.52	35.241333333333344	42.10733333333334	40.94933333333334	35.196027	42.092856	40.927176	85.106955	399752.0	6.662533333333333	701.93	640	360	30.0	8	89692792e83c5a706f1e8ca0784d6955	40bd4b63fe3efe3102bed65a7caf1db7	640	360	2662.0	5.0	1258.0	3077.0	False	False	0.947286	0.982479
niklas360p_60f	niklas360p_60f	svtav1	svtav1_20191215_139b9ee	60	59	137392.0	137.392	33.300333333333334	40.7885	39.358333333333334	33.277686	40.774919	39.338101	78.305062	351172.0	5.852866666666666	635.2	640	360	30.0	8	1b88c3d5022ac3535f44c5ad49419191	d080779259d53780467f8e1924f67f7c	640	360	2562.0	4.0	1254.0	2972.0	False	False	0.927064	0.97363
thaloundeskmtg360p_60f	thaloundeskmtg360p_60f	svtav1	svtav1_20191215_139b9ee	60	20	869332.0	869.332	44.67333333333331	48.61083333333334	48.623666666666665	44.496534	48.570081	48.595744	96.94676	643153.0	10.719216666666666	1163.98	640	360	30.0	8	a3b593534543d45cadb958733993ebb2	08dae0e8f4abf5a03118c1d663bdc157	640	360	2288.0	6.0	1246.0	2956.0	False	False	0.992391	0.99837
thaloundeskmtg360p_60f	thaloundeskmtg360p_60f	svtav1	svtav1_20191215_139b9ee	60	32	455348.0	455.348	43.096666666666664	47.39699999999997	47.50216666666665	42.82743	47.357381	47.476959	95.862586	427443.0	7.12405	761.89	640	360	30.0	8	e17e23d05f838482818c8f6d0c8ddec5	502666774da3d6344039580cd8bdaefd	640	360	2288.0	5.0	1021.0	2896.0	False	False	0.990279	0.997691
thaloundeskmtg360p_60f	thaloundeskmtg360p_60f	svtav1	svtav1_20191215_139b9ee	60	43	262388.0	262.388	41.16166666666666	45.98266666666667	46.0855	40.844066	45.947901	46.064018	93.779032	406103.0	6.768383333333333	695.26	640	360	30.0	8	1a972f8e2c2e49b51d5fee7921d5fe3b	ed4299abb32d8eb686230dc298334eab	640	360	2598.0	9.0	811.0	3045.0	False	False	0.986645	0.996441
thaloundeskmtg360p_60f	thaloundeskmtg360p_60f	svtav1	svtav1_20191215_139b9ee	60	55	124288.0	124.288	37.66916666666667	42.899333333333324	42.90333333333333	37.401572	42.889234	42.875571	87.812709	291673.0	4.8612166666666665	481.57	640	360	30.0	8	168780257fb4abab11de49227657dd88	03e98fa1277df87f057b0eaee3ff7874	640	360	2314.0	4.0	700.0	3023.0	False	False	0.976552	0.992386
thaloundeskmtg360p_60f	thaloundeskmtg360p_60f	svtav1	svtav1_20191215_139b9ee	60	59	87384.0	87.384	35.551	41.04700000000002	41.30816666666667	35.232399	41.034756	41.289121	82.025122	337209.0	5.62015	589.05	640	360	30.0	8	56debcb4393e5f1ec4c186b720e823f9	943ce8526658f2e751004382361a0fc7	640	360	2415.0	7.0	633.0	3089.0	False	False	0.966571	0.987685
DinnerScene_1920x1080_2997_10b	DinnerScene_1920x1080_2997_10b	svtav1	svtav1_20191215_139b9ee	60	20	1403878.0	1403.878	41.79433333333331	42.6575	47.50516666666668	41.793528	42.654709	47.504488	91.420602	4654954.0	77.58256666666666	7325.36	1920	1080	29.97	10	1261dfdb07371dcb39fb3fba995b2842	79dbf7c78074a71044f4db0b548180c7	1920	1080	26926.0	11.0	18027.0	24191.0	False	False	0.994136	0.988218
DinnerScene_1920x1080_2997_10b	DinnerScene_1920x1080_2997_10b	svtav1	svtav1_20191215_139b9ee	60	32	257243.0	257.243	41.56033333333331	42.25633333333332	47.283500000000004	41.559413	42.25521	47.283674	89.217244	3610284.0	60.1714	5011.93	1920	1080	29.97	10	623cf12f75a1bddc469a2e90ac9cac95	d825725ff7f9d7cdb9910eb3e41f3828	1920	1080	50224.0	4.0	10133.0	23999.0	False	False	0.993119	0.9872150000000001
DinnerScene_1920x1080_2997_10b	DinnerScene_1920x1080_2997_10b	svtav1	svtav1_20191215_139b9ee	60	43	147447.0	147.447	41.360833333333325	42.19666666666668	47.13550000000002	41.36038799999999	42.196082	47.134848	86.71561	2517952.0	41.96586666666666	3896.65	1920	1080	29.97	10	035db1dcf09db134a2177dfad8270459	2d48d327e216829db5715edc0809169f	1920	1080	26510.0	7.0	8849.0	24693.0	False	False	0.992428	0.98655
DinnerScene_1920x1080_2997_10b	DinnerScene_1920x1080_2997_10b	svtav1	svtav1_20191215_139b9ee	60	55	73058.0	73.058	40.68083333333335	41.949833333333345	46.63216666666669	40.676885	41.950257	46.629929999999995	78.988353	2376028.0	39.60046666666667	4088.58	1920	1080	29.97	10	7906db39a100565c16bf6bca19999bb3	7898ab8c3da7b8543b3275599acedca7	1920	1080	27366.0	6.0	8583.0	24705.0	False	False	0.989429	0.983789
DinnerScene_1920x1080_2997_10b	DinnerScene_1920x1080_2997_10b	svtav1	svtav1_20191215_139b9ee	60	59	51592.0	51.592	39.93966666666668	41.647333333333314	45.938	39.927317	41.646844	45.935917	70.784929	1596695.0	26.611583333333332	2558.93	1920	1080	29.97	10	61e06b79f431272a203f3f404e66187e	26121258da6e0ee83d1e82ac7650af96	1920	1080	26867.0	11.0	7988.0	23661.0	False	False	0.985381	0.980239
DOTA2_60f_420	DOTA2_60f_420	svtav1	svtav1_20191215_139b9ee	60	20	16065216.0	16065.215999999999	45.50266666666668	49.30650000000001	49.41750000000001	45.474519	49.268176	49.388601	97.57299399999998	5866177.0	97.76961666666666	9627.94	1920	1080	60.0	8	486eab05dff5a93a68add5174af208ec	cfe22110d0dd7a8a378eb220a03bdd15	1920	1080	17391.0	4.0	10217.0	25347.0	False	False	0.998642	0.99739
DOTA2_60f_420	DOTA2_60f_420	svtav1	svtav1_20191215_139b9ee	60	32	8176288.0	8176.288	43.24533333333332	47.295333333333346	47.52250000000001	43.186159	47.232298	47.479738	95.820831	3143171.0	52.386183333333335	5718.06	1920	1080	60.0	8	e3e72f607a45c77c0ba1c70752d68e5e	cc87e18909b0447b30140df186744fe9	1920	1080	16406.0	2.0	7525.0	22687.0	False	False	0.997513	0.995486
DOTA2_60f_420	DOTA2_60f_420	svtav1	svtav1_20191215_139b9ee	60	43	3937584.0	3937.584	40.564	44.7935	45.13099999999999	40.487232999999996	44.713114	45.082971	92.407803	3079803.0	51.33005	5147.52	1920	1080	60.0	8	5840dbca5e3bc52294a4b31fefeb5c5b	06b8f80c9d09f2e84722e4f439be34cd	1920	1080	18152.0	6.0	9248.0	26092.0	False	False	0.99464	0.990964
DOTA2_60f_420	DOTA2_60f_420	svtav1	svtav1_20191215_139b9ee	60	55	1520088.0	1520.088	36.94783333333334	41.46033333333334	41.774	36.889716	41.403387	41.742262	82.78566299999999	2254822.0	37.58036666666667	3655.56	1920	1080	60.0	8	70b928d18c7e0540b9f68f2e21539136	1a1e1ba4193254ee32dcc6e36c1532bc	1920	1080	21624.0	4.0	6712.0	24801.0	False	False	0.982932	0.976449
DOTA2_60f_420	DOTA2_60f_420	svtav1	svtav1_20191215_139b9ee	60	59	895056.0	895.056	34.78966666666666	39.3865	39.67033333333334	34.766107	39.365034	39.649454	73.437072	2001947.0	33.36578333333333	3004.43	1920	1080	60.0	8	01cf7f09f0cfeba53af6ea191660e41a	7cf2615ce94ed418c44e17e11c20fc3f	1920	1080	17474.0	6.0	6484.0	24363.0	False	False	0.966425	0.95945
Netflix_RollerCoaster_1280x720_6	Netflix_RollerCoaster_1280x720_6	svtav1	svtav1_20191215_139b9ee	60	20	8427288.0	8427.288	44.862000000000016	46.77850000000001	46.784	44.84827400000001	46.769208	46.777705	99.917309	3755842.0	62.597366666666666	6122.4	1280	720	60.0	8	b9f2658da39c7c8455f4c7423d7f9760	c9f7e666e2e5fc77a6a8af62d9a15b87	1280	720	7881.0	3.0	7951.0	10384.0	False	False	0.997932	0.99755
Netflix_RollerCoaster_1280x720_6	Netflix_RollerCoaster_1280x720_6	svtav1	svtav1_20191215_139b9ee	60	32	4258432.0	4258.432	42.61666666666666	45.13233333333333	45.49533333333333	42.584247	45.116266	45.487403	99.869819	3691039.0	61.517316666666666	6641.31	1280	720	60.0	8	30bd8fc95b7db10c3fe5b811fc80d8e9	70dcf17dd8a0d1049d98b2d47df7b75c	1280	720	8080.0	5.0	6795.0	10150.0	False	False	0.996462	0.995984
Netflix_RollerCoaster_1280x720_6	Netflix_RollerCoaster_1280x720_6	svtav1	svtav1_20191215_139b9ee	60	43	2178392.0	2178.392	40.091	43.13983333333333	43.8945	40.052285	43.120324	43.884876	97.769979	2251592.0	37.52653333333333	3626.45	1280	720	60.0	8	eafd74f0c04b44cb919f99f6b7b3e60c	62d4d25cb653cd608101b3ec4b2e6b46	1280	720	7784.0	4.0	6597.0	10347.0	False	False	0.993287	0.992747
Netflix_RollerCoaster_1280x720_6	Netflix_RollerCoaster_1280x720_6	svtav1	svtav1_20191215_139b9ee	60	55	984728.0	984.728	36.74366666666666	40.242500000000014	41.580999999999996	36.708774999999996	40.218044	41.56752199999999	88.376692	1720328.0	28.672133333333335	2745.97	1280	720	60.0	8	b1a60a1182c9085257f9fc84a7e90d33	6eb75b058deb705814ebe908f4dc90b1	1280	720	8369.0	4.0	5891.0	10300.0	False	False	0.9828	0.983014
Netflix_RollerCoaster_1280x720_6	Netflix_RollerCoaster_1280x720_6	svtav1	svtav1_20191215_139b9ee	60	59	674304.0	674.304	35.01233333333333	38.62866666666667	40.33783333333334	34.984196	38.602743	40.32548	80.549545	1867798.0	31.129966666666668	3135.27	1280	720	60.0	8	7f4ccbc90ec12caa3eee9fda339e0d1c	b7be5c41ffa0cc8bcbd804d27ba788c0	1280	720	9059.0	10.0	5378.0	10219.0	False	False	0.9720670000000001	0.973894
dark720p_60f	dark720p_60f	svtav1	svtav1_20191215_139b9ee	60	20	7057360.0	7057.36	45.98416666666667	43.20533333333332	44.82850000000001	45.920483	42.877546	44.660103	96.206176	4243194.0	70.7199	7029.48	1280	720	30.0	8	f56004d9604e6c717e6161abb9ce2955	9f77a8c7f24ecdd9bab9ad18bf7acc48	1280	720	6535.0	7.0	11813.0	10354.0	False	False	0.994372	0.9951069999999999
dark720p_60f	dark720p_60f	svtav1	svtav1_20191215_139b9ee	60	32	1818144.0	1818.144	43.552666666666674	39.134833333333326	41.87999999999999	43.51277	39.039184	41.846761	93.205486	2181067.0	36.35111666666667	3523.92	1280	720	30.0	8	9931dbf7e3fe20ded381073a7a4478ea	0c33b57c8787988ee6ba29cd00f9e0bc	1280	720	6338.0	4.0	8845.0	9910.0	False	False	0.991287	0.992727
dark720p_60f	dark720p_60f	svtav1	svtav1_20191215_139b9ee	60	43	320672.0	320.67199999999997	42.25350000000001	36.977333333333334	40.847999999999985	42.238014	36.958982	40.840001	90.509689	1214251.0	20.237516666666668	2055.56	1280	720	30.0	8	c45a33cf96525456c88216f9e21afe42	20867ca4f297633cfcc70dee53b1b7c5	1280	720	6823.0	4.0	5332.0	9972.0	False	False	0.989498	0.991319
dark720p_60f	dark720p_60f	svtav1	svtav1_20191215_139b9ee	60	55	116792.0	116.792	40.762166666666666	36.286500000000004	39.92983333333334	40.754122	36.282539	39.925026	86.09550599999999	864789.0	14.41315	1420.59	1280	720	30.0	8	b1fd26c59ca8cd15b91f6d8331d91157	6dfeb4682c009e22b2f8a5bc5ca99770	1280	720	6349.0	4.0	3269.0	9989.0	False	False	0.985655	0.988402
dark720p_60f	dark720p_60f	svtav1	svtav1_20191215_139b9ee	60	59	80344.0	80.344	39.50783333333334	35.73949999999999	39.123000000000005	39.501924	35.736557	39.112884	82.017901	584199.0	9.73665	1017.47	1280	720	30.0	8	ec89c2fd1b74540414393b2c3f207035	c90b78d5b70ccf0badfd2e5e443788e8	1280	720	6267.0	4.0	2660.0	10120.0	False	False	0.98154	0.985258
shields_640x360_60f	shields_640x360_60f	svtav1	svtav1_20191215_139b9ee	60	20	2365640.0	2365.64	42.40666666666665	45.599333333333355	47.281166666666664	42.274753	45.577116	47.211932	99.444091	753667.0	12.561116666666667	1374.39	640	360	50.0	8	aa827202f74564b7752874de205e9b43	f468a8b8a36111016ffaf5f97b8306f1	640	360	3432.0	9.0	1734.0	3005.0	False	False	0.985716	0.998292
shields_640x360_60f	shields_640x360_60f	svtav1	svtav1_20191215_139b9ee	60	32	1266233.0	1266.233	40.68966666666666	44.039333333333346	45.637166666666666	40.491596	44.002583	45.532312	99.434455	686490.0	11.4415	1172.45	640	360	50.0	8	e849e533db7cf32d05aeac0b3e757a96	e0c6e3ff8a53f2350bf65c80ac573e02	640	360	3201.0	3.0	1455.0	3048.0	False	False	0.981159	0.997652
shields_640x360_60f	shields_640x360_60f	svtav1	svtav1_20191215_139b9ee	60	43	668726.0	668.726	38.14083333333334	41.354666666666695	43.05949999999999	37.864011	41.275028	42.894951	99.37945599999999	484726.0	8.078766666666667	822.18	640	360	50.0	8	b9083d4075ede9d2590cecb0c8e36e50	93ce7386978c2a1e1862609bc5f529a3	640	360	3341.0	8.0	1241.0	2950.0	False	False	0.970067	0.99586
shields_640x360_60f	shields_640x360_60f	svtav1	svtav1_20191215_139b9ee	60	55	333126.0	333.126	34.617666666666665	38.21783333333334	40.11683333333333	34.267506	38.059857	39.871439	95.538598	302782.0	5.046366666666667	551.46	640	360	50.0	8	9bba2608bc5a4b5389472b29e929ae40	e44b7e8b854feb402ad99ffa2d0e092f	640	360	3240.0	24.0	968.0	2855.0	False	False	0.942857	0.990436
shields_640x360_60f	shields_640x360_60f	svtav1	svtav1_20191215_139b9ee	60	59	218206.0	218.206	32.138999999999996	36.361833333333315	38.24966666666669	31.72584	36.149991	38.005417	89.227656	320933.0	5.348883333333333	546.9	640	360	50.0	8	5d6f50be992616c2b6e136a2f4fca95d	1823a7615805240e9d8ded160479d97e	640	360	3294.0	6.0	1013.0	2998.0	False	False	0.907928	0.9823539999999998
Market3_1920x1080p_50_10b_pq_709	Market3_1920x1080p_50_10b_pq_709	svtav1	svtav1_20191215_139b9ee	60	20	12903153.0	12903.153	44.95983333333333	51.52850000000001	52.503833333333326	44.94504	51.52190600000001	52.500395	99.857375	8071051.0	134.51751666666667	13468.44	1920	1080	50.0	10	af1b05fb527a76692edc765061ff8f31	8eda7ce9d59005146daec8ac89006c88	1920	1080	26815.0	4.0	15703.0	26274.0	False	False	0.999196	0.998213
Market3_1920x1080p_50_10b_pq_709	Market3_1920x1080p_50_10b_pq_709	svtav1	svtav1_20191215_139b9ee	60	32	6602406.0	6602.406	42.35233333333334	49.34366666666667	50.47516666666668	42.324818	49.338356	50.473277	98.931796	5805553.0	96.75921666666666	9648.87	1920	1080	50.0	10	05259b2c9b58784f738899ab4849110b	5f3c2890dfe7e07b05aad7b8dbb7dc73	1920	1080	29611.0	4.0	13899.0	24385.0	False	False	0.998549	0.996793
Market3_1920x1080p_50_10b_pq_709	Market3_1920x1080p_50_10b_pq_709	svtav1	svtav1_20191215_139b9ee	60	43	3481166.0	3481.166	39.62016666666667	47.53166666666666	48.84199999999999	39.582603	47.527727	48.840343	95.795198	3554919.0	59.24865	6329.49	1920	1080	50.0	10	35319efaf0736efdd79784b0ff9200cc	8a1a72514cdd39a2e03ef3962f29436b	1920	1080	53134.0	6.0	12768.0	24198.0	False	False	0.9969820000000001	0.99362
Market3_1920x1080p_50_10b_pq_709	Market3_1920x1080p_50_10b_pq_709	svtav1	svtav1_20191215_139b9ee	60	55	1414546.0	1414.546	35.74516666666667	44.986333333333356	46.33699999999998	35.722192	44.985473	46.335915	87.125333	3226282.0	53.771366666666665	5208.07	1920	1080	50.0	10	eb5f5db655e14b151f217c1419b5e56a	e805040891fca0cc5e57a5f22134495e	1920	1080	27128.0	7.0	11925.0	24439.0	False	False	0.989933	0.981044
Market3_1920x1080p_50_10b_pq_709	Market3_1920x1080p_50_10b_pq_709	svtav1	svtav1_20191215_139b9ee	60	59	850740.0	850.74	33.70733333333333	43.34033333333331	45.07933333333336	33.697268	43.33995	45.076516	78.534522	2893296.0	48.2216	4791.08	1920	1080	50.0	10	2220d8198ad92458ccbeeb0ed6e2bb78	588dc83b05fc143d453f49a108e8b644	1920	1080	32657.0	5.0	11312.0	24786.0	False	False	0.980258	0.96722
Netflix_Aerial_1920x1080_60fps_8	Netflix_Aerial_1920x1080_60fps_8	svtav1	svtav1_20191215_139b9ee	60	20	22197240.0	22197.24	42.743	45.744666666666674	45.44500000000001	42.716434	45.730572	45.435417	96.659293	6898827.0	114.98045	12277.97	1920	1080	60.0	8	857242e4d467ae4d2a5f93b6be9ba201	9eac31d62b1d8544c03399e742e8ea21	1920	1080	22003.0	8.0	14975.0	22537.0	False	False	0.997921	0.996514
Netflix_Aerial_1920x1080_60fps_8	Netflix_Aerial_1920x1080_60fps_8	svtav1	svtav1_20191215_139b9ee	60	32	11032272.0	11032.272	40.877666666666656	44.584833333333336	44.539166666666645	40.816884	44.570303	44.534429	94.500528	5361106.0	89.35176666666666	8786.83	1920	1080	60.0	8	b99bf1496b8e372489bb0ac1a094d2de	8a92ebbecd48061b4b1c88c196b3f362	1920	1080	18401.0	5.0	13374.0	25850.0	False	False	0.996548	0.994474
Netflix_Aerial_1920x1080_60fps_8	Netflix_Aerial_1920x1080_60fps_8	svtav1	svtav1_20191215_139b9ee	60	43	5153624.0	5153.624	38.31933333333334	42.811666666666675	43.27099999999997	38.247249	42.80691	43.269578	90.749756	4695456.0	78.2576	7843.19	1920	1080	60.0	8	f6a90afe97e13ca6429331c76162e4d2	cd85d8e6d7f8ec7f95cdc68f69c08d3e	1920	1080	18831.0	19.0	12321.0	25921.0	False	False	0.993613	0.98975
Netflix_Aerial_1920x1080_60fps_8	Netflix_Aerial_1920x1080_60fps_8	svtav1	svtav1_20191215_139b9ee	60	55	1800976.0	1800.976	34.44683333333332	40.343166666666654	41.66483333333333	34.421806	40.339041	41.658293	81.300697	2627318.0	43.78863333333334	4086.07	1920	1080	60.0	8	5e6bfc017d53837492be0eb056129e23	293d230e415b22d4bb79de7437ff5598	1920	1080	19088.0	7.0	10789.0	27178.0	False	False	0.983053	0.972158
Netflix_Aerial_1920x1080_60fps_8	Netflix_Aerial_1920x1080_60fps_8	svtav1	svtav1_20191215_139b9ee	60	59	1026384.0	1026.384	32.47733333333333	39.15366666666667	40.93983333333334	32.469689	39.145166	40.929844	72.156278	2270106.0	37.8351	3592.94	1920	1080	60.0	8	fe452362a3f5b348fc81d7f6d56c718c	8d8fcbbd66e80e8e5a972e64d9add994	1920	1080	18835.0	6.0	9997.0	24307.0	False	False	0.969423	0.951316
speed_bag_640x360_60f	speed_bag_640x360_60f	svtav1	svtav1_20191215_139b9ee	60	20	466563.0	466.563	46.96183333333333	49.728499999999976	51.14983333333332	46.892996	49.685146	51.094716	98.244501	531916.0	8.865266666666667	927.52	640	360	29.97	8	397e51506b32d0f408aa21e171a3dba5	7e12c21d3762b23fed9f743b927f26fa	640	360	1889.0	4.0	1624.0	3072.0	False	False	0.988832	0.99752
speed_bag_640x360_60f	speed_bag_640x360_60f	svtav1	svtav1_20191215_139b9ee	60	32	257387.0	257.387	45.253833333333326	48.59166666666668	50.139166666666675	45.130501	48.515997	50.031199	97.452661	424037.0	7.067283333333333	747.18	640	360	29.97	8	747a0b53ab305e6eba49154b0e968dc3	a2ef45270ebfc23390063ecfd6d42c0f	640	360	1827.0	4.0	1387.0	3481.0	False	False	0.986175	0.996407
speed_bag_640x360_60f	speed_bag_640x360_60f	svtav1	svtav1_20191215_139b9ee	60	43	145797.0	145.797	43.26316666666666	47.10400000000003	48.83083333333333	43.035745	46.975622	48.642089000000006	95.047793	402186.0	6.7031	732.86	640	360	29.97	8	d21312662e7627b9553d796c86354d07	01ccb5cacbbde7cea848c1c419b2aa2b	640	360	1909.0	3.0	1171.0	2964.0	False	False	0.982328	0.994328
speed_bag_640x360_60f	speed_bag_640x360_60f	svtav1	svtav1_20191215_139b9ee	60	55	72480.0	72.48	39.92899999999999	44.20433333333334	46.472	39.651985	44.091183	46.260489	85.75629	238377.0	3.97295	409.52	640	360	29.97	8	652fbbb8a7898e68ee307f247ea1657c	9e511b5f43d9b7a6e8f95da5d9033afb	640	360	2008.0	5.0	1008.0	2949.0	False	False	0.9731	0.988589
speed_bag_640x360_60f	speed_bag_640x360_60f	svtav1	svtav1_20191215_139b9ee	60	59	52568.0	52.568	37.97233333333333	42.39433333333333	45.05566666666667	37.75781	42.326581	44.887935	78.251585	222727.0	3.7121166666666667	376.29	640	360	29.97	8	fef25e382aa9fd7262b2a01705ae0f31	27c045024caac0dfbd9f5b8d5b044f8f	640	360	1888.0	13.0	957.0	4211.0	False	False	0.965439	0.983118
BarScene1_1920x1080_2997_10b	BarScene1_1920x1080_2997_10b	svtav1	svtav1_20191215_139b9ee	60	20	1234630.0	1234.63	42.31899999999998	44.679	43.68316666666667	42.318609	44.678512	43.682637	92.888696	3622496.0	60.37493333333333	6205.49	1920	1080	29.97	10	40d35f5e5ef7f3665344961ed27a3498	fcd1aa39c018de3a71966ce09023eb33	1920	1080	26670.0	6.0	11114.0	24574.0	False	False	0.995537	0.990548
BarScene1_1920x1080_2997_10b	BarScene1_1920x1080_2997_10b	svtav1	svtav1_20191215_139b9ee	60	32	333189.0	333.189	41.89600000000001	44.42266666666668	43.332999999999984	41.896286	44.422252	43.332336000000005	91.293058	2294585.0	38.24308333333333	3643.7	1920	1080	29.97	10	96e160bbeca075abcdf64ce0c954c376	9c70a7c54cd7bb2c017b4bb97414cf31	1920	1080	26623.0	14.0	5226.0	24955.0	False	False	0.994403	0.989124
BarScene1_1920x1080_2997_10b	BarScene1_1920x1080_2997_10b	svtav1	svtav1_20191215_139b9ee	60	43	208176.0	208.176	41.55533333333333	44.31233333333332	43.22233333333333	41.555631999999996	44.312124	43.222403	89.798988	1980360.0	33.006	3223.68	1920	1080	29.97	10	89d8e9e7808a6ec12484394e3f21eebf	a73cd3180db6f08db6987acb3e32db4d	1920	1080	27804.0	4.0	3966.0	24163.0	False	False	0.993488	0.987982
BarScene1_1920x1080_2997_10b	BarScene1_1920x1080_2997_10b	svtav1	svtav1_20191215_139b9ee	60	55	97687.0	97.687	40.55433333333334	43.85483333333332	42.83366666666666	40.553739	43.855871	42.833513	84.115366	1714896.0	28.5816	2851.42	1920	1080	29.97	10	5d2cc9c398167e00466128e5e08d9369	6661247334e8e320f7cf1570d2ef5ffb	1920	1080	27191.0	4.0	4296.0	25128.0	False	False	0.989396	0.98372
BarScene1_1920x1080_2997_10b	BarScene1_1920x1080_2997_10b	svtav1	svtav1_20191215_139b9ee	60	59	62928.0	62.928	39.630333333333304	43.29366666666666	42.39516666666668	39.629279	43.293902	42.395278	77.388444	1353350.0	22.555833333333332	2244.61	1920	1080	29.97	10	0da234552d09055674fe7d74555453fd	d338dfeb0a798271238ad30e5293fb81	1920	1080	26267.0	5.0	3880.0	24743.0	False	False	0.984147	0.979029
Netflix_Boat_1920x1080_60fps_8bi	Netflix_Boat_1920x1080_60fps_8bi	svtav1	svtav1_20191215_139b9ee	60	20	29423992.0	29423.992000000002	43.65883333333334	46.15266666666667	47.865666666666684	43.633356	46.125223	47.846329	99.909106	7229290.0	120.48816666666667	11847.87	1920	1080	60.0	8	be5e954bbfe775a8b73477de5917f244	541e2a3915df009e20033cacce6d56be	1920	1080	19184.0	4.0	13650.0	23160.0	False	False	0.99931	0.998578
Netflix_Boat_1920x1080_60fps_8bi	Netflix_Boat_1920x1080_60fps_8bi	svtav1	svtav1_20191215_139b9ee	60	32	16717488.0	16717.488	41.25266666666666	44.70633333333334	46.203499999999984	41.1963	44.671071	46.179046	99.645254	5828947.0	97.14911666666667	9322.62	1920	1080	60.0	8	db7c843fc62b71741136df6e343a800e	68148dcca3b50bec5e65e12c5986e8c0	1920	1080	18707.0	5.0	13020.0	25951.0	False	False	0.99883	0.99767
Netflix_Boat_1920x1080_60fps_8bi	Netflix_Boat_1920x1080_60fps_8bi	svtav1	svtav1_20191215_139b9ee	60	43	9015368.0	9015.368	38.179333333333346	42.904333333333334	43.9355	38.08949	42.878786	43.924505	96.058029	4652555.0	77.54258333333334	7571.48	1920	1080	60.0	8	f4a16c5612e7e62f7036a7860593a030	b04376b7751a0cbc82286836511a880c	1920	1080	19620.0	22.0	11815.0	24126.0	False	False	0.997564	0.995242
Netflix_Boat_1920x1080_60fps_8bi	Netflix_Boat_1920x1080_60fps_8bi	svtav1	svtav1_20191215_139b9ee	60	55	3892928.0	3892.928	33.910166666666676	40.50966666666667	41.16633333333332	33.837913	40.486646	41.163368	86.523353	3210865.0	53.51441666666667	5218.39	1920	1080	60.0	8	646e110b66c92f51c141fc7d01cfe730	342e11158fdb9770d80af9ae701a124c	1920	1080	18919.0	3.0	10195.0	24600.0	False	False	0.992397	0.985778
Netflix_Boat_1920x1080_60fps_8bi	Netflix_Boat_1920x1080_60fps_8bi	svtav1	svtav1_20191215_139b9ee	60	59	2504992.0	2504.992	31.64933333333333	38.94383333333333	39.596333333333305	31.611982	38.933338	39.594568	78.476577	2795215.0	46.58691666666667	4440.81	1920	1080	60.0	8	b7654ad43e596f9f596728ef61ca878e	08e4741b2b14924a8731d76548d23272	1920	1080	19776.0	4.0	10004.0	23956.0	False	False	0.985143	0.972851
Netflix_FoodMarket_1920x1080_60f	Netflix_FoodMarket_1920x1080_60f	svtav1	svtav1_20191215_139b9ee	60	20	21932656.0	21932.656	41.05483333333333	44.86216666666666	45.592833333333324	41.046573	44.85831	45.591184	99.177274	9212413.0	153.54021666666668	15342.34	1920	1080	60.0	8	ac56247b6e889b4cfc50d231699919ce	dd3589b0f85960c0ae25d1e86c580028	1920	1080	17201.0	6.0	20773.0	24442.0	False	False	0.995272	0.989823
Netflix_FoodMarket_1920x1080_60f	Netflix_FoodMarket_1920x1080_60f	svtav1	svtav1_20191215_139b9ee	60	32	7170432.0	7170.432	39.743500000000004	44.028000000000006	44.94166666666668	39.731816	44.02339	44.93948	96.057988	5964083.0	99.40138333333333	10364.99	1920	1080	60.0	8	033d38f30f1ec06fe4d81973bc1307e0	486e2bf05bd0e468ea5bb7b656e43865	1920	1080	17676.0	3.0	13679.0	24166.0	False	False	0.991872	0.985028
Netflix_FoodMarket_1920x1080_60f	Netflix_FoodMarket_1920x1080_60f	svtav1	svtav1_20191215_139b9ee	60	43	3379280.0	3379.28	38.31499999999998	43.058	44.12099999999998	38.296863	43.053257	44.118659	90.947588	3909309.0	65.15515	6453.03	1920	1080	60.0	8	ef19031dd35d9c842293f8428c8526dd	b2975ef9d4ab0eca026757b1a7004e26	1920	1080	16652.0	9.0	12013.0	24029.0	False	False	0.986457	0.978183
Netflix_FoodMarket_1920x1080_60f	Netflix_FoodMarket_1920x1080_60f	svtav1	svtav1_20191215_139b9ee	60	55	1443232.0	1443.232	35.99066666666667	41.61283333333333	42.687	35.968847	41.605818	42.67855	78.211154	2873131.0	47.88551666666667	4756.44	1920	1080	60.0	8	d4ffacae85bb15b3d4d23b97e340dc3e	8db4029fb86e374a8f1d329a197f5642	1920	1080	19273.0	4.0	10854.0	24135.0	False	False	0.968148	0.958847
Netflix_FoodMarket_1920x1080_60f	Netflix_FoodMarket_1920x1080_60f	svtav1	svtav1_20191215_139b9ee	60	59	924728.0	924.728	34.557666666666684	40.70316666666669	41.64416666666666	34.53913	40.698535	41.627017	67.681133	2654378.0	44.23963333333333	4606.05	1920	1080	60.0	8	7addc3e83d5f12dd5b98fb7fa3d39211	c8f09a88f3adc5d22662248c40239a13	1920	1080	16483.0	3.0	10005.0	24274.0	False	False	0.947757	0.939714
Netflix_PierSeaside_1920x1080_60	Netflix_PierSeaside_1920x1080_60	svtav1	svtav1_20191215_139b9ee	60	20	7700936.0	7700.936	45.328	47.37750000000001	45.460000000000015	45.309673	47.367666	45.447591	99.875016	3530470.0	58.841166666666666	6463.24	1920	1080	60.0	8	b7a5e5beffd7b51c32ae7fd8e652926c	9a95846008d079b0a157be3b0ce23f3f	1920	1080	14147.0	4.0	10799.0	22784.0	False	False	0.99798	0.996765
Netflix_PierSeaside_1920x1080_60	Netflix_PierSeaside_1920x1080_60	svtav1	svtav1_20191215_139b9ee	60	32	3302616.0	3302.616	43.667833333333334	46.592833333333324	44.86749999999999	43.620267	46.579632	44.851561999999994	99.351938	2916051.0	48.60085	4338.57	1920	1080	60.0	8	27295e8bbdfbfe6259a3d02d71b7df22	4eb6432bf02bda2328a861a9f9d548f0	1920	1080	14484.0	5.0	9583.0	26887.0	False	False	0.997033	0.995283
Netflix_PierSeaside_1920x1080_60	Netflix_PierSeaside_1920x1080_60	svtav1	svtav1_20191215_139b9ee	60	43	1514992.0	1514.992	41.70066666666667	45.400333333333315	44.06183333333332	41.633064	45.385353	44.047548	97.292436	2261064.0	37.6844	3805.23	1920	1080	60.0	8	f55669b2125752bdbf4184413c58bd5a	f43e6e50fa8399a5905f69364997a5fb	1920	1080	14751.0	4.0	9361.0	24993.0	False	False	0.995027	0.992393
Netflix_PierSeaside_1920x1080_60	Netflix_PierSeaside_1920x1080_60	svtav1	svtav1_20191215_139b9ee	60	55	593640.0	593.64	38.77266666666667	42.92100000000001	42.201000000000015	38.714304	42.909182	42.190997	91.285388	1648668.0	27.4778	2664.01	1920	1080	60.0	8	9f5685184635f4eeedd3807a268d8e2e	7121669646cb4a7026dc2041e98d099c	1920	1080	14274.0	4.0	8147.0	24863.0	False	False	0.989587	0.9856010000000001
Netflix_PierSeaside_1920x1080_60	Netflix_PierSeaside_1920x1080_60	svtav1	svtav1_20191215_139b9ee	60	59	347776.0	347.776	36.7675	41.27750000000001	40.769833333333345	36.730964	41.271108	40.76471	84.152286	1342293.0	22.37155	2317.52	1920	1080	60.0	8	c58fa9527051b7e401cca9073c51fdfd	fd462c5f2f033ed5d9d62755c1827cc2	1920	1080	14249.0	3.0	7866.0	24945.0	False	False	0.984215	0.9793040000000001
aspen_1080p_60f	aspen_1080p_60f	svtav1	svtav1_20191215_139b9ee	60	20	8364816.0	8364.816	43.99716666666666	47.94533333333334	49.070166666666665	43.987974	47.943364	49.068245	97.89818	7258202.0	120.97003333333333	12021.92	1920	1080	29.97	8	066eb3487498ad70dc30cd70564d2bc4	d5e77359427c010f2c219adcf223b6a8	1920	1080	12647.0	4.0	18439.0	24172.0	False	False	0.996011	0.992476
aspen_1080p_60f	aspen_1080p_60f	svtav1	svtav1_20191215_139b9ee	60	32	2595922.0	2595.922	42.14549999999999	47.008500000000005	48.14783333333331	42.130688	47.006668	48.145676	94.01247399999998	5435618.0	90.59363333333333	9003.46	1920	1080	29.97	8	30d69adfe25feaf008f0e8302f7a2dea	4b64ef91f6809255448c2e02f69adf48	1920	1080	13427.0	3.0	14134.0	23582.0	False	False	0.993974	0.989663
aspen_1080p_60f	aspen_1080p_60f	svtav1	svtav1_20191215_139b9ee	60	43	1094691.0	1094.691	40.756499999999996	45.764500000000005	46.93066666666666	40.739657	45.762131	46.927425	88.900232	3311322.0	55.1887	5546.61	1920	1080	29.97	8	c5a44eade7a45ffb27a816c7f22b9e79	056b12310a9afc814e1713b3b799f9ba	1920	1080	13268.0	4.0	11154.0	25287.0	False	False	0.9912949999999999	0.98666
aspen_1080p_60f	aspen_1080p_60f	svtav1	svtav1_20191215_139b9ee	60	55	462831.0	462.831	38.54433333333334	43.50899999999999	44.441500000000005	38.51922	43.503501	44.437692	78.59468	2371372.0	39.522866666666665	3795.74	1920	1080	29.97	8	f78f008dac70d6255d1df859b1062ff2	0c16c5975664ef021cc69c4d9ae99b68	1920	1080	12487.0	3.0	10354.0	23814.0	False	False	0.984144	0.979225
aspen_1080p_60f	aspen_1080p_60f	svtav1	svtav1_20191215_139b9ee	60	59	308660.0	308.66	37.06716666666667	42.215666666666685	43.04449999999999	37.040842	42.208738	43.041795	69.841765	2132287.0	35.53811666666667	3507.22	1920	1080	29.97	8	e60136e478189b0dfcea2ac52309b18c	01a2fff3c6d70589c5d0225947774320	1920	1080	12772.0	4.0	9138.0	24086.0	False	False	0.976017	0.971337
gipsrestat720p_60f	gipsrestat720p_60f	svtav1	svtav1_20191215_139b9ee	60	20	3524113.0	3524.113	44.888499999999986	47.467499999999994	49.08549999999999	44.87785	47.462969	49.082421	96.97821	2449331.0	40.822183333333335	3982.85	1280	720	50.0	8	56afbf985e920061773ea95434267b4a	ec2ee45a3df9778d82d1e5c7ce5cde1d	1280	720	7817.0	20.0	3722.0	10029.0	False	False	0.997638	0.99698
gipsrestat720p_60f	gipsrestat720p_60f	svtav1	svtav1_20191215_139b9ee	60	32	1339840.0	1339.84	43.29183333333334	46.86283333333333	48.363833333333325	43.268014	46.859065	48.359733	95.819139	1440403.0	24.006716666666666	2376.59	1280	720	50.0	8	2b65af9461c48a6027a3a6b68662ced0	afb613d9443617ded0d80cbe58ef7594	1280	720	7191.0	4.0	2696.0	10092.0	False	False	0.996643	0.995977
gipsrestat720p_60f	gipsrestat720p_60f	svtav1	svtav1_20191215_139b9ee	60	43	705813.0	705.813	41.70516666666666	46.04933333333333	47.351666666666674	41.661614	46.04748299999999	47.348585	94.080566	1164476.0	19.407933333333332	1977.23	1280	720	50.0	8	186b89d349af522e965330cacb18e14a	e64a105b0da0975ce738a95a6d9d5a67	1280	720	7521.0	4.0	2502.0	10949.0	False	False	0.995046	0.9945
gipsrestat720p_60f	gipsrestat720p_60f	svtav1	svtav1_20191215_139b9ee	60	55	335853.0	335.853	38.9235	44.177833333333325	45.10233333333334	38.896057	44.176603	45.100672	89.354223	959553.0	15.99255	1404.29	1280	720	50.0	8	e0e9e7a8d49fc41c576d58000070bbff	7b08c847f1fd9ae8a6f85bf88d1f02cf	1280	720	8032.0	4.0	2081.0	18257.0	False	False	0.989357	0.989563
gipsrestat720p_60f	gipsrestat720p_60f	svtav1	svtav1_20191215_139b9ee	60	59	210940.0	210.94	36.59150000000002	42.30233333333335	42.92966666666668	36.581412	42.302108	42.929264	83.516845	868418.0	14.473633333333334	1497.94	1280	720	50.0	8	a5f2e000110934e390d7ddd482e55f2a	9b021417ea7e0847bdbd0008e6d6aa7e	1280	720	7422.0	15.0	1886.0	10524.0	False	False	0.981269	0.982696
red_kayak_360p_60f	red_kayak_360p_60f	svtav1	svtav1_20191215_139b9ee	60	20	9186188.0	9186.188	41.03933333333332	44.60933333333333	49.13866666666666	40.95457	44.572815	49.130032	99.896686	1397485.0	23.291416666666667	2413.13	640	360	29.97	8	316b20f7fae3abf1bc32a1cbf372a55c	1172a82c284e41147a37179af7b9c7dc	640	360	2671.0	18.0	3744.0	3493.0	False	False	0.9724419999999999	0.994369
red_kayak_360p_60f	red_kayak_360p_60f	svtav1	svtav1_20191215_139b9ee	60	32	5400866.0	5400.866	36.50366666666666	42.17133333333332	48.033000000000015	36.338826	42.116989	48.017321	99.67941	1323359.0	22.055983333333334	2226.5	640	360	29.97	8	cf7df546f35039c33388d9ef5d908a32	82057a09788a6cd97c7c3674cd53769c	640	360	2927.0	8.0	3551.0	3533.0	False	False	0.940289	0.98621
red_kayak_360p_60f	red_kayak_360p_60f	svtav1	svtav1_20191215_139b9ee	60	43	2387490.0	2387.49	31.811333333333337	39.84600000000002	46.76433333333333	31.666394	39.802467	46.743773	85.794188	925101.0	15.41835	1644.06	640	360	29.97	8	f716c2aaa82e862c4e33df5847c8f082	927d96a4eaf210f63bc8bb37e97d8456	640	360	2999.0	6.0	2816.0	2957.0	False	False	0.868729	0.965116
red_kayak_360p_60f	red_kayak_360p_60f	svtav1	svtav1_20191215_139b9ee	60	55	706392.0	706.392	27.929333333333325	38.0825	45.37816666666666	27.837244	38.058101	45.302723	57.507639	749188.0	12.486466666666667	1269.34	640	360	29.97	8	22c3680faffb9bb946ef79ab3d5d2ce7	a5f6dd4376c2cf58fd6e83a89f2a4607	640	360	2763.0	4.0	2474.0	2964.0	False	False	0.749918	0.915773
red_kayak_360p_60f	red_kayak_360p_60f	svtav1	svtav1_20191215_139b9ee	60	59	374536.0	374.536	26.744500000000006	37.434833333333344	44.695833333333354	26.675015	37.410319	44.599774	42.623192	706249.0	11.770816666666667	1263.78	640	360	29.97	8	48e6772d035e902509bc2a8a4f4edf84	f5b71f0d859422b2d8725a2c4a85edba	640	360	2894.0	8.0	2823.0	3187.0	False	False	0.701082	0.883271
Sintel_Dragons_1920x816_24_10b	Sintel_Dragons_1920x816_24_10b	svtav1	svtav1_20191215_139b9ee	60	20	5213273.0	5213.273	46.851666666666674	51.18233333333334	51.38333333333335	46.781732	51.155816	51.338841	99.912405	6201836.0	103.36393333333334	10609.96	1920	816	24.0	10	4f70061d8bdf4e04174ae1b780e623f7	168d2680a86aedd4f224fa8739e7160e	1920	816	20110.0	9.0	16232.0	20252.0	False	False	0.996677	0.996839
Sintel_Dragons_1920x816_24_10b	Sintel_Dragons_1920x816_24_10b	svtav1	svtav1_20191215_139b9ee	60	32	2678441.0	2678.441	43.81599999999998	48.76150000000002	48.85499999999998	43.740467	48.72172	48.777338	99.893106	4935844.0	82.26406666666666	8229.21	1920	816	24.0	10	9ff7b526ff18767d4006b51d2fd197c9	1fc22f754abda6a56ddcd883aa788455	1920	816	14811.0	5.0	15659.0	16623.0	False	False	0.994048	0.9944779999999999
Sintel_Dragons_1920x816_24_10b	Sintel_Dragons_1920x816_24_10b	svtav1	svtav1_20191215_139b9ee	60	43	1404931.0	1404.931	40.839833333333324	46.33083333333334	46.39233333333333	40.76581	46.287251	46.306808	97.986543	3965456.0	66.09093333333334	6546.49	1920	816	24.0	10	3933dc9981c80a22be94058423a8c55b	69c92e45c9e7ce8399edead4b947dedb	1920	816	14633.0	4.0	14229.0	16616.0	False	False	0.988574	0.989844
Sintel_Dragons_1920x816_24_10b	Sintel_Dragons_1920x816_24_10b	svtav1	svtav1_20191215_139b9ee	60	55	676569.0	676.569	37.36350000000001	43.366666666666646	43.508833333333335	37.309072	43.325584	43.441297	85.013846	2928889.0	48.814816666666665	4839.35	1920	816	24.0	10	20ff461a2519871c99fb69265b77779e	d8ff06631689b7f9f95b8e0d64887e1b	1920	816	14256.0	5.0	11963.0	16228.0	False	False	0.9750409999999999	0.978848
Sintel_Dragons_1920x816_24_10b	Sintel_Dragons_1920x816_24_10b	svtav1	svtav1_20191215_139b9ee	60	59	483680.0	483.68	35.754999999999995	41.91466666666667	42.06600000000002	35.705102	41.870078	42.00272	75.754971	3163111.0	52.718516666666666	5192.61	1920	816	24.0	10	b1c5fcde02c75b263bd145de33960a6e	49ed9cec37a81ccf6f74f86515c0f332	1920	816	14939.0	3.0	11944.0	17710.0	False	False	0.964662	0.970533
STARCRAFT_60f_420	STARCRAFT_60f_420	svtav1	svtav1_20191215_139b9ee	60	20	7766440.0	7766.44	50.47849999999999	53.552833333333346	53.529	50.465671	53.543149	53.523997	97.614199	2163004.0	36.050066666666666	3758.34	1920	1080	60.0	8	61fa447f09a7b52c82689cc9140ccdc1	f9d4677864d6bcaceda25bf705d6d1a5	1920	1080	14924.0	6.0	3406.0	23834.0	False	False	0.999617	0.999261
STARCRAFT_60f_420	STARCRAFT_60f_420	svtav1	svtav1_20191215_139b9ee	60	32	4437544.0	4437.544	47.13200000000001	51.17983333333333	51.3055	47.115021	51.164976	51.297997	96.863072	2033258.0	33.88763333333333	3337.07	1920	1080	60.0	8	24f817fced79226b1f69f17783144bf7	6e7d8fe0fb68205d91f42c3606779d43	1920	1080	15477.0	5.0	3307.0	23722.0	False	False	0.999088	0.998376
STARCRAFT_60f_420	STARCRAFT_60f_420	svtav1	svtav1_20191215_139b9ee	60	43	2666688.0	2666.688	43.942333333333345	48.83950000000001	49.03733333333334	43.912132	48.813559000000005	49.024741	95.490945	2006261.0	33.43768333333333	3508.99	1920	1080	60.0	8	ab85fbf480c2168cea72113e9757d00b	257d2b10e38dacaea9605566871e5959	1920	1080	14965.0	5.0	3460.0	23871.0	False	False	0.998031	0.9967659999999999
STARCRAFT_60f_420	STARCRAFT_60f_420	svtav1	svtav1_20191215_139b9ee	60	55	1116704.0	1116.704	38.82066666666666	44.83433333333335	44.96066666666668	38.800832	44.811675	44.948945	90.221101	1576595.0	26.276583333333335	2671.68	1920	1080	60.0	8	09be6ead79211fe5222791dd317acee8	71ed912d73c1d4fcb1d9d9e4bac6707d	1920	1080	16452.0	4.0	3483.0	24586.0	False	False	0.992832	0.989661
STARCRAFT_60f_420	STARCRAFT_60f_420	svtav1	svtav1_20191215_139b9ee	60	59	670592.0	670.592	36.030666666666654	42.6365	42.67316666666667	36.017279	42.620542	42.661588	84.182032	1523666.0	25.394433333333332	2553.18	1920	1080	60.0	8	5e3c714a6183cf6ac5dc1dd6af284ec1	64a6daecdc6bf4c6d96bb303c00d0576	1920	1080	15121.0	10.0	3275.0	24589.0	False	False	0.985184	0.980382
vidyo1_720p_60fps_60f	vidyo1_720p_60fps_60f	svtav1	svtav1_20191215_139b9ee	60	20	3893240.0	3893.24	45.54500000000001	48.153499999999994	49.480666666666636	45.532405	48.147315	49.478328	96.529409	2508958.0	41.81596666666667	4150.01	1280	720	60.0	8	cf93822eb4e3326d3d66733d4d48fadf	ffb7171b2eade28d487bc1d133ac2dff	1280	720	7262.0	4.0	3761.0	10170.0	False	False	0.99758	0.996964
vidyo1_720p_60fps_60f	vidyo1_720p_60fps_60f	svtav1	svtav1_20191215_139b9ee	60	32	1482272.0	1482.272	44.02833333333333	47.623166666666656	48.827333333333335	44.022439	47.619231	48.825633	95.232373	1327563.0	22.12605	2230.26	1280	720	60.0	8	33cdc86250d4e79feb366581f7166315	8f4b529a263e5fd0d9f48bca101f5032	1280	720	6555.0	3.0	3171.0	10687.0	False	False	0.996132	0.99557
vidyo1_720p_60fps_60f	vidyo1_720p_60fps_60f	svtav1	svtav1_20191215_139b9ee	60	43	719984.0	719.984	42.58333333333334	46.93166666666665	47.922833333333344	42.57776	46.92919100000001	47.92175	93.199095	1219610.0	20.326833333333333	2045.3	1280	720	60.0	8	aa4858c7594e62292f07ae898a20c217	bbb06e6b756edc2ccd46c09a1b9b07ac	1280	720	7105.0	3.0	2687.0	10149.0	False	False	0.994146	0.993822
vidyo1_720p_60fps_60f	vidyo1_720p_60fps_60f	svtav1	svtav1_20191215_139b9ee	60	55	337952.0	337.952	40.08066666666668	45.48500000000001	45.99666666666668	40.070901	45.48397	45.995219	87.727162	749395.0	12.489916666666666	1292.58	1280	720	60.0	8	504bc37191800147e0f602eadabe21a2	3756828b11dfbc6aa5637a7cabc352c3	1280	720	6709.0	4.0	2135.0	13958.0	False	False	0.988255	0.98902
vidyo1_720p_60fps_60f	vidyo1_720p_60fps_60f	svtav1	svtav1_20191215_139b9ee	60	59	220832.0	220.832	38.06250000000001	43.989	44.2005	38.055642	43.988544	44.199631	81.386271	794649.0	13.24415	1302.18	1280	720	60.0	8	6895dc7aafcdb260612e55698c7eb388	f548f59e8e7bf2b3fedfcf97d22a2264	1280	720	7094.0	6.0	2302.0	10187.0	False	False	0.97982	0.982289
Aerial_1920x1080_2997_10b	Aerial_1920x1080_2997_10b	svtav1	svtav1_20191215_139b9ee	60	20	9585206.0	9585.206	43.580000000000005	46.02949999999999	45.33983333333331	43.543404	46.013361	45.326418	96.458408	6510637.0	108.51061666666666	10376.79	1920	1080	29.97	10	92d8c19ed225565f77cc6e7578aaaa88	0b9527b758944b190478cc42c87e0858	1920	1080	35027.0	20.0	11664.0	28413.0	False	False	0.998962	0.997939
Aerial_1920x1080_2997_10b	Aerial_1920x1080_2997_10b	svtav1	svtav1_20191215_139b9ee	60	32	5164096.0	5164.096	41.825	44.84016666666668	44.299500000000016	41.774415	44.824425	44.287875	95.364517	4521590.0	75.35983333333333	7347.47	1920	1080	29.97	10	94abce2c16d35ded6040d5b642cdef50	24601da4688a116c7c762d64e212283c	1920	1080	29812.0	5.0	9135.0	25024.0	False	False	0.998484	0.997091
Aerial_1920x1080_2997_10b	Aerial_1920x1080_2997_10b	svtav1	svtav1_20191215_139b9ee	60	43	2976091.0	2976.091	39.65966666666666	43.157500000000006	42.94866666666666	39.608729	43.148646	42.945538000000006	93.24014000000001	3771853.0	62.864216666666664	6200.34	1920	1080	29.97	10	16bef12b30f568da5a580c9f4db63175	d5fe694660bd63a917d1568dfdf8a0fe	1920	1080	29722.0	5.0	8036.0	26225.0	False	False	0.997488	0.99536
Aerial_1920x1080_2997_10b	Aerial_1920x1080_2997_10b	svtav1	svtav1_20191215_139b9ee	60	55	1226010.0	1226.01	35.29750000000001	40.164833333333334	40.73866666666667	35.28428	40.163335	40.737969	86.266548	2666171.0	44.43618333333333	4335.68	1920	1080	29.97	10	81a56d433510ef2008ac03168c4fccd7	bbd5ae6a9e8cf95f9136b0aea9c18f3f	1920	1080	34036.0	3.0	5929.0	25916.0	False	False	0.993122	0.987437
Aerial_1920x1080_2997_10b	Aerial_1920x1080_2997_10b	svtav1	svtav1_20191215_139b9ee	60	59	628410.0	628.41	32.11733333333332	38.493833333333335	39.62633333333334	32.114387	38.494382	39.626538	77.210488	2277303.0	37.95505	3727.5	1920	1080	29.97	10	965321f519122c7aba0cbc46c1a85736	661361e6ef6f16d315caf833a7130f81	1920	1080	29820.0	32.0	5913.0	24389.0	False	False	0.984312	0.971367
RollerCoastPas_1920x1080_2997_10	RollerCoastPas_1920x1080_2997_10	svtav1	svtav1_20191215_139b9ee	60	20	2821880.0	2821.88	44.94266666666668	45.200666666666685	43.80116666666668	44.941322	45.200186	43.799387	97.028255	3711303.0	61.85505	6272.33	1920	1080	29.97	10	d66404e6c7d9c48c85bb53855df1991a	968a412c81a0c93f8b2f2c48a889d60f	1920	1080	26426.0	6.0	7793.0	26061.0	False	False	0.998591	0.996807
RollerCoastPas_1920x1080_2997_10	RollerCoastPas_1920x1080_2997_10	svtav1	svtav1_20191215_139b9ee	60	32	1267628.0	1267.628	43.73016666666668	44.41799999999999	42.95400000000002	43.72909	44.417343	42.953186	96.202526	3113569.0	51.89281666666667	5171.45	1920	1080	29.97	10	d05d48b65c3bbd339c186e9e7aa4da13	530e7ffe32240aeb521682f286b409f8	1920	1080	27351.0	5.0	6511.0	24211.0	False	False	0.997993	0.995805
RollerCoastPas_1920x1080_2997_10	RollerCoastPas_1920x1080_2997_10	svtav1	svtav1_20191215_139b9ee	60	43	762015.0	762.015	42.297166666666655	43.54000000000003	42.189499999999995	42.29282	43.539165	42.188279	94.793325	3040147.0	50.66911666666667	5155.82	1920	1080	29.97	10	316bfd350bf157ccb381eb0dfaec8922	8b367f47897852098961fb80a6b14225	1920	1080	26538.0	6.0	5576.0	24916.0	False	False	0.9969179999999999	0.994192
RollerCoastPas_1920x1080_2997_10	RollerCoastPas_1920x1080_2997_10	svtav1	svtav1_20191215_139b9ee	60	55	352752.0	352.752	39.24683333333334	41.43866666666666	40.3405	39.235758	41.437452	40.339043999999994	89.900902	2078347.0	34.639116666666666	3428.19	1920	1080	29.97	10	74ee3984bac52b421029398198b710f0	0462a508d31dd3f5c8c38e2576765081	1920	1080	28211.0	5.0	5463.0	24689.0	False	False	0.992689	0.988494
RollerCoastPas_1920x1080_2997_10	RollerCoastPas_1920x1080_2997_10	svtav1	svtav1_20191215_139b9ee	60	59	219417.0	219.417	36.96016666666666	39.79583333333335	38.783333333333346	36.950348	39.794303	38.782132	84.078516	1953110.0	32.551833333333335	3257.97	1920	1080	29.97	10	4c4e436e25e03d4d6ec97ea1495c832a	1ed8f033e348d21f392261a2dde13026	1920	1080	26599.0	3.0	4875.0	25949.0	False	False	0.986443	0.980876
ShowGirl2TeaserClip4000_1920x108	ShowGirl2TeaserClip4000_1920x108	svtav1	svtav1_20191215_139b9ee	60	20	2862650.0	2862.65	42.329166666666666	46.468333333333355	49.16816666666668	42.328018	46.468763	49.167338	95.32222	5920117.0	98.66861666666667	10244.7	1920	1080	25.0	10	1f8d69f19082dccf4765ac9fad4f8c14	056ca66eabd51281c5a3518b3ac44b64	1920	1080	27669.0	8.0	11579.0	24394.0	False	False	0.99601	0.991377
ShowGirl2TeaserClip4000_1920x108	ShowGirl2TeaserClip4000_1920x108	svtav1	svtav1_20191215_139b9ee	60	32	1200556.0	1200.556	41.52716666666667	46.049666666666646	48.49233333333331	41.524005	46.048288	48.491675	93.214726	4366192.0	72.76986666666667	7456.6	1920	1080	25.0	10	633073744923a46cdeed5ecf8fcec944	4ef7009a9794caad61b906df0f4979c5	1920	1080	26441.0	22.0	9678.0	24069.0	False	False	0.994747	0.989811
ShowGirl2TeaserClip4000_1920x108	ShowGirl2TeaserClip4000_1920x108	svtav1	svtav1_20191215_139b9ee	60	43	698956.0	698.956	40.67483333333333	45.767666666666656	48.05766666666664	40.661965	45.765301	48.057563	90.223186	2855053.0	47.58421666666667	5131.35	1920	1080	25.0	10	fb192ca6cefb32ee91c8db69897db896	0a98608768708ab2c328704a16e5f72d	1920	1080	26490.0	4.0	9008.0	25871.0	False	False	0.99311	0.988001
ShowGirl2TeaserClip4000_1920x108	ShowGirl2TeaserClip4000_1920x108	svtav1	svtav1_20191215_139b9ee	60	55	311013.0	311.013	38.64266666666666	44.68883333333335	46.59916666666667	38.61565600000001	44.687175	46.598325	82.047738	2337959.0	38.965983333333334	3857.42	1920	1080	25.0	10	f21aa7a8d589b04a8c463185e81a55eb	83d1a75f3a3a658dc252bddb9013df04	1920	1080	26737.0	4.0	7607.0	24593.0	False	False	0.987427	0.981877
ShowGirl2TeaserClip4000_1920x108	ShowGirl2TeaserClip4000_1920x108	svtav1	svtav1_20191215_139b9ee	60	59	185123.0	185.123	36.80700000000001	43.443666666666665	45.15316666666668	36.790718	43.44287	45.152734	72.873355	2286738.0	38.1123	3948.05	1920	1080	25.0	10	222a664ff5813b16fe5a534761d9c8f4	074c29183711518ff1f07ef3b0e1e80b	1920	1080	27055.0	5.0	7504.0	25207.0	False	False	0.979091	0.973272
Netflix_Crosswalk_1920x1080_60fp	Netflix_Crosswalk_1920x1080_60fp	svtav1	svtav1_20191215_139b9ee	60	20	7781560.0	7781.56	45.58266666666666	48.330666666666644	50.166999999999994	45.57018	48.326789	50.159979	99.156935	5001278.0	83.35463333333334	8722.0	1920	1080	60.0	8	b8fbdc872e43626b41316625de74a586	8af9a72ebfe85ee36231a5ee95ece7fd	1920	1080	13459.0	17.0	18267.0	24681.0	False	False	0.997626	0.995733
Netflix_Crosswalk_1920x1080_60fp	Netflix_Crosswalk_1920x1080_60fp	svtav1	svtav1_20191215_139b9ee	60	32	3933072.0	3933.072	44.31183333333332	47.55849999999998	49.357666666666674	44.279866	47.553778	49.351471	95.89585000000001	3193642.0	53.22736666666667	5644.68	1920	1080	60.0	8	e1b19ae7a30a8bb98af997176da43cf4	5d37e1a3e2bdc6499df1f5f8bdd71cf7	1920	1080	12413.0	4.0	15399.0	24153.0	False	False	0.995986	0.993924
Netflix_Crosswalk_1920x1080_60fp	Netflix_Crosswalk_1920x1080_60fp	svtav1	svtav1_20191215_139b9ee	60	43	2021400.0	2021.4	42.57583333333333	46.54416666666667	48.28866666666667	42.514887	46.536008	48.281018	89.735725	2959778.0	49.329633333333334	4829.94	1920	1080	60.0	8	7c889e66cd1d98a68069e0ba9f158d6c	7c97d50ae6e9331356ffdf7567cf3769	1920	1080	12494.0	4.0	14675.0	24901.0	False	False	0.992323	0.990365
Netflix_Crosswalk_1920x1080_60fp	Netflix_Crosswalk_1920x1080_60fp	svtav1	svtav1_20191215_139b9ee	60	55	933568.0	933.568	39.84333333333332	44.816	46.42966666666665	39.760915	44.806638	46.419685	76.006228	2289962.0	38.16603333333333	3691.69	1920	1080	60.0	8	5d012245dea576a7f0a4e9605048cfc0	fb9d773432a8e0404079877a9fc51695	1920	1080	12664.0	5.0	12970.0	25890.0	False	False	0.981631	0.980961
Netflix_Crosswalk_1920x1080_60fp	Netflix_Crosswalk_1920x1080_60fp	svtav1	svtav1_20191215_139b9ee	60	59	667208.0	667.208	38.34166666666667	43.707333333333324	45.28666666666667	38.293212	43.702412	45.281429	65.990356	2186932.0	36.44886666666667	3544.36	1920	1080	60.0	8	19db1fbb1e1cc291769017ebb0afa980	be43b54b17d37ba26f2c54e9ae163279	1920	1080	13054.0	6.0	11767.0	24531.0	False	False	0.971932	0.9729499999999999
ducks_1920x1080_50fps_10b	ducks_1920x1080_50fps_10b	svtav1	svtav1_20191215_139b9ee	60	20	116981913.0	116981.913	39.10766666666665	39.48900000000002	41.49500000000001	39.085833	39.472724	41.473475	98.87639400000002	18604146.0	310.0691	32625.16	1920	1080	50.0	10	e45733e0fdd377cb23b04414f58d05ee	78b335eab8c270354a5520bb2c85064b	1920	1080	30656.0	5.0	40232.0	23859.0	False	False	0.998915	0.996114
ducks_1920x1080_50fps_10b	ducks_1920x1080_50fps_10b	svtav1	svtav1_20191215_139b9ee	60	32	30937613.0	30937.613	35.157500000000006	36.93949999999998	39.92866666666667	35.125478	36.915074	39.914652	93.513132	9083475.0	151.39125	16497.09	1920	1080	50.0	10	373621a8a024f39974773c816b432cb8	4b70afff1890fc163c44266126bd301e	1920	1080	29914.0	4.0	32461.0	26228.0	False	False	0.996639	0.990058
ducks_1920x1080_50fps_10b	ducks_1920x1080_50fps_10b	svtav1	svtav1_20191215_139b9ee	60	43	10559713.0	10559.713	33.07266666666668	35.10800000000001	38.54883333333333	33.043785	35.069113	38.537808	84.37897	5713738.0	95.22896666666666	10196.02	1920	1080	50.0	10	855fa936d8ea1a1bd73ffbd74bee4120	5d38ac8262d7f1b0be0a4cb61b68c797	1920	1080	29971.0	4.0	21795.0	23865.0	False	False	0.991035	0.981515
ducks_1920x1080_50fps_10b	ducks_1920x1080_50fps_10b	svtav1	svtav1_20191215_139b9ee	60	55	3678086.0	3678.086	30.471333333333327	33.018499999999996	37.145999999999994	30.432114	32.979418	37.143292	66.708913	4757809.0	79.29681666666667	8066.14	1920	1080	50.0	10	3352268a7a1f16a6981340612d4b7fea	fb3cfc36c4bf22e1f48ad39ded778178	1920	1080	47482.0	5.0	18389.0	25286.0	False	False	0.9739	0.960252
ducks_1920x1080_50fps_10b	ducks_1920x1080_50fps_10b	svtav1	svtav1_20191215_139b9ee	60	59	2355040.0	2355.04	29.257666666666672	32.108999999999995	36.55866666666667	29.217782	32.075952	36.55491	57.106932	4001628.0	66.6938	6630.92	1920	1080	50.0	10	6fe5099bf1a756e8044610a01aad756d	47539846a366fa6efbdc54d805b33953	1920	1080	29933.0	4.0	16687.0	24449.0	False	False	0.959609	0.944092
Netflix_SquareAndTimelapse_1920x	Netflix_SquareAndTimelapse_1920x	svtav1	svtav1_20191215_139b9ee	60	20	20807208.0	20807.208	44.59366666666668	48.964999999999996	48.12383333333333	44.577931	48.959089	48.114375	99.894578	7797770.0	129.96283333333332	12725.26	1920	1080	60.0	8	a87a6c8211ba4f610e1f5da91b019e38	b793052e186caa35a09a36930c237ebe	1920	1080	16426.0	17.0	16225.0	24467.0	False	False	0.999178	0.997934
Netflix_SquareAndTimelapse_1920x	Netflix_SquareAndTimelapse_1920x	svtav1	svtav1_20191215_139b9ee	60	32	11732336.0	11732.336	42.191333333333326	47.265333333333324	46.22000000000001	42.164523	47.253921	46.205383	99.884389	6101592.0	101.6932	9754.2	1920	1080	60.0	8	a9a8d7acac30677cc5b2d4167958fb99	90746ca116c06fd234bd0290f3c3aaee	1920	1080	16886.0	5.0	5957.0	24361.0	True	True	0.998362	0.99628
Netflix_SquareAndTimelapse_1920x	Netflix_SquareAndTimelapse_1920x	svtav1	svtav1_20191215_139b9ee	60	43	6420560.0	6420.56	39.32250000000002	45.25283333333332	43.986	39.27877	45.241581	43.970676	98.623165	6641083.0	110.68471666666667	10393.8	1920	1080	60.0	8	5536a4682ba851988378fc16ff6d6dbe	04bf477a172e1ccbe999d8794f80389b	1920	1080	20131.0	5.0	17595.0	42337.0	False	False	0.9961940000000001	0.992475
Netflix_SquareAndTimelapse_1920x	Netflix_SquareAndTimelapse_1920x	svtav1	svtav1_20191215_139b9ee	60	55	2946288.0	2946.288	35.46833333333334	42.2355	40.87950000000002	35.428476	42.222732	40.865496	88.266077	3560976.0	59.3496	5951.55	1920	1080	60.0	8	9b084a3f8394e54c260d362bba489291	230eb9c6bcfd736010e0d1a29e3ab98d	1920	1080	17541.0	4.0	12655.0	24390.0	False	False	0.987996	0.98046
Netflix_SquareAndTimelapse_1920x	Netflix_SquareAndTimelapse_1920x	svtav1	svtav1_20191215_139b9ee	60	59	1926528.0	1926.528	33.32450000000001	40.290666666666674	38.96899999999999	33.304232	40.287718	38.964736	78.82456500000002	3151791.0	52.52985	5008.57	1920	1080	60.0	8	dd9cec5414f0845895bfbd97132ac58a	84e862cdda1056fed9a2f55799f92cfa	1920	1080	17105.0	5.0	11849.0	24275.0	False	False	0.977354	0.966763
vidyo4_720p_60fps_60f	vidyo4_720p_60fps_60f	svtav1	svtav1_20191215_139b9ee	60	20	5376528.0	5376.528	44.26099999999999	49.97216666666668	50.26599999999999	44.232168	49.968264	50.262533	97.748043	2767010.0	46.11683333333333	4620.28	1280	720	60.0	8	49b5521403bf51b4aaad4a7e345b3d33	affebd5330b02bffa3044344c71ab62f	1280	720	6621.0	4.0	5317.0	10287.0	False	False	0.996456	0.995697
vidyo4_720p_60fps_60f	vidyo4_720p_60fps_60f	svtav1	svtav1_20191215_139b9ee	60	32	1861296.0	1861.296	42.78733333333335	49.328999999999986	49.64249999999999	42.749335	49.324429	49.638029	96.44866	1894566.0	31.5761	3204.11	1280	720	60.0	8	baffd29a38de139888e79c76443ee774	bca7e9856b79f83adb5ce794a8a4218d	1280	720	6939.0	5.0	3726.0	10304.0	False	False	0.994617	0.993845
vidyo4_720p_60fps_60f	vidyo4_720p_60fps_60f	svtav1	svtav1_20191215_139b9ee	60	43	920192.0	920.1920000000001	41.41783333333334	48.448499999999996	48.687499999999986	41.373521	48.441094	48.681636	94.369096	1557829.0	25.963816666666666	2584.88	1280	720	60.0	8	8c2b112c903747db4a39fe657244278c	59a0f3f4f70a42cad96217b341e33b78	1280	720	7147.0	4.0	3429.0	10657.0	False	False	0.991811	0.991344
vidyo4_720p_60fps_60f	vidyo4_720p_60fps_60f	svtav1	svtav1_20191215_139b9ee	60	55	425368.0	425.368	39.148166666666654	46.781166666666664	46.881166666666665	39.094169	46.770056	46.873924	89.102814	790238.0	13.170633333333333	1383.12	1280	720	60.0	8	ddff8b8d892bef9e14d5bce4dc21c394	96c8fb78fdc4ee24eaaac48490403498	1280	720	6770.0	4.0	2667.0	9828.0	False	False	0.983443	0.9845659999999999
vidyo4_720p_60fps_60f	vidyo4_720p_60fps_60f	svtav1	svtav1_20191215_139b9ee	60	59	282264.0	282.264	37.453333333333326	45.225166666666645	45.148999999999994	37.408606	45.221329	45.144411	83.592282	893192.0	14.886533333333333	1465.14	1280	720	60.0	8	eed6812212306d88d1909fe2608439e8	c228d7d8e75eb7c8a7f2eb4f556a8b3e	1280	720	6416.0	6.0	2668.0	9969.0	False	False	0.973631	0.97699
Cosmos1_1920x856_BT2100_PQ_24fps	Cosmos1_1920x856_BT2100_PQ_24fps	svtav1	svtav1_20191215_139b9ee	60	20	23501638.0	23501.638	42.06716666666667	44.85833333333334	47.451666666666675	42.029882	44.808052	47.428552	99.408219	12022724.0	200.37873333333334	19841.9	1920	856	24.0	10	6bc9abaa3b431f8c9afee46b003dd59d	da26449c93c6f42a434736fca31ef981	1920	856	22971.0	3.0	27907.0	18045.0	False	False	0.996825	0.9961110000000001
Cosmos1_1920x856_BT2100_PQ_24fps	Cosmos1_1920x856_BT2100_PQ_24fps	svtav1	svtav1_20191215_139b9ee	60	32	9483177.0	9483.177	38.23633333333332	42.79183333333333	45.826	38.118546	42.757381	45.81043	95.14911	9546176.0	159.10293333333334	15665.64	1920	856	24.0	10	f7e9c4e2fcf56dcc8c760d917cb4b53f	e0347990901d6e5a5e81344e844c762a	1920	856	23510.0	6.0	21391.0	18029.0	False	False	0.991832	0.9908559999999998
Cosmos1_1920x856_BT2100_PQ_24fps	Cosmos1_1920x856_BT2100_PQ_24fps	svtav1	svtav1_20191215_139b9ee	60	43	3604179.0	3604.1789999999996	35.379000000000005	41.16033333333334	44.22633333333333	35.293527	41.136265	44.216352	84.3529	6926819.0	115.44698333333334	11667.96	1920	856	24.0	10	5bf2d31bc9b452429e6bdf1ab38da593	16ae95686d6431f33477ea27e836116e	1920	856	25070.0	4.0	16498.0	18284.0	False	False	0.980178	0.980085
Cosmos1_1920x856_BT2100_PQ_24fps	Cosmos1_1920x856_BT2100_PQ_24fps	svtav1	svtav1_20191215_139b9ee	60	55	1254179.0	1254.179	32.457166666666666	39.467	42.29283333333332	32.408495	39.454078	42.288298000000005	63.655861	4479182.0	74.65303333333334	7187.19	1920	856	24.0	10	3598321cedbf461a94b827af38ab01bb	3f08c6eb8b01177ecce40f0c28ec745b	1920	856	23663.0	5.0	13381.0	18008.0	False	False	0.946164	0.9511109999999999
Cosmos1_1920x856_BT2100_PQ_24fps	Cosmos1_1920x856_BT2100_PQ_24fps	svtav1	svtav1_20191215_139b9ee	60	59	750832.0	750.832	31.08700000000001	38.59333333333332	41.333333333333336	31.05224	38.583724	41.328411	51.343929	3979098.0	66.3183	6328.36	1920	856	24.0	10	9d1abc67328d275b61c89c12c4a85728	734593d4f006407089c12be0b4be984c	1920	856	26551.0	4.0	11869.0	18514.0	False	False	0.914768	0.925272
life_1080p30_60f	life_1080p30_60f	svtav1	svtav1_20191215_139b9ee	60	20	12653712.0	12653.712	44.40266666666668	49.60316666666665	49.198666666666654	44.388503	49.595786	49.192165	99.458414	7232092.0	120.53486666666667	12429.52	1920	1080	30.0	8	543142c98bc5d3fb868bae9cfcef5cd9	d641818e5f0b1592ec9eb058231bad7d	1920	1080	19071.0	3.0	14179.0	23513.0	False	False	0.999174	0.997877
life_1080p30_60f	life_1080p30_60f	svtav1	svtav1_20191215_139b9ee	60	32	6018516.0	6018.516	41.556	47.42583333333334	47.150833333333345	41.533897	47.413343000000005	47.142051	97.731756	5462239.0	91.03731666666667	9052.47	1920	1080	30.0	8	c171ec44525a7e90e0bb57e6bcc71e50	34e0c976183d08acd4d026e3fba1e85d	1920	1080	17003.0	5.0	12734.0	23934.0	False	False	0.998448	0.996245
life_1080p30_60f	life_1080p30_60f	svtav1	svtav1_20191215_139b9ee	60	43	2973768.0	2973.7680000000005	38.83433333333333	45.450833333333335	45.29783333333334	38.805394	45.429598000000006	45.283674	94.536552	4373955.0	72.89925	7161.77	1920	1080	30.0	8	18c2c2987354f606582d7bb00e1e86d7	2c0599e3e68c90d02617c85bb2a6bd87	1920	1080	17054.0	18.0	11163.0	24073.0	False	False	0.996784	0.992906
life_1080p30_60f	life_1080p30_60f	svtav1	svtav1_20191215_139b9ee	60	55	1205180.0	1205.18	35.086833333333324	42.539666666666655	42.352666666666664	35.070343	42.522895	42.33867	87.106219	3501241.0	58.354016666666666	6013.6	1920	1080	30.0	8	ee03607f3e1660f5e712d68aba21875b	4b89e9b3c022422e39b98a2320dae89b	1920	1080	18025.0	5.0	10109.0	24741.0	False	False	0.989316	0.9785990000000001
life_1080p30_60f	life_1080p30_60f	svtav1	svtav1_20191215_139b9ee	60	59	760964.0	760.964	33.40666666666667	41.032333333333334	40.72100000000001	33.396424	41.024373	40.714736	80.673984	2740793.0	45.679883333333336	4389.79	1920	1080	30.0	8	3f72f5bca8da3ac063654e8f510a4950	2aa7911ef128076a0631b9c3c5ef379b	1920	1080	17021.0	12.0	9081.0	23634.0	False	False	0.979051	0.962641
rush_hour_1080p25_60f	rush_hour_1080p25_60f	svtav1	svtav1_20191215_139b9ee	60	20	5509030.0	5509.03	43.07833333333334	46.886333333333326	48.88066666666667	43.07726	46.884332	48.878071	97.110124	9104032.0	151.73386666666667	14087.07	1920	1080	25.0	8	e7ac63af94ee98fdb8ca4e880dd38280	708f2839cbd358171d2a1464d9424bf6	1920	1080	24680.0	5.0	20007.0	23939.0	False	False	0.996461	0.992501
rush_hour_1080p25_60f	rush_hour_1080p25_60f	svtav1	svtav1_20191215_139b9ee	60	32	2631783.0	2631.783	42.20566666666668	45.921666666666674	47.689499999999995	42.20141	45.918777	47.683353	93.433299	5894679.0	98.24465	9677.82	1920	1080	25.0	8	220a7cd7f9e2261dfccbcccaee82848f	2806b143255a6a4407cdfdbabbe914ff	1920	1080	13779.0	3.0	16894.0	24418.0	False	False	0.994347	0.990451
rush_hour_1080p25_60f	rush_hour_1080p25_60f	svtav1	svtav1_20191215_139b9ee	60	43	1279903.0	1279.903	40.861833333333315	44.88216666666665	46.31983333333332	40.843811	44.8792	46.310174	86.358733	4424932.0	73.74886666666667	7467.04	1920	1080	25.0	8	2b2b8ab42c6f1e366a8dd9f56819b1e6	ee2036db990d09178cb49c12dfd04f69	1920	1080	14418.0	4.0	14602.0	24387.0	False	False	0.990377	0.986898
rush_hour_1080p25_60f	rush_hour_1080p25_60f	svtav1	svtav1_20191215_139b9ee	60	55	549273.0	549.273	38.653333333333336	43.058333333333316	44.15866666666666	38.620938	43.052952	44.146885	73.13423200000001	3529807.0	58.83011666666667	5247.95	1920	1080	25.0	8	49ec6154dc92d853ec155a33478ca957	340300c5c4ffb3c2786c1bcc93d2de37	1920	1080	15045.0	6.0	11415.0	25071.0	False	False	0.980952	0.978903
rush_hour_1080p25_60f	rush_hour_1080p25_60f	svtav1	svtav1_20191215_139b9ee	60	59	380230.0	380.2300000000001	37.467	42.03733333333333	43.01733333333334	37.43256	42.03346	43.0047	65.723785	2621334.0	43.6889	4131.81	1920	1080	25.0	8	1f973c0c154867b84732e8d5379d81e2	ffb0f45cf87e2a11de62e409841519ab	1920	1080	14491.0	4.0	10457.0	24261.0	False	False	0.973387	0.972664
MINECRAFT_60f_420	MINECRAFT_60f_420	svtav1	svtav1_20191215_139b9ee	60	20	84795952.0	84795.952	43.45549999999999	46.009499999999996	46.565166666666656	43.289854	45.847444	46.441013	99.951773	10268424.0	171.1404	15590.18	1920	1080	60.0	8	5a29e9dfb3de2f51950c842db68eff58	d5ec870cacba28f966e7cb48f79bfae0	1920	1080	20112.0	3.0	26643.0	23498.0	False	False	0.998237	0.997052
MINECRAFT_60f_420	MINECRAFT_60f_420	svtav1	svtav1_20191215_139b9ee	60	32	50322720.0	50322.72	39.24833333333334	44.25633333333333	44.69133333333332	38.966255	44.127709	44.598204	99.921023	9393064.0	156.55106666666666	14521.42	1920	1080	60.0	8	292e89f1be9870f93d058293057dded4	f85c9644bc2e982f7d92cfde275e3447	1920	1080	20554.0	5.0	24266.0	25897.0	False	False	0.995618	0.992605
MINECRAFT_60f_420	MINECRAFT_60f_420	svtav1	svtav1_20191215_139b9ee	60	43	23190064.0	23190.064	34.9405	42.66400000000001	42.88633333333333	34.625895	42.580811	42.819302	96.402227	9081631.0	151.36051666666665	13824.71	1920	1080	60.0	8	fb7a8692fdc0c342f21d5f79759e163b	c75543740440b61ddbaef5e814391715	1920	1080	20270.0	6.0	18088.0	24156.0	False	False	0.987923	0.980542
MINECRAFT_60f_420	MINECRAFT_60f_420	svtav1	svtav1_20191215_139b9ee	60	55	8520848.0	8520.848	31.43983333333333	40.55533333333333	40.59883333333334	31.276552	40.517843	40.563307	82.823337	6734797.0	112.24661666666667	10950.33	1920	1080	60.0	8	16214429016af3d83e2ad84d3f3b5b78	6f182c327fe97d22a52502e861c76771	1920	1080	19408.0	5.0	13053.0	23688.0	False	False	0.966995	0.952015
MINECRAFT_60f_420	MINECRAFT_60f_420	svtav1	svtav1_20191215_139b9ee	60	59	5254848.0	5254.848	30.186166666666665	39.34816666666667	39.284500000000016	30.094618	39.328702	39.256261	74.706947	6863137.0	114.38561666666666	10483.27	1920	1080	60.0	8	7c7892806bd8b305b3956c002c8694c7	dc80a97437e9f6657f883058ad63f1a5	1920	1080	19944.0	3.0	11539.0	24075.0	False	False	0.947261	0.928246
touchdown_pass_1080p_60f	touchdown_pass_1080p_60f	svtav1	svtav1_20191215_139b9ee	60	20	19765088.0	19765.088	40.61916666666668	48.07899999999997	48.233166666666676	40.583863	48.070785	48.22464	96.312737	9549672.0	159.1612	17136.95	1920	1080	29.97	8	65be76afcca5bfa1996478d80fbc3201	4ce322923f2f911b5fe5d0d9de311095	1920	1080	16707.0	4.0	25938.0	23792.0	False	False	0.99587	0.991012
touchdown_pass_1080p_60f	touchdown_pass_1080p_60f	svtav1	svtav1_20191215_139b9ee	60	32	5137452.0	5137.452	38.7585	47.443	47.57366666666666	38.737634	47.434464	47.565138	94.409697	5333754.0	88.8959	8955.36	1920	1080	29.97	8	99a1d878d53b448077991a94693fa6c5	cd19be0541a92e2295d58a0666474791	1920	1080	18889.0	3.0	15900.0	26109.0	False	False	0.993997	0.986987
touchdown_pass_1080p_60f	touchdown_pass_1080p_60f	svtav1	svtav1_20191215_139b9ee	60	43	2158867.0	2158.867	37.53049999999999	46.45516666666666	46.52716666666666	37.508492	46.449462	46.519867	91.46375199999999	3370739.0	56.178983333333335	5531.4	1920	1080	29.97	8	68963df22c362159106ae1e0c9662d96	151f166591546aa1777ccc777b561cc8	1920	1080	17099.0	3.0	11616.0	26727.0	False	False	0.991642	0.982785
touchdown_pass_1080p_60f	touchdown_pass_1080p_60f	svtav1	svtav1_20191215_139b9ee	60	55	883236.0	883.236	35.23749999999999	44.666333333333334	44.709166666666675	35.211775	44.661111	44.701543	82.903948	2938220.0	48.970333333333336	4716.24	1920	1080	29.97	8	fa976859cb872806e5cd2efc4b332bc1	110c549dfe8771b049aceebc499fbcdc	1920	1080	17398.0	3.0	10211.0	24351.0	False	False	0.980617	0.965563
touchdown_pass_1080p_60f	touchdown_pass_1080p_60f	svtav1	svtav1_20191215_139b9ee	60	59	517168.0	517.168	33.39616666666667	43.50916666666667	43.63166666666666	33.372243	43.506317	43.626697	72.384939	2378130.0	39.6355	3857.05	1920	1080	29.97	8	a2e350e95d027690a44c8585c56ad4f1	ae6834c3254926c01b8cc0e27a182bf1	1920	1080	17182.0	2.0	9044.0	24025.0	False	False	0.953693	0.933586
ducks_take_off_1080p50_60f	ducks_take_off_1080p50_60f	svtav1	svtav1_20191215_139b9ee	60	20	113755273.0	113755.273	38.87249999999999	39.275833333333345	41.332499999999996	38.851179	39.258863	41.311821	98.706313	13958945.0	232.64908333333332	25186.48	1920	1080	50.0	8	d2f86f4cbf0a82213c3871bb78b0d66c	75755c2951e535d0b7184786fa684fd2	1920	1080	22085.0	18.0	35089.0	23826.0	False	False	0.998851	0.995918
ducks_take_off_1080p50_60f	ducks_take_off_1080p50_60f	svtav1	svtav1_20191215_139b9ee	60	32	32089573.0	32089.573	35.16	36.92216666666666	39.86316666666666	35.12484200000001	36.898012	39.848847	93.565367	9617597.0	160.29328333333333	15932.07	1920	1080	50.0	8	ca69e983ba17f7f8056efdb0ce83b841	279cc1ece16b913b1cd27ddc7b57c4d4	1920	1080	24179.0	5.0	27171.0	24039.0	False	False	0.996662	0.99011
ducks_take_off_1080p50_60f	ducks_take_off_1080p50_60f	svtav1	svtav1_20191215_139b9ee	60	43	10638553.0	10638.552999999998	33.040666666666674	35.05866666666666	38.43783333333332	33.013068	35.020053	38.42644	84.454897	5875524.0	97.9254	10100.79	1920	1080	50.0	8	273ec7d810da75395a162389f5e4cf3a	14345c18b56327cbbd032050dc6e924d	1920	1080	24346.0	4.0	21208.0	24089.0	False	False	0.991014	0.981468
ducks_take_off_1080p50_60f	ducks_take_off_1080p50_60f	svtav1	svtav1_20191215_139b9ee	60	55	3713953.0	3713.953	30.455	32.99649999999999	37.025000000000006	30.415949	32.957169	37.020877	66.858734	3712740.0	61.879	6109.7	1920	1080	50.0	8	202c4c76a96c6db7a35d5f85f8f9999c	47e8281248afdb6ced39249c08a4c9c2	1920	1080	22294.0	4.0	16414.0	23887.0	False	False	0.973934	0.960257
ducks_take_off_1080p50_60f	ducks_take_off_1080p50_60f	svtav1	svtav1_20191215_139b9ee	60	59	2373320.0	2373.32	29.248166666666673	32.046833333333325	36.47550000000001	29.208772	32.01438	36.471486	57.262939	3939551.0	65.65918333333333	6202.68	1920	1080	50.0	8	5de8adf048936a76cf5b6268157996c5	6512ab05c722a0e7e2abd2258858e5dd	1920	1080	24901.0	6.0	16188.0	25263.0	False	False	0.959833	0.944321
wikipedia_420	wikipedia_420	svtav1	svtav1_20191215_139b9ee	60	20	1643092.0	1643.092	55.36183333333334	52.70600000000001	53.64766666666666	55.348911	52.527785	53.579476	99.83785400000001	5215078.0	86.91796666666667	7125.01	1920	1080	30.0	8	25c0b5a4d66bdf46f4a5a54fa4fd0aeb	47be88bbb5e749bcd1fb633d27b57da6	1920	1080	11488.0	4.0	3641.0	26188.0	False	False	0.999392	0.999133
wikipedia_420	wikipedia_420	svtav1	svtav1_20191215_139b9ee	60	32	935612.0	935.612	51.22166666666664	50.71633333333334	51.90016666666667	51.21221	50.486079	51.842316	99.821217	5493084.0	91.5514	7214.14	1920	1080	30.0	8	92ba5b56ce988115448777c0b474a421	df17c2d125b3302337b77aeb1d61e9e1	1920	1080	11632.0	5.0	2462.0	23452.0	False	False	0.999048	0.998462
wikipedia_420	wikipedia_420	svtav1	svtav1_20191215_139b9ee	60	43	634696.0	634.696	48.67366666666664	48.7585	50.051999999999985	48.657802999999994	48.613644	50.003926	99.785151	5099685.0	84.99475	7022.05	1920	1080	30.0	8	f483f6e408d9ba9e35fdeb0684ecb7e2	845fb51680aeb3b9e80714fd54d84fb5	1920	1080	11444.0	3.0	2740.0	23794.0	False	False	0.998697	0.997949
wikipedia_420	wikipedia_420	svtav1	svtav1_20191215_139b9ee	60	55	426752.0	426.752	44.14266666666666	45.85349999999999	47.30266666666667	44.12504	45.806885	47.27527	99.600058	4881304.0	81.35506666666667	6633.92	1920	1080	30.0	8	503d812ae5cdd77979e5bf7200564184	76ba3f1e1f2b390d3e330b4135de7bfd	1920	1080	11755.0	7.0	2691.0	24832.0	False	False	0.998088	0.997253
wikipedia_420	wikipedia_420	svtav1	svtav1_20191215_139b9ee	60	59	342100.0	342.1	40.982666666666674	43.80883333333333	45.272666666666645	40.96573	43.769669	45.243274	99.309453	5229274.0	87.15456666666667	6823.83	1920	1080	30.0	8	6d687877a83944bbfefea84ea3f13c44	67986d996e7a2d02ba03e4cca428ee33	1920	1080	11729.0	3.0	2786.0	24053.0	False	False	0.996974	0.996134
Netflix_TunnelFlag_1920x1080_60f	Netflix_TunnelFlag_1920x1080_60f	svtav1	svtav1_20191215_139b9ee	60	20	27699944.0	27699.944	42.840500000000006	46.84166666666668	48.36216666666666	42.823576	46.833812	48.35863	99.933046	8839953.0	147.33255	15277.77	1920	1080	60.0	8	d2e358d3a0e112fdcf47ac935a352cbd	bd5c93b1dbf24721c17fa35cc8858a38	1920	1080	16802.0	5.0	20407.0	23606.0	False	False	0.998656	0.996568
Netflix_TunnelFlag_1920x1080_60f	Netflix_TunnelFlag_1920x1080_60f	svtav1	svtav1_20191215_139b9ee	60	32	13936160.0	13936.16	40.55150000000002	45.283333333333346	47.06066666666667	40.514499	45.278573	47.058422	99.91700999999999	7862311.0	131.03851666666668	12817.71	1920	1080	60.0	8	a3ad23d80f27bb6a2a4460dd7151643a	461fd6607d2addd1f63e47dc679b8919	1920	1080	18151.0	12.0	18041.0	24335.0	False	False	0.997593	0.9942809999999999
Netflix_TunnelFlag_1920x1080_60f	Netflix_TunnelFlag_1920x1080_60f	svtav1	svtav1_20191215_139b9ee	60	43	6900000.0	6900.0	38.01316666666667	43.283166666666666	45.445	37.963589	43.280053	45.442088	99.882311	5289967.0	88.16611666666667	9277.73	1920	1080	60.0	8	d40272d2626485678e68121d9a47c39b	28789414e026e11baab9cfcdb6f2a918	1920	1080	19721.0	5.0	15637.0	24009.0	False	False	0.995271	0.99008
Netflix_TunnelFlag_1920x1080_60f	Netflix_TunnelFlag_1920x1080_60f	svtav1	svtav1_20191215_139b9ee	60	55	3265672.0	3265.672	35.11083333333332	40.42750000000001	42.70699999999998	35.078212	40.424655	42.70316	99.786192	4320281.0	72.00468333333333	7139.18	1920	1080	60.0	8	01f6b07567ee3ea62b8dd60f00123528	303d257d6ace4bf4f531917742f64dd2	1920	1080	17521.0	8.0	13582.0	23911.0	False	False	0.990751	0.983538
Netflix_TunnelFlag_1920x1080_60f	Netflix_TunnelFlag_1920x1080_60f	svtav1	svtav1_20191215_139b9ee	60	59	2396720.0	2396.72	33.669666666666664	39.04966666666665	41.03383333333332	33.64974	39.047125	41.030096	99.669756	3744565.0	62.409416666666665	6223.86	1920	1080	60.0	8	264dcbc3a4bc5e7d56b8e11319a96965	168a2f69e9f6751ca5831f33c770c070	1920	1080	18109.0	3.0	13937.0	24087.0	False	False	0.987523	0.979547
ToddlerFountn_1920x1080_2997_10b	ToddlerFountn_1920x1080_2997_10b	svtav1	svtav1_20191215_139b9ee	60	20	57925175.0	57925.175	41.29483333333333	46.383166666666675	43.853833333333334	41.231178	46.367748	43.822347	99.907737	16622517.0	277.04195	28540.11	1920	1080	29.97	10	0bd94365aaf18f04d0a6383de4269594	826f180b126af2cae63b955fc436d898	1920	1080	30480.0	3.0	34716.0	24105.0	False	False	0.997852	0.995259
ToddlerFountn_1920x1080_2997_10b	ToddlerFountn_1920x1080_2997_10b	svtav1	svtav1_20191215_139b9ee	60	32	28844432.0	28844.431999999997	37.09033333333333	44.854499999999994	41.900500000000015	36.985276	44.845207	41.879136	99.875798	14387856.0	239.7976	23697.75	1920	1080	29.97	10	ec18249d35afe73c2ec4e16a75eeedee	b95e84877792e0e8e98ec46bcb4f5fc8	1920	1080	29082.0	3.0	28683.0	23125.0	False	False	0.993347	0.986854
ToddlerFountn_1920x1080_2997_10b	ToddlerFountn_1920x1080_2997_10b	svtav1	svtav1_20191215_139b9ee	60	43	12563035.0	12563.035	33.3565	43.38416666666665	40.41316666666666	33.265899	43.378268	40.404041	89.280166	8642230.0	144.03716666666668	16039.16	1920	1080	29.97	10	27d5aa033b3437817e08159f75d86e5e	9b67511a026c2b48da2033b5f03807af	1920	1080	27815.0	2.0	23166.0	23392.0	False	False	0.979515	0.96579
ToddlerFountn_1920x1080_2997_10b	ToddlerFountn_1920x1080_2997_10b	svtav1	svtav1_20191215_139b9ee	60	55	4437345.0	4437.345	29.93149999999999	41.93483333333332	39.27883333333333	29.8797	41.932186	39.276468	65.637166	7397968.0	123.29946666666666	11976.05	1920	1080	29.97	10	d7c994cfd33e8ec1cdc733e0ba25c7bb	eb5dcf8f4e1af9d294b656d9d3e5fa8e	1920	1080	28729.0	3.0	20605.0	24186.0	False	False	0.937947	0.916469
ToddlerFountn_1920x1080_2997_10b	ToddlerFountn_1920x1080_2997_10b	svtav1	svtav1_20191215_139b9ee	60	59	2774511.0	2774.511	28.711833333333328	41.26849999999999	38.852999999999994	28.671825	41.267373	38.851703	54.131295	6594938.0	109.91563333333333	10817.34	1920	1080	29.97	10	016a3078a1847cb8226893dad5f39664	a32e1933dccd9be3c4e86b3c5b9accd5	1920	1080	32666.0	4.0	20736.0	24713.0	False	False	0.908796	0.886983
