KristenAndSara_1280x720_60_10b	KristenAndSara_1280x720_60_10b	svtav1	svtav1_20200430_1851716_enc-mode0	60	20	0	3084768.0	3084.7680000000005	44.88950000000001	49.57483333333334	50.58433333333334	44.881967	49.572652	50.582755	97.07071613858417	1940996.0	32.34993333333333	3077.27	1280	720	60.0	10	2f7a107097fe17ce239ddfb52525c840	0b5af0e796c9ee9d4d709c59b6774ed5	1280	720	8514.0	3.0	4454.0	9931.0	False	False	0.9963205635547638	0.9957439970314573
KristenAndSara_1280x720_60_10b	KristenAndSara_1280x720_60_10b	svtav1	svtav1_20200430_1851716_enc-mode0	60	32	0	1241672.0	1241.672	43.6875	48.76450000000002	49.77566666666667	43.675044	48.760661	49.772613	96.22094511595732	1795403.0	29.923383333333334	3071.54	1280	720	60.0	10	57739a328c74d7ff7e282b6ed516de59	b7900ccdd400d87b65593995cfb5f2e5	1280	720	8385.0	7.0	4135.0	14071.0	False	False	0.9951162616411845	0.9946408664864662
KristenAndSara_1280x720_60_10b	KristenAndSara_1280x720_60_10b	svtav1	svtav1_20200430_1851716_enc-mode0	60	43	0	661144.0	661.144	42.27083333333333	47.583333333333336	48.57383333333333	42.24868	47.578156	48.568859	94.59393198564422	1438237.0	23.97061666666667	2457.27	1280	720	60.0	10	23f7f4f9e914fa4dfb38227e8f2a96c9	6e92d138f5ceafd2ce9883269085a62c	1280	720	8996.0	5.0	3594.0	10581.0	False	False	0.9928717871507009	0.9927456327551171
KristenAndSara_1280x720_60_10b	KristenAndSara_1280x720_60_10b	svtav1	svtav1_20200430_1851716_enc-mode0	60	55	0	298344.0	298.344	39.474833333333336	44.864	46.10149999999999	39.445368	44.856059	46.094919	89.38878281771177	947261.0	15.787683333333334	1571.94	1280	720	60.0	10	29175aac90816cf5c81abb97a932acea	ee730d258200518c831548cede22483f	1280	720	8348.0	17.0	2859.0	10224.0	False	False	0.9854343543450038	0.9867287524561165
KristenAndSara_1280x720_60_10b	KristenAndSara_1280x720_60_10b	svtav1	svtav1_20200430_1851716_enc-mode0	60	59	0	191552.0	191.552	37.45033333333333	43.17883333333331	44.192666666666646	37.426199	43.171586	44.184426	83.27847712242941	796225.0	13.270416666666666	1368.43	1280	720	60.0	10	067e02269b260fa9d56ce69d7d589f4f	934e9d90bdcd8885b9fd1942f21137aa	1280	720	8667.0	11.0	2632.0	14460.0	False	False	0.9770558853944142	0.9800869413190354
KristenAndSara_1280x720_60f	KristenAndSara_1280x720_60f	svtav1	svtav1_20200430_1851716_enc-mode0	60	20	0	3045208.0	3045.208	44.58066666666666	48.95549999999999	49.865333333333346	44.574329	48.953153	49.863126	96.92377191401583	2117103.0	35.28505	3549.06	1280	720	60.0	8	6f76f71c85a1f59395ab786973b65916	9c7ea03cd1c4a035e5bf04155953e172	1280	720	5843.0	11.0	4409.0	10112.0	False	False	0.9959705839554469	0.9954236300926789
KristenAndSara_1280x720_60f	KristenAndSara_1280x720_60f	svtav1	svtav1_20200430_1851716_enc-mode0	60	32	0	1309560.0	1309.56	43.525166666666664	48.318000000000005	49.20750000000001	43.512038	48.314758	49.204838	96.08608263087358	1542467.0	25.70778333333333	2706.83	1280	720	60.0	8	315bff40614084e50c5af18a7056d967	5d1e6ffee763e54822ea136ee4f35e7d	1280	720	5625.0	3.0	3424.0	10628.0	False	False	0.9948051512241364	0.9943673203620488
KristenAndSara_1280x720_60f	KristenAndSara_1280x720_60f	svtav1	svtav1_20200430_1851716_enc-mode0	60	43	0	674704.0	674.704	42.11683333333334	47.21716666666667	48.09933333333333	42.095496	47.212824	48.095233	94.45116038333147	1085190.0	18.0865	1825.11	1280	720	60.0	8	b4bad55f2e63be63580013b6af342340	f52bbdae17f8441abd14375fd7e3aa68	1280	720	6275.0	6.0	2874.0	10791.0	False	False	0.9924586762984594	0.992384390282627
KristenAndSara_1280x720_60f	KristenAndSara_1280x720_60f	svtav1	svtav1_20200430_1851716_enc-mode0	60	55	0	298144.0	298.144	39.349999999999994	44.763000000000005	45.80033333333335	39.320559	44.755074	45.794054	89.12566575315013	1043062.0	17.384366666666665	1626.81	1280	720	60.0	8	088c96f3990e75419c0532b17fd3ff13	0a420c6e7cc15610ac1a5ccea99a3400	1280	720	5348.0	5.0	2463.0	10465.0	False	False	0.9848351756731669	0.986226209604849
KristenAndSara_1280x720_60f	KristenAndSara_1280x720_60f	svtav1	svtav1_20200430_1851716_enc-mode0	60	59	0	196072.0	196.072	37.47633333333336	43.08050000000001	44.21633333333333	37.456293	43.075146	44.211097	83.69055026413226	709127.0	11.818783333333334	1104.65	1280	720	60.0	8	a33ce4d7f4dba85f75daedc883c098c0	b505017b004e074c8d158ee733ea9fa9	1280	720	5409.0	4.0	2068.0	10000.0	False	False	0.977309716741244	0.9802151306742183
speed_bag_640x360_60f	speed_bag_640x360_60f	svtav1	svtav1_20200430_1851716_enc-mode0	60	20	0	462504.0	462.504	46.98099999999999	49.683166666666665	51.0795	46.89732	49.608795	51.017543	98.28947663846694	650645.0	10.844083333333334	1025.23	640	360	29.97	8	c2eb69d5ffeeab84deb2841a4530ae13	6a87e93f2153d5e373af0c45dda9f954	640	360	1669.0	7.0	1708.0	3044.0	False	False	0.9888715634743372	0.997511114729993
speed_bag_640x360_60f	speed_bag_640x360_60f	svtav1	svtav1_20200430_1851716_enc-mode0	60	32	0	239195.0	239.195	45.053833333333344	48.31349999999998	49.863333333333344	44.919792	48.201587	49.743888	97.22470730668103	489653.0	8.160883333333333	870.32	640	360	29.97	8	19b38b438b09261fe2d1655e3e941e55	1031169a95a9f61dd65f81973155b780	640	360	1482.0	3.0	1430.0	2874.0	False	False	0.9856353014707565	0.9960953911300319
speed_bag_640x360_60f	speed_bag_640x360_60f	svtav1	svtav1_20200430_1851716_enc-mode0	60	43	0	131788.0	131.788	42.984500000000004	46.63533333333332	48.47066666666667	42.783066	46.520007	48.316684	94.63649499028755	410725.0	6.845416666666667	675.49	640	360	29.97	8	df97cf8c1859568e229eacbd387a5955	75f51f0ca87a04f13767f225a4890a78	640	360	1428.0	4.0	1159.0	2951.0	False	False	0.9814755588769912	0.993820386344972
speed_bag_640x360_60f	speed_bag_640x360_60f	svtav1	svtav1_20200430_1851716_enc-mode0	60	55	0	67222.0	67.222	39.89566666666666	44.00000000000001	46.36583333333333	39.624823	43.892714	46.178363	85.36710350050089	355119.0	5.91865	638.02	640	360	29.97	8	1e0c4779dc9692a299dc019165bf23e3	e7edcc836870b9fbb953d9229feb3fd6	640	360	1735.0	3.0	1006.0	3015.0	False	False	0.9726493249336878	0.9882014028366257
speed_bag_640x360_60f	speed_bag_640x360_60f	svtav1	svtav1_20200430_1851716_enc-mode0	60	59	0	48098.0	48.098	37.800333333333334	42.112	44.96	37.623969	42.056204	44.816778	76.80182994103552	327606.0	5.4601	531.27	640	360	29.97	8	5bf7017fdc1d818bc3ecd9f5ad812d87	d31c51fa9f70a33aa4bda525e511978e	640	360	1977.0	5.0	1018.0	3141.0	False	False	0.9643145759900411	0.9822089189581432
DinnerScene_1920x1080_2997_10b	DinnerScene_1920x1080_2997_10b	svtav1	svtav1_20200430_1851716_enc-mode0	60	20	0	1307341.0	1307.341	41.796833333333325	42.65900000000001	47.53016666666667	41.796262	42.65536	47.529076	91.46597796564693	3738900.0	62.315	5904.94	1920	1080	29.97	10	729830ba26fbc55fe43bdc775420d5cd	f4cc753c7e8a286ed46b519f263fa78b	1920	1080	20586.0	3.0	17821.0	23785.0	False	False	0.9941531002521515	0.9882362809482167
DinnerScene_1920x1080_2997_10b	DinnerScene_1920x1080_2997_10b	svtav1	svtav1_20200430_1851716_enc-mode0	60	32	0	264628.0	264.628	41.61450000000001	42.28499999999998	47.36266666666667	41.614104	42.284268	47.362768	89.66442441584644	2728144.0	45.46906666666667	4554.69	1920	1080	29.97	10	6dc117a95e85b2c0791eab996a969887	9bc043551859a1f306cf37d43f5ff8f6	1920	1080	21550.0	3.0	9200.0	23001.0	False	False	0.9933974971373876	0.9874808823199867
DinnerScene_1920x1080_2997_10b	DinnerScene_1920x1080_2997_10b	svtav1	svtav1_20200430_1851716_enc-mode0	60	43	0	133326.0	133.326	41.30566666666667	42.177166666666686	47.06799999999999	41.305476	42.17702	47.0671	86.11890890789319	2043857.0	34.064283333333336	3534.29	1920	1080	29.97	10	545f8fcf85ca4943a4547bd2bed423df	944de44dd5bc53a5378c2fe8d44a62ee	1920	1080	21525.0	9.0	7663.0	22838.0	False	False	0.9921651105086009	0.9862888487729015
DinnerScene_1920x1080_2997_10b	DinnerScene_1920x1080_2997_10b	svtav1	svtav1_20200430_1851716_enc-mode0	60	55	0	66788.0	66.788	40.56916666666667	41.914333333333346	46.537166666666636	40.565758	41.913621	46.535898	77.74698061634642	2449135.0	40.81891666666667	3488.65	1920	1080	29.97	10	7487ab91b7626457a8004d5d048e3b06	e4318b511ce5f621d3ceb0bf9d406de0	1920	1080	22456.0	6.0	7969.0	23843.0	False	False	0.9887995551029841	0.9832301153703075
DinnerScene_1920x1080_2997_10b	DinnerScene_1920x1080_2997_10b	svtav1	svtav1_20200430_1851716_enc-mode0	60	59	0	47449.0	47.449	39.85683333333331	41.612333333333325	45.99083333333333	39.846028	41.611696	45.987645	69.30044514817982	2264691.0	37.74485	3758.11	1920	1080	29.97	10	02ea1fea17d6c7b88ad7e9f72bd1c057	d113becfcfc2000c56746b5d18b1c22f	1920	1080	21515.0	7.0	7957.0	24368.0	False	False	0.9851262340943019	0.9799747283980912
RollerCoastPas_1920x1080_2997_10	RollerCoastPas_1920x1080_2997_10	svtav1	svtav1_20200430_1851716_enc-mode0	60	20	0	3001485.0	3001.485	45.1145	45.32583333333332	43.870666666666665	45.112974	45.32468000000001	43.868529	97.11612478795126	2606249.0	43.43748333333333	4717.43	1920	1080	29.97	10	03eece61ef55887a15e2f4cff558c184	e1116d93507e00d047d9e9c6ce143022	1920	1080	20468.0	4.0	5827.0	23048.0	False	False	0.998663122455279	0.9969367392089564
RollerCoastPas_1920x1080_2997_10	RollerCoastPas_1920x1080_2997_10	svtav1	svtav1_20200430_1851716_enc-mode0	60	32	0	1353847.0	1353.847	43.96616666666669	44.614999999999974	43.101999999999975	43.962883	44.613877	43.101043	96.33085215342415	3093175.0	51.55291666666667	4833.69	1920	1080	29.97	10	e17f8f6438cb7c748d45357b5d88108d	60059661930250691ef6de5f3f562616	1920	1080	20854.0	6.0	4695.0	23679.0	False	False	0.9981301854054133	0.9960435180408175
RollerCoastPas_1920x1080_2997_10	RollerCoastPas_1920x1080_2997_10	svtav1	svtav1_20200430_1851716_enc-mode0	60	43	0	798753.0	798.753	42.501999999999995	43.76383333333334	42.36283333333333	42.494847	43.762951	42.361364	94.93623850374705	2963472.0	49.3912	4621.41	1920	1080	29.97	10	5a568c028b961b692c486183bcd9968b	9c9f792234cee41e85f566bc43319fc6	1920	1080	23489.0	5.0	4438.0	26747.0	False	False	0.9970969865719478	0.994479433025548
RollerCoastPas_1920x1080_2997_10	RollerCoastPas_1920x1080_2997_10	svtav1	svtav1_20200430_1851716_enc-mode0	60	55	0	339196.0	339.196	39.08516666666666	41.40033333333334	40.2085	39.067994	41.398275	40.20699	89.56740006028706	2267420.0	37.790333333333336	3541.65	1920	1080	29.97	10	04fef86667ce4e29dc3e7caf9430bc7b	181e7177c0b753017ca0f3222f1ec977	1920	1080	21931.0	9.0	3919.0	28106.0	False	False	0.9922809839248657	0.9880789331558385
RollerCoastPas_1920x1080_2997_10	RollerCoastPas_1920x1080_2997_10	svtav1	svtav1_20200430_1851716_enc-mode0	60	59	0	198557.0	198.557	36.44483333333333	39.404833333333336	38.38683333333333	36.429003	39.40304	38.385293	81.85476707300707	1549061.0	25.817683333333335	2583.95	1920	1080	29.97	10	41dfad85366f567ddd2cb05b7965c23a	45c43dedab330e2a2dab66ae6d603c97	1920	1080	20300.0	3.0	3754.0	22972.0	False	False	0.9844069361686707	0.9785475603110262
BarScene1_1920x1080_2997_10b	BarScene1_1920x1080_2997_10b	svtav1	svtav1_20200430_1851716_enc-mode0	60	20	0	1383829.0	1383.829	42.459166666666675	44.768499999999996	43.75066666666666	42.458786	44.768026	43.749682	93.1571768461887	2936458.0	48.94096666666667	4597.56	1920	1080	29.97	10	82e9ece8c36cdb651587be9256a55820	72d9ffe22c2191ddb20ed6261ef7ff76	1920	1080	22042.0	3.0	9870.0	24310.0	False	False	0.9958558817704518	0.9909876152212006
BarScene1_1920x1080_2997_10b	BarScene1_1920x1080_2997_10b	svtav1	svtav1_20200430_1851716_enc-mode0	60	32	0	441660.0	441.66	42.15266666666668	44.59916666666665	43.47283333333333	42.152464	44.598399	43.473161	92.02878471492339	2815163.0	46.919383333333336	4604.76	1920	1080	29.97	10	ce715c073d08fb6715ae7d1732f1d063	50653e650827cfe8ba8d23c1c35226ef	1920	1080	21601.0	5.0	3885.0	25208.0	False	False	0.9951761156320572	0.9900960865034725
BarScene1_1920x1080_2997_10b	BarScene1_1920x1080_2997_10b	svtav1	svtav1_20200430_1851716_enc-mode0	60	43	0	229686.0	229.686	41.674500000000016	44.42250000000002	43.325	41.67398	44.422905	43.325169	90.12903264193999	1916572.0	31.942866666666667	3062.32	1920	1080	29.97	10	2393c1576de685d597405d2b0862e46f	87a2e3b52a7df6a7ec94a4d853699d82	1920	1080	20116.0	4.0	3191.0	25680.0	False	False	0.9939618637164434	0.9885227208533185
BarScene1_1920x1080_2997_10b	BarScene1_1920x1080_2997_10b	svtav1	svtav1_20200430_1851716_enc-mode0	60	55	0	93492.0	93.492	40.43633333333335	43.84466666666664	42.870333333333335	40.435126	43.84453799999999	42.870123	83.21964561349908	1587587.0	26.459783333333334	2291.01	1920	1080	29.97	10	dea3f5aec1857cf2f22a1e465fa90880	68546f909453920cba635370b85d7dba	1920	1080	20313.0	3.0	2798.0	24254.0	False	False	0.9889988074700038	0.9833374923509166
BarScene1_1920x1080_2997_10b	BarScene1_1920x1080_2997_10b	svtav1	svtav1_20200430_1851716_enc-mode0	60	59	0	57722.0	57.722	39.341666666666654	43.185833333333356	42.36833333333331	39.339283	43.185459	42.368204	75.8891183587491	1288245.0	21.47075	2114.58	1920	1080	29.97	10	7c4893136cc59c7b4d8278c5e9681c9f	518840614c637317e1b1fd9b22235372	1920	1080	21422.0	7.0	3697.0	23413.0	False	False	0.9829128623008728	0.9778936991815539
DOTA2_60f_420	DOTA2_60f_420	svtav1	svtav1_20200430_1851716_enc-mode0	60	20	0	15174376.0	15174.376	45.46816666666666	49.18633333333332	49.31683333333332	45.415532	49.109043	49.281243	97.59362378923494	4746253.0	79.10421666666667	7622.81	1920	1080	60.0	8	22c4ec2f24120070615b4ee4a0c53237	7e7e0e97be0663fda6e5c81d9840abf6	1920	1080	12330.0	5.0	9778.0	24784.0	False	False	0.9986209293206533	0.9973444578179489
DOTA2_60f_420	DOTA2_60f_420	svtav1	svtav1_20200430_1851716_enc-mode0	60	32	0	7237288.0	7237.288	42.93450000000002	46.91366666666666	47.17316666666666	42.84944	46.809107	47.12333	95.7121947830083	4547675.0	75.79458333333334	7504.96	1920	1080	60.0	8	324e08585e7a34d061c450cc1ee567d5	a9ce9db841a84cb8ce373ea4330b8bbf	1920	1080	13015.0	7.0	8090.0	24293.0	False	False	0.9972598294417063	0.9950056663960845
DOTA2_60f_420	DOTA2_60f_420	svtav1	svtav1_20200430_1851716_enc-mode0	60	43	0	3494096.0	3494.096	40.24833333333333	44.4555	44.83366666666668	40.137567	44.334468	44.780504	91.93053877598226	2590042.0	43.167366666666666	3944.28	1920	1080	60.0	8	2c4c86835a970cca7ea8a41cc87943b3	74a2a7523c8ea07651ae460810399529	1920	1080	11941.0	4.0	7782.0	23992.0	False	False	0.9938012421131134	0.9897874735400313
DOTA2_60f_420	DOTA2_60f_420	svtav1	svtav1_20200430_1851716_enc-mode0	60	55	0	1364576.0	1364.576	36.649666666666675	41.15383333333336	41.43466666666667	36.565995	41.070024	41.403294	81.70528026353144	2272231.0	37.87051666666667	3134.76	1920	1080	60.0	8	8b079178366ec5059d373b4fc63ec2af	acead3c487215ece0ec81b77d013e404	1920	1080	12238.0	4.0	6451.0	28186.0	False	False	0.9805448780457179	0.9738677416168368
DOTA2_60f_420	DOTA2_60f_420	svtav1	svtav1_20200430_1851716_enc-mode0	60	59	0	819536.0	819.536	34.657000000000004	39.217166666666664	39.54949999999998	34.610757	39.169298	39.533069	72.43114814188856	1754217.0	29.23695	2657.13	1920	1080	60.0	8	7d2686b93db2e07c784ed072e9244092	5dc6a28b9e4bc11ad04a73a9f4c024d5	1920	1080	12594.0	5.0	6536.0	25519.0	False	False	0.964224190513293	0.9574714499630358
Netflix_Crosswalk_1920x1080_60fp	Netflix_Crosswalk_1920x1080_60fp	svtav1	svtav1_20200430_1851716_enc-mode0	60	20	0	7357280.0	7357.28	45.51133333333334	48.24566666666668	50.066666666666684	45.496031	48.238039	50.055694	99.02297247938039	4407024.0	73.4504	6959.87	1920	1080	60.0	8	c48740db80cdc35fba3a93ac89321c16	f10c20ce4c95a3f4fba0f00f7b5d95b3	1920	1080	12486.0	8.0	18839.0	28558.0	False	False	0.9975803772608439	0.9956684572905744
Netflix_Crosswalk_1920x1080_60fp	Netflix_Crosswalk_1920x1080_60fp	svtav1	svtav1_20200430_1851716_enc-mode0	60	32	0	3702136.0	3702.136	44.19266666666663	47.41450000000001	49.20433333333334	44.156271	47.401659	49.184794	95.60236782897361	4032756.0	67.2126	6649.29	1920	1080	60.0	8	e2beaf3cfeaea73f51037c2d6ce8485b	ee5ac7181574a1e117daa04174532081	1920	1080	9363.0	5.0	16445.0	24122.0	False	False	0.9958345194657644	0.9937462791909831
Netflix_Crosswalk_1920x1080_60fp	Netflix_Crosswalk_1920x1080_60fp	svtav1	svtav1_20200430_1851716_enc-mode0	60	43	0	1834000.0	1834.0	42.33683333333335	46.254333333333335	47.94899999999999	42.27808	46.241867	47.933804	88.88847700154626	2861057.0	47.68428333333333	4591.61	1920	1080	60.0	8	606ae20722a06c4455b68ce785ed4315	5351948b6ae5da34d3f09b65109601c1	1920	1080	9415.0	4.0	14287.0	23736.0	False	False	0.9917002111673355	0.9897343250585406
Netflix_Crosswalk_1920x1080_60fp	Netflix_Crosswalk_1920x1080_60fp	svtav1	svtav1_20200430_1851716_enc-mode0	60	55	0	865656.0	865.6560000000001	39.68666666666665	44.494499999999995	46.073666666666675	39.606361	44.479796	46.054322	74.92725998891738	1872433.0	31.207216666666667	3250.09	1920	1080	60.0	8	312d70d1c97da82910c5fa56e615b2a8	585acfb23ab32c59fa8838370f652064	1920	1080	9507.0	2.0	11925.0	22656.0	False	False	0.9807208448648452	0.9801678071422091
Netflix_Crosswalk_1920x1080_60fp	Netflix_Crosswalk_1920x1080_60fp	svtav1	svtav1_20200430_1851716_enc-mode0	60	59	0	621776.0	621.776	38.283	43.522166666666664	45.03799999999999	38.214332	43.512172	45.024837	65.72249397173675	2141356.0	35.68926666666667	3409.49	1920	1080	60.0	8	19a10e260de4adcd01a63836efedc6fb	6750ab9408833a89a04dc24dd19b4340	1920	1080	9498.0	8.0	11805.0	24113.0	False	False	0.9712786465883255	0.9723839051871764
STARCRAFT_60f_420	STARCRAFT_60f_420	svtav1	svtav1_20200430_1851716_enc-mode0	60	20	0	7600448.0	7600.448	50.454	53.34566666666667	53.36299999999999	50.438248	53.334167	53.355421	97.60774774849315	2312917.0	38.54861666666667	3836.01	1920	1080	60.0	8	3f6cf39a8304a37c2d3606216759f15e	8b2318d843caf65bca76ab2b82a75263	1920	1080	10967.0	4.0	3742.0	23336.0	False	False	0.9996307114760081	0.9992780506873938
STARCRAFT_60f_420	STARCRAFT_60f_420	svtav1	svtav1_20200430_1851716_enc-mode0	60	32	0	4290560.0	4290.56	47.01483333333331	51.01516666666668	51.21000000000001	46.995659	50.994237	51.19932099999999	96.82605189008682	2125620.0	35.427	3457.32	1920	1080	60.0	8	dbcb0222773ca70c48a96a43bebfd20d	d6a0c853d64ed241ec248058c2291f2b	1920	1080	10823.0	5.0	2943.0	22987.0	False	False	0.9990775297085445	0.9983586776082622
STARCRAFT_60f_420	STARCRAFT_60f_420	svtav1	svtav1_20200430_1851716_enc-mode0	60	43	0	2458568.0	2458.568	43.54066666666668	48.39833333333333	48.633500000000005	43.509197	48.365268	48.618569	95.14792424093415	1775210.0	29.586833333333335	2705.69	1920	1080	60.0	8	02c31f70a92b8fdc15551241fc37667d	8bc1bfe2727c497086915e8d12cbf8ce	1920	1080	10799.0	4.0	3865.0	25989.0	False	False	0.997841277718544	0.9964516475056039
STARCRAFT_60f_420	STARCRAFT_60f_420	svtav1	svtav1_20200430_1851716_enc-mode0	60	55	0	1048064.0	1048.064	38.5635	44.587666666666664	44.70600000000002	38.541197	44.559746	44.688358	89.75752290429467	1538332.0	25.638866666666665	2382.24	1920	1080	60.0	8	853a529da3f6314308abcb68ea4b1f8e	0f5879778a4d20df0e97a689f32800c1	1920	1080	11080.0	18.0	3019.0	24457.0	False	False	0.9922131448984146	0.9889322173523394
STARCRAFT_60f_420	STARCRAFT_60f_420	svtav1	svtav1_20200430_1851716_enc-mode0	60	59	0	614472.0	614.472	35.70516666666666	42.25649999999999	42.4065	35.69139499999999	42.240143	42.394729	83.15655125058167	1401240.0	23.354	2238.29	1920	1080	60.0	8	01271eaae095a7ccdf37ebb55fba7002	01600c9afd6178ec6c8f0c2c70639d6f	1920	1080	10851.0	4.0	3142.0	24058.0	False	False	0.9838294605414073	0.9787588215656078
blue_sky_360p_60f	blue_sky_360p_60f	svtav1	svtav1_20200430_1851716_enc-mode0	60	20	0	1282573.0	1282.573	44.46433333333335	45.52233333333333	47.276833333333336	44.355948	45.436122	47.214571	99.95579593850776	902269.0	15.037816666666666	1624.8	640	360	25.0	8	0ac361af4d03fd92e9e0a052e3680d6a	9612633ea62505e748bdd1f897c5a97a	640	360	1836.0	5.0	2252.0	3745.0	False	False	0.9929299165805181	0.9986144006627521
blue_sky_360p_60f	blue_sky_360p_60f	svtav1	svtav1_20200430_1851716_enc-mode0	60	32	0	643326.0	643.3259999999999	41.465333333333334	43.33949999999998	45.01900000000002	41.324202	43.23646	44.944543	99.93594858057811	921469.0	15.357816666666666	1589.74	640	360	25.0	8	481e6cc2c08bf50cf6907bd6e4efa2d1	68149e505e048af6769e8fc7a65c12eb	640	360	2009.0	5.0	1949.0	3009.0	False	False	0.9897042115529379	0.9978611710173485
blue_sky_360p_60f	blue_sky_360p_60f	svtav1	svtav1_20200430_1851716_enc-mode0	60	43	0	348573.0	348.573	38.7085	40.96300000000001	42.73716666666667	38.515901	40.867321999999994	42.681895000000004	99.42912753821774	605347.0	10.089116666666667	985.49	640	360	25.0	8	0e31570ac261cf6fca81117697bee756	afac6909b14c152192607fa9aa82b6d5	640	360	1952.0	3.0	1738.0	2918.0	False	False	0.9843320419390996	0.9964838501276871
blue_sky_360p_60f	blue_sky_360p_60f	svtav1	svtav1_20200430_1851716_enc-mode0	60	55	0	152080.0	152.08	34.86716666666667	37.158500000000004	39.370333333333335	34.746326	37.116064	39.349186	92.57869762586054	500639.0	8.343983333333334	847.87	640	360	25.0	8	29ee3556ead4c6dda3ca6daaffca479f	8ca9f0990ed1b3d4ab0b8b873403457a	640	360	1994.0	4.0	1714.0	3076.0	False	False	0.9680296341578166	0.9921658787324527
blue_sky_360p_60f	blue_sky_360p_60f	svtav1	svtav1_20200430_1851716_enc-mode0	60	59	0	95796.0	95.796	32.46766666666666	35.539999999999985	38.26483333333333	32.407982	35.523427	38.251557	85.75473880125244	417105.0	6.95175	718.58	640	360	25.0	8	2bc324a7cd850789f083b9daf6e2e726	a4225612efdbeb10128c6f7d2e652421	640	360	1765.0	3.0	1522.0	4117.0	False	False	0.9499739329020183	0.9869975462088907
dark720p_60f	dark720p_60f	svtav1	svtav1_20200430_1851716_enc-mode0	60	20	0	6761800.0	6761.8	45.93816666666666	42.96633333333333	44.394499999999994	45.92191	42.836798	44.324001	96.25283876394022	3310012.0	55.166866666666664	5577.89	1280	720	30.0	8	d7c74673b5999f8a4ed70bd2357b9a37	f8352303bf8aae540d00816c4bb5ad07	1280	720	4721.0	4.0	10689.0	10025.0	False	False	0.9942194253206253	0.9950007991609897
dark720p_60f	dark720p_60f	svtav1	svtav1_20200430_1851716_enc-mode0	60	32	0	1527664.0	1527.664	43.48866666666666	38.81333333333332	41.68750000000001	43.470617999999995	38.783833	41.677496	93.32989846619168	2498401.0	41.64001666666667	4404.94	1280	720	30.0	8	9961fb02c6f68a4f33d2028d3c4f9397	bd2d11d7c4e09b09d77ae56f42a055e2	1280	720	4901.0	7.0	8461.0	9771.0	False	False	0.9912818292776744	0.9927146167221477
dark720p_60f	dark720p_60f	svtav1	svtav1_20200430_1851716_enc-mode0	60	43	0	267184.0	267.184	42.218333333333334	36.89333333333334	40.79933333333333	42.205906	36.888785	40.793813	90.69595562848139	1395955.0	23.265916666666666	2350.5	1280	720	30.0	8	58bd998c9ab512823cee37a781111752	d1ffa3b4c75780d7d5cbd227230c4038	1280	720	5037.0	3.0	4710.0	10097.0	False	False	0.9895825843016307	0.9913697397821526
dark720p_60f	dark720p_60f	svtav1	svtav1_20200430_1851716_enc-mode0	60	55	0	112496.0	112.496	40.78633333333333	36.27300000000001	39.845666666666695	40.77332	36.270653	39.838	86.34908016673599	783427.0	13.057116666666667	1177.67	1280	720	30.0	8	5960b97e7731c525e21eba233caf1e56	dd18a3f8824c000f222fd7c1f9787cd9	1280	720	4903.0	6.0	3808.0	10564.0	False	False	0.9860153277715047	0.9886538854824285
dark720p_60f	dark720p_60f	svtav1	svtav1_20200430_1851716_enc-mode0	60	59	0	72060.0	72.06	39.22416666666667	35.48016666666667	38.779666666666664	39.216011	35.478962	38.76938499999999	81.04953849094203	784319.0	13.071983333333334	1261.75	1280	720	30.0	8	bb6692f2d398f6b5ca88d831b85a2bb5	bc11e5ee454ccf34d7c7fb3f36d9ca16	1280	720	5328.0	5.0	2672.0	10491.0	False	False	0.980303340156873	0.9843534927265934
gipsrestat720p_60f	gipsrestat720p_60f	svtav1	svtav1_20200430_1851716_enc-mode0	60	20	0	3267493.0	3267.493	44.81833333333332	47.39233333333334	49.00533333333331	44.800116	47.387006	49.001458	96.95318965448125	1450537.0	24.175616666666667	2691.52	1280	720	50.0	8	ff0e179fd5ddfd3fe01d27ef91694ef6	0b104d55a5c8d42d4c2248fd383cd00d	1280	720	5471.0	17.0	3360.0	9759.0	False	False	0.9976055065790812	0.9969444370767343
gipsrestat720p_60f	gipsrestat720p_60f	svtav1	svtav1_20200430_1851716_enc-mode0	60	32	0	1283593.0	1283.593	43.26233333333334	46.83749999999999	48.35116666666667	43.231625	46.833864	48.346776	95.79123283275639	1514479.0	25.241316666666666	2445.43	1280	720	50.0	8	2f2911117c4538303fd114035d689e78	cf644b480f7eab82db671a7d98caf523	1280	720	5620.0	4.0	2631.0	10191.0	False	False	0.9966436366240183	0.9959718795671831
gipsrestat720p_60f	gipsrestat720p_60f	svtav1	svtav1_20200430_1851716_enc-mode0	60	43	0	688666.0	688.666	41.67233333333333	46.04433333333334	47.36500000000001	41.619876	46.041563	47.360817	93.93181243307211	839379.0	13.98965	1510.51	1280	720	50.0	8	e864094b81a094af0b992eebc4102188	09ac48a8b84523a8e7e3a66a5367ed45	1280	720	5869.0	5.0	1977.0	9743.0	False	False	0.9950223058462143	0.9944776734585332
gipsrestat720p_60f	gipsrestat720p_60f	svtav1	svtav1_20200430_1851716_enc-mode0	60	55	0	326566.0	326.566	38.88266666666667	44.07533333333335	45.034000000000006	38.846156	44.073066	45.032929	89.30418838359441	798683.0	13.311383333333334	1363.02	1280	720	50.0	8	d4d8f869256cbedcd8188b33a2b83444	a7c5ad93cb08812b7eaa93b1b8153fc7	1280	720	5692.0	5.0	2150.0	10303.0	False	False	0.9891887853542963	0.9894419918967254
gipsrestat720p_60f	gipsrestat720p_60f	svtav1	svtav1_20200430_1851716_enc-mode0	60	59	0	203180.0	203.18	36.53033333333333	42.20983333333334	42.922	36.518147	42.2086	42.921081	83.54616586304807	843006.0	14.0501	1399.97	1280	720	50.0	8	827a6345f1a3f789293692a52dd65d7b	7c9180d608569c1f72ae40de2bf186b8	1280	720	6673.0	4.0	1735.0	10499.0	False	False	0.9810358246167501	0.982509849899266
kirland360p_60f	kirland360p_60f	svtav1	svtav1_20200430_1851716_enc-mode0	60	20	0	278964.0	278.964	47.389333333333326	48.407999999999994	49.63699999999999	47.30815599999999	48.388399	49.617289	96.01077502370717	538855.0	8.980916666666667	933.41	640	360	30.0	8	69af58f101e7034435e2bd54261fd547	97959ae37b6ebf4f577d24ec64972216	640	360	1550.0	6.0	841.0	2935.0	False	False	0.990932959318161	0.9974089188297043
kirland360p_60f	kirland360p_60f	svtav1	svtav1_20200430_1851716_enc-mode0	60	32	0	129640.0	129.64	46.01316666666666	47.940000000000005	48.87416666666668	45.873952	47.916201	48.842742	94.72016781237316	482069.0	8.034483333333334	852.26	640	360	30.0	8	cd378ccdd7475eec464d4dc13db53588	a6d1633900ca7a27bfbeb1d668f1efc2	640	360	1494.0	12.0	766.0	2896.0	False	False	0.9896239697933197	0.996939675657753
kirland360p_60f	kirland360p_60f	svtav1	svtav1_20200430_1851716_enc-mode0	60	43	0	71120.0	71.12000000000002	44.111833333333344	47.22433333333333	47.7075	43.870125	47.180626	47.601173	92.12711184486218	290015.0	4.833583333333333	497.91	640	360	30.0	8	8b81ad5191852dd6f55cb08102b87ac7	6fefd39ee7dbcbe3cdbb80b30e82f031	640	360	1335.0	4.0	545.0	2863.0	False	False	0.987197783589363	0.9960149184857571
kirland360p_60f	kirland360p_60f	svtav1	svtav1_20200430_1851716_enc-mode0	60	55	0	37360.0	37.36	41.09683333333335	46.108	45.927666666666696	40.755636	45.999808	45.637679	84.57708104578339	256405.0	4.273416666666667	435.9	640	360	30.0	8	0e7c69f851b6f9b128f5965fa5ee396a	0bffa92c0e75cf466abbfea8d713eb7e	640	360	1570.0	3.0	516.0	2999.0	False	False	0.9808939745028814	0.9936290884359243
kirland360p_60f	kirland360p_60f	svtav1	svtav1_20200430_1851716_enc-mode0	60	59	0	28260.0	28.26	39.3645	45.32349999999999	45.03266666666666	38.99313300000001	45.148139	44.692243	79.23089133543994	253427.0	4.2237833333333334	445.45	640	360	30.0	8	c3a165e0394b9d13e652a210066ef3b8	f77194e7d3672f17ef00f41a11989e66	640	360	1407.0	4.0	477.0	2859.0	False	False	0.9749141583840052	0.9910985153744972
niklas360p_60f	niklas360p_60f	svtav1	svtav1_20200430_1851716_enc-mode0	60	20	0	1392232.0	1392.232	44.38200000000001	47.752499999999976	47.43699999999999	44.294944	47.678268	47.349606	98.33722299138716	975052.0	16.250866666666667	1672.19	640	360	30.0	8	53d95d58fdd00c71f2cb2cf64545d1f9	5d8d8c55d09985629568836d1639cdaf	640	360	1686.0	4.0	1987.0	3007.0	False	False	0.9865218957265218	0.9968520884631062
niklas360p_60f	niklas360p_60f	svtav1	svtav1_20200430_1851716_enc-mode0	60	32	0	764336.0	764.336	41.92383333333335	46.310500000000005	45.78466666666667	41.832448	46.224297	45.685018	96.71406082303928	925396.0	15.423266666666667	1618.15	640	360	30.0	8	1efd988194aa87a54bfb2ef16d8dc6b5	1c9edfd0708cefea081f2c5215a564b9	640	360	1854.0	5.0	1717.0	3094.0	False	False	0.9810504525899887	0.9951413588376972
niklas360p_60f	niklas360p_60f	svtav1	svtav1_20200430_1851716_enc-mode0	60	43	0	407640.0	407.64	38.985333333333344	44.491500000000016	43.69933333333334	38.89868	44.450412	43.649794	93.02211030648617	732205.0	12.203416666666667	1266.12	640	360	30.0	8	f724d5f9becb0b0f1cbb6d9072b63ab9	a3fed038924a1a8bf1fd8f9287f9686b	640	360	1829.0	4.0	1415.0	3015.0	False	False	0.9710600982109706	0.9917570193570898
niklas360p_60f	niklas360p_60f	svtav1	svtav1_20200430_1851716_enc-mode0	60	55	0	200292.0	200.292	35.37800000000001	42.04950000000001	40.932166666666674	35.317863	42.016237	40.897314	85.25478382493885	438863.0	7.314383333333334	810.09	640	360	30.0	8	78b478dda2458354ed0fd7ab7cfdedad	66b6052970fed362ff4aca24d5136b8c	640	360	1792.0	3.0	1229.0	2889.0	False	False	0.9486851046482722	0.9829442879605145
niklas360p_60f	niklas360p_60f	svtav1	svtav1_20200430_1851716_enc-mode0	60	59	0	137716.0	137.716	33.44416666666667	40.783500000000004	39.41266666666666	33.408468	40.765539	39.382681	79.08707823729948	459365.0	7.656083333333333	636.89	640	360	30.0	8	6775c96e68809015dc107c84c4272f29	2782e981faed05eae4c161b4b2a46bcf	640	360	1646.0	3.0	1153.0	2892.0	False	False	0.9289523800214131	0.9745742646247673
shields_640x360_60f	shields_640x360_60f	svtav1	svtav1_20200430_1851716_enc-mode0	60	20	0	2274233.0	2274.233	42.415833333333325	45.52499999999999	47.19799999999999	42.277764	45.499002	47.122373	99.45735187063997	708369.0	11.80615	1339.55	640	360	50.0	8	d6045212084d942cabf746f882972b0d	f10e587f89526bb50304d02163b4b883	640	360	2662.0	4.0	1676.0	3000.0	False	False	0.9857802758614223	0.9982899057158255
shields_640x360_60f	shields_640x360_60f	svtav1	svtav1_20200430_1851716_enc-mode0	60	32	0	1209520.0	1209.52	40.61383333333336	43.94300000000002	45.503000000000014	40.410467	43.895444	45.38523	99.43734810320241	706345.0	11.772416666666667	1252.51	640	360	50.0	8	e7aa72ab783ecf37b411cb511e1bd6b0	59501cba92cf8cce9a6f58cce3f97141	640	360	2830.0	43.0	1530.0	3238.0	False	False	0.9810429910818735	0.9976205931116569
shields_640x360_60f	shields_640x360_60f	svtav1	svtav1_20200430_1851716_enc-mode0	60	43	0	637806.0	637.806	38.04000000000001	41.256166666666665	43.090833333333336	37.76045	41.168897	42.921099	99.37858947413689	472415.0	7.873583333333333	853.08	640	360	50.0	8	9b61e4652fb737b68b264ea66de5d4c7	5fb7a6b732ab998d59d3433c81d84a36	640	360	2591.0	4.0	1188.0	3021.0	False	False	0.9697397470474243	0.9957822659178693
shields_640x360_60f	shields_640x360_60f	svtav1	svtav1_20200430_1851716_enc-mode0	60	55	0	324593.0	324.593	34.5995	38.14350000000001	40.27016666666667	34.247024	37.981438	40.023763	95.5766572495917	476184.0	7.9364	776.81	640	360	50.0	8	9bbcfaefe0f96c526ac3ebd229828078	25d50ce842d12f96d12b78f71e59e0ff	640	360	2654.0	7.0	1127.0	2986.0	False	False	0.9426868667205175	0.990403484633665
shields_640x360_60f	shields_640x360_60f	svtav1	svtav1_20200430_1851716_enc-mode0	60	59	0	217800.0	217.8	32.346166666666676	36.577499999999986	38.556666666666665	31.939308	36.370288	38.318495	90.04569375016624	401203.0	6.686716666666666	698.38	640	360	50.0	8	54cd9ebca88a4be8288c0248efb16bfa	768b583ac73ee1d9f391d4f10878d8c3	640	360	2335.0	3.0	929.0	4774.0	False	False	0.9110202590624491	0.9830232009241301
thaloundeskmtg360p_60f	thaloundeskmtg360p_60f	svtav1	svtav1_20200430_1851716_enc-mode0	60	20	0	918376.0	918.376	44.755499999999984	48.75866666666669	48.7855	44.572685	48.705146	48.74491	96.98317328136963	656778.0	10.9463	1136.19	640	360	30.0	8	8bf201ebeba02ff31338d4bb2fe0db54	507754fce33acfed2a6f123f4324af51	640	360	1848.0	5.0	1229.0	2919.0	False	False	0.9925744344790777	0.9984346324595205
thaloundeskmtg360p_60f	thaloundeskmtg360p_60f	svtav1	svtav1_20200430_1851716_enc-mode0	60	32	0	478796.0	478.796	43.18900000000001	47.470833333333346	47.62349999999999	42.959403	47.419305	47.587072	95.85301601065159	705672.0	11.7612	1296.4	640	360	30.0	8	1ea565c3a268c2cedfcb66371911d6d0	03e911e9d7906cab89c73e478804c805	640	360	1761.0	7.0	918.0	2922.0	False	False	0.9903017461299897	0.9977150537477989
thaloundeskmtg360p_60f	thaloundeskmtg360p_60f	svtav1	svtav1_20200430_1851716_enc-mode0	60	43	0	257276.0	257.276	41.119499999999995	45.81616666666667	45.93833333333334	40.808161	45.785453	45.915289	93.6930201158437	540374.0	9.006233333333334	999.2	640	360	30.0	8	e3ffef21d4062fe4313da6d205b41b90	be29167d9a85d253efb1dff7c0817164	640	360	2096.0	4.0	757.0	3036.0	False	False	0.9864764451980591	0.9963801000146933
thaloundeskmtg360p_60f	thaloundeskmtg360p_60f	svtav1	svtav1_20200430_1851716_enc-mode0	60	55	0	127848.0	127.848	37.8145	42.96616666666667	43.05916666666666	37.5786	42.943874	43.046773	87.74238523443364	362442.0	6.0407	596.74	640	360	30.0	8	e25fea0614e1954d275ccb1b056ffcc4	9c7ae30f5c797dee4d90e0df69ab542d	640	360	1702.0	5.0	660.0	3106.0	False	False	0.9768974383672079	0.9924752400796166
thaloundeskmtg360p_60f	thaloundeskmtg360p_60f	svtav1	svtav1_20200430_1851716_enc-mode0	60	59	0	83860.0	83.86	35.50200000000002	40.93866666666667	40.972999999999985	35.179875	40.931647	40.960732	81.97461153418963	343930.0	5.732166666666667	569.78	640	360	30.0	8	3ee126301de167741e30e80af3b0cda0	90d7022d3a322afcf5ce8cb86d9028e6	640	360	1671.0	3.0	746.0	4882.0	False	False	0.9665048201878865	0.9876070668089454
vidyo4_720p_60fps_60f	vidyo4_720p_60fps_60f	svtav1	svtav1_20200430_1851716_enc-mode0	60	20	0	5010984.0	5010.984	44.21766666666666	49.965500000000006	50.2535	44.177366	49.960052	50.248768	97.74098231605662	2154365.0	35.906083333333335	3493.69	1280	720	60.0	8	8fd69150606b5bcc9975fd00ef96ae19	a04e1f65fe7051cad56d4368355fc477	1280	720	5194.0	3.0	4912.0	11676.0	False	False	0.9964255779981613	0.9956477618806708
vidyo4_720p_60fps_60f	vidyo4_720p_60fps_60f	svtav1	svtav1_20200430_1851716_enc-mode0	60	32	0	1809520.0	1809.52	42.800500000000014	49.317666666666675	49.67100000000001	42.752249	49.307821	49.663965	96.45653429583923	1815153.0	30.25255	3066.75	1280	720	60.0	8	62381aa2471c48a2278095ffef5bb647	8e377c91a6716af68ec5271785d4b64a	1280	720	5671.0	6.0	4002.0	10248.0	False	False	0.9946569313605627	0.99388028645789
vidyo4_720p_60fps_60f	vidyo4_720p_60fps_60f	svtav1	svtav1_20200430_1851716_enc-mode0	60	43	0	907384.0	907.384	41.43566666666667	48.463	48.776000000000025	41.36964	48.447688	48.766199	94.42261292267936	985744.0	16.429066666666667	1763.22	1280	720	60.0	8	e323f983d390b593a9295ed57ab7ccdb	bcf55631f12c3081c03b723a6da2907c	1280	720	4829.0	33.0	3017.0	9654.0	False	False	0.991873636841774	0.9913987417566431
vidyo4_720p_60fps_60f	vidyo4_720p_60fps_60f	svtav1	svtav1_20200430_1851716_enc-mode0	60	55	0	415272.0	415.272	39.09016666666667	46.642833333333336	46.748666666666665	39.02176	46.628594	46.737191	89.16964526493082	859522.0	14.325366666666667	1511.79	1280	720	60.0	8	e58ddd6343f96dba00120f9f3fc8b988	c227bf1350ca6831cf7777d171f2a771	1280	720	4956.0	3.0	2567.0	10374.0	False	False	0.9832196315129598	0.9844011164401086
vidyo4_720p_60fps_60f	vidyo4_720p_60fps_60f	svtav1	svtav1_20200430_1851716_enc-mode0	60	59	0	267856.0	267.856	37.3615	44.87266666666666	44.990500000000004	37.307261	44.864139	44.980696	83.06914594868651	812450.0	13.540833333333333	1315.65	1280	720	60.0	8	b76d8e0b58201ad92e8df59e915d9de5	36a683d9528f14cfa77bb928de91101c	1280	720	5686.0	3.0	2451.0	13287.0	False	False	0.9730499585469564	0.9765278877818269
Aerial_1920x1080_2997_10b	Aerial_1920x1080_2997_10b	svtav1	svtav1_20200430_1851716_enc-mode0	60	20	0	9263795.0	9263.795	43.56566666666666	46.00016666666667	45.32466666666664	43.516897	45.981304	45.309034	96.43316679949923	4427647.0	73.79411666666667	7326.22	1920	1080	29.97	10	a460e82108708db992d5546fcb3ddd46	fe85ddfcd889b07113a1204c780f34da	1920	1080	26194.0	4.0	10770.0	24131.0	False	False	0.9989810387293497	0.9979551703757835
Aerial_1920x1080_2997_10b	Aerial_1920x1080_2997_10b	svtav1	svtav1_20200430_1851716_enc-mode0	60	32	0	4716565.0	4716.565	41.61116666666665	44.54233333333333	44.08150000000001	41.55574	44.530088	44.072936	95.220499698327	4262399.0	71.03998333333334	6619.44	1920	1080	29.97	10	0ce60bbee18174be47efa7628e3d339a	806fbb8552ce0ee12527b91769ca3209	1920	1080	23561.0	5.0	8710.0	24053.0	False	False	0.9984077910582224	0.9969494182822936
Aerial_1920x1080_2997_10b	Aerial_1920x1080_2997_10b	svtav1	svtav1_20200430_1851716_enc-mode0	60	43	0	2890103.0	2890.103	39.575500000000005	43.1025	42.95933333333334	39.509033	43.092075	42.955202	93.07068088435167	3646620.0	60.777	5999.37	1920	1080	29.97	10	e62f9f7c93566497a47d98df39d233b3	062986afd984180904bc06dff78c790c	1920	1080	23394.0	6.0	6732.0	24095.0	False	False	0.9974003156026204	0.9952185479151183
Aerial_1920x1080_2997_10b	Aerial_1920x1080_2997_10b	svtav1	svtav1_20200430_1851716_enc-mode0	60	55	0	1191920.0	1191.9200000000003	35.25083333333335	40.141499999999965	40.73383333333334	35.231811	40.13907	40.733351	86.05020891928447	2912322.0	48.5387	4420.1	1920	1080	29.97	10	31695ee294f25242a5de5ad0c5e6ede2	17344cb5ac322d3b54a443abb8ec2063	1920	1080	24133.0	5.0	6935.0	25140.0	False	False	0.9928616652886073	0.9871180003253406
Aerial_1920x1080_2997_10b	Aerial_1920x1080_2997_10b	svtav1	svtav1_20200430_1851716_enc-mode0	60	59	0	616476.0	616.476	32.14666666666667	38.45916666666669	39.60866666666664	32.142612	38.45819199999999	39.609094	77.16625251464141	2646417.0	44.10695	4166.89	1920	1080	29.97	10	7da18bccfb24b52dbf418e9fae712a7f	6af498a29315f96f93f542c65f9220c1	1920	1080	23726.0	5.0	5161.0	25196.0	False	False	0.9843478242556254	0.9715551551573939
Sintel_Dragons_1920x816_24_10b	Sintel_Dragons_1920x816_24_10b	svtav1	svtav1_20200430_1851716_enc-mode0	60	20	0	5068345.0	5068.345	46.918833333333325	51.24633333333335	51.37350000000001	46.865345	51.220238	51.331381	99.91460881765211	5357380.0	89.28966666666666	8959.08	1920	816	24.0	10	daf8c1afaaa70f63398d0dc0b4cfc339	b6c5a746558325a200e052231cf172cd	1920	816	10854.0	6.0	16163.0	16979.0	False	False	0.9967254936695099	0.9968777738537312
Sintel_Dragons_1920x816_24_10b	Sintel_Dragons_1920x816_24_10b	svtav1	svtav1_20200430_1851716_enc-mode0	60	32	0	2591027.0	2591.027	43.777333333333324	48.77049999999999	48.81299999999999	43.730225	48.731267	48.743325	99.87259962895182	4622324.0	77.03873333333334	8211.06	1920	816	24.0	10	e788009db6f463461e6cf0974c3866f5	0ecbf2ff122226725df9aefd6c93b665	1920	816	10639.0	4.0	13513.0	16270.0	False	False	0.9939893811941147	0.9944278012974307
Sintel_Dragons_1920x816_24_10b	Sintel_Dragons_1920x816_24_10b	svtav1	svtav1_20200430_1851716_enc-mode0	60	43	0	1362272.0	1362.272	40.82333333333334	46.32533333333333	46.36616666666667	40.773816	46.277817	46.285008	97.84894756851969	4418415.0	73.64025	7399.71	1920	816	24.0	10	55b83fde1831eaab879d2406297bfec1	e4e9725f0ea315f7a359589870426138	1920	816	10974.0	10.0	12734.0	17098.0	False	False	0.9884881685177486	0.9897763763658726
Sintel_Dragons_1920x816_24_10b	Sintel_Dragons_1920x816_24_10b	svtav1	svtav1_20200430_1851716_enc-mode0	60	55	0	670956.0	670.956	37.51349999999999	43.532833333333336	43.655166666666666	37.465833	43.477399	43.566872	85.3723298024549	3002415.0	50.04025	5152.39	1920	816	24.0	10	5975664266dbfcbae85c10ea2ef065b4	d27903a18876c3ea37ee45d6ef361d33	1920	816	10836.0	4.0	11568.0	16611.0	False	False	0.9758703877528508	0.9795205103687273
Sintel_Dragons_1920x816_24_10b	Sintel_Dragons_1920x816_24_10b	svtav1	svtav1_20200430_1851716_enc-mode0	60	59	0	481174.0	481.174	35.906166666666664	42.06466666666665	42.25616666666668	35.872661	42.030459	42.190073	76.28156900258047	2945851.0	49.097516666666664	4634.81	1920	816	24.0	10	a0ea42d6c7ea8416b4ac50d9b9ba5d64	36b1f6944363a62cab1a2e5c6407b5e4	1920	816	11413.0	3.0	10430.0	17346.0	False	False	0.9658321350812912	0.9714513585339085
Market3_1920x1080p_50_10b_pq_709	Market3_1920x1080p_50_10b_pq_709	svtav1	svtav1_20200430_1851716_enc-mode0	60	20	0	12453120.0	12453.12	44.931666666666686	51.446666666666665	52.41250000000001	44.911001000000006	51.437963	52.406728	99.8321628626805	5563081.0	92.71801666666667	9268.21	1920	1080	50.0	10	71f5c5292c8b53588ef0d7d3665d9739	287649b6e349863ba8f388e250190ea4	1920	1080	21242.0	9.0	15374.0	24500.0	False	False	0.999204350511233	0.998204040900889
Market3_1920x1080p_50_10b_pq_709	Market3_1920x1080p_50_10b_pq_709	svtav1	svtav1_20200430_1851716_enc-mode0	60	32	0	6231033.0	6231.033	42.182833333333306	49.22483333333333	50.35966666666664	42.151086	49.218499	50.356849	98.78403023880502	5362727.0	89.37878333333333	8719.96	1920	1080	50.0	10	71845929d6eb49e8e3be173776f6ca13	319da9c0313d088de314c866dfe5d63e	1920	1080	21499.0	7.0	13510.0	23707.0	False	False	0.9985010127226511	0.9966862494000357
Market3_1920x1080p_50_10b_pq_709	Market3_1920x1080p_50_10b_pq_709	svtav1	svtav1_20200430_1851716_enc-mode0	60	43	0	3260226.0	3260.226	39.403499999999994	47.26033333333334	48.60183333333332	39.362147	47.255871	48.600564	95.49502137273815	4250338.0	70.83896666666666	6979.6	1920	1080	50.0	10	b0109ffc4bbef27f5a3280bab46eb1c1	8092a7c449b502e5b8fdefa1d3838e42	1920	1080	25692.0	9.0	11557.0	25006.0	False	False	0.9967699517806371	0.9931824810337047
Market3_1920x1080p_50_10b_pq_709	Market3_1920x1080p_50_10b_pq_709	svtav1	svtav1_20200430_1851716_enc-mode0	60	55	0	1308400.0	1308.4	35.534166666666664	44.520833333333336	46.16233333333335	35.507248	44.51973	46.161288	86.4341810385212	2777996.0	46.299933333333335	4420.73	1920	1080	50.0	10	d5dd88bd006c00ec6165ab96c8be0a9f	46a4199227f9964951fddbdf2174212a	1920	1080	20179.0	4.0	10590.0	24398.0	False	False	0.9889489670594533	0.9796689891343007
Market3_1920x1080p_50_10b_pq_709	Market3_1920x1080p_50_10b_pq_709	svtav1	svtav1_20200430_1851716_enc-mode0	60	59	0	807153.0	807.153	33.64683333333333	43.11800000000002	44.70749999999998	33.633023	43.117812	44.704052	78.1231100532681	2924540.0	48.742333333333335	4711.42	1920	1080	50.0	10	3d80e5fbc733f9dd937ef9a81807f212	f87962b2a82711ce4921c7d43f8d60f5	1920	1080	20797.0	4.0	11365.0	25560.0	False	False	0.979999229311943	0.9670048602433449
ShowGirl2TeaserClip4000_1920x108	ShowGirl2TeaserClip4000_1920x108	svtav1	svtav1_20200430_1851716_enc-mode0	60	20	0	2902936.0	2902.936	42.400833333333324	46.65633333333334	49.51999999999998	42.398567	46.653728	49.516861	95.40076329255052	4427342.0	73.78903333333334	7495.47	1920	1080	25.0	10	00bd3dcf711c316e12f0db0080fc6839	6d1a45613a301a05b016ae17fd8f368a	1920	1080	22129.0	6.0	11110.0	24979.0	False	False	0.9961115310589472	0.9915150332369665
ShowGirl2TeaserClip4000_1920x108	ShowGirl2TeaserClip4000_1920x108	svtav1	svtav1_20200430_1851716_enc-mode0	60	32	0	1259023.0	1259.023	41.67000000000001	46.26033333333332	48.844499999999975	41.664075	46.257474	48.842883	93.47428968431164	4787838.0	79.7973	7916.62	1920	1080	25.0	10	c70e3c10ba99c6317b9cecfadb664186	7985b233839fe18e1fcc8243c876ca48	1920	1080	20353.0	4.0	9157.0	25819.0	False	False	0.9950426350037257	0.9901684395498466
ShowGirl2TeaserClip4000_1920x108	ShowGirl2TeaserClip4000_1920x108	svtav1	svtav1_20200430_1851716_enc-mode0	60	43	0	673100.0	673.1	40.64633333333333	45.80149999999997	48.05649999999998	40.627743	45.798847	48.05536300000001	90.05399905140958	2392801.0	39.88001666666667	4282.35	1920	1080	25.0	10	23f9a3dda7edfebcd1624a321b31231d	2f02459d1011f6727d3d8e4cee4c5abd	1920	1080	21176.0	4.0	7366.0	22809.0	False	False	0.9930784036715825	0.9879678074006483
ShowGirl2TeaserClip4000_1920x108	ShowGirl2TeaserClip4000_1920x108	svtav1	svtav1_20200430_1851716_enc-mode0	60	55	0	285530.0	285.53	38.4175	44.617499999999964	46.333999999999996	38.386136	44.61574600000001	46.332489	80.96682345589011	2088357.0	34.80595	3552.79	1920	1080	25.0	10	b359cccaf362bf3f1995fe8879bd9853	bf79dc18698d269bc1fbd91caabce127	1920	1080	20256.0	3.0	7781.0	24446.0	False	False	0.9865701784690221	0.9810137371529938
ShowGirl2TeaserClip4000_1920x108	ShowGirl2TeaserClip4000_1920x108	svtav1	svtav1_20200430_1851716_enc-mode0	60	59	0	176836.0	176.83599999999998	36.75583333333335	43.526333333333326	45.13883333333334	36.732342	43.525974	45.138436	72.6776039471261	2192975.0	36.54958333333333	3517.93	1920	1080	25.0	10	8f8e320a62931fad958433152998976c	bacfcec1711d98fa977efbeaa6b7b28e	1920	1080	21348.0	7.0	6491.0	26085.0	False	False	0.9787013441324234	0.9729332587484192
Starting_1920x1080p_50_10b_pq_70	Starting_1920x1080p_50_10b_pq_70	svtav1	svtav1_20200430_1851716_enc-mode0	60	20	0	4158626.0	4158.626	46.80000000000002	49.66333333333334	51.327499999999986	46.748476	49.608979	51.250799	96.72815040776617	2793985.0	46.56641666666667	4365.12	1920	1080	50.0	10	a7eb0ca40bf2c2569df91063a5ddf24e	c629194a9982312c736303bc78e7b6c0	1920	1080	18560.0	4.0	9462.0	24968.0	False	False	0.9991737296183903	0.9980760040552744
Starting_1920x1080p_50_10b_pq_70	Starting_1920x1080p_50_10b_pq_70	svtav1	svtav1_20200430_1851716_enc-mode0	60	32	0	2202666.0	2202.666	45.323666666666675	48.56783333333335	49.85583333333334	45.255395	48.533182	49.814295	95.53876738954277	2756181.0	45.93635	4395.81	1920	1080	50.0	10	8bcd071a6a8226d88af8b2477ac29f54	77ec0f649d20425c0f3ab34fd8cd596c	1920	1080	19050.0	4.0	8431.0	23989.0	False	False	0.9986718724171321	0.9973326106195212
Starting_1920x1080p_50_10b_pq_70	Starting_1920x1080p_50_10b_pq_70	svtav1	svtav1_20200430_1851716_enc-mode0	60	43	0	1294646.0	1294.646	43.493833333333356	47.32966666666666	48.17983333333335	43.412158	47.319925	48.1677	93.46837031354563	2208077.0	36.80128333333333	3467.24	1920	1080	50.0	10	7da3f639094a89dc8632741e108b97de	d370bfa8edb104d14b41be29e0ef211c	1920	1080	18195.0	3.0	8209.0	24234.0	False	False	0.9977801372607549	0.9961074488946104
Starting_1920x1080p_50_10b_pq_70	Starting_1920x1080p_50_10b_pq_70	svtav1	svtav1_20200430_1851716_enc-mode0	60	55	0	552020.0	552.02	39.639333333333326	44.84866666666667	45.151333333333326	39.590867	44.848288	45.150332	86.33725324150805	2111652.0	35.1942	3481.58	1920	1080	50.0	10	c913665c8296b2dfb27d13ad0aafe21a	c7fd208c914962c1eb54a18dd5e10ac9	1920	1080	19346.0	6.0	6665.0	26061.0	False	False	0.993815948565801	0.9908087263095565
Starting_1920x1080p_50_10b_pq_70	Starting_1920x1080p_50_10b_pq_70	svtav1	svtav1_20200430_1851716_enc-mode0	60	59	0	318286.0	318.286	36.93599999999999	43.194500000000026	43.375666666666625	36.916171	43.1943	43.37524	77.89363615252897	1924075.0	32.06791666666667	3009.59	1920	1080	50.0	10	471be353e2f88a27e385eb9c7d4568e1	1db4ef097424d21888d308e174e2babc	1920	1080	18509.0	6.0	8453.0	24993.0	False	False	0.9876474599043529	0.9827640953687733
Netflix_DrivingPOV_1280x720_60fp	Netflix_DrivingPOV_1280x720_60fp	svtav1	svtav1_20200430_1851716_enc-mode0	60	20	0	11040128.0	11040.128	42.75533333333333	46.397499999999994	45.09749999999999	42.732297	46.389198	45.091672	99.68691223901706	3311335.0	55.188916666666664	5466.06	1280	720	60.0	8	bcfba23d2409a39e19def47d7212e124	3779d2deff3b70dde2a68f2b85524d57	1280	720	6889.0	4.0	7245.0	9984.0	False	False	0.9980025390783945	0.9974279951979624
Netflix_DrivingPOV_1280x720_60fp	Netflix_DrivingPOV_1280x720_60fp	svtav1	svtav1_20200430_1851716_enc-mode0	60	32	0	5186784.0	5186.784	40.2865	45.099666666666664	44.131166666666665	40.248554	45.086062	44.125634	98.56406758868428	3354257.0	55.90428333333333	5508.71	1280	720	60.0	8	ae3c6a4c377b6a376ebf10ace0d4bad8	8688ce3fd82d139b0ea2f5e2732e206f	1280	720	7707.0	10.0	6718.0	10786.0	False	False	0.9963693966468176	0.9953821952344905
Netflix_DrivingPOV_1280x720_60fp	Netflix_DrivingPOV_1280x720_60fp	svtav1	svtav1_20200430_1851716_enc-mode0	60	43	0	2641312.0	2641.312	37.87516666666667	43.60733333333336	43.11966666666668	37.809542	43.58679399999999	43.113193	96.14037512579203	2606976.0	43.4496	4320.78	1280	720	60.0	8	14a700c107efe125cb612575ef8f1a50	44a44c932d28f8990fa4973717c0ba35	1280	720	7632.0	7.0	5740.0	10284.0	False	False	0.9920348495244979	0.991042546883524
Netflix_DrivingPOV_1280x720_60fp	Netflix_DrivingPOV_1280x720_60fp	svtav1	svtav1_20200430_1851716_enc-mode0	60	55	0	1114848.0	1114.8480000000002	34.657666666666664	41.19633333333332	41.47933333333333	34.603474	41.180188	41.47316	89.493824740084	1433671.0	23.894516666666668	2372.39	1280	720	60.0	8	30ba8b37416be4801bc11e4b179d6552	9e67700e5f1c3e8eba320e09ac80c33d	1280	720	6705.0	4.0	5504.0	12268.0	False	False	0.9846764832735062	0.9836004514526911
Netflix_DrivingPOV_1280x720_60fp	Netflix_DrivingPOV_1280x720_60fp	svtav1	svtav1_20200430_1851716_enc-mode0	60	59	0	686056.0	686.056	32.67683333333334	39.55333333333333	40.290499999999994	32.651959	39.547415	40.287459	83.13988783435859	1318522.0	21.975366666666666	2153.31	1280	720	60.0	8	636ee4b0c775e2fe1d44f64d619e2a8f	1a38f2e7a1224b0400117eae5cff41e7	1280	720	7306.0	6.0	4905.0	10628.0	False	False	0.9769794344902039	0.9755529157795891
Netflix_PierSeaside_1920x1080_60	Netflix_PierSeaside_1920x1080_60	svtav1	svtav1_20200430_1851716_enc-mode0	60	20	0	7738464.0	7738.463999999999	45.484000000000016	47.471833333333365	45.5435	45.451743	47.457241	45.527765	99.87433778152439	3228385.0	53.806416666666664	5733.61	1920	1080	60.0	8	40b05e376c2dfb5ffa17d89cd126beb5	173beef35fcbdba856e9999b7a4f25b3	1920	1080	14481.0	6.0	10915.0	23561.0	False	False	0.9981086721022924	0.9969175431566587
Netflix_PierSeaside_1920x1080_60	Netflix_PierSeaside_1920x1080_60	svtav1	svtav1_20200430_1851716_enc-mode0	60	32	0	3203872.0	3203.872	43.705000000000005	46.65983333333334	44.90983333333333	43.638386	46.642592	44.893087	99.38840583321193	3056399.0	50.93998333333333	5178.51	1920	1080	60.0	8	3d0cc80810134dec9b20dc154a73bc35	02bd31ce3639c2945725aee08c502e02	1920	1080	10650.0	5.0	9688.0	23773.0	False	False	0.9970525731643041	0.9952924623197174
Netflix_PierSeaside_1920x1080_60	Netflix_PierSeaside_1920x1080_60	svtav1	svtav1_20200430_1851716_enc-mode0	60	43	0	1464656.0	1464.656	41.669	45.482333333333344	44.12833333333333	41.58521	45.466731	44.114619999999995	97.39436395939569	1583435.0	26.390583333333332	2797.6	1920	1080	60.0	8	7a31783b44ba54bd848950004e242a81	d7e525d2e8862f63c831a48967017b85	1920	1080	10337.0	2.0	8546.0	22425.0	False	False	0.9949023167292277	0.9922223309055008
Netflix_PierSeaside_1920x1080_60	Netflix_PierSeaside_1920x1080_60	svtav1	svtav1_20200430_1851716_enc-mode0	60	55	0	571168.0	571.168	38.751999999999995	43.06783333333332	42.323333333333316	38.683087	43.055576	42.313878	91.23498695191428	1366437.0	22.77395	2189.74	1920	1080	60.0	8	199acf8ef302843e8ccd5365b39695f7	66faea91d3e6a0631b4e956848850741	1920	1080	10427.0	3.0	8336.0	22983.0	False	False	0.9892842719952265	0.985290846395142
Netflix_PierSeaside_1920x1080_60	Netflix_PierSeaside_1920x1080_60	svtav1	svtav1_20200430_1851716_enc-mode0	60	59	0	327248.0	327.248	36.747666666666674	41.275333333333336	40.82666666666668	36.706612	41.269437	40.821823	84.17622116282591	1317942.0	21.9657	2023.09	1920	1080	60.0	8	0d8d06585bf1e85c9075580c1410bb84	2daa2d35874f9b10932c03dad74cdec9	1920	1080	10573.0	5.0	8436.0	23247.0	False	False	0.983850841720899	0.9789699168539224
Netflix_RollerCoaster_1280x720_6	Netflix_RollerCoaster_1280x720_6	svtav1	svtav1_20200430_1851716_enc-mode0	60	20	0	8077200.0	8077.2	44.7425	46.65833333333333	46.6935	44.72723899999999	46.646579	46.686006	99.90398817319665	3017985.0	50.29975	5436.27	1280	720	60.0	8	4e47239b41b8446fab4ec690140a38bb	c5e8f5c3c8839b260a95001010d1802f	1280	720	6361.0	4.0	7622.0	9702.0	False	False	0.9979005982478459	0.9975088349988955
Netflix_RollerCoaster_1280x720_6	Netflix_RollerCoaster_1280x720_6	svtav1	svtav1_20200430_1851716_enc-mode0	60	32	0	4019840.0	4019.8400000000006	42.47350000000001	44.9535	45.36316666666668	42.448174	44.929733000000006	45.350896	99.84368962120462	2822506.0	47.04176666666667	4914.74	1280	720	60.0	8	89c0c2494acf2a207a2d6c8bce57728d	59a36fa557542db010cf37143e9b7e74	1280	720	5683.0	7.0	6609.0	10245.0	False	False	0.9963770677646001	0.9958934801262093
Netflix_RollerCoaster_1280x720_6	Netflix_RollerCoaster_1280x720_6	svtav1	svtav1_20200430_1851716_enc-mode0	60	43	0	2101248.0	2101.248	40.09083333333332	43.020999999999994	43.793166666666664	40.048995	42.989684	43.778711	97.69640234110057	2194309.0	36.57181666666666	3514.44	1280	720	60.0	8	8ec3f62f918ec388a81d6320e529819b	d97cd36ca8611021733d09528bab4a0c	1280	720	5732.0	4.0	5948.0	10151.0	False	False	0.9932830820480982	0.9927611334189194
Netflix_RollerCoaster_1280x720_6	Netflix_RollerCoaster_1280x720_6	svtav1	svtav1_20200430_1851716_enc-mode0	60	55	0	949304.0	949.304	36.73166666666666	40.157666666666664	41.508	36.691995	40.12083599999999	41.48886	88.34397575257347	1576709.0	26.278483333333334	2553.0	1280	720	60.0	8	4ed7b571d1126e3c24bdd246982d9f6e	116acb0774208bca23d660df32e1de3c	1280	720	5629.0	4.0	6256.0	10711.0	False	False	0.9827752749125163	0.9829538920725996
Netflix_RollerCoaster_1280x720_6	Netflix_RollerCoaster_1280x720_6	svtav1	svtav1_20200430_1851716_enc-mode0	60	59	0	631816.0	631.816	34.837666666666664	38.382499999999986	40.174833333333325	34.807227	38.350271	40.155303	79.54379189522646	1484418.0	24.7403	2496.88	1280	720	60.0	8	b08cf2d35acd7b94cff4ffd30a6f2758	f48bd793c3dcae0696e816ab3383d157	1280	720	5883.0	4.0	5839.0	10536.0	False	False	0.9707380870978037	0.9727879330886707
red_kayak_360p_60f	red_kayak_360p_60f	svtav1	svtav1_20200430_1851716_enc-mode0	60	20	0	9079649.0	9079.649	41.101000000000006	44.67716666666666	49.277	41.066277	44.656711	49.26938400000001	99.8709793391361	2390427.0	39.84045	4299.51	640	360	29.97	8	75965834c8a9d62cb6c6f84bfa5d837b	31d98ca8637291893803c332f48434d9	640	360	2456.0	3.0	3833.0	3083.0	False	False	0.9723152240117391	0.9942355394245062
red_kayak_360p_60f	red_kayak_360p_60f	svtav1	svtav1_20200430_1851716_enc-mode0	60	32	0	5311782.0	5311.782	36.4805	42.186833333333325	48.0525	36.416777	42.164626	48.034889	99.67700238855278	2103685.0	35.061416666666666	3966.59	640	360	29.97	8	48829e0c6f6ebdfa44e541909e55f6e2	1b08d1e7b94029d8998dde497a66b9e3	640	360	1932.0	3.0	3386.0	2960.0	False	False	0.9396688014268875	0.98574506221333
red_kayak_360p_60f	red_kayak_360p_60f	svtav1	svtav1_20200430_1851716_enc-mode0	60	43	0	2373325.0	2373.325	31.8745	39.752833333333335	46.627333333333354	31.787781	39.726359	46.601884	86.20203207700591	2009956.0	33.499266666666664	3508.88	640	360	29.97	8	56db6a2dfa3711efc8d913e0715eb5e8	4d35f093fe90910b9a0980f1f4dbd9c2	640	360	2041.0	4.0	2882.0	3222.0	False	False	0.8693328599135081	0.9651309141084885
red_kayak_360p_60f	red_kayak_360p_60f	svtav1	svtav1_20200430_1851716_enc-mode0	60	55	0	716422.0	716.422	28.019833333333338	37.8505	45.33233333333333	27.94948	37.831971	45.258086	58.94354131064404	1434752.0	23.912533333333332	2294.32	640	360	29.97	8	e2dc08978fa0fcc3e7d58e82d588d73e	112b3ed3b6597d5d19b9ab543c6c6096	640	360	2184.0	4.0	2379.0	2983.0	False	False	0.7532401710748673	0.9179622824328408
red_kayak_360p_60f	red_kayak_360p_60f	svtav1	svtav1_20200430_1851716_enc-mode0	60	59	0	385355.0	385.3550000000001	26.84716666666667	37.260000000000005	44.79299999999999	26.793292	37.247044	44.693	44.26412956244936	1029232.0	17.153866666666666	1697.98	640	360	29.97	8	7b37758ffe2f7768e8a4e5cc90afde8d	a6ddf4b24b181b576d28325b4829732b	640	360	2007.0	5.0	2264.0	4217.0	False	False	0.7047747790813446	0.8867952322622049
vidyo1_720p_60fps_60f	vidyo1_720p_60fps_60f	svtav1	svtav1_20200430_1851716_enc-mode0	60	20	0	3622976.0	3622.976	45.46616666666666	48.08433333333335	49.39933333333334	45.447753	48.078413	49.396746	96.4750980909471	1629486.0	27.1581	2837.04	1280	720	60.0	8	639b926470384eeb31b9efcfbbbdc5c5	50c7c8cc649a6819fcb119719f738792	1280	720	5076.0	3.0	3796.0	10104.0	False	False	0.997500815987587	0.9968855809916553
vidyo1_720p_60fps_60f	vidyo1_720p_60fps_60f	svtav1	svtav1_20200430_1851716_enc-mode0	60	32	0	1400824.0	1400.824	43.96833333333335	47.57083333333334	48.74716666666667	43.960485	47.566791	48.744267	95.1504632198711	1488593.0	24.80988333333333	2506.16	1280	720	60.0	8	72f927b92abd5bdffefae679d3f03d6a	59fcc3b88dddaa77086c25e985214c0e	1280	720	6040.0	5.0	2695.0	10001.0	False	False	0.9960528085629146	0.995501655891747
vidyo1_720p_60fps_60f	vidyo1_720p_60fps_60f	svtav1	svtav1_20200430_1851716_enc-mode0	60	43	0	686544.0	686.544	42.480333333333334	46.86466666666668	47.81566666666666	42.471537	46.861628	47.813935	93.01139882697662	1081096.0	18.018266666666666	1778.97	1280	720	60.0	8	444805cbd1564f7452af6e1248221e3c	e50a5e807b33d009d6920c008625251a	1280	720	5209.0	5.0	2420.0	10961.0	False	False	0.994005807240804	0.9937033456362304
vidyo1_720p_60fps_60f	vidyo1_720p_60fps_60f	svtav1	svtav1_20200430_1851716_enc-mode0	60	55	0	313920.0	313.92	39.85783333333333	45.249500000000005	45.71033333333335	39.845253	45.247985	45.707317	87.02027434602239	660236.0	11.003933333333332	1142.83	1280	720	60.0	8	4527f76b80c70f942ed5fdaca5e23b55	8464cbc36a9fc1dc987dcdf1ac05923d	1280	720	4927.0	3.0	2066.0	9787.0	False	False	0.9874429523944854	0.9883753419555504
vidyo1_720p_60fps_60f	vidyo1_720p_60fps_60f	svtav1	svtav1_20200430_1851716_enc-mode0	60	59	0	202440.0	202.44	37.79783333333334	43.7895	43.985166666666686	37.79063	43.788303	43.982881	80.0124667297666	575544.0	9.5924	980.48	1280	720	60.0	8	085988b11b146996bfc892fcf7b5e635	c760cb6c2e0e83781647d45199021d2e	1280	720	4982.0	5.0	1979.0	9933.0	False	False	0.9783165355523428	0.9810883972560307
Netflix_Aerial_1920x1080_60fps_8	Netflix_Aerial_1920x1080_60fps_8	svtav1	svtav1_20200430_1851716_enc-mode0	60	20	0	20664360.0	20664.36	42.640999999999984	45.54683333333333	45.28816666666668	42.605985	45.53262	45.280111	96.61053917644728	6204682.0	103.41136666666667	9479.84	1920	1080	60.0	8	6722186fa35285afda73c5df17d649c8	467fa3089cf1f4811bdc0d64be75d5f0	1920	1080	14219.0	3.0	16708.0	23849.0	False	False	0.997887443502744	0.9964439416117791
Netflix_Aerial_1920x1080_60fps_8	Netflix_Aerial_1920x1080_60fps_8	svtav1	svtav1_20200430_1851716_enc-mode0	60	32	0	9626688.0	9626.688	40.50816666666667	44.20933333333333	44.30766666666666	40.428706	44.193912	44.302249	94.11600743228946	5167371.0	86.12285	9008.81	1920	1080	60.0	8	9f9fe2f486caab52231a6920340674f9	088b94aa928bb750453cf1da4beb450e	1920	1080	13295.0	3.0	13546.0	23249.0	False	False	0.9962933460871378	0.9939999567873177
Netflix_Aerial_1920x1080_60fps_8	Netflix_Aerial_1920x1080_60fps_8	svtav1	svtav1_20200430_1851716_enc-mode0	60	43	0	4745312.0	4745.312	38.105000000000004	42.64516666666667	43.186	38.002316	42.636637	43.183434	90.27702488219715	4009251.0	66.82085	6529.66	1920	1080	60.0	8	6c44470fbac7313a4bb1a5dd0364e734	e7068ce119c2beb7e3aed3da18850fd7	1920	1080	13856.0	5.0	12273.0	24873.0	False	False	0.993165738383929	0.9890784188457782
Netflix_Aerial_1920x1080_60fps_8	Netflix_Aerial_1920x1080_60fps_8	svtav1	svtav1_20200430_1851716_enc-mode0	60	55	0	1722784.0	1722.784	34.388833333333324	40.31633333333334	41.59283333333334	34.34786	40.311646	41.587868	80.82056929687853	2833504.0	47.22506666666666	4265.64	1920	1080	60.0	8	64d317b566b5a426cab6cb4b36dc4629	d515afe9cac7f6a2ef711e7aed472ee7	1920	1080	14474.0	4.0	11107.0	24147.0	False	False	0.982365952928861	0.9714455550724053
Netflix_Aerial_1920x1080_60fps_8	Netflix_Aerial_1920x1080_60fps_8	svtav1	svtav1_20200430_1851716_enc-mode0	60	59	0	896000.0	896.0	32.118833333333335	38.977500000000006	40.81666666666667	32.109003	38.969589	40.807927	70.38273327722035	2473593.0	41.22655	3953.57	1920	1080	60.0	8	1ada64fdd9ff77cbd0af86ede5a046bc	248586ec925afb3e46fc744bd0c257bb	1920	1080	14247.0	4.0	10353.0	24208.0	False	False	0.9653331567843755	0.9456053617237675
Netflix_Boat_1920x1080_60fps_8bi	Netflix_Boat_1920x1080_60fps_8bi	svtav1	svtav1_20200430_1851716_enc-mode0	60	20	0	28677296.0	28677.296	43.61083333333332	46.016166666666685	47.70716666666667	43.584067	45.982339	47.680349	99.91703110000452	6565169.0	109.41948333333333	11188.31	1920	1080	60.0	8	9b08a55205e0f53301305a115e13595f	fb15362cf60a651cbcaa170b23647de6	1920	1080	14053.0	19.0	14167.0	24550.0	False	False	0.9993158489465713	0.9985748539140311
Netflix_Boat_1920x1080_60fps_8bi	Netflix_Boat_1920x1080_60fps_8bi	svtav1	svtav1_20200430_1851716_enc-mode0	60	32	0	15810936.0	15810.936	41.083	44.48866666666665	45.924000000000014	41.031884	44.447603	45.897525	99.58392976932113	6296674.0	104.94456666666666	10451.18	1920	1080	60.0	8	09c3c1fa6bef90dd62e718a6447c2871	b59f7d045b7c59d78414a7a778a0e885	1920	1080	14884.0	8.0	12877.0	23679.0	False	False	0.9988022247950236	0.9975786332042855
Netflix_Boat_1920x1080_60fps_8bi	Netflix_Boat_1920x1080_60fps_8bi	svtav1	svtav1_20200430_1851716_enc-mode0	60	43	0	8480448.0	8480.448	37.966333333333324	42.721500000000006	43.70066666666666	37.869084	42.686055	43.687257	95.76352929341435	3719703.0	61.99505	6692.6	1920	1080	60.0	8	67f2bc0be1a1fdf9e8e262112b37e16f	a9234beade8e46892d8e6c07ad00d115	1920	1080	13887.0	2.0	11605.0	24961.0	False	False	0.9974308361609777	0.9949553801138421
Netflix_Boat_1920x1080_60fps_8bi	Netflix_Boat_1920x1080_60fps_8bi	svtav1	svtav1_20200430_1851716_enc-mode0	60	55	0	3664944.0	3664.944	33.70216666666667	40.45183333333333	40.90850000000001	33.616786	40.421855	40.904185	85.85486223564176	4009751.0	66.82918333333333	6089.94	1920	1080	60.0	8	e2db324a373279222e85c307aa8b51ed	ffe019b3bcde2e55dd758762c0986682	1920	1080	16268.0	3.0	10049.0	25338.0	False	False	0.9919310450553894	0.9848853782719504
Netflix_Boat_1920x1080_60fps_8bi	Netflix_Boat_1920x1080_60fps_8bi	svtav1	svtav1_20200430_1851716_enc-mode0	60	59	0	2363048.0	2363.048	31.5505	39.22450000000002	39.58166666666666	31.496786	39.200621	39.579276	77.88018847261614	3129930.0	52.1655	5158.95	1920	1080	60.0	8	008bf7f9e3d7edd4b95d2058bb25dd4e	b96d60892e632ae9ba498aad33c675ba	1920	1080	14291.0	4.0	10585.0	24743.0	False	False	0.9848041445016861	0.9727836238630402
Cosmos1_1920x856_BT2100_PQ_24fps	Cosmos1_1920x856_BT2100_PQ_24fps	svtav1	svtav1_20200430_1851716_enc-mode0	60	20	0	22157868.0	22157.868	41.763166666666685	44.785	47.48183333333332	41.718857	44.76627799999999	47.471581	99.23935129326482	12659362.0	210.98936666666665	19645.99	1920	856	24.0	10	7d152df11d9d26b90b6c557387335979	8b722b1f52897cd5119dce4b0fdc6a98	1920	856	17149.0	4.0	25926.0	17725.0	False	False	0.9966299811999003	0.9958800975490075
Cosmos1_1920x856_BT2100_PQ_24fps	Cosmos1_1920x856_BT2100_PQ_24fps	svtav1	svtav1_20200430_1851716_enc-mode0	60	32	0	8352256.0	8352.256	37.89366666666668	42.760000000000005	45.86466666666666	37.861986	42.737245	45.850667	94.6912340127761	10434782.0	173.91303333333335	16554.45	1920	856	24.0	10	67ee4097dacf34a5c986cd42ee1a77aa	29b43642c5e2431c94bc0d2fcdf0dcaa	1920	856	17737.0	10.0	22816.0	18829.0	False	False	0.9914991666873296	0.9904557028013093
Cosmos1_1920x856_BT2100_PQ_24fps	Cosmos1_1920x856_BT2100_PQ_24fps	svtav1	svtav1_20200430_1851716_enc-mode0	60	43	0	3215936.0	3215.936	35.26099999999999	41.17399999999999	44.52250000000001	35.22295900000001	41.152518	44.511858	84.05156279272647	7001858.0	116.69763333333333	11342.61	1920	856	24.0	10	9334a959f4d16580cb59bc8bf23c344e	c9212d679e2eff3c2a5dc8b8d3d6b519	1920	856	17621.0	5.0	16540.0	29943.0	False	False	0.9798789074023565	0.9797652530457147
Cosmos1_1920x856_BT2100_PQ_24fps	Cosmos1_1920x856_BT2100_PQ_24fps	svtav1	svtav1_20200430_1851716_enc-mode0	60	55	0	1194745.0	1194.745	32.48916666666667	39.49016666666668	42.77666666666668	32.446007	39.475409	42.772933	63.77134460650787	4476563.0	74.60938333333333	7442.93	1920	856	24.0	10	4ace9be457eb18b605ced24b357a6cd8	33486702a58dbf2475a093a508f57fa0	1920	856	17423.0	4.0	12913.0	18340.0	False	False	0.9467407534519832	0.9515654821342517
Cosmos1_1920x856_BT2100_PQ_24fps	Cosmos1_1920x856_BT2100_PQ_24fps	svtav1	svtav1_20200430_1851716_enc-mode0	60	59	0	718617.0	718.617	31.128000000000004	38.6685	41.12133333333332	31.091535	38.656185	41.115863	51.5523055024025	3981080.0	66.35133333333333	6816.63	1920	856	24.0	10	c85113c80ff5122ed896e30a03e2b994	838d892dcf8e380f7104d7506f8cadb1	1920	856	17969.0	3.0	11756.0	19533.0	False	False	0.9156628410021465	0.925956285875531
Netflix_FoodMarket_1920x1080_60f	Netflix_FoodMarket_1920x1080_60f	svtav1	svtav1_20200430_1851716_enc-mode0	60	20	0	20100904.0	20100.904	40.96983333333333	44.82183333333333	45.57999999999998	40.962407	44.818165	45.578842	99.11244542814924	8296165.0	138.26941666666667	13667.9	1920	1080	60.0	8	8ba1637989719ed6ad2422d8b299e3c0	47930328b965169ca58a0f13cfe6f623	1920	1080	13869.0	13.0	18823.0	23296.0	False	False	0.9951216866572697	0.9895766189128147
Netflix_FoodMarket_1920x1080_60f	Netflix_FoodMarket_1920x1080_60f	svtav1	svtav1_20200430_1851716_enc-mode0	60	32	0	6613832.0	6613.832	39.665333333333336	43.95266666666667	44.90816666666668	39.656397	43.946359	44.905954	95.87321324778195	6000421.0	100.00701666666667	9818.36	1920	1080	60.0	8	8e313eda5d9f247bd2ed2f2d83ef4281	23bfb78fae6ee5b28a9eeedc3ce3de1e	1920	1080	12806.0	5.0	13839.0	23815.0	False	False	0.991803785165151	0.9848665997187358
Netflix_FoodMarket_1920x1080_60f	Netflix_FoodMarket_1920x1080_60f	svtav1	svtav1_20200430_1851716_enc-mode0	60	43	0	3199112.0	3199.112	38.258166666666654	43.029166666666676	44.11733333333333	38.240644	43.02004	44.114439999999995	90.66928952274218	4214979.0	70.24965	6911.65	1920	1080	60.0	8	07e4fbcc98110bf06460b3db16658a82	c4985f1245fab9fd218cadb0ae4265a1	1920	1080	16160.0	4.0	12669.0	25713.0	False	False	0.9863550196091334	0.9780120255088657
Netflix_FoodMarket_1920x1080_60f	Netflix_FoodMarket_1920x1080_60f	svtav1	svtav1_20200430_1851716_enc-mode0	60	55	0	1380160.0	1380.16	35.98733333333333	41.5965	42.651333333333326	35.96197300000001	41.587673	42.64367	78.13174269219128	3075692.0	51.26153333333333	5158.73	1920	1080	60.0	8	7aa17b244d2da9c134390e07c1afe8fb	16562b61d354d051207be3673441ef1f	1920	1080	13042.0	4.0	10702.0	24320.0	False	False	0.9684722155332566	0.9591495844720564
Netflix_FoodMarket_1920x1080_60f	Netflix_FoodMarket_1920x1080_60f	svtav1	svtav1_20200430_1851716_enc-mode0	60	59	0	878184.0	878.184	34.54799999999999	40.648333333333355	41.58633333333333	34.527763	40.640534	41.572922	67.7289570049499	2626592.0	43.77653333333333	4140.77	1920	1080	60.0	8	37ddbc2064529bb4882c398a73200fc8	ad0f7226fb2edb885e53b8d961cad91c	1920	1080	12581.0	5.0	10498.0	25510.0	False	False	0.948049110174179	0.9399369349942881
Netflix_SquareAndTimelapse_1920x	Netflix_SquareAndTimelapse_1920x	svtav1	svtav1_20200430_1851716_enc-mode0	60	20	0	19736056.0	19736.056	44.475666666666676	48.72066666666665	47.85966666666666	44.460491	48.711578	47.84608	99.90911546688014	6376791.0	106.27985	10730.53	1920	1080	60.0	8	0c0dfedf8e8aa0dc49ddb1029c9c1121	2b8cea7a80bf2fd0505e6631e9cca8ff	1920	1080	12116.0	9.0	16899.0	24164.0	False	False	0.9991525918245315	0.9978599002665008
Netflix_SquareAndTimelapse_1920x	Netflix_SquareAndTimelapse_1920x	svtav1	svtav1_20200430_1851716_enc-mode0	60	32	0	10847728.0	10847.728	41.90733333333334	46.86466666666667	45.77099999999999	41.882077	46.85349899999999	45.754884999999994	99.87193000609552	6574432.0	109.57386666666666	10831.81	1920	1080	60.0	8	43364b2887a45c566f75a7931872069b	5bbb17f68874a7741262f6fed0f83f2b	1920	1080	13341.0	24.0	16522.0	24822.0	False	False	0.9982155690590541	0.9959702850928045
Netflix_SquareAndTimelapse_1920x	Netflix_SquareAndTimelapse_1920x	svtav1	svtav1_20200430_1851716_enc-mode0	60	43	0	6036152.0	6036.152	39.10583333333333	45.012166666666666	43.73216666666667	39.055607	44.995156	43.707582	98.24026561443844	4967893.0	82.79821666666666	8513.02	1920	1080	60.0	8	039863523990211280840a3e97b3ac7f	5efd20cd7d1ce905ca09ef415c3a9e85	1920	1080	15361.0	18.0	15270.0	25227.0	False	False	0.9958996663490931	0.9920248863154357
Netflix_SquareAndTimelapse_1920x	Netflix_SquareAndTimelapse_1920x	svtav1	svtav1_20200430_1851716_enc-mode0	60	55	0	2806792.0	2806.792	35.33066666666668	42.09533333333334	40.72500000000001	35.280908	42.078159	40.704199	87.60231821193648	3747147.0	62.45245	6156.26	1920	1080	60.0	8	63315c0c1dc12e8a601f43b8c32a57a4	e33230143eafbff801773bb346e3849a	1920	1080	12712.0	3.0	12031.0	23708.0	False	False	0.9874316662549972	0.9797761016780523
Netflix_SquareAndTimelapse_1920x	Netflix_SquareAndTimelapse_1920x	svtav1	svtav1_20200430_1851716_enc-mode0	60	59	0	1849504.0	1849.504	33.268666666666675	40.178500000000014	38.884666666666654	33.24146	40.171428	38.873792	78.2769597315163	2480627.0	41.343783333333334	4312.52	1920	1080	60.0	8	63b8a3b210a51a764e2237d10e9ec2d7	a30a2f6d408d41edcd7feeabb16a0cc9	1920	1080	12317.0	4.0	11796.0	24698.0	False	False	0.976999764641126	0.9663899974559075
aspen_1080p_60f	aspen_1080p_60f	svtav1	svtav1_20200430_1851716_enc-mode0	60	20	0	7994641.0	7994.641	43.937666666666686	47.98266666666666	49.17833333333333	43.928498	47.980333	49.175643	97.80580577925329	6402593.0	106.70988333333334	10651.65	1920	1080	29.97	8	3b509ec93ecedaec955413a646cda6c7	3c6037d57ba67af49be8d596c56f867e	1920	1080	9815.0	4.0	17710.0	28823.0	False	False	0.9960065305233001	0.992426667176433
aspen_1080p_60f	aspen_1080p_60f	svtav1	svtav1_20200430_1851716_enc-mode0	60	32	0	2326840.0	2326.8400000000006	42.055	46.964999999999996	48.100166666666674	42.045459	46.961877	48.09561	93.83987730474198	5555268.0	92.5878	8903.8	1920	1080	29.97	8	dd7a7344e18ab87ac3f66cfe021f4752	0bc2696f685fb79cd557e0de4bcd5a46	1920	1080	10131.0	6.0	13253.0	23530.0	False	False	0.9939086476961771	0.9895327389605532
aspen_1080p_60f	aspen_1080p_60f	svtav1	svtav1_20200430_1851716_enc-mode0	60	43	0	1023633.0	1023.633	40.67266666666669	45.691	46.78150000000002	40.650646	45.686267	46.775989	88.7387793159239	3510325.0	58.50541666666667	5902.71	1920	1080	29.97	8	a319179e896437a8bf21d409a652112d	323ecf55fc1665d6afd8129ca296ebd7	1920	1080	9776.0	3.0	10773.0	23905.0	False	False	0.9911391874154408	0.9864392848999278
aspen_1080p_60f	aspen_1080p_60f	svtav1	svtav1_20200430_1851716_enc-mode0	60	55	0	447794.0	447.794	38.56283333333333	43.56666666666668	44.48966666666668	38.53314	43.55896500000001	44.485101	78.81860162403694	2838666.0	47.3111	4260.38	1920	1080	29.97	8	6b84aa5fba1d55210d25507843bb7bec	b4f7889fc542b4b9eeafcbfc1070a479	1920	1080	10747.0	4.0	10028.0	27128.0	False	False	0.9844314992427826	0.9794289164083025
aspen_1080p_60f	aspen_1080p_60f	svtav1	svtav1_20200430_1851716_enc-mode0	60	59	0	292468.0	292.468	36.936666666666646	42.20933333333335	42.90533333333334	36.907703	42.20294	42.901804	69.21946386868458	2149249.0	35.820816666666666	3552.04	1920	1080	29.97	8	2cce58a6bc973062591e5aff6c8be9c7	a6857f9d3d4eb89bdd03ce78290f52c8	1920	1080	9287.0	3.0	9844.0	23436.0	False	False	0.9751693358023962	0.9703923131422042
life_1080p30_60f	life_1080p30_60f	svtav1	svtav1_20200430_1851716_enc-mode0	60	20	0	12159608.0	12159.608	44.22866666666666	49.51716666666666	49.10816666666666	44.217945	49.50862399999999	49.099264999999995	99.46946713943693	6799170.0	113.3195	11361.99	1920	1080	30.0	8	a6cc63c691f4aec1160b09e903e33fe6	b558a18407d677a35db465f823752228	1920	1080	12323.0	4.0	14611.0	23597.0	False	False	0.999153470993042	0.9978075866753683
life_1080p30_60f	life_1080p30_60f	svtav1	svtav1_20200430_1851716_enc-mode0	60	32	0	5662644.0	5662.644	41.337499999999984	47.41783333333333	47.08483333333334	41.324035	47.402083	47.069435	97.63873655658503	6089363.0	101.48938333333334	10289.46	1920	1080	30.0	8	d3654f9181e172a771843d6580e954e0	11cd49287b278c1efdfa761e2c06d5fc	1920	1080	12458.0	4.0	13062.0	23611.0	False	False	0.9983996669451396	0.9961097469180814
life_1080p30_60f	life_1080p30_60f	svtav1	svtav1_20200430_1851716_enc-mode0	60	43	0	2820612.0	2820.612	38.72933333333333	45.472666666666676	45.2535	38.703374000000004	45.440083	45.224968	94.47823228812616	4723496.0	78.72493333333334	7648.82	1920	1080	30.0	8	339e0de37aee5e43c288f20d0879feba	a1d2ce3a5108164404922dbc4e658b26	1920	1080	12987.0	7.0	11526.0	24455.0	False	False	0.9967316736777624	0.9927632573288301
life_1080p30_60f	life_1080p30_60f	svtav1	svtav1_20200430_1851716_enc-mode0	60	55	0	1133384.0	1133.3840000000002	35.02366666666665	42.49266666666667	42.291666666666664	35.006631	42.469311	42.268101	86.95699610177647	3199710.0	53.3285	5242.62	1920	1080	30.0	8	1a58f08cfdfcd13efa445f0fdfe16a48	4a4fe57757ab0fc21cbf04b27f97e323	1920	1080	12807.0	3.0	9949.0	27054.0	False	False	0.9890853653351466	0.9782864272942245
life_1080p30_60f	life_1080p30_60f	svtav1	svtav1_20200430_1851716_enc-mode0	60	59	0	705596.0	705.596	33.34466666666667	40.880666666666656	40.578666666666685	33.334558	40.866889	40.565812	80.1286354821648	2516843.0	41.947383333333335	4374.98	1920	1080	30.0	8	0c8ae763dcadcc0eda48e22f1d224142	369105e6586f2f26aedcd91b97ed32c0	1920	1080	12538.0	4.0	9977.0	23949.0	False	False	0.9789381941159566	0.9625971664537284
rush_hour_1080p25_60f	rush_hour_1080p25_60f	svtav1	svtav1_20200430_1851716_enc-mode0	60	20	0	5264073.0	5264.073	43.033666666666676	46.852500000000006	48.868	43.027727	46.851051	48.86588100000001	96.87294170743917	6708923.0	111.81538333333333	11966.96	1920	1080	25.0	8	54107bbb21dbd50b9c3636092aacb7c5	36f86910a06d4cbeea2dfd91bf96ab16	1920	1080	9774.0	3.0	19354.0	23168.0	False	False	0.9964053889115652	0.9924419830935886
rush_hour_1080p25_60f	rush_hour_1080p25_60f	svtav1	svtav1_20200430_1851716_enc-mode0	60	32	0	2507766.0	2507.766	42.134833333333326	45.91599999999999	47.677	42.130733	45.912521	47.67017	93.10127343293587	6263677.0	104.39461666666666	10685.91	1920	1080	25.0	8	c560f1b252d8497c4e8c388b5eb2c584	e48f5caeeaa3163eef7c9c0921c9d5a3	1920	1080	10484.0	6.0	16042.0	23963.0	False	False	0.9942851414283117	0.990378000419671
rush_hour_1080p25_60f	rush_hour_1080p25_60f	svtav1	svtav1_20200430_1851716_enc-mode0	60	43	0	1188276.0	1188.276	40.77483333333332	44.73166666666666	46.190833333333345	40.76838	44.728056	46.183135	85.83642122644291	4489832.0	74.83053333333334	7208.36	1920	1080	25.0	8	270ec83f5453eb9dcd1671c96a2704c1	f638474d0109db99e3d6a6b4da9e11a6	1920	1080	10155.0	3.0	13811.0	23626.0	False	False	0.9901705791552862	0.9867055263574774
rush_hour_1080p25_60f	rush_hour_1080p25_60f	svtav1	svtav1_20200430_1851716_enc-mode0	60	55	0	529206.0	529.206	38.65000000000002	43.01750000000001	44.15133333333333	38.62775	43.012505	44.138015	73.13130879749323	2990475.0	49.84125	5038.84	1920	1080	25.0	8	bb6683e6c67419ae9e77c1b5d5f1f58d	cc9b37e3447d50fe3fdf264754b10baa	1920	1080	10075.0	3.0	10882.0	23347.0	False	False	0.9809309810400009	0.9788877095257986
rush_hour_1080p25_60f	rush_hour_1080p25_60f	svtav1	svtav1_20200430_1851716_enc-mode0	60	59	0	366093.0	366.093	37.49299999999998	42.12249999999999	43.07699999999998	37.466789	42.11858300000001	43.065526	65.80670160159214	2650084.0	44.16806666666667	4166.64	1920	1080	25.0	8	019c273e0aad128a856063c3129256ff	dc705056fda87f64a9714feb6c17c84e	1920	1080	10249.0	11.0	9610.0	25867.0	False	False	0.9737101664145787	0.9729235031667433
touchdown_pass_1080p_60f	touchdown_pass_1080p_60f	svtav1	svtav1_20200430_1851716_enc-mode0	60	20	0	18124517.0	18124.517	40.51916666666666	48.037000000000006	48.20299999999998	40.48577	48.029871	48.195608	96.33582289561667	9114414.0	151.9069	14675.71	1920	1080	29.97	8	f17e5dfe458503b8ec9c733fd16e1c08	71c1d4b7b20b9e2d3cb1fc6081283f35	1920	1080	12446.0	4.0	23773.0	24526.0	False	False	0.9957819432020187	0.990815834408389
touchdown_pass_1080p_60f	touchdown_pass_1080p_60f	svtav1	svtav1_20200430_1851716_enc-mode0	60	32	0	4450677.0	4450.677	38.68899999999999	47.326	47.45683333333334	38.673501	47.320733	47.450629	94.30191828919698	6063765.0	101.06275	10155.74	1920	1080	29.97	8	7a14d3aa9c7ef7d1b9fca1c3b2cd9f69	683e8381acde258a91eeb02eb1ece716	1920	1080	13339.0	6.0	14361.0	24664.0	False	False	0.9939429024855296	0.9868762296930996
touchdown_pass_1080p_60f	touchdown_pass_1080p_60f	svtav1	svtav1_20200430_1851716_enc-mode0	60	43	0	1991304.0	1991.304	37.43566666666667	46.335166666666666	46.391000000000005	37.416113	46.330426	46.385148	91.23464819740428	4045079.0	67.41798333333334	6548.07	1920	1080	29.97	8	12ea7a218a7e4af48f07a9eb11b9cc62	2e1fb92dcf323cb4f7c6c42b733e188f	1920	1080	13136.0	6.0	12319.0	26877.0	False	False	0.9913860807816187	0.9822628511330681
touchdown_pass_1080p_60f	touchdown_pass_1080p_60f	svtav1	svtav1_20200430_1851716_enc-mode0	60	55	0	793770.0	793.77	35.01616666666667	44.35983333333335	44.480166666666676	34.99179	44.354935	44.472547	81.71086611101482	2969758.0	49.49596666666667	4489.83	1920	1080	29.97	8	1186ddb155b8014cacab611194afc407	ec669cdb46517702a6fb1f338a6f4367	1920	1080	12438.0	4.0	9793.0	23605.0	False	False	0.9789097825686137	0.9631496953022738
touchdown_pass_1080p_60f	touchdown_pass_1080p_60f	svtav1	svtav1_20200430_1851716_enc-mode0	60	59	0	478959.0	478.959	33.32416666666666	43.2555	43.37749999999999	33.300734	43.254054	43.37183	71.56961580059705	2328309.0	38.80515	3710.22	1920	1080	29.97	8	23aff328693c0ae837df2dc50b8d9946	a675108caf58fab02d5504e6a1f225a2	1920	1080	13536.0	3.0	8902.0	23401.0	False	False	0.9539663443962733	0.9337473025186939
ducks_1920x1080_50fps_10b	ducks_1920x1080_50fps_10b	svtav1	svtav1_20200430_1851716_enc-mode0	60	20	0	110338353.0	110338.35299999999	38.91416666666665	39.06266666666666	41.29399999999999	38.804938	39.043365	41.290768	98.59736214640863	19578835.0	326.31391666666667	35740.48	1920	1080	50.0	10	dbcecae0aba841f4631fb2414a60f7ab	7c29b594b9ce4fb41a4ec1b3c5d91201	1920	1080	23489.0	4.0	41931.0	24585.0	False	False	0.9987966348727544	0.9958053252481442
ducks_1920x1080_50fps_10b	ducks_1920x1080_50fps_10b	svtav1	svtav1_20200430_1851716_enc-mode0	60	32	0	27103106.0	27103.105999999996	34.94766666666666	36.715333333333334	39.77433333333333	34.94035900000001	36.710212	39.770436	93.06247282167583	14986881.0	249.78135	24706.27	1920	1080	50.0	10	02658b42729af18e26788ea44dcd72db	ab653b27298bc2267a2c2588f86f8084	1920	1080	22930.0	8.0	29551.0	24264.0	False	False	0.9964107751846314	0.9895734241759006
ducks_1920x1080_50fps_10b	ducks_1920x1080_50fps_10b	svtav1	svtav1_20200430_1851716_enc-mode0	60	43	0	9794666.0	9794.666	32.97533333333333	34.92816666666668	38.44916666666666	32.968632	34.90498	38.444535	84.14625638306092	8438067.0	140.63445	14274.2	1920	1080	50.0	10	c7717d6288ce37d37366c5e2cacf179d	bd367658935613ac7b34fb71238e6fdc	1920	1080	22868.0	7.0	22438.0	24516.0	False	False	0.9908005704482397	0.981063354345645
ducks_1920x1080_50fps_10b	ducks_1920x1080_50fps_10b	svtav1	svtav1_20200430_1851716_enc-mode0	60	55	0	3552540.0	3552.54	30.47133333333334	32.99666666666667	37.24516666666668	30.452698	32.968254	37.242179	67.16279720256033	5885443.0	98.09071666666667	9138.99	1920	1080	50.0	10	788760ea977e1454e576c780cb871917	9cf04d82667521dda3c9a850a2cfd30a	1920	1080	23402.0	6.0	18762.0	24434.0	False	False	0.9740904589494069	0.9602661609317644
ducks_1920x1080_50fps_10b	ducks_1920x1080_50fps_10b	svtav1	svtav1_20200430_1851716_enc-mode0	60	59	0	2311240.0	2311.24	29.30466666666667	32.159666666666666	36.58766666666667	29.284342	32.139375	36.586019	57.73499976311043	4667392.0	77.78986666666667	7851.17	1920	1080	50.0	10	2f661f35fa8109a1e00f0f7ce0bbd0ef	0715ccbac093a73f9b25bda39e709a0b	1920	1080	21951.0	5.0	15687.0	24224.0	False	False	0.960513158639272	0.9448221463957948
Netflix_TunnelFlag_1920x1080_60f	Netflix_TunnelFlag_1920x1080_60f	svtav1	svtav1_20200430_1851716_enc-mode0	60	20	0	27048392.0	27048.392	42.74000000000002	46.75466666666668	48.289	42.728657	46.747436	48.28428	99.91099476690961	8248288.0	137.47146666666666	13467.69	1920	1080	60.0	8	f93460e11181ec94f6bdea0255c34046	66bcaad1fd51972615d6cdf010d25197	1920	1080	13410.0	4.0	20742.0	23384.0	False	False	0.9986264119545619	0.9965192247668534
Netflix_TunnelFlag_1920x1080_60f	Netflix_TunnelFlag_1920x1080_60f	svtav1	svtav1_20200430_1851716_enc-mode0	60	32	0	13241600.0	13241.6	40.347833333333334	45.16599999999999	47.03316666666665	40.326882	45.158668	47.026296	99.87304122307395	7559709.0	125.99515	12064.17	1920	1080	60.0	8	d22949e35ffc211b49a49002b9d51f64	a04a333f8cbd4c5f9897c08d8ed2a09e	1920	1080	12086.0	4.0	17670.0	24559.0	False	False	0.9974826594193776	0.9940854903940722
Netflix_TunnelFlag_1920x1080_60f	Netflix_TunnelFlag_1920x1080_60f	svtav1	svtav1_20200430_1851716_enc-mode0	60	43	0	6622000.0	6622.0	37.887666666666675	43.271333333333345	45.67266666666667	37.847186	43.265934	45.663759	99.84732850025233	5179879.0	86.33131666666667	8203.41	1920	1080	60.0	8	f3104e3c57605a3b3b18fc00fd82f458	50613f6a55a690f28e819546ee4383f9	1920	1080	13025.0	12.0	16748.0	24108.0	False	False	0.995154732465744	0.9898950999312672
Netflix_TunnelFlag_1920x1080_60f	Netflix_TunnelFlag_1920x1080_60f	svtav1	svtav1_20200430_1851716_enc-mode0	60	55	0	3281784.0	3281.784	35.18983333333334	41.026833333333336	43.850166666666674	35.14546699999999	41.020485	43.838129	99.80450169473902	4103143.0	68.38571666666667	6556.41	1920	1080	60.0	8	ea4f989d85c309dc73b0f97429b40f67	f69c7b6b829d4e5108e912c38fafe52c	1920	1080	12706.0	3.0	14029.0	23709.0	False	False	0.990884452064832	0.9837482575278368
Netflix_TunnelFlag_1920x1080_60f	Netflix_TunnelFlag_1920x1080_60f	svtav1	svtav1_20200430_1851716_enc-mode0	60	59	0	2355616.0	2355.616	33.736999999999995	39.678666666666665	42.41966666666667	33.706523	39.676005	42.41441	99.61532744680039	3448112.0	57.46853333333333	5572.0	1920	1080	60.0	8	50950d66737cf1a54a217f750ecb0251	e3273e2c5920c2ae7376f199c0d8d648	1920	1080	12143.0	4.0	13470.0	23623.0	False	False	0.9875888764858246	0.9796962838602554
ducks_take_off_1080p50_60f	ducks_take_off_1080p50_60f	svtav1	svtav1_20200430_1851716_enc-mode0	60	20	0	105953226.0	105953.226	38.632333333333335	38.83600000000001	41.108500000000014	38.53964	38.817622	41.105598	98.40984262990727	17793110.0	296.5518333333333	32433.49	1920	1080	50.0	8	2487bdc99868f257d67ac641a79a9690	cb1ccc2be591f08a54f241d8a3c94db7	1920	1080	16855.0	4.0	34883.0	23387.0	False	False	0.9987211922804514	0.9955666668781663
ducks_take_off_1080p50_60f	ducks_take_off_1080p50_60f	svtav1	svtav1_20200430_1851716_enc-mode0	60	32	0	27884366.0	27884.366	34.94166666666667	36.68716666666665	39.692000000000014	34.932015	36.682177	39.688329	93.13266063520646	13239671.0	220.66118333333333	21686.64	1920	1080	50.0	8	9bbab7b02a89e550f8eae96d69d80ece	541c0f69834facb322daaeec6fe2cf4b	1920	1080	17520.0	4.0	26774.0	24627.0	False	False	0.9964356621106466	0.989606111360678
ducks_take_off_1080p50_60f	ducks_take_off_1080p50_60f	svtav1	svtav1_20200430_1851716_enc-mode0	60	43	0	9798253.0	9798.253	32.94033333333333	34.866499999999995	38.35033333333333	32.934962	34.843601	38.345274	84.14981326543061	7332775.0	122.21291666666667	11486.51	1920	1080	50.0	8	b1c662fe84f2da32171b007fbed53c36	b7e018d3185e20f1d99bffdc178e4446	1920	1080	16050.0	5.0	20656.0	23980.0	False	False	0.9907913426558177	0.9810234406079542
ducks_take_off_1080p50_60f	ducks_take_off_1080p50_60f	svtav1	svtav1_20200430_1851716_enc-mode0	60	55	0	3552353.0	3552.353	30.445999999999994	32.968333333333334	37.140333333333324	30.427566	32.940814	37.136559	67.25025641178641	4083908.0	68.06513333333334	6979.96	1920	1080	50.0	8	155b34956d31df4b83c08c39fce7c5a3	df06ddc249a5d6138020599472539c17	1920	1080	15945.0	2.0	16051.0	23389.0	False	False	0.9741371840238571	0.9602599333703679
ducks_take_off_1080p50_60f	ducks_take_off_1080p50_60f	svtav1	svtav1_20200430_1851716_enc-mode0	60	59	0	2307006.0	2307.006	29.28183333333333	32.140333333333324	36.490166666666674	29.261198	32.120194	36.488295	57.83884548448078	3926784.0	65.4464	5767.09	1920	1080	50.0	8	02b1748e7063178448e5c88368720c59	37c19e73f18ed8880f0290d14c3d548e	1920	1080	16450.0	5.0	14722.0	23550.0	False	False	0.9605681439240773	0.9448336341808943
wikipedia_420	wikipedia_420	svtav1	svtav1_20200430_1851716_enc-mode0	60	20	0	1114868.0	1114.868	52.30966666666669	52.80016666666666	53.41933333333334	52.305888	52.577459	53.310604	99.83596136195483	5925046.0	98.75076666666666	8952.61	1920	1080	30.0	8	521b50ce2cdd2b95850f1528abdcc0df	c1fcc0ed52ae081a8fafe7b0a0c7508b	1920	1080	8791.0	4.0	2245.0	23310.0	False	False	0.9991659581661224	0.998654125956902
wikipedia_420	wikipedia_420	svtav1	svtav1_20200430_1851716_enc-mode0	60	32	0	680256.0	680.256	49.52000000000002	50.147500000000015	51.20983333333335	49.516952999999994	49.84788	51.11214499999999	99.80484069041132	4953209.0	82.55348333333333	8717.05	1920	1080	30.0	8	4269f1bfab0898baa1a0511c0ab3e91b	55f1e35186bf9d30db12ad72405e6a09	1920	1080	8739.0	4.0	2496.0	24276.0	False	False	0.9987462272246679	0.9980164189636846
wikipedia_420	wikipedia_420	svtav1	svtav1_20200430_1851716_enc-mode0	60	43	0	499168.0	499.168	46.81950000000001	47.60850000000001	48.962666666666664	46.811495	47.498283	48.926297	99.74592863075527	5449504.0	90.82506666666667	7682.84	1920	1080	30.0	8	f3f3489c1e5c32c8bf15b6caac436bb1	c154597df73c7e4569b4c26637e3f0aa	1920	1080	8981.0	7.0	2347.0	25068.0	False	False	0.9985019048055013	0.9977202880798205
wikipedia_420	wikipedia_420	svtav1	svtav1_20200430_1851716_enc-mode0	60	55	0	361132.0	361.132	42.52150000000002	44.96266666666667	46.36166666666667	42.507732	44.923038	46.324112	99.4991753722343	4304351.0	71.73918333333333	6621.82	1920	1080	30.0	8	81fe4fd607a2aff12546f5c25094f83c	937f787b23a1adab90c3d1b5bd7be8a6	1920	1080	9113.0	4.0	2904.0	24860.0	False	False	0.9977936257918676	0.9968876296321868
wikipedia_420	wikipedia_420	svtav1	svtav1_20200430_1851716_enc-mode0	60	59	0	317144.0	317.144	40.76316666666666	43.638166666666656	44.83666666666665	40.749771	43.605637	44.79593	99.27250615767315	4617242.0	76.95403333333333	6674.1	1920	1080	30.0	8	ad43ea59b041eb060dffd094989c4d35	9b360d2f13f069057002a6345a145bb7	1920	1080	8949.0	3.0	2758.0	22831.0	False	False	0.9971078346172969	0.9961763852614667
ToddlerFountn_1920x1080_2997_10b	ToddlerFountn_1920x1080_2997_10b	svtav1	svtav1_20200430_1851716_enc-mode0	60	20	0	56209438.0	56209.438	41.140166666666666	46.266000000000005	43.67799999999999	41.133325	46.265236	43.67768	99.85378648794895	21124299.0	352.07165	35656.23	1920	1080	29.97	10	6dc8cb504b5753d759c35c3bd4db604b	8c779f6e5d2f09361e3a4b8bcd38bceb	1920	1080	22689.0	3.0	33227.0	23566.0	False	False	0.997590113679568	0.9948596142892386
ToddlerFountn_1920x1080_2997_10b	ToddlerFountn_1920x1080_2997_10b	svtav1	svtav1_20200430_1851716_enc-mode0	60	32	0	27632889.0	27632.889	36.94133333333332	44.73533333333334	41.73583333333335	36.933061	44.73439700000001	41.733921	99.72874751056506	21955003.0	365.9167166666667	34617.41	1920	1080	29.97	10	63094366946c7195a2215083b170fb77	1afee48eeb7ed2942eecc6383ba74a2c	1920	1080	22979.0	4.0	30345.0	23770.0	False	False	0.992749763528506	0.985914061180349
ToddlerFountn_1920x1080_2997_10b	ToddlerFountn_1920x1080_2997_10b	svtav1	svtav1_20200430_1851716_enc-mode0	60	43	0	12221667.0	12221.667	33.39283333333332	43.14483333333333	40.253499999999995	33.367041	43.142218	40.249533	89.9049559767706	16189803.0	269.83005	26053.32	1920	1080	29.97	10	970531a87cdd6adf16b17c5146929a06	c1421b24dc54c921c055531158635f82	1920	1080	21987.0	4.0	24342.0	23732.0	False	False	0.9790644665559133	0.9650463556529622
ToddlerFountn_1920x1080_2997_10b	ToddlerFountn_1920x1080_2997_10b	svtav1	svtav1_20200430_1851716_enc-mode0	60	55	0	4530129.0	4530.129	30.11199999999999	41.54533333333333	39.01133333333333	30.083692	41.543125	39.009901	67.81436062761787	10505421.0	175.09035	16206.89	1920	1080	29.97	10	e4d60c35e98cf67b5865160a74356313	6887fcb8941039ac51e317c83edbda79	1920	1080	23005.0	4.0	20976.0	24222.0	False	False	0.9395398646593094	0.9180249441835744
ToddlerFountn_1920x1080_2997_10b	ToddlerFountn_1920x1080_2997_10b	svtav1	svtav1_20200430_1851716_enc-mode0	60	59	0	2842881.0	2842.881	28.886166666666657	40.824333333333335	38.601333333333315	28.861149	40.822767	38.599617	56.39669017439778	7536564.0	125.6094	12486.45	1920	1080	29.97	10	44b70ace34b93629818f883d0ae1fc49	e9560ab920b4577cb552b91934183a9e	1920	1080	22739.0	4.0	18410.0	24116.0	False	False	0.911430428425471	0.8895047538222314
MINECRAFT_60f_420	MINECRAFT_60f_420	svtav1	svtav1_20200430_1851716_enc-mode0	60	20	0	82569904.0	82569.904	44.98216666666667	46.257833333333345	46.69566666666666	44.692163	46.084472	46.541777	99.9574232607527	16234948.0	270.5824666666667	28949.11	1920	1080	60.0	8	6bb934794a4812675d4a11d1eb8ec1a7	2ade2e3fcfc731629a0272a6cba61a40	1920	1080	14418.0	5.0	29338.0	23416.0	False	False	0.9986361662546793	0.9978217844232405
MINECRAFT_60f_420	MINECRAFT_60f_420	svtav1	svtav1_20200430_1851716_enc-mode0	60	32	0	48360968.0	48360.968	39.78399999999999	44.23199999999999	44.45849999999999	39.416747	44.096239	44.341164	99.94142462829141	16884345.0	281.40575	27966.62	1920	1080	60.0	8	45d0f88007150e88009ebc748725b87a	13852255aec79e7d83301a8350368ac5	1920	1080	16698.0	5.0	26509.0	27885.0	False	False	0.9957794467608134	0.9930941180411087
MINECRAFT_60f_420	MINECRAFT_60f_420	svtav1	svtav1_20200430_1851716_enc-mode0	60	43	0	20648560.0	20648.56	34.72116666666667	42.171166666666664	42.21916666666667	34.401258	42.063764	42.110774	95.53828175684947	13594227.0	226.57045	22658.11	1920	1080	60.0	8	2383f7070ef41afaa6667a87bfc4b1fd	1e981f6440494d86179ceb028c9f65c0	1920	1080	14120.0	4.0	17596.0	23560.0	False	False	0.9861315329869588	0.978088460537208
MINECRAFT_60f_420	MINECRAFT_60f_420	svtav1	svtav1_20200430_1851716_enc-mode0	60	55	0	6787064.0	6787.064	30.968833333333336	39.97833333333333	39.78049999999999	30.770373	39.891254	39.666907	79.65662829498342	12087475.0	201.45791666666668	18934.11	1920	1080	60.0	8	e8c718c3c9693d728ffa9e25730ae388	d74b1b77a2e3e7762cae94c7f2b7fa87	1920	1080	14938.0	5.0	12210.0	23395.0	False	False	0.9578643391529719	0.94063487633564
MINECRAFT_60f_420	MINECRAFT_60f_420	svtav1	svtav1_20200430_1851716_enc-mode0	60	59	0	4629448.0	4629.448	29.97450000000001	39.18183333333332	38.884833333333326	29.808828	39.100517	38.775425	72.2092219997764	10743954.0	179.0659	17630.65	1920	1080	60.0	8	b4486a55e36e9a2f0fbe4edd8cae20e7	d4698da219ae724c043eb0741c4d4766	1920	1080	13861.0	3.0	12034.0	24162.0	False	False	0.9380533427000046	0.9184593636117552
