KristenAndSara_1280x720_60_10b	KristenAndSara_1280x720_60_10b	svtav1	svtav1_20200601_759fa9d_enc-mode0	60	20	0	3084768.0	3084.7680000000005	44.88950000000001	49.57483333333334	50.58433333333334	44.881967	49.572652	50.582755	97.07071613858417	1974156.0	32.9026	3473.72	1280	720	60.0	10	2f7a107097fe17ce239ddfb52525c840	0b5af0e796c9ee9d4d709c59b6774ed5	1280	720	8676.0	21.0	4821.0	9890.0	False	False	0.9963205635547638	0.9957439970314573
KristenAndSara_1280x720_60_10b	KristenAndSara_1280x720_60_10b	svtav1	svtav1_20200601_759fa9d_enc-mode0	60	32	0	1241960.0	1241.96	43.687999999999995	48.76800000000001	49.77300000000001	43.675016	48.76452	49.769976	96.22337178031053	1516898.0	25.281633333333332	2656.76	1280	720	60.0	10	a82c15b2127c59ec68c272916c93c110	3e6156343f595baecbbe3e4c8d0ae051	1280	720	8139.0	16.0	3833.0	10354.0	False	False	0.9951203862826029	0.994643678057993
KristenAndSara_1280x720_60_10b	KristenAndSara_1280x720_60_10b	svtav1	svtav1_20200601_759fa9d_enc-mode0	60	43	0	661144.0	661.144	42.27083333333333	47.583333333333336	48.57383333333333	42.24868	47.578156	48.568859	94.59393198564422	1150054.0	19.167566666666666	2000.07	1280	720	60.0	10	23f7f4f9e914fa4dfb38227e8f2a96c9	6e92d138f5ceafd2ce9883269085a62c	1280	720	8325.0	5.0	3241.0	10078.0	False	False	0.9928717871507009	0.9927456327551171
KristenAndSara_1280x720_60_10b	KristenAndSara_1280x720_60_10b	svtav1	svtav1_20200601_759fa9d_enc-mode0	60	55	0	298344.0	298.344	39.474833333333336	44.864	46.10149999999999	39.445368	44.856059	46.094919	89.38878281771177	930743.0	15.512383333333334	1555.32	1280	720	60.0	10	29175aac90816cf5c81abb97a932acea	ee730d258200518c831548cede22483f	1280	720	8090.0	4.0	2768.0	10439.0	False	False	0.9854343543450038	0.9867287524561165
KristenAndSara_1280x720_60_10b	KristenAndSara_1280x720_60_10b	svtav1	svtav1_20200601_759fa9d_enc-mode0	60	59	0	191592.0	191.592	37.45016666666666	43.18233333333331	44.20133333333332	37.425641	43.175216	44.193655	83.26759047523949	717405.0	11.95675	1275.48	1280	720	60.0	10	2331c35c99634c599428855a9aa46478	d3720803224af736db9e6c11148f67ce	1280	720	8604.0	5.0	2106.0	9543.0	False	False	0.9770520100990931	0.9800811967353251
Aerial_1920x1080_2997_10b	Aerial_1920x1080_2997_10b	svtav1	svtav1_20200601_759fa9d_enc-mode0	60	20	0	9263795.0	9263.795	43.56566666666666	46.00016666666667	45.32466666666664	43.516897	45.981304	45.309034	96.43316679949923	4087402.0	68.12336666666667	7033.86	1920	1080	29.97	10	a460e82108708db992d5546fcb3ddd46	fe85ddfcd889b07113a1204c780f34da	1920	1080	24495.0	6.0	9538.0	24195.0	False	False	0.9989810387293497	0.9979551703757835
Aerial_1920x1080_2997_10b	Aerial_1920x1080_2997_10b	svtav1	svtav1_20200601_759fa9d_enc-mode0	60	32	0	4716676.0	4716.676	41.61133333333331	44.54250000000001	44.08133333333334	41.556107	44.530079	44.072884	95.21927270797346	3935526.0	65.5921	6589.89	1920	1080	29.97	10	67fe6e1a1f6cf1441feda2090b3c8ffc	47e149276a472c2d79028aaa05bebcbe	1920	1080	23598.0	4.0	7909.0	23382.0	False	False	0.9984078238407771	0.9969496215502862
Aerial_1920x1080_2997_10b	Aerial_1920x1080_2997_10b	svtav1	svtav1_20200601_759fa9d_enc-mode0	60	43	0	2890103.0	2890.103	39.575500000000005	43.1025	42.95933333333334	39.509033	43.092075	42.955202	93.07068088435167	2849150.0	47.48583333333333	4997.81	1920	1080	29.97	10	e62f9f7c93566497a47d98df39d233b3	062986afd984180904bc06dff78c790c	1920	1080	22448.0	30.0	6589.0	23010.0	False	False	0.9974003156026204	0.9952185479151183
Aerial_1920x1080_2997_10b	Aerial_1920x1080_2997_10b	svtav1	svtav1_20200601_759fa9d_enc-mode0	60	55	0	1192068.0	1192.068	35.25233333333334	40.14516666666664	40.73266666666668	35.233959	40.142982	40.732532	86.03323485243139	2971923.0	49.53205	4986.06	1920	1080	29.97	10	9f98299bef2e8b935653eadbc07206e3	f0f12efcb5b4b579aca910199db205eb	1920	1080	23305.0	3.0	5948.0	28519.0	False	False	0.9928741991519928	0.987130465958063
Aerial_1920x1080_2997_10b	Aerial_1920x1080_2997_10b	svtav1	svtav1_20200601_759fa9d_enc-mode0	60	59	0	616476.0	616.476	32.14666666666667	38.45916666666669	39.60866666666664	32.142612	38.45819199999999	39.609094	77.16625251464141	2028480.0	33.808	3402.23	1920	1080	29.97	10	7da18bccfb24b52dbf418e9fae712a7f	6af498a29315f96f93f542c65f9220c1	1920	1080	22930.0	4.0	5217.0	23841.0	False	False	0.9843478242556254	0.9715551551573939
DinnerScene_1920x1080_2997_10b	DinnerScene_1920x1080_2997_10b	svtav1	svtav1_20200601_759fa9d_enc-mode0	60	20	0	1300339.0	1300.339	41.79649999999999	42.66033333333335	47.53016666666667	41.795407	42.656784	47.529337000000005	91.43533622540791	4037829.0	67.29715	6809.48	1920	1080	29.97	10	a48e107c54c25332e23d6bf909798626	996dfff8df5317d4b505bf449e728274	1920	1080	20510.0	3.0	17408.0	24666.0	False	False	0.9941475550333659	0.9882310884547897
DinnerScene_1920x1080_2997_10b	DinnerScene_1920x1080_2997_10b	svtav1	svtav1_20200601_759fa9d_enc-mode0	60	32	0	263083.0	263.083	41.608166666666676	42.28299999999999	47.360666666666674	41.607152	42.282539	47.36093	89.63371773163344	2839806.0	47.3301	4534.12	1920	1080	29.97	10	b1caa665bf37d064808abf349a058205	9a30bda4ee978d18eecba7ef8b81c43b	1920	1080	21834.0	3.0	9389.0	23077.0	False	False	0.9933631201585134	0.9874465283263788
DinnerScene_1920x1080_2997_10b	DinnerScene_1920x1080_2997_10b	svtav1	svtav1_20200601_759fa9d_enc-mode0	60	43	0	132111.0	132.111	41.29616666666664	42.16566666666668	47.05599999999999	41.295791	42.165294	47.055241	85.89905185147391	2475956.0	41.26593333333334	3898.62	1920	1080	29.97	10	e6a11e04f55bce9845b612eb3426d9c9	4cdf0aef3cf48caba4dc9c369e255778	1920	1080	20845.0	3.0	9017.0	24563.0	False	False	0.9921231796344121	0.9862478365002889
DinnerScene_1920x1080_2997_10b	DinnerScene_1920x1080_2997_10b	svtav1	svtav1_20200601_759fa9d_enc-mode0	60	55	0	66824.0	66.824	40.5645	41.89083333333333	46.54199999999996	40.559601	41.890747	46.53955800000001	77.55954239330845	2077810.0	34.63016666666667	3210.28	1920	1080	29.97	10	cd52e7a3e969f7d81bf14f1ee0f7e3de	27609dd5f6723023200437fd98afd0c5	1920	1080	20601.0	7.0	7982.0	23393.0	False	False	0.9888860076665879	0.9832827542125399
DinnerScene_1920x1080_2997_10b	DinnerScene_1920x1080_2997_10b	svtav1	svtav1_20200601_759fa9d_enc-mode0	60	59	0	47493.0	47.493	39.797333333333334	41.58683333333334	45.87483333333331	39.787513	41.585727	45.870965	68.57980092604842	2347219.0	39.12031666666667	4007.58	1920	1080	29.97	10	8b0cc9d1619ddf84b19159ac1758bbee	4dccac3609c572fc3533550096d591e2	1920	1080	21083.0	23.0	14611.0	29898.0	False	False	0.9847656836112341	0.9796565712027994
BarScene1_1920x1080_2997_10b	BarScene1_1920x1080_2997_10b	svtav1	svtav1_20200601_759fa9d_enc-mode0	60	20	0	1379750.0	1379.75	42.45900000000001	44.76733333333333	43.748500000000014	42.458876	44.767568	43.747314	93.17268908213299	2594848.0	43.24746666666667	4662.88	1920	1080	29.97	10	1167dae13b35ea28a830937c46d083a7	50a9dcaf544d1030bce1905c20ca1a83	1920	1080	21759.0	3.0	9217.0	24495.0	False	False	0.9958545098702113	0.990986289961577
BarScene1_1920x1080_2997_10b	BarScene1_1920x1080_2997_10b	svtav1	svtav1_20200601_759fa9d_enc-mode0	60	32	0	442010.0	442.01	42.15050000000001	44.599499999999985	43.47716666666667	42.150353	44.59926699999999	43.477344	92.07391298763547	2094018.0	34.9003	3436.97	1920	1080	29.97	10	8cb8851a938df51c32ef7f7126af0479	ed6784ffce2d9f19a27ca9fd59cbecab	1920	1080	20615.0	4.0	3777.0	23121.0	False	False	0.9951731860637665	0.9900900608294133
BarScene1_1920x1080_2997_10b	BarScene1_1920x1080_2997_10b	svtav1	svtav1_20200601_759fa9d_enc-mode0	60	43	0	229686.0	229.686	41.674500000000016	44.42250000000002	43.325	41.67398	44.422905	43.325169	90.12903264193999	1642279.0	27.371316666666665	2665.54	1920	1080	29.97	10	2393c1576de685d597405d2b0862e46f	87a2e3b52a7df6a7ec94a4d853699d82	1920	1080	22309.0	4.0	3417.0	23248.0	False	False	0.9939618637164434	0.9885227208533185
BarScene1_1920x1080_2997_10b	BarScene1_1920x1080_2997_10b	svtav1	svtav1_20200601_759fa9d_enc-mode0	60	55	0	93492.0	93.492	40.43633333333335	43.84466666666664	42.870333333333335	40.435126	43.84453799999999	42.870123	83.21964561349908	1682099.0	28.034983333333333	2736.47	1920	1080	29.97	10	dea3f5aec1857cf2f22a1e465fa90880	68546f909453920cba635370b85d7dba	1920	1080	22882.0	4.0	3958.0	25354.0	False	False	0.9889988074700038	0.9833374923509166
BarScene1_1920x1080_2997_10b	BarScene1_1920x1080_2997_10b	svtav1	svtav1_20200601_759fa9d_enc-mode0	60	59	0	57622.0	57.622	39.34033333333333	43.18783333333335	42.36816666666665	39.338094	43.187264	42.36813	75.90933575018394	1443114.0	24.0519	2297.77	1920	1080	29.97	10	63844a69261f59114377d37adcfe82fd	b38920ea1c459a73997b95f45a0911cb	1920	1080	20755.0	4.0	3287.0	23858.0	False	False	0.9829175452391307	0.9779001511144451
KristenAndSara_1280x720_60f	KristenAndSara_1280x720_60f	svtav1	svtav1_20200601_759fa9d_enc-mode0	60	20	0	3046512.0	3046.512	44.581	48.956666666666656	49.86616666666668	44.574579	48.95413	49.863994	96.91848641434993	1912494.0	31.8749	3225.09	1280	720	60.0	8	932b0671af95ee8edfdc28407b450f67	16747f49ea0422fa04ea3be14f9f8a69	1280	720	5306.0	8.0	4930.0	10500.0	False	False	0.9959733913342158	0.9954249835126652
KristenAndSara_1280x720_60f	KristenAndSara_1280x720_60f	svtav1	svtav1_20200601_759fa9d_enc-mode0	60	32	0	1309904.0	1309.904	43.523999999999994	48.31833333333334	49.20933333333335	43.511394	48.31511	49.206522	96.08347040239929	1806247.0	30.104116666666666	3145.35	1280	720	60.0	8	1a3b49cb980b7153a18b973e4d1ff940	04811502728be1e709dd4d0c7d815805	1280	720	6029.0	11.0	4025.0	15413.0	False	False	0.9948032855987549	0.994365397063134
KristenAndSara_1280x720_60f	KristenAndSara_1280x720_60f	svtav1	svtav1_20200601_759fa9d_enc-mode0	60	43	0	674704.0	674.704	42.11683333333334	47.21716666666667	48.09933333333333	42.095496	47.212824	48.095233	94.45116038333147	991335.0	16.52225	1710.56	1280	720	60.0	8	b4bad55f2e63be63580013b6af342340	f52bbdae17f8441abd14375fd7e3aa68	1280	720	4964.0	3.0	2909.0	11561.0	False	False	0.9924586762984594	0.992384390282627
KristenAndSara_1280x720_60f	KristenAndSara_1280x720_60f	svtav1	svtav1_20200601_759fa9d_enc-mode0	60	55	0	298144.0	298.144	39.349999999999994	44.763000000000005	45.80033333333335	39.320559	44.755074	45.794054	89.12566575315013	702451.0	11.707516666666667	1205.0	1280	720	60.0	8	088c96f3990e75419c0532b17fd3ff13	0a420c6e7cc15610ac1a5ccea99a3400	1280	720	5136.0	3.0	2233.0	9842.0	False	False	0.9848351756731669	0.986226209604849
KristenAndSara_1280x720_60f	KristenAndSara_1280x720_60f	svtav1	svtav1_20200601_759fa9d_enc-mode0	60	59	0	196072.0	196.072	37.47633333333336	43.08050000000001	44.21633333333333	37.456293	43.075146	44.211097	83.69055026413226	572949.0	9.54915	1001.73	1280	720	60.0	8	a33ce4d7f4dba85f75daedc883c098c0	b505017b004e074c8d158ee733ea9fa9	1280	720	5241.0	5.0	2032.0	9496.0	False	False	0.977309716741244	0.9802151306742183
blue_sky_360p_60f	blue_sky_360p_60f	svtav1	svtav1_20200601_759fa9d_enc-mode0	60	20	0	1282573.0	1282.573	44.46433333333335	45.52233333333333	47.276833333333336	44.355948	45.436122	47.214571	99.95579593850776	993060.0	16.551	1730.05	640	360	25.0	8	0ac361af4d03fd92e9e0a052e3680d6a	9612633ea62505e748bdd1f897c5a97a	640	360	2293.0	7.0	2898.0	3820.0	False	False	0.9929299165805181	0.9986144006627521
blue_sky_360p_60f	blue_sky_360p_60f	svtav1	svtav1_20200601_759fa9d_enc-mode0	60	32	0	643326.0	643.3259999999999	41.465333333333334	43.33949999999998	45.01900000000002	41.324202	43.23646	44.944543	99.93594858057811	903952.0	15.065866666666667	1661.51	640	360	25.0	8	481e6cc2c08bf50cf6907bd6e4efa2d1	68149e505e048af6769e8fc7a65c12eb	640	360	1801.0	4.0	1888.0	2849.0	False	False	0.9897042115529379	0.9978611710173485
blue_sky_360p_60f	blue_sky_360p_60f	svtav1	svtav1_20200601_759fa9d_enc-mode0	60	43	0	348573.0	348.573	38.7085	40.96300000000001	42.73716666666667	38.515901	40.867321999999994	42.681895000000004	99.42912753821774	674190.0	11.2365	1215.59	640	360	25.0	8	0e31570ac261cf6fca81117697bee756	afac6909b14c152192607fa9aa82b6d5	640	360	2011.0	3.0	1838.0	3077.0	False	False	0.9843320419390996	0.9964838501276871
blue_sky_360p_60f	blue_sky_360p_60f	svtav1	svtav1_20200601_759fa9d_enc-mode0	60	55	0	152080.0	152.08	34.86716666666667	37.158500000000004	39.370333333333335	34.746326	37.116064	39.349186	92.57869762586054	679774.0	11.329566666666667	1203.98	640	360	25.0	8	29ee3556ead4c6dda3ca6daaffca479f	8ca9f0990ed1b3d4ab0b8b873403457a	640	360	2704.0	17.0	1647.0	3027.0	False	False	0.9680296341578166	0.9921658787324527
blue_sky_360p_60f	blue_sky_360p_60f	svtav1	svtav1_20200601_759fa9d_enc-mode0	60	59	0	95796.0	95.796	32.46766666666666	35.539999999999985	38.26483333333333	32.407982	35.523427	38.251557	85.75473880125244	400759.0	6.679316666666667	714.44	640	360	25.0	8	2bc324a7cd850789f083b9daf6e2e726	a4225612efdbeb10128c6f7d2e652421	640	360	1780.0	4.0	1494.0	2993.0	False	False	0.9499739329020183	0.9869975462088907
dark720p_60f	dark720p_60f	svtav1	svtav1_20200601_759fa9d_enc-mode0	60	20	0	6766600.0	6766.6	45.936500000000024	42.952666666666666	44.38666666666667	45.92093	42.825167	44.316792	96.24296826020377	3542189.0	59.03648333333334	6199.28	1280	720	30.0	8	fb50e148d6b5bad6d516be4d36ac80b5	d556af5c5f2212c648daac10cb0a1603	1280	720	4977.0	3.0	10931.0	11744.0	False	False	0.9942144046227137	0.9949995403819102
dark720p_60f	dark720p_60f	svtav1	svtav1_20200601_759fa9d_enc-mode0	60	32	0	1534888.0	1534.888	43.49266666666664	38.831166666666654	41.69500000000001	43.474878	38.801907	41.684322	93.30172464921864	2782471.0	46.374516666666665	4794.0	1280	720	30.0	8	5d52539f5a1126a36f11f95c1cc87646	a8b4d5da403aa15b783d6e72eb8d47b9	1280	720	5153.0	8.0	8087.0	11951.0	False	False	0.9912680109341939	0.9927038672663734
dark720p_60f	dark720p_60f	svtav1	svtav1_20200601_759fa9d_enc-mode0	60	43	0	266512.0	266.512	42.214166666666664	36.89616666666666	40.801999999999985	42.202645	36.891844	40.795561	90.68966408102094	1337997.0	22.29995	2388.71	1280	720	30.0	8	e40da39e8d5f86586322d5dd9698c65e	a515ba078af02a4d3e446fbbc2ebf93f	1280	720	5072.0	3.0	5060.0	10332.0	False	False	0.9895954469839732	0.99137768618318
dark720p_60f	dark720p_60f	svtav1	svtav1_20200601_759fa9d_enc-mode0	60	55	0	108148.0	108.148	40.668833333333346	36.200833333333335	39.769499999999994	40.656853	36.199122	39.762029	86.09052813811574	646467.0	10.77445	1162.67	1280	720	30.0	8	d43d7cd872675845cc6aab6da3d5c39a	63869ebd12e6bea76ebfad93ba022b93	1280	720	4909.0	2.0	3024.0	9682.0	False	False	0.9854525228341421	0.9882486641958328
dark720p_60f	dark720p_60f	svtav1	svtav1_20200601_759fa9d_enc-mode0	60	59	0	72772.0	72.772	39.264500000000005	35.513999999999996	38.818333333333335	39.25612	35.512332	38.807494	80.90871719395834	874691.0	14.578183333333333	1404.49	1280	720	30.0	8	f876eedebd1e2878715329918a5e5b59	f3c1fb4e936a9cb71bf4b45bf47b73e7	1280	720	5241.0	4.0	2753.0	10380.0	False	False	0.980470922589302	0.9844894038855592
kirland360p_60f	kirland360p_60f	svtav1	svtav1_20200601_759fa9d_enc-mode0	60	20	0	278964.0	278.964	47.389333333333326	48.407999999999994	49.63699999999999	47.30815599999999	48.388399	49.617289	96.01077502370717	469516.0	7.825266666666667	819.97	640	360	30.0	8	69af58f101e7034435e2bd54261fd547	97959ae37b6ebf4f577d24ec64972216	640	360	1238.0	3.0	804.0	4184.0	False	False	0.990932959318161	0.9974089188297043
kirland360p_60f	kirland360p_60f	svtav1	svtav1_20200601_759fa9d_enc-mode0	60	32	0	129640.0	129.64	46.01316666666666	47.940000000000005	48.87416666666668	45.873952	47.916201	48.842742	94.72016781237316	387000.0	6.45	690.15	640	360	30.0	8	cd378ccdd7475eec464d4dc13db53588	a6d1633900ca7a27bfbeb1d668f1efc2	640	360	1254.0	7.0	676.0	2938.0	False	False	0.9896239697933197	0.996939675657753
kirland360p_60f	kirland360p_60f	svtav1	svtav1_20200601_759fa9d_enc-mode0	60	43	0	71120.0	71.12000000000002	44.111833333333344	47.22433333333333	47.7075	43.870125	47.180626	47.601173	92.12711184486218	325290.0	5.4215	558.84	640	360	30.0	8	8b81ad5191852dd6f55cb08102b87ac7	6fefd39ee7dbcbe3cdbb80b30e82f031	640	360	1360.0	4.0	522.0	3324.0	False	False	0.987197783589363	0.9960149184857571
kirland360p_60f	kirland360p_60f	svtav1	svtav1_20200601_759fa9d_enc-mode0	60	55	0	37360.0	37.36	41.09683333333335	46.108	45.927666666666696	40.755636	45.999808	45.637679	84.57708104578339	269640.0	4.494	462.55	640	360	30.0	8	0e7c69f851b6f9b128f5965fa5ee396a	0bffa92c0e75cf466abbfea8d713eb7e	640	360	1318.0	3.0	492.0	2942.0	False	False	0.9808939745028814	0.9936290884359243
kirland360p_60f	kirland360p_60f	svtav1	svtav1_20200601_759fa9d_enc-mode0	60	59	0	28260.0	28.26	39.3645	45.32349999999999	45.03266666666666	38.99313300000001	45.148139	44.692243	79.23089133543994	195754.0	3.262566666666667	359.78	640	360	30.0	8	c3a165e0394b9d13e652a210066ef3b8	f77194e7d3672f17ef00f41a11989e66	640	360	1373.0	3.0	411.0	2921.0	False	False	0.9749141583840052	0.9910985153744972
niklas360p_60f	niklas360p_60f	svtav1	svtav1_20200601_759fa9d_enc-mode0	60	20	0	1392232.0	1392.232	44.38200000000001	47.752499999999976	47.43699999999999	44.294944	47.678268	47.349606	98.33722299138716	957752.0	15.962533333333333	1619.69	640	360	30.0	8	53d95d58fdd00c71f2cb2cf64545d1f9	5d8d8c55d09985629568836d1639cdaf	640	360	2080.0	8.0	2076.0	3084.0	False	False	0.9865218957265218	0.9968520884631062
niklas360p_60f	niklas360p_60f	svtav1	svtav1_20200601_759fa9d_enc-mode0	60	32	0	764336.0	764.336	41.92383333333335	46.310500000000005	45.78466666666667	41.832448	46.224297	45.685018	96.71406082303928	849846.0	14.1641	1505.55	640	360	30.0	8	1efd988194aa87a54bfb2ef16d8dc6b5	1c9edfd0708cefea081f2c5215a564b9	640	360	1837.0	9.0	1701.0	2896.0	False	False	0.9810504525899887	0.9951413588376972
niklas360p_60f	niklas360p_60f	svtav1	svtav1_20200601_759fa9d_enc-mode0	60	43	0	407640.0	407.64	38.985333333333344	44.491500000000016	43.69933333333334	38.89868	44.450412	43.649794	93.02211030648617	837677.0	13.961283333333334	1319.67	640	360	30.0	8	f724d5f9becb0b0f1cbb6d9072b63ab9	a3fed038924a1a8bf1fd8f9287f9686b	640	360	2531.0	12.0	1461.0	3015.0	False	False	0.9710600982109706	0.9917570193570898
niklas360p_60f	niklas360p_60f	svtav1	svtav1_20200601_759fa9d_enc-mode0	60	55	0	200292.0	200.292	35.37800000000001	42.04950000000001	40.932166666666674	35.317863	42.016237	40.897314	85.25478382493885	643619.0	10.726983333333333	1103.66	640	360	30.0	8	78b478dda2458354ed0fd7ab7cfdedad	66b6052970fed362ff4aca24d5136b8c	640	360	2510.0	5.0	1384.0	3982.0	False	False	0.9486851046482722	0.9829442879605145
niklas360p_60f	niklas360p_60f	svtav1	svtav1_20200601_759fa9d_enc-mode0	60	59	0	137716.0	137.716	33.44416666666667	40.783500000000004	39.41266666666666	33.408468	40.765539	39.382681	79.08707823729948	314972.0	5.249533333333333	580.56	640	360	30.0	8	6775c96e68809015dc107c84c4272f29	2782e981faed05eae4c161b4b2a46bcf	640	360	1933.0	5.0	1145.0	2864.0	False	False	0.9289523800214131	0.9745742646247673
shields_640x360_60f	shields_640x360_60f	svtav1	svtav1_20200601_759fa9d_enc-mode0	60	20	0	2274233.0	2274.233	42.415833333333325	45.52499999999999	47.19799999999999	42.277764	45.499002	47.122373	99.45735187063997	868259.0	14.470983333333333	1515.84	640	360	50.0	8	d6045212084d942cabf746f882972b0d	f10e587f89526bb50304d02163b4b883	640	360	2558.0	3.0	1590.0	3123.0	False	False	0.9857802758614223	0.9982899057158255
shields_640x360_60f	shields_640x360_60f	svtav1	svtav1_20200601_759fa9d_enc-mode0	60	32	0	1209520.0	1209.52	40.61383333333336	43.94300000000002	45.503000000000014	40.410467	43.895444	45.38523	99.43734810320241	722866.0	12.047766666666666	1317.0	640	360	50.0	8	e7aa72ab783ecf37b411cb511e1bd6b0	59501cba92cf8cce9a6f58cce3f97141	640	360	2430.0	4.0	1528.0	3224.0	False	False	0.9810429910818735	0.9976205931116569
shields_640x360_60f	shields_640x360_60f	svtav1	svtav1_20200601_759fa9d_enc-mode0	60	43	0	637806.0	637.806	38.04000000000001	41.256166666666665	43.090833333333336	37.76045	41.168897	42.921099	99.37858947413689	727402.0	12.123366666666668	1186.01	640	360	50.0	8	9b61e4652fb737b68b264ea66de5d4c7	5fb7a6b732ab998d59d3433c81d84a36	640	360	2914.0	10.0	2403.0	4201.0	False	False	0.9697397470474243	0.9957822659178693
shields_640x360_60f	shields_640x360_60f	svtav1	svtav1_20200601_759fa9d_enc-mode0	60	55	0	324593.0	324.593	34.5995	38.14350000000001	40.27016666666667	34.247024	37.981438	40.023763	95.5766572495917	376861.0	6.281016666666667	675.06	640	360	50.0	8	9bbcfaefe0f96c526ac3ebd229828078	25d50ce842d12f96d12b78f71e59e0ff	640	360	2394.0	4.0	1043.0	3143.0	False	False	0.9426868667205175	0.990403484633665
shields_640x360_60f	shields_640x360_60f	svtav1	svtav1_20200601_759fa9d_enc-mode0	60	59	0	217800.0	217.8	32.346166666666676	36.577499999999986	38.556666666666665	31.939308	36.370288	38.318495	90.04569375016624	494696.0	8.244933333333334	830.26	640	360	50.0	8	54cd9ebca88a4be8288c0248efb16bfa	768b583ac73ee1d9f391d4f10878d8c3	640	360	2761.0	12.0	1022.0	3047.0	False	False	0.9110202590624491	0.9830232009241301
speed_bag_640x360_60f	speed_bag_640x360_60f	svtav1	svtav1_20200601_759fa9d_enc-mode0	60	20	0	462504.0	462.504	46.98099999999999	49.683166666666665	51.0795	46.89732	49.608795	51.017543	98.28947663846694	596916.0	9.9486	963.14	640	360	29.97	8	c2eb69d5ffeeab84deb2841a4530ae13	6a87e93f2153d5e373af0c45dda9f954	640	360	1506.0	3.0	1587.0	3062.0	False	False	0.9888715634743372	0.997511114729993
speed_bag_640x360_60f	speed_bag_640x360_60f	svtav1	svtav1_20200601_759fa9d_enc-mode0	60	32	0	239195.0	239.195	45.053833333333344	48.31349999999998	49.863333333333344	44.919792	48.201587	49.743888	97.22470730668103	784786.0	13.079766666666666	1397.02	640	360	29.97	8	19b38b438b09261fe2d1655e3e941e55	1031169a95a9f61dd65f81973155b780	640	360	1695.0	4.0	2670.0	5730.0	False	False	0.9856353014707565	0.9960953911300319
speed_bag_640x360_60f	speed_bag_640x360_60f	svtav1	svtav1_20200601_759fa9d_enc-mode0	60	43	0	131788.0	131.788	42.984500000000004	46.63533333333332	48.47066666666667	42.783066	46.520007	48.316684	94.63649499028755	443771.0	7.396183333333333	811.63	640	360	29.97	8	df97cf8c1859568e229eacbd387a5955	75f51f0ca87a04f13767f225a4890a78	640	360	1341.0	4.0	1191.0	3082.0	False	False	0.9814755588769912	0.993820386344972
speed_bag_640x360_60f	speed_bag_640x360_60f	svtav1	svtav1_20200601_759fa9d_enc-mode0	60	55	0	67222.0	67.222	39.89566666666666	44.00000000000001	46.36583333333333	39.624823	43.892714	46.178363	85.36710350050089	301437.0	5.02395	476.76	640	360	29.97	8	1e0c4779dc9692a299dc019165bf23e3	e7edcc836870b9fbb953d9229feb3fd6	640	360	1411.0	21.0	986.0	2940.0	False	False	0.9726493249336878	0.9882014028366257
speed_bag_640x360_60f	speed_bag_640x360_60f	svtav1	svtav1_20200601_759fa9d_enc-mode0	60	59	0	48098.0	48.098	37.800333333333334	42.112	44.96	37.623969	42.056204	44.816778	76.80182994103552	311297.0	5.188283333333334	524.44	640	360	29.97	8	5bf7017fdc1d818bc3ecd9f5ad812d87	d31c51fa9f70a33aa4bda525e511978e	640	360	1435.0	7.0	1036.0	3165.0	False	False	0.9643145759900411	0.9822089189581432
thaloundeskmtg360p_60f	thaloundeskmtg360p_60f	svtav1	svtav1_20200601_759fa9d_enc-mode0	60	20	0	918376.0	918.376	44.755499999999984	48.75866666666669	48.7855	44.572685	48.705146	48.74491	96.98317328136963	635011.0	10.583516666666666	1054.66	640	360	30.0	8	8bf201ebeba02ff31338d4bb2fe0db54	507754fce33acfed2a6f123f4324af51	640	360	1758.0	10.0	1196.0	2898.0	False	False	0.9925744344790777	0.9984346324595205
thaloundeskmtg360p_60f	thaloundeskmtg360p_60f	svtav1	svtav1_20200601_759fa9d_enc-mode0	60	32	0	478796.0	478.796	43.18900000000001	47.470833333333346	47.62349999999999	42.959403	47.419305	47.587072	95.85301601065159	662006.0	11.033433333333333	1159.07	640	360	30.0	8	1ea565c3a268c2cedfcb66371911d6d0	03e911e9d7906cab89c73e478804c805	640	360	1989.0	5.0	966.0	3120.0	False	False	0.9903017461299897	0.9977150537477989
thaloundeskmtg360p_60f	thaloundeskmtg360p_60f	svtav1	svtav1_20200601_759fa9d_enc-mode0	60	43	0	257276.0	257.276	41.119499999999995	45.81616666666667	45.93833333333334	40.808161	45.785453	45.915289	93.6930201158437	343336.0	5.722266666666667	643.37	640	360	30.0	8	e3ffef21d4062fe4313da6d205b41b90	be29167d9a85d253efb1dff7c0817164	640	360	1867.0	4.0	705.0	2874.0	False	False	0.9864764451980591	0.9963801000146933
thaloundeskmtg360p_60f	thaloundeskmtg360p_60f	svtav1	svtav1_20200601_759fa9d_enc-mode0	60	55	0	127848.0	127.848	37.8145	42.96616666666667	43.05916666666666	37.5786	42.943874	43.046773	87.74238523443364	322994.0	5.383233333333333	553.46	640	360	30.0	8	e25fea0614e1954d275ccb1b056ffcc4	9c7ae30f5c797dee4d90e0df69ab542d	640	360	1735.0	5.0	611.0	3029.0	False	False	0.9768974383672079	0.9924752400796166
thaloundeskmtg360p_60f	thaloundeskmtg360p_60f	svtav1	svtav1_20200601_759fa9d_enc-mode0	60	59	0	83860.0	83.86	35.50200000000002	40.93866666666667	40.972999999999985	35.179875	40.931647	40.960732	81.97461153418963	433317.0	7.22195	703.59	640	360	30.0	8	3ee126301de167741e30e80af3b0cda0	90d7022d3a322afcf5ce8cb86d9028e6	640	360	2125.0	4.0	727.0	3581.0	False	False	0.9665048201878865	0.9876070668089454
RollerCoastPas_1920x1080_2997_10	RollerCoastPas_1920x1080_2997_10	svtav1	svtav1_20200601_759fa9d_enc-mode0	60	20	0	2984424.0	2984.424	45.10383333333333	45.31633333333335	43.86516666666666	45.100899	45.315772	43.862063	97.10609053894841	3843164.0	64.05273333333334	6696.72	1920	1080	29.97	10	3f54ed659fe8ddb8191c00a1d4a5cb58	1560b2fc9fae6a19339d80764fe4018a	1920	1080	21278.0	3.0	6884.0	23957.0	False	False	0.9986586054166158	0.9969275944616338
RollerCoastPas_1920x1080_2997_10	RollerCoastPas_1920x1080_2997_10	svtav1	svtav1_20200601_759fa9d_enc-mode0	60	32	0	1353958.0	1353.958	43.96633333333336	44.612166666666646	43.10266666666666	43.963709	44.611835	43.101727	96.34882646049854	3684046.0	61.40076666666667	6179.92	1920	1080	29.97	10	d8fd73e983348e29610836eb4c88c076	32c3a597a3e50ca7fac4bbcec90a021e	1920	1080	22034.0	3.0	5217.0	24096.0	False	False	0.9981311887502671	0.9960446597346606
RollerCoastPas_1920x1080_2997_10	RollerCoastPas_1920x1080_2997_10	svtav1	svtav1_20200601_759fa9d_enc-mode0	60	43	0	796093.0	796.093	42.49316666666666	43.74983333333333	42.36516666666666	42.484762	43.749192	42.363695	94.92364261174704	2202680.0	36.711333333333336	3661.38	1920	1080	29.97	10	07e00c68f079ed69570fbdb9347fb6e2	6e7d752aee2ba86e4970884968e5f8a3	1920	1080	21191.0	8.0	4148.0	23217.0	False	False	0.9971030920743942	0.9944688616916812
RollerCoastPas_1920x1080_2997_10	RollerCoastPas_1920x1080_2997_10	svtav1	svtav1_20200601_759fa9d_enc-mode0	60	55	0	338475.0	338.475	39.07616666666666	41.39716666666668	40.213499999999996	39.057473	41.39513	40.210971	89.50030284979997	1941352.0	32.355866666666664	3255.28	1920	1080	29.97	10	5796bf9fd4ae04c7569cca5d744d8ac0	16b50fdce870bc44a61df591042a6b38	1920	1080	20827.0	9.0	4862.0	24774.0	False	False	0.9922130227088928	0.9880425173582557
RollerCoastPas_1920x1080_2997_10	RollerCoastPas_1920x1080_2997_10	svtav1	svtav1_20200601_759fa9d_enc-mode0	60	59	0	198429.0	198.429	36.46399999999999	39.399666666666675	38.38616666666666	36.449611	39.397924	38.38513	81.89642233758077	1788877.0	29.814616666666666	2914.94	1920	1080	29.97	10	c73037a61fcd1f812c1ad719533277c7	53179873d619ea94791bd41ea4cedaae	1920	1080	21487.0	4.0	3781.0	23925.0	False	False	0.9844712406396866	0.9786143170266044
Sintel_Dragons_1920x816_24_10b	Sintel_Dragons_1920x816_24_10b	svtav1	svtav1_20200601_759fa9d_enc-mode0	60	20	0	5061209.0	5061.209	46.91649999999999	51.23449999999999	51.38233333333335	46.861808	51.20972199999999	51.340726	99.91441439464269	5169187.0	86.15311666666666	9068.94	1920	816	24.0	10	63abefb26b69ce4c1b9a18e418411ef7	747e9a13ae143f4639a3f27659a1693e	1920	816	10427.0	3.0	16574.0	17966.0	False	False	0.9967284152905146	0.9968792378679889
Sintel_Dragons_1920x816_24_10b	Sintel_Dragons_1920x816_24_10b	svtav1	svtav1_20200601_759fa9d_enc-mode0	60	32	0	2592099.0	2592.099	43.77600000000002	48.74783333333334	48.807499999999976	43.728604	48.710661	48.737863	99.86725475247388	5370571.0	89.50951666666667	9393.81	1920	816	24.0	10	24395c6e512905211f05d944be4d363a	9b895f829ee5d5df4e28052cec5a1c7b	1920	816	10825.0	7.0	18160.0	19081.0	False	False	0.9939774473508199	0.9944164899519837
Sintel_Dragons_1920x816_24_10b	Sintel_Dragons_1920x816_24_10b	svtav1	svtav1_20200601_759fa9d_enc-mode0	60	43	0	1370572.0	1370.572	40.850833333333334	46.37699999999999	46.412166666666664	40.788197	46.324739	46.322777	97.88120352547588	4082836.0	68.04726666666667	7123.02	1920	816	24.0	10	ca3f36cb06a06475a65634bf7f39e6d1	54814fb18c1621418ee132d86dad1085	1920	816	13402.0	6.0	12673.0	16540.0	False	False	0.9885960201422374	0.9898570602055509
Sintel_Dragons_1920x816_24_10b	Sintel_Dragons_1920x816_24_10b	svtav1	svtav1_20200601_759fa9d_enc-mode0	60	55	0	670739.0	670.739	37.4925	43.4795	43.6675	37.442479	43.429179	43.579619	85.26294705176421	2742098.0	45.701633333333334	4785.62	1920	816	24.0	10	a50c567e5ac78203458aa476adcac3ed	9da3737773d28c473c964524da6efbe5	1920	816	10878.0	10.0	11082.0	16446.0	False	False	0.9757933189471563	0.979459965832323
Sintel_Dragons_1920x816_24_10b	Sintel_Dragons_1920x816_24_10b	svtav1	svtav1_20200601_759fa9d_enc-mode0	60	59	0	480076.0	480.076	35.89116666666667	42.068666666666665	42.269666666666666	35.857785	42.035103	42.20671	76.31587239673212	2692769.0	44.87948333333333	4578.17	1920	816	24.0	10	344aab4e3c864131b53c91bec5f73787	86924dcbeac5442e9a4e74cb785f6c8a	1920	816	11363.0	4.0	11191.0	16780.0	False	False	0.9657879571119944	0.9714183439233199
Market3_1920x1080p_50_10b_pq_709	Market3_1920x1080p_50_10b_pq_709	svtav1	svtav1_20200601_759fa9d_enc-mode0	60	20	0	12452126.0	12452.126	44.93	51.43799999999998	52.408166666666666	44.908801	51.428678	52.402334	99.83311117546666	5133287.0	85.55478333333333	8944.86	1920	1080	50.0	10	c2fd5b9eebbaf27a664df2a5cb68d100	59eea77ab9d950f86f6da8cd402b3c9d	1920	1080	21827.0	3.0	14004.0	22879.0	False	False	0.9992039501667023	0.9982019240705566
Market3_1920x1080p_50_10b_pq_709	Market3_1920x1080p_50_10b_pq_709	svtav1	svtav1_20200601_759fa9d_enc-mode0	60	32	0	6227940.0	6227.94	42.1805	49.22250000000001	50.36516666666664	42.148648	49.216839	50.361959	98.80188207730913	4714425.0	78.57375	8019.31	1920	1080	50.0	10	e6af24eb2d07918a1b1e4e79460879a8	2d3002856798a60a41ec0b5853910209	1920	1080	21200.0	4.0	13089.0	24069.0	False	False	0.9984996805588404	0.9966840080812458
Market3_1920x1080p_50_10b_pq_709	Market3_1920x1080p_50_10b_pq_709	svtav1	svtav1_20200601_759fa9d_enc-mode0	60	43	0	3260740.0	3260.74	39.40133333333332	47.262500000000024	48.61750000000002	39.359553	47.258856	48.616081	95.49597562087608	3995218.0	66.58696666666667	6982.34	1920	1080	50.0	10	02175e0345c8c6408e83608c4ad01cef	45d972ef50800eac5ca924226f4ee6a1	1920	1080	21484.0	6.0	11844.0	23045.0	False	False	0.9967664738496145	0.9931779146109057
Market3_1920x1080p_50_10b_pq_709	Market3_1920x1080p_50_10b_pq_709	svtav1	svtav1_20200601_759fa9d_enc-mode0	60	55	0	1307433.0	1307.433	35.53283333333333	44.523999999999994	46.10900000000001	35.505841	44.522818	46.107955999999994	86.39913883832592	2481130.0	41.35216666666667	4442.68	1920	1080	50.0	10	d12d8795fd40df28999c5c07f64e74a6	4d4949bdde66f103f8aef6a124d8d6b4	1920	1080	20500.0	4.0	10605.0	22873.0	False	False	0.9889900594949722	0.9796785666214599
Market3_1920x1080p_50_10b_pq_709	Market3_1920x1080p_50_10b_pq_709	svtav1	svtav1_20200601_759fa9d_enc-mode0	60	59	0	806853.0	806.853	33.66133333333334	43.10000000000001	44.773666666666664	33.647433	43.100129	44.770722	78.23084333649437	3241600.0	54.026666666666664	5440.45	1920	1080	50.0	10	6bcd748d35caaff365bbca4f85334d88	da2da7577a898ffebd853f8ef26de69c	1920	1080	21464.0	9.0	11388.0	23698.0	False	False	0.9800558149814605	0.9670635393374762
ShowGirl2TeaserClip4000_1920x108	ShowGirl2TeaserClip4000_1920x108	svtav1	svtav1_20200601_759fa9d_enc-mode0	60	20	0	2790193.0	2790.193	42.368499999999976	46.62149999999998	49.47566666666666	42.366577	46.619875	49.47267	95.35070414645743	4268197.0	71.13661666666667	7173.24	1920	1080	25.0	10	ee76b8e8a7edf513ed1bfd1bc31c4cca	0519fe59b328b6e64ec016e93941051d	1920	1080	20253.0	3.0	11225.0	24960.0	False	False	0.9960791776577632	0.9914623084115792
ShowGirl2TeaserClip4000_1920x108	ShowGirl2TeaserClip4000_1920x108	svtav1	svtav1_20200601_759fa9d_enc-mode0	60	32	0	1250206.0	1250.206	41.65933333333335	46.25966666666667	48.83666666666666	41.654099	46.256299	48.834606	93.42863749065623	3619923.0	60.33205	6144.99	1920	1080	25.0	10	c6effa0cfe77f38b363e9076a8cfd40d	a698045dd7ede01a85bc0f7d81514d55	1920	1080	20077.0	4.0	9157.0	23235.0	False	False	0.9950220545132955	0.9901459912690455
ShowGirl2TeaserClip4000_1920x108	ShowGirl2TeaserClip4000_1920x108	svtav1	svtav1_20200601_759fa9d_enc-mode0	60	43	0	673273.0	673.273	40.649	45.801666666666655	48.06599999999998	40.630639	45.799019	48.064855	90.07341141803636	2846905.0	47.44841666666667	4607.17	1920	1080	25.0	10	2ffa39080ab96f5c14cef51980ac9ca1	ea9fde76326e71fc6a1e2040aaa1a3fa	1920	1080	19981.0	3.0	7928.0	23742.0	False	False	0.9931089719136555	0.9879924741758278
ShowGirl2TeaserClip4000_1920x108	ShowGirl2TeaserClip4000_1920x108	svtav1	svtav1_20200601_759fa9d_enc-mode0	60	55	0	285673.0	285.673	38.42066666666667	44.61266666666664	46.3315	38.389377	44.610574	46.33017499999999	80.9961675262768	2202947.0	36.715783333333334	3668.25	1920	1080	25.0	10	894f66108ca7243e5bb9aa8dd0c92b7e	b3aa22cfef8b254f603299e8dd9d581c	1920	1080	20561.0	4.0	7105.0	24450.0	False	False	0.9865720788637797	0.9810164186714058
ShowGirl2TeaserClip4000_1920x108	ShowGirl2TeaserClip4000_1920x108	svtav1	svtav1_20200601_759fa9d_enc-mode0	60	59	0	177196.0	177.196	36.75650000000001	43.52000000000001	45.139666666666685	36.734688	43.518595	45.138941	72.67759351071614	2528220.0	42.137	4127.44	1920	1080	25.0	10	e9b830c9991965ec681fa0ba45d7890b	015fb6549b491ea9531e4bd8110bbf20	1920	1080	23524.0	8.0	6982.0	35172.0	False	False	0.9787398457527161	0.9729625531505144
Starting_1920x1080p_50_10b_pq_70	Starting_1920x1080p_50_10b_pq_70	svtav1	svtav1_20200601_759fa9d_enc-mode0	60	20	0	4157913.0	4157.913	46.80016666666667	49.66316666666668	51.329833333333305	46.748262	49.608499	51.25416400000001	96.72391061502796	2989278.0	49.8213	5009.76	1920	1080	50.0	10	92484964d6e98b7895e85a1a32f1b4a5	85be47768ebe8634b284185474534155	1920	1080	18321.0	6.0	12468.0	26430.0	False	False	0.9991725514332453	0.9980751112184724
Starting_1920x1080p_50_10b_pq_70	Starting_1920x1080p_50_10b_pq_70	svtav1	svtav1_20200601_759fa9d_enc-mode0	60	32	0	2200146.0	2200.146	45.320166666666665	48.56550000000001	49.856666666666676	45.251924	48.530917	49.815788	95.54951162110177	2985194.0	49.753233333333334	5186.35	1920	1080	50.0	10	3cbfebbf049cc3f31712b1fe38dd243c	cfc2d2b3d333c9cdb352f11630f5b5f7	1920	1080	27696.0	4.0	7801.0	24312.0	False	False	0.9986682385206223	0.9973298589434697
Starting_1920x1080p_50_10b_pq_70	Starting_1920x1080p_50_10b_pq_70	svtav1	svtav1_20200601_759fa9d_enc-mode0	60	43	0	1294440.0	1294.44	43.49333333333334	47.327000000000005	48.18400000000001	43.411333	47.315955	48.172532	93.45361764546902	2423930.0	40.398833333333336	3887.14	1920	1080	50.0	10	b0e3f96b2f87bccedadf4477bd8b2ec3	41509beae61373f9fd7df9dd54a8c014	1920	1080	19516.0	7.0	7915.0	25384.0	False	False	0.9977823585271836	0.9961071511451831
Starting_1920x1080p_50_10b_pq_70	Starting_1920x1080p_50_10b_pq_70	svtav1	svtav1_20200601_759fa9d_enc-mode0	60	55	0	552133.0	552.133	39.63916666666667	44.84883333333333	45.15116666666666	39.591006	44.84839	45.150178	86.33633045150908	1866021.0	31.10035	2991.63	1920	1080	50.0	10	a82c0eb1bd054c2b7f47b057306fe597	13fb3bbe710f1aba0848ca6b91aba0eb	1920	1080	18107.0	6.0	6166.0	23603.0	False	False	0.9938153753678004	0.9908083681167611
Starting_1920x1080p_50_10b_pq_70	Starting_1920x1080p_50_10b_pq_70	svtav1	svtav1_20200601_759fa9d_enc-mode0	60	59	0	318286.0	318.286	36.93599999999999	43.194500000000026	43.375666666666625	36.916171	43.1943	43.37524	77.89363615252897	1942901.0	32.381683333333335	3248.96	1920	1080	50.0	10	471be353e2f88a27e385eb9c7d4568e1	1db4ef097424d21888d308e174e2babc	1920	1080	19239.0	14.0	7108.0	24793.0	False	False	0.9876474599043529	0.9827640953687733
DOTA2_60f_420	DOTA2_60f_420	svtav1	svtav1_20200601_759fa9d_enc-mode0	60	20	0	15162432.0	15162.432	45.4595	49.18083333333334	49.30899999999998	45.406375	49.103731	49.273117	97.55440773578175	4200221.0	70.00368333333333	7020.96	1920	1080	60.0	8	19d42f89f20e83cdef1d438a6ac4ca0c	ec753e65952c4b2834f3dc3486951ead	1920	1080	12459.0	3.0	9369.0	22947.0	False	False	0.9986210525035858	0.9973405008191917
DOTA2_60f_420	DOTA2_60f_420	svtav1	svtav1_20200601_759fa9d_enc-mode0	60	32	0	7230056.0	7230.056	42.932166666666674	46.91616666666666	47.181499999999986	42.846773	46.80998	47.132385	95.66507335469815	3258957.0	54.31595	5959.83	1920	1080	60.0	8	129baba87bcf9e2bc330f15a925fc230	521744229b7c94e23b41c29bbb49fc92	1920	1080	12206.0	9.0	7845.0	23317.0	False	False	0.9972550908724467	0.9949961440229083
DOTA2_60f_420	DOTA2_60f_420	svtav1	svtav1_20200601_759fa9d_enc-mode0	60	43	0	3498344.0	3498.344	40.258166666666654	44.46183333333332	44.82283333333332	40.146049	44.339372	44.768477	91.90745885560492	3083119.0	51.38531666666667	5279.13	1920	1080	60.0	8	e8ef09bf25e97b9fa4616cf1ab90be61	89360ff65d3643173ad3a768d8e89e7d	1920	1080	13864.0	8.0	7799.0	24335.0	False	False	0.9938017159700394	0.9898250967478848
DOTA2_60f_420	DOTA2_60f_420	svtav1	svtav1_20200601_759fa9d_enc-mode0	60	55	0	1371512.0	1371.512	36.675	41.19033333333333	41.47249999999999	36.586321	41.102123	41.437213	81.93822149646198	2036122.0	33.93536666666667	3351.91	1920	1080	60.0	8	558d5afba806150e3869b601af1969a1	e442914abb9ecd7be9d80bad405d95b5	1920	1080	12760.0	4.0	7014.0	24303.0	False	False	0.9805167824029922	0.9738845679253796
DOTA2_60f_420	DOTA2_60f_420	svtav1	svtav1_20200601_759fa9d_enc-mode0	60	59	0	830344.0	830.3439999999999	34.7005	39.3035	39.56350000000001	34.652919	39.253674	39.545056	72.50077386567419	1511318.0	25.188633333333332	2546.74	1920	1080	60.0	8	7e6b1a1d9a21bea07187ed13dd99c0dc	0accd98b8e33486b4710f4708d1ca272	1920	1080	12136.0	4.0	5782.0	24260.0	False	False	0.9646564384301504	0.9579023508485204
Netflix_Crosswalk_1920x1080_60fp	Netflix_Crosswalk_1920x1080_60fp	svtav1	svtav1_20200601_759fa9d_enc-mode0	60	20	0	7362664.0	7362.664	45.51416666666666	48.24133333333334	50.06766666666669	45.498134	48.234192	50.057193	99.04459419584343	4688259.0	78.13765	8123.68	1920	1080	60.0	8	35bec82d3e228280e1d703124882bdea	0c724483de214304d3852639093a39ee	1920	1080	9616.0	5.0	17873.0	23674.0	False	False	0.9975822697083155	0.9956706267234977
Netflix_Crosswalk_1920x1080_60fp	Netflix_Crosswalk_1920x1080_60fp	svtav1	svtav1_20200601_759fa9d_enc-mode0	60	32	0	3710040.0	3710.04	44.19666666666664	47.416333333333334	49.177499999999995	44.159822	47.402082	49.158458	95.61107609253999	4650067.0	77.50111666666666	8344.46	1920	1080	60.0	8	034ff9a8feba061b7b1519c3c4686731	a4939a1c907e7f10c19990834c69231d	1920	1080	9983.0	5.0	17016.0	24391.0	False	False	0.9958360334237416	0.9937487049833869
Netflix_Crosswalk_1920x1080_60fp	Netflix_Crosswalk_1920x1080_60fp	svtav1	svtav1_20200601_759fa9d_enc-mode0	60	43	0	1874088.0	1874.088	42.41666666666666	46.328833333333336	48.04633333333334	42.345185	46.313867	48.026969	89.24544897114126	2942351.0	49.039183333333334	4856.35	1920	1080	60.0	8	a0539e23d1e1be23e3e74bb20abf6c89	0f366ab44c100426ffa91456e0e336fb	1920	1080	9695.0	4.0	14442.0	24239.0	False	False	0.9918930212656657	0.9899336904754735
Netflix_Crosswalk_1920x1080_60fp	Netflix_Crosswalk_1920x1080_60fp	svtav1	svtav1_20200601_759fa9d_enc-mode0	60	55	0	866976.0	866.976	39.67383333333333	44.49616666666666	46.08883333333333	39.596881	44.483577	46.073223	74.92484847105216	2817786.0	46.9631	4363.51	1920	1080	60.0	8	34376c0ee2860471f8ace1c819de01d9	0decfb58a53c14fa8aef3f19c5eed96d	1920	1080	11683.0	6.0	13288.0	23695.0	False	False	0.9806642363468806	0.9801286504306067
Netflix_Crosswalk_1920x1080_60fp	Netflix_Crosswalk_1920x1080_60fp	svtav1	svtav1_20200601_759fa9d_enc-mode0	60	59	0	626008.0	626.008	38.30699999999999	43.51033333333335	45.02383333333333	38.239137	43.500336	45.009185	65.8887904827184	1958700.0	32.645	3239.51	1920	1080	60.0	8	b43268ae625a3e6cf724503b230f7db8	c2565a3c5c411085a5b86a4a66b045ae	1920	1080	9511.0	3.0	11432.0	23681.0	False	False	0.9715803841749827	0.9726309683000529
Netflix_DrivingPOV_1280x720_60fp	Netflix_DrivingPOV_1280x720_60fp	svtav1	svtav1_20200601_759fa9d_enc-mode0	60	20	0	11034136.0	11034.136	42.74666666666667	46.398166666666675	45.09583333333333	42.723217	46.389983	45.090019	99.68677298424119	3317092.0	55.284866666666666	5853.03	1280	720	60.0	8	8317dafcb4bac35c6b131cc2bcda214a	d62f34d2d017dcb6bea341b7acf361cb	1280	720	6678.0	19.0	7904.0	10168.0	False	False	0.99799491862456	0.9974193048563419
Netflix_DrivingPOV_1280x720_60fp	Netflix_DrivingPOV_1280x720_60fp	svtav1	svtav1_20200601_759fa9d_enc-mode0	60	32	0	5104008.0	5104.008	40.22533333333334	45.04316666666668	44.08933333333335	40.186822	45.025601	44.081618	98.54611994250118	2865590.0	47.75983333333333	5061.64	1280	720	60.0	8	c81c79e96ac453a8c3190ee6e62ffc0f	d369c042e84135e04d4326c93a16adc1	1280	720	6681.0	6.0	6138.0	10072.0	False	False	0.9962602357069651	0.995243345405422
Netflix_DrivingPOV_1280x720_60fp	Netflix_DrivingPOV_1280x720_60fp	svtav1	svtav1_20200601_759fa9d_enc-mode0	60	43	0	2634936.0	2634.936	37.861666666666665	43.59366666666667	43.14066666666668	37.796526	43.570948	43.132533	96.07919715045401	1592045.0	26.534083333333335	2919.5	1280	720	60.0	8	a9cfea3620245c85380db6e78ccdc495	8c2f0e440a2e1526440e47c62fc5a386	1280	720	6533.0	2.0	5468.0	9753.0	False	False	0.9919364919265111	0.9909740925091782
Netflix_DrivingPOV_1280x720_60fp	Netflix_DrivingPOV_1280x720_60fp	svtav1	svtav1_20200601_759fa9d_enc-mode0	60	55	0	1115744.0	1115.744	34.648166666666675	41.18366666666666	41.5125	34.596404	41.167691	41.506714	89.48905556773397	1362956.0	22.715933333333332	2377.84	1280	720	60.0	8	e9a44ad2c31f57214b288f17726cd6d9	147dccc843b71755919396fc074e444a	1280	720	6629.0	3.0	5247.0	10197.0	False	False	0.984610382715861	0.9835202382495485
Netflix_DrivingPOV_1280x720_60fp	Netflix_DrivingPOV_1280x720_60fp	svtav1	svtav1_20200601_759fa9d_enc-mode0	60	59	0	688448.0	688.448	32.693000000000005	39.61299999999999	40.291333333333334	32.667427	39.605483	40.288049	83.12684626769204	1393492.0	23.224866666666667	2350.22	1280	720	60.0	8	a54bf6907184fbff0d393385e8200b22	f573401b40fb30a00cb156497709da27	1280	720	6748.0	5.0	4939.0	10322.0	False	False	0.9769533256689708	0.9755667904528232
Netflix_PierSeaside_1920x1080_60	Netflix_PierSeaside_1920x1080_60	svtav1	svtav1_20200601_759fa9d_enc-mode0	60	20	0	7471512.0	7471.512	45.40983333333333	47.41633333333333	45.492000000000004	45.380038	47.403589	45.476755	99.86792820896632	4209424.0	70.15706666666667	6929.12	1920	1080	60.0	8	a11a6738203c4a409cf138198ec7b919	9021c99b6e5cc631b047411a46aea40e	1920	1080	10825.0	3.0	11808.0	23614.0	False	False	0.9980630725622177	0.9968534091148012
Netflix_PierSeaside_1920x1080_60	Netflix_PierSeaside_1920x1080_60	svtav1	svtav1_20200601_759fa9d_enc-mode0	60	32	0	3212952.0	3212.952	43.70083333333333	46.659499999999994	44.90916666666667	43.634909	46.642308	44.891442	99.38339360707666	3101636.0	51.693933333333334	5013.27	1920	1080	60.0	8	4e7ff20e270c6612bd1ebff1896d0fd0	0b497a027818463d536f060ed565cb1b	1920	1080	10833.0	2.0	10280.0	25623.0	False	False	0.9970474908749263	0.995285410913349
Netflix_PierSeaside_1920x1080_60	Netflix_PierSeaside_1920x1080_60	svtav1	svtav1_20200601_759fa9d_enc-mode0	60	43	0	1399592.0	1399.592	41.557166666666674	45.35983333333334	44.03499999999999	41.476615	45.345045	44.021329	97.19170145570011	2289534.0	38.1589	3809.13	1920	1080	60.0	8	ad8c1d1139dae376f9ce772889dae501	eb4ad224761fa08bfd0b18c116a274dd	1920	1080	10752.0	4.0	9244.0	24090.0	False	False	0.9947837998469671	0.9920495774717752
Netflix_PierSeaside_1920x1080_60	Netflix_PierSeaside_1920x1080_60	svtav1	svtav1_20200601_759fa9d_enc-mode0	60	55	0	573224.0	573.224	38.77583333333335	43.08250000000001	42.32433333333334	38.707962	43.070064	42.315057	91.18181049068211	1577168.0	26.286133333333332	2636.34	1920	1080	60.0	8	06e8d4abb8fd6b196138680cde6350dd	7cde213e556d13a5949ebd72576ec0e6	1920	1080	11440.0	5.0	8914.0	24384.0	False	False	0.9893541157245636	0.9853747528594281
Netflix_PierSeaside_1920x1080_60	Netflix_PierSeaside_1920x1080_60	svtav1	svtav1_20200601_759fa9d_enc-mode0	60	59	0	325296.0	325.296	36.720833333333346	41.23366666666666	40.76616666666667	36.67632	41.228456	40.760716	84.06499662966787	1885293.0	31.42155	2880.55	1920	1080	60.0	8	9c10b5e78587a6787c807ba7466800c3	03e517e84732292d683cb5a73ba2636d	1920	1080	14755.0	9.0	8631.0	24002.0	False	False	0.9836272219816844	0.9787640711356816
Netflix_RollerCoaster_1280x720_6	Netflix_RollerCoaster_1280x720_6	svtav1	svtav1_20200601_759fa9d_enc-mode0	60	20	0	8086752.0	8086.7519999999995	44.74666666666668	46.65516666666667	46.692833333333326	44.730803	46.644066	46.685816	99.90459454417086	3026334.0	50.4389	5302.02	1280	720	60.0	8	547ef0266502b9eac7d64ac7730787d2	402e8a2296dec33eeba7fead92b3d04a	1280	720	5966.0	31.0	7973.0	9742.0	False	False	0.9979035119215648	0.997512481940039
Netflix_RollerCoaster_1280x720_6	Netflix_RollerCoaster_1280x720_6	svtav1	svtav1_20200601_759fa9d_enc-mode0	60	32	0	4016968.0	4016.968	42.47216666666667	44.94616666666666	45.35800000000001	42.446883	44.922272	45.345647	99.85004736301691	3016397.0	50.27328333333333	5271.27	1280	720	60.0	8	37df984c2ac07a09ffbdcc3c25a19aca	b2722e826ca0b6100b5efef53b3bfa86	1280	720	5562.0	4.0	6777.0	10640.0	False	False	0.9963837246100108	0.995901555420088
Netflix_RollerCoaster_1280x720_6	Netflix_RollerCoaster_1280x720_6	svtav1	svtav1_20200601_759fa9d_enc-mode0	60	43	0	2095336.0	2095.336	40.08316666666668	43.02416666666664	43.788	40.042503	42.991783000000005	43.772872	97.61725103892566	2297468.0	38.291133333333335	4158.57	1280	720	60.0	8	00d858d4758a8e006c80502ef0e7b62d	ad0680fc010004fee685035c2f6ad30f	1280	720	5758.0	5.0	6105.0	10107.0	False	False	0.9932648221651713	0.9927485304818904
Netflix_RollerCoaster_1280x720_6	Netflix_RollerCoaster_1280x720_6	svtav1	svtav1_20200601_759fa9d_enc-mode0	60	55	0	952280.0	952.28	36.72666666666666	40.16466666666666	41.52583333333334	36.68707299999999	40.127244	41.507326	88.30840819610782	1877764.0	31.29606666666667	3372.32	1280	720	60.0	8	78f18ee5270c0fd18f4f74e5fe2603dc	4dbe1d467fd9b3db4d3c4f8f227bfb61	1280	720	5817.0	3.0	6001.0	10748.0	False	False	0.9826699783404668	0.9828754131849193
Netflix_RollerCoaster_1280x720_6	Netflix_RollerCoaster_1280x720_6	svtav1	svtav1_20200601_759fa9d_enc-mode0	60	59	0	647048.0	647.048	34.969500000000004	38.50550000000001	40.2445	34.935002000000004	38.46214	40.222848	80.17972248950049	1722913.0	28.715216666666667	2776.63	1280	720	60.0	8	53e27b1dedb99c2ceb1cb6e2476f9904	94ef8fea4b811db16ce552e824cba14f	1280	720	6509.0	6.0	6020.0	10919.0	False	False	0.9716576735178629	0.9735790053544421
STARCRAFT_60f_420	STARCRAFT_60f_420	svtav1	svtav1_20200601_759fa9d_enc-mode0	60	20	0	7600448.0	7600.448	50.454	53.34566666666667	53.36299999999999	50.438248	53.334167	53.355421	97.60774774849315	2775115.0	46.251916666666666	4563.42	1920	1080	60.0	8	3f6cf39a8304a37c2d3606216759f15e	8b2318d843caf65bca76ab2b82a75263	1920	1080	13327.0	5.0	3466.0	24638.0	False	False	0.9996307114760081	0.9992780506873938
STARCRAFT_60f_420	STARCRAFT_60f_420	svtav1	svtav1_20200601_759fa9d_enc-mode0	60	32	0	4290560.0	4290.56	47.01483333333331	51.01516666666668	51.21000000000001	46.995659	50.994237	51.19932099999999	96.82605189008682	2503109.0	41.71848333333333	4211.96	1920	1080	60.0	8	dbcb0222773ca70c48a96a43bebfd20d	d6a0c853d64ed241ec248058c2291f2b	1920	1080	12561.0	2.0	3160.0	24315.0	False	False	0.9990775297085445	0.9983586776082622
STARCRAFT_60f_420	STARCRAFT_60f_420	svtav1	svtav1_20200601_759fa9d_enc-mode0	60	43	0	2458568.0	2458.568	43.54066666666668	48.39833333333333	48.633500000000005	43.509197	48.365268	48.618569	95.14792424093415	1521877.0	25.364616666666667	2705.86	1920	1080	60.0	8	02c31f70a92b8fdc15551241fc37667d	8bc1bfe2727c497086915e8d12cbf8ce	1920	1080	10668.0	4.0	2836.0	22808.0	False	False	0.997841277718544	0.9964516475056039
STARCRAFT_60f_420	STARCRAFT_60f_420	svtav1	svtav1_20200601_759fa9d_enc-mode0	60	55	0	1048064.0	1048.064	38.5635	44.587666666666664	44.70600000000002	38.541197	44.559746	44.688358	89.75752290429467	1388466.0	23.1411	2239.55	1920	1080	60.0	8	853a529da3f6314308abcb68ea4b1f8e	0f5879778a4d20df0e97a689f32800c1	1920	1080	10582.0	4.0	3097.0	25567.0	False	False	0.9922131448984146	0.9889322173523394
STARCRAFT_60f_420	STARCRAFT_60f_420	svtav1	svtav1_20200601_759fa9d_enc-mode0	60	59	0	614472.0	614.472	35.70516666666666	42.25649999999999	42.4065	35.69139499999999	42.240143	42.394729	83.15655125058167	1204817.0	20.080283333333334	1884.79	1920	1080	60.0	8	01271eaae095a7ccdf37ebb55fba7002	01600c9afd6178ec6c8f0c2c70639d6f	1920	1080	10757.0	4.0	2480.0	23834.0	False	False	0.9838294605414073	0.9787588215656078
gipsrestat720p_60f	gipsrestat720p_60f	svtav1	svtav1_20200601_759fa9d_enc-mode0	60	20	0	3268006.0	3268.006	44.817	47.39216666666666	49.0055	44.798757	47.386917	49.001621	96.94885902965704	1952757.0	32.54595	3366.65	1280	720	50.0	8	c8731a14cd8c287637445fc6bc831872	40b7581cb584c0adccadfb03d1e9783c	1280	720	5816.0	5.0	6565.0	13060.0	False	False	0.9976049602031708	0.9969432020621538
gipsrestat720p_60f	gipsrestat720p_60f	svtav1	svtav1_20200601_759fa9d_enc-mode0	60	32	0	1290266.0	1290.266	43.26466666666666	46.83166666666666	48.3595	43.233379	46.828166	48.355212	95.76244270460748	1520670.0	25.3445	2636.32	1280	720	50.0	8	b72fb975383f3bc21550d7250217e735	013cffd53aacf0c196054b87c72a5bd5	1280	720	5966.0	4.0	2512.0	11377.0	False	False	0.9966428418954213	0.9959733679180592
gipsrestat720p_60f	gipsrestat720p_60f	svtav1	svtav1_20200601_759fa9d_enc-mode0	60	43	0	688666.0	688.666	41.67233333333333	46.04433333333334	47.36500000000001	41.619876	46.041563	47.360817	93.93181243307211	1087479.0	18.12465	1863.74	1280	720	50.0	8	e864094b81a094af0b992eebc4102188	09ac48a8b84523a8e7e3a66a5367ed45	1280	720	5974.0	5.0	2562.0	10907.0	False	False	0.9950223058462143	0.9944776734585332
gipsrestat720p_60f	gipsrestat720p_60f	svtav1	svtav1_20200601_759fa9d_enc-mode0	60	55	0	326566.0	326.566	38.88266666666667	44.07533333333335	45.034000000000006	38.846156	44.073066	45.032929	89.30418838359441	1067252.0	17.787533333333332	1688.42	1280	720	50.0	8	d4d8f869256cbedcd8188b33a2b83444	a7c5ad93cb08812b7eaa93b1b8153fc7	1280	720	7159.0	5.0	1943.0	11001.0	False	False	0.9891887853542963	0.9894419918967254
gipsrestat720p_60f	gipsrestat720p_60f	svtav1	svtav1_20200601_759fa9d_enc-mode0	60	59	0	203180.0	203.18	36.53033333333333	42.20983333333334	42.922	36.518147	42.2086	42.921081	83.54616586304807	683590.0	11.393166666666668	1159.88	1280	720	50.0	8	827a6345f1a3f789293692a52dd65d7b	7c9180d608569c1f72ae40de2bf186b8	1280	720	5447.0	4.0	1670.0	9976.0	False	False	0.9810358246167501	0.982509849899266
red_kayak_360p_60f	red_kayak_360p_60f	svtav1	svtav1_20200601_759fa9d_enc-mode0	60	20	0	9079649.0	9079.649	41.101000000000006	44.67716666666666	49.277	41.066277	44.656711	49.26938400000001	99.8709793391361	2372709.0	39.54515	4436.37	640	360	29.97	8	75965834c8a9d62cb6c6f84bfa5d837b	31d98ca8637291893803c332f48434d9	640	360	2201.0	8.0	3826.0	2997.0	False	False	0.9723152240117391	0.9942355394245062
red_kayak_360p_60f	red_kayak_360p_60f	svtav1	svtav1_20200601_759fa9d_enc-mode0	60	32	0	5311782.0	5311.782	36.4805	42.186833333333325	48.0525	36.416777	42.164626	48.034889	99.67700238855278	2384362.0	39.73936666666667	4182.55	640	360	29.97	8	48829e0c6f6ebdfa44e541909e55f6e2	1b08d1e7b94029d8998dde497a66b9e3	640	360	2063.0	4.0	3304.0	2897.0	False	False	0.9396688014268875	0.98574506221333
red_kayak_360p_60f	red_kayak_360p_60f	svtav1	svtav1_20200601_759fa9d_enc-mode0	60	43	0	2373325.0	2373.325	31.8745	39.752833333333335	46.627333333333354	31.787781	39.726359	46.601884	86.20203207700591	2370054.0	39.5009	4091.71	640	360	29.97	8	56db6a2dfa3711efc8d913e0715eb5e8	4d35f093fe90910b9a0980f1f4dbd9c2	640	360	2525.0	5.0	2897.0	3020.0	False	False	0.8693328599135081	0.9651309141084885
red_kayak_360p_60f	red_kayak_360p_60f	svtav1	svtav1_20200601_759fa9d_enc-mode0	60	55	0	716422.0	716.422	28.019833333333338	37.8505	45.33233333333333	27.94948	37.831971	45.258086	58.94354131064404	1342954.0	22.382566666666666	2280.22	640	360	29.97	8	e2dc08978fa0fcc3e7d58e82d588d73e	112b3ed3b6597d5d19b9ab543c6c6096	640	360	2087.0	6.0	2342.0	2898.0	False	False	0.7532401710748673	0.9179622824328408
red_kayak_360p_60f	red_kayak_360p_60f	svtav1	svtav1_20200601_759fa9d_enc-mode0	60	59	0	385355.0	385.3550000000001	26.84716666666667	37.260000000000005	44.79299999999999	26.793292	37.247044	44.693	44.26412956244936	807083.0	13.451383333333334	1532.94	640	360	29.97	8	7b37758ffe2f7768e8a4e5cc90afde8d	a6ddf4b24b181b576d28325b4829732b	640	360	2086.0	2.0	2168.0	2886.0	False	False	0.7047747790813446	0.8867952322622049
vidyo1_720p_60fps_60f	vidyo1_720p_60fps_60f	svtav1	svtav1_20200601_759fa9d_enc-mode0	60	20	0	3622976.0	3622.976	45.46616666666666	48.08433333333335	49.39933333333334	45.447753	48.078413	49.396746	96.4750980909471	1762974.0	29.3829	3066.98	1280	720	60.0	8	639b926470384eeb31b9efcfbbbdc5c5	50c7c8cc649a6819fcb119719f738792	1280	720	5477.0	4.0	3616.0	10470.0	False	False	0.997500815987587	0.9968855809916553
vidyo1_720p_60fps_60f	vidyo1_720p_60fps_60f	svtav1	svtav1_20200601_759fa9d_enc-mode0	60	32	0	1400824.0	1400.824	43.96833333333335	47.57083333333334	48.74716666666667	43.960485	47.566791	48.744267	95.1504632198711	1650539.0	27.508983333333333	2857.89	1280	720	60.0	8	72f927b92abd5bdffefae679d3f03d6a	59fcc3b88dddaa77086c25e985214c0e	1280	720	5641.0	4.0	2905.0	11340.0	False	False	0.9960528085629146	0.995501655891747
vidyo1_720p_60fps_60f	vidyo1_720p_60fps_60f	svtav1	svtav1_20200601_759fa9d_enc-mode0	60	43	0	686544.0	686.544	42.480333333333334	46.86466666666668	47.81566666666666	42.471537	46.861628	47.813935	93.01139882697662	1080416.0	18.006933333333333	1778.92	1280	720	60.0	8	444805cbd1564f7452af6e1248221e3c	e50a5e807b33d009d6920c008625251a	1280	720	6559.0	4.0	2560.0	14857.0	False	False	0.994005807240804	0.9937033456362304
vidyo1_720p_60fps_60f	vidyo1_720p_60fps_60f	svtav1	svtav1_20200601_759fa9d_enc-mode0	60	55	0	313920.0	313.92	39.85783333333333	45.249500000000005	45.71033333333335	39.845253	45.247985	45.707317	87.02027434602239	791984.0	13.199733333333333	1296.31	1280	720	60.0	8	4527f76b80c70f942ed5fdaca5e23b55	8464cbc36a9fc1dc987dcdf1ac05923d	1280	720	5414.0	3.0	2192.0	9983.0	False	False	0.9874429523944854	0.9883753419555504
vidyo1_720p_60fps_60f	vidyo1_720p_60fps_60f	svtav1	svtav1_20200601_759fa9d_enc-mode0	60	59	0	202440.0	202.44	37.79783333333334	43.7895	43.985166666666686	37.79063	43.788303	43.982881	80.0124667297666	754752.0	12.5792	1195.65	1280	720	60.0	8	085988b11b146996bfc892fcf7b5e635	c760cb6c2e0e83781647d45199021d2e	1280	720	5351.0	5.0	1999.0	10492.0	False	False	0.9783165355523428	0.9810883972560307
vidyo4_720p_60fps_60f	vidyo4_720p_60fps_60f	svtav1	svtav1_20200601_759fa9d_enc-mode0	60	20	0	4993472.0	4993.472	44.21516666666666	49.96616666666667	50.25866666666668	44.174925	49.960715	50.253769	97.77005489002549	2440522.0	40.67536666666667	4319.28	1280	720	60.0	8	8ece5485d9f74944d2435c9e22b60808	99951d9865e57f7b628ab427a899c870	1280	720	5489.0	4.0	4957.0	10522.0	False	False	0.9964210053284963	0.9956422785483298
vidyo4_720p_60fps_60f	vidyo4_720p_60fps_60f	svtav1	svtav1_20200601_759fa9d_enc-mode0	60	32	0	1810272.0	1810.272	42.80200000000001	49.33433333333335	49.66566666666666	42.754069	49.326393	49.659225	96.45862680270962	1774614.0	29.5769	2977.15	1280	720	60.0	8	31a55cd94467625c7961887abdcae39e	30b410fcc148d9cbd6866fbc4a7cdbdc	1280	720	5605.0	6.0	3960.0	10158.0	False	False	0.994660637776057	0.9938833070176685
vidyo4_720p_60fps_60f	vidyo4_720p_60fps_60f	svtav1	svtav1_20200601_759fa9d_enc-mode0	60	43	0	908184.0	908.184	41.44483333333334	48.47766666666667	48.77483333333336	41.381303	48.463688	48.764772	94.43676934141278	1370959.0	22.849316666666667	2405.43	1280	720	60.0	8	a2c22e39269c875ca9ffd3364d0e8fbb	64f68834e0834650808ab638c0dfcdbd	1280	720	5505.0	2.0	3316.0	11023.0	False	False	0.99188159207503	0.9914058722274006
vidyo4_720p_60fps_60f	vidyo4_720p_60fps_60f	svtav1	svtav1_20200601_759fa9d_enc-mode0	60	55	0	414144.0	414.144	39.091	46.660333333333334	46.75233333333334	39.022866	46.64764	46.74021	89.219380137841	807520.0	13.458666666666666	1347.85	1280	720	60.0	8	ef60f8bdb14d136853c92bd5f8d23e7f	cbf0c83d28929e100310d2b0e0987492	1280	720	4854.0	4.0	2766.0	9935.0	False	False	0.9832383175690969	0.9844156688701808
vidyo4_720p_60fps_60f	vidyo4_720p_60fps_60f	svtav1	svtav1_20200601_759fa9d_enc-mode0	60	59	0	267424.0	267.424	37.34816666666667	44.859500000000004	44.99216666666667	37.290654	44.852106	44.9827	83.04537748654768	669811.0	11.163516666666666	1174.59	1280	720	60.0	8	e6dd8075ee2f186906daff18fbc22b90	810f678474c5a4f3e82a780aa80a9903	1280	720	5090.0	4.0	2431.0	10031.0	False	False	0.9729861229658127	0.9764772367407074
Cosmos1_1920x856_BT2100_PQ_24fps	Cosmos1_1920x856_BT2100_PQ_24fps	svtav1	svtav1_20200601_759fa9d_enc-mode0	60	20	0	22237993.0	22237.993	41.771500000000024	44.80933333333336	47.504999999999995	41.727578	44.789335	47.494246	99.24493177281965	10953649.0	182.56081666666665	19667.29	1920	856	24.0	10	86d6cfd9c415568a5b5ff6159d632c3d	3bd2c70c4a866c4d0e21c2327e185b71	1920	856	17869.0	2.0	25672.0	17549.0	False	False	0.9966384659210841	0.9958880786254852
Cosmos1_1920x856_BT2100_PQ_24fps	Cosmos1_1920x856_BT2100_PQ_24fps	svtav1	svtav1_20200601_759fa9d_enc-mode0	60	32	0	8337584.0	8337.584	37.888999999999996	42.75833333333334	45.84816666666666	37.856762	42.735481	45.83393	94.67396246747623	10879048.0	181.31746666666666	19172.68	1920	856	24.0	10	6a83c7cbc4631d7a57c9a5b29d7e1832	69c51e587fe8e02060105ad3fe941f45	1920	856	18108.0	21.0	20188.0	17786.0	False	False	0.9914918194214503	0.9904456418716117
Cosmos1_1920x856_BT2100_PQ_24fps	Cosmos1_1920x856_BT2100_PQ_24fps	svtav1	svtav1_20200601_759fa9d_enc-mode0	60	43	0	3253891.0	3253.891	35.28916666666665	41.19916666666666	44.539	35.251138	41.177208	44.5278	84.14418059574268	6799494.0	113.3249	11037.38	1920	856	24.0	10	ecdc447c26fc8f59e98b3f06ce4a526d	eb89fd0197faab72abc673031d9c75de	1920	856	17901.0	9.0	15152.0	17353.0	False	False	0.980035337805748	0.9799098716813256
Cosmos1_1920x856_BT2100_PQ_24fps	Cosmos1_1920x856_BT2100_PQ_24fps	svtav1	svtav1_20200601_759fa9d_enc-mode0	60	55	0	1195065.0	1195.065	32.48916666666667	39.462	42.75816666666667	32.445728	39.446011	42.754249	63.78795958578642	4210051.0	70.16751666666667	6873.8	1920	856	24.0	10	ecd797f65f2d860aeffa9ee87fb90108	0c2a46069ecce85d753a24afede8284e	1920	856	17479.0	2.0	12741.0	18055.0	False	False	0.9467793414990108	0.951596873329912
Cosmos1_1920x856_BT2100_PQ_24fps	Cosmos1_1920x856_BT2100_PQ_24fps	svtav1	svtav1_20200601_759fa9d_enc-mode0	60	59	0	719398.0	719.398	31.13616666666666	38.673500000000004	41.08733333333332	31.099757	38.660967	41.081786	51.71282457005534	3490912.0	58.181866666666664	5937.88	1920	856	24.0	10	20fe05b51b44db3c3e36b44c710911eb	579dc4f1fbc22bde23486e9226b73eb6	1920	856	17763.0	4.0	11383.0	18037.0	False	False	0.9160718997319539	0.9262869844880007
Netflix_Aerial_1920x1080_60fps_8	Netflix_Aerial_1920x1080_60fps_8	svtav1	svtav1_20200601_759fa9d_enc-mode0	60	20	0	20680648.0	20680.648	42.64166666666666	45.54899999999999	45.28666666666668	42.606261	45.534759	45.279324	96.61689825245435	6367845.0	106.13075	11279.94	1920	1080	60.0	8	9c021a1b6ad92b5aa09eb3e0f0ce01a3	1153de79aeed2eaff41daa814604fa63	1920	1080	15089.0	6.0	16260.0	23254.0	False	False	0.9978919148445129	0.9964465260188432
Netflix_Aerial_1920x1080_60fps_8	Netflix_Aerial_1920x1080_60fps_8	svtav1	svtav1_20200601_759fa9d_enc-mode0	60	32	0	9645680.0	9645.68	40.50333333333333	44.218	44.30216666666665	40.425024	44.201992	44.297809	94.10974257304208	5179145.0	86.31908333333334	9108.45	1920	1080	60.0	8	2eac1335bb0af6752dcfa12afe0ffdcd	e85fea595448d67a5b497440929d5220	1920	1080	13174.0	2.0	13749.0	24411.0	False	False	0.9962867011626562	0.9939949478884826
Netflix_Aerial_1920x1080_60fps_8	Netflix_Aerial_1920x1080_60fps_8	svtav1	svtav1_20200601_759fa9d_enc-mode0	60	43	0	4755296.0	4755.296	38.105166666666655	42.648833333333336	43.18633333333333	38.002794	42.640886	43.183413	90.36934804955673	4283024.0	71.38373333333334	7092.06	1920	1080	60.0	8	3eb324beb89d840f2c63695791880865	25d87ee6ba626342bc003b51a03034c2	1920	1080	17550.0	5.0	12070.0	24197.0	False	False	0.9931773612896602	0.9890755250179646
Netflix_Aerial_1920x1080_60fps_8	Netflix_Aerial_1920x1080_60fps_8	svtav1	svtav1_20200601_759fa9d_enc-mode0	60	55	0	1723584.0	1723.584	34.387833333333326	40.28533333333334	41.61433333333333	34.347256	40.279958	41.608092000000006	80.70865278384075	3010946.0	50.182433333333336	5112.98	1920	1080	60.0	8	d69613b1ac6cb3313123ae69f2d4234d	b240d09989f708f037e291e94d29be1b	1920	1080	13452.0	4.0	11585.0	24624.0	False	False	0.9823775539795557	0.9714534263993742
Netflix_Aerial_1920x1080_60fps_8	Netflix_Aerial_1920x1080_60fps_8	svtav1	svtav1_20200601_759fa9d_enc-mode0	60	59	0	896504.0	896.504	32.11166666666666	38.970000000000006	40.823999999999984	32.101256	38.960338	40.81549400000001	70.27870530540882	2772936.0	46.2156	4288.45	1920	1080	60.0	8	6494073ebb3fbda0ef427f76c3e75ac2	3894e7ecae88dc7c16519f3b0f131b4f	1920	1080	16860.0	6.0	12396.0	27039.0	False	False	0.9652534147103627	0.9454355750690105
Netflix_Boat_1920x1080_60fps_8bi	Netflix_Boat_1920x1080_60fps_8bi	svtav1	svtav1_20200601_759fa9d_enc-mode0	60	20	0	28665712.0	28665.712	43.61416666666665	46.01400000000002	47.707499999999996	43.58841	45.979049	47.681505	99.9169429598087	6546425.0	109.10708333333334	11427.41	1920	1080	60.0	8	66d01b4d3fbaf1190bda0e4423b23382	d2ff8a9391dd4bf8d3535ffb9080a89c	1920	1080	14526.0	8.0	14294.0	23797.0	False	False	0.9993144899606705	0.9985743731876451
Netflix_Boat_1920x1080_60fps_8bi	Netflix_Boat_1920x1080_60fps_8bi	svtav1	svtav1_20200601_759fa9d_enc-mode0	60	32	0	15814376.0	15814.376	41.087666666666664	44.49766666666666	45.93133333333334	41.035205	44.455735	45.904462	99.59565347081882	5493250.0	91.55416666666666	9743.15	1920	1080	60.0	8	db8d223b20dc9121adcdc1a90a349d54	9ba7cd2ee6e4daa3d53949bac2fb2cdd	1920	1080	13459.0	3.0	12510.0	22683.0	False	False	0.9987978041172028	0.9975740779211631
Netflix_Boat_1920x1080_60fps_8bi	Netflix_Boat_1920x1080_60fps_8bi	svtav1	svtav1_20200601_759fa9d_enc-mode0	60	43	0	8490728.0	8490.728	37.97083333333334	42.717333333333315	43.69316666666666	37.873365	42.68294	43.680579	95.77824235533093	4995140.0	83.25233333333334	8674.57	1920	1080	60.0	8	02739d1c6869b02036e12d99a5c23eb3	fbb90a7524b4394458c4a0b05ae0c539	1920	1080	14417.0	5.0	11471.0	23620.0	False	False	0.9974355618158977	0.9949589732034543
Netflix_Boat_1920x1080_60fps_8bi	Netflix_Boat_1920x1080_60fps_8bi	svtav1	svtav1_20200601_759fa9d_enc-mode0	60	55	0	3738008.0	3738.008	33.80316666666667	40.55400000000001	41.065333333333335	33.710276	40.519192	41.06139700000001	86.11014262037365	3530947.0	58.84911666666667	5973.61	1920	1080	60.0	8	2e5013ca01c285bec366c54d1167e165	c1c5f684b9eed94d086a3cb17469eb20	1920	1080	15147.0	7.0	11149.0	24431.0	False	False	0.9921483178933461	0.9854050862082921
Netflix_Boat_1920x1080_60fps_8bi	Netflix_Boat_1920x1080_60fps_8bi	svtav1	svtav1_20200601_759fa9d_enc-mode0	60	59	0	2444632.0	2444.632	31.68166666666667	39.29883333333333	39.56766666666666	31.628345	39.280086	39.566675	78.45191657401128	2615946.0	43.5991	4259.68	1920	1080	60.0	8	20a686d15269e46929e6a4449727ad35	4028baca3ac6bdf7b00e5236172a8723	1920	1080	13838.0	4.0	9680.0	24874.0	False	False	0.9853556255499522	0.9736119241562708
Netflix_FoodMarket_1920x1080_60f	Netflix_FoodMarket_1920x1080_60f	svtav1	svtav1_20200601_759fa9d_enc-mode0	60	20	0	20168536.0	20168.536	40.975	44.82016666666667	45.57983333333333	40.966996	44.816085	45.578218	99.11191926480511	8337091.0	138.95151666666666	14782.39	1920	1080	60.0	8	f265df14d767120bb89c343c2f7bb981	56b8e5f8ba3926f496cc77b8aff4753c	1920	1080	12536.0	3.0	19861.0	24301.0	False	False	0.9951331029335658	0.9895949509678031
Netflix_FoodMarket_1920x1080_60f	Netflix_FoodMarket_1920x1080_60f	svtav1	svtav1_20200601_759fa9d_enc-mode0	60	32	0	6615032.0	6615.032	39.66416666666667	43.9555	44.90583333333335	39.655709	43.950194	44.904016	95.88513878766457	4735735.0	78.92891666666667	8766.16	1920	1080	60.0	8	db60659d8bed7670bc13084b440c9852	aebe8735c926117b5941b56290232598	1920	1080	12622.0	2.0	13160.0	22733.0	False	False	0.991799329717954	0.9848632307706232
Netflix_FoodMarket_1920x1080_60f	Netflix_FoodMarket_1920x1080_60f	svtav1	svtav1_20200601_759fa9d_enc-mode0	60	43	0	3213448.0	3213.448	38.265333333333324	43.03950000000002	44.13166666666667	38.247668	43.031212	44.128343	90.68753068808739	3809139.0	63.48565	6507.92	1920	1080	60.0	8	edd14b5a638c73137dd4ba1ce723a3e8	e3834c203589f2c2c55843222fd052c5	1920	1080	12720.0	3.0	12468.0	24774.0	False	False	0.9864150524139405	0.9780911711101725
Netflix_FoodMarket_1920x1080_60f	Netflix_FoodMarket_1920x1080_60f	svtav1	svtav1_20200601_759fa9d_enc-mode0	60	55	0	1369376.0	1369.376	35.95783333333334	41.58099999999999	42.650666666666666	35.931874	41.572055	42.643937	78.08763369580797	2910728.0	48.51213333333333	4901.35	1920	1080	60.0	8	11ba51ce5b7dd624f12b7e0af3039fb9	88bca2b182de6fe2ef31b49848b58cf2	1920	1080	11891.0	3.0	11194.0	23561.0	False	False	0.9682291626930237	0.9588670998524865
Netflix_FoodMarket_1920x1080_60f	Netflix_FoodMarket_1920x1080_60f	svtav1	svtav1_20200601_759fa9d_enc-mode0	60	59	0	872720.0	872.72	34.53333333333333	40.61866666666666	41.585833333333326	34.513183	40.611416	41.571495	67.58096278682557	3032318.0	50.53863333333334	5029.96	1920	1080	60.0	8	8649eab1705875941c7c53fe66cccc4c	51685a794ec7e5c416cb860ccbcb88bd	1920	1080	11946.0	5.0	10678.0	25188.0	False	False	0.9477571537097295	0.9396845645934774
Netflix_SquareAndTimelapse_1920x	Netflix_SquareAndTimelapse_1920x	svtav1	svtav1_20200601_759fa9d_enc-mode0	60	20	0	19978376.0	19978.376	44.52016666666667	48.76366666666667	47.918000000000006	44.502386	48.752257	47.902257	99.9084718048776	6661061.0	111.01768333333334	11344.21	1920	1080	60.0	8	902cd4cc379738d6d4e9ce668a962457	6bc3b6e8591ff7bd3e68ae3d50eac24c	1920	1080	12099.0	12.0	16946.0	23943.0	False	False	0.9991609156131744	0.9978832306222339
Netflix_SquareAndTimelapse_1920x	Netflix_SquareAndTimelapse_1920x	svtav1	svtav1_20200601_759fa9d_enc-mode0	60	32	0	11009848.0	11009.848	41.971166666666676	46.921	45.837666666666664	41.94286	46.908818	45.820148	99.87182859156034	5321312.0	88.68853333333334	9535.51	1920	1080	60.0	8	be3379230777fa43298e2a5ec92ba37d	5432e62170bc13095b086c99113ecbc6	1920	1080	11829.0	2.0	15249.0	23730.0	False	False	0.9982465674479802	0.9960344394479297
Netflix_SquareAndTimelapse_1920x	Netflix_SquareAndTimelapse_1920x	svtav1	svtav1_20200601_759fa9d_enc-mode0	60	43	0	6042296.0	6042.296	39.108333333333334	45.03383333333334	43.715333333333334	39.056176	45.017338	43.691756000000005	98.24911329313	4538375.0	75.63958333333333	7801.9	1920	1080	60.0	8	d6bb9d1b9a1c8d9b425eb729d524299c	aff8f2c281f9fbdb732fb122f6a0eae0	1920	1080	13092.0	4.0	13983.0	24015.0	False	False	0.9959139893452327	0.9920376938954674
Netflix_SquareAndTimelapse_1920x	Netflix_SquareAndTimelapse_1920x	svtav1	svtav1_20200601_759fa9d_enc-mode0	60	55	0	2809200.0	2809.2	35.329000000000015	42.1045	40.71866666666667	35.279681	42.089024	40.698231	87.60069506239621	3595043.0	59.91738333333333	6261.56	1920	1080	60.0	8	515a278bab629d3f9e1baa15933268a3	9323e84a0634c094ecd1a673db266528	1920	1080	13042.0	5.0	22487.0	34163.0	False	False	0.9874272763729095	0.9797687672976864
Netflix_SquareAndTimelapse_1920x	Netflix_SquareAndTimelapse_1920x	svtav1	svtav1_20200601_759fa9d_enc-mode0	60	59	0	1846200.0	1846.2	33.275500000000015	40.16433333333335	38.879666666666665	33.247369	40.157071	38.867751	78.28024229439393	2866619.0	47.776983333333334	4641.33	1920	1080	60.0	8	cd7560426b59a84ce409eadc1fbef0bd	69404d1225d9ad609dd75d98326cd66b	1920	1080	13609.0	4.0	11996.0	23752.0	False	False	0.9769747227430343	0.9664101911276
aspen_1080p_60f	aspen_1080p_60f	svtav1	svtav1_20200601_759fa9d_enc-mode0	60	20	0	7979620.0	7979.62	43.93633333333335	47.98250000000001	49.183	43.926878	47.97968	49.180079	97.80152442221532	6459344.0	107.65573333333333	11111.26	1920	1080	29.97	8	5a980ecf66a372b7b512492305223370	feb20fa6124f3fef3a68f6169f64678c	1920	1080	9586.0	5.0	17241.0	24239.0	False	False	0.996011174718539	0.9924306722063684
aspen_1080p_60f	aspen_1080p_60f	svtav1	svtav1_20200601_759fa9d_enc-mode0	60	32	0	2324362.0	2324.362	42.05900000000001	46.964499999999994	48.09416666666665	42.048811	46.961664	48.090229	93.86354906594556	4465038.0	74.4173	7604.9	1920	1080	29.97	8	cf4bf5721b400db1e6d98b260eea51c1	2e0dc5267e1cf0b05e9bcc95c362a61f	1920	1080	9237.0	2.0	12726.0	22613.0	False	False	0.9939047654469808	0.9895351923956085
aspen_1080p_60f	aspen_1080p_60f	svtav1	svtav1_20200601_759fa9d_enc-mode0	60	43	0	1037901.0	1037.901	40.70399999999999	45.725166666666695	46.79666666666669	40.681205	45.719306	46.790866	88.85237994423152	3947122.0	65.78536666666666	6668.52	1920	1080	29.97	8	db44b331a5384ab22c4dd82e137f329d	aa44c9109c896610a667e028777e9199	1920	1080	9799.0	4.0	12107.0	26713.0	False	False	0.9912552634874979	0.9865589086122358
aspen_1080p_60f	aspen_1080p_60f	svtav1	svtav1_20200601_759fa9d_enc-mode0	60	55	0	447224.0	447.224	38.55766666666668	43.66049999999999	44.52566666666666	38.526948	43.654126	44.521137	78.76372201363208	2777642.0	46.29403333333333	4576.78	1920	1080	29.97	8	9244dae4567182d11ebdcdf12eb35da4	9183b1855c97c3c27b72036452ca9152	1920	1080	10137.0	6.0	10915.0	23990.0	False	False	0.9844462901353837	0.9794503344663765
aspen_1080p_60f	aspen_1080p_60f	svtav1	svtav1_20200601_759fa9d_enc-mode0	60	59	0	291492.0	291.492	36.916500000000006	42.162666666666674	42.841666666666676	36.888194	42.156123	42.838755	68.86872644469769	2524438.0	42.073966666666664	4151.37	1920	1080	29.97	8	9e029277b4e4994274f18cce05f50cef	8bb446b609c46d0adef31359375810d8	1920	1080	9878.0	3.0	10053.0	25593.0	False	False	0.9750889569520951	0.9702958927677796
life_1080p30_60f	life_1080p30_60f	svtav1	svtav1_20200601_759fa9d_enc-mode0	60	20	0	12234880.0	12234.88	44.25983333333331	49.547499999999985	49.148833333333314	44.248599	49.537822	49.14015	99.46390533681969	5375453.0	89.59088333333334	10045.78	1920	1080	30.0	8	33ae79e221379dbed5af0ce926148567	f84fe9795528f74e0faa1a29ab21a0b4	1920	1080	12435.0	24.0	13523.0	22960.0	False	False	0.9991622656583786	0.997831907889551
life_1080p30_60f	life_1080p30_60f	svtav1	svtav1_20200601_759fa9d_enc-mode0	60	32	0	5655408.0	5655.408	41.33183333333332	47.39849999999999	47.07450000000001	41.31777	47.381789	47.059007	97.64042615822702	5713044.0	95.2174	9855.88	1920	1080	30.0	8	c50ec79f3c2add66a6ed7668d691c1f0	9862912ce06ae3d403e79152a99fac15	1920	1080	13228.0	34.0	12096.0	23456.0	False	False	0.998396036028862	0.9961018036441359
life_1080p30_60f	life_1080p30_60f	svtav1	svtav1_20200601_759fa9d_enc-mode0	60	43	0	2782272.0	2782.272	38.63333333333335	45.415166666666664	45.21700000000001	38.608936	45.385795	45.193835	94.40755167153024	4582630.0	76.37716666666667	7850.66	1920	1080	30.0	8	6fc44dd1c529f09a0fdd5a32f1c87fca	13ad6e6818089b0d1742a83a32f5cee7	1920	1080	14811.0	3.0	10869.0	23431.0	False	False	0.996604523062706	0.9924630710108562
life_1080p30_60f	life_1080p30_60f	svtav1	svtav1_20200601_759fa9d_enc-mode0	60	55	0	1130612.0	1130.612	35.0275	42.474666666666664	42.29416666666666	35.011021	42.450169	42.271714	86.90372445977778	2932533.0	48.87555	5217.57	1920	1080	30.0	8	b6a8e98456c85ff86e6ec8d6468036d2	0f3186ff8acbcdfe6ea5835c080d65f3	1920	1080	12489.0	3.0	9245.0	22774.0	False	False	0.9891404022773107	0.9783235772618915
life_1080p30_60f	life_1080p30_60f	svtav1	svtav1_20200601_759fa9d_enc-mode0	60	59	0	705812.0	705.812	33.33866666666667	40.88966666666669	40.50016666666667	33.328914	40.876906	40.489741	80.09849273324572	2804519.0	46.74198333333333	4728.73	1920	1080	30.0	8	f5543b2a466fb3c1fc0580e81800be3c	e9cef2a659de00fc113bc76148a2d9b3	1920	1080	13481.0	7.0	9818.0	23993.0	False	False	0.9789922187725703	0.9626451804129246
ducks_1920x1080_50fps_10b	ducks_1920x1080_50fps_10b	svtav1	svtav1_20200601_759fa9d_enc-mode0	60	20	0	110378353.0	110378.35299999999	38.91483333333333	39.062999999999995	41.29216666666665	38.805371	39.043118	41.289701	98.58377717636057	18360500.0	306.0083333333333	34663.22	1920	1080	50.0	10	0a1f7368370809fc080b68cabb8bcaf2	503817e910b20a0572c4c2356cc193df	1920	1080	22755.0	5.0	42601.0	24786.0	False	False	0.9987951984008153	0.9958045680765676
ducks_1920x1080_50fps_10b	ducks_1920x1080_50fps_10b	svtav1	svtav1_20200601_759fa9d_enc-mode0	60	32	0	27097280.0	27097.279999999995	34.94716666666667	36.71283333333333	39.77216666666667	34.939339	36.707799	39.769127	93.08838977138817	12986132.0	216.43553333333332	23218.43	1920	1080	50.0	10	7fdceaf43dc60e6b8de0c99eef91c1f6	78abe035195cc2cd689466d3cee5a509	1920	1080	22228.0	3.0	27665.0	22892.0	False	False	0.9964134643475214	0.989572097197888
ducks_1920x1080_50fps_10b	ducks_1920x1080_50fps_10b	svtav1	svtav1_20200601_759fa9d_enc-mode0	60	43	0	9789580.0	9789.58	32.975	34.92	38.452000000000005	32.969166	34.895589	38.447454	84.16179367514297	8791403.0	146.52338333333333	15726.4	1920	1080	50.0	10	3509222dfe03c1486ba9c638e66107f2	52dc74d7441d614ca1f6f0787007e088	1920	1080	22124.0	2.0	21042.0	23040.0	False	False	0.9908016959826151	0.9810631415342402
ducks_1920x1080_50fps_10b	ducks_1920x1080_50fps_10b	svtav1	svtav1_20200601_759fa9d_enc-mode0	60	55	0	3564306.0	3564.306	30.472666666666672	33.01900000000001	37.254999999999995	30.454871	32.992024	37.252072	67.10150657107465	5279728.0	87.99546666666667	8537.95	1920	1080	50.0	10	051788f8a3374e1b05bf806f4bea8487	934fd83a9cccc63cb108a88ca32527b8	1920	1080	22235.0	3.0	16799.0	24459.0	False	False	0.9741466422875722	0.960307825834533
ducks_1920x1080_50fps_10b	ducks_1920x1080_50fps_10b	svtav1	svtav1_20200601_759fa9d_enc-mode0	60	59	0	2304866.0	2304.866	29.29716666666666	32.1565	36.57883333333333	29.277442	32.136418	36.577142	57.69479675667434	4679332.0	77.98886666666667	7784.36	1920	1080	50.0	10	d1520d036ca1add242eae752f54376d3	ef839a58399c00bc1564766799669553	1920	1080	22520.0	7.0	15687.0	23460.0	False	False	0.9603999882936478	0.944698106263793
touchdown_pass_1080p_60f	touchdown_pass_1080p_60f	svtav1	svtav1_20200601_759fa9d_enc-mode0	60	20	0	18182343.0	18182.343	40.524666666666654	48.037000000000006	48.201999999999984	40.491837	48.029691	48.195207	96.35860397693881	7218517.0	120.30861666666667	13539.55	1920	1080	29.97	8	0792049b2d0786daca17037c47757076	de7ba48977315471abe5f7b5f55b7008	1920	1080	12915.0	3.0	23739.0	22725.0	False	False	0.9957871615886689	0.9908259408423322
touchdown_pass_1080p_60f	touchdown_pass_1080p_60f	svtav1	svtav1_20200601_759fa9d_enc-mode0	60	32	0	4369903.0	4369.903	38.64200000000001	47.329166666666666	47.4535	38.625448	47.322921	47.446715	94.30770566658178	5554143.0	92.56905	9434.71	1920	1080	29.97	8	0cec1ff1047bce1c4111ec30116e8ec8	32eafa9e0c8444163f9b4466621f0d38	1920	1080	12785.0	4.0	13613.0	33391.0	False	False	0.9938287238279978	0.9866700336796993
touchdown_pass_1080p_60f	touchdown_pass_1080p_60f	svtav1	svtav1_20200601_759fa9d_enc-mode0	60	43	0	1938194.0	1938.194	37.392833333333336	46.27083333333334	46.327666666666666	37.372493	46.267056	46.321049	91.20564665544798	4033766.0	67.22943333333333	7073.84	1920	1080	29.97	8	4dfd044e8a4e8f660a665bae272962b7	6785e6c7c0b84b357565cf45b05c02aa	1920	1080	18004.0	5.0	11465.0	23659.0	False	False	0.9912498454252879	0.9820505213201071
touchdown_pass_1080p_60f	touchdown_pass_1080p_60f	svtav1	svtav1_20200601_759fa9d_enc-mode0	60	55	0	801279.0	801.279	35.048	44.39400000000001	44.49750000000001	35.023801	44.390394	44.49088100000001	81.95714908561698	2859644.0	47.66073333333333	4664.74	1920	1080	29.97	8	6157c33683e456097a19a9272ab8d656	61c0311adaa0655730adc8892da09aad	1920	1080	13371.0	3.0	10374.0	24084.0	False	False	0.9791647851467132	0.9635080610416465
touchdown_pass_1080p_60f	touchdown_pass_1080p_60f	svtav1	svtav1_20200601_759fa9d_enc-mode0	60	59	0	479868.0	479.868	33.322500000000005	43.21683333333332	43.41416666666667	33.299563	43.21445099999999	43.409278	71.54372926270236	2607673.0	43.461216666666665	4325.02	1920	1080	29.97	8	a6660567427c0c5fafbaf23965059705	85c659ca5eb255c8647207c258cd9e67	1920	1080	12814.0	2.0	9356.0	23786.0	False	False	0.9538712282975514	0.9337275213992602
Netflix_TunnelFlag_1920x1080_60f	Netflix_TunnelFlag_1920x1080_60f	svtav1	svtav1_20200601_759fa9d_enc-mode0	60	20	0	27063864.0	27063.864	42.73800000000001	46.751333333333335	48.30666666666668	42.726015	46.744431	48.301712	99.91153316445282	8280246.0	138.0041	14643.95	1920	1080	60.0	8	07548d004208f66cc0957bb7f84ff41e	869319b8b1fe5fa3cf855dcdb05a7151	1920	1080	14790.0	4.0	20340.0	23056.0	False	False	0.9986226250727971	0.9965073638047761
Netflix_TunnelFlag_1920x1080_60f	Netflix_TunnelFlag_1920x1080_60f	svtav1	svtav1_20200601_759fa9d_enc-mode0	60	32	0	13249696.0	13249.696	40.347500000000004	45.16683333333334	47.08783333333333	40.326755	45.15973999999999	47.07988	99.87264260923784	6872038.0	114.53396666666667	12116.72	1920	1080	60.0	8	70b831cdd04ce7963e3aa80b64bec968	2dadf5102de8f286f37a33b745d7cdd1	1920	1080	12978.0	3.0	18091.0	24083.0	False	False	0.99748794734478	0.9940894040872233
Netflix_TunnelFlag_1920x1080_60f	Netflix_TunnelFlag_1920x1080_60f	svtav1	svtav1_20200601_759fa9d_enc-mode0	60	43	0	6626672.0	6626.672	37.88816666666667	43.27733333333334	45.629666666666665	37.847167	43.272252	45.622238	99.8481975285653	5997435.0	99.95725	10299.17	1920	1080	60.0	8	9d7b59345607bba8995f57ee90d3568e	ecdec97cb703c7d84217015de890bdae	1920	1080	12028.0	4.0	17385.0	23852.0	False	False	0.9951355000336964	0.9898739462759486
Netflix_TunnelFlag_1920x1080_60f	Netflix_TunnelFlag_1920x1080_60f	svtav1	svtav1_20200601_759fa9d_enc-mode0	60	55	0	3271544.0	3271.544	35.18616666666667	41.04883333333332	43.87983333333333	35.14068	41.043425	43.869032	99.80340847419697	4339996.0	72.33326666666666	7182.04	1920	1080	60.0	8	4a32b2171f2dbc72f50cb42981b43675	275435023383e519d3ee3629d6e5c515	1920	1080	17453.0	5.0	14467.0	23772.0	False	False	0.9908713340759278	0.9837272102445039
Netflix_TunnelFlag_1920x1080_60f	Netflix_TunnelFlag_1920x1080_60f	svtav1	svtav1_20200601_759fa9d_enc-mode0	60	59	0	2357776.0	2357.776	33.7425	39.67966666666666	42.42100000000001	33.712965	39.677533	42.416226	99.62282489322972	3463279.0	57.72131666666667	5679.94	1920	1080	60.0	8	7861e660eeb570b5be60cf2c30dab156	92124b0a79bc3487cf44bca16d558f65	1920	1080	12181.0	4.0	13676.0	24255.0	False	False	0.9876301010449727	0.9797287803258297
rush_hour_1080p25_60f	rush_hour_1080p25_60f	svtav1	svtav1_20200601_759fa9d_enc-mode0	60	20	0	5269120.0	5269.12	43.033833333333355	46.84983333333332	48.86000000000001	43.027608	46.847397	48.857896	96.87949888264944	7746982.0	129.11636666666666	13517.03	1920	1080	25.0	8	fec23ce84410daccc213d2e0fc3c770e	84b097e14caec33f0fa2a9f152288723	1920	1080	13047.0	3.0	22755.0	23309.0	False	False	0.9964086910088857	0.992443730042123
rush_hour_1080p25_60f	rush_hour_1080p25_60f	svtav1	svtav1_20200601_759fa9d_enc-mode0	60	32	0	2476420.0	2476.42	42.12483333333333	45.8735	47.633500000000005	42.121853	45.871662	47.629776	93.03897675624052	6405962.0	106.76603333333334	10677.32	1920	1080	25.0	8	4173a751ae99ed56c4d1cdab8ddab1f2	988c44e7dc4be179cefc34c68ef651b0	1920	1080	10738.0	11.0	16972.0	24312.0	False	False	0.9942484974861145	0.990344417898978
rush_hour_1080p25_60f	rush_hour_1080p25_60f	svtav1	svtav1_20200601_759fa9d_enc-mode0	60	43	0	1186313.0	1186.3129999999999	40.77149999999998	44.710666666666654	46.18583333333334	40.765831	44.708353	46.178238	85.88530463621956	3456561.0	57.60935	6267.43	1920	1080	25.0	8	a5fb3ffcfa3207b88443f53c038f653a	35b19b9319dbc322f74ef8a08be33f63	1920	1080	9604.0	24.0	13476.0	23227.0	False	False	0.9901508678992589	0.9866882750518773
rush_hour_1080p25_60f	rush_hour_1080p25_60f	svtav1	svtav1_20200601_759fa9d_enc-mode0	60	55	0	529683.0	529.683	38.65066666666669	43.039166666666674	44.164333333333325	38.629117	43.034688	44.15211	73.2611999224173	3391067.0	56.517783333333334	5920.5	1920	1080	25.0	8	2530a026bd3618ad1891b4f7694a3526	aac87afeed468d47297ca5081237f7a2	1920	1080	10274.0	15.0	14287.0	26244.0	False	False	0.9809950927893321	0.9789291460816617
rush_hour_1080p25_60f	rush_hour_1080p25_60f	svtav1	svtav1_20200601_759fa9d_enc-mode0	60	59	0	366046.0	366.046	37.48683333333334	42.08316666666668	43.07733333333333	37.461355	42.078827	43.065725	65.86822283712478	2860094.0	47.66823333333333	4521.09	1920	1080	25.0	8	78d1b31e540df554ff020adce02295d4	5ff038bb88c8d1a180122a0e5d21875e	1920	1080	10673.0	3.0	10121.0	23763.0	False	False	0.9736818879842758	0.972906335289393
ducks_take_off_1080p50_60f	ducks_take_off_1080p50_60f	svtav1	svtav1_20200601_759fa9d_enc-mode0	60	20	0	105952173.0	105952.173	38.632	38.83383333333333	41.10700000000001	38.539589	38.815588	41.104412	98.40558689399784	17402929.0	290.04881666666665	32211.01	1920	1080	50.0	8	5915b2498cd33a95c249938c447db9eb	7c9d4d4770b2b3c42398eaedd91c3bbe	1920	1080	15825.0	22.0	35033.0	22945.0	False	False	0.9987217883268992	0.9955679076777364
ducks_take_off_1080p50_60f	ducks_take_off_1080p50_60f	svtav1	svtav1_20200601_759fa9d_enc-mode0	60	32	0	27904933.0	27904.933	34.943333333333335	36.68483333333332	39.69316666666667	34.933327	36.679532	39.689891	93.14022164862965	12281706.0	204.6951	21963.29	1920	1080	50.0	8	f3b4a0e4705bf3e7fdac0fa3963ebdad	02fd764b3915bdce2d3b57d874d22a6b	1920	1080	15676.0	3.0	26952.0	23473.0	False	False	0.9964339594046275	0.9896115242078685
ducks_take_off_1080p50_60f	ducks_take_off_1080p50_60f	svtav1	svtav1_20200601_759fa9d_enc-mode0	60	43	0	9801393.0	9801.393	32.94116666666666	34.86633333333334	38.34016666666666	32.934168	34.844124	38.335415	84.1556198218268	7050373.0	117.50621666666666	12062.18	1920	1080	50.0	8	3202de9faccaa7529e4b98d1d016d664	b784ab1c58b4b13fb6c72b49ae541563	1920	1080	17339.0	5.0	20161.0	23248.0	False	False	0.990786983569463	0.981016929841799
ducks_take_off_1080p50_60f	ducks_take_off_1080p50_60f	svtav1	svtav1_20200601_759fa9d_enc-mode0	60	55	0	3545973.0	3545.973	30.441333333333326	32.970166666666664	37.12133333333334	30.424087	32.943244	37.118529	67.19220582904889	4514467.0	75.24111666666667	7572.85	1920	1080	50.0	8	b35baac8c1b4a1fccaae9d3dd5d34666	1544be9374b6176c1d7bbbc41dc9c77c	1920	1080	17270.0	3.0	16945.0	24129.0	False	False	0.9740658054749171	0.9601797592086948
ducks_take_off_1080p50_60f	ducks_take_off_1080p50_60f	svtav1	svtav1_20200601_759fa9d_enc-mode0	60	59	0	2299786.0	2299.786	29.27583333333333	32.122666666666674	36.515833333333326	29.256219	32.101382	36.514989	57.70992959294817	3712703.0	61.87838333333333	6142.89	1920	1080	50.0	8	ba54fd3fceb7e3ea02584e0f9c2162aa	0a695e4a85c877c79f247e5a5a8a14f6	1920	1080	17277.0	5.0	14783.0	24021.0	False	False	0.9604762574036916	0.94471907682362
wikipedia_420	wikipedia_420	svtav1	svtav1_20200601_759fa9d_enc-mode0	60	20	0	1116420.0	1116.4200000000003	52.307333333333354	52.8045	53.43899999999999	52.304392	52.578333	53.33079	99.83568862879413	5691106.0	94.85176666666666	9439.47	1920	1080	30.0	8	35fd41e8b101b2beacbc216a3a01ef74	e2805f10a534265f7d8ad2c356d6d576	1920	1080	8515.0	4.0	2060.0	22877.0	False	False	0.9991650094588598	0.9986532492023954
wikipedia_420	wikipedia_420	svtav1	svtav1_20200601_759fa9d_enc-mode0	60	32	0	680616.0	680.616	49.51750000000002	50.11983333333333	51.247	49.514171	49.828206	51.147252	99.80391632764614	5830058.0	97.16763333333333	9342.14	1920	1080	30.0	8	816b9ca30812c1af505148c3ac0b7072	482bd280a8adcd2b130cffe35eba383a	1920	1080	10643.0	10.0	2669.0	22688.0	False	False	0.9987461169560751	0.9980159801816245
wikipedia_420	wikipedia_420	svtav1	svtav1_20200601_759fa9d_enc-mode0	60	43	0	499552.0	499.552	46.82950000000001	47.6315	48.96616666666664	46.821457	47.520055	48.930402	99.74716357687181	4492781.0	74.87968333333333	7382.26	1920	1080	30.0	8	e85f9e54bc70b721827191928c0af3a5	0205e9462a4a669de0599114dc788a70	1920	1080	8484.0	4.0	2379.0	23777.0	False	False	0.9984998613595962	0.9977173332554103
wikipedia_420	wikipedia_420	svtav1	svtav1_20200601_759fa9d_enc-mode0	60	55	0	361940.0	361.94	42.53833333333335	44.905833333333355	46.335833333333326	42.524368	44.865988	46.297166	99.49041792283525	4264580.0	71.07633333333334	6723.49	1920	1080	30.0	8	406606304ae3ecfb8697744c89d46bc0	b264502dcdbdf0b2d9f2b753f156e53f	1920	1080	8571.0	12.0	2648.0	23309.0	False	False	0.9977799952030182	0.9968789081164311
wikipedia_420	wikipedia_420	svtav1	svtav1_20200601_759fa9d_enc-mode0	60	59	0	316544.0	316.544	40.74900000000001	43.6875	44.87883333333333	40.735175	43.657029	44.839149	99.27222442017298	3744909.0	62.41515	6227.41	1920	1080	30.0	8	e7048a5feb23a74296913e493e2e73cc	29d69d50b524bf5610ac728faa2500c0	1920	1080	9601.0	6.0	2501.0	28447.0	False	False	0.9970536549886068	0.9961360815034302
ToddlerFountn_1920x1080_2997_10b	ToddlerFountn_1920x1080_2997_10b	svtav1	svtav1_20200601_759fa9d_enc-mode0	60	20	0	56203403.0	56203.403	41.1375	46.26266666666666	43.68349999999999	41.130511	46.262014	43.681542	99.85312383111028	19275047.0	321.25078333333335	35780.31	1920	1080	29.97	10	ca88c7f3fde2f3ccfc395bf0ee91d5ce	3e09914de64b304bf57236866b998636	1920	1080	21763.0	4.0	35372.0	23279.0	False	False	0.9975933154424032	0.9948602501022381
ToddlerFountn_1920x1080_2997_10b	ToddlerFountn_1920x1080_2997_10b	svtav1	svtav1_20200601_759fa9d_enc-mode0	60	32	0	27618784.0	27618.784	36.941	44.73800000000001	41.73383333333334	36.932224	44.736675	41.732257	99.72958475265087	17325133.0	288.75221666666664	32333.2	1920	1080	29.97	10	0f63afaf2de0fbc5541cfcae3cb34aeb	d2f4af4f0f7349f95724412ce0196882	1920	1080	22239.0	4.0	27827.0	23212.0	False	False	0.9927476137876511	0.9859051586409645
ToddlerFountn_1920x1080_2997_10b	ToddlerFountn_1920x1080_2997_10b	svtav1	svtav1_20200601_759fa9d_enc-mode0	60	43	0	12228454.0	12228.454	33.389333333333326	43.15433333333333	40.26433333333334	33.364751	43.152641	40.261397	89.85911164237113	15121889.0	252.03148333333334	26825.32	1920	1080	29.97	10	66b7d70f361bb20c08d4a2a1a7d84b4e	371b33584c48bb343b86c6b050dac848	1920	1080	24062.0	3.0	24596.0	23677.0	False	False	0.9791011999050776	0.9650573727952023
ToddlerFountn_1920x1080_2997_10b	ToddlerFountn_1920x1080_2997_10b	svtav1	svtav1_20200601_759fa9d_enc-mode0	60	55	0	4531045.0	4531.045	30.113999999999997	41.53183333333334	39.021833333333326	30.085637	41.530445	39.020846	67.82671908937624	9289017.0	154.81695	16393.54	1920	1080	29.97	10	cef75b6a0ac8e98b2e9a5d69ed5cc139	7a1f85d5153f1625c8fad2864f73125a	1920	1080	23192.0	3.0	19884.0	25429.0	False	False	0.9393640200297038	0.9178778350410807
ToddlerFountn_1920x1080_2997_10b	ToddlerFountn_1920x1080_2997_10b	svtav1	svtav1_20200601_759fa9d_enc-mode0	60	59	0	2845067.0	2845.067	28.889166666666654	40.86133333333334	38.59316666666667	28.864624	40.859411	38.591291	56.43716631517126	7559191.0	125.98651666666666	13430.74	1920	1080	29.97	10	8d14f614b43c85f547dd418207695a28	5220e17282d8281f182ba05ce44872f8	1920	1080	22567.0	30.0	19135.0	26438.0	False	False	0.9114084929227829	0.8895347457755188
MINECRAFT_60f_420	MINECRAFT_60f_420	svtav1	svtav1_20200601_759fa9d_enc-mode0	60	20	0	82540904.0	82540.904	44.993833333333335	46.24750000000003	46.692000000000014	44.705728	46.073084	46.537404	99.9574232607527	18108463.0	301.8077166666667	29177.56	1920	1080	60.0	8	183a27e3faab276c0711b091e0ecd820	8f625f7316ff7ee3ac5f672dcba49e4b	1920	1080	13658.0	4.0	28576.0	23638.0	False	False	0.9986375669638315	0.9978236830751818
MINECRAFT_60f_420	MINECRAFT_60f_420	svtav1	svtav1_20200601_759fa9d_enc-mode0	60	32	0	48364624.0	48364.624	39.76716666666667	44.224333333333334	44.458	39.404232	44.089232	44.33845	99.93981631418846	16200799.0	270.01331666666664	28700.3	1920	1080	60.0	8	0e3abe3a6372f265a4bf6b6a66e2d93b	73824d001f4f927ffabe11978b23688c	1920	1080	13763.0	28.0	25496.0	23600.0	False	False	0.9957787682612737	0.993088151179266
MINECRAFT_60f_420	MINECRAFT_60f_420	svtav1	svtav1_20200601_759fa9d_enc-mode0	60	43	0	20651616.0	20651.616	34.717333333333336	42.1655	42.209666666666664	34.398695	42.05769	42.101442	95.55585712722076	14491807.0	241.53011666666666	24008.58	1920	1080	60.0	8	841d8dd46e32f59616aeb9965e4ce429	d3c902c77319b6748bf80574e990e963	1920	1080	14980.0	4.0	18115.0	34304.0	False	False	0.9861369560162226	0.978075586163339
MINECRAFT_60f_420	MINECRAFT_60f_420	svtav1	svtav1_20200601_759fa9d_enc-mode0	60	55	0	6782624.0	6782.624	30.963833333333344	39.921833333333325	39.76716666666667	30.765046	39.8314	39.65359	79.61637279041061	12178124.0	202.96873333333335	19795.23	1920	1080	60.0	8	68ae9217129e892aa190b1c966278c32	a1d7c2e9ef4552db371b12e5a6557dab	1920	1080	14216.0	4.0	12353.0	23723.0	False	False	0.9578504045804341	0.9405877981039145
MINECRAFT_60f_420	MINECRAFT_60f_420	svtav1	svtav1_20200601_759fa9d_enc-mode0	60	59	0	4629376.0	4629.376	29.97500000000001	39.20233333333333	38.875	29.809719000000005	39.123739	38.768114	72.20835781880766	11220848.0	187.01413333333332	18983.47	1920	1080	60.0	8	61d7daf1a1f309668880a92ff6d954fd	f4509ce4a35ca2be086a5e63ea03cabe	1920	1080	14219.0	7.0	10978.0	23532.0	False	False	0.9380468279123306	0.9185467468701953
