KristenAndSara_1280x720_60_10b	KristenAndSara_1280x720_60_10b	svtav1	svtav1_20200912_1d3b6c6_enc-mode0	60	20	0	2833712.0	2833.712	44.84433333333333	49.559666666666665	50.581500000000005	44.839684	49.557917	50.580753	97.05947928265986	2044286.0	34.07143333333333	3724.8	1280	720	60.0	10	c4690c77b75a1f426727cdc031acbd86	6de5961344140a89552dcf4998688c7f	1280	720	8918.0	9.0	4561.0	9948.0	False	False	0.996264906724294	0.9956853325671863
KristenAndSara_1280x720_60_10b	KristenAndSara_1280x720_60_10b	svtav1	svtav1_20200912_1d3b6c6_enc-mode0	60	32	0	1268392.0	1268.392	43.798500000000004	48.85966666666668	49.848000000000006	43.794269	48.858231	49.846932	96.29362622699647	1338086.0	22.301433333333332	2456.35	1280	720	60.0	10	5f2b6e76e38611e2f222486e31f98354	06f72bce3f01bf729c0e9322d415e516	1280	720	8316.0	3.0	3282.0	9649.0	False	False	0.9952435423930486	0.9947523999984423
KristenAndSara_1280x720_60_10b	KristenAndSara_1280x720_60_10b	svtav1	svtav1_20200912_1d3b6c6_enc-mode0	60	43	0	740024.0	740.024	42.66866666666666	47.91966666666666	48.85299999999996	42.659628	47.918166	48.851564	95.10197412514452	900610.0	15.010166666666667	1757.19	1280	720	60.0	10	beb34ec3f532f86b2704b092fbc5e041	a10bc2f261691331031abd93cf47e980	1280	720	8529.0	3.0	2977.0	9804.0	False	False	0.9935863296190898	0.9933292517560217
KristenAndSara_1280x720_60_10b	KristenAndSara_1280x720_60_10b	svtav1	svtav1_20200912_1d3b6c6_enc-mode0	60	55	0	390864.0	390.864	40.70316666666667	46.133833333333314	47.16983333333333	40.68789	46.12847	47.165829	91.90683351514514	694796.0	11.579933333333333	1295.04	1280	720	60.0	10	bc61e25e6b088132c4718afec8558893	8f7d5461d88850a85a24a9a393b8ab15	1280	720	8317.0	3.0	2313.0	9902.0	False	False	0.9891904771327973	0.9897111315801245
KristenAndSara_1280x720_60_10b	KristenAndSara_1280x720_60_10b	svtav1	svtav1_20200912_1d3b6c6_enc-mode0	60	63	0	159176.0	159.176	36.707166666666666	42.76983333333333	43.90483333333331	36.68067	42.764925	43.900298	80.75396126884402	563064.0	9.3844	1052.17	1280	720	60.0	10	ca5934f63bb6f38c68ddf78e204f0700	924ab15be1f2c590050dd14801df10f8	1280	720	8935.0	3.0	2095.0	10759.0	False	False	0.9721486310164134	0.9760710102679079
RollerCoastPas_1920x1080_2997_10	RollerCoastPas_1920x1080_2997_10	svtav1	svtav1_20200912_1d3b6c6_enc-mode0	60	20	0	3449833.0	3449.833	45.39	45.51133333333334	44.01900000000001	45.389264	45.510304	44.016242	97.24119420482035	4229291.0	70.48818333333334	7527.57	1920	1080	29.97	10	169ebbdbc075c6c5bd2403545eebeaa4	fb2998a523a25235b766ff3e5f7efbf6	1920	1080	20745.0	4.0	5564.0	23902.0	False	False	0.9987413654724757	0.997102513880994
RollerCoastPas_1920x1080_2997_10	RollerCoastPas_1920x1080_2997_10	svtav1	svtav1_20200912_1d3b6c6_enc-mode0	60	32	0	1787863.0	1787.863	44.62066666666668	45.06466666666667	43.48850000000002	44.618964	45.064606	43.487643	96.76584229735812	2424680.0	40.41133333333333	4621.6	1920	1080	29.97	10	d959b5ecdd30ae8d9502809e214301b2	86841e1e28d03a07a80fbf2a22a5cfb0	1920	1080	21578.0	40.0	4290.0	23107.0	False	False	0.9984178831179936	0.9965740287616646
RollerCoastPas_1920x1080_2997_10	RollerCoastPas_1920x1080_2997_10	svtav1	svtav1_20200912_1d3b6c6_enc-mode0	60	43	0	1001605.0	1001.605	43.33366666666665	44.29333333333334	42.830999999999996	43.331077	44.293722	42.830317	95.74885187772635	2152947.0	35.88245	3600.13	1920	1080	29.97	10	471c6f7a53bf506303f5cf741ba594cb	a9de1fa62b6bc8ad96157ebb6290839b	1920	1080	20818.0	6.0	4524.0	23587.0	False	False	0.9977282534042994	0.9954619683499879
RollerCoastPas_1920x1080_2997_10	RollerCoastPas_1920x1080_2997_10	svtav1	svtav1_20200912_1d3b6c6_enc-mode0	60	55	0	486492.0	486.492	40.885999999999996	42.671333333333344	41.419	40.882451999999994	42.67072	41.418489	92.95759744695098	1328198.0	22.136633333333332	2560.23	1920	1080	29.97	10	c6c19ca2c5e7823318974b193ee45211	e22ad704c5eefd9980a9d32d548f0acb	1920	1080	21569.0	2.0	3344.0	22465.0	False	False	0.9954374233881632	0.9921243895770815
RollerCoastPas_1920x1080_2997_10	RollerCoastPas_1920x1080_2997_10	svtav1	svtav1_20200912_1d3b6c6_enc-mode0	60	63	0	181289.0	181.28900000000002	36.4865	39.591	38.59716666666665	36.481594	39.589538999999995	38.595862	82.10803377306017	1231358.0	20.522633333333335	2242.42	1920	1080	29.97	10	4614638a811c2434489e16089fbcd4c0	a7e678b8e1cb6c9b0d6bfa7e49c780af	1920	1080	21058.0	3.0	3737.0	25273.0	False	False	0.9841286152601242	0.9786266158174725
KristenAndSara_1280x720_60f	KristenAndSara_1280x720_60f	svtav1	svtav1_20200912_1d3b6c6_enc-mode0	60	20	0	2962512.0	2962.512	44.60366666666668	49.036166666666674	49.95700000000001	44.599687	49.03498	49.955942	96.96030411858095	2514647.0	41.910783333333335	4641.02	1280	720	60.0	8	907513cec9f2169c2f8fe33128186d4f	bb8de7e8f71d2c222c1979f86a004a7a	1280	720	5515.0	8.0	4216.0	10077.0	False	False	0.9959864983956019	0.9954322508244821
KristenAndSara_1280x720_60f	KristenAndSara_1280x720_60f	svtav1	svtav1_20200912_1d3b6c6_enc-mode0	60	32	0	1323496.0	1323.496	43.60616666666667	48.381	49.27100000000001	43.601532	48.379776	49.2708	96.18061966212886	1220139.0	20.33565	2301.62	1280	720	60.0	8	70bf85ee6cbb63aa1ddecd999441873f	8af06afa4b28489daa69c78b94a62a9c	1280	720	5459.0	5.0	3195.0	9554.0	False	False	0.9949257761240006	0.9944670302678555
KristenAndSara_1280x720_60f	KristenAndSara_1280x720_60f	svtav1	svtav1_20200912_1d3b6c6_enc-mode0	60	43	0	757984.0	757.984	42.51366666666668	47.52883333333334	48.40666666666666	42.503721	47.527145	48.40518	94.99842080532383	868675.0	14.477916666666667	1622.89	1280	720	60.0	8	a714d15265c6efbf9380411a5affd1b4	34733c61c601c6527ad23678bdd2ef0c	1280	720	5239.0	4.0	3031.0	9893.0	False	False	0.9932425707578659	0.9930146013044417
KristenAndSara_1280x720_60f	KristenAndSara_1280x720_60f	svtav1	svtav1_20200912_1d3b6c6_enc-mode0	60	55	0	393928.0	393.928	40.576	45.80783333333334	46.9095	40.5609	45.803159	46.90642	91.99174084550617	523901.0	8.731683333333333	1020.06	1280	720	60.0	8	0fdbd6fdd892e8eb0bd88927fe354366	32a11a03759bcaae4c81cdd946db0f18	1280	720	5244.0	3.0	2196.0	10127.0	False	False	0.9887948413689931	0.9893635131052064
KristenAndSara_1280x720_60f	KristenAndSara_1280x720_60f	svtav1	svtav1_20200912_1d3b6c6_enc-mode0	60	63	0	158696.0	158.696	36.63566666666666	42.60183333333334	43.7365	36.610698	42.597044	43.732403	80.83005622266127	360693.0	6.01155	704.45	1280	720	60.0	8	0d3531fc9405f622e9b83182bf08cc68	2cd2aa394d09a2dec172e6d50d817fe2	1280	720	5474.0	5.0	1655.0	9790.0	False	False	0.9718339492877325	0.9758211579035225
Aerial_1920x1080_2997_10b	Aerial_1920x1080_2997_10b	svtav1	svtav1_20200912_1d3b6c6_enc-mode0	60	20	0	7741739.0	7741.739	43.24350000000001	45.34566666666669	44.73783333333333	43.222483	45.342983	44.735416	96.35459363574161	4812968.0	80.21613333333333	7575.93	1920	1080	29.97	10	2b795dcbc4dc9d873ff6d01be1c59c1a	404e719304b8a910b2270fb581f6aa54	1920	1080	22741.0	4.0	9616.0	22983.0	False	False	0.9989294121662776	0.9978515581581308
Aerial_1920x1080_2997_10b	Aerial_1920x1080_2997_10b	svtav1	svtav1_20200912_1d3b6c6_enc-mode0	60	32	0	4375078.0	4375.078	41.350166666666674	43.79549999999999	43.43683333333333	41.332767	43.794582	43.436246	95.07620260464799	3568122.0	59.4687	6447.29	1920	1080	29.97	10	18a51c93f02e4ad3bd4d817df66f62ec	96b36a47d7f5332168c87a7bbce952ae	1920	1080	23873.0	5.0	8281.0	23364.0	False	False	0.9983777244885762	0.9968520126950955
Aerial_1920x1080_2997_10b	Aerial_1920x1080_2997_10b	svtav1	svtav1_20200912_1d3b6c6_enc-mode0	60	43	0	2619404.0	2619.404	39.16833333333333	42.406999999999975	42.369833333333304	39.15103	42.404341	42.368789	92.89500821105025	2749344.0	45.8224	4814.72	1920	1080	29.97	10	07aa4780d0313fc4ff342a5d57e30b40	8c429187822daa47c8efc4ada27686e3	1920	1080	22973.0	8.0	6832.0	23107.0	False	False	0.9973722050587336	0.9950227816904545
Aerial_1920x1080_2997_10b	Aerial_1920x1080_2997_10b	svtav1	svtav1_20200912_1d3b6c6_enc-mode0	60	55	0	1518649.0	1518.649	36.530666666666676	40.91549999999999	41.277833333333334	36.506609	40.911095	41.276649	88.40143965885873	2390520.0	39.842	4283.81	1920	1080	29.97	10	2deaef827ca1ddcbf0cbe6ff48e72158	05507ac61e63bd1c9931766c3f3a1549	1920	1080	24212.0	4.0	5901.0	23922.0	False	False	0.9947125802437464	0.9905225397634781
Aerial_1920x1080_2997_10b	Aerial_1920x1080_2997_10b	svtav1	svtav1_20200912_1d3b6c6_enc-mode0	60	63	0	450499.0	450.499	31.064333333333334	37.90433333333332	39.22600000000001	31.057972	37.902212	39.225277	70.52068781145763	1566169.0	26.102816666666666	2952.72	1920	1080	29.97	10	1594f2fcd01126d2278483fbf523366b	8ebb7ce7fc0e0f3ebb904ae4a5d44709	1920	1080	24010.0	9.0	4877.0	25046.0	False	False	0.9771151800950368	0.9613077386136804
DinnerScene_1920x1080_2997_10b	DinnerScene_1920x1080_2997_10b	svtav1	svtav1_20200912_1d3b6c6_enc-mode0	60	20	0	1254363.0	1254.363	41.81899999999999	42.61	47.595666666666645	41.8173	42.605347	47.594797	91.49689989108523	3823230.0	63.7205	7252.63	1920	1080	29.97	10	03723640b4f51db679a06edc0fc4afc4	44ef94be6d3fd1c12e378103fe585d43	1920	1080	22484.0	21.0	12805.0	23179.0	False	False	0.9942042897144954	0.988308420127326
DinnerScene_1920x1080_2997_10b	DinnerScene_1920x1080_2997_10b	svtav1	svtav1_20200912_1d3b6c6_enc-mode0	60	32	0	296790.0	296.79	41.66583333333336	42.3128333333333	47.457166666666666	41.665419	42.311969	47.456636	89.99020579455801	2490128.0	41.50213333333333	4582.75	1920	1080	29.97	10	dc97756a002a9a2d39c5494c2109f541	0c0ed4a1ff0dc9f9fe7465b577585a5c	1920	1080	21179.0	5.0	9142.0	23748.0	False	False	0.9935879081487655	0.987680885978505
DinnerScene_1920x1080_2997_10b	DinnerScene_1920x1080_2997_10b	svtav1	svtav1_20200912_1d3b6c6_enc-mode0	60	43	0	173573.0	173.573	41.491333333333344	42.25666666666666	47.288666666666664	41.491356	42.255879	47.288401	87.87276450186009	1853164.0	30.886066666666668	3389.02	1920	1080	29.97	10	ab2a8f561e5f36185eda28d9c5210a6b	74e5d5e2fcb60cc91594d2da69eba6a1	1920	1080	20796.0	3.0	8272.0	24262.0	False	False	0.992951566974322	0.9870470861748117
DinnerScene_1920x1080_2997_10b	DinnerScene_1920x1080_2997_10b	svtav1	svtav1_20200912_1d3b6c6_enc-mode0	60	55	0	95592.0	95.592	41.083499999999994	42.10083333333333	46.93200000000001	41.082137	42.100108	46.931426	83.48758816218438	1844812.0	30.746866666666666	3475.72	1920	1080	29.97	10	db59615b4af2a4a7df145b6aef57a141	3ffeb6b148ec129b478303920b2383b3	1920	1080	21018.0	5.0	7776.0	29867.0	False	False	0.9912582168976466	0.9854291087080103
DinnerScene_1920x1080_2997_10b	DinnerScene_1920x1080_2997_10b	svtav1	svtav1_20200912_1d3b6c6_enc-mode0	60	63	0	41637.0	41.63700000000001	39.702666666666666	41.53066666666664	45.86466666666669	39.692181	41.530672	45.861756	67.54454316430345	1078390.0	17.973166666666668	1977.49	1920	1080	29.97	10	e8fdfefd6611ee67b84c0b632babd853	15237b5cd1db156a66e01f07f0e8e53c	1920	1080	20527.0	7.0	7333.0	23372.0	False	False	0.9840337057908376	0.9791004083554712
BarScene1_1920x1080_2997_10b	BarScene1_1920x1080_2997_10b	svtav1	svtav1_20200912_1d3b6c6_enc-mode0	60	20	0	1411000.0	1411.0	42.51350000000001	44.79416666666668	43.748500000000014	42.513748	44.793838	43.746346	93.31131186493359	4286688.0	71.4448	7705.64	1920	1080	29.97	10	a41e302c85ca6db70a6715fa33123a7e	f6741b39f2acb64f37f8e3b975accb32	1920	1080	20759.0	3.0	7963.0	24194.0	False	False	0.9959086179733276	0.9911088916735902
BarScene1_1920x1080_2997_10b	BarScene1_1920x1080_2997_10b	svtav1	svtav1_20200912_1d3b6c6_enc-mode0	60	32	0	470105.0	470.1050000000001	42.213	44.59516666666665	43.48750000000002	42.212723	44.595677	43.487228	92.24283112981603	1933431.0	32.22385	3408.46	1920	1080	29.97	10	0639a527379e2d9548394c7ab1595f6a	6ec21d3de680cb7477839f35c019c832	1920	1080	22339.0	4.0	3981.0	23643.0	False	False	0.9951427419980367	0.9901883723410823
BarScene1_1920x1080_2997_10b	BarScene1_1920x1080_2997_10b	svtav1	svtav1_20200912_1d3b6c6_enc-mode0	60	43	0	282900.0	282.9	41.90133333333334	44.462833333333336	43.368833333333335	41.899934	44.462702	43.368456	90.92040163871648	1505148.0	25.0858	2683.9	1920	1080	29.97	10	116e7da97d0cb7b682468b000d9bef92	ec6d01e4dc2eefa23d264e1eaa235d0e	1920	1080	20803.0	11.0	3841.0	24491.0	False	False	0.994372637073199	0.9892004816346642
BarScene1_1920x1080_2997_10b	BarScene1_1920x1080_2997_10b	svtav1	svtav1_20200912_1d3b6c6_enc-mode0	60	55	0	147526.0	147.526	41.24849999999999	44.20883333333334	43.13833333333336	41.247683	44.208991	43.138753	87.98036663502994	1099504.0	18.325066666666668	2065.75	1920	1080	29.97	10	c00a23cca6cb8796d1ed76d023b069ba	c63e2e5d6a5f0fc6aa3766d5a6a9530f	1920	1080	20157.0	4.0	3484.0	23843.0	False	False	0.9923141409953435	0.9867546912558804
BarScene1_1920x1080_2997_10b	BarScene1_1920x1080_2997_10b	svtav1	svtav1_20200912_1d3b6c6_enc-mode0	60	63	0	53364.0	53.364	39.38716666666667	43.12733333333335	42.33383333333331	39.385193	43.127682	42.333665	76.2535833340967	772675.0	12.877916666666666	1496.55	1920	1080	29.97	10	2ea006517865fe83890a694522aaeb5c	827ec6e1b165901a076ea5534b29bb24	1920	1080	21324.0	3.0	2793.0	23674.0	False	False	0.9825287123521169	0.9776702657713354
Sintel_Dragons_1920x816_24_10b	Sintel_Dragons_1920x816_24_10b	svtav1	svtav1_20200912_1d3b6c6_enc-mode0	60	20	0	5090012.0	5090.012	47.16333333333334	51.574	51.69800000000001	47.083879	51.529416	51.624541	99.94401127182141	4228031.0	70.46718333333334	8326.23	1920	816	24.0	10	0de761d341a09561c23793de8917e210	a44eb98a25580f07b9f0181510e4027a	1920	816	10740.0	4.0	14618.0	16034.0	False	False	0.9969377229611079	0.9970719620832632
Sintel_Dragons_1920x816_24_10b	Sintel_Dragons_1920x816_24_10b	svtav1	svtav1_20200912_1d3b6c6_enc-mode0	60	32	0	2681747.0	2681.747	44.101166666666664	49.15333333333333	49.1625	44.025386	49.092635	49.06888	99.91315662587532	4485226.0	74.75376666666666	8282.09	1920	816	24.0	10	f8e39e0912e46016519ed4ce6cae66fc	1c85ce53e62fdf919dd520b87f3a0b71	1920	816	11626.0	6.0	13600.0	16762.0	False	False	0.9945215612649918	0.9948804465059999
Sintel_Dragons_1920x816_24_10b	Sintel_Dragons_1920x816_24_10b	svtav1	svtav1_20200912_1d3b6c6_enc-mode0	60	43	0	1501756.0	1501.756	41.37766666666666	46.95983333333333	46.92666666666666	41.289753	46.87533700000001	46.793898	98.45621732182782	3077415.0	51.29025	5767.39	1920	816	24.0	10	66b32a190cfe5023d35e67ffaa0790fa	911eb50ddf6a9e7badad9c0693eaeebc	1920	816	11093.0	5.0	11290.0	16295.0	False	False	0.9900771776835123	0.9910843097389251
Sintel_Dragons_1920x816_24_10b	Sintel_Dragons_1920x816_24_10b	svtav1	svtav1_20200912_1d3b6c6_enc-mode0	60	55	0	760803.0	760.803	38.15649999999999	44.242000000000004	44.25899999999999	38.085696	44.157383	44.126577	88.10562955055187	2763954.0	46.0659	5155.69	1920	816	24.0	10	1784c026298d6c502bc2cd5f0ad1efa1	ca9675dff55aebfbf4fe1762ae5741aa	1920	816	10313.0	2.0	10610.0	16459.0	False	False	0.9796157598495483	0.9825108514128212
Sintel_Dragons_1920x816_24_10b	Sintel_Dragons_1920x816_24_10b	svtav1	svtav1_20200912_1d3b6c6_enc-mode0	60	63	0	274588.0	274.588	33.42883333333334	40.00866666666668	39.93233333333332	33.390423	39.949749	39.8288	59.2861778292511	1547572.0	25.792866666666665	2998.81	1920	816	24.0	10	68232a9d936c85fa1dc56c365b51e834	e755a2c4914c7c74c2676143a417b496	1920	816	10721.0	3.0	7684.0	16240.0	False	False	0.9444002409776052	0.9540505992972265
ShowGirl2TeaserClip4000_1920x108	ShowGirl2TeaserClip4000_1920x108	svtav1	svtav1_20200912_1d3b6c6_enc-mode0	60	20	0	2793933.0	2793.933	42.40599999999999	46.67200000000003	49.526833333333315	42.403922	46.670419	49.525488	95.37026975861114	4597982.0	76.63303333333333	8706.05	1920	1080	25.0	10	e6830799424d3e3e548d895b29a57214	ff9d8c1961d63faf5b67961c14a1ff73	1920	1080	19850.0	4.0	10504.0	38151.0	False	False	0.9961093455553055	0.991525190891906
ShowGirl2TeaserClip4000_1920x108	ShowGirl2TeaserClip4000_1920x108	svtav1	svtav1_20200912_1d3b6c6_enc-mode0	60	32	0	1329963.0	1329.963	41.75816666666667	46.27316666666665	48.81999999999998	41.755635	46.27144	48.819249	93.65055608792683	3512665.0	58.54441666666666	6444.14	1920	1080	25.0	10	e381803e4b547b110f347dba621f0f83	c045b1d4581abdf0fb1c75b12fe87dec	1920	1080	20113.0	3.0	9059.0	24207.0	False	False	0.9951527843872706	0.9903285688929003
ShowGirl2TeaserClip4000_1920x108	ShowGirl2TeaserClip4000_1920x108	svtav1	svtav1_20200912_1d3b6c6_enc-mode0	60	43	0	788753.0	788.753	40.99983333333332	45.95583333333333	48.25666666666666	40.989028	45.953824000000004	48.255395	91.14059381812807	2504059.0	41.734316666666665	4365.02	1920	1080	25.0	10	b9cbac5baa55149980599e4e839a9714	26ac2341fc5ab3dabbe263fa2abcf54a	1920	1080	20944.0	6.0	8008.0	23821.0	False	False	0.993822169303894	0.9888153187332928
ShowGirl2TeaserClip4000_1920x108	ShowGirl2TeaserClip4000_1920x108	svtav1	svtav1_20200912_1d3b6c6_enc-mode0	60	55	0	401586.0	401.586	39.48649999999998	45.25916666666667	47.18966666666667	39.457505	45.25737	47.188639	85.58644758419766	2123314.0	35.38856666666667	3954.79	1920	1080	25.0	10	4d5f9c155ad348a087b6fb9f53cf2a4c	b5b186c96e8b0ba1179c566854f59cba	1920	1080	21056.0	3.0	7545.0	25042.0	False	False	0.9901395221551259	0.9848565894328282
ShowGirl2TeaserClip4000_1920x108	ShowGirl2TeaserClip4000_1920x108	svtav1	svtav1_20200912_1d3b6c6_enc-mode0	60	63	0	136036.0	136.036	35.99516666666666	43.290999999999976	44.88099999999999	35.954944	43.289729	44.879989	68.1362477354997	1125442.0	18.757366666666666	2184.13	1920	1080	25.0	10	82eb8340a0d5788b13ce8283cbfe6deb	3dbd8d15007bea8d64ab19a242c07b11	1920	1080	21766.0	3.0	4597.0	23293.0	False	False	0.9734062989552815	0.9682206372343107
Starting_1920x1080p_50_10b_pq_70	Starting_1920x1080p_50_10b_pq_70	svtav1	svtav1_20200912_1d3b6c6_enc-mode0	60	20	0	4576833.0	4576.833	47.079	49.893	51.617833333333344	47.044348	49.85338	51.56168	96.96067717156572	3635755.0	60.59591666666667	6428.08	1920	1080	50.0	10	8c7653c46f72957c3ca40ffe7b75ac1a	5750f85714cb2f964226c0421037c068	1920	1080	18632.0	3.0	8518.0	25143.0	False	False	0.9992920984824498	0.9982617354805204
Starting_1920x1080p_50_10b_pq_70	Starting_1920x1080p_50_10b_pq_70	svtav1	svtav1_20200912_1d3b6c6_enc-mode0	60	32	0	2659633.0	2659.633	45.96883333333333	49.00966666666667	50.414666666666655	45.92259	48.976586	50.374390999999996	96.21029373567299	1972470.0	32.8745	3774.66	1920	1080	50.0	10	d073678b76be79b80f8aa35d1e6d222a	4a8c205e49eedbda473575d8d4413988	1920	1080	19305.0	4.0	6944.0	22298.0	False	False	0.998992583155632	0.9977572317086721
Starting_1920x1080p_50_10b_pq_70	Starting_1920x1080p_50_10b_pq_70	svtav1	svtav1_20200912_1d3b6c6_enc-mode0	60	43	0	1575453.0	1575.453	44.43299999999999	47.77566666666667	48.761999999999965	44.383971	47.764413	48.748715	94.79064563978726	1948032.0	32.4672	3575.12	1920	1080	50.0	10	fd3f15989310ed0a2cd38a4f2551585a	a5faea65a0223aa74551a0d5a042f0c2	1920	1080	18427.0	5.0	7118.0	25298.0	False	False	0.9983179459969203	0.9968068999454182
Starting_1920x1080p_50_10b_pq_70	Starting_1920x1080p_50_10b_pq_70	svtav1	svtav1_20200912_1d3b6c6_enc-mode0	60	55	0	778286.0	778.286	41.523333333333326	45.75900000000001	46.24316666666668	41.492749	45.757756	46.242113	90.54032752749939	1375587.0	22.92645	2447.62	1920	1080	50.0	10	60d07a7089fd79b977fb79c95cd94fbf	00e92f9dda4eb2bca4e241d565daea0c	1920	1080	17928.0	5.0	6985.0	22998.0	False	False	0.9961792906125386	0.9938864886254186
Starting_1920x1080p_50_10b_pq_70	Starting_1920x1080p_50_10b_pq_70	svtav1	svtav1_20200912_1d3b6c6_enc-mode0	60	63	0	272393.0	272.393	36.37166666666667	42.808333333333344	43.05716666666667	36.35944299999999	42.808443	43.057354	75.66608173945657	1200363.0	20.00605	2273.03	1920	1080	50.0	10	5d98601505d315097ea7671aee760b66	47d693f6e30aef8c05e233a70f4c8848	1920	1080	17838.0	5.0	6875.0	23748.0	False	False	0.9857738147179286	0.9802721700940721
DOTA2_60f_420	DOTA2_60f_420	svtav1	svtav1_20200912_1d3b6c6_enc-mode0	60	20	0	15737640.0	15737.639999999998	45.642666666666656	49.3195	49.449	45.60403899999999	49.267993	49.428331	97.65133054143053	4528447.0	75.47411666666666	8682.04	1920	1080	60.0	8	2f70db80cd876b82020892ad04426af8	5536267b57a6d16f0a8b0971b482e06f	1920	1080	12506.0	8.0	9188.0	23453.0	False	False	0.998741798599561	0.9975424268495386
DOTA2_60f_420	DOTA2_60f_420	svtav1	svtav1_20200912_1d3b6c6_enc-mode0	60	32	0	8408904.0	8408.904	43.5725	47.512666666666675	47.800666666666665	43.503988	47.43382	47.769596	96.06425318201264	3982761.0	66.37935	7156.25	1920	1080	60.0	8	262e059e69654085bd2db63d1685ebaf	d55c7e70036250a393760ebc00928243	1920	1080	12664.0	4.0	8460.0	26329.0	False	False	0.9978351096312205	0.9959934904980626
DOTA2_60f_420	DOTA2_60f_420	svtav1	svtav1_20200912_1d3b6c6_enc-mode0	60	43	0	4543472.0	4543.472	41.331500000000005	45.480166666666676	45.85999999999999	41.241582	45.381833	45.81639499999999	93.30534890911117	2616994.0	43.616566666666664	4721.2	1920	1080	60.0	8	5ef47e1ffcd77225e19575204f9fb398	2a05e1204427cc58b0128003cf6323c2	1920	1080	13316.0	3.0	7444.0	24392.0	False	False	0.9959086984395981	0.992951828818504
DOTA2_60f_420	DOTA2_60f_420	svtav1	svtav1_20200912_1d3b6c6_enc-mode0	60	55	0	1991520.0	1991.52	38.24733333333333	42.60883333333334	43.04749999999999	38.15249099999999	42.510764	43.013128	86.89411123019434	1865443.0	31.090716666666665	3399.07	1920	1080	60.0	8	fd3c95fbf400be80ddaeade5f0246f9b	4da10ef884dac2e74aa1f07955360767	1920	1080	12238.0	3.0	6714.0	24334.0	False	False	0.989027538895607	0.9835513755492987
DOTA2_60f_420	DOTA2_60f_420	svtav1	svtav1_20200912_1d3b6c6_enc-mode0	60	63	0	598472.0	598.472	33.95866666666666	38.575166666666654	39.01883333333333	33.857599	38.48358799999999	38.992916	67.72252921239273	1095722.0	18.262033333333335	1999.07	1920	1080	60.0	8	5fb9a0f67146ed4aa48cdab180bc62ef	d6697c15aa81f5fadd770e05d90dcf82	1920	1080	12459.0	4.0	5002.0	23950.0	False	False	0.9573019554217657	0.9510465804823112
blue_sky_360p_60f	blue_sky_360p_60f	svtav1	svtav1_20200912_1d3b6c6_enc-mode0	60	20	0	1140950.0	1140.95	44.188833333333335	44.94066666666668	46.404999999999994	44.105881	44.896929	46.37610200000001	99.95110641310302	912095.0	15.201583333333334	1617.33	640	360	25.0	8	3419f142745e8795eebe342e75d7676c	6962cbc411a918166f1e6e74404d2750	640	360	2082.0	5.0	2193.0	2919.0	False	False	0.9924607654412587	0.9985368264982661
blue_sky_360p_60f	blue_sky_360p_60f	svtav1	svtav1_20200912_1d3b6c6_enc-mode0	60	32	0	570010.0	570.01	41.081666666666656	42.33400000000002	43.871833333333335	41.011338	42.302417	43.855981	99.92877471253279	529564.0	8.826066666666666	1045.01	640	360	25.0	8	10edf2d0c7d4519fdb2c000f25a66578	2a4fd2035d0968736864bfaff135e9d3	640	360	1939.0	4.0	1795.0	2820.0	False	False	0.9889318764209747	0.9977444354058914
blue_sky_360p_60f	blue_sky_360p_60f	svtav1	svtav1_20200912_1d3b6c6_enc-mode0	60	43	0	339350.0	339.35	38.73449999999999	40.46833333333332	42.03683333333333	38.637033	40.431828	42.024716	99.54282582537715	448396.0	7.4732666666666665	822.87	640	360	25.0	8	a9b0bd61ad31eac204c2db30cbbf33e7	8adcd7de2d35fba48bef9e684a36c0fb	640	360	2050.0	5.0	1679.0	2877.0	False	False	0.9847027808427811	0.9966812147174658
blue_sky_360p_60f	blue_sky_360p_60f	svtav1	svtav1_20200912_1d3b6c6_enc-mode0	60	55	0	169120.0	169.12	35.4475	37.26116666666666	39.392333333333355	35.377355	37.236321	39.379906	94.32003157434465	291232.0	4.853866666666667	573.87	640	360	25.0	8	604b04717af8abd5e28e33d6f569c9ea	1de0b3ee1dd2f26a85ce3a9079360a9a	640	360	1952.0	2.0	1538.0	2816.0	False	False	0.972313470641772	0.9934741853504022
blue_sky_360p_60f	blue_sky_360p_60f	svtav1	svtav1_20200912_1d3b6c6_enc-mode0	60	63	0	55940.0	55.93999999999999	29.512333333333334	34.478833333333334	37.23083333333332	29.444123	34.459032	37.20674	72.95947217104957	248691.0	4.14485	489.01	640	360	25.0	8	61ee2b8a47bfa19abf228315ce1df6d2	413149778eb01a8e5c3ab4eb04d579b2	640	360	1845.0	11.0	1603.0	2847.0	False	False	0.9186201324065526	0.9760032540047809
kirland360p_60f	kirland360p_60f	svtav1	svtav1_20200912_1d3b6c6_enc-mode0	60	20	0	275988.0	275.988	47.423833333333356	48.544	49.81016666666667	47.334948000000004	48.511546	49.778369	96.0560062248888	528100.0	8.801666666666666	975.84	640	360	30.0	8	819187125b26bb38ee8adc1f1a5d1c27	449c83747152c525bccafe563f39b5ea	640	360	1403.0	2.0	816.0	2942.0	False	False	0.9910067081451416	0.997425724389754
kirland360p_60f	kirland360p_60f	svtav1	svtav1_20200912_1d3b6c6_enc-mode0	60	32	0	146572.0	146.572	46.38566666666669	48.18616666666669	49.249	46.254301000000005	48.160576	49.219656	95.18633390633747	307268.0	5.121133333333334	595.92	640	360	30.0	8	460726ca428310380ab35743417a1ae1	0823869ee9487a6213405fb9d45426c6	640	360	1368.0	6.0	629.0	2933.0	False	False	0.9901339550813039	0.9970795037993203
kirland360p_60f	kirland360p_60f	svtav1	svtav1_20200912_1d3b6c6_enc-mode0	60	43	0	86176.0	86.176	44.80583333333333	47.49649999999999	48.174833333333325	44.626146	47.468065	48.124495	92.99397461733466	159025.0	2.6504166666666666	312.25	640	360	30.0	8	cfae0404ca75e358143f7525dfa666cc	3c5e119fe36fc36718d3f9504f10ae46	640	360	1371.0	22.0	495.0	2852.0	False	False	0.988331005970637	0.9963405490668634
kirland360p_60f	kirland360p_60f	svtav1	svtav1_20200912_1d3b6c6_enc-mode0	60	55	0	46324.0	46.324	42.25900000000001	46.420166666666674	46.29216666666668	42.02861	46.369542	46.159715	87.81373546469179	161156.0	2.6859333333333333	308.51	640	360	30.0	8	344d042a01e1d3d08d3393d154e4f32e	c3cfc8436549fc60aa54d2d276665ebf	640	360	1411.0	4.0	495.0	2983.0	False	False	0.9841785252094268	0.9946010931400894
kirland360p_60f	kirland360p_60f	svtav1	svtav1_20200912_1d3b6c6_enc-mode0	60	63	0	21972.0	21.972	37.360166666666665	43.456833333333336	43.25333333333334	37.09350299999999	43.376445	43.044077	70.42931389099304	125927.0	2.0987833333333334	244.11	640	360	30.0	8	8103bd8b66497842bf0d67c21416e656	bee44955150be6bdb437074b339482b9	640	360	1394.0	7.0	361.0	2956.0	False	False	0.9674594402313232	0.9854995435617148
niklas360p_60f	niklas360p_60f	svtav1	svtav1_20200912_1d3b6c6_enc-mode0	60	20	0	1323352.0	1323.352	44.3385	47.70149999999999	47.331333333333326	44.238021	47.619199	47.245916	98.33465411152227	820030.0	13.667166666666667	1608.9	640	360	30.0	8	9bd547966aee5f74becd99597487a3db	ae71ec1e34e538108df008952b728ed5	640	360	1743.0	3.0	1778.0	2856.0	False	False	0.9863316595554352	0.9968105231308263
niklas360p_60f	niklas360p_60f	svtav1	svtav1_20200912_1d3b6c6_enc-mode0	60	32	0	724108.0	724.108	41.76933333333332	46.03250000000001	45.45716666666667	41.681483	45.962684	45.382764	96.525438410224	652608.0	10.8768	1239.89	640	360	30.0	8	0884794708aaf49578b6b6ea054554b1	37bf2567050e99154e85915210731ee4	640	360	1785.0	3.0	1589.0	2952.0	False	False	0.980395703514417	0.9949607883714908
niklas360p_60f	niklas360p_60f	svtav1	svtav1_20200912_1d3b6c6_enc-mode0	60	43	0	411792.0	411.792	39.035333333333334	44.48516666666667	43.64933333333335	38.954038	44.433486	43.588263	93.09016323521081	538134.0	8.9689	927.42	640	360	30.0	8	41e4b27f55d2dadc6f52bbf4fbb4bf5b	cf5d3d31b65922eae3640af6e02017ea	640	360	1744.0	4.0	1342.0	2898.0	False	False	0.9707007487614949	0.9916839706231543
niklas360p_60f	niklas360p_60f	svtav1	svtav1_20200912_1d3b6c6_enc-mode0	60	55	0	207260.0	207.25999999999996	35.618833333333335	42.34433333333334	41.05999999999998	35.571875	42.312317	41.017327	85.85357946662057	422766.0	7.0461	692.47	640	360	30.0	8	b15ca5b3c7f51ea4540b3320be22723e	9e9ad285b72a2da610b0558519bda6ac	640	360	1704.0	27.0	1156.0	3184.0	False	False	0.9485283841689428	0.982853688901195
niklas360p_60f	niklas360p_60f	svtav1	svtav1_20200912_1d3b6c6_enc-mode0	60	63	0	69484.0	69.484	30.299666666666667	38.47183333333333	36.947666666666656	30.277291	38.40386	36.867653	63.2072267670571	243464.0	4.057733333333333	469.16	640	360	30.0	8	a264e2dba9aa9e89eb576c9bb40fd200	0c28b2afa7701b685b2ca2d6b3fb5b9a	640	360	1757.0	4.0	924.0	3088.0	False	False	0.8832459231217702	0.9477653917333878
Market3_1920x1080p_50_10b_pq_709	Market3_1920x1080p_50_10b_pq_709	svtav1	svtav1_20200912_1d3b6c6_enc-mode0	60	20	0	11945933.0	11945.933	44.83116666666665	50.98433333333335	51.90533333333331	44.821155	50.982225	51.903892	99.83495906733535	5732648.0	95.54413333333333	10198.26	1920	1080	50.0	10	3d14866204e9d71ca80a6b683a5aa80c	1100d30adbf00142f9565ebe00a0b351	1920	1080	20680.0	3.0	14226.0	23704.0	False	False	0.9992155214150746	0.998226624793959
Market3_1920x1080p_50_10b_pq_709	Market3_1920x1080p_50_10b_pq_709	svtav1	svtav1_20200912_1d3b6c6_enc-mode0	60	32	0	6605286.0	6605.286000000001	42.493666666666655	49.29383333333333	50.37216666666666	42.474493	49.292174	50.370977	99.05433270049498	4136557.0	68.94261666666667	7636.71	1920	1080	50.0	10	d537baaa12e077ac894e4aafcba47a50	f675df1a21bfbad7e5364a6432531216	1920	1080	20349.0	4.0	12800.0	24068.0	False	False	0.9986949622631073	0.9971015402596244
Market3_1920x1080p_50_10b_pq_709	Market3_1920x1080p_50_10b_pq_709	svtav1	svtav1_20200912_1d3b6c6_enc-mode0	60	43	0	3772166.0	3772.166	40.163500000000006	47.91949999999999	49.113666666666646	40.131218	47.913658000000005	49.111846	96.49687034372528	3150817.0	52.513616666666664	5656.45	1920	1080	50.0	10	35a37c609842298bb3b7666feb2b4416	95084e353a8ef7eab79f809868dace0f	1920	1080	20626.0	3.0	11443.0	22941.0	False	False	0.9976044793923696	0.994937272069143
Market3_1920x1080p_50_10b_pq_709	Market3_1920x1080p_50_10b_pq_709	svtav1	svtav1_20200912_1d3b6c6_enc-mode0	60	55	0	1820766.0	1820.766	37.028	45.94650000000001	47.32366666666665	36.990317	45.941732	47.322365	90.31409403487685	2490249.0	41.50415	4532.44	1920	1080	50.0	10	1d04abae65dab4a4955a5c49c7a65fc9	b4a74d0e3515e4f0130fe83d1211a5ad	1920	1080	21025.0	4.0	11313.0	24432.0	False	False	0.9938670426607132	0.9879935088856311
Market3_1920x1080p_50_10b_pq_709	Market3_1920x1080p_50_10b_pq_709	svtav1	svtav1_20200912_1d3b6c6_enc-mode0	60	63	0	514306.0	514.306	32.363	42.614666666666636	44.20433333333333	32.335933	42.612275	44.203153	69.34300059372941	1726183.0	28.769716666666667	3144.58	1920	1080	50.0	10	81de35eab62c1a5d0c3fbb2c3a8eec59	0c956993d0fc50670b2530d96d824cb8	1920	1080	20130.0	4.0	8795.0	23473.0	False	False	0.9729072153568268	0.9584338133111434
Netflix_Aerial_1920x1080_60fps_8	Netflix_Aerial_1920x1080_60fps_8	svtav1	svtav1_20200912_1d3b6c6_enc-mode0	60	20	0	18097968.0	18097.968	42.32683333333333	45.1475	44.95816666666668	42.306374	45.142933	44.954637	96.39028538115804	5685710.0	94.76183333333333	10045.96	1920	1080	60.0	8	16f43e1628895ff4cd4d987a94d9a02b	b5db195f191c31db34ff202418dd1e47	1920	1080	14106.0	3.0	16353.0	24421.0	False	False	0.9978050351142883	0.9962741502468352
Netflix_Aerial_1920x1080_60fps_8	Netflix_Aerial_1920x1080_60fps_8	svtav1	svtav1_20200912_1d3b6c6_enc-mode0	60	32	0	10022720.0	10022.72	40.672999999999995	44.169333333333334	44.21450000000001	40.633265	44.163396	44.211989	94.33311413400422	4342953.0	72.38255	7821.54	1920	1080	60.0	8	dd7392456429278fc6dfbba68600f336	91f9f272550ac0e80c5cf9a26f2153ac	1920	1080	13408.0	4.0	13624.0	22901.0	False	False	0.9965465754270554	0.9943962683683142
Netflix_Aerial_1920x1080_60fps_8	Netflix_Aerial_1920x1080_60fps_8	svtav1	svtav1_20200912_1d3b6c6_enc-mode0	60	43	0	5866400.0	5866.4	38.89916666666668	43.21033333333333	43.58700000000001	38.826162	43.201605	43.58545	91.6351168263365	3748620.0	62.477	6791.17	1920	1080	60.0	8	5b073d15aea4a8c71b3bdaac29d290a6	99505ca3bde1ef6ce960e9467aa3d266	1920	1080	14460.0	4.0	12228.0	24494.0	False	False	0.9945401479800542	0.99127315790172
Netflix_Aerial_1920x1080_60fps_8	Netflix_Aerial_1920x1080_60fps_8	svtav1	svtav1_20200912_1d3b6c6_enc-mode0	60	55	0	2635776.0	2635.776	36.05933333333334	41.45933333333334	42.36350000000002	35.973909	41.455656	42.361433	85.58142616620061	2463003.0	41.05005	4499.42	1920	1080	60.0	8	26d9a7d21c100280cc4fcde975aa0254	8637c58e913067fcb6bb65a4618437f5	1920	1080	13875.0	18.0	11025.0	24347.0	False	False	0.9885105272134145	0.9817936430666
Netflix_Aerial_1920x1080_60fps_8	Netflix_Aerial_1920x1080_60fps_8	svtav1	svtav1_20200912_1d3b6c6_enc-mode0	60	63	0	695072.0	695.072	31.624666666666666	38.79683333333333	40.59633333333333	31.602328	38.794664	40.593969	66.10835633698316	1259164.0	20.986066666666666	2321.83	1920	1080	60.0	8	9aa5e08d3015c0fe1cdc4935c5f50ccc	10cc67002c7b7306159d35f53e797e66	1920	1080	13991.0	5.0	8809.0	23585.0	False	False	0.9593958397706349	0.9398892696334956
Netflix_Crosswalk_1920x1080_60fp	Netflix_Crosswalk_1920x1080_60fp	svtav1	svtav1_20200912_1d3b6c6_enc-mode0	60	20	0	7623144.0	7623.144	45.61100000000001	48.398333333333355	50.27316666666665	45.594029	48.394826	50.269256	99.15301424048998	5296350.0	88.2725	9476.29	1920	1080	60.0	8	cb9641b4ce3a3cddf763c3b889ec877c	eae90357ca7af906af8557321bbcc6a8	1920	1080	9881.0	3.0	17154.0	24234.0	False	False	0.9976855605840683	0.995815874473555
Netflix_Crosswalk_1920x1080_60fp	Netflix_Crosswalk_1920x1080_60fp	svtav1	svtav1_20200912_1d3b6c6_enc-mode0	60	32	0	4048952.0	4048.952	44.46750000000001	47.71466666666666	49.56150000000001	44.427968	47.707847	49.55429	96.2611682596999	2862361.0	47.70601666666666	5645.75	1920	1080	60.0	8	825141bd00cb61af3c4d8d4ef473b416	11045575393ce6409337ae2dbe5c81d1	1920	1080	9394.0	3.0	14797.0	22837.0	False	False	0.99625590244929	0.9942542684638991
Netflix_Crosswalk_1920x1080_60fp	Netflix_Crosswalk_1920x1080_60fp	svtav1	svtav1_20200912_1d3b6c6_enc-mode0	60	43	0	2246992.0	2246.992	43.02	46.90416666666666	48.67900000000001	42.947547	46.893832	48.668155	91.3935246680428	2277895.0	37.96491666666667	4431.62	1920	1080	60.0	8	d9c643d4ac8a4d895a25efc32fd8ef6e	f7c6c1b2fd9868a24fe5643a46034f17	1920	1080	9984.0	4.0	13162.0	22980.0	False	False	0.9935434430837631	0.9915890230150151
Netflix_Crosswalk_1920x1080_60fp	Netflix_Crosswalk_1920x1080_60fp	svtav1	svtav1_20200912_1d3b6c6_enc-mode0	60	55	0	1106496.0	1106.496	40.727666666666686	45.533333333333324	47.18083333333333	40.625206	45.517839	47.163362	81.18085790440863	1569789.0	26.16315	3038.62	1920	1080	60.0	8	13a99541e158b584e80665be74cc484b	537dd1eb1cf016aae42506dc2ebf4218	1920	1080	9911.0	4.0	11451.0	23738.0	False	False	0.9863702515761058	0.9851184114486927
Netflix_Crosswalk_1920x1080_60fp	Netflix_Crosswalk_1920x1080_60fp	svtav1	svtav1_20200912_1d3b6c6_enc-mode0	60	63	0	399968.0	399.968	36.62433333333333	42.66533333333332	43.95549999999999	36.502054	42.640084	43.92403	55.13149861891132	1138458.0	18.9743	2146.05	1920	1080	60.0	8	c2569d7ce60f7e43d24f45c85d078f53	14dd5c92d39153720c95666ba07e87c4	1920	1080	10427.0	4.0	9202.0	23409.0	False	False	0.9582012643416723	0.9620652049916855
Netflix_DrivingPOV_1280x720_60fp	Netflix_DrivingPOV_1280x720_60fp	svtav1	svtav1_20200912_1d3b6c6_enc-mode0	60	20	0	9758696.0	9758.696	42.41149999999998	45.8135	44.644833333333345	42.395073	45.810427	44.642285	99.60457319074273	3139704.0	52.3284	5256.32	1280	720	60.0	8	352a40ac4e4fd38ad12f50efca327ec4	69caf0e12ffff47762a79f8477ebbf9b	1280	720	7087.0	5.0	7445.0	9949.0	False	False	0.9979689667622248	0.9973611216553436
Netflix_DrivingPOV_1280x720_60fp	Netflix_DrivingPOV_1280x720_60fp	svtav1	svtav1_20200912_1d3b6c6_enc-mode0	60	32	0	4910616.0	4910.616	40.145833333333336	44.62400000000002	43.796500000000016	40.123944	44.619805	43.794576	98.51469970737631	2457169.0	40.95281666666666	4305.69	1280	720	60.0	8	5a67c22bf83e9c67d5c7245a8512ce56	1fbed049fccbdff3e5c0fce115e8c188	1280	720	6776.0	4.0	6029.0	9880.0	False	False	0.9965768794218699	0.9955683978149835
Netflix_DrivingPOV_1280x720_60fp	Netflix_DrivingPOV_1280x720_60fp	svtav1	svtav1_20200912_1d3b6c6_enc-mode0	60	43	0	2812768.0	2812.7680000000005	38.1905	43.561333333333344	43.07983333333333	38.16009900000001	43.555003000000006	43.076926	96.60758881417875	1901227.0	31.687116666666668	3328.49	1280	720	60.0	8	e58399024fe09423b0727b70d9024687	8a617d6e421aee83a2d97e7da14d0020	1280	720	6647.0	4.0	5736.0	10316.0	False	False	0.9932844817638398	0.9920914046957772
Netflix_DrivingPOV_1280x720_60fp	Netflix_DrivingPOV_1280x720_60fp	svtav1	svtav1_20200912_1d3b6c6_enc-mode0	60	55	0	1274960.0	1274.96	35.253166666666665	41.591333333333324	41.789333333333325	35.221447	41.57801299999999	41.782807	91.24992025157493	1351713.0	22.52855	2486.45	1280	720	60.0	8	9161d8e5b71fb6be697cb2c967c55765	88f5c7a04605da1ae5d8813d4e1ae981	1280	720	7479.0	3.0	5292.0	10196.0	False	False	0.9865950892368952	0.9855296342078207
Netflix_DrivingPOV_1280x720_60fp	Netflix_DrivingPOV_1280x720_60fp	svtav1	svtav1_20200912_1d3b6c6_enc-mode0	60	63	0	371808.0	371.808	30.517166666666665	38.299499999999995	39.430666666666674	30.482613	38.29033	39.425705	71.05174450251147	964786.0	16.079766666666668	1805.9	1280	720	60.0	8	11379998ac4acd902e3fac1ecc1b6a68	a004fc74a8800d166b49ae280d570f74	1280	720	6821.0	7.0	4299.0	10586.0	False	False	0.9613320718208949	0.9610176271420187
Netflix_PierSeaside_1920x1080_60	Netflix_PierSeaside_1920x1080_60	svtav1	svtav1_20200912_1d3b6c6_enc-mode0	60	20	0	6901720.0	6901.72	45.272999999999996	47.31599999999999	45.414500000000025	45.254197	47.308125	45.404301	99.87662480219221	4304024.0	71.73373333333333	8019.7	1920	1080	60.0	8	c94396a5b8ae9d5ea265eda42398a37f	81bb95d7c0779818311acbb3927fd178	1920	1080	10884.0	4.0	11298.0	22925.0	False	False	0.9980091571807861	0.996764708393584
Netflix_PierSeaside_1920x1080_60	Netflix_PierSeaside_1920x1080_60	svtav1	svtav1_20200912_1d3b6c6_enc-mode0	60	32	0	3379280.0	3379.28	43.784000000000006	46.591	44.85416666666667	43.748271	46.583052	44.844193	99.52220103101094	2581592.0	43.02653333333333	4709.4	1920	1080	60.0	8	69e5e43b42853f50930032d7754b44ae	3283a5eb98351233733dfde264778bbb	1920	1080	10997.0	8.0	9753.0	23115.0	False	False	0.9972063223520915	0.9954893874067436
Netflix_PierSeaside_1920x1080_60	Netflix_PierSeaside_1920x1080_60	svtav1	svtav1_20200912_1d3b6c6_enc-mode0	60	43	0	1794184.0	1794.184	42.25366666666666	45.771666666666654	44.291333333333334	42.198865	45.761885	44.279662	98.1978413524641	1818491.0	30.308183333333332	3163.24	1920	1080	60.0	8	cf0873f6fdde9c8c9ec8195744d01f08	c72827190ab7e5b6ce3aabfafc8bbb58	1920	1080	11086.0	6.0	8606.0	24385.0	False	False	0.9958060582478842	0.9934249889089649
Netflix_PierSeaside_1920x1080_60	Netflix_PierSeaside_1920x1080_60	svtav1	svtav1_20200912_1d3b6c6_enc-mode0	60	55	0	847856.0	847.856	40.101166666666664	44.22849999999999	43.21683333333335	40.038883000000006	44.215859	43.206169	94.49334244393077	1255099.0	20.918316666666666	2244.81	1920	1080	60.0	8	5b47935691eb45a3e74616d2856bfddc	083bdbaf30dd37edca8614b99d432050	1920	1080	10831.0	5.0	8081.0	25800.0	False	False	0.9922746121883392	0.9888554273400324
Netflix_PierSeaside_1920x1080_60	Netflix_PierSeaside_1920x1080_60	svtav1	svtav1_20200912_1d3b6c6_enc-mode0	60	63	0	279304.0	279.304	36.17150000000001	40.909166666666685	40.520499999999984	36.1281	40.901059	40.515515	81.46033791591009	699238.0	11.653966666666667	1365.89	1920	1080	60.0	8	61b44c4d42d4351543ea1ade43450305	ae11d15ab747dacef5de0f664e857c26	1920	1080	10660.0	3.0	7203.0	22834.0	False	False	0.9805122921864192	0.9757805457504394
Netflix_SquareAndTimelapse_1920x	Netflix_SquareAndTimelapse_1920x	svtav1	svtav1_20200912_1d3b6c6_enc-mode0	60	20	0	18700896.0	18700.896	44.34133333333333	48.505	47.62833333333334	44.331257	48.501091	47.62283	99.90523059415221	5734645.0	95.57741666666666	10546.03	1920	1080	60.0	8	14fd312209151b152dda48ea11f582c2	0ea911c78c3691c9988e1914c978c457	1920	1080	12305.0	4.0	16485.0	22994.0	False	False	0.9991469462712605	0.9978318944736859
Netflix_SquareAndTimelapse_1920x	Netflix_SquareAndTimelapse_1920x	svtav1	svtav1_20200912_1d3b6c6_enc-mode0	60	32	0	11238720.0	11238.72	42.12066666666668	47.014500000000005	45.92983333333334	42.102358	47.008636	45.922206	99.86775845190526	5096236.0	84.93726666666667	9154.91	1920	1080	60.0	8	e66d2a67d6eae3bc74b8e2839ddf4d41	69e20208f1fbd984ac8ecfb76bb7b57a	1920	1080	12519.0	4.0	15818.0	23865.0	False	False	0.998383304476738	0.9962899152813681
Netflix_SquareAndTimelapse_1920x	Netflix_SquareAndTimelapse_1920x	svtav1	svtav1_20200912_1d3b6c6_enc-mode0	60	43	0	6768480.0	6768.48	39.74916666666668	45.54350000000001	44.307500000000005	39.710594	45.534004	44.296004	99.14931196621917	3207235.0	53.453916666666665	6262.74	1920	1080	60.0	8	157531b8920c5cdfc8442bc2bce333f2	cf1da4f3788942d50acda3f6beb56977	1920	1080	13575.0	3.0	13851.0	23839.0	False	False	0.9967291345198949	0.9934248901950679
Netflix_SquareAndTimelapse_1920x	Netflix_SquareAndTimelapse_1920x	svtav1	svtav1_20200912_1d3b6c6_enc-mode0	60	55	0	3472960.0	3472.96	36.47483333333333	43.25866666666668	41.87866666666666	36.421437	43.239489	41.856206	91.28720216104327	2582793.0	43.04655	4943.59	1920	1080	60.0	8	d9a72760d6aa46b3a0b6b17e1b50384c	8e35d8d6edf8478783addbb82eb36b08	1920	1080	12341.0	2.0	11628.0	22919.0	False	False	0.9912916253010432	0.9852873687906122
Netflix_SquareAndTimelapse_1920x	Netflix_SquareAndTimelapse_1920x	svtav1	svtav1_20200912_1d3b6c6_enc-mode0	60	63	0	1174464.0	1174.464	31.40466666666667	39.35600000000001	37.86033333333332	31.354097	39.319845	37.81531499999999	66.06381355577187	1853427.0	30.89045	3343.32	1920	1080	60.0	8	6264c9facb08a97502597e7056637f5d	2243a756324af0b63fc1d4857e08419e	1920	1080	13146.0	6.0	9293.0	23978.0	False	False	0.9623206704854965	0.9505879216388918
aspen_1080p_60f	aspen_1080p_60f	svtav1	svtav1_20200912_1d3b6c6_enc-mode0	60	20	0	7365083.0	7365.083	43.80033333333334	48.02433333333332	49.25200000000003	43.780781	48.022054	49.249919	97.66628176498605	5863890.0	97.7315	11157.62	1920	1080	29.97	8	c2ea6dba76f5159ac5ae100559900ba6	be281a06a2e37c5b7d84604abb1013f0	1920	1080	9813.0	3.0	15089.0	22505.0	False	False	0.9959218472242355	0.9922703937098282
aspen_1080p_60f	aspen_1080p_60f	svtav1	svtav1_20200912_1d3b6c6_enc-mode0	60	32	0	2475669.0	2475.669	42.17366666666666	47.10166666666667	48.26649999999999	42.163135	47.099092	48.263168	94.07893907059028	3914368.0	65.23946666666667	7116.67	1920	1080	29.97	8	42b833c305b7b48fbd4988c637800da7	a46494f5b49a3465df95f07b40d8d066	1920	1080	9611.0	4.0	12617.0	23038.0	False	False	0.9941211233536402	0.9898191473830554
aspen_1080p_60f	aspen_1080p_60f	svtav1	svtav1_20200912_1d3b6c6_enc-mode0	60	43	0	1221457.0	1221.457	41.05300000000002	46.19249999999999	47.33833333333333	41.034357	46.187313	47.333691	90.01714985371243	3151828.0	52.53046666666667	5770.01	1920	1080	29.97	8	e496d233cfdac54758c12a2bb7020f4b	a031bb993960e8ea9d22600322765d20	1920	1080	9763.0	5.0	11844.0	24771.0	False	False	0.9921038885911305	0.9875617375430112
aspen_1080p_60f	aspen_1080p_60f	svtav1	svtav1_20200912_1d3b6c6_enc-mode0	60	55	0	592779.0	592.779	39.45783333333333	44.731333333333325	45.95783333333332	39.425453	44.721839	45.952151	83.22071070572392	1975832.0	32.93053333333334	3684.38	1920	1080	29.97	8	739ab5b69bdf9f7d8e65dcfd027ae1d2	6573c9306e1072e3b23ba254f0ec3432	1920	1080	9468.0	3.0	9337.0	22479.0	False	False	0.9880790462096533	0.9833410436776922
aspen_1080p_60f	aspen_1080p_60f	svtav1	svtav1_20200912_1d3b6c6_enc-mode0	60	63	0	208670.0	208.67	36.065000000000005	41.67733333333333	42.719500000000004	36.023109	41.66389	42.715595	64.70007818546557	1403896.0	23.398266666666668	2641.08	1920	1080	29.97	8	a9d351cb4c2b1630cd1add6378a6ac9d	cc6a355172ea9c9f4686e296a3a235c9	1920	1080	10197.0	5.0	8031.0	26805.0	False	False	0.9703433553377787	0.9662998077943968
dark720p_60f	dark720p_60f	svtav1	svtav1_20200912_1d3b6c6_enc-mode0	60	20	0	6267172.0	6267.172	45.73383333333334	42.77866666666667	44.28666666666667	45.703726	42.590435	44.197049	96.09479864757104	3276838.0	54.61396666666667	5911.29	1280	720	30.0	8	490e94f32fff1d3775bc27299d098fa3	df7ecd7c2de283e82dcf0fd986e8bcee	1280	720	4738.0	4.0	9712.0	10049.0	False	False	0.9939597348372141	0.9948134975215641
dark720p_60f	dark720p_60f	svtav1	svtav1_20200912_1d3b6c6_enc-mode0	60	32	0	1484576.0	1484.576	43.503000000000014	38.799499999999995	41.709333333333326	43.478967	38.758584	41.699994	93.43358846696775	2255448.0	37.5908	3854.16	1280	720	30.0	8	921c82f16c737c3c8e6c9810e65092b9	4f00c7f936aff36ef22c842166fcd61e	1280	720	5031.0	26.0	7301.0	10040.0	False	False	0.9914756466945013	0.9928506091923198
dark720p_60f	dark720p_60f	svtav1	svtav1_20200912_1d3b6c6_enc-mode0	60	43	0	327552.0	327.552	42.463833333333355	37.073833333333326	40.964666666666666	42.451102	37.070377	40.961996	91.42526718421527	1112728.0	18.545466666666666	2011.26	1280	720	30.0	8	49927fd486beba46388b1ee7f48d7173	fa211e9c813f3aea408cd17082636179	1280	720	4716.0	3.0	4722.0	9795.0	False	False	0.990092796087265	0.9917540547064715
dark720p_60f	dark720p_60f	svtav1	svtav1_20200912_1d3b6c6_enc-mode0	60	55	0	126004.0	126.004	41.01366666666669	36.378333333333345	39.99883333333334	41.007011	36.377136	39.99583599999999	87.24576142236286	652689.0	10.87815	1103.85	1280	720	30.0	8	35cb3144a2adeb051fc3169d8a850041	e47b146631cb0faf68638f999e10570f	1280	720	4990.0	4.0	3183.0	9875.0	False	False	0.9861286451419194	0.9887576334878668
dark720p_60f	dark720p_60f	svtav1	svtav1_20200912_1d3b6c6_enc-mode0	60	63	0	50144.0	50.144	37.482	34.78616666666666	38.00233333333333	37.475724	34.781374	37.997209	71.76167993594646	399852.0	6.6642	748.08	1280	720	30.0	8	2bce7d05fc5e332d2ca2977b649824b6	c674766bc3f9e2cd2c0b8013a9e533ff	1280	720	5344.0	4.0	2029.0	10283.0	False	False	0.9700206955273946	0.9763172072563637
gipsrestat720p_60f	gipsrestat720p_60f	svtav1	svtav1_20200912_1d3b6c6_enc-mode0	60	20	0	2795260.0	2795.26	44.7145	47.32383333333335	48.914833333333334	44.704461	47.32245	48.912573	96.88130228526774	1971692.0	32.861533333333334	3775.63	1280	720	50.0	8	e81c298ea36e462c60f9321bf250ad6f	48bc6e6edc3a661746c44cf8ab3e7c55	1280	720	5536.0	26.0	3178.0	10191.0	False	False	0.9975812832514445	0.9969065529784331
gipsrestat720p_60f	gipsrestat720p_60f	svtav1	svtav1_20200912_1d3b6c6_enc-mode0	60	32	0	1212426.0	1212.426	43.26349999999999	46.74833333333333	48.19316666666667	43.244532	46.746666	48.190669	95.77432729989188	1029125.0	17.152083333333334	2007.47	1280	720	50.0	8	b5066de3e6bfa17d062a1eb0d79007cb	7f34f404736c112e4345c0637cc72785	1280	720	5911.0	3.0	2363.0	9837.0	False	False	0.9966879516839982	0.9959952632629888
gipsrestat720p_60f	gipsrestat720p_60f	svtav1	svtav1_20200912_1d3b6c6_enc-mode0	60	43	0	732753.0	732.753	41.95333333333334	46.15833333333334	47.484666666666655	41.907631	46.15703799999999	47.481697000000004	94.3650681472602	785435.0	13.090583333333333	1519.64	1280	720	50.0	8	6a59d84e101d545517722046b55506a6	15ab3a7531946aa14b3f6f5dc7e5ab67	1280	720	6187.0	4.0	2112.0	10210.0	False	False	0.9954211900631587	0.994827051336354
gipsrestat720p_60f	gipsrestat720p_60f	svtav1	svtav1_20200912_1d3b6c6_enc-mode0	60	55	0	417073.0	417.073	39.99833333333333	44.97483333333332	46.04266666666667	39.95575999999999	44.97307	46.040514	91.5455994503245	718203.0	11.97005	1213.66	1280	720	50.0	8	d710c276b19800a0ea2b3353a6098084	54d7e640439adb0eb9da14476c61bc0b	1280	720	5849.0	5.0	2024.0	10501.0	False	False	0.9921024858951568	0.9919087152965875
gipsrestat720p_60f	gipsrestat720p_60f	svtav1	svtav1_20200912_1d3b6c6_enc-mode0	60	63	0	173726.0	173.726	35.8975	42.02183333333333	42.58099999999999	35.878053	42.020743	42.578625	80.94757675613938	436854.0	7.2809	842.74	1280	720	50.0	8	424a763a19fc312b31b966fa284a2f20	ea94a061b031e201f36135d5646df08b	1280	720	5680.0	5.0	1178.0	9799.0	False	False	0.9764650970697403	0.9788126618201899
shields_640x360_60f	shields_640x360_60f	svtav1	svtav1_20200912_1d3b6c6_enc-mode0	60	20	0	1960406.0	1960.406	42.09716666666666	44.78083333333335	46.33933333333333	41.962842	44.757874	46.262343	99.46102101655478	861689.0	14.361483333333334	1519.74	640	360	50.0	8	8eff92035971d87cbc8228be0f7e9548	9856ff2e6c6e155a903c5f357cb4b229	640	360	2477.0	4.0	1553.0	4792.0	False	False	0.9846706678469975	0.9981496906169832
shields_640x360_60f	shields_640x360_60f	svtav1	svtav1_20200912_1d3b6c6_enc-mode0	60	32	0	1202393.0	1202.393	40.638999999999996	43.86466666666667	45.434333333333306	40.444999	43.825885	45.325453	99.44279007515236	724020.0	12.067	1251.4	640	360	50.0	8	b58bba8cd6557cf4a4d3e07ad2d2b5a1	569bd46e2f09ee2e8094581bae6d7b4c	640	360	2686.0	4.0	1506.0	3196.0	False	False	0.9812809536854427	0.9976703736701726
shields_640x360_60f	shields_640x360_60f	svtav1	svtav1_20200912_1d3b6c6_enc-mode0	60	43	0	658553.0	658.553	38.13683333333333	41.365	43.09016666666666	37.868136	41.285159	42.926159	99.39753262201707	450875.0	7.514583333333333	846.72	640	360	50.0	8	e4c8ed40e14e58e5b0d13c31703eaa05	1f775e23df94e524488fc2646635e7c3	640	360	2475.0	3.0	1235.0	2921.0	False	False	0.9705697407325109	0.995952169788347
shields_640x360_60f	shields_640x360_60f	svtav1	svtav1_20200912_1d3b6c6_enc-mode0	60	55	0	334566.0	334.566	34.69833333333334	38.227000000000004	40.384499999999996	34.359193	38.069654	40.144313	96.04491932809658	320632.0	5.343866666666667	577.91	640	360	50.0	8	0abec82ce5e9ebf099b1885421b47878	4ff700ea1969c7487a213abf7df7d7eb	640	360	2437.0	2.0	1038.0	2974.0	False	False	0.9439691851536433	0.9908861006435377
shields_640x360_60f	shields_640x360_60f	svtav1	svtav1_20200912_1d3b6c6_enc-mode0	60	63	0	92586.0	92.586	27.927833333333336	34.09116666666666	35.77483333333335	27.424473	33.870498	35.389065	69.20335310185983	224747.0	3.7457833333333332	390.19	640	360	50.0	8	3a742de3c8d489eb57bc98260e3bf848	fe34c7031a9a6fd446404cf9e19083ad	640	360	2692.0	3.0	778.0	2939.0	False	False	0.7877948264280955	0.943269274344935
speed_bag_640x360_60f	speed_bag_640x360_60f	svtav1	svtav1_20200912_1d3b6c6_enc-mode0	60	20	0	443372.0	443.372	47.02933333333333	49.75216666666666	51.128000000000014	46.937726	49.682613999999994	51.06207299999999	98.3272549791514	618140.0	10.302333333333333	1112.56	640	360	29.97	8	ad3472ae9d5a4af32ff5ae26818acf70	cf6ebc35aab68cb4360586336c6388c6	640	360	1408.0	4.0	1507.0	2987.0	False	False	0.9890969554583232	0.9975658264250616
speed_bag_640x360_60f	speed_bag_640x360_60f	svtav1	svtav1_20200912_1d3b6c6_enc-mode0	60	32	0	234311.0	234.311	45.06066666666667	48.255500000000005	49.75983333333334	44.936807	48.169819	49.668793	97.39591251768448	519501.0	8.65835	899.38	640	360	29.97	8	c625e9cddcca2cbd2209d7d2e8f0f132	be38c57fd00ef665c35d25e3a79a2ca3	640	360	1492.0	4.0	1387.0	2971.0	False	False	0.9856112490097682	0.9961583213648549
speed_bag_640x360_60f	speed_bag_640x360_60f	svtav1	svtav1_20200912_1d3b6c6_enc-mode0	60	43	0	135198.0	135.198	43.039833333333334	46.53533333333332	48.51199999999999	42.852545	46.442912	48.374691	94.97536855932465	313962.0	5.2327	578.12	640	360	29.97	8	b377093bd9998e9eef6e6cb61d4dfc27	456e42c853e6414689336913a1f7e824	640	360	1465.0	2.0	1159.0	3313.0	False	False	0.981590802470843	0.9940559406456522
speed_bag_640x360_60f	speed_bag_640x360_60f	svtav1	svtav1_20200912_1d3b6c6_enc-mode0	60	55	0	70660.0	70.66	40.02616666666667	44.0065	46.4515	39.797256	43.903729	46.247637000000005	86.88607674038617	241601.0	4.026683333333334	421.26	640	360	29.97	8	9be22af18edefce348d8a04cbe9ff312	634d29a53144f601eec2c790a048461d	640	360	1492.0	3.0	982.0	2893.0	False	False	0.9729882737000783	0.9888571838713662
speed_bag_640x360_60f	speed_bag_640x360_60f	svtav1	svtav1_20200912_1d3b6c6_enc-mode0	60	63	0	31990.0	31.99	35.37533333333333	40.62416666666666	43.45083333333333	35.16246	40.541892	43.212799	64.13831312307337	161771.0	2.6961833333333334	298.59	640	360	29.97	8	c79e9ea575a0db0bdebc798d4fcfe5ae	4745408b622eba11f7f21c5da9d5a751	640	360	1405.0	4.0	781.0	2885.0	False	False	0.9516223390897115	0.969981207283821
thaloundeskmtg360p_60f	thaloundeskmtg360p_60f	svtav1	svtav1_20200912_1d3b6c6_enc-mode0	60	20	0	844948.0	844.948	44.82566666666667	48.72816666666666	48.70016666666667	44.600466	48.660547	48.661709	97.0865342565209	640593.0	10.67655	1191.8	640	360	30.0	8	69269a32394b0ee11f7d91b61c46afb1	5f56f0ac04ce5547eae3ae208f9ecaa6	640	360	1698.0	4.0	1100.0	2941.0	False	False	0.9926854997873307	0.9984681088698396
thaloundeskmtg360p_60f	thaloundeskmtg360p_60f	svtav1	svtav1_20200912_1d3b6c6_enc-mode0	60	32	0	459268.0	459.268	43.32616666666667	47.505833333333335	47.54966666666667	43.013691	47.43675	47.508901	96.10151952849681	627331.0	10.455516666666666	1156.84	640	360	30.0	8	d87ca9613e8a78c323a5cef4a82c0f98	5cf590081bb3d133708155a777b9477b	640	360	1841.0	4.0	905.0	3147.0	False	False	0.9906027495861054	0.9978168631014905
thaloundeskmtg360p_60f	thaloundeskmtg360p_60f	svtav1	svtav1_20200912_1d3b6c6_enc-mode0	60	43	0	266044.0	266.044	41.47149999999999	46.068500000000014	46.09216666666667	41.045597	46.013317	46.055285	94.21728061353897	430069.0	7.167816666666667	841.69	640	360	30.0	8	1b0d7077b590fb700eaabc2eac2a22cd	50fc170acfa69560ed7811aca2f9ccbb	640	360	1892.0	7.0	777.0	3172.0	False	False	0.9872749735911687	0.996679449424148
thaloundeskmtg360p_60f	thaloundeskmtg360p_60f	svtav1	svtav1_20200912_1d3b6c6_enc-mode0	60	55	0	144452.0	144.45199999999997	38.575833333333335	43.53916666666668	43.56716666666667	38.178544	43.512321	43.526563	89.61482428661994	265494.0	4.4249	450.61	640	360	30.0	8	af703fd687bc46cc23f38c95984dd81d	3a63799a4d3730f8a9766d616bd339c7	640	360	1772.0	6.0	632.0	3382.0	False	False	0.9798845440149307	0.993812558198719
thaloundeskmtg360p_60f	thaloundeskmtg360p_60f	svtav1	svtav1_20200912_1d3b6c6_enc-mode0	60	63	0	59948.0	59.948	33.64716666666667	39.26266666666667	39.29933333333333	33.361422	39.229106	39.25916399999999	75.01645655495521	177297.0	2.95495	276.55	640	360	30.0	8	c8af03075ecf3c966b3984c38fbb2ab6	424c5f631eaf549282f7b7fb9fe3de42	640	360	1735.0	4.0	492.0	2961.0	False	False	0.9540826539198558	0.9815394613244491
vidyo1_720p_60fps_60f	vidyo1_720p_60fps_60f	svtav1	svtav1_20200912_1d3b6c6_enc-mode0	60	20	0	3481312.0	3481.312	45.54816666666667	48.1265	49.46366666666668	45.536908	48.123985	49.462331999999996	96.51128349268392	1960348.0	32.672466666666665	3605.66	1280	720	60.0	8	e15593daecf5c857a016bfc9c37cac30	9c9f48890f173414ef3a60a8e1dc7f04	1280	720	5179.0	4.0	3104.0	9942.0	False	False	0.9976299951473871	0.9970028528042844
vidyo1_720p_60fps_60f	vidyo1_720p_60fps_60f	svtav1	svtav1_20200912_1d3b6c6_enc-mode0	60	32	0	1352280.0	1352.28	44.07316666666667	47.57450000000003	48.759	44.065424	47.573003	48.757941	95.29105982943443	1086388.0	18.106466666666666	2137.21	1280	720	60.0	8	7a13ee0abb55576041513b19f8234876	a523c7ef5f851d5ad2db0e288fce9938	1280	720	5138.0	2.0	2619.0	9743.0	False	False	0.9961633175611496	0.9955778431639924
vidyo1_720p_60fps_60f	vidyo1_720p_60fps_60f	svtav1	svtav1_20200912_1d3b6c6_enc-mode0	60	43	0	718944.0	718.944	42.75883333333334	46.92433333333335	47.89233333333333	42.754328	46.922858	47.89207	93.52546601059983	831782.0	13.863033333333334	1511.43	1280	720	60.0	8	61cd2c3c8c97ed0509ae064c07027588	fbb27c64d54ef67ad99fa9327c74cf4d	1280	720	4853.0	4.0	2322.0	10202.0	False	False	0.9943857043981552	0.9940197859131122
vidyo1_720p_60fps_60f	vidyo1_720p_60fps_60f	svtav1	svtav1_20200912_1d3b6c6_enc-mode0	60	55	0	386192.0	386.192	40.82466666666666	45.86716666666666	46.57833333333333	40.818519	45.865264	46.577625	89.52902502014958	584473.0	9.741216666666666	1064.74	1280	720	60.0	8	9454965e05c7aa98327488d8315f6747	d7138745033217e1fe6359861d09f559	1280	720	5143.0	4.0	2072.0	10374.0	False	False	0.9904015183448791	0.9907289964756687
vidyo1_720p_60fps_60f	vidyo1_720p_60fps_60f	svtav1	svtav1_20200912_1d3b6c6_enc-mode0	60	63	0	161696.0	161.696	36.825666666666656	43.31133333333334	43.486833333333344	36.813886	43.310314	43.48442	76.24318038277876	417327.0	6.95545	806.48	1280	720	60.0	8	c731a03f107a219d056c3edcd19ba174	f8b0959f625d6e9afdce4494b2697130	1280	720	5091.0	4.0	1823.0	9781.0	False	False	0.9724387198686599	0.976595548191682
Cosmos1_1920x856_BT2100_PQ_24fps	Cosmos1_1920x856_BT2100_PQ_24fps	svtav1	svtav1_20200912_1d3b6c6_enc-mode0	60	20	0	21181129.0	21181.129	41.60350000000001	44.76099999999999	47.455333333333336	41.551213	44.725065	47.43113	99.2480969307864	10226706.0	170.4451	18103.4	1920	856	24.0	10	81740fe1db60a3c52792d9c392f1190a	e92d172f5e827a83314a25cc7d7e804c	1920	856	19715.0	4.0	29565.0	19902.0	False	False	0.9965566257635753	0.995783256508895
Cosmos1_1920x856_BT2100_PQ_24fps	Cosmos1_1920x856_BT2100_PQ_24fps	svtav1	svtav1_20200912_1d3b6c6_enc-mode0	60	32	0	8053328.0	8053.328	37.83083333333334	42.87916666666668	45.93450000000001	37.78094	42.842576	45.907978	94.50228882601671	6973183.0	116.21971666666667	12957.38	1920	856	24.0	10	6aa1b5112ca86903340dd2b6753d6d53	41616b9a3851e3d5b408511056a25c6a	1920	856	17329.0	4.0	18672.0	17769.0	False	False	0.991412878036499	0.9903566881921378
Cosmos1_1920x856_BT2100_PQ_24fps	Cosmos1_1920x856_BT2100_PQ_24fps	svtav1	svtav1_20200912_1d3b6c6_enc-mode0	60	43	0	3403904.0	3403.904	35.476	41.54083333333333	44.86150000000001	35.421317	41.499177	44.833712	84.89229345058428	5325625.0	88.76041666666667	9333.52	1920	856	24.0	10	af2f8a14983d96d6c1bf62bf20b69709	ba5ae3c8e9659c52da8d18ae2dcb9a68	1920	856	17568.0	3.0	14440.0	17833.0	False	False	0.981218280394872	0.9810245524438824
Cosmos1_1920x856_BT2100_PQ_24fps	Cosmos1_1920x856_BT2100_PQ_24fps	svtav1	svtav1_20200912_1d3b6c6_enc-mode0	60	55	0	1428134.0	1428.1340000000002	33.07233333333332	40.00783333333334	43.37299999999998	32.998956	39.969921	43.349396	68.12489963128861	3785680.0	63.09466666666667	6763.31	1920	856	24.0	10	fd4925ad8cf77025c0737eed33b2e746	498048cc152de82028febc2a35a21711	1920	856	17886.0	4.0	11284.0	17855.0	False	False	0.9563049664100011	0.9597309336707268
Cosmos1_1920x856_BT2100_PQ_24fps	Cosmos1_1920x856_BT2100_PQ_24fps	svtav1	svtav1_20200912_1d3b6c6_enc-mode0	60	63	0	308329.0	308.329	29.392833333333332	37.512166666666666	40.54400000000002	29.326361	37.470693	40.519533	35.26416547186724	1820569.0	30.342816666666668	3563.63	1920	856	24.0	10	4e79c8b9c97d39f16a4bd4f08287ff61	fea6fb26a8dc7461abab06cd6f17f8b3	1920	856	18388.0	5.0	7628.0	17830.0	False	False	0.8529449502627054	0.8753085909154612
Netflix_FoodMarket_1920x1080_60f	Netflix_FoodMarket_1920x1080_60f	svtav1	svtav1_20200912_1d3b6c6_enc-mode0	60	20	0	18305016.0	18305.016	40.903833333333345	44.81300000000002	45.588499999999996	40.892294	44.811004	45.587767	98.96831562980216	8384132.0	139.73553333333334	15668.28	1920	1080	60.0	8	f25c7540f864b37ddbd802df58e0f4c6	faded5dc69d13fd788969c1beffbd179	1920	1080	13550.0	3.0	17502.0	23981.0	False	False	0.9949641545613607	0.9893487925589641
Netflix_FoodMarket_1920x1080_60f	Netflix_FoodMarket_1920x1080_60f	svtav1	svtav1_20200912_1d3b6c6_enc-mode0	60	32	0	7285608.0	7285.607999999999	39.87283333333333	44.144166666666656	45.08083333333334	39.865517	44.140677	45.079374	96.28455725754935	5399697.0	89.99495	9650.35	1920	1080	60.0	8	7fe758cb3444a468f20e3ac7944f5413	9cd529190ba1c93f18aa131a99281a3a	1920	1080	13049.0	4.0	13368.0	24016.0	False	False	0.9925444314877192	0.9859234059555873
Netflix_FoodMarket_1920x1080_60f	Netflix_FoodMarket_1920x1080_60f	svtav1	svtav1_20200912_1d3b6c6_enc-mode0	60	43	0	3861568.0	3861.568	38.78733333333333	43.38866666666666	44.43750000000001	38.771842	43.383914	44.435726	92.41406061892806	3471832.0	57.86386666666667	6304.26	1920	1080	60.0	8	791fbbe1418107877613108a4171288a	4b28f0893e115ef572704f5ee9af194f	1920	1080	12244.0	4.0	11768.0	24061.0	False	False	0.9891071359316508	0.9814207951422724
Netflix_FoodMarket_1920x1080_60f	Netflix_FoodMarket_1920x1080_60f	svtav1	svtav1_20200912_1d3b6c6_enc-mode0	60	55	0	1793520.0	1793.52	36.87549999999999	42.220666666666666	43.34766666666667	36.850427	42.21332300000001	43.34237	83.15932351968667	2051691.0	34.19485	3951.25	1920	1080	60.0	8	1382dbad37c594083445d4942395775e	65d90a5485bd0cc2778f3a0e7615ef7a	1920	1080	12646.0	3.0	9417.0	22712.0	False	False	0.9779586027065913	0.968882522671959
Netflix_FoodMarket_1920x1080_60f	Netflix_FoodMarket_1920x1080_60f	svtav1	svtav1_20200912_1d3b6c6_enc-mode0	60	63	0	546040.0	546.04	33.29266666666667	40.14650000000001	40.95450000000001	33.260211	40.131682	40.945969	57.72109179076868	1448580.0	24.143	2734.26	1920	1080	60.0	8	f67987db239c5279815a9fa2341f36d7	de09555184757b42db6b1905d00db9ed	1920	1080	12115.0	6.0	8102.0	23399.0	False	False	0.9273955941200256	0.9217461143471213
Netflix_RollerCoaster_1280x720_6	Netflix_RollerCoaster_1280x720_6	svtav1	svtav1_20200912_1d3b6c6_enc-mode0	60	20	0	7547192.0	7547.192	44.61933333333334	46.43733333333332	46.48866666666666	44.600867	46.430882	46.483887	99.91147825569563	2818181.0	46.969683333333336	5149.78	1280	720	60.0	8	c28712803173b36de3fc9390b51f09c4	9a9f9040e516a45771a564b884fb531a	1280	720	5583.0	5.0	7395.0	9944.0	False	False	0.9978309253851573	0.9974323923970446
Netflix_RollerCoaster_1280x720_6	Netflix_RollerCoaster_1280x720_6	svtav1	svtav1_20200912_1d3b6c6_enc-mode0	60	32	0	4032504.0	4032.504	42.545333333333325	44.91033333333333	45.31283333333334	42.506591	44.900721	45.307385	99.81944986100555	2344713.0	39.07855	4174.21	1280	720	60.0	8	6703cde1008055ca27a1c9e5dba015c3	af4396111769ae1ab4b008b006810630	1280	720	5738.0	3.0	6437.0	9655.0	False	False	0.9964636325836181	0.9959815335126065
Netflix_RollerCoaster_1280x720_6	Netflix_RollerCoaster_1280x720_6	svtav1	svtav1_20200912_1d3b6c6_enc-mode0	60	43	0	2178712.0	2178.712	40.31500000000002	43.1795	43.94649999999999	40.262911	43.164439	43.939209	97.93068267044463	1591611.0	26.52685	2875.35	1280	720	60.0	8	c0b27b90ac931390e24f21ff0d9811ea	da9e1c51fcc7fcddd76395921826690a	1280	720	5662.0	3.0	5739.0	10077.0	False	False	0.9937690615653991	0.9932368252982434
Netflix_RollerCoaster_1280x720_6	Netflix_RollerCoaster_1280x720_6	svtav1	svtav1_20200912_1d3b6c6_enc-mode0	60	55	0	1053280.0	1053.28	37.34199999999999	40.67483333333334	41.97816666666668	37.298105	40.644307	41.960435	90.41210974244544	1195798.0	19.929966666666665	2149.11	1280	720	60.0	8	cd4b49c9efe1bd9900ac2013ba0df7be	28ae92f8848a51ee6a0bf94f444c88f1	1280	720	5954.0	2.0	6203.0	11153.0	False	False	0.9857895642518997	0.9856449346804348
Netflix_RollerCoaster_1280x720_6	Netflix_RollerCoaster_1280x720_6	svtav1	svtav1_20200912_1d3b6c6_enc-mode0	60	63	0	357272.0	357.272	32.60366666666667	36.568333333333335	38.80783333333332	32.555135	36.497568	38.764749	64.8492639870611	686844.0	11.4474	1311.8	1280	720	60.0	8	a18b963d97612a77576496d518a7d164	9f123925b662a7b4f0d8cb367b93cee7	1280	720	5443.0	4.0	4680.0	9783.0	False	False	0.9499873071908951	0.9559111269331524
STARCRAFT_60f_420	STARCRAFT_60f_420	svtav1	svtav1_20200912_1d3b6c6_enc-mode0	60	20	0	7956360.0	7956.36	50.8545	53.66666666666667	53.677	50.842905	53.657077	53.672401	97.68757355867848	1860147.0	31.00245	3663.3	1920	1080	60.0	8	fdbd57e083042766c45acbeaa983e081	4fc33f317b637c344ee0bd53a48e3827	1920	1080	11188.0	7.0	3056.0	23028.0	False	False	0.9996705363194148	0.999356887385466
STARCRAFT_60f_420	STARCRAFT_60f_420	svtav1	svtav1_20200912_1d3b6c6_enc-mode0	60	32	0	5025728.0	5025.728	48.17566666666667	51.90049999999998	51.99366666666668	48.158459	51.884236	51.986045	97.17405570311307	1853632.0	30.893866666666668	3446.04	1920	1080	60.0	8	fe7d60b24808758b0774ff53bf18b81d	087f0ef2a5cf0a09acefac067e03e261	1920	1080	11652.0	3.0	3091.0	24738.0	False	False	0.9993804673353831	0.9988611617401034
STARCRAFT_60f_420	STARCRAFT_60f_420	svtav1	svtav1_20200912_1d3b6c6_enc-mode0	60	43	0	2946600.0	2946.6	44.87616666666667	49.528	49.71016666666665	44.849891	49.507103	49.701973	96.02643418395195	1561702.0	26.028366666666667	2919.16	1920	1080	60.0	8	a7935a0d5d303031c1d763bf3295da4d	a1294174669454d53c0187013d27c927	1920	1080	11536.0	4.0	3157.0	24554.0	False	False	0.9986024061838786	0.9975806713277416
STARCRAFT_60f_420	STARCRAFT_60f_420	svtav1	svtav1_20200912_1d3b6c6_enc-mode0	60	55	0	1450136.0	1450.136	40.62583333333334	46.27783333333333	46.38933333333333	40.60714	46.260834	46.382504	92.87771356804973	1049857.0	17.497616666666666	2013.39	1920	1080	60.0	8	b2ce21b815c1082a708d41e92f2718ad	3aac35f9779d69c1eea7318ae2341b6c	1920	1080	11311.0	23.0	2617.0	23019.0	False	False	0.9956414004166921	0.9933036545259967
STARCRAFT_60f_420	STARCRAFT_60f_420	svtav1	svtav1_20200912_1d3b6c6_enc-mode0	60	63	0	503464.0	503.464	35.06066666666666	41.800000000000004	41.88566666666666	35.050239	41.782762	41.877909	81.38272140370489	829818.0	13.8303	1487.01	1920	1080	60.0	8	ace3f413dc3a0e2e977bd4e34f1a1bc2	e23b08329666a5c4290b522011434f30	1920	1080	11293.0	6.0	2371.0	23047.0	False	False	0.9819149454434712	0.9762866792301459
red_kayak_360p_60f	red_kayak_360p_60f	svtav1	svtav1_20200912_1d3b6c6_enc-mode0	60	20	0	9064843.0	9064.843	41.2	44.67866666666666	49.311166666666665	41.028719	44.58748	49.280472	99.93104140936754	3067090.0	51.11816666666667	5273.41	640	360	29.97	8	3b5d3589ec15b51c4947926f5d3cb76e	e2eec5a07565f60dfc3a80395f3a6efb	640	360	2133.0	3.0	3889.0	4351.0	False	False	0.972570593158404	0.9945238438673647
red_kayak_360p_60f	red_kayak_360p_60f	svtav1	svtav1_20200912_1d3b6c6_enc-mode0	60	32	0	5303214.0	5303.213999999999	36.54766666666668	42.15883333333333	48.03483333333333	36.335373	42.072414	48.00898399999999	99.65426569677452	1766940.0	29.449	3479.39	640	360	29.97	8	eb87c51140bd387b29ac1d8bf4f1cddc	141e558b8f58da9df26a7a2151fd4865	640	360	2481.0	4.0	3370.0	2918.0	False	False	0.9399497677882512	0.9863159751439354
red_kayak_360p_60f	red_kayak_360p_60f	svtav1	svtav1_20200912_1d3b6c6_enc-mode0	60	43	0	2437947.0	2437.947	31.97233333333334	39.88749999999998	47.03950000000001	31.753234	39.810064	47.000124	86.65866900280771	1917378.0	31.9563	3419.75	640	360	29.97	8	ad00d27de77e0191f200aa4670c2e2e6	ad496b1477efbc5345e7fb9785e01346	640	360	2056.0	4.0	3015.0	3072.0	False	False	0.8702210088570913	0.9660904704729383
red_kayak_360p_60f	red_kayak_360p_60f	svtav1	svtav1_20200912_1d3b6c6_enc-mode0	60	55	0	741939.0	741.939	28.08266666666667	37.88766666666667	45.73183333333332	27.959542	37.851101	45.619671	59.15678071701643	1093355.0	18.222583333333333	1842.83	640	360	29.97	8	ea76e9313a2c7e7cf650dc842a495432	367b5989117fdea7d25afbe36391d71e	640	360	2046.0	3.0	2227.0	3109.0	False	False	0.755034617582957	0.9187750926110322
red_kayak_360p_60f	red_kayak_360p_60f	svtav1	svtav1_20200912_1d3b6c6_enc-mode0	60	63	0	114791.0	114.791	25.21833333333334	35.997499999999995	43.403	25.176256	35.962697	43.224101	18.90008806069208	489194.0	8.153233333333333	885.73	640	360	29.97	8	c200ac2ffca8b2e445320be9ccf0f633	bac743de701389aa5460cfed3ec3a009	640	360	1950.0	4.0	1786.0	3019.0	False	False	0.6388264954090118	0.8120176187731972
vidyo4_720p_60fps_60f	vidyo4_720p_60fps_60f	svtav1	svtav1_20200912_1d3b6c6_enc-mode0	60	20	0	4291088.0	4291.088	44.06183333333333	49.88450000000002	50.19000000000002	44.02567	49.881594	50.187873	97.62846924657416	2757573.0	45.95955	5014.35	1280	720	60.0	8	14308b27e406c5b75413b20fe5533dbe	4f9f295b6302aef4d516f2bb91c1189d	1280	720	5598.0	3.0	4708.0	9722.0	False	False	0.9962683409452439	0.9954687418179784
vidyo4_720p_60fps_60f	vidyo4_720p_60fps_60f	svtav1	svtav1_20200912_1d3b6c6_enc-mode0	60	32	0	1682584.0	1682.584	42.754166666666656	49.273499999999984	49.57466666666668	42.71881700000001	49.269109	49.571741	96.37682664332088	1437823.0	23.963716666666667	2528.87	1280	720	60.0	8	d129a0efc61e0575bad1c7a979bf55f5	8d7fc719330fc7d0aa81afdce0930ec4	1280	720	5141.0	3.0	3717.0	10772.0	False	False	0.994586052497228	0.9937937422670335
vidyo4_720p_60fps_60f	vidyo4_720p_60fps_60f	svtav1	svtav1_20200912_1d3b6c6_enc-mode0	60	43	0	945480.0	945.48	41.625499999999995	48.612	48.87983333333332	41.581544	48.605497	48.874938	94.72503185159547	1105427.0	18.423783333333333	2070.34	1280	720	60.0	8	7caf515304ded4437da89544fa6f4a4b	0a77de934e03c20987d8c93c4d0dbb35	1280	720	5128.0	8.0	3008.0	10102.0	False	False	0.9923512816429139	0.9917993152036295
vidyo4_720p_60fps_60f	vidyo4_720p_60fps_60f	svtav1	svtav1_20200912_1d3b6c6_enc-mode0	60	55	0	468832.0	468.832	39.654833333333336	47.1805	47.426	39.594413	47.168214	47.415779	90.57175251148395	664562.0	11.076033333333333	1237.61	1280	720	60.0	8	5a1c64961d7d2f051472931c3ac898fc	9232a288e1cb62d5b13197ce855c8ac4	1280	720	5338.0	6.0	2474.0	10056.0	False	False	0.9856605549653371	0.9863520782321854
vidyo4_720p_60fps_60f	vidyo4_720p_60fps_60f	svtav1	svtav1_20200912_1d3b6c6_enc-mode0	60	63	0	176568.0	176.568	35.86683333333334	43.88566666666668	44.08400000000001	35.769418	43.861782	44.061062	76.72631404475615	707705.0	11.795083333333332	1325.12	1280	720	60.0	8	8a1151dee7a0fd9f1e33c49ff93cbd22	3d83c8e89d0186644ba3bbd40f66ac51	1280	720	5721.0	6.0	2304.0	11055.0	False	False	0.9613901078701019	0.9675102531025601
wikipedia_420	wikipedia_420	svtav1	svtav1_20200912_1d3b6c6_enc-mode0	60	20	0	1921072.0	1921.072	57.667666666666655	53.48283333333333	54.22466666666663	57.653601	53.146388	54.089382	99.8365720529958	2983991.0	49.733183333333336	5372.62	1920	1080	30.0	8	988514e4f940e49a399db6c812a0cceb	9c1b5eb7a9ab408ae931382a346dd735	1920	1080	8993.0	4.0	2437.0	23356.0	False	False	0.9994692464669546	0.9993057631139574
wikipedia_420	wikipedia_420	svtav1	svtav1_20200912_1d3b6c6_enc-mode0	60	32	0	1056708.0	1056.708	52.359333333333325	51.05016666666667	52.20916666666669	52.34816	50.73946	52.139345	99.82919129840948	1798188.0	29.9698	3246.55	1920	1080	30.0	8	641bea9a465565cc2328d82253e5fc8d	550e6a535c3261a9e1f91bae711667e6	1920	1080	10018.0	4.0	1995.0	23111.0	False	False	0.9992181142171224	0.9987580695614798
wikipedia_420	wikipedia_420	svtav1	svtav1_20200912_1d3b6c6_enc-mode0	60	43	0	643372.0	643.372	49.25233333333334	48.94783333333332	50.300333333333334	49.236932	48.785232	50.259941	99.79841330664878	1348710.0	22.4785	2616.35	1920	1080	30.0	8	76116b904e695c501b73668b29f474a4	85feab4809d122f8f6a04037428b2929	1920	1080	8865.0	4.0	2453.0	22690.0	False	False	0.9987695733706157	0.9980367982592476
wikipedia_420	wikipedia_420	svtav1	svtav1_20200912_1d3b6c6_enc-mode0	60	55	0	448988.0	448.988	45.50583333333334	46.34016666666668	47.87233333333334	45.487068	46.296155	47.846926	99.68579045318897	1417114.0	23.618566666666666	2513.82	1920	1080	30.0	8	f525d8a2470bcb7334685c191236cc67	c3d585c9cb900690a74bf5f46d9e38c8	1920	1080	9129.0	3.0	2720.0	27118.0	False	False	0.9983184297879537	0.9975060483081524
wikipedia_420	wikipedia_420	svtav1	svtav1_20200912_1d3b6c6_enc-mode0	60	63	0	271928.0	271.928	38.349999999999994	42.31166666666668	43.087666666666664	38.326507	42.300338	43.005232	98.30768359485428	996597.0	16.60995	1837.77	1920	1080	30.0	8	bc2ed2a69b864d1f40252830496d6e12	3afbb63c96d418e3a618bd10b3c19276	1920	1080	8807.0	3.0	2479.0	23201.0	False	False	0.9955045839150747	0.9945779009749838
ducks_1920x1080_50fps_10b	ducks_1920x1080_50fps_10b	svtav1	svtav1_20200912_1d3b6c6_enc-mode0	60	20	0	107729300.0	107729.3	38.72583333333332	38.980999999999995	41.355666666666664	38.637262	38.961698	41.352349	98.4307190774788	10175021.0	169.58368333333334	18155.17	1920	1080	50.0	10	cdd8a20a510db5501041aa37ac021abe	3d456482bc97e2a108e580ccceabc388	1920	1080	21976.0	4.0	39935.0	24046.0	False	False	0.998735295732816	0.9956265944591255
ducks_1920x1080_50fps_10b	ducks_1920x1080_50fps_10b	svtav1	svtav1_20200912_1d3b6c6_enc-mode0	60	32	0	27912626.0	27912.626	34.97333333333334	36.874333333333325	40.00316666666665	34.955178	36.867464	39.998364	92.97356419568744	7869337.0	131.15561666666667	15376.92	1920	1080	50.0	10	6f3ad6698b1064376a804f0888c4e34a	a18bfa83f2e0fd5a82e6205e7ff34c8a	1920	1080	22203.0	4.0	26393.0	23609.0	False	False	0.9963966170946758	0.98961805127277
ducks_1920x1080_50fps_10b	ducks_1920x1080_50fps_10b	svtav1	svtav1_20200912_1d3b6c6_enc-mode0	60	43	0	11139706.0	11139.706	33.22816666666667	35.375833333333325	38.887666666666675	33.215053	35.350008	38.878883	85.12444301416151	7318929.0	121.98215	13427.77	1920	1080	50.0	10	11fc4457b57ce6e119adeea31bbd9aae	02276a2ea9996caa826be212b2776ee2	1920	1080	24234.0	4.0	20145.0	23847.0	False	False	0.9916456311941146	0.9824190774525744
ducks_1920x1080_50fps_10b	ducks_1920x1080_50fps_10b	svtav1	svtav1_20200912_1d3b6c6_enc-mode0	60	55	0	4735026.0	4735.026	31.13833333333334	33.751000000000005	37.78600000000001	31.105361	33.71065	37.779901	71.32685859014404	4698238.0	78.30396666666667	8431.07	1920	1080	50.0	10	6019d53500c3e7397cf0529627ca403b	d2727de8432316be56995e4ada28798f	1920	1080	22238.0	11.0	16423.0	23735.0	False	False	0.979493361711502	0.9670863168892393
ducks_1920x1080_50fps_10b	ducks_1920x1080_50fps_10b	svtav1	svtav1_20200912_1d3b6c6_enc-mode0	60	63	0	1343400.0	1343.4	27.79083333333333	31.322666666666667	36.19516666666667	27.746776	31.300247	36.192999	44.01171866910056	3213086.0	53.551433333333335	5468.58	1920	1080	50.0	10	1238fcddd9df51d2ee23d369e5e1ad12	4826c9e87cc0dfa11bb0f0fbd3b781b6	1920	1080	22505.0	9.0	12484.0	24858.0	False	False	0.9338558743397395	0.9166662278859032
MINECRAFT_60f_420	MINECRAFT_60f_420	svtav1	svtav1_20200912_1d3b6c6_enc-mode0	60	20	0	79117304.0	79117.304	42.56533333333332	45.359000000000016	45.95233333333336	42.427466	45.247694	45.857834	99.93929219266211	8278725.0	137.97875	14757.3	1920	1080	60.0	8	11a08d28f1df586095b6de01fb2f7075	14a1976f56b51adc4b60e8b0cce5e5c2	1920	1080	14069.0	5.0	27900.0	23501.0	False	False	0.9979194362958272	0.9964791107141043
MINECRAFT_60f_420	MINECRAFT_60f_420	svtav1	svtav1_20200912_1d3b6c6_enc-mode0	60	32	0	42720648.0	42720.648	37.85466666666668	43.35533333333335	43.839000000000006	37.69441199999999	43.273903	43.765045	99.79746470689933	8066812.0	134.44686666666666	14002.44	1920	1080	60.0	8	145063064810a1011244fe89eec8043a	cfe3f6cf8cf0e7caf437f379d9624fc6	1920	1080	15117.0	10.0	23921.0	23466.0	False	False	0.9943635811408361	0.9903848428230014
MINECRAFT_60f_420	MINECRAFT_60f_420	svtav1	svtav1_20200912_1d3b6c6_enc-mode0	60	43	0	19156632.0	19156.632	34.17383333333333	41.80483333333332	42.13666666666665	34.003847	41.73388	42.080818	95.18622394707855	5783664.0	96.3944	10481.25	1920	1080	60.0	8	bc675d1ba793b4bce2cf8b93fe7c9782	cb70f0f14f7afe85d3cb3554f4885f8c	1920	1080	14332.0	10.0	17282.0	23425.0	False	False	0.9861855914195379	0.9777630456676442
MINECRAFT_60f_420	MINECRAFT_60f_420	svtav1	svtav1_20200912_1d3b6c6_enc-mode0	60	55	0	6712792.0	6712.792	30.96883333333333	39.74899999999999	39.71799999999999	30.870719	39.70134500000001	39.677397	80.47394566833236	4600091.0	76.66818333333333	7283.44	1920	1080	60.0	8	e2aa46826d0f5788d508b991398cac31	1f70e51ffe8e92c90c18dc003162478f	1920	1080	15907.0	9.0	13372.0	24613.0	False	False	0.962468895316124	0.9460379321294979
MINECRAFT_60f_420	MINECRAFT_60f_420	svtav1	svtav1_20200912_1d3b6c6_enc-mode0	60	63	0	1267784.0	1267.784	27.246000000000013	36.370666666666665	36.737500000000004	27.182375	36.354736	36.693718	48.11755872625286	2301315.0	38.35525	4064.87	1920	1080	60.0	8	f0b36f9b3ade97f980e8837e5ba41633	2ae1b7253d75a7606e31a4fd4cfcc4db	1920	1080	14000.0	5.0	8379.0	25303.0	False	False	0.8483232537905375	0.8321737829290549
Netflix_Boat_1920x1080_60fps_8bi	Netflix_Boat_1920x1080_60fps_8bi	svtav1	svtav1_20200912_1d3b6c6_enc-mode0	60	20	0	25230784.0	25230.784	43.27833333333333	45.483500000000014	46.88483333333334	43.261978	45.469847	46.877385	99.90779550178392	6228067.0	103.80111666666667	10678.66	1920	1080	60.0	8	74ec4f4cf20258def5e01af6f4728e83	0e56b0c008efb9ad75db913c3f0c7a55	1920	1080	13887.0	3.0	14145.0	24414.0	False	False	0.9992761611938477	0.9984805312003123
Netflix_Boat_1920x1080_60fps_8bi	Netflix_Boat_1920x1080_60fps_8bi	svtav1	svtav1_20200912_1d3b6c6_enc-mode0	60	32	0	14662312.0	14662.312	40.883	44.04783333333333	45.1105	40.85567	44.028584	45.102574	99.4755261382705	5072606.0	84.54343333333334	8698.32	1920	1080	60.0	8	e9f52a6fe2019f00aa2044f150281e30	42f66d0700f1928e7c54eb032103d3a3	1920	1080	13957.0	2.0	12659.0	23178.0	False	False	0.9987943559885025	0.9974965877386649
Netflix_Boat_1920x1080_60fps_8bi	Netflix_Boat_1920x1080_60fps_8bi	svtav1	svtav1_20200912_1d3b6c6_enc-mode0	60	43	0	8993520.0	8993.52	38.461500000000015	42.91333333333333	43.781666666666666	38.398911	42.886519	43.772708	96.49437028020058	4117659.0	68.62765	7683.64	1920	1080	60.0	8	b5817038ab36ee47340f02bc922ca2d1	27e7b5d6fb8aa1d3cb25a61d698b9001	1920	1080	14256.0	28.0	11740.0	23765.0	False	False	0.9978364417950313	0.9956916179515714
Netflix_Boat_1920x1080_60fps_8bi	Netflix_Boat_1920x1080_60fps_8bi	svtav1	svtav1_20200912_1d3b6c6_enc-mode0	60	55	0	4733728.0	4733.728	35.10333333333333	41.30283333333334	41.9695	35.012659	41.258516	41.960948	89.61716327797457	3082755.0	51.37925	5539.24	1920	1080	60.0	8	d02c875e6882d6a305ca3675bdca12bf	c065c45dcd8ce5a5761a39742dc88c3a	1920	1080	14168.0	4.0	10300.0	24842.0	False	False	0.9947570999463399	0.9901958637528431
Netflix_Boat_1920x1080_60fps_8bi	Netflix_Boat_1920x1080_60fps_8bi	svtav1	svtav1_20200912_1d3b6c6_enc-mode0	60	63	0	1513008.0	1513.008	29.660999999999998	38.73350000000001	39.124333333333325	29.584597999999996	38.705735	39.119687	67.56745561413436	1456002.0	24.2667	2868.67	1920	1080	60.0	8	b394a075278ef66cfd1f33c3aed00f24	85799b2e0c2b2b395833f6ab2aa946c5	1920	1080	14079.0	4.0	7821.0	23610.0	False	False	0.9746843745311101	0.9595768180262821
Netflix_TunnelFlag_1920x1080_60f	Netflix_TunnelFlag_1920x1080_60f	svtav1	svtav1_20200912_1d3b6c6_enc-mode0	60	20	0	26592880.0	26592.88	42.784999999999975	46.77166666666668	48.32233333333334	42.767703	46.764172	48.315416	99.93384448708888	7691860.0	128.19766666666666	13107.26	1920	1080	60.0	8	ee23504dfaaf069f222217a811d11038	7e5ac4286d5b25ed1b9e33ebae9e669e	1920	1080	13001.0	6.0	19262.0	23384.0	False	False	0.9986574063698451	0.9966066724961962
Netflix_TunnelFlag_1920x1080_60f	Netflix_TunnelFlag_1920x1080_60f	svtav1	svtav1_20200912_1d3b6c6_enc-mode0	60	32	0	14029432.0	14029.432	40.604166666666664	45.42866666666668	47.3225	40.575955	45.423185	47.31523	99.90636583904205	5928130.0	98.80216666666666	10327.71	1920	1080	60.0	8	e97bfa2cfa42979c948f6a6b56dd3167	84a8946f8a52b10e71530b9ceac44800	1920	1080	12071.0	4.0	17033.0	23261.0	False	False	0.9976898004611333	0.9945270847829341
Netflix_TunnelFlag_1920x1080_60f	Netflix_TunnelFlag_1920x1080_60f	svtav1	svtav1_20200912_1d3b6c6_enc-mode0	60	43	0	7739968.0	7739.968	38.462666666666664	44.08333333333334	46.23100000000001	38.40652	44.07851	46.22237	99.89270969044686	4721711.0	78.69518333333333	7969.85	1920	1080	60.0	8	b7b59bfacbee53fa1dd9f91bda674621	6be13368d96574e365e03160e3a91931	1920	1080	12326.0	3.0	15502.0	23727.0	False	False	0.9958593368530273	0.99117352032412
Netflix_TunnelFlag_1920x1080_60f	Netflix_TunnelFlag_1920x1080_60f	svtav1	svtav1_20200912_1d3b6c6_enc-mode0	60	55	0	3891448.0	3891.448	35.89333333333334	41.871999999999986	44.66733333333332	35.833918	41.86711	44.656887	99.85738778110448	3897745.0	64.96241666666667	7298.91	1920	1080	60.0	8	6e4c11e9c4a9691640bbacff90017ebd	46d8ffadc77718e63f805e08e4d2acf1	1920	1080	13115.0	6.0	14232.0	23785.0	False	False	0.9921426882346471	0.9855362362965719
Netflix_TunnelFlag_1920x1080_60f	Netflix_TunnelFlag_1920x1080_60f	svtav1	svtav1_20200912_1d3b6c6_enc-mode0	60	63	0	1503464.0	1503.464	31.62633333333334	39.06100000000001	41.89466666666666	31.581978	39.056212	41.888127000000004	92.60960393652122	1880672.0	31.344533333333334	3579.83	1920	1080	60.0	8	01718b26256e2d3fecdfa0ff6cfc31a0	975ae3a45c3155fe698a6dd17d6c24d1	1920	1080	12391.0	7.0	10844.0	23678.0	False	False	0.9800465514262517	0.9715422176559838
life_1080p30_60f	life_1080p30_60f	svtav1	svtav1_20200912_1d3b6c6_enc-mode0	60	20	0	12401732.0	12401.732	44.46983333333333	50.57283333333334	49.72849999999999	44.447777	50.558802	49.717772	99.51672763516856	5176794.0	86.2799	9915.9	1920	1080	30.0	8	4a8fe5e9ca58feb97df08f4f5023471f	e7be234e898c556c3f09d87e5ebf55cb	1920	1080	14410.0	14.0	13219.0	23072.0	False	False	0.9992769151926041	0.9980797209113171
life_1080p30_60f	life_1080p30_60f	svtav1	svtav1_20200912_1d3b6c6_enc-mode0	60	32	0	6098376.0	6098.376	41.78083333333333	48.024	47.63199999999999	41.764385	48.007695	47.618399	97.85707054483822	3888725.0	64.81208333333333	7690.52	1920	1080	30.0	8	4d91e9841bff97168d6b78c793603e3e	38f35315256d28b3b619cfe4e4ee6b1e	1920	1080	12691.0	3.0	12003.0	22894.0	False	False	0.9987007011969884	0.9968049750628454
life_1080p30_60f	life_1080p30_60f	svtav1	svtav1_20200912_1d3b6c6_enc-mode0	60	43	0	3318016.0	3318.016	39.56083333333333	46.07316666666666	45.84083333333333	39.53415	46.045594	45.820993	95.1171245184832	3401511.0	56.69185	6421.84	1920	1080	30.0	8	8dbc0ffdcf6c76f2ab69ba02cc32badc	eb75b6856f48a974c790fe796d872825	1920	1080	12482.0	3.0	10251.0	22807.0	False	False	0.9976904660463333	0.9948686828264339
life_1080p30_60f	life_1080p30_60f	svtav1	svtav1_20200912_1d3b6c6_enc-mode0	60	55	0	1513728.0	1513.728	36.4445	43.36249999999999	43.266833333333345	36.418921	43.336745	43.242492	89.24545116868107	2277270.0	37.9545	4481.77	1920	1080	30.0	8	1ea98d5e57460693bf59727db5ed003c	c48a9608cc2eb99a9860a07e22326dbf	1920	1080	12932.0	6.0	8791.0	23184.0	False	False	0.9938802321751913	0.9877370847425939
life_1080p30_60f	life_1080p30_60f	svtav1	svtav1_20200912_1d3b6c6_enc-mode0	60	63	0	443104.0	443.104	32.079833333333326	39.433166666666665	39.190999999999995	32.055849	39.402038999999995	39.155232	71.17914708027634	1891933.0	31.532216666666667	3582.35	1920	1080	30.0	8	75dcb7b751a84a9aea58179993d25f13	4df1eb013f9038083954940df44d4889	1920	1080	12101.0	3.0	7433.0	23076.0	False	False	0.9735182086626689	0.9575070699076511
rush_hour_1080p25_60f	rush_hour_1080p25_60f	svtav1	svtav1_20200912_1d3b6c6_enc-mode0	60	20	0	5081746.0	5081.746	42.985833333333325	46.914333333333325	48.93583333333333	42.979449	46.912256	48.932750000000006	96.718146317759	7922575.0	132.04291666666666	14031.03	1920	1080	25.0	8	9e41d4c7214a651a8e6d49d794cb3ee0	e528675beffc2208c1e5af9cdbeeafaa	1920	1080	10894.0	3.0	18694.0	23730.0	False	False	0.9963113268216451	0.992345202290123
rush_hour_1080p25_60f	rush_hour_1080p25_60f	svtav1	svtav1_20200912_1d3b6c6_enc-mode0	60	32	0	2464186.0	2464.186	42.10616666666665	46.063	47.84016666666667	42.10056	46.061174	47.836504	92.88397542957968	4278964.0	71.31606666666667	8178.48	1920	1080	25.0	8	11e64407ef95b8003a8254cb06233913	afdd751e8e43a51351a91faf71a00e09	1920	1080	10702.0	5.0	15142.0	23905.0	False	False	0.9942664215962093	0.9903631307260432
rush_hour_1080p25_60f	rush_hour_1080p25_60f	svtav1	svtav1_20200912_1d3b6c6_enc-mode0	60	43	0	1265340.0	1265.34	40.89716666666664	45.221	46.69250000000002	40.882669	45.218207	46.683198999999995	86.35184425105803	3144771.0	52.41285	5960.17	1920	1080	25.0	8	e6202191905e230f02e9377fba8550a3	fc60720a25101286298d5a963fb7cb63	1920	1080	9873.0	5.0	12464.0	22948.0	False	False	0.9908272455135981	0.9872960846636322
rush_hour_1080p25_60f	rush_hour_1080p25_60f	svtav1	svtav1_20200912_1d3b6c6_enc-mode0	60	55	0	602166.0	602.166	39.044833333333344	43.90500000000001	45.044500000000006	39.00276	43.899229	45.028485	75.66885863466182	2244288.0	37.4048	4141.53	1920	1080	25.0	8	d6fb92d54ef387b4538ff8ad00a33236	5b3c3386e5c0abc463dea449734aa8ba	1920	1080	9891.0	4.0	9923.0	24201.0	False	False	0.9838040123383204	0.9812865234771692
rush_hour_1080p25_60f	rush_hour_1080p25_60f	svtav1	svtav1_20200912_1d3b6c6_enc-mode0	60	63	0	200390.0	200.39	35.551166666666674	41.287499999999994	41.793500000000016	35.493739	41.271111	41.772229	53.91990747957637	1357940.0	22.63233333333333	2548.47	1920	1080	25.0	8	231842b457a539787790307381b0b0ad	11fe934165d5fd659faa8a876a3b200d	1920	1080	10124.0	3.0	7638.0	23887.0	False	False	0.9603402107954025	0.9618994446063561
touchdown_pass_1080p_60f	touchdown_pass_1080p_60f	svtav1	svtav1_20200912_1d3b6c6_enc-mode0	60	20	0	15338952.0	15338.952	40.26566666666666	47.828166666666675	47.98500000000001	40.201425	47.823421	47.981238	96.17226064159804	7538637.0	125.64395	14152.75	1920	1080	29.97	8	d7f1829cbedeecaa00c2f56b4f6e1fe1	8b514a5c7040a0ed1305cbdd76d0e7c7	1920	1080	13278.0	4.0	22318.0	23457.0	False	False	0.9954969624678294	0.9901602758386964
touchdown_pass_1080p_60f	touchdown_pass_1080p_60f	svtav1	svtav1_20200912_1d3b6c6_enc-mode0	60	32	0	4197636.0	4197.636	38.63333333333334	47.15933333333333	47.32483333333335	38.616609	47.156934	47.321816	93.98041607293523	4414582.0	73.57636666666667	8055.97	1920	1080	29.97	8	026810655d40ba8a0b8b71399a3ed38d	5498961455a93a5b8ad6130ee1ef2468	1920	1080	12548.0	5.0	13743.0	23888.0	False	False	0.9939974953730901	0.9868012023075043
touchdown_pass_1080p_60f	touchdown_pass_1080p_60f	svtav1	svtav1_20200912_1d3b6c6_enc-mode0	60	43	0	2063960.0	2063.96	37.5775	46.3395	46.413166666666676	37.557664	46.337362	46.408779	91.36986076100384	2971096.0	49.51826666666667	5691.05	1920	1080	29.97	8	2b35559bc9ee0974fdda5f9358e4376a	d24e3ecf20c5ac923ff2ad4b6f289180	1920	1080	12249.0	4.0	11752.0	23869.0	False	False	0.9919084876775741	0.9831319274114768
touchdown_pass_1080p_60f	touchdown_pass_1080p_60f	svtav1	svtav1_20200912_1d3b6c6_enc-mode0	60	55	0	1037184.0	1037.184	35.96666666666666	44.917	44.909833333333346	35.940143	44.909823	44.903553	85.25896044984015	1961329.0	32.68881666666667	3759.4	1920	1080	29.97	8	fe2799dc8f451fcd08a419e9f39f486e	2c058e5445776b2fe226c4c0f8ad6f81	1920	1080	12179.0	2.0	9771.0	23466.0	False	False	0.9863868514696758	0.9741609452715763
touchdown_pass_1080p_60f	touchdown_pass_1080p_60f	svtav1	svtav1_20200912_1d3b6c6_enc-mode0	60	63	0	317264.0	317.264	32.34166666666667	42.06733333333331	42.0915	32.318918	42.049587	42.079158	62.18263732832597	1345391.0	22.423183333333334	2451.13	1920	1080	29.97	8	364225487e780dc270e93991870751ae	3e74da59489795a8ab47cc804578f4af	1920	1080	12640.0	3.0	7093.0	26429.0	False	False	0.9463966846466064	0.92620863054206
ducks_take_off_1080p50_60f	ducks_take_off_1080p50_60f	svtav1	svtav1_20200912_1d3b6c6_enc-mode0	60	20	0	103767660.0	103767.66	38.4665	38.7665	41.16683333333333	38.38887	38.747868	41.16341	98.25619134917055	8578658.0	142.97763333333333	16182.43	1920	1080	50.0	8	9421d4437d8212d1dc3a66f44e5ed3fb	c7bd9970630714906c748842eaeb6f65	1920	1080	15782.0	3.0	33544.0	23147.0	False	False	0.9986645569403966	0.9953941898651966
ducks_take_off_1080p50_60f	ducks_take_off_1080p50_60f	svtav1	svtav1_20200912_1d3b6c6_enc-mode0	60	32	0	28236820.0	28236.82	34.92866666666667	36.80616666666668	39.891499999999986	34.909834	36.799532	39.886098999999994	92.93092084328455	7564530.0	126.0755	14105.6	1920	1080	50.0	8	e32e8ca64f16b63758a5bcf480db73d9	e465a73558d7be0e5fe727937477bb36	1920	1080	16427.0	6.0	26045.0	24398.0	False	False	0.9963636378447215	0.9895490398812344
ducks_take_off_1080p50_60f	ducks_take_off_1080p50_60f	svtav1	svtav1_20200912_1d3b6c6_enc-mode0	60	43	0	11208593.0	11208.593	33.19283333333334	35.31000000000001	38.766666666666666	33.179253	35.28504	38.758516	85.11541756866386	6221779.0	103.69631666666666	10897.99	1920	1080	50.0	8	8305415aa632a28cd995206c9f66057e	10c8524cddd1516d9a08710685c282aa	1920	1080	16584.0	25.0	20199.0	25017.0	False	False	0.9916411856810252	0.982369982184969
ducks_take_off_1080p50_60f	ducks_take_off_1080p50_60f	svtav1	svtav1_20200912_1d3b6c6_enc-mode0	60	55	0	4799340.0	4799.34	31.14	33.729833333333346	37.68749999999999	31.10686	33.690887	37.680522	71.51526585149547	3984454.0	66.40756666666667	7067.58	1920	1080	50.0	8	43a3bb4937b33f1a4589b654df47ff2e	1dfc90700bd6d6904f5d1e4ff975a8ae	1920	1080	16232.0	5.0	15682.0	23799.0	False	False	0.9797655393679937	0.9673601979359692
ducks_take_off_1080p50_60f	ducks_take_off_1080p50_60f	svtav1	svtav1_20200912_1d3b6c6_enc-mode0	60	63	0	1333520.0	1333.52	27.754666666666665	31.24866666666666	36.05966666666665	27.712044	31.225158	36.056619	44.16475912282427	2450254.0	40.83756666666667	4160.19	1920	1080	50.0	8	c45b2e871c0efe62d4ffa7a47bf0174e	2f499df79fc98feed4115f985dd380d9	1920	1080	16213.0	5.0	10992.0	24707.0	False	False	0.9336022088925043	0.9163866663280015
ToddlerFountn_1920x1080_2997_10b	ToddlerFountn_1920x1080_2997_10b	svtav1	svtav1_20200912_1d3b6c6_enc-mode0	60	20	0	55897905.0	55897.905	41.191500000000005	46.39733333333335	43.82183333333333	41.154646	46.384626	43.799218	99.90025610204368	15200996.0	253.34993333333333	28731.69	1920	1080	29.97	10	54a721a15b6690f4648af21bf8bf84a4	5b427c8a9be85f53c29d7884b21caace	1920	1080	21381.0	3.0	32676.0	23473.0	False	False	0.9977244993050893	0.9950676121435972
ToddlerFountn_1920x1080_2997_10b	ToddlerFountn_1920x1080_2997_10b	svtav1	svtav1_20200912_1d3b6c6_enc-mode0	60	32	0	27804355.0	27804.355	37.05549999999999	44.90083333333334	41.902833333333334	37.000359	44.889778	41.886056	99.8284696072427	12773653.0	212.89421666666667	24844.52	1920	1080	29.97	10	b9f5577c25f08b618eedb9959ef62213	b02a70c3637849cf71905598514479ae	1920	1080	21685.0	2.0	27997.0	23323.0	False	False	0.9930674274762471	0.9865199365001494
ToddlerFountn_1920x1080_2997_10b	ToddlerFountn_1920x1080_2997_10b	svtav1	svtav1_20200912_1d3b6c6_enc-mode0	60	43	0	12728514.0	12728.514	33.57766666666666	43.41833333333334	40.43316666666668	33.490573	43.404422	40.420378	90.2361019783692	11571707.0	192.86178333333334	21217.93	1920	1080	29.97	10	9d4ddbc0954eca5d876a8e11b06f0b5f	d51bd55c49cab025bd48264cbb740f97	1920	1080	22764.0	4.0	23828.0	24150.0	False	False	0.9804046293099721	0.9673096375618702
ToddlerFountn_1920x1080_2997_10b	ToddlerFountn_1920x1080_2997_10b	svtav1	svtav1_20200912_1d3b6c6_enc-mode0	60	55	0	4840271.0	4840.271	30.31116666666666	41.88983333333332	39.233	30.241706	41.886098	39.229437	68.86614546966106	7936493.0	132.27488333333332	14248.51	1920	1080	29.97	10	d62e55da925a48e7652834a3c73be46f	b4af5f38836608d4386b755b9d1ad8f5	1920	1080	22007.0	4.0	19826.0	24622.0	False	False	0.9447525391976038	0.9242928972685492
ToddlerFountn_1920x1080_2997_10b	ToddlerFountn_1920x1080_2997_10b	svtav1	svtav1_20200912_1d3b6c6_enc-mode0	60	63	0	1090341.0	1090.341	26.819166666666668	40.127166666666675	38.06933333333333	26.795247	40.122557	38.068437	35.59455198594349	4990279.0	83.17131666666667	9013.14	1920	1080	29.97	10	544cb8b212aa23997dc2c8814ede38ea	7545c9fb4b176f77ecb532059d12ecdc	1920	1080	22134.0	15.0	14890.0	24370.0	False	False	0.8485683093468348	0.8314682214014805
