Netflix_DrivingPOV_1280x720_60fp	Netflix_DrivingPOV_1280x720_60fp	svtav1	svtav1_20191105_c177ded	60	20	11948904.0	11948.904	42.88983333333333	46.596	45.241499999999995	42.866901	46.587904	45.234607	99.672899	1701170.0	28.352833333333333	1280	720	60.0	8	58be223a6179d8b5f52e860e5f4df1dd	561b74720d67fecd8d86634db5f67014	1280	720	5861.0	4.0	7173.0	2735.0	False	False
Netflix_DrivingPOV_1280x720_60fp	Netflix_DrivingPOV_1280x720_60fp	svtav1	svtav1_20191105_c177ded	60	32	6025120.0	6025.12	40.73049999999999	45.46266666666668	44.36033333333334	40.687525	45.452178	44.353946	98.792563	990364.0	16.506066666666666	1280	720	60.0	8	4d5bafe2f5b6b15f5d69c4d109219175	803107d0a94c8e2bc82dd3182df424fa	1280	720	4677.0	4.0	5803.0	2559.0	False	False
Netflix_DrivingPOV_1280x720_60fp	Netflix_DrivingPOV_1280x720_60fp	svtav1	svtav1_20191105_c177ded	60	43	2980032.0	2980.032	38.253	43.83650000000002	43.26166666666667	38.202842	43.818288	43.254869	96.584409	690858.0	11.5143	1280	720	60.0	8	794f0bef374eef7e780c4dfdce2195e1	fc3fbce513ef23ec9af20466435e361e	1280	720	4899.0	5.0	5003.0	2559.0	False	False
Netflix_DrivingPOV_1280x720_60fp	Netflix_DrivingPOV_1280x720_60fp	svtav1	svtav1_20191105_c177ded	60	55	1257264.0	1257.264	35.016500000000015	41.30100000000001	41.64283333333332	34.97952	41.289681	41.638133	90.65311	545632.0	9.093866666666667	1280	720	60.0	8	b3ee3f66598395f1d59e4ed6495d05e9	f3ce7345d3cfd9a7d1b0904c0666e8a5	1280	720	4668.0	4.0	4534.0	2763.0	False	False
Netflix_DrivingPOV_1280x720_60fp	Netflix_DrivingPOV_1280x720_60fp	svtav1	svtav1_20191105_c177ded	60	59	793152.0	793.152	33.13350000000001	39.88366666666666	40.60466666666666	33.116617	39.880378	40.602225	85.061164	498060.0	8.301	1280	720	60.0	8	3d26addb2bdb9dba15af524b66232e7b	46fd42634e0df071876891a23443b7e0	1280	720	4695.0	4.0	4290.0	2641.0	False	False
niklas360p_60f	niklas360p_60f	svtav1	svtav1_20191105_c177ded	60	20	1530708.0	1530.708	44.52166666666667	48.063833333333335	47.79499999999999	44.440935	48.000646	47.726218	98.382783	1818839.0	30.313983333333333	640	360	30.0	8	07ddcc887f7bc9f81c2c7fa857806ffe	783ffb52267a4124c2f8a6ccd6c0a8af	640	360	2866.0	5.0	2365.0	640.0	False	False
niklas360p_60f	niklas360p_60f	svtav1	svtav1_20191105_c177ded	60	32	856224.0	856.224	42.251333333333335	46.742666666666686	46.27133333333333	42.143793	46.683193	46.199511	96.871587	248246.0	4.137433333333333	640	360	30.0	8	31aa89ce8a26c0086d89719075d75b55	cae187c9e93408b47f24667e6443d0de	640	360	2399.0	6.0	1601.0	561.0	False	False
niklas360p_60f	niklas360p_60f	svtav1	svtav1_20191105_c177ded	60	43	451672.0	451.67199999999997	39.30983333333335	44.95116666666666	44.134499999999996	39.211721	44.917155	44.096733	93.580993	155350.0	2.589166666666667	640	360	30.0	8	0a4132982d54419232b1fac1995cedee	0eede0c7ea8a505a1f90f98c566bd4c0	640	360	1450.0	4.0	1412.0	552.0	False	False
niklas360p_60f	niklas360p_60f	svtav1	svtav1_20191105_c177ded	60	55	222120.0	222.12	35.779166666666676	42.652000000000015	41.42733333333334	35.718014	42.637215	41.408599	86.074601	170100.0	2.835	640	360	30.0	8	b4a516e3da620e3d66afbc23ee5b1889	eda4bfa58ffdcc2769440ab9f76ded88	640	360	1511.0	8.0	1225.0	574.0	False	False
niklas360p_60f	niklas360p_60f	svtav1	svtav1_20191105_c177ded	60	59	153068.0	153.068	33.912166666666664	41.22266666666667	39.87216666666668	33.87013	41.210253	39.85571	80.126428	134374.0	2.2395666666666667	640	360	30.0	8	05a7529581bf12569f429394f3e592ec	e51cbdb97d9f5e80a3f232da02247a89	640	360	1449.0	4.0	1198.0	556.0	False	False
Market3_1920x1080p_50_10b_pq_709	Market3_1920x1080p_50_10b_pq_709	svtav1	svtav1_20191105_c177ded	60	20	14791680.0	14791.68	45.219666666666676	51.898	52.88566666666668	45.20699	51.892253	52.879155	99.822256	3984485.0	66.40808333333334	1920	1080	50.0	10	eec8a610c45bdfdbe63065bca96ec516	a35f062e0e3df161ef448e1604a47e6e	1920	1080	30541.0	6.0	17818.0	7297.0	False	False
Market3_1920x1080p_50_10b_pq_709	Market3_1920x1080p_50_10b_pq_709	svtav1	svtav1_20191105_c177ded	60	32	7663360.0	7663.36	42.81799999999999	49.94399999999999	51.03800000000001	42.787679	49.939617	51.03515	98.841527	1638011.0	27.300183333333333	1920	1080	50.0	10	7d83953cc2cd5c9f26c7e2f61f0e48cf	c36e1b225a98bd62045e60f5bc7c0683	1920	1080	14226.0	4.0	12385.0	6574.0	False	False
Market3_1920x1080p_50_10b_pq_709	Market3_1920x1080p_50_10b_pq_709	svtav1	svtav1_20191105_c177ded	60	43	3954080.0	3954.08	40.06116666666665	47.916333333333334	49.17783333333334	40.019171	47.91288	49.176172	95.87014	7001470.0	116.69116666666666	1920	1080	50.0	10	901c2cb9dde49707101f2f36a2ced88d	38d701097dc9ca85374b59315633b7f1	1920	1080	29016.0	5.0	11100.0	7080.0	False	False
Market3_1920x1080p_50_10b_pq_709	Market3_1920x1080p_50_10b_pq_709	svtav1	svtav1_20191105_c177ded	60	55	1605113.0	1605.113	36.12133333333334	45.09649999999999	46.50833333333334	36.099553	45.096091	46.505149	87.905474	4595108.0	76.58513333333333	1920	1080	50.0	10	6c9da5e5b03b0dd076e10b66d68a1e44	f706512e6fe13e7eda514b1e393a43ad	1920	1080	34416.0	6.0	10080.0	6682.0	False	False
Market3_1920x1080p_50_10b_pq_709	Market3_1920x1080p_50_10b_pq_709	svtav1	svtav1_20191105_c177ded	60	59	974766.0	974.766	34.162166666666664	43.61183333333333	45.18816666666666	34.152021	43.612598	45.18419099999999	80.387831	1279530.0	21.3255	1920	1080	50.0	10	4679c6d8f001652b5913c86c7f69e32b	fb4bdfdf58427a99c4be66553f9664e5	1920	1080	13298.0	5.0	9528.0	6510.0	False	False
vidyo4_720p_60fps_60f	vidyo4_720p_60fps_60f	svtav1	svtav1_20191105_c177ded	60	20	5573152.0	5573.152	44.31616666666666	49.98416666666669	50.267333333333326	44.28884	49.981259	50.264345	97.796061	798267.0	13.30445	1280	720	60.0	8	3ba786d82767ab4a5341efc11d5c7e1c	4d064d3d5072e3eade6579b12d60d7d0	1280	720	3607.0	6.0	4820.0	2568.0	False	False
vidyo4_720p_60fps_60f	vidyo4_720p_60fps_60f	svtav1	svtav1_20191105_c177ded	60	32	2005792.0	2005.792	42.895166666666654	49.38850000000002	49.68533333333332	42.858862	49.383571	49.681516	96.554549	593286.0	9.8881	1280	720	60.0	8	32798f530ea23e803c06520d3f460a14	4f53d145744443a6d9fd8f48a199d772	1280	720	4576.0	10.0	3267.0	2553.0	False	False
vidyo4_720p_60fps_60f	vidyo4_720p_60fps_60f	svtav1	svtav1_20191105_c177ded	60	43	979800.0	979.8	41.55916666666666	48.55566666666668	48.815833333333345	41.509817	48.54688	48.808464	94.593401	466589.0	7.776483333333333	1280	720	60.0	8	276d3874ffeef5d820938b27b5b6e7f3	82eefe33a351fd77e26243dd61800d2b	1280	720	3865.0	5.0	3090.0	2562.0	False	False
vidyo4_720p_60fps_60f	vidyo4_720p_60fps_60f	svtav1	svtav1_20191105_c177ded	60	55	451616.0	451.616	39.3465	46.83566666666669	47.02116666666666	39.29063800000001	46.824053	47.011111	89.481069	326800.0	5.446666666666666	1280	720	60.0	8	4b41894ac1488220a47a61ccd4cd7a01	54453455b1f81dbf509988f35ca3b045	1280	720	3751.0	3.0	2408.0	2479.0	False	False
vidyo4_720p_60fps_60f	vidyo4_720p_60fps_60f	svtav1	svtav1_20191105_c177ded	60	59	299912.0	299.912	37.73499999999999	45.3095	45.316833333333335	37.694331	45.304144	45.311355	84.405177	468417.0	7.80695	1280	720	60.0	8	189d978e2d110c89c6b86f58f0ef738d	2f9826c9798c6f1da14aafbc46506f86	1280	720	3744.0	5.0	2301.0	2510.0	False	False
KristenAndSara_1280x720_60f	KristenAndSara_1280x720_60f	svtav1	svtav1_20191105_c177ded	60	20	3848968.0	3848.968	44.78299999999997	49.15066666666669	50.070166666666665	44.776308	49.148824	50.068884	97.032062	723295.0	12.054916666666667	1280	720	60.0	8	9de06f7e17325854359e094a1636be82	11b653ba23109ddbcf9416d226d3cde2	1280	720	6490.0	5.0	4294.0	2459.0	False	False
KristenAndSara_1280x720_60f	KristenAndSara_1280x720_60f	svtav1	svtav1_20191105_c177ded	60	32	1390792.0	1390.792	43.574833333333316	48.337500000000006	49.226333333333336	43.565997	48.335798	49.224746	96.130111	792055.0	13.200916666666666	1280	720	60.0	8	e8abec5ed12a0d94d2128153d1f2d02c	bed0b219e31953613cfb2dc18b561151	1280	720	3816.0	18.0	3973.0	3064.0	False	False
KristenAndSara_1280x720_60f	KristenAndSara_1280x720_60f	svtav1	svtav1_20191105_c177ded	60	43	748272.0	748.272	42.34900000000001	47.37400000000001	48.272499999999994	42.33391100000001	47.370515	48.270018	94.661317	503273.0	8.387883333333333	1280	720	60.0	8	339a170fd1a70d3d466532be713ae0e8	d35cf4a51ffc6d457176370f16b6bdb3	1280	720	4085.0	5.0	2594.0	2547.0	False	False
KristenAndSara_1280x720_60f	KristenAndSara_1280x720_60f	svtav1	svtav1_20191105_c177ded	60	55	329552.0	329.552	39.73300000000001	44.90933333333331	46.0435	39.7116	44.902668	46.039047	90.088534	1462614.0	24.3769	1280	720	60.0	8	1ef23c935a75a210a3769c375cb99fc3	1695bde70e7d76ec6cd3c68ffa6a0eb5	1280	720	6788.0	5.0	2130.0	2487.0	False	False
KristenAndSara_1280x720_60f	KristenAndSara_1280x720_60f	svtav1	svtav1_20191105_c177ded	60	59	215592.0	215.592	37.83616666666665	43.266500000000015	44.28300000000001	37.82116	43.262019	44.280009	84.658868	2688718.0	44.81196666666666	1280	720	60.0	8	ef2c0d232ec521fc48d3f2c18f4cd2bb	fbcd2011df8cc7ce941df284951b0473	1280	720	7616.0	4.0	3947.0	4837.0	False	False
DOTA2_60f_420	DOTA2_60f_420	svtav1	svtav1_20191105_c177ded	60	20	17599024.0	17599.024	45.77666666666667	49.6535	49.723499999999994	45.743665	49.602669	49.690723	97.652664	2132832.0	35.5472	1920	1080	60.0	8	cad385b580da9dc2ff793cda7e26032b	23dc1ab779440424d55b6e3c16a2757d	1920	1080	9717.0	4.0	9233.0	6292.0	False	False
DOTA2_60f_420	DOTA2_60f_420	svtav1	svtav1_20191105_c177ded	60	32	8804640.0	8804.639999999998	43.48233333333333	47.55133333333333	47.76433333333335	43.416063	47.476801	47.722018	96.006256	1131295.0	18.854916666666668	1920	1080	60.0	8	7c14bc1c4e04ea421e572e2068367dc3	c00d7e2b46d264c375a1cab724867438	1920	1080	9187.0	5.0	7727.0	6176.0	False	False
DOTA2_60f_420	DOTA2_60f_420	svtav1	svtav1_20191105_c177ded	60	43	4127456.0	4127.456	40.68399999999999	44.92633333333334	45.267333333333326	40.605377	44.842371	45.222798	92.418583	916507.0	15.275116666666667	1920	1080	60.0	8	8f5df7bccba586d42eddd202fc6b0e48	4e98e35e8c6569fe0ad25c1c58e4808f	1920	1080	8338.0	4.0	7134.0	6053.0	False	False
DOTA2_60f_420	DOTA2_60f_420	svtav1	svtav1_20191105_c177ded	60	55	1625568.0	1625.568	37.19466666666666	41.648833333333336	42.007333333333335	37.13034	41.588943	41.977484	83.75238800000001	1038680.0	17.311333333333334	1920	1080	60.0	8	970970451db745a2e15c74c08004143b	dfb44ec8ba89e6f4930b6da02baa6756	1920	1080	11057.0	14.0	6307.0	6672.0	False	False
DOTA2_60f_420	DOTA2_60f_420	svtav1	svtav1_20191105_c177ded	60	59	964256.0	964.256	35.05883333333333	39.628000000000014	39.944999999999986	35.030501	39.60111100000001	39.928127	74.616777	885084.0	14.7514	1920	1080	60.0	8	c3c7e05c60fb6a53651887140757cab5	1b54f3e6d9e61cb4413e8695792ca9e0	1920	1080	8840.0	14.0	9900.0	6804.0	False	False
Netflix_Aerial_1920x1080_60fps_8	Netflix_Aerial_1920x1080_60fps_8	svtav1	svtav1_20191105_c177ded	60	20	23669080.0	23669.08	42.90633333333333	45.86316666666665	45.54166666666667	42.879022	45.850466	45.53314	96.787771	2309356.0	38.489266666666666	1920	1080	60.0	8	043b493cda50367279fcd19d41611da6	9eb33068a42d20855ab096daf2da00c9	1920	1080	9795.0	4.0	16520.0	7016.0	False	False
Netflix_Aerial_1920x1080_60fps_8	Netflix_Aerial_1920x1080_60fps_8	svtav1	svtav1_20191105_c177ded	60	32	12103576.0	12103.576	41.11783333333334	44.82016666666666	44.72033333333335	41.056826	44.804262	44.713441	94.765077	2476644.0	41.2774	1920	1080	60.0	8	1182cef63cb91f7ab24634145cc8799c	f4ce951b5ddd063a5d842734ccbe6529	1920	1080	21097.0	8.0	15557.0	6290.0	False	False
Netflix_Aerial_1920x1080_60fps_8	Netflix_Aerial_1920x1080_60fps_8	svtav1	svtav1_20191105_c177ded	60	43	5707720.0	5707.72	38.656166666666664	43.091833333333334	43.489833333333344	38.577134	43.083661	43.488285	91.275396	1413372.0	23.5562	1920	1080	60.0	8	086229f1eefa72082c65de3051cc5b5a	59be9d5df5ea66aceece3c6bd32b7d88	1920	1080	10009.0	6.0	11227.0	6912.0	False	False
Netflix_Aerial_1920x1080_60fps_8	Netflix_Aerial_1920x1080_60fps_8	svtav1	svtav1_20191105_c177ded	60	55	1995368.0	1995.368	34.66066666666667	40.40566666666667	41.71766666666668	34.639175	40.398884	41.710458	81.793397	987375.0	16.45625	1920	1080	60.0	8	27f3389a112cc7ab36dff7514147369a	596a78319fc96f6bb9ec0a538cd559df	1920	1080	10044.0	5.0	9725.0	6346.0	False	False
Netflix_Aerial_1920x1080_60fps_8	Netflix_Aerial_1920x1080_60fps_8	svtav1	svtav1_20191105_c177ded	60	59	1211632.0	1211.632	33.00916666666667	39.285	40.97433333333333	32.995946	39.274866	40.962543	74.440647	886184.0	14.769733333333333	1920	1080	60.0	8	166fb9e92b427108e5debb973d2b2b36	d0405bf3b8df71f6dafd26d98b056e7c	1920	1080	9600.0	4.0	8950.0	6486.0	False	False
ducks_take_off_1080p50_60f	ducks_take_off_1080p50_60f	svtav1	svtav1_20191105_c177ded	60	20	114610426.0	114610.426	38.90466666666668	39.28783333333333	41.35733333333334	38.883032	39.269677	41.334412	98.735251	3440324.0	57.33873333333333	1920	1080	50.0	8	6a6b843c8bd783424fdd29c7d838b8da	7b1217232397d35b764053cd9fd783d0	1920	1080	11399.0	9.0	36134.0	6509.0	False	False
ducks_take_off_1080p50_60f	ducks_take_off_1080p50_60f	svtav1	svtav1_20191105_c177ded	60	32	33548273.0	33548.273	35.26883333333334	36.9955	39.92616666666667	35.235719	36.972283	39.913728	93.84489	8174520.0	136.242	1920	1080	50.0	8	8b83b865a28c4513d67805a7f10a629b	442d42af4fa609d01ff6237f9530d998	1920	1080	25434.0	4.0	27598.0	6312.0	False	False
ducks_take_off_1080p50_60f	ducks_take_off_1080p50_60f	svtav1	svtav1_20191105_c177ded	60	43	11081253.0	11081.253	33.14616666666667	35.18733333333333	38.51350000000001	33.122788	35.152792	38.503773	84.873625	3069332.0	51.15553333333333	1920	1080	50.0	8	06217c4c0592f530358d3e5fff908cab	6ae5963ec4266ee891a9f482110936b3	1920	1080	12179.0	24.0	26024.0	9312.0	False	False
ducks_take_off_1080p50_60f	ducks_take_off_1080p50_60f	svtav1	svtav1_20191105_c177ded	60	55	3950126.0	3950.1259999999997	30.626666666666672	33.215999999999994	37.087333333333326	30.595905	33.182122	37.083208	67.904085	2296877.0	38.281283333333334	1920	1080	50.0	8	e3eab9fe493a2b5f39045cb7fb7b5fb8	cce6854bbc5b4edd6580659f3e059e08	1920	1080	11815.0	4.0	18436.0	7276.0	False	False
ducks_take_off_1080p50_60f	ducks_take_off_1080p50_60f	svtav1	svtav1_20191105_c177ded	60	59	2542713.0	2542.713	29.431333333333335	32.332166666666666	36.489500000000014	29.400032	32.304507	36.486327	58.299687	1342125.0	22.36875	1920	1080	50.0	8	15a961c64856d251c2f148aaed22fb7d	9d1780c5a238e04619cef671a5006b0a	1920	1080	11553.0	4.0	14162.0	6641.0	False	False
touchdown_pass_1080p_60f	touchdown_pass_1080p_60f	svtav1	svtav1_20191105_c177ded	60	20	20976958.0	20976.958	40.70449999999998	48.128333333333345	48.285500000000006	40.66667300000001	48.118932	48.275436	96.326453	3744205.0	62.403416666666665	1920	1080	29.97	8	840eb8716c398b73ea52613f16691501	a33016d6045bb065c790761e8f9ff6b2	1920	1080	11486.0	8.0	27379.0	8395.0	False	False
touchdown_pass_1080p_60f	touchdown_pass_1080p_60f	svtav1	svtav1_20191105_c177ded	60	32	5520362.0	5520.362	38.832499999999996	47.50883333333333	47.63433333333334	38.81087	47.500401	47.62596700000001	94.319261	3288841.0	54.81401666666667	1920	1080	29.97	8	974327f17e44587c59501cb835025200	c52c42650d8a879f7f096c2c0b36d897	1920	1080	13914.0	5.0	14687.0	6691.0	False	False
touchdown_pass_1080p_60f	touchdown_pass_1080p_60f	svtav1	svtav1_20191105_c177ded	60	43	2364618.0	2364.618	37.67166666666665	46.648333333333326	46.67849999999999	37.648187	46.640991	46.670756	91.65525700000002	1689251.0	28.154183333333332	1920	1080	29.97	8	e350ed98cd454e3aadc8d4e79afe9e27	8f2bc645b45c6149bade1a35a2616177	1920	1080	9460.0	4.0	11483.0	6751.0	False	False
touchdown_pass_1080p_60f	touchdown_pass_1080p_60f	svtav1	svtav1_20191105_c177ded	60	55	928276.0	928.276	35.3585	44.813833333333356	44.801333333333346	35.331608	44.80869500000001	44.792926	83.31889500000001	1446725.0	24.112083333333334	1920	1080	29.97	8	2e8d1728d6a8e43f6e3960c26db05bb2	10be356272a77c99ee06e3a48d26edf6	1920	1080	9749.0	4.0	9849.0	6680.0	False	False
touchdown_pass_1080p_60f	touchdown_pass_1080p_60f	svtav1	svtav1_20191105_c177ded	60	59	552862.0	552.862	33.6025	43.59516666666668	43.7935	33.575262	43.592932	43.789736999999995	73.718831	963268.0	16.054466666666666	1920	1080	29.97	8	38f3e18a35e2be800de1a16465e9e93f	067a48676f9a2c09b0bf6c0ea8fa9ff8	1920	1080	9001.0	5.0	8796.0	6568.0	False	False
vidyo1_720p_60fps_60f	vidyo1_720p_60fps_60f	svtav1	svtav1_20191105_c177ded	60	20	4179096.0	4179.096	45.643666666666654	48.18833333333334	49.522499999999994	45.630223	48.180541	49.517871	96.547587	1167822.0	19.4637	1280	720	60.0	8	81bfdff9628141ad9a0a7043c39f9041	12ce47e2ed5a761df7e8591463ba9868	1280	720	5156.0	15.0	4630.0	3083.0	False	False
vidyo1_720p_60fps_60f	vidyo1_720p_60fps_60f	svtav1	svtav1_20191105_c177ded	60	32	1611344.0	1611.344	44.13616666666668	47.66666666666667	48.9215	44.128856	47.662381	48.91861099999999	95.313336	721189.0	12.019816666666667	1280	720	60.0	8	7f58bb2a4c7e7887ed0490c339e56f4c	8f286be356e6005d3cbc5ab3c7cb7ddd	1280	720	3830.0	4.0	2581.0	2631.0	False	False
vidyo1_720p_60fps_60f	vidyo1_720p_60fps_60f	svtav1	svtav1_20191105_c177ded	60	43	743208.0	743.208	42.649833333333326	46.97149999999999	47.97250000000001	42.643892	46.969622	47.970973	93.330356	466467.0	7.77445	1280	720	60.0	8	96e7c95ccc99f9619228d292d8bd51bd	1b31bdeee618a74ffeff040115778c1f	1280	720	3794.0	5.0	2242.0	2861.0	False	False
vidyo1_720p_60fps_60f	vidyo1_720p_60fps_60f	svtav1	svtav1_20191105_c177ded	60	55	345128.0	345.128	40.150166666666664	45.44799999999999	45.964500000000015	40.140714	45.446155	45.962795	88.046759	611936.0	10.198933333333333	1280	720	60.0	8	cea8b7a7136ed766748a515e4094600d	857ea048905f94f075d06e9c73b8acb9	1280	720	3750.0	5.0	1940.0	2606.0	False	False
vidyo1_720p_60fps_60f	vidyo1_720p_60fps_60f	svtav1	svtav1_20191105_c177ded	60	59	232832.0	232.832	38.25450000000001	44.101000000000006	44.43633333333334	38.24741099999999	44.09944	44.435756	81.970718	411112.0	6.851866666666667	1280	720	60.0	8	27c964952b105c4a6dc817b8e9693c90	a9a05dd33e5a6a0ab0a673d500921889	1280	720	4356.0	16.0	2280.0	3072.0	False	False
Netflix_FoodMarket_1920x1080_60f	Netflix_FoodMarket_1920x1080_60f	svtav1	svtav1_20191105_c177ded	60	20	23773688.0	23773.688	41.13966666666667	44.935666666666656	45.668166666666664	41.132045	44.93045399999999	45.665845	99.293833	2683526.0	44.725433333333335	1920	1080	60.0	8	26a888fcfa56eda9d4f349313baba0b7	b2663b8f9c4789b3cbf3050e2630977b	1920	1080	8708.0	4.0	21475.0	6306.0	False	False
Netflix_FoodMarket_1920x1080_60f	Netflix_FoodMarket_1920x1080_60f	svtav1	svtav1_20191105_c177ded	60	32	7681664.0	7681.664	39.834833333333336	44.153833333333324	45.057833333333356	39.820675	44.147784	45.05505	96.200623	2423650.0	40.39416666666666	1920	1080	60.0	8	a55c7054867abc3413b5d17780f2e565	80b303264fb9e9ed95f0ff7fb81454c1	1920	1080	16843.0	14.0	22496.0	9979.0	False	False
Netflix_FoodMarket_1920x1080_60f	Netflix_FoodMarket_1920x1080_60f	svtav1	svtav1_20191105_c177ded	60	43	3827048.0	3827.048	38.61166666666667	43.29283333333333	44.318000000000005	38.588634	43.285461000000005	44.314879	91.83224	1199279.0	19.987983333333332	1920	1080	60.0	8	317edb73ec32b4a6e7f77e5e4b8546c5	8d888af5f8fed560ca929811347354d7	1920	1080	9019.0	4.0	11411.0	6043.0	False	False
Netflix_FoodMarket_1920x1080_60f	Netflix_FoodMarket_1920x1080_60f	svtav1	svtav1_20191105_c177ded	60	55	1540464.0	1540.464	36.18200000000001	41.66966666666668	42.76149999999999	36.15838999999999	41.662678	42.753463	79.316246	4620841.0	77.01401666666666	1920	1080	60.0	8	a89cbb65a483c745365d6dd6f128594a	bb6990af3c45a6cfc8708fd2d9b2db92	1920	1080	17652.0	4.0	10400.0	6955.0	False	False
Netflix_FoodMarket_1920x1080_60f	Netflix_FoodMarket_1920x1080_60f	svtav1	svtav1_20191105_c177ded	60	59	1001552.0	1001.552	34.816500000000005	40.768499999999996	41.795833333333334	34.798096	40.76263099999999	41.784168	69.556876	1102900.0	18.381666666666668	1920	1080	60.0	8	47e1eba43f3bd65e4865a9830f5b323e	4b8c2166d49772247523330f485606eb	1920	1080	8918.0	5.0	11212.0	6393.0	False	False
rush_hour_1080p25_60f	rush_hour_1080p25_60f	svtav1	svtav1_20191105_c177ded	60	20	5600686.0	5600.686	43.09283333333335	46.91366666666666	48.9235	43.090692	46.911672	48.921497	97.144118	1820697.0	30.34495	1920	1080	25.0	8	b8676092a6651aa515ba5e7744362c1b	5d7a6a99325610a221aa09b0a524cb77	1920	1080	7308.0	4.0	19273.0	6431.0	False	False
rush_hour_1080p25_60f	rush_hour_1080p25_60f	svtav1	svtav1_20191105_c177ded	60	32	2695823.0	2695.823	42.237500000000004	45.990833333333335	47.77483333333334	42.233517	45.987814	47.769046	93.571483	3202535.0	53.37558333333333	1920	1080	25.0	8	6f272750c3f80b2b46e995fdd88e615a	132026fcf6a5c526e4b511b5d89b54d3	1920	1080	17860.0	4.0	17634.0	7488.0	False	False
rush_hour_1080p25_60f	rush_hour_1080p25_60f	svtav1	svtav1_20191105_c177ded	60	43	1337843.0	1337.843	40.956500000000005	45.012499999999996	46.47533333333333	40.941389	45.008887	46.466729	86.784249	1170151.0	19.502516666666665	1920	1080	25.0	8	f0f75dbee519bd752dbdb37aaccc9e4c	79eacba0da5287c9e7509ac0f200a18b	1920	1080	7344.0	6.0	16784.0	6452.0	False	False
rush_hour_1080p25_60f	rush_hour_1080p25_60f	svtav1	svtav1_20191105_c177ded	60	55	593513.0	593.513	38.90216666666666	43.31883333333334	44.462	38.868075	43.312943	44.448938	74.611096	1089617.0	18.160283333333332	1920	1080	25.0	8	e42bf2cb9499081c2e3a6d306828cfb9	478a6415e6b6cef763304e63c429c97e	1920	1080	9410.0	6.0	17970.0	8162.0	False	False
rush_hour_1080p25_60f	rush_hour_1080p25_60f	svtav1	svtav1_20191105_c177ded	60	59	403793.0	403.793	37.71016666666665	42.19199999999999	43.21233333333334	37.675192	42.187539	43.198209	67.365497	785156.0	13.085933333333333	1920	1080	25.0	8	3fd757b044ebbdac7d9586320be33c39	2329de3ec5a6f0a5b2f55b5c65e904ae	1920	1080	7445.0	5.0	9074.0	6276.0	False	False
wikipedia_420	wikipedia_420	svtav1	svtav1_20191105_c177ded	60	20	1719916.0	1719.916	55.75500000000002	52.957999999999984	53.9085	55.739994	52.796139	53.849129	99.839444	1256186.0	20.936433333333333	1920	1080	30.0	8	86c05e0c38b59be70740e7272d43567a	42909043662f2b60bf10c0a74f8d6531	1920	1080	6215.0	8.0	2375.0	6573.0	False	False
wikipedia_420	wikipedia_420	svtav1	svtav1_20191105_c177ded	60	32	928884.0	928.884	51.144500000000015	50.78599999999999	51.950500000000005	51.13494	50.553294	51.89042	99.823617	1443478.0	24.057966666666665	1920	1080	30.0	8	d84f78db49b33ba840b2456823a3a2e2	defa35ba6b716e0b4818a17237ba06b1	1920	1080	6945.0	9.0	1998.0	5866.0	False	False
wikipedia_420	wikipedia_420	svtav1	svtav1_20191105_c177ded	60	43	630700.0	630.7	48.72450000000001	48.81699999999999	50.23550000000001	48.708112	48.666871	50.186395	99.794458	1016507.0	16.941783333333333	1920	1080	30.0	8	9a00b8ddef5144677b4e6f8fe0016469	b24d41763fa1c1b672372d691fb11f43	1920	1080	6280.0	4.0	2334.0	5856.0	False	False
wikipedia_420	wikipedia_420	svtav1	svtav1_20191105_c177ded	60	55	427560.0	427.56	44.089166666666664	45.780666666666654	47.13483333333333	44.072365	45.734501	47.115761	99.60382	997869.0	16.63115	1920	1080	30.0	8	8b7c197a9dadc78b8f8d907d1f87ab47	410fc7b7f19abb5b665fcb23ebc25e16	1920	1080	6026.0	5.0	2367.0	6072.0	False	False
wikipedia_420	wikipedia_420	svtav1	svtav1_20191105_c177ded	60	59	343000.0	343.0	40.3975	43.619	45.042500000000004	40.372768	43.568442	45.002029	99.265018	1575451.0	26.257516666666668	1920	1080	30.0	8	d27dfc6385eeec022cbfcfe971c0aa5c	a4c1d699395345a3acf7300eb964d28b	1920	1080	6379.0	13.0	3151.0	7053.0	False	False
MINECRAFT_60f_420	MINECRAFT_60f_420	svtav1	svtav1_20191105_c177ded	60	20	87090680.0	87090.68	43.34466666666666	46.09166666666666	46.56950000000001	43.189392	45.932735	46.44256600000001	99.951374	3099390.0	51.6565	1920	1080	60.0	8	0d09d86ea210c8ced1a6f060c04e0b01	06d95468cc26529ede92b3f2c49797c3	1920	1080	10336.0	7.0	29057.0	6386.0	False	False
MINECRAFT_60f_420	MINECRAFT_60f_420	svtav1	svtav1_20191105_c177ded	60	32	52017688.0	52017.688	39.17249999999999	44.275166666666664	44.63983333333333	38.932481	44.15276000000001	44.547919	99.916288	2854845.0	47.58075	1920	1080	60.0	8	070a90ed07ab71b37fdea5667b4f65ca	bfb7231066481e33ccb1b3e1e8a572af	1920	1080	10703.0	5.0	24209.0	6405.0	False	False
MINECRAFT_60f_420	MINECRAFT_60f_420	svtav1	svtav1_20191105_c177ded	60	43	24078984.0	24078.984	34.848333333333336	42.57333333333333	42.689166666666665	34.584088	42.48987	42.621693	96.548622	3512052.0	58.5342	1920	1080	60.0	8	108685620df635006c4a5d7232d36835	e7717fa3e3a4255ed9bed4c4c72aba3a	1920	1080	19156.0	5.0	24222.0	8053.0	False	False
MINECRAFT_60f_420	MINECRAFT_60f_420	svtav1	svtav1_20191105_c177ded	60	55	8752536.0	8752.536	31.38316666666666	40.32599999999999	40.346166666666676	31.245741	40.292288	40.313245	83.079878	1664384.0	27.739733333333334	1920	1080	60.0	8	6b064ba60f1bd1c66deb837721745653	02d27d6ec56d9c0bd51bbfd7ccda4e0d	1920	1080	10172.0	8.0	12728.0	6755.0	False	False
MINECRAFT_60f_420	MINECRAFT_60f_420	svtav1	svtav1_20191105_c177ded	60	59	5345672.0	5345.672	30.118833333333335	39.02083333333333	39.099833333333336	30.038946	39.00204900000001	39.073006	74.430965	1320044.0	22.000733333333333	1920	1080	60.0	8	8e53d4562278087e370206fa759b9fe2	3d3993678d66b50dc1db56fb077cb1c8	1920	1080	10001.0	6.0	11007.0	6202.0	False	False
kirland360p_60f	kirland360p_60f	svtav1	svtav1_20191105_c177ded	60	20	336952.0	336.952	47.534166666666685	48.53849999999999	49.87499999999998	47.463637	48.514139	49.850289	96.181299	190216.0	3.1702666666666666	640	360	30.0	8	76540e48055946541e84716916ec1cc6	43a89f4564ca657b6247de458dcc3c19	640	360	1153.0	4.0	773.0	506.0	False	False
kirland360p_60f	kirland360p_60f	svtav1	svtav1_20191105_c177ded	60	32	154584.0	154.584	46.31083333333333	48.069333333333326	49.167500000000004	46.170373	48.046961	49.135661	95.111569	166869.0	2.78115	640	360	30.0	8	56f6b9c03c181997d543af9529c06dac	bd9c220c9a1a3cf232d6eb695a862215	640	360	1043.0	4.0	589.0	521.0	False	False
kirland360p_60f	kirland360p_60f	svtav1	svtav1_20191105_c177ded	60	43	77396.0	77.396	44.332499999999996	47.34816666666668	47.84483333333334	44.072852	47.303937	47.718932	92.698376	80294.0	1.3382333333333334	640	360	30.0	8	b7275ba5eb5490b5c539a0f467d5d72f	90a14061fb1b42a72d6b81eb982588bb	640	360	1093.0	4.0	506.0	475.0	False	False
kirland360p_60f	kirland360p_60f	svtav1	svtav1_20191105_c177ded	60	55	42216.0	42.216	41.538999999999994	46.221666666666664	46.297	41.149909	46.09836	46.005031	86.296445	59370.0	0.9895	640	360	30.0	8	77fc99610c66f33bc2ba2f28b2e3381b	0b8a11118a1fc2e73c650f139638d9e6	640	360	1023.0	4.0	417.0	537.0	False	False
kirland360p_60f	kirland360p_60f	svtav1	svtav1_20191105_c177ded	60	59	31240.0	31.24	39.759	45.404833333333336	45.276666666666664	39.38177	45.226687	44.92975	80.239527	467577.0	7.79295	640	360	30.0	8	5b349b951384e3753b8b9f24d7ba29b7	7555d9b2fabedc2dba1870256b6a8a9c	640	360	2564.0	4.0	390.0	953.0	False	False
Starting_1920x1080p_50_10b_pq_70	Starting_1920x1080p_50_10b_pq_70	svtav1	svtav1_20191105_c177ded	60	20	5549493.0	5549.493	47.137333333333345	50.03816666666666	51.812500000000014	47.096388	49.98696400000001	51.735368	96.590398	4438187.0	73.96978333333334	1920	1080	50.0	10	bc2dbc910c02fc16aba92b7fd94eb37e	9c487d4d2f3e7ec02e47c82cd9eab663	1920	1080	26588.0	8.0	8672.0	6468.0	False	False
Starting_1920x1080p_50_10b_pq_70	Starting_1920x1080p_50_10b_pq_70	svtav1	svtav1_20191105_c177ded	60	32	2689526.0	2689.526	45.69366666666668	48.87233333333334	50.2855	45.638266	48.830903	50.233786	95.464383	892975.0	14.882916666666667	1920	1080	50.0	10	18475fec2a3e6d014cc902decd366256	7ffd7cdf180848981a95aba7873155ca	1920	1080	11468.0	6.0	7013.0	5979.0	False	False
Starting_1920x1080p_50_10b_pq_70	Starting_1920x1080p_50_10b_pq_70	svtav1	svtav1_20191105_c177ded	60	43	1486500.0	1486.5	43.88700000000001	47.58699999999999	48.52083333333331	43.823907	47.574459	48.506357	93.522955	1285150.0	21.419166666666666	1920	1080	50.0	10	719c1f197fd586bb3d9e049fc64ac51a	3c16168f9af0c35b094fdafde0d9486e	1920	1080	12344.0	4.0	6240.0	6049.0	False	False
Starting_1920x1080p_50_10b_pq_70	Starting_1920x1080p_50_10b_pq_70	svtav1	svtav1_20191105_c177ded	60	55	651666.0	651.666	40.26616666666666	45.22816666666667	45.50383333333334	40.226485	45.227368	45.502716	87.426907	881609.0	14.693483333333333	1920	1080	50.0	10	26e0c38071ab1f605944870891d0c80e	be633287080ee790eee834f62d9f6934	1920	1080	32094.0	4.0	5851.0	6025.0	False	False
Starting_1920x1080p_50_10b_pq_70	Starting_1920x1080p_50_10b_pq_70	svtav1	svtav1_20191105_c177ded	60	59	372040.0	372.04	37.506499999999996	43.568	43.686166666666686	37.492155	43.567813	43.68572000000001	79.809961	593453.0	9.890883333333333	1920	1080	50.0	10	09f255ae08ce3211aa69afa1f70b6b2c	7549bbc147adf46e419f446370b310bc	1920	1080	11379.0	4.0	5758.0	6102.0	False	False
red_kayak_360p_60f	red_kayak_360p_60f	svtav1	svtav1_20191105_c177ded	60	20	9285297.0	9285.297	41.19899999999999	44.53533333333334	49.08133333333332	41.1158	44.491069	49.068738	99.909242	340123.0	5.668716666666667	640	360	29.97	8	7b604f4fee799e5c07aa3abd6ef7bad3	a70503d33c47116948d23b7faa5bbabc	640	360	1692.0	4.0	3753.0	568.0	False	False
red_kayak_360p_60f	red_kayak_360p_60f	svtav1	svtav1_20191105_c177ded	60	32	5468483.0	5468.482999999999	36.65	41.96366666666667	47.52450000000001	36.488948	41.894715	47.492312	99.78057400000002	832146.0	13.8691	640	360	29.97	8	99cd5ab56b1c7e644e9c0240b715d488	b4b9e88468b521a26d05084cf4e12908	640	360	1800.0	7.0	3748.0	657.0	False	False
red_kayak_360p_60f	red_kayak_360p_60f	svtav1	svtav1_20191105_c177ded	60	43	2459756.0	2459.756	31.95333333333333	39.55366666666667	46.618	31.814482	39.498377	46.583701	86.17242	362843.0	6.047383333333333	640	360	29.97	8	42e5db353639855e4e01b705e59eb397	71772ae6dc3dd8350371519da3251dba	640	360	1746.0	7.0	2911.0	606.0	False	False
red_kayak_360p_60f	red_kayak_360p_60f	svtav1	svtav1_20191105_c177ded	60	55	756450.0	756.45	28.06299999999999	37.83016666666667	45.13700000000002	27.975508	37.800464	45.058106	59.315192	250056.0	4.1676	640	360	29.97	8	7ff75f6a44fd25ce4e5fb5ee977ec0b2	a12e0d98d82acd4773f41f32fff34e2c	640	360	1785.0	8.0	2383.0	643.0	False	False
red_kayak_360p_60f	red_kayak_360p_60f	svtav1	svtav1_20191105_c177ded	60	59	414609.0	414.609	26.906000000000002	37.10616666666667	44.36400000000002	26.841152	37.081443	44.273139	44.900522	205582.0	3.4263666666666666	640	360	29.97	8	5c8089a45d2c43f2bcb58a1e1e252032	f39cb8e6883ae9bd534660807fddee24	640	360	1762.0	4.0	2177.0	652.0	False	False
aspen_1080p_60f	aspen_1080p_60f	svtav1	svtav1_20191105_c177ded	60	20	8811400.0	8811.4	44.10766666666668	48.01216666666665	49.142833333333336	44.097853	48.009039	49.140303	98.087361	4291667.0	71.52778333333333	1920	1080	29.97	8	c0cd6734a0d6cb4628f1b6af14b7acf0	67e410167dc2715e858a8b2e55766485	1920	1080	7521.0	17.0	33724.0	9569.0	False	False
aspen_1080p_60f	aspen_1080p_60f	svtav1	svtav1_20191105_c177ded	60	32	2808867.0	2808.867	42.25566666666667	47.11049999999999	48.29083333333334	42.238972	47.109162	48.287689	94.274877	1483183.0	24.719716666666667	1920	1080	29.97	8	a968d697757cd97ef1b5bc5c419f904c	35c37de07c78f5af406e0b7c5573fa2c	1920	1080	6659.0	4.0	13379.0	6059.0	False	False
aspen_1080p_60f	aspen_1080p_60f	svtav1	svtav1_20191105_c177ded	60	43	1165750.0	1165.75	40.85466666666666	45.92383333333335	47.02816666666667	40.837416	45.920247	47.024031	89.297702	1344449.0	22.40748333333333	1920	1080	29.97	8	159769e6b0806f967ea7a45813b8e541	c8d784d23e2de8bfcb4a22ff7cfd8556	1920	1080	6992.0	11.0	10981.0	6323.0	False	False
aspen_1080p_60f	aspen_1080p_60f	svtav1	svtav1_20191105_c177ded	60	55	495383.0	495.383	38.71616666666667	43.78150000000002	44.6955	38.688407	43.774952	44.691569	79.422027	721937.0	12.032283333333334	1920	1080	29.97	8	f112025e4c7797234f3cdb52c0c819cf	c822c9672f15bcf2fa0683baa9a000a2	1920	1080	6700.0	5.0	9254.0	6131.0	False	False
aspen_1080p_60f	aspen_1080p_60f	svtav1	svtav1_20191105_c177ded	60	59	327816.0	327.816	37.275999999999996	42.43899999999999	43.20300000000001	37.247963	42.432533	43.199323	71.203669	662680.0	11.044666666666666	1920	1080	29.97	8	c2890f4195950fdc50da9a9a4344dee9	c046c300e72da3982d9fab89a9c384ef	1920	1080	7036.0	4.0	8357.0	5867.0	False	False
blue_sky_360p_60f	blue_sky_360p_60f	svtav1	svtav1_20191105_c177ded	60	20	1487856.0	1487.856	44.480666666666664	45.94949999999997	47.815500000000014	44.42935	45.87209599999999	47.749474	99.92454	1295131.0	21.585516666666667	640	360	25.0	8	30f5667e9b24166b6b5b5e01a589e2dd	bf0e418803214c13dc00d020cd19b45a	640	360	2129.0	14.0	2011.0	722.0	False	False
blue_sky_360p_60f	blue_sky_360p_60f	svtav1	svtav1_20191105_c177ded	60	32	794183.0	794.1829999999999	41.89566666666666	44.224000000000004	46.04083333333334	41.785289	44.132058	45.970805	99.918555	249775.0	4.162916666666667	640	360	25.0	8	09a99fb576b33b13dc39f89e137cae1c	1c22e1093d9c4f372638c0967f0bd673	640	360	1446.0	4.0	1691.0	558.0	False	False
blue_sky_360p_60f	blue_sky_360p_60f	svtav1	svtav1_20191105_c177ded	60	43	419703.0	419.70300000000003	39.16733333333333	41.61466666666667	43.28816666666666	39.028511	41.544212	43.244682	99.783752	180765.0	3.01275	640	360	25.0	8	06c9e206df202d37ea23e80a3b57b44e	aa7304057724590d1f2dd3f01cc9d0b1	640	360	1533.0	4.0	1371.0	492.0	False	False
blue_sky_360p_60f	blue_sky_360p_60f	svtav1	svtav1_20191105_c177ded	60	55	194233.0	194.233	35.505999999999986	37.686333333333344	39.74166666666667	35.416112	37.660219	39.729091	94.78957800000002	133654.0	2.2275666666666667	640	360	25.0	8	5d24983f4cd1f1a0f12c1601030ccd33	4ab66db034cb4a05e466a7e69e4ce66a	640	360	1473.0	6.0	1266.0	569.0	False	False
blue_sky_360p_60f	blue_sky_360p_60f	svtav1	svtav1_20191105_c177ded	60	59	130730.0	130.73	33.26783333333333	35.82366666666667	38.45583333333333	33.228095	35.813253	38.448682	89.099944	161091.0	2.68485	640	360	25.0	8	adce4053a35256867052d28d9ac3a80f	8091983fec775f1ae03f525ccc0e4a98	640	360	1648.0	8.0	2408.0	762.0	False	False
Netflix_Crosswalk_1920x1080_60fp	Netflix_Crosswalk_1920x1080_60fp	svtav1	svtav1_20191105_c177ded	60	20	8037480.0	8037.48	45.61583333333333	48.37066666666669	50.21633333333332	45.603493	48.365534	50.209294	99.21774	2059266.0	34.3211	1920	1080	60.0	8	17499d9cce487a880e8e8f38689144d0	c3921aa64dd9fb953d58a64f859ccf72	1920	1080	6921.0	8.0	17677.0	6723.0	False	False
Netflix_Crosswalk_1920x1080_60fp	Netflix_Crosswalk_1920x1080_60fp	svtav1	svtav1_20191105_c177ded	60	32	4111000.0	4111.0	44.404999999999994	47.645500000000006	49.46	44.371704	47.637983	49.452719	96.141545	1790609.0	29.84348333333333	1920	1080	60.0	8	fe6baf6e99e959ab4e55f585db0174d9	938c896490326f447bc800679e852ab3	1920	1080	6384.0	14.0	24520.0	9089.0	False	False
Netflix_Crosswalk_1920x1080_60fp	Netflix_Crosswalk_1920x1080_60fp	svtav1	svtav1_20191105_c177ded	60	43	2107264.0	2107.264	42.69400000000001	46.64066666666668	48.394833333333324	42.628479	46.631466	48.383571	90.205485	925411.0	15.423516666666666	1920	1080	60.0	8	375a9b9a354f76dac90161b77f108cb8	b78564329daf00526eb90d4f7649b593	1920	1080	6602.0	7.0	12820.0	6172.0	False	False
Netflix_Crosswalk_1920x1080_60fp	Netflix_Crosswalk_1920x1080_60fp	svtav1	svtav1_20191105_c177ded	60	55	977784.0	977.784	40.06216666666666	44.91250000000001	46.55183333333333	39.969989000000005	44.900337	46.536409	77.080184	698344.0	11.639066666666666	1920	1080	60.0	8	8f38d274963fc1b38193e5d5cf84efb1	33851829a97546b008aa468f9396e869	1920	1080	6739.0	4.0	11154.0	6148.0	False	False
Netflix_Crosswalk_1920x1080_60fp	Netflix_Crosswalk_1920x1080_60fp	svtav1	svtav1_20191105_c177ded	60	59	702080.0	702.08	38.673666666666676	43.94866666666666	45.526499999999984	38.59586	43.936514	45.512701	68.333719	824087.0	13.734783333333333	1920	1080	60.0	8	da4e2413ee73d0083aa2cb9dba66a898	f377532fe6c619bdc093fc4b1c84806a	1920	1080	7055.0	5.0	10687.0	6402.0	False	False
Netflix_TunnelFlag_1920x1080_60f	Netflix_TunnelFlag_1920x1080_60f	svtav1	svtav1_20191105_c177ded	60	20	28351096.0	28351.096	42.87550000000002	46.91733333333332	48.43583333333332	42.856882	46.909468	48.432793	99.930444	2097098.0	34.951633333333334	1920	1080	60.0	8	6298a4a22e0fdae2f3d892397d54a2d9	5de0e5957150673f67063f4e5941e1e7	1920	1080	8778.0	5.0	20807.0	6337.0	False	False
Netflix_TunnelFlag_1920x1080_60f	Netflix_TunnelFlag_1920x1080_60f	svtav1	svtav1_20191105_c177ded	60	32	14345144.0	14345.144	40.613166666666665	45.37033333333332	47.16433333333334	40.574449	45.365394	47.161254	99.915301	1699945.0	28.332416666666667	1920	1080	60.0	8	444008e5f713d4a11f11d64450527dc8	e630fa4d0d7ee4eca9017b32b4f36364	1920	1080	9071.0	4.0	17916.0	6224.0	False	False
Netflix_TunnelFlag_1920x1080_60f	Netflix_TunnelFlag_1920x1080_60f	svtav1	svtav1_20191105_c177ded	60	43	7164616.0	7164.616	38.10033333333333	43.43449999999998	45.55033333333334	38.04665	43.42776	45.545542	99.879719	5862230.0	97.70383333333334	1920	1080	60.0	8	c214619c75e1a629dee274917bd5a219	063f7ec447418d904f695f1fa4c3b32d	1920	1080	16306.0	5.0	14912.0	6222.0	False	False
Netflix_TunnelFlag_1920x1080_60f	Netflix_TunnelFlag_1920x1080_60f	svtav1	svtav1_20191105_c177ded	60	55	3424056.0	3424.056	35.23000000000001	40.48583333333331	42.797666666666686	35.191071	40.48172	42.792823	99.788133	1011293.0	16.854883333333333	1920	1080	60.0	8	6c72651fb18ba8c08fcb913d4be82903	931946301ad9233e212060a0bec5d5a0	1920	1080	9158.0	5.0	13087.0	6324.0	False	False
Netflix_TunnelFlag_1920x1080_60f	Netflix_TunnelFlag_1920x1080_60f	svtav1	svtav1_20191105_c177ded	60	59	2510528.0	2510.528	33.806000000000004	39.04983333333333	41.05366666666667	33.782154	39.045214	41.048768	99.652061	912314.0	15.205233333333334	1920	1080	60.0	8	c7fff5274362bfcdfd4c0c4a77487335	aa8bb1afd4798af83e9191d8304d1fdb	1920	1080	9347.0	5.0	12656.0	6034.0	False	False
Netflix_SquareAndTimelapse_1920x	Netflix_SquareAndTimelapse_1920x	svtav1	svtav1_20191105_c177ded	60	20	21537608.0	21537.608	44.68949999999999	49.06116666666667	48.23583333333332	44.672012	49.055214	48.226567	99.893772	3857407.0	64.29011666666666	1920	1080	60.0	8	135d44470f82d18704643a27fe1a3410	78637de4afba0cabf143e74f477b26d0	1920	1080	16104.0	7.0	16787.0	7154.0	False	False
Netflix_SquareAndTimelapse_1920x	Netflix_SquareAndTimelapse_1920x	svtav1	svtav1_20191105_c177ded	60	32	12335248.0	12335.248	42.38816666666667	47.42716666666666	46.41233333333333	42.359673	47.419524	46.39966	99.882545	4812154.0	80.20256666666667	1920	1080	60.0	8	a186658ba5560a063ce9aa9185b0fe8a	364783a37f57d6bab81f07695ab30bea	1920	1080	22339.0	6.0	16719.0	7719.0	False	False
Netflix_SquareAndTimelapse_1920x	Netflix_SquareAndTimelapse_1920x	svtav1	svtav1_20191105_c177ded	60	43	6840896.0	6840.896	39.59733333333332	45.45133333333333	44.203999999999986	39.550421	45.441003	44.188623	98.949549	1935357.0	32.25595	1920	1080	60.0	8	5b18f7d8affe0e9ac6526114e67411f4	c3e4bb570cc76ce916f794489839366f	1920	1080	18496.0	13.0	21545.0	7510.0	False	False
Netflix_SquareAndTimelapse_1920x	Netflix_SquareAndTimelapse_1920x	svtav1	svtav1_20191105_c177ded	60	55	3179480.0	3179.48	35.8125	42.43200000000001	41.10383333333332	35.770786	42.423185	41.092703	89.42536	1067168.0	17.786133333333332	1920	1080	60.0	8	a7d790ec5be73f46629d8fc693e5afbc	b2d6306c641014cb63cb180b57ddb281	1920	1080	8978.0	4.0	11494.0	6709.0	False	False
Netflix_SquareAndTimelapse_1920x	Netflix_SquareAndTimelapse_1920x	svtav1	svtav1_20191105_c177ded	60	59	2146032.0	2146.032	33.841000000000015	40.660999999999994	39.32966666666666	33.816742	40.655241	39.322534	81.208889	937591.0	15.626516666666667	1920	1080	60.0	8	34c20db1675e8d5a9f271c8e7d174de7	34f82ed5cbb5203ac85f1488d0a4dd6a	1920	1080	8509.0	5.0	10571.0	6397.0	False	False
dark720p_60f	dark720p_60f	svtav1	svtav1_20191105_c177ded	60	20	7594964.0	7594.963999999999	46.11533333333333	43.62316666666667	45.217666666666666	46.051229	43.236671	45.009712	96.261475	1482190.0	24.703166666666668	1280	720	30.0	8	6fa529cd1c9179f16073b2e3618fb44f	edfd0dcd1eb788536205a68338b164c1	1280	720	3954.0	4.0	11115.0	2548.0	False	False
dark720p_60f	dark720p_60f	svtav1	svtav1_20191105_c177ded	60	32	1960836.0	1960.836	43.65750000000001	39.28299999999999	41.967000000000006	43.61871899999999	39.185526	41.933084	93.338377	776691.0	12.94485	1280	720	30.0	8	d1544c4d0b258735c33e8735f956cbad	f8ca3096faa800df5d9a76a150c45b4d	1280	720	3329.0	6.0	8553.0	2664.0	False	False
dark720p_60f	dark720p_60f	svtav1	svtav1_20191105_c177ded	60	43	355848.0	355.848	42.37133333333333	37.05666666666668	40.926000000000016	42.357087	37.037181	40.919313	90.640655	511940.0	8.532333333333334	1280	720	30.0	8	c27ae216952562e09a3d94fe99addc30	93ccfac3024dc53f9e17af127b3aefa6	1280	720	3498.0	4.0	4693.0	2411.0	False	False
dark720p_60f	dark720p_60f	svtav1	svtav1_20191105_c177ded	60	55	122376.0	122.376	40.92133333333334	36.33399999999998	39.96033333333334	40.914812	36.331294	39.956562	86.393135	827722.0	13.795366666666666	1280	720	30.0	8	dbbd75d72746573655edeeb8660932e1	e72d189fd85b033f454affd7239fb0ce	1280	720	3763.0	4.0	3062.0	2606.0	False	False
dark720p_60f	dark720p_60f	svtav1	svtav1_20191105_c177ded	60	59	84892.0	84.892	39.7685	35.81616666666665	39.20933333333333	39.764163	35.814485	39.201225	82.835817	287690.0	4.794833333333333	1280	720	30.0	8	4da8a62d700f61a35f141f52f5ada028	67a9e5d4878392f559f74181523e1aac	1280	720	3480.0	4.0	2397.0	2476.0	False	False
STARCRAFT_60f_420	STARCRAFT_60f_420	svtav1	svtav1_20191105_c177ded	60	20	7832696.0	7832.696	50.51200000000001	53.55466666666668	53.543499999999995	50.49998	53.544911	53.537505	97.62899	798398.0	13.306633333333334	1920	1080	60.0	8	207735340e2d0010990c1a23a07c14ad	f0a0b374970d93338dd7a4c4c2e2431a	1920	1080	8142.0	11.0	2815.0	5596.0	False	False
STARCRAFT_60f_420	STARCRAFT_60f_420	svtav1	svtav1_20191105_c177ded	60	32	4732648.0	4732.648	47.54666666666666	51.47566666666668	51.60433333333332	47.526762	51.457249	51.596194	96.987137	777446.0	12.957433333333332	1920	1080	60.0	8	06f2238b8a7541581e95ab64f2f60775	800819076d0949306fa90573962cb70d	1920	1080	8014.0	5.0	2759.0	5922.0	False	False
STARCRAFT_60f_420	STARCRAFT_60f_420	svtav1	svtav1_20191105_c177ded	60	43	2810704.0	2810.704	44.23366666666667	49.10283333333334	49.2585	44.202155	49.072577	49.24565599999999	95.620932	815915.0	13.598583333333334	1920	1080	60.0	8	3d73c1443d1561540c1bc68cb9cd0f6e	15ddb04e222e8af2038f11745b1a3695	1920	1080	8033.0	4.0	2917.0	6293.0	False	False
STARCRAFT_60f_420	STARCRAFT_60f_420	svtav1	svtav1_20191105_c177ded	60	55	1149424.0	1149.424	38.880999999999986	44.917333333333325	44.993333333333354	38.864232	44.89796	44.98297	90.33564499999999	497282.0	8.288033333333333	1920	1080	60.0	8	56bee46bd681936c9b1a948cd88b55a9	c6889aa13214f2bb97e581aae33c738f	1920	1080	7840.0	5.0	2575.0	6066.0	False	False
STARCRAFT_60f_420	STARCRAFT_60f_420	svtav1	svtav1_20191105_c177ded	60	59	669280.0	669.28	35.854166666666664	42.40166666666668	42.54933333333334	35.845626	42.390595	42.544056	83.737171	527925.0	8.79875	1920	1080	60.0	8	9715c8132200c2360e2c767d0199c828	6c94fc6dc3e2c25b632cf3901afa6334	1920	1080	8164.0	4.0	2370.0	6116.0	False	False
shields_640x360_60f	shields_640x360_60f	svtav1	svtav1_20191105_c177ded	60	20	2552493.0	2552.493	42.50516666666667	45.78650000000002	47.52800000000001	42.376212	45.760043	47.458122	99.44524	298121.0	4.968683333333333	640	360	50.0	8	a0f9963fb28361f04a1c47c1ea1a3463	5ae426b21f2e1700874b8c8483a25e20	640	360	1872.0	3.0	1559.0	570.0	False	False
shields_640x360_60f	shields_640x360_60f	svtav1	svtav1_20191105_c177ded	60	32	1333473.0	1333.4730000000002	40.83516666666667	44.284	45.87850000000002	40.637327	44.243662	45.773911	99.434024	293915.0	4.898583333333334	640	360	50.0	8	8162b9f9fb917ebc4cc89cb9fbc1ca52	7f69cf9557f6f74495093fe79546c4ee	640	360	2129.0	4.0	1322.0	586.0	False	False
shields_640x360_60f	shields_640x360_60f	svtav1	svtav1_20191105_c177ded	60	43	696920.0	696.92	38.33549999999999	41.56283333333334	43.28383333333332	38.069112	41.48468	43.123231	99.40170000000002	928180.0	15.469666666666667	640	360	50.0	8	25fa22d85f803f2d2445cc62e998d444	5846efa11b663440d034ccbb80131501	640	360	3003.0	4.0	1180.0	628.0	False	False
shields_640x360_60f	shields_640x360_60f	svtav1	svtav1_20191105_c177ded	60	55	352000.0	352.0	34.9475	38.40416666666667	40.35916666666666	34.602468	38.249498	40.120145	96.373405	207492.0	3.4582	640	360	50.0	8	65abbed1c8249410bffcbf6893b1ca4a	22f9dfa5de0c9b2e543504999715076f	640	360	2133.0	15.0	1748.0	812.0	False	False
shields_640x360_60f	shields_640x360_60f	svtav1	svtav1_20191105_c177ded	60	59	239840.0	239.84	32.767500000000005	36.72883333333334	38.652166666666645	32.372749	36.527623	38.419644	91.042501	187814.0	3.1302333333333334	640	360	50.0	8	0175b87eb82f14478e441cc3dee0ce15	354d97e1a61dd188b2e67ffac1553b1a	640	360	2217.0	6.0	973.0	592.0	False	False
Netflix_RollerCoaster_1280x720_6	Netflix_RollerCoaster_1280x720_6	svtav1	svtav1_20191105_c177ded	60	20	9145368.0	9145.368	45.03649999999998	47.006	47.05883333333335	45.021154	46.993478	47.049192999999995	99.920351	1585917.0	26.43195	1280	720	60.0	8	e3a9fc7d3427445b0f23967ee794d377	efa343394cce2de785cb72a008cfaade	1280	720	4355.0	4.0	7478.0	2531.0	False	False
Netflix_RollerCoaster_1280x720_6	Netflix_RollerCoaster_1280x720_6	svtav1	svtav1_20191105_c177ded	60	32	4663768.0	4663.768	42.92933333333333	45.48583333333333	45.84466666666667	42.891646	45.464538	45.83277	99.872762	1077139.0	17.95231666666667	1280	720	60.0	8	de67f3afd440e0271f85a9a12fbdd302	c691c5c04b3ee9a25993f84894453e3a	1280	720	5156.0	13.0	6333.0	2461.0	False	False
Netflix_RollerCoaster_1280x720_6	Netflix_RollerCoaster_1280x720_6	svtav1	svtav1_20191105_c177ded	60	43	2364920.0	2364.92	40.442666666666646	43.42316666666666	44.17916666666667	40.3951	43.399372	44.167346	98.083643	3563537.0	59.39228333333333	1280	720	60.0	8	6cc299e0caeeb2d4fc38207c8a8fffc9	61956ecb46cec62440d86f95a0a31d4c	1280	720	7650.0	32.0	7825.0	3464.0	False	False
Netflix_RollerCoaster_1280x720_6	Netflix_RollerCoaster_1280x720_6	svtav1	svtav1_20191105_c177ded	60	55	1079376.0	1079.376	37.12066666666666	40.57099999999999	41.8255	37.082363	40.548356	41.815711	89.618554	514159.0	8.569316666666667	1280	720	60.0	8	0a41f3afb9a1e31ceb1c652375976cc9	36b0c1fc41f4c1d39f1322fbb2801f79	1280	720	4210.0	4.0	4896.0	2554.0	False	False
Netflix_RollerCoaster_1280x720_6	Netflix_RollerCoaster_1280x720_6	svtav1	svtav1_20191105_c177ded	60	59	755816.0	755.816	35.538666666666664	39.08533333333335	40.69683333333331	35.503718	39.063478	40.685932	82.886395	551087.0	9.184783333333334	1280	720	60.0	8	aeb6b90c2ccb8d03223d27e47556d4a0	071b54357095d430e9f0817b7781b333	1280	720	4196.0	4.0	4538.0	2490.0	False	False
Netflix_PierSeaside_1920x1080_60	Netflix_PierSeaside_1920x1080_60	svtav1	svtav1_20191105_c177ded	60	20	8248344.0	8248.344	45.43249999999999	47.446333333333335	45.512333333333345	45.411654	47.435118	45.498301	99.883276	5265051.0	87.75085	1920	1080	60.0	8	3680943b5f1ceba77b06a4b305960d26	6f592bf1ac2fd2efa1fef20af04f556a	1920	1080	14245.0	7.0	11352.0	5974.0	False	False
Netflix_PierSeaside_1920x1080_60	Netflix_PierSeaside_1920x1080_60	svtav1	svtav1_20191105_c177ded	60	32	3504728.0	3504.728	43.76333333333333	46.640499999999996	44.894999999999996	43.720808	46.62803	44.880302	99.407375	2738473.0	45.641216666666665	1920	1080	60.0	8	7fd40ad9ad0496232c145e858dd4d3d8	2ba86641580945d929598b5abe991b5a	1920	1080	14928.0	5.0	8890.0	6895.0	False	False
Netflix_PierSeaside_1920x1080_60	Netflix_PierSeaside_1920x1080_60	svtav1	svtav1_20191105_c177ded	60	43	1671552.0	1671.552	41.93250000000001	45.55949999999999	44.166833333333344	41.86708	45.546363	44.1537	97.592839	3717164.0	61.952733333333335	1920	1080	60.0	8	2ab33c911d79fd69ebff1020fd60308b	3659602323cdcb2f3a93c74400e29b2b	1920	1080	30093.0	8.0	12393.0	8111.0	False	False
Netflix_PierSeaside_1920x1080_60	Netflix_PierSeaside_1920x1080_60	svtav1	svtav1_20191105_c177ded	60	55	643600.0	643.6	39.0465	43.138500000000015	42.35800000000001	38.990317	43.126784	42.348969	91.886554	626571.0	10.44285	1920	1080	60.0	8	a06cb7344ce7a71bd27e1fd31f62f026	278363f83a1fe945e43f3cf742cf867f	1920	1080	7937.0	6.0	7145.0	5378.0	False	False
Netflix_PierSeaside_1920x1080_60	Netflix_PierSeaside_1920x1080_60	svtav1	svtav1_20191105_c177ded	60	59	377528.0	377.528	37.00950000000001	41.382	40.83766666666668	36.97723800000001	41.375567	40.831676	85.01902	816610.0	13.610166666666666	1920	1080	60.0	8	617c5d06c4cdea52b2f5f1c58f4780a9	26853216c3a103c03c4d45c93b1739d7	1920	1080	9205.0	5.0	7661.0	5777.0	False	False
ShowGirl2TeaserClip4000_1920x108	ShowGirl2TeaserClip4000_1920x108	svtav1	svtav1_20191105_c177ded	60	20	3320810.0	3320.81	42.389333333333326	46.52349999999999	49.24199999999998	42.38823	46.522665	49.241327	95.21555199999999	6747057.0	112.45095	1920	1080	25.0	10	2f3ac1fb2359fe46083f5730bbbfb276	cdad90b8549a8567c516f3babcdd3d9f	1920	1080	27833.0	12.0	12028.0	6568.0	False	False
ShowGirl2TeaserClip4000_1920x108	ShowGirl2TeaserClip4000_1920x108	svtav1	svtav1_20191105_c177ded	60	32	1322343.0	1322.343	41.610166666666665	46.11299999999998	48.57199999999997	41.607232	46.112133	48.571436	93.199576	1205722.0	20.095366666666667	1920	1080	25.0	10	c4b371df9e03008a6e9f70db2dd04217	1ccd5c8057acbd7dad78f2ec43dd04cb	1920	1080	13443.0	5.0	9124.0	6390.0	False	False
ShowGirl2TeaserClip4000_1920x108	ShowGirl2TeaserClip4000_1920x108	svtav1	svtav1_20191105_c177ded	60	43	792820.0	792.82	40.87233333333332	45.90233333333336	48.282	40.859653	45.900632	48.280648	90.560409	1553726.0	25.895433333333333	1920	1080	25.0	10	f605a77dcd49de7db83ccdae056945bf	dfe117784cbc5525e02b74b80a246ad2	1920	1080	14871.0	5.0	7472.0	9200.0	False	False
ShowGirl2TeaserClip4000_1920x108	ShowGirl2TeaserClip4000_1920x108	svtav1	svtav1_20191105_c177ded	60	55	339190.0	339.19	38.85283333333334	44.732000000000006	46.718666666666685	38.82675	44.731137	46.718184	82.949505	1280164.0	21.336066666666667	1920	1080	25.0	10	942a41e43b39b10bcc7f62bb69154637	526b0266311dc039c16e74aaf7efc721	1920	1080	14020.0	4.0	6182.0	6319.0	False	False
ShowGirl2TeaserClip4000_1920x108	ShowGirl2TeaserClip4000_1920x108	svtav1	svtav1_20191105_c177ded	60	59	206780.0	206.78	37.19233333333332	43.60333333333333	45.38250000000002	37.176956	43.602895	45.382332	75.02395	1004886.0	16.7481	1920	1080	25.0	10	3294808714f1df2ae387dbfe4c8522b6	90316063ac8c06199bdef4f0493f0c88	1920	1080	14244.0	5.0	6173.0	6375.0	False	False
Cosmos1_1920x856_BT2100_PQ_24fps	Cosmos1_1920x856_BT2100_PQ_24fps	svtav1	svtav1_20191105_c177ded	60	20	25197542.0	25197.542	42.35216666666667	45.214999999999996	47.73566666666666	42.314529	45.166587	47.707167	99.434861	1507198.0	25.119966666666667	1920	856	24.0	10	fd1600ab3acbe9b6de3433b95c39c18c	97614ac29be55c4253aac59368b31488	1920	856	11870.0	6.0	27467.0	4575.0	False	False
Cosmos1_1920x856_BT2100_PQ_24fps	Cosmos1_1920x856_BT2100_PQ_24fps	svtav1	svtav1_20191105_c177ded	60	32	10507942.0	10507.942	38.51183333333333	43.174333333333315	46.05749999999999	38.378909	43.13916	46.040114	95.476354	6754572.0	112.5762	1920	856	24.0	10	ae26a2df705b0ff4cb84148230047047	9f0dc4bfd3706a7d5caca946da1cd068	1920	856	23854.0	4.0	20368.0	4968.0	False	False
Cosmos1_1920x856_BT2100_PQ_24fps	Cosmos1_1920x856_BT2100_PQ_24fps	svtav1	svtav1_20191105_c177ded	60	43	4036204.0	4036.204	35.594833333333334	41.53966666666667	44.20633333333333	35.490535	41.515976	44.185715	84.959732	1143548.0	19.05913333333333	1920	856	24.0	10	acdc749cfa9540b2754656c0502c2f3b	74a63a39b5e21938553941687f0d6a4f	1920	856	11185.0	5.0	14583.0	4478.0	False	False
Cosmos1_1920x856_BT2100_PQ_24fps	Cosmos1_1920x856_BT2100_PQ_24fps	svtav1	svtav1_20191105_c177ded	60	55	1485507.0	1485.507	32.81	39.85249999999999	42.23833333333334	32.74524	39.83228900000001	42.229412	65.656814	1526951.0	25.449183333333334	1920	856	24.0	10	b72a213af45b531f2630812ad8215bd6	00b58ab337fd4115e1afdce4ac94b85a	1920	856	12021.0	5.0	12515.0	4599.0	False	False
Cosmos1_1920x856_BT2100_PQ_24fps	Cosmos1_1920x856_BT2100_PQ_24fps	svtav1	svtav1_20191105_c177ded	60	59	879187.0	879.187	31.45316666666667	38.836166666666664	41.331833333333336	31.410118	38.823938	41.329578	54.081781	4835567.0	80.59278333333333	1920	856	24.0	10	04dd75439fcf49eb7452363ff411daef	4f4c7c1abb13063c79bd3d49faee0002	1920	856	24105.0	5.0	18841.0	6053.0	False	False
life_1080p30_60f	life_1080p30_60f	svtav1	svtav1_20191105_c177ded	60	20	12956268.0	12956.268	44.45283333333334	49.665333333333365	49.261166666666696	44.437092	49.65733	49.253916	99.461646	1699596.0	28.3266	1920	1080	30.0	8	ed35a2e38b04d245f1e4fd69273dcb85	ee8a452cdaa08f99d117ec15d5b41b18	1920	1080	9430.0	5.0	13334.0	6101.0	False	False
life_1080p30_60f	life_1080p30_60f	svtav1	svtav1_20191105_c177ded	60	32	6463620.0	6463.62	41.8375	47.714499999999994	47.46766666666665	41.808169	47.699403	47.456684	97.915579	2038334.0	33.972233333333335	1920	1080	30.0	8	c8bcb86f6768fe23b8f04941fab582ed	83620dc55f0d49ed37f8fe7ada0d3f61	1920	1080	10837.0	7.0	11893.0	6307.0	False	False
life_1080p30_60f	life_1080p30_60f	svtav1	svtav1_20191105_c177ded	60	43	3110444.0	3110.444	38.93900000000001	45.54400000000001	45.40399999999998	38.908065	45.521831	45.389502	94.713261	5793066.0	96.5511	1920	1080	30.0	8	28cbe8cfeec0a8e76934777620435544	8bcab1dc64fd5a3c7af2a5a3034845be	1920	1080	15950.0	4.0	10507.0	6214.0	False	False
life_1080p30_60f	life_1080p30_60f	svtav1	svtav1_20191105_c177ded	60	55	1321528.0	1321.528	35.405333333333346	42.80983333333334	42.67866666666666	35.384747	42.790365	42.66401	88.009947	2044509.0	34.07515	1920	1080	30.0	8	3fc09d13a3608761114c95ac16994779	01d5eb68b84e66e35ca20e10e083681a	1920	1080	10237.0	13.0	9550.0	7652.0	False	False
life_1080p30_60f	life_1080p30_60f	svtav1	svtav1_20191105_c177ded	60	59	815852.0	815.852	33.59866666666667	41.18816666666666	40.88016666666666	33.588693	41.17812	40.874255	81.703135	923742.0	15.3957	1920	1080	30.0	8	3503ed9cf3bee50b544fb6d09b2d118d	dbc062252862d3f697fbedda4146a640	1920	1080	9288.0	3.0	8913.0	6575.0	False	False
speed_bag_640x360_60f	speed_bag_640x360_60f	svtav1	svtav1_20191105_c177ded	60	20	532137.0	532.137	47.2855	50.06583333333332	51.44583333333334	47.193083	50.000394	51.374317	98.36915	207222.0	3.4537	640	360	29.97	8	c465ed7210cf4fd17195f59f83724d45	a85c4d8d6b2323791549fb712788cbd7	640	360	1244.0	4.0	1501.0	555.0	False	False
speed_bag_640x360_60f	speed_bag_640x360_60f	svtav1	svtav1_20191105_c177ded	60	32	273467.0	273.467	45.42050000000002	48.75016666666668	50.33233333333333	45.300965	48.671115	50.227386	97.548892	158624.0	2.6437333333333335	640	360	29.97	8	9571e2a6fb39857c038bdf202907e16b	6dd420a463491bbfcba493794e24562a	640	360	1407.0	3.0	1283.0	845.0	False	False
speed_bag_640x360_60f	speed_bag_640x360_60f	svtav1	svtav1_20191105_c177ded	60	43	152709.0	152.709	43.37749999999999	47.10016666666665	48.853666666666655	43.166306	46.988806	48.698019	95.357142	206394.0	3.4399	640	360	29.97	8	8f1d9f1c7eb1dd35a7e7201ff30321b0	26be2f5eade4d56c7eb8bf13e8c5c011	640	360	1915.0	4.0	1177.0	613.0	False	False
speed_bag_640x360_60f	speed_bag_640x360_60f	svtav1	svtav1_20191105_c177ded	60	55	77416.0	77.416	40.18616666666667	44.293166666666664	46.66066666666667	39.926701	44.168171	46.447702	86.671191	130117.0	2.168616666666667	640	360	29.97	8	0381d04e57541fbd023f3962744ac28d	ea07ddf0a947724b6a1a6203805051d9	640	360	1522.0	8.0	1090.0	768.0	False	False
speed_bag_640x360_60f	speed_bag_640x360_60f	svtav1	svtav1_20191105_c177ded	60	59	55894.0	55.894	38.230999999999995	42.801166666666674	45.18783333333334	38.023785	42.695375	45.002551	79.774826	80332.0	1.3388666666666666	640	360	29.97	8	17360a69db5ea56300ede6a13f72c1e6	1e46889eb54491cc52ce356b88aad9c9	640	360	1083.0	5.0	898.0	617.0	False	False
Netflix_Boat_1920x1080_60fps_8bi	Netflix_Boat_1920x1080_60fps_8bi	svtav1	svtav1_20191105_c177ded	60	20	31439224.0	31439.224	43.851333333333336	46.367	48.1865	43.82450000000001	46.331259	48.154129	99.91120100000002	3481385.0	58.02308333333333	1920	1080	60.0	8	03adccddbbc23097d9fb7d0cf7bf5194	295b1e97332fad011bfe2fc3086ce875	1920	1080	26352.0	5.0	17023.0	7384.0	False	False
Netflix_Boat_1920x1080_60fps_8bi	Netflix_Boat_1920x1080_60fps_8bi	svtav1	svtav1_20191105_c177ded	60	32	18243912.0	18243.912	41.587333333333355	45.045499999999976	46.646333333333324	41.521664	45.000702	46.611665	99.76679799999998	2906138.0	48.435633333333335	1920	1080	60.0	8	ca94a357ece18098c57e446948f6f6ee	b754e802d571e1d5a26d047e0d33083c	1920	1080	10171.0	7.0	14109.0	7233.0	False	False
Netflix_Boat_1920x1080_60fps_8bi	Netflix_Boat_1920x1080_60fps_8bi	svtav1	svtav1_20191105_c177ded	60	43	9614176.0	9614.176	38.544	43.10133333333332	44.160000000000004	38.450731	43.073609	44.14564	96.577182	3614067.0	60.23445	1920	1080	60.0	8	0f6aa655a6bfcb61476e67f057db06e4	c64b843fcd98df5708f70ee4338509ae	1920	1080	22468.0	6.0	10954.0	6174.0	False	False
Netflix_Boat_1920x1080_60fps_8bi	Netflix_Boat_1920x1080_60fps_8bi	svtav1	svtav1_20191105_c177ded	60	55	4243656.0	4243.656	34.33183333333333	40.66983333333334	41.26733333333334	34.255422	40.65231099999999	41.264074	87.795557	1255357.0	20.922616666666666	1920	1080	60.0	8	a7c0757c5471a601f18e8d3add3ae69d	2b86d6c78e317dd59c99842402e8d3ae	1920	1080	10728.0	4.0	9715.0	9560.0	False	False
Netflix_Boat_1920x1080_60fps_8bi	Netflix_Boat_1920x1080_60fps_8bi	svtav1	svtav1_20191105_c177ded	60	59	2729344.0	2729.344	32.04399999999999	39.13	39.73933333333335	32.007506	39.120277	39.737957	79.939961	1824317.0	30.405283333333333	1920	1080	60.0	8	d25d7436fe42be18954d214a415b5f38	2aeae35a129cb7ca49d1c6d4bcbeb007	1920	1080	10717.0	3.0	9078.0	6598.0	False	False
thaloundeskmtg360p_60f	thaloundeskmtg360p_60f	svtav1	svtav1_20191105_c177ded	60	20	913516.0	913.516	44.7785	48.7245	48.749666666666684	44.594873	48.678429	48.71833	97.010364	247732.0	4.128866666666666	640	360	30.0	8	a33b4797b7c9383366b5825479b4214e	6366debb4b13ddacea121ffdb56b9a1c	640	360	1695.0	4.0	1248.0	629.0	False	False
thaloundeskmtg360p_60f	thaloundeskmtg360p_60f	svtav1	svtav1_20191105_c177ded	60	32	514836.0	514.836	43.36950000000001	47.71866666666667	47.821166666666656	43.124111	47.671076	47.791176	96.011216	215736.0	3.5956	640	360	30.0	8	48ca6fa3086d52a4a532601d233b740a	49a47d09a8b13cea1bcef5cc652ec9d1	640	360	1459.0	5.0	939.0	574.0	False	False
thaloundeskmtg360p_60f	thaloundeskmtg360p_60f	svtav1	svtav1_20191105_c177ded	60	43	270304.0	270.304	41.28449999999999	45.98483333333333	46.10833333333334	40.921912	45.950471	46.079571	93.974019	123169.0	2.0528166666666667	640	360	30.0	8	15308445d9b602502d97988c8236d4e4	992de76e7dc18702824d6c0ff77316ef	640	360	1408.0	4.0	790.0	566.0	False	False
thaloundeskmtg360p_60f	thaloundeskmtg360p_60f	svtav1	svtav1_20191105_c177ded	60	55	132132.0	132.132	37.97466666666667	43.16466666666666	43.06700000000001	37.674246	43.145849	43.031884	88.763458	166997.0	2.7832833333333333	640	360	30.0	8	05f4d653e4c3a264f1ae1ce191668c19	2c65df0cc2d1c84e280c95efd587ab05	640	360	1513.0	16.0	1107.0	752.0	False	False
thaloundeskmtg360p_60f	thaloundeskmtg360p_60f	svtav1	svtav1_20191105_c177ded	60	59	92820.0	92.82	35.91116666666666	41.504166666666656	41.606333333333325	35.593508	41.482456	41.582381000000005	83.518932	1101183.0	18.35305	640	360	30.0	8	145acf230766088e863df5970b10bc4a	6edfc9a93a04f096d79f6915fe8a7a72	640	360	3644.0	5.0	754.0	1131.0	False	False
gipsrestat720p_60f	gipsrestat720p_60f	svtav1	svtav1_20191105_c177ded	60	20	3640060.0	3640.06	44.95116666666667	47.473	49.08866666666666	44.940498	47.468525	49.085027	97.005617	1572334.0	26.205566666666666	1280	720	50.0	8	45a2a1eeee2a753112a44aaa7870fc9b	f579b975f032b150004d4f7551db1aed	1280	720	14593.0	10.0	4780.0	2884.0	False	False
gipsrestat720p_60f	gipsrestat720p_60f	svtav1	svtav1_20191105_c177ded	60	32	1458133.0	1458.133	43.45016666666667	46.96083333333333	48.47649999999999	43.426518	46.957004	48.470942	95.878772	534263.0	8.904383333333334	1280	720	50.0	8	7f9684a371a58ab1a8ebb053304947cd	5de1aa7c582e18af73e63e6dbec6dd2a	1280	720	4079.0	4.0	2305.0	2479.0	False	False
gipsrestat720p_60f	gipsrestat720p_60f	svtav1	svtav1_20191105_c177ded	60	43	737100.0	737.1	41.841000000000015	46.12383333333333	47.46849999999998	41.799882	46.121912	47.464686	94.222655	393086.0	6.551433333333334	1280	720	50.0	8	762702522b6c311059c7ecfc5a727600	b6678b00d44ab17f5f47038846c2fd5b	1280	720	3916.0	4.0	1967.0	2465.0	False	False
gipsrestat720p_60f	gipsrestat720p_60f	svtav1	svtav1_20191105_c177ded	60	55	340466.0	340.466	38.95183333333334	44.089833333333345	45.00066666666668	38.927304	44.08834	44.998979	89.514206	390312.0	6.5052	1280	720	50.0	8	41d64a35d4fbc7cdcf4505315d5f78a8	e2ef87af701d314b6cadb43907a9d2be	1280	720	4263.0	4.0	1666.0	2642.0	False	False
gipsrestat720p_60f	gipsrestat720p_60f	svtav1	svtav1_20191105_c177ded	60	59	223206.0	223.206	36.84683333333334	42.60583333333333	43.23283333333333	36.835729	42.604845	43.231596	84.504696	304690.0	5.078166666666666	1280	720	50.0	8	7d4c11a4bd8ce4b8c83b562f1ee4e8b0	df4005cdb794a88a936ab487a1a34457	1280	720	3821.0	5.0	1587.0	2576.0	False	False
