RollerCoastPas_1920x1080_2997_10	RollerCoastPas_1920x1080_2997_10	svtav1	svtav1_20200819_31b1e31_enc-mode0	60	20	0	3297339.0	3297.339	45.351666666666674	45.47466666666667	44.02666666666667	45.350307	45.474868	44.024907	97.23016746020083	5057158.0	84.28596666666667	9327.73	1920	1080	29.97	10	9d6e939e92d9f5823821014493557d31	d13b9cdeb22d7bc7dea2ae4f3d6f5cdc	1920	1080	20545.0	5.0	4712.0	24611.0	False	True	0.9987327684958776	0.9970794797277149
RollerCoastPas_1920x1080_2997_10	RollerCoastPas_1920x1080_2997_10	svtav1	svtav1_20200819_31b1e31_enc-mode0	60	32	0	1730021.0	1730.021	44.580666666666666	45.01883333333334	43.45433333333334	44.579269	45.018451	43.453586	96.75509185613114	3654780.0	60.913	6677.11	1920	1080	29.97	10	5c9acbb384edbca0150a4be4e92415f4	d6a1833779a5ccb1d6c6be8d9320ce59	1920	1080	20919.0	4.0	4085.0	25381.0	False	True	0.99840154449145	0.9965371120978591
RollerCoastPas_1920x1080_2997_10	RollerCoastPas_1920x1080_2997_10	svtav1	svtav1_20200819_31b1e31_enc-mode0	60	43	0	1004855.0	1004.855	43.343166666666654	44.30100000000001	42.84149999999999	43.340249	44.300738	42.840724	95.7574516166524	2256362.0	37.606033333333336	4162.11	1920	1080	29.97	10	986e21fcc6dc18e7796a947eaa87c9ce	52ed3c3300937c56d40c752639a34f17	1920	1080	20853.0	6.0	2989.0	24092.0	False	True	0.9977260251839956	0.9954524607413087
RollerCoastPas_1920x1080_2997_10	RollerCoastPas_1920x1080_2997_10	svtav1	svtav1_20200819_31b1e31_enc-mode0	60	55	0	488870.0	488.87	40.90783333333333	42.68100000000001	41.43416666666666	40.904461	42.68067800000001	41.432851	92.97730357595168	2872663.0	47.877716666666664	5400.06	1920	1080	29.97	10	bb8fb13e4c0273ed53927b4e4a659fb6	5974254374e4299454ca500a9af342f6	1920	1080	21426.0	4.0	2835.0	25635.0	False	True	0.9954382608334224	0.9921373660506685
RollerCoastPas_1920x1080_2997_10	RollerCoastPas_1920x1080_2997_10	svtav1	svtav1_20200819_31b1e31_enc-mode0	60	63	0	181982.0	181.982	36.49133333333334	39.61033333333333	38.61733333333332	36.48646999999999	39.609472	38.616875	82.17908022736866	1310604.0	21.8434	2552.06	1920	1080	29.97	10	06eaa6361f1be2e982b17152befea25b	2736d98561fd4c01a593cf33d07e1a7a	1920	1080	21605.0	6.0	2319.0	23467.0	False	True	0.9841689884662628	0.9785812855416339
KristenAndSara_1280x720_60_10b	KristenAndSara_1280x720_60_10b	svtav1	svtav1_20200819_31b1e31_enc-mode0	60	20	0	3034728.0	3034.728	44.92483333333332	49.57266666666666	50.592999999999996	44.922564	49.571407	50.59264700000001	97.09579979342006	3126342.0	52.1057	5617.94	1280	720	60.0	10	a4b1713042805f1b232bc24e50827dc5	25079f11d289339b0b73c579d3689c43	1280	720	8768.0	4.0	3824.0	10588.0	False	True	0.9963060994942983	0.9957284799225211
KristenAndSara_1280x720_60_10b	KristenAndSara_1280x720_60_10b	svtav1	svtav1_20200819_31b1e31_enc-mode0	60	32	0	1269288.0	1269.288	43.78983333333335	48.77133333333334	49.746833333333335	43.78654199999999	48.770513	49.745556	96.30021340094007	1966101.0	32.76835	3560.72	1280	720	60.0	10	fb1748b794292ba3cf7f842b7678e8a2	ef0823584a40d6f4868c8315c2cae9b7	1280	720	8961.0	3.0	2944.0	10610.0	False	True	0.995255230863889	0.9947561258986242
KristenAndSara_1280x720_60_10b	KristenAndSara_1280x720_60_10b	svtav1	svtav1_20200819_31b1e31_enc-mode0	60	43	0	716352.0	716.352	42.58883333333335	47.73266666666669	48.65866666666669	42.581828	47.73285	48.65817	94.9946359581183	1313504.0	21.891733333333335	2312.9	1280	720	60.0	10	f07b328863d90824a1168aaf21ee6e25	ad331413d0a5376c2ed27534792f23e7	1280	720	9599.0	4.0	2835.0	10024.0	False	True	0.9935148417949676	0.9932543872159723
KristenAndSara_1280x720_60_10b	KristenAndSara_1280x720_60_10b	svtav1	svtav1_20200819_31b1e31_enc-mode0	60	55	0	369952.0	369.952	40.51783333333334	45.80249999999999	46.854499999999994	40.506405	45.800609	46.852583	91.64874721729083	1005171.0	16.75285	1748.26	1280	720	60.0	10	33de63d321ffa06672b33d574de5fe7e	3650afeb77fe23fa7d1f4ff91b8464cf	1280	720	9468.0	2.0	1979.0	9927.0	False	True	0.9888066957394283	0.9893830341579805
KristenAndSara_1280x720_60_10b	KristenAndSara_1280x720_60_10b	svtav1	svtav1_20200819_31b1e31_enc-mode0	60	63	0	147784.0	147.784	36.35666666666667	42.34466666666666	43.46966666666667	36.339813	42.339384	43.466637	79.71342737366746	838228.0	13.970466666666667	1505.02	1280	720	60.0	10	676db734ede3fc8f506e98dc027d90ab	7f34d73337a372a50855412223f9cfef	1280	720	8730.0	6.0	1892.0	12186.0	False	True	0.9702691813309987	0.974560637480321
BarScene1_1920x1080_2997_10b	BarScene1_1920x1080_2997_10b	svtav1	svtav1_20200819_31b1e31_enc-mode0	60	20	0	1494960.0	1494.96	42.51350000000001	44.80316666666669	43.802	42.513935999999994	44.802704999999996	43.800783	93.35790063826039	4843988.0	80.73313333333333	8621.2	1920	1080	29.97	10	76f7feb9e5f2bf421efe7ffe8f967d43	b3715bbc2b1157da142eb093764cd385	1920	1080	22708.0	5.0	8060.0	27383.0	False	True	0.9959412386020025	0.9911240543324318
BarScene1_1920x1080_2997_10b	BarScene1_1920x1080_2997_10b	svtav1	svtav1_20200819_31b1e31_enc-mode0	60	32	0	451176.0	451.176	42.186499999999995	44.57633333333332	43.465333333333334	42.186014	44.575731	43.465192	92.13134173562197	2226261.0	37.10435	4120.98	1920	1080	29.97	10	eed5bf9bd0d04e79707e5da8882d5e18	96f8f0bff0ff373706faf8246aad198f	1920	1080	21200.0	4.0	2697.0	23439.0	False	True	0.9950755874315897	0.9900947817204689
BarScene1_1920x1080_2997_10b	BarScene1_1920x1080_2997_10b	svtav1	svtav1_20200819_31b1e31_enc-mode0	60	43	0	260932.0	260.932	41.83016666666668	44.42583333333333	43.32716666666665	41.829212	44.425741	43.327488	90.64847732456117	1787939.0	29.798983333333332	3349.15	1920	1080	29.97	10	df10a4b44e0a9f671c232690b44ddfdf	39493c4abb181742f591d2b1de16fb88	1920	1080	27001.0	7.0	2444.0	24042.0	False	True	0.9941268096367518	0.9889155969380118
BarScene1_1920x1080_2997_10b	BarScene1_1920x1080_2997_10b	svtav1	svtav1_20200819_31b1e31_enc-mode0	60	55	0	131888.0	131.888	41.106333333333346	44.112999999999985	43.05966666666666	41.104923	44.11353900000001	43.059104	87.37253695474998	1459868.0	24.331133333333334	2598.48	1920	1080	29.97	10	c4cdfa240a9bef673d0f2de4d16b9dcf	4bf5f5c1b34107815be8d149775d8f68	1920	1080	20434.0	5.0	2219.0	25032.0	False	True	0.9916163206100463	0.9860340747949985
BarScene1_1920x1080_2997_10b	BarScene1_1920x1080_2997_10b	svtav1	svtav1_20200819_31b1e31_enc-mode0	60	63	0	51572.0	51.572	39.29016666666668	43.034000000000006	42.23299999999999	39.288897	43.034078	42.233454	75.21134920021025	1414404.0	23.5734	2569.85	1920	1080	29.97	10	b45b3e5697d6edc3fe2e8ce74b7ca281	6633fd4251278a1903abfaa5e05f27b6	1920	1080	18710.0	9.0	2242.0	24203.0	False	True	0.9818827678759893	0.9770790573941256
KristenAndSara_1280x720_60f	KristenAndSara_1280x720_60f	svtav1	svtav1_20200819_31b1e31_enc-mode0	60	20	0	3076816.0	3076.816	44.65233333333332	49.01300000000001	49.926833333333335	44.650245	49.012197	49.926048	96.97231556130177	2955862.0	49.26436666666667	5419.81	1280	720	60.0	8	09e77b44be2a7163c06f6499f6e9a56c	c5a203f3abff9aa503e087ef6dda592e	1280	720	5696.0	4.0	3696.0	10061.0	False	True	0.9960070937871933	0.9954549343681626
KristenAndSara_1280x720_60f	KristenAndSara_1280x720_60f	svtav1	svtav1_20200819_31b1e31_enc-mode0	60	32	0	1323824.0	1323.824	43.599166666666655	48.32683333333333	49.23433333333333	43.595555	48.325664	49.234255	96.18301108363593	1397338.0	23.288966666666667	2692.08	1280	720	60.0	8	b36b3432b32ef75b934f0d9c84793b28	bb05e67a76072ce020ca5ab414452702	1280	720	5453.0	7.0	2919.0	10021.0	False	True	0.9949216703573863	0.9944599261771806
KristenAndSara_1280x720_60f	KristenAndSara_1280x720_60f	svtav1	svtav1_20200819_31b1e31_enc-mode0	60	43	0	729632.0	729.632	42.4235	47.32266666666666	48.24633333333335	42.416208	47.321376	48.245167	94.88168142313724	1166891.0	19.448183333333333	2168.7	1280	720	60.0	8	0f1e1de95a25ddd16f1b38c560fbeeb2	e28e1ac5198b6a331f0cecd836da8d2e	1280	720	5995.0	5.0	2632.0	10728.0	False	True	0.9931623538335165	0.9929395417760047
KristenAndSara_1280x720_60f	KristenAndSara_1280x720_60f	svtav1	svtav1_20200819_31b1e31_enc-mode0	60	55	0	374048.0	374.048	40.39133333333333	45.550666666666665	46.619833333333325	40.379724	45.54822	46.618031	91.41838999844302	882880.0	14.714666666666666	1641.27	1280	720	60.0	8	14dbf199964b7183effd3f5103b1ec9f	4a3ca810966c592b86db7a4169f05197	1280	720	5267.0	3.0	2179.0	10419.0	False	True	0.9884023249149323	0.9890405551495665
KristenAndSara_1280x720_60f	KristenAndSara_1280x720_60f	svtav1	svtav1_20200819_31b1e31_enc-mode0	60	63	0	147720.0	147.72	36.25216666666667	42.10516666666668	43.32683333333333	36.234349	42.097057	43.324219	79.1446582032087	555616.0	9.260266666666666	1030.73	1280	720	60.0	8	35dcd7f5a3b0e39b842ce4aaef239e3d	38f9c2bdf537c70469fcd32b957602ca	1280	720	5303.0	4.0	1439.0	9729.0	False	True	0.9697846800088883	0.9741473809386025
kirland360p_60f	kirland360p_60f	svtav1	svtav1_20200819_31b1e31_enc-mode0	60	20	0	291388.0	291.388	47.51816666666668	48.54516666666666	49.796833333333346	47.44138	48.512662	49.76473	96.11876540337069	721397.0	12.023283333333334	1353.88	640	360	30.0	8	42a1e00c618d3c84c2fc90375c27ac71	f3f26293eca6cb7becbcaaf85affc310	640	360	1572.0	6.0	724.0	3433.0	False	True	0.9910672108332316	0.9974465848259535
kirland360p_60f	kirland360p_60f	svtav1	svtav1_20200819_31b1e31_enc-mode0	60	32	0	146464.0	146.464	46.39966666666667	48.164000000000016	49.208000000000006	46.265047	48.14043	49.179335	95.20918639532557	415231.0	6.920516666666667	745.12	640	360	30.0	8	f0bc3a3006580bb521227f9ff6dec06a	0cbb3b3fa12264a4feac17b7430e761b	640	360	1641.0	5.0	582.0	3319.0	False	True	0.990108002225558	0.9970884164475116
kirland360p_60f	kirland360p_60f	svtav1	svtav1_20200819_31b1e31_enc-mode0	60	43	0	85920.0	85.92	44.83900000000001	47.45633333333334	48.15766666666665	44.648577	47.426404	48.110133	93.27507914326331	259823.0	4.330383333333334	472.31	640	360	30.0	8	0836fb54eb54e3bd46f0b97be2765d31	c4a5523e3616c0ba5b4bde7cf28de6cd	640	360	1430.0	4.0	448.0	2954.0	False	True	0.988330747683843	0.9963448644826439
kirland360p_60f	kirland360p_60f	svtav1	svtav1_20200819_31b1e31_enc-mode0	60	55	0	45544.0	45.544	42.2005	46.377166666666646	46.37416666666664	41.945838	46.323956	46.222391	88.04295041580332	207518.0	3.4586333333333332	388.92	640	360	30.0	8	3505dd08a6c0fb48d6f1bf80ffb8f49f	26b47aa6ecc15b6f16085e731fbceacc	640	360	1717.0	6.0	407.0	2979.0	False	True	0.9839266330003739	0.9945055706731346
kirland360p_60f	kirland360p_60f	svtav1	svtav1_20200819_31b1e31_enc-mode0	60	63	0	21556.0	21.556	37.21649999999998	43.33683333333335	43.128833333333326	36.93748	43.256688000000004	42.963395	69.36562766196333	245615.0	4.093583333333333	474.4	640	360	30.0	8	a08a640aca312d1f934afb7554f14da9	01e2b887158fb387ce5193e0a7612099	640	360	1596.0	7.0	601.0	4074.0	False	True	0.9656107544898986	0.9849851558362114
Aerial_1920x1080_2997_10b	Aerial_1920x1080_2997_10b	svtav1	svtav1_20200819_31b1e31_enc-mode0	60	20	0	7843231.0	7843.231	43.28399999999999	45.33383333333336	44.722666666666676	43.265419	45.33208	44.721252	96.41584354625684	5498364.0	91.6394	9680.49	1920	1080	29.97	10	050d27ed9276350baa3737d977d8a43b	7b6ae13f7224cda888b546424c6d305f	1920	1080	24894.0	16.0	7666.0	23704.0	False	True	0.9989353090524673	0.9978603574893629
Aerial_1920x1080_2997_10b	Aerial_1920x1080_2997_10b	svtav1	svtav1_20200819_31b1e31_enc-mode0	60	32	0	4401356.0	4401.356	41.36300000000001	43.747333333333316	43.38150000000001	41.34695	43.746307	43.38017	95.12803519962678	3447878.0	57.46463333333333	6774.47	1920	1080	29.97	10	30004aaeef2158ded011f76d39bf09ab	3585c865e4389a3a99b5dfe0716a8c69	1920	1080	24688.0	3.0	6468.0	23558.0	False	True	0.9983613471190135	0.9968334011014944
Aerial_1920x1080_2997_10b	Aerial_1920x1080_2997_10b	svtav1	svtav1_20200819_31b1e31_enc-mode0	60	43	0	2509464.0	2509.464	38.904	42.11683333333331	42.14083333333334	38.893703	42.115331	42.141063	92.6731277298933	3513677.0	58.561283333333336	6531.13	1920	1080	29.97	10	8c9870b829ac51abf9a773a884095674	3163c5deaa58622d23004d3b8c693ace	1920	1080	26239.0	3.0	5663.0	24215.0	False	True	0.9972257057825724	0.9947305400902043
Aerial_1920x1080_2997_10b	Aerial_1920x1080_2997_10b	svtav1	svtav1_20200819_31b1e31_enc-mode0	60	55	0	1411295.0	1411.2950000000003	36.16800000000001	40.620166666666634	41.078499999999984	36.151058	40.616642	41.077573	87.92113241560554	2365501.0	39.425016666666664	4233.57	1920	1080	29.97	10	9d9afc00bdaa9c6237727453a02dbf3a	50ca2a2e06a691ca5b17b7706106522e	1920	1080	23063.0	4.0	4574.0	23402.0	False	True	0.9943278471628825	0.9897275086164612
Aerial_1920x1080_2997_10b	Aerial_1920x1080_2997_10b	svtav1	svtav1_20200819_31b1e31_enc-mode0	60	63	0	450602.0	450.602	31.067499999999995	37.864999999999974	39.23216666666668	31.060122	37.86346	39.231153	70.47476466826878	1989505.0	33.15841666666667	3764.21	1920	1080	29.97	10	1d521de194fa15f241ba6c718a4823eb	61b4105f7813677d3267fbd66cc92ebe	1920	1080	24106.0	5.0	3685.0	25194.0	False	True	0.9768248498439789	0.9613190381044814
DinnerScene_1920x1080_2997_10b	DinnerScene_1920x1080_2997_10b	svtav1	svtav1_20200819_31b1e31_enc-mode0	60	20	0	1447730.0	1447.73	41.83299999999999	42.69533333333336	47.593833333333315	41.832303	42.691175	47.593903	91.60511867687184	5815239.0	96.92065	10665.47	1920	1080	29.97	10	0f535dd5811321521f7407783f83d923	1d09e54d2a13e78b08c82281f64483fa	1920	1080	21045.0	3.0	13480.0	24659.0	False	True	0.9942849179108938	0.9883839422951222
DinnerScene_1920x1080_2997_10b	DinnerScene_1920x1080_2997_10b	svtav1	svtav1_20200819_31b1e31_enc-mode0	60	32	0	302374.0	302.374	41.669666666666686	42.312166666666634	47.44799999999999	41.668568	42.31103	47.448085	90.05401096410112	3672047.0	61.200783333333334	6627.87	1920	1080	29.97	10	7a5a90c4a3ecb9b60b4eb3514727f09d	a559f09e9c613bcc6b56f4d9c9fb6090	1920	1080	21285.0	26.0	8098.0	23537.0	False	True	0.9935976485411326	0.9876885697732335
DinnerScene_1920x1080_2997_10b	DinnerScene_1920x1080_2997_10b	svtav1	svtav1_20200819_31b1e31_enc-mode0	60	43	0	171406.0	171.406	41.47983333333334	42.2515	47.27283333333333	41.479657	42.250821	47.272727	87.85865083884599	2461347.0	41.02245	4558.29	1920	1080	29.97	10	7030c3c82ebf70f24c9aa98e4a4071f0	02888d874e7381e4760469fa1a9f9143	1920	1080	20244.0	3.0	6471.0	23256.0	False	True	0.9928782651821773	0.9869728980926301
DinnerScene_1920x1080_2997_10b	DinnerScene_1920x1080_2997_10b	svtav1	svtav1_20200819_31b1e31_enc-mode0	60	55	0	95619.0	95.619	41.079666666666654	42.10283333333333	46.92483333333335	41.078821	42.10268	46.92477	83.27625161797206	2633150.0	43.88583333333333	4802.85	1920	1080	29.97	10	8f4963aeaff75f3c7c40cc0bdc7721e7	36812918ab1b222237075de26f31344d	1920	1080	20654.0	6.0	6637.0	30973.0	False	True	0.9911887288093567	0.985368949117441
DinnerScene_1920x1080_2997_10b	DinnerScene_1920x1080_2997_10b	svtav1	svtav1_20200819_31b1e31_enc-mode0	60	63	0	41151.0	41.151	39.621	41.49783333333333	45.758999999999986	39.611751	41.497057	45.756946	66.49360299584974	2168793.0	36.14655	4021.36	1920	1080	29.97	10	4be54e4d8ce743dff35712e15d1f0a5f	8ae41e545b23a34dc9cef8ddfda7839f	1920	1080	20431.0	4.0	7515.0	24985.0	False	True	0.9831200699011485	0.9783044285838989
Sintel_Dragons_1920x816_24_10b	Sintel_Dragons_1920x816_24_10b	svtav1	svtav1_20200819_31b1e31_enc-mode0	60	20	0	5275878.0	5275.878	47.30216666666667	51.63350000000001	51.7616666666667	47.230488	51.591931	51.692794	99.9438188777825	5936116.0	98.93526666666666	10720.99	1920	816	24.0	10	5415ab392f1709e8ce5d3a4e47b3e060	492e97b0d72c9d17ef8dc519db7be634	1920	816	11193.0	5.0	12320.0	16058.0	False	True	0.9969923267761867	0.9971226860675315
Sintel_Dragons_1920x816_24_10b	Sintel_Dragons_1920x816_24_10b	svtav1	svtav1_20200819_31b1e31_enc-mode0	60	32	0	2753286.0	2753.286	44.20649999999999	49.20699999999999	49.23733333333334	44.138603	49.151705	49.148249	99.91466873517693	5266202.0	87.77003333333333	9265.55	1920	816	24.0	10	9fedc63306194be412915c56d244fe1d	3206adaa53075d50c598cc6aae6ef366	1920	816	14486.0	3.0	11928.0	16519.0	False	True	0.9946383088827133	0.9949817353867682
Sintel_Dragons_1920x816_24_10b	Sintel_Dragons_1920x816_24_10b	svtav1	svtav1_20200819_31b1e31_enc-mode0	60	43	0	1536374.0	1536.374	41.47449999999999	46.9905	46.98683333333334	41.392914	46.913902	46.860578	98.60793607442743	5212179.0	86.86965	9417.79	1920	816	24.0	10	4d8de29215c99ce3e4ec4ca1ca64fcea	62b8bd51d5e245a13e0995b519ff8d65	1920	816	11373.0	10.0	10440.0	16080.0	False	True	0.9902551412582398	0.9912355805624476
Sintel_Dragons_1920x816_24_10b	Sintel_Dragons_1920x816_24_10b	svtav1	svtav1_20200819_31b1e31_enc-mode0	60	55	0	771904.0	771.904	38.22266666666667	44.302333333333344	44.33216666666667	38.159895	44.224995	44.208249	88.66036813734334	3187616.0	53.126933333333334	5987.31	1920	816	24.0	10	97f455487763318c0f43ee7c207c0050	d48ebea03428209b3629987911fc4207	1920	816	11605.0	6.0	9523.0	16135.0	False	True	0.979846054315567	0.9826878263725551
Sintel_Dragons_1920x816_24_10b	Sintel_Dragons_1920x816_24_10b	svtav1	svtav1_20200819_31b1e31_enc-mode0	60	63	0	279600.0	279.6	33.47966666666667	39.96349999999999	40.03033333333334	33.446092	39.916434	39.944716	59.53684595001489	2306571.0	38.44285	4286.94	1920	816	24.0	10	320bf2afbfa734cf91050fe6451f2d27	f644786e4644995a5fa8c0f22775bde0	1920	816	11466.0	18.0	7070.0	16567.0	False	True	0.9446060001850128	0.9542253828408203
Cosmos1_1920x856_BT2100_PQ_24fps	Cosmos1_1920x856_BT2100_PQ_24fps	svtav1	svtav1_20200819_31b1e31_enc-mode0	60	20	0	22270963.0	22270.963	41.89616666666668	44.79066666666667	47.46716666666667	41.851478	44.757217	47.44503	99.31558508167194	11637755.0	193.96258333333333	20479.5	1920	856	24.0	10	6df0b494591507026a0cb1f765f24d01	cc7435782e825edec6fdf459474a104d	1920	856	17756.0	5.0	18644.0	16941.0	False	True	0.9967597862084706	0.9960174496489655
Cosmos1_1920x856_BT2100_PQ_24fps	Cosmos1_1920x856_BT2100_PQ_24fps	svtav1	svtav1_20200819_31b1e31_enc-mode0	60	32	0	8571772.0	8571.772	38.03250000000001	42.86966666666665	45.94266666666669	37.999599	42.83535100000001	45.919696	95.0882458186139	9011264.0	150.18773333333334	15688.73	1920	856	24.0	10	f724240273aaf5c6ca555f87a3cf0e45	3da7150ede9a3e1e07e56dbdf3dbc300	1920	856	17774.0	3.0	15334.0	17849.0	False	True	0.9918381899595261	0.9907947607380494
Cosmos1_1920x856_BT2100_PQ_24fps	Cosmos1_1920x856_BT2100_PQ_24fps	svtav1	svtav1_20200819_31b1e31_enc-mode0	60	43	0	3504492.0	3504.492	35.55683333333334	41.52966666666667	44.836666666666694	35.510796	41.492617	44.812276	85.43004356907502	5565053.0	92.75088333333333	10412.21	1920	856	24.0	10	0173467460914c85e754dee1ad5b383a	0f05be9ab5d4c694c2af938cf5ad5fba	1920	856	17390.0	4.0	11779.0	18042.0	False	True	0.9817567050457001	0.9814764848990468
Cosmos1_1920x856_BT2100_PQ_24fps	Cosmos1_1920x856_BT2100_PQ_24fps	svtav1	svtav1_20200819_31b1e31_enc-mode0	60	55	0	1457369.0	1457.369	33.117833333333316	39.96383333333333	43.32733333333333	33.055782	39.932585	43.31053	68.62709875103931	4714960.0	78.58266666666667	9065.94	1920	856	24.0	10	33460704b3ec2722df6785f278d47167	b79b90cd314e5a983f6f7f94c006fb89	1920	856	17473.0	2.0	10368.0	17921.0	False	True	0.9570385227600734	0.9602904095604992
Cosmos1_1920x856_BT2100_PQ_24fps	Cosmos1_1920x856_BT2100_PQ_24fps	svtav1	svtav1_20200819_31b1e31_enc-mode0	60	63	0	305609.0	305.609	29.35250000000001	37.391833333333324	40.40716666666666	29.297069	37.355683	40.385041	35.06535154038277	2795416.0	46.590266666666665	4795.02	1920	856	24.0	10	c4d898984c7d018dacfa994c8ededfc6	0d08ec8b9cf72c43c89f8ab49a28adf0	1920	856	18014.0	8.0	7459.0	18401.0	False	True	0.8504924694697062	0.873430026503174
Netflix_Crosswalk_1920x1080_60fp	Netflix_Crosswalk_1920x1080_60fp	svtav1	svtav1_20200819_31b1e31_enc-mode0	60	20	0	7810216.0	7810.216	45.65400000000001	48.41200000000003	50.28516666666665	45.638674	48.409511	50.281368	99.24683012880783	6822430.0	113.70716666666667	11799.58	1920	1080	60.0	8	8708f94f0b539060a1ffb301e6a78269	c44f5fc7c021cf03d0885fa43e5ba92f	1920	1080	11655.0	10.0	14690.0	23752.0	False	True	0.9977288107077281	0.9958625073099607
Netflix_Crosswalk_1920x1080_60fp	Netflix_Crosswalk_1920x1080_60fp	svtav1	svtav1_20200819_31b1e31_enc-mode0	60	32	0	4136920.0	4136.92	44.507999999999996	47.73083333333333	49.577	44.469517	47.722755	49.569261	96.38710113981125	4244035.0	70.73391666666667	7912.68	1920	1080	60.0	8	7195952e9dbd58c5434fafb26f4d8f3f	59d8726b2a1a3fb75eabd13de3f460c8	1920	1080	10050.0	43.0	14676.0	26424.0	False	True	0.996312274535497	0.9943058048471854
Netflix_Crosswalk_1920x1080_60fp	Netflix_Crosswalk_1920x1080_60fp	svtav1	svtav1_20200819_31b1e31_enc-mode0	60	43	0	2266432.0	2266.432	43.04516666666668	46.88733333333333	48.66766666666667	42.978513	46.878154	48.659521	91.52584046799528	3690313.0	61.50521666666667	6642.58	1920	1080	60.0	8	2f475bf5388ff0140c2b7f7de4824622	0a249587e67168710b4ee5c83239b0f5	1920	1080	10521.0	5.0	12673.0	24432.0	False	True	0.9935921589533488	0.9916192536752906
Netflix_Crosswalk_1920x1080_60fp	Netflix_Crosswalk_1920x1080_60fp	svtav1	svtav1_20200819_31b1e31_enc-mode0	60	55	0	1110760.0	1110.76	40.741833333333325	45.48899999999999	47.19049999999998	40.649175	45.476486	47.174786	81.36008280085701	2342543.0	39.04238333333333	4359.33	1920	1080	60.0	8	ff756d361860cf089b1c661ec6309f69	936cf18ba55a3ad55f8b9efbc4503e41	1920	1080	9575.0	6.0	10906.0	23458.0	False	True	0.9863649606704712	0.9850922443089999
Netflix_Crosswalk_1920x1080_60fp	Netflix_Crosswalk_1920x1080_60fp	svtav1	svtav1_20200819_31b1e31_enc-mode0	60	63	0	400536.0	400.536	36.60916666666666	42.68466666666667	44.02366666666667	36.502338	42.665553	43.998447000000006	55.05843698389342	1414493.0	23.574883333333332	2711.33	1920	1080	60.0	8	97f6177c49bca680ea7a849fcdab9d9e	a2681d5be66c41e99e1a9794817af641	1920	1080	10228.0	3.0	9070.0	23629.0	False	True	0.9574799994627635	0.961438588873961
Netflix_DrivingPOV_1280x720_60fp	Netflix_DrivingPOV_1280x720_60fp	svtav1	svtav1_20200819_31b1e31_enc-mode0	60	20	0	10201344.0	10201.344	42.512499999999996	45.82733333333333	44.639499999999984	42.50213999999999	45.82456	44.637514	99.62161657498764	4302990.0	71.7165	7847.77	1280	720	60.0	8	35651d5845adcf99222f924b17d8a0a3	b044a5ca0c0d5593dbb083d5f80fd66c	1280	720	6666.0	4.0	7424.0	10236.0	False	True	0.9979810297489167	0.9973737891033708
Netflix_DrivingPOV_1280x720_60fp	Netflix_DrivingPOV_1280x720_60fp	svtav1	svtav1_20200819_31b1e31_enc-mode0	60	32	0	4979768.0	4979.768	40.181999999999995	44.62400000000001	43.78716666666666	40.163324	44.619634	43.78442400000001	98.54121713061008	2299027.0	38.317116666666664	4501.66	1280	720	60.0	8	9c0d1dcd617e3170914316805a690dae	3b761aaa7f54ab8fe7683fe185f7a6f3	1280	720	6871.0	6.0	5120.0	9858.0	False	True	0.9965773959954579	0.9955761370455908
Netflix_DrivingPOV_1280x720_60fp	Netflix_DrivingPOV_1280x720_60fp	svtav1	svtav1_20200819_31b1e31_enc-mode0	60	43	0	2810744.0	2810.744	38.181499999999986	43.522000000000006	43.049833333333346	38.152257	43.517684	43.04848	96.63324922531962	1827474.0	30.4579	3586.66	1280	720	60.0	8	a3bb215ad32b21679e11a0d36dd220dd	7c3c845d32b7477b226fdcf9cd53f8fb	1280	720	6553.0	5.0	4813.0	11430.0	False	True	0.9932173629601796	0.9920331511885493
Netflix_DrivingPOV_1280x720_60fp	Netflix_DrivingPOV_1280x720_60fp	svtav1	svtav1_20200819_31b1e31_enc-mode0	60	55	0	1251952.0	1251.952	35.149666666666675	41.34683333333334	41.651166666666654	35.12542799999999	41.339336	41.646638	91.11003374388719	1694362.0	28.239366666666665	2721.8	1280	720	60.0	8	7a5b132c33d869f49d4b78baa72df799	558e589d630e48ba60deb56ac6853d93	1280	720	7037.0	4.0	4993.0	11165.0	False	True	0.9862490206956863	0.9851153236301128
Netflix_DrivingPOV_1280x720_60fp	Netflix_DrivingPOV_1280x720_60fp	svtav1	svtav1_20200819_31b1e31_enc-mode0	60	63	0	353200.0	353.2	30.30166666666666	37.89933333333334	39.01683333333333	30.278654	37.893766	39.012608	70.15404266442094	1207638.0	20.1273	2201.59	1280	720	60.0	8	b6d5bcd54a526cf2ca30eb38c00351f3	d4e1a6712c4e656d36124a93a45c9b2c	1280	720	8827.0	13.0	3966.0	13516.0	False	True	0.9588006258010864	0.9587026190911553
Netflix_RollerCoaster_1280x720_6	Netflix_RollerCoaster_1280x720_6	svtav1	svtav1_20200819_31b1e31_enc-mode0	60	20	0	7810544.0	7810.544	44.734	46.45733333333336	46.494499999999995	44.721906	46.451004	46.489607	99.9097800953361	3786747.0	63.11245	6688.12	1280	720	60.0	8	6335899ede19476fe7a0c224ac398b3a	9ee3a16017ecb8dc96d9e3309bc8a9b8	1280	720	5677.0	3.0	6291.0	9615.0	False	True	0.9978713184595108	0.9974753272302378
Netflix_RollerCoaster_1280x720_6	Netflix_RollerCoaster_1280x720_6	svtav1	svtav1_20200819_31b1e31_enc-mode0	60	32	0	4118552.0	4118.552	42.641999999999975	44.94216666666669	45.317333333333345	42.607482	44.933108999999995	45.311467	99.84531092040092	3487490.0	58.124833333333335	6447.45	1280	720	60.0	8	6737edeb0bf5aa5814ac945935f5c7b7	25770cf63487bc7d0e80852fcc3b7ad2	1280	720	6903.0	4.0	5686.0	9787.0	False	True	0.9965271194775899	0.9960420214568324
Netflix_RollerCoaster_1280x720_6	Netflix_RollerCoaster_1280x720_6	svtav1	svtav1_20200819_31b1e31_enc-mode0	60	43	0	2209736.0	2209.736	40.37866666666666	43.18733333333333	43.92233333333333	40.328851	43.174074	43.915641	98.0734733906453	2101383.0	35.02305	3694.38	1280	720	60.0	8	ac99c9d125a767c05d16b9fb52d102b1	324d5cfdba34faa2ac4b76fe51d9a5dd	1280	720	6682.0	6.0	5250.0	9960.0	False	True	0.9938257773717244	0.993301188946328
Netflix_RollerCoaster_1280x720_6	Netflix_RollerCoaster_1280x720_6	svtav1	svtav1_20200819_31b1e31_enc-mode0	60	55	0	1067456.0	1067.456	37.373000000000005	40.59716666666668	41.902166666666666	37.337241	40.573463	41.889353	90.64618561574261	1748541.0	29.14235	3114.05	1280	720	60.0	8	82da91ff14f754185fa1c2e885814b9a	7afd213051a1d6fe4639049b7d9a71b3	1280	720	5993.0	4.0	5198.0	10830.0	False	True	0.9856976081927618	0.9855936497612773
Netflix_RollerCoaster_1280x720_6	Netflix_RollerCoaster_1280x720_6	svtav1	svtav1_20200819_31b1e31_enc-mode0	60	63	0	352008.0	352.008	32.46083333333333	36.33849999999999	38.58000000000001	32.424058	36.288925	38.543408	63.78115221328075	944717.0	15.745283333333333	1751.68	1280	720	60.0	8	94f1b9079317f17cc1ee6b9a9fa605d0	b715ef803db9eefeb4bd1135b0150d4b	1280	720	5583.0	17.0	4132.0	9830.0	False	True	0.9471879710753759	0.9536745425554594
dark720p_60f	dark720p_60f	svtav1	svtav1_20200819_31b1e31_enc-mode0	60	20	0	6696444.0	6696.444	46.022999999999996	43.06583333333332	44.472166666666666	46.002213	42.855734	44.377493	96.29917159662362	4451030.0	74.18383333333334	7936.46	1280	720	30.0	8	42f43e0b1ab933c809a1293fd4968fee	622ed5455f4e8f04bd7989cb258bc9ff	1280	720	4900.0	7.0	8700.0	10053.0	False	True	0.9943019171555837	0.9950924907143629
dark720p_60f	dark720p_60f	svtav1	svtav1_20200819_31b1e31_enc-mode0	60	32	0	1587468.0	1587.468	43.60166666666666	38.95583333333334	41.756499999999996	43.582942	38.923961	41.74688	93.58668110670901	3299165.0	54.98608333333333	6059.04	1280	720	30.0	8	deed3dfa6f35a777bf9bd797d51fd14a	44271e231df16102c57a2e5d4136a7d6	1280	720	5105.0	4.0	6929.0	9821.0	False	True	0.9915381381909053	0.9929025704057532
dark720p_60f	dark720p_60f	svtav1	svtav1_20200819_31b1e31_enc-mode0	60	43	0	327504.0	327.504	42.49566666666666	37.07283333333332	40.96616666666667	42.484567	37.070002	40.963249	91.34619740668477	1297944.0	21.6324	2329.95	1280	720	30.0	8	615c10f9a5ed795f8dc2e436224b6c0d	accdb0a51a2262039eb2eca07b020189	1280	720	4697.0	3.0	4240.0	9831.0	False	True	0.9901058514912923	0.9917670543207932
dark720p_60f	dark720p_60f	svtav1	svtav1_20200819_31b1e31_enc-mode0	60	55	0	124980.0	124.98	41.00633333333334	36.346500000000006	39.93999999999999	41.000054	36.345244	39.936961	87.19171639484897	840350.0	14.005833333333333	1546.27	1280	720	30.0	8	537d92ad1dbbc47053566c85517764a5	1273413dc947b9f75c9fe4d90615937a	1280	720	5082.0	4.0	3056.0	10614.0	False	True	0.9861278136571249	0.9887454479678098
dark720p_60f	dark720p_60f	svtav1	svtav1_20200819_31b1e31_enc-mode0	60	63	0	48920.0	48.92	37.28816666666668	34.6945	37.79999999999999	37.283326	34.690013	37.794545	70.4446364330147	606866.0	10.114433333333332	1110.18	1280	720	30.0	8	6d4190baaaa5e130fb53edc348c3bc99	82281a6efa704acdcd7410fbb9e4fde5	1280	720	4776.0	4.0	1854.0	10720.0	False	True	0.9690241535504659	0.9756031568354826
gipsrestat720p_60f	gipsrestat720p_60f	svtav1	svtav1_20200819_31b1e31_enc-mode0	60	20	0	2886753.0	2886.753	44.788999999999994	47.31966666666668	48.887666666666654	44.78344	47.318204	48.885484	96.96610851782995	2594423.0	43.240383333333334	4571.89	1280	720	50.0	8	83146a506589191ab8202c9b94ac0c9b	90a74b658cd48243ea61f954342d369f	1280	720	5950.0	4.0	2852.0	9909.0	False	True	0.9975953827301661	0.996915009864866
gipsrestat720p_60f	gipsrestat720p_60f	svtav1	svtav1_20200819_31b1e31_enc-mode0	60	32	0	1214573.0	1214.573	43.282833333333336	46.703666666666685	48.11683333333333	43.27014	46.702388	48.115534	95.8385569360794	1425333.0	23.75555	2504.61	1280	720	50.0	8	bd23774ba0e3f6fb4b170426b33efc6f	de4bc0a0fd7fa38a3b714fa736cd444e	1280	720	5628.0	3.0	2163.0	10230.0	False	True	0.9966546187798182	0.9959623559803343
gipsrestat720p_60f	gipsrestat720p_60f	svtav1	svtav1_20200819_31b1e31_enc-mode0	60	43	0	700760.0	700.76	41.82483333333334	45.990666666666655	47.27416666666667	41.789556999999995	45.98898	47.272653	94.28818384672194	1488396.0	24.8066	2797.5	1280	720	50.0	8	1a86e9fc7caf2a1cec204d9e1f6a25bb	645e89427dd605e8e6cbe679421300b1	1280	720	6827.0	7.0	2031.0	13451.0	False	True	0.9952810535828273	0.9946667305847775
gipsrestat720p_60f	gipsrestat720p_60f	svtav1	svtav1_20200819_31b1e31_enc-mode0	60	55	0	382706.0	382.706	39.661333333333346	44.60233333333334	45.62616666666667	39.628748	44.600612	45.625164	90.9568841810326	879794.0	14.663233333333332	1602.39	1280	720	50.0	8	ec2d681b7ca9eb4dd330afd67b8bfb1b	ba1daeeda8b1eda41aeccdcfe227337f	1280	720	6872.0	6.0	1738.0	10383.0	False	True	0.9915305376052856	0.9913457170623666
gipsrestat720p_60f	gipsrestat720p_60f	svtav1	svtav1_20200819_31b1e31_enc-mode0	60	63	0	155740.0	155.74000000000004	35.32966666666667	41.49016666666667	41.94516666666668	35.319259	41.489742	41.944295	78.93296343878926	592840.0	9.880666666666666	1085.35	1280	720	50.0	8	d9463b5b98ca8f92b300956f689dd4f2	813de11042d0b3f9e233196c71c21706	1280	720	5371.0	3.0	1592.0	12527.0	False	True	0.9735222429037094	0.9763585610952713
niklas360p_60f	niklas360p_60f	svtav1	svtav1_20200819_31b1e31_enc-mode0	60	20	0	1376808.0	1376.808	44.469500000000004	47.725666666666676	47.40416666666666	44.377395	47.645379	47.32101	98.42612522069581	1104395.0	18.406583333333334	2078.34	640	360	30.0	8	f198dda703aa9eff599f2586a1f720f7	bdf5e49e08a875623dea006465d359aa	640	360	1709.0	4.0	1521.0	2919.0	False	True	0.9865218430757523	0.9968622303599722
niklas360p_60f	niklas360p_60f	svtav1	svtav1_20200819_31b1e31_enc-mode0	60	32	0	754424.0	754.4240000000001	41.93833333333334	46.15216666666666	45.5575	41.862822	46.092633	45.4938	96.77406788613588	1089513.0	18.15855	1936.71	640	360	30.0	8	c0de15c1bb235e6301543567d182e96c	bf729eb2b634026f2bd7d32f5bf65b36	640	360	1833.0	4.0	1412.0	2984.0	False	True	0.9807616849740346	0.9950661454793975
niklas360p_60f	niklas360p_60f	svtav1	svtav1_20200819_31b1e31_enc-mode0	60	43	0	433700.0	433.7	39.31583333333334	44.69316666666666	43.83466666666666	39.236916	44.65154	43.786547	93.49386894522387	532914.0	8.8819	1037.82	640	360	30.0	8	b4743a86a925d712294f1435e408d619	f8f6b85fad132d158d1cff540af29f92	640	360	1645.0	34.0	1111.0	2866.0	False	True	0.9719150910774866	0.9920078631917538
niklas360p_60f	niklas360p_60f	svtav1	svtav1_20200819_31b1e31_enc-mode0	60	55	0	221688.0	221.688	35.993	42.565833333333316	41.324833333333345	35.942645	42.545884	41.295680999999995	86.60095151698728	527148.0	8.7858	976.23	640	360	30.0	8	a8a87b212da5b6c9915cfe7b4c00e159	1c43c8fe17201f8fe06af47e6d0f2772	640	360	1862.0	5.0	1022.0	3044.0	False	True	0.9520069092512131	0.983986483569763
niklas360p_60f	niklas360p_60f	svtav1	svtav1_20200819_31b1e31_enc-mode0	60	63	0	71888.0	71.888	30.436666666666667	38.683000000000014	36.934333333333335	30.417704	38.635839	36.88419	63.9662410374767	344317.0	5.738616666666666	586.75	640	360	30.0	8	46efcd8ddea6d4c817e09c1e827973a9	163ac94590c2f835ff0047370e80ecde	640	360	2041.0	3.0	1554.0	3606.0	False	True	0.8863083054622014	0.9497550086740618
shields_640x360_60f	shields_640x360_60f	svtav1	svtav1_20200819_31b1e31_enc-mode0	60	20	0	2014886.0	2014.886	42.172166666666676	44.85616666666667	46.3925	42.042917	44.835329	46.31722	99.45814346834086	1217547.0	20.29245	2154.02	640	360	50.0	8	3d7693bcfb0a2b3827219b88157ed30c	10450fd3aaa29a13a7064d3c2138930d	640	360	2598.0	4.0	1363.0	2969.0	False	True	0.984817827741305	0.9981666057880845
shields_640x360_60f	shields_640x360_60f	svtav1	svtav1_20200819_31b1e31_enc-mode0	60	32	0	1212320.0	1212.32	40.69483333333334	43.85699999999999	45.4335	40.50524	43.817181	45.324592	99.43731333534214	710366.0	11.839433333333334	1360.76	640	360	50.0	8	e7a157733772bfc087fcbab1a7319925	bddac4e5f3eda9f29ea5d7281f5504c0	640	360	2597.0	4.0	1212.0	3180.0	False	True	0.9813400993744532	0.9976815483490494
shields_640x360_60f	shields_640x360_60f	svtav1	svtav1_20200819_31b1e31_enc-mode0	60	43	0	661773.0	661.773	38.219666666666676	41.37250000000001	43.15766666666666	37.958262	41.292938	42.995758	99.40555724554397	607838.0	10.130633333333334	1110.47	640	360	50.0	8	6fba188634949e7ce4ce16de6efc55a7	f5e07b147945c1035e8b2e1078ab3a1c	640	360	2577.0	4.0	1044.0	3272.0	False	True	0.9708537012338638	0.9960150568005677
shields_640x360_60f	shields_640x360_60f	svtav1	svtav1_20200819_31b1e31_enc-mode0	60	55	0	334753.0	334.753	34.73233333333333	38.23466666666666	40.41466666666667	34.392805	38.076104	40.175944	96.29466506477065	403763.0	6.729383333333334	710.97	640	360	50.0	8	f132b6bbf43e29899a08c3bcf3867610	253c30d7100cb1a93b97216d9bd8ea4d	640	360	2917.0	4.0	984.0	3128.0	False	True	0.943988491098086	0.9908406694303811
shields_640x360_60f	shields_640x360_60f	svtav1	svtav1_20200819_31b1e31_enc-mode0	60	63	0	93426.0	93.426	27.907333333333337	34.03683333333334	35.57616666666665	27.404294	33.751837	35.247252	69.01770527790612	336387.0	5.60645	632.62	640	360	50.0	8	3cbe8cc0679c7ed948f378f9d16feed2	6d566800b61e78eb9794dd9301bc4d4f	640	360	2796.0	4.0	795.0	3268.0	False	True	0.7879402011632919	0.9432657735414741
speed_bag_640x360_60f	speed_bag_640x360_60f	svtav1	svtav1_20200819_31b1e31_enc-mode0	60	20	0	454211.0	454.211	47.076666666666675	49.73833333333332	51.15283333333333	46.994788	49.674649	51.091097	98.31557486863795	851466.0	14.1911	1579.59	640	360	29.97	8	abb1d96877acdd111da4551f8922c58c	655ae9b3ac91e6197eb13b273b27f0b3	640	360	1446.0	3.0	1325.0	2911.0	False	True	0.9890787839889527	0.9975847068690081
speed_bag_640x360_60f	speed_bag_640x360_60f	svtav1	svtav1_20200819_31b1e31_enc-mode0	60	32	0	245413.0	245.413	45.15549999999999	48.24066666666666	49.79	45.033348	48.154868	49.708636	97.47069297116961	485035.0	8.083916666666667	944.15	640	360	29.97	8	3bc8c150fd04dd3ac80dccb11884fb52	c19735ff3a5f225e55f90e71e38e52e0	640	360	1372.0	4.0	1257.0	3139.0	False	True	0.9856500526269277	0.9962168712294335
speed_bag_640x360_60f	speed_bag_640x360_60f	svtav1	svtav1_20200819_31b1e31_enc-mode0	60	43	0	138978.0	138.978	43.100833333333334	46.5325	48.46749999999998	42.917987	46.446305	48.342063	95.16297667995666	354699.0	5.91165	672.05	640	360	29.97	8	dde4219faec63878559aeaa92e21d686	c590da29007ae34741b5ece4ac9794f8	640	360	1459.0	3.0	1044.0	2907.0	False	True	0.981622635324796	0.9940823251234526
speed_bag_640x360_60f	speed_bag_640x360_60f	svtav1	svtav1_20200819_31b1e31_enc-mode0	60	55	0	72277.0	72.277	40.008666666666684	43.90283333333333	46.59633333333333	39.80185199999999	43.830618	46.426219999999994	86.95183526427715	365981.0	6.099683333333333	612.22	640	360	29.97	8	63f792c20c782d21f9b79e35de95fe76	450884006bd45958bec873c40e8a504f	640	360	1531.0	5.0	1016.0	3171.0	False	True	0.9727559397617976	0.988836457466938
speed_bag_640x360_60f	speed_bag_640x360_60f	svtav1	svtav1_20200819_31b1e31_enc-mode0	60	63	0	32093.0	32.093	35.22766666666666	40.47750000000001	43.129666666666665	35.05323	40.409	42.98197	63.49808974950985	229108.0	3.8184666666666667	393.54	640	360	29.97	8	e8af5c17d5d3b6352e541d1c9c382e52	32ee0e5c7e91ce8ac0947e4ca1b25514	640	360	1475.0	3.0	756.0	3180.0	False	True	0.9507108340660732	0.9696352103118103
thaloundeskmtg360p_60f	thaloundeskmtg360p_60f	svtav1	svtav1_20200819_31b1e31_enc-mode0	60	20	0	858776.0	858.776	44.88599999999999	48.687	48.686666666666675	44.673759	48.614435	48.647253	97.10830972533788	1077513.0	17.95855	1946.79	640	360	30.0	8	1595c3cb16d079cdce05d54ebfe553f4	def0fc98c8ff18fb6b0939e18d22584a	640	360	2163.0	5.0	975.0	3039.0	False	True	0.9927290270725886	0.998480902058427
thaloundeskmtg360p_60f	thaloundeskmtg360p_60f	svtav1	svtav1_20200819_31b1e31_enc-mode0	60	32	0	442388.0	442.388	43.278	47.342833333333324	47.46616666666668	42.981218	47.275664	47.426716000000006	96.04125479765192	651479.0	10.857983333333333	1193.21	640	360	30.0	8	3b967bb258087b0acf601cd5aca3dbcc	0f3ae351c02dcfb67787bdcf6a856e5d	640	360	2470.0	5.0	785.0	2980.0	False	True	0.9905304650465647	0.997800016672873
thaloundeskmtg360p_60f	thaloundeskmtg360p_60f	svtav1	svtav1_20200819_31b1e31_enc-mode0	60	43	0	252824.0	252.824	41.32416666666667	45.79600000000002	45.95049999999997	40.925748	45.739773	45.912367	94.12550166107293	487506.0	8.1251	894.1	640	360	30.0	8	cabb303592d33e05c2b7a199aacdfc9d	bb97122ef32c428643730a07025333e0	640	360	2048.0	13.0	868.0	6379.0	False	True	0.9870723078648249	0.9966201650392
thaloundeskmtg360p_60f	thaloundeskmtg360p_60f	svtav1	svtav1_20200819_31b1e31_enc-mode0	60	55	0	135208.0	135.208	38.39650000000001	43.345166666666664	43.328166666666675	38.011038	43.313814	43.265727	89.56153751013304	347986.0	5.799766666666667	649.45	640	360	30.0	8	d0fdeaab011a380f487fbc7ba36cc741	719ac6c61db00ddbe1d0cfb8fb09b3a2	640	360	2072.0	5.0	566.0	3121.0	False	True	0.9791407128175099	0.9935659202320404
thaloundeskmtg360p_60f	thaloundeskmtg360p_60f	svtav1	svtav1_20200819_31b1e31_enc-mode0	60	63	0	55292.0	55.292	33.235166666666665	38.81183333333332	38.99966666666669	32.880178	38.781098	38.962792	73.64509001019573	205916.0	3.4319333333333333	350.03	640	360	30.0	8	1684d33e3af5de7291f8b4359d6bce4e	b40cf98619f4cad8b6df89aead4b5452	640	360	1731.0	4.0	418.0	2941.0	False	True	0.9503262281417847	0.9794521745490986
ducks_1920x1080_50fps_10b	ducks_1920x1080_50fps_10b	svtav1	svtav1_20200819_31b1e31_enc-mode0	60	20	0	114664493.0	114664.493	39.07516666666667	39.12249999999999	41.35483333333334	38.975138	39.10666	41.352109	98.66987377003275	10064138.0	167.73563333333334	19157.76	1920	1080	50.0	10	df38b905161fc6c629f706ee65284c2c	ba12d6899eed9e0819c9f9176c50ee6b	1920	1080	23390.0	4.0	30360.0	24445.0	False	True	0.9988306681315104	0.9959592324120803
ducks_1920x1080_50fps_10b	ducks_1920x1080_50fps_10b	svtav1	svtav1_20200819_31b1e31_enc-mode0	60	32	0	29621800.0	29621.8	35.112500000000004	36.88466666666666	39.995999999999995	35.101242	36.878787	39.990709	93.48033055394758	8634144.0	143.9024	17035.7	1920	1080	50.0	10	14b543d6d11b17d9f46e7ad38b4a9089	8196a40a0f92cd9f58494cea256b7378	1920	1080	22355.0	4.0	23136.0	23144.0	False	True	0.9966127942005794	0.9900122599347257
ducks_1920x1080_50fps_10b	ducks_1920x1080_50fps_10b	svtav1	svtav1_20200819_31b1e31_enc-mode0	60	43	0	11182426.0	11182.426	33.247666666666674	35.30316666666666	38.85433333333333	33.237482	35.275001	38.845194	85.34725849421874	8135646.0	135.5941	15892.91	1920	1080	50.0	10	e7543798fe567fd84e3121fd2b850255	d6e12ae10657bd97d9dc30b3a4776e34	1920	1080	23414.0	5.0	17402.0	23545.0	False	True	0.9917523960272471	0.9825272359850391
ducks_1920x1080_50fps_10b	ducks_1920x1080_50fps_10b	svtav1	svtav1_20200819_31b1e31_enc-mode0	60	55	0	4638733.0	4638.732999999999	31.121833333333345	33.680833333333325	37.794	31.089271	33.635183	37.787924	71.41323830609801	6612184.0	110.20306666666667	11669.08	1920	1080	50.0	10	e6c508172ecaa58b7dda1f008a8de644	3328ccb83836981216af382d305dee33	1920	1080	22358.0	6.0	14329.0	25204.0	False	True	0.9795621365308762	0.9670714271231341
ducks_1920x1080_50fps_10b	ducks_1920x1080_50fps_10b	svtav1	svtav1_20200819_31b1e31_enc-mode0	60	63	0	1315133.0	1315.133	27.749666666666666	31.202166666666663	36.11816666666664	27.707826	31.177077	36.116262	44.05780646419252	3349201.0	55.82001666666667	5775.33	1920	1080	50.0	10	349e554005caea28c3ecc89dd96c7cd2	ed9d0ae9793e47b62432d47c43dba1af	1920	1080	23296.0	6.0	10875.0	24113.0	False	True	0.9332529892524083	0.9159310530206113
Market3_1920x1080p_50_10b_pq_709	Market3_1920x1080p_50_10b_pq_709	svtav1	svtav1_20200819_31b1e31_enc-mode0	60	20	0	12288613.0	12288.613	44.90216666666665	50.9038333333333	51.856499999999976	44.894337	50.90235500000001	51.855091	99.8486147108025	4994499.0	83.24165	9877.58	1920	1080	50.0	10	480a3cc57783b11ee0cb26cbcdc8b52d	8cf39597ee3194db19a2e289a47be289	1920	1080	21597.0	2.0	11262.0	23085.0	False	True	0.9992210159699122	0.9982285304231097
Market3_1920x1080p_50_10b_pq_709	Market3_1920x1080p_50_10b_pq_709	svtav1	svtav1_20200819_31b1e31_enc-mode0	60	32	0	6634966.0	6634.966	42.45183333333334	49.134000000000015	50.2255	42.438093	49.13316	50.223402	99.05687435124929	4540297.0	75.67161666666667	8663.65	1920	1080	50.0	10	a9e13c521179b6e7867d9e5cb845e66b	538413a7de2c86437d22dfe961e44128	1920	1080	20828.0	3.0	10449.0	23492.0	False	True	0.9986674557129542	0.9970121049140529
Market3_1920x1080p_50_10b_pq_709	Market3_1920x1080p_50_10b_pq_709	svtav1	svtav1_20200819_31b1e31_enc-mode0	60	43	0	3629553.0	3629.553	39.963833333333326	47.60249999999999	48.878499999999995	39.942296000000006	47.59994	48.878001	96.29948011692044	4211479.0	70.19131666666667	7370.8	1920	1080	50.0	10	ca7945e89f4dc9def01c0fec8d94fcdc	fec82e4d8be664a67dda1c24da2e4218	1920	1080	20558.0	7.0	9719.0	24277.0	False	True	0.9974231719970703	0.9944752711083207
Market3_1920x1080p_50_10b_pq_709	Market3_1920x1080p_50_10b_pq_709	svtav1	svtav1_20200819_31b1e31_enc-mode0	60	55	0	1688946.0	1688.946	36.703666666666656	45.53849999999999	47.00366666666666	36.680102	45.535892	47.003018	89.74304743711266	3086143.0	51.435716666666664	5501.66	1920	1080	50.0	10	d496fb56266ad3b9f6e1e4e04c19af29	bd063938ac37caed0e2419fbb651d036	1920	1080	21131.0	7.0	9243.0	24890.0	False	True	0.9930303355058034	0.9863101760417666
Market3_1920x1080p_50_10b_pq_709	Market3_1920x1080p_50_10b_pq_709	svtav1	svtav1_20200819_31b1e31_enc-mode0	60	63	0	476526.0	476.526	32.12833333333333	42.16750000000002	44.03066666666665	32.107703	42.166574	44.029579	67.83626208608285	2357898.0	39.2983	4193.01	1920	1080	50.0	10	6a341f5e514e4bd29d8682c7fec48288	1aa40cc2a96b965fec53da8dce0c38d3	1920	1080	21690.0	5.0	7831.0	24768.0	False	True	0.9704781969388326	0.9551567922081213
ShowGirl2TeaserClip4000_1920x108	ShowGirl2TeaserClip4000_1920x108	svtav1	svtav1_20200819_31b1e31_enc-mode0	60	20	0	2923196.0	2923.1960000000004	42.43733333333334	46.649500000000025	49.47833333333333	42.435791	46.648468	49.477229	95.49649420940584	6689537.0	111.49228333333333	12425.03	1920	1080	25.0	10	c96b0e3aebc7d1a1797114e755650878	2629a81133c59711616174c953215416	1920	1080	22178.0	4.0	8952.0	23195.0	False	True	0.9961667557557424	0.9915993817064511
ShowGirl2TeaserClip4000_1920x108	ShowGirl2TeaserClip4000_1920x108	svtav1	svtav1_20200819_31b1e31_enc-mode0	60	32	0	1336626.0	1336.626	41.7645	46.245	48.75483333333333	41.762297	46.243435	48.753817	93.73855779854115	4732909.0	78.88181666666667	8543.87	1920	1080	25.0	10	8304c94e30d94fc3c7d8e680f7baa489	d288f4995b18e57a8efba9bbbf79811b	1920	1080	23142.0	4.0	7719.0	24198.0	False	True	0.9951620469490687	0.9903281735260118
ShowGirl2TeaserClip4000_1920x108	ShowGirl2TeaserClip4000_1920x108	svtav1	svtav1_20200819_31b1e31_enc-mode0	60	43	0	763443.0	763.443	40.946833333333345	45.83216666666663	48.083666666666645	40.937621	45.830196	48.082873	91.03851845571778	3974079.0	66.23465	7592.81	1920	1080	25.0	10	9406a9fd24773a0c6a0a853819ef5d72	3b6c5f68eef45c4d97cd35db620d30b4	1920	1080	22255.0	4.0	6656.0	24663.0	False	True	0.9937211185693741	0.9886691319792779
ShowGirl2TeaserClip4000_1920x108	ShowGirl2TeaserClip4000_1920x108	svtav1	svtav1_20200819_31b1e31_enc-mode0	60	55	0	390400.0	390.4	39.426833333333335	45.16683333333336	47.07883333333333	39.403421	45.165375	47.07861	85.48108405959861	2230686.0	37.1781	4305.12	1920	1080	25.0	10	983ac3cbc59eb61e191b252271751103	34438b38c041e8b312ed0e5395f37a89	1920	1080	20211.0	4.0	5444.0	23577.0	False	True	0.9899998883406321	0.9846480193905414
ShowGirl2TeaserClip4000_1920x108	ShowGirl2TeaserClip4000_1920x108	svtav1	svtav1_20200819_31b1e31_enc-mode0	60	63	0	136843.0	136.843	36.021666666666675	43.28399999999999	44.889999999999986	35.984534000000004	43.2831	44.888828	68.14883815600267	1681026.0	28.0171	3010.61	1920	1080	25.0	10	b66115592f2bf2d9461f4dbe57252735	f5aec5a55e9399e9bd4a75482af249ac	1920	1080	20075.0	4.0	3704.0	23577.0	False	True	0.973482538263003	0.9682854604481015
Starting_1920x1080p_50_10b_pq_70	Starting_1920x1080p_50_10b_pq_70	svtav1	svtav1_20200819_31b1e31_enc-mode0	60	20	0	4338460.0	4338.46	47.015833333333354	49.76849999999998	51.40133333333333	46.991036	49.742826	51.36608	96.96786191630969	4131180.0	68.853	7545.57	1920	1080	50.0	10	d8214a2a8fe4684b529120d9c0649129	c6d50eaf6d5300cf40ed030834ee1b75	1920	1080	17753.0	4.0	6850.0	23397.0	False	True	0.9992568592230479	0.9981991303024726
Starting_1920x1080p_50_10b_pq_70	Starting_1920x1080p_50_10b_pq_70	svtav1	svtav1_20200819_31b1e31_enc-mode0	60	32	0	2397046.0	2397.046	45.747166666666665	48.668833333333325	49.917999999999985	45.717402	48.65279	49.900371	96.11065996673202	2849930.0	47.49883333333333	5180.27	1920	1080	50.0	10	62863df166907c3dfa281fe2d1c95e4e	355ebb1674b922a514f61e6c8db15aaf	1920	1080	19639.0	4.0	6213.0	27069.0	False	True	0.9988204628229141	0.9975238841481325
Starting_1920x1080p_50_10b_pq_70	Starting_1920x1080p_50_10b_pq_70	svtav1	svtav1_20200819_31b1e31_enc-mode0	60	43	0	1511180.0	1511.18	44.325333333333326	47.64116666666665	48.559	44.283522999999995	47.63205	48.549184	94.6380841618068	2905013.0	48.41688333333333	5408.01	1920	1080	50.0	10	d0ee0136b5851f71e50ca999aebcf868	783dcdb70fcf0027b0be6c879235f3d0	1920	1080	21236.0	5.0	5939.0	26414.0	False	True	0.9982478837172191	0.9967101143209073
Starting_1920x1080p_50_10b_pq_70	Starting_1920x1080p_50_10b_pq_70	svtav1	svtav1_20200819_31b1e31_enc-mode0	60	55	0	776966.0	776.966	41.524	45.769666666666666	46.18233333333334	41.494167	45.767604	46.180514	90.55253782087325	2138829.0	35.64715	3867.47	1920	1080	50.0	10	877a23c6fd5f518a1ad50b4e86d53024	2579540004b29fb213f376444b81b892	1920	1080	21076.0	5.0	5402.0	25181.0	False	True	0.9961799005667369	0.9938935190237792
Starting_1920x1080p_50_10b_pq_70	Starting_1920x1080p_50_10b_pq_70	svtav1	svtav1_20200819_31b1e31_enc-mode0	60	63	0	273240.0	273.24	36.377833333333335	42.84333333333333	43.087833333333315	36.364965	42.842849	43.087393	75.5724236141874	1545812.0	25.763533333333335	2861.56	1920	1080	50.0	10	c8e9151a63829c3f3ac147ed8f046e44	1700276b74c217a1c8a9b8d350f6a9a9	1920	1080	17956.0	7.0	5278.0	24047.0	False	True	0.9858849753936132	0.9803521964889017
DOTA2_60f_420	DOTA2_60f_420	svtav1	svtav1_20200819_31b1e31_enc-mode0	60	20	0	15817104.0	15817.104	45.66533333333333	49.198	49.34633333333333	45.63519899999999	49.155334	49.330126	97.72199378682261	6848977.0	114.14961666666666	12480.61	1920	1080	60.0	8	3679591df296e50719795409eba24cb5	c0263522bfb062d39b555b1e7a328c73	1920	1080	12464.0	18.0	7847.0	28273.0	False	True	0.9987523337205251	0.9975364982135576
DOTA2_60f_420	DOTA2_60f_420	svtav1	svtav1_20200819_31b1e31_enc-mode0	60	32	0	8056728.0	8056.728	43.35933333333333	47.218666666666664	47.52833333333332	43.310498	47.159973	47.506812	96.080424453377	4610670.0	76.8445	8280.25	1920	1080	60.0	8	625fe4186bfc74ec4a68e27d3100ac47	88f0ffc21325eb75e396d58c789af150	1920	1080	13103.0	3.0	7025.0	23247.0	False	True	0.9977124551932017	0.9956740709329767
DOTA2_60f_420	DOTA2_60f_420	svtav1	svtav1_20200819_31b1e31_enc-mode0	60	43	0	4362296.0	4362.296	41.16833333333332	45.25866666666668	45.66316666666667	41.09552	45.174231	45.630718	93.3217104386356	3528437.0	58.80728333333333	6339.62	1920	1080	60.0	8	da47d6a24604a46eebcf064597220518	f1f1dd2ab5966b48c8530659d7baab2a	1920	1080	11991.0	4.0	6736.0	24830.0	False	True	0.9956866810719173	0.992460018909362
DOTA2_60f_420	DOTA2_60f_420	svtav1	svtav1_20200819_31b1e31_enc-mode0	60	55	0	1990472.0	1990.472	38.227166666666676	42.580333333333314	43.02433333333333	38.14089	42.491104	42.994932	87.10000161582114	2490890.0	41.514833333333335	4594.64	1920	1080	60.0	8	b0667acaacc7f50247366f3191c3c14e	8ad33ac1a6fc32554d81abc75c79e83c	1920	1080	13559.0	6.0	5826.0	24991.0	False	True	0.9888599574565887	0.9832956384739068
DOTA2_60f_420	DOTA2_60f_420	svtav1	svtav1_20200819_31b1e31_enc-mode0	60	63	0	604568.0	604.568	33.96633333333333	38.56783333333333	39.017500000000005	33.866088	38.471716	38.990384	67.64030815431387	1973118.0	32.8853	3644.34	1920	1080	60.0	8	2af63fbe58f5413012d8c89baeb61bd8	dd6f8a6779283b31437421b90e51a582	1920	1080	13492.0	6.0	4534.0	25569.0	False	True	0.9570731778939565	0.9509119790095764
Netflix_Aerial_1920x1080_60fps_8	Netflix_Aerial_1920x1080_60fps_8	svtav1	svtav1_20200819_31b1e31_enc-mode0	60	20	0	18492720.0	18492.720000000005	42.37633333333334	45.130833333333314	44.942833333333326	42.360659000000005	45.127357	44.939806	96.4766645092721	7053000.0	117.55	13219.8	1920	1080	60.0	8	ebcf5e465287fa1a70cf9350a4a743c9	65fbd994209782dd862b525ed13a507f	1920	1080	16458.0	3.0	13546.0	23555.0	False	True	0.9978578756252925	0.996330990088124
Netflix_Aerial_1920x1080_60fps_8	Netflix_Aerial_1920x1080_60fps_8	svtav1	svtav1_20200819_31b1e31_enc-mode0	60	32	0	9995952.0	9995.952	40.683166666666665	44.08333333333333	44.14416666666667	40.649205	44.07853	44.140936	94.41524310603108	5622663.0	93.71105	10191.5	1920	1080	60.0	8	391ea1a08114f0b64a363160a303f28e	26a7a315cc6f71cc1aad516b65d7e7b7	1920	1080	15162.0	4.0	12161.0	24898.0	False	True	0.9965818603833516	0.9944167672376104
Netflix_Aerial_1920x1080_60fps_8	Netflix_Aerial_1920x1080_60fps_8	svtav1	svtav1_20200819_31b1e31_enc-mode0	60	43	0	5619744.0	5619.744	38.756	42.984833333333334	43.392500000000005	38.701613	42.980147	43.390145	91.54654159718781	3240694.0	54.01156666666667	6357.01	1920	1080	60.0	8	d6da9f8b71877d8a9de845d88dcaca6b	caa1e55bf496f5c393bf3f215f5f7804	1920	1080	13664.0	3.0	10063.0	23095.0	False	True	0.9944873581329982	0.9910613216030523
Netflix_Aerial_1920x1080_60fps_8	Netflix_Aerial_1920x1080_60fps_8	svtav1	svtav1_20200819_31b1e31_enc-mode0	60	55	0	2512816.0	2512.816	35.90266666666666	41.292666666666655	42.235166666666665	35.835579	41.29048	42.233584	85.38684403878484	2848779.0	47.47965	5184.51	1920	1080	60.0	8	0c81fe2cd82ccc1ba985796b35e3d5bb	fec49c49d8b2c44e81eb587eabc9760d	1920	1080	14218.0	5.0	10316.0	25299.0	False	True	0.9882848620414734	0.9811900900426944
Netflix_Aerial_1920x1080_60fps_8	Netflix_Aerial_1920x1080_60fps_8	svtav1	svtav1_20200819_31b1e31_enc-mode0	60	63	0	674272.0	674.272	31.531166666666667	38.75433333333334	40.58366666666666	31.511991	38.75147	40.580285	65.37117479052456	1999469.0	33.32448333333333	3779.43	1920	1080	60.0	8	38549c1e7fbcf9dd0836bad0479a6ec4	84fc14f7c39d1f27ac8a0740ab468c2a	1920	1080	13522.0	6.0	7861.0	24541.0	False	True	0.9582012703021368	0.9381160104545325
Netflix_Boat_1920x1080_60fps_8bi	Netflix_Boat_1920x1080_60fps_8bi	svtav1	svtav1_20200819_31b1e31_enc-mode0	60	20	0	25916960.0	25916.96	43.37066666666665	45.45583333333333	46.8405	43.359754	45.444108	46.835284	99.90733861105755	6997329.0	116.62215	12711.85	1920	1080	60.0	8	939d086e34d69b8e72dbec9962583a47	7be6134726a3d510f574c05c617c0217	1920	1080	14151.0	5.0	11910.0	24047.0	False	True	0.9992947568496068	0.9985073694266426
Netflix_Boat_1920x1080_60fps_8bi	Netflix_Boat_1920x1080_60fps_8bi	svtav1	svtav1_20200819_31b1e31_enc-mode0	60	32	0	14747808.0	14747.808	40.885	43.96416666666667	44.991333333333316	40.863745	43.950239	44.987538	99.53576685607352	5728944.0	95.4824	10562.69	1920	1080	60.0	8	a69a93e592e6e7c9654e3e02e33f630c	6f637cdfabc8ae6aec08c36990f00d74	1920	1080	14366.0	5.0	10853.0	25056.0	False	True	0.9987897604703904	0.9974662927223632
Netflix_Boat_1920x1080_60fps_8bi	Netflix_Boat_1920x1080_60fps_8bi	svtav1	svtav1_20200819_31b1e31_enc-mode0	60	43	0	8791064.0	8791.064	38.34466666666667	42.72416666666668	43.50766666666667	38.295476	42.702326	43.50356	96.42050212916116	4406216.0	73.43693333333333	8102.28	1920	1080	60.0	8	a1648be514fe571c168e3ff9aee74ed4	b10f31723e5e21e50a63b52b16dd3b1c	1920	1080	14366.0	3.0	9633.0	23711.0	False	True	0.9977835426727931	0.9954948463220089
Netflix_Boat_1920x1080_60fps_8bi	Netflix_Boat_1920x1080_60fps_8bi	svtav1	svtav1_20200819_31b1e31_enc-mode0	60	55	0	4515992.0	4515.992	34.89733333333333	41.05433333333334	41.635666666666665	34.826679	41.019043	41.63088	89.19918724694512	3874496.0	64.57493333333333	7179.87	1920	1080	60.0	8	0fe470e93981115d061ce259ec21ca60	c12becbd49a6df5cf98096c2f3e723a5	1920	1080	19087.0	6.0	9410.0	23899.0	False	True	0.994457499186198	0.9894592585685195
Netflix_Boat_1920x1080_60fps_8bi	Netflix_Boat_1920x1080_60fps_8bi	svtav1	svtav1_20200819_31b1e31_enc-mode0	60	63	0	1446416.0	1446.416	29.491833333333325	38.531	38.86666666666665	29.431515	38.507695	38.861676	66.65597979851076	2776963.0	46.282716666666666	5304.02	1920	1080	60.0	8	ca7a458474fe31445f729048086b12c3	4fbf83245cde47a277916355f7cd1531	1920	1080	17806.0	7.0	6984.0	25401.0	False	True	0.9730788548787435	0.9568584157772082
Netflix_PierSeaside_1920x1080_60	Netflix_PierSeaside_1920x1080_60	svtav1	svtav1_20200819_31b1e31_enc-mode0	60	20	0	7194224.0	7194.224	45.347666666666655	47.34683333333333	45.442333333333345	45.332358	47.339392	45.432726	99.89116471674166	4254602.0	70.91003333333333	7863.31	1920	1080	60.0	8	d2c428263a868395ded38e1bb8c3f8a9	6efdde0c4aba132f5a327f1a58b51ac7	1920	1080	11653.0	4.0	10339.0	23534.0	False	True	0.9980224361022313	0.996789378165707
Netflix_PierSeaside_1920x1080_60	Netflix_PierSeaside_1920x1080_60	svtav1	svtav1_20200819_31b1e31_enc-mode0	60	32	0	3394096.0	3394.096	43.782333333333334	46.55299999999999	44.85133333333335	43.751386	46.545744	44.843687	99.53261985766834	2653512.0	44.2252	4966.39	1920	1080	60.0	8	cb883f2b71425d26e47f9d44cc8a4066	815a3ee82338bd25e05f64ad74a87499	1920	1080	10378.0	3.0	8867.0	22354.0	False	True	0.9971707830826442	0.9954529110880806
Netflix_PierSeaside_1920x1080_60	Netflix_PierSeaside_1920x1080_60	svtav1	svtav1_20200819_31b1e31_enc-mode0	60	43	0	1713072.0	1713.072	42.10683333333334	45.60149999999997	44.15516666666666	42.060797	45.59398	44.147216	98.02684183027658	2338535.0	38.97558333333333	4263.67	1920	1080	60.0	8	87e2e3ed93992145177035399d4a6b8b	577e4bcd3d3f647c7bb1a9028fc5726c	1920	1080	11387.0	5.0	8365.0	24722.0	False	True	0.9957023898760478	0.993258214900835
Netflix_PierSeaside_1920x1080_60	Netflix_PierSeaside_1920x1080_60	svtav1	svtav1_20200819_31b1e31_enc-mode0	60	55	0	805648.0	805.648	39.95116666666668	43.994333333333344	43.07083333333333	39.895896	43.984369	43.061679	94.27116873861792	1533993.0	25.56655	2855.87	1920	1080	60.0	8	4e6f74fa736b4acefe7cdaffe62ecc50	8543d4780e05fba655988f9529c1c849	1920	1080	12845.0	9.0	7785.0	22902.0	False	True	0.9920946677525838	0.9885989517753608
Netflix_PierSeaside_1920x1080_60	Netflix_PierSeaside_1920x1080_60	svtav1	svtav1_20200819_31b1e31_enc-mode0	60	63	0	279200.0	279.2	36.168833333333325	40.970666666666666	40.59283333333334	36.126617	40.963335	40.587844	81.3077750974358	1193469.0	19.89115	2258.7	1920	1080	60.0	8	4c254a52b777d824939da74b4f1d9167	6ae6766fd0ffe7524bccbcda5a3e4a6c	1920	1080	11377.0	4.0	7420.0	25650.0	False	True	0.9803579737742741	0.9756620695999707
STARCRAFT_60f_420	STARCRAFT_60f_420	svtav1	svtav1_20200819_31b1e31_enc-mode0	60	20	0	8057544.0	8057.544	50.94200000000001	53.68949999999998	53.70333333333333	50.932231	53.680302	53.698094	97.70942341931192	3191443.0	53.19071666666667	6016.96	1920	1080	60.0	8	fa6757437d0dc5a9fa6fbd2f080f876a	1927c30a8d4a2e74146d6180f37bb165	1920	1080	15884.0	9.0	2409.0	25671.0	False	True	0.9996749579906463	0.9993623806657065
STARCRAFT_60f_420	STARCRAFT_60f_420	svtav1	svtav1_20200819_31b1e31_enc-mode0	60	32	0	5084344.0	5084.344	48.27233333333334	51.913000000000004	52.009666666666675	48.258277	51.896014	52.001779000000006	97.1962280018616	2786182.0	46.436366666666665	4904.13	1920	1080	60.0	8	657099c50bf5db00c81972ab17229749	e3c5158265bf40c6c8904474deaf8f51	1920	1080	11317.0	4.0	2519.0	26960.0	False	True	0.9993881364663442	0.9988700957094293
STARCRAFT_60f_420	STARCRAFT_60f_420	svtav1	svtav1_20200819_31b1e31_enc-mode0	60	43	0	2985192.0	2985.192	44.95766666666666	49.58333333333334	49.7485	44.934803	49.563568	49.739355	96.09201171566939	1886580.0	31.443	3519.58	1920	1080	60.0	8	0c5d05220065f8326aa8015f5be5fa2f	bb436879130f147603483dd3ea2ee1f3	1920	1080	10829.0	6.0	2356.0	25850.0	False	True	0.9986027896404266	0.9975895350748915
STARCRAFT_60f_420	STARCRAFT_60f_420	svtav1	svtav1_20200819_31b1e31_enc-mode0	60	55	0	1471176.0	1471.176	40.688500000000005	46.22266666666667	46.43116666666666	40.67127	46.207973	46.423538	92.9671670373565	1535575.0	25.592916666666667	2881.87	1920	1080	60.0	8	77b149e024931b003c232c86252efa0a	afd1085ee3a3a27927d5a4b4030e6282	1920	1080	13817.0	5.0	2249.0	25112.0	False	True	0.9956831753253936	0.9933618953699089
STARCRAFT_60f_420	STARCRAFT_60f_420	svtav1	svtav1_20200819_31b1e31_enc-mode0	60	63	0	508272.0	508.272	35.098	41.80666666666668	41.93866666666666	35.08911	41.792876	41.930065	81.53587586991662	983552.0	16.392533333333333	1861.08	1920	1080	60.0	8	095d9940c50cea8688e2054860d17033	7d88acb298058a3f54dacffe8e2ab07b	1920	1080	10715.0	3.0	1635.0	22430.0	False	True	0.9820889761050542	0.9764888369521034
aspen_1080p_60f	aspen_1080p_60f	svtav1	svtav1_20200819_31b1e31_enc-mode0	60	20	0	7971251.0	7971.251	43.996166666666674	48.04866666666666	49.260999999999996	43.983394	48.04595	49.258776	97.95631591292582	8399317.0	139.98861666666667	15524.39	1920	1080	29.97	8	426959b47d3f11a47e5eb6df4fd719c5	1862aed07000a9000fb62870ca20259d	1920	1080	10748.0	7.0	12624.0	23173.0	False	True	0.9960607369740804	0.9925006899719186
aspen_1080p_60f	aspen_1080p_60f	svtav1	svtav1_20200819_31b1e31_enc-mode0	60	32	0	2517084.0	2517.084	42.239999999999995	47.09666666666667	48.25033333333332	42.231652000000004	47.093302	48.24629	94.35281484055905	4813102.0	80.21836666666667	8972.92	1920	1080	29.97	8	062154f8a54a1bd4a9b3ef7de867ba63	5ca2b9f1b7601e559d1db36c0ae7a117	1920	1080	9851.0	5.0	11131.0	23243.0	False	True	0.9942149351040522	0.9899203387159257
aspen_1080p_60f	aspen_1080p_60f	svtav1	svtav1_20200819_31b1e31_enc-mode0	60	43	0	1226966.0	1226.966	41.09033333333334	46.10766666666667	47.225333333333325	41.074436	46.103067	47.221588	90.32268387967247	4105276.0	68.42126666666667	7384.33	1920	1080	29.97	8	bd2a044fe4036e0a0e479bbc21d4b2eb	373015d24ea4f920e0008e708f4a50ad	1920	1080	13175.0	8.0	9610.0	22898.0	False	True	0.9921234955390295	0.9875529687042238
aspen_1080p_60f	aspen_1080p_60f	svtav1	svtav1_20200819_31b1e31_enc-mode0	60	55	0	578208.0	578.208	39.4185	44.52616666666667	45.642166666666675	39.389595	44.518456	45.637476	83.17951709406903	2492431.0	41.54051666666667	4768.13	1920	1080	29.97	8	d5c122e913efb8379b0b3fb58a4ce477	8978577cc00284756ddb3650d9ac7b80	1920	1080	9338.0	12.0	8940.0	23907.0	False	True	0.9877332975467046	0.9829012969459214
aspen_1080p_60f	aspen_1080p_60f	svtav1	svtav1_20200819_31b1e31_enc-mode0	60	63	0	207615.0	207.61500000000004	36.031166666666664	41.56416666666666	42.50549999999999	35.993059	41.551441	42.501847	64.18262906000709	1558456.0	25.974266666666665	2921.29	1920	1080	29.97	8	7b5c1f3c81ab7ec4a084142f1026f391	3c6b8af7f74e3653203cd4ebd9f1616b	1920	1080	9591.0	3.0	6968.0	23807.0	False	True	0.9695593774318695	0.9655567482310797
blue_sky_360p_60f	blue_sky_360p_60f	svtav1	svtav1_20200819_31b1e31_enc-mode0	60	20	0	1188386.0	1188.386	44.33766666666668	44.94716666666666	46.40533333333331	44.2695	44.904879	46.375888	99.9508398717008	1299136.0	21.652266666666666	2335.27	640	360	25.0	8	1d9bd6a9149932416e527dda57d9090e	71050f18abe05dcffb286210f3a0b7d1	640	360	1908.0	4.0	1832.0	2913.0	False	True	0.9924945026636124	0.9985453407132057
blue_sky_360p_60f	blue_sky_360p_60f	svtav1	svtav1_20200819_31b1e31_enc-mode0	60	32	0	580623.0	580.623	41.18316666666668	42.389666666666656	43.90850000000002	41.120112	42.359568	43.889024	99.93073052822638	845678.0	14.094633333333332	1625.82	640	360	25.0	8	7f103148d914d26814f922422c159c08	f9b1dbecee38c2a0af13dc242422c5a0	640	360	1988.0	4.0	1633.0	2935.0	False	True	0.989030247926712	0.9977619246320898
blue_sky_360p_60f	blue_sky_360p_60f	svtav1	svtav1_20200819_31b1e31_enc-mode0	60	43	0	338463.0	338.463	38.75233333333333	40.47766666666666	42.08450000000001	38.661836	40.446544	42.073578	99.53865954022345	524788.0	8.746466666666667	992.16	640	360	25.0	8	9c1930299ef9d003e13f4c48c104f2f9	19cb7f9580edabcc2a75c45a8985659f	640	360	1880.0	4.0	1435.0	3047.0	False	True	0.984622503320376	0.9966495629905324
blue_sky_360p_60f	blue_sky_360p_60f	svtav1	svtav1_20200819_31b1e31_enc-mode0	60	55	0	167796.0	167.796	35.42449999999999	37.165166666666664	39.375166666666686	35.363377	37.144553	39.363572	94.2362852631123	368805.0	6.14675	673.65	640	360	25.0	8	011dd6d44fc7a3483d3482a476de0bd1	a75ed2c61749dd123e129fc0768272fe	640	360	1864.0	34.0	1360.0	3974.0	False	True	0.9717264960209528	0.9932260321684272
blue_sky_360p_60f	blue_sky_360p_60f	svtav1	svtav1_20200819_31b1e31_enc-mode0	60	63	0	54576.0	54.576	29.332166666666662	34.29333333333333	37.07483333333334	29.280611	34.276118	37.056175	71.79282919841596	306294.0	5.1049	536.51	640	360	25.0	8	42c39c2d615b85b9fa3e8d01967894a8	35ea55edbb33401b6954bbeda3dbfdbf	640	360	2328.0	6.0	1300.0	5289.0	False	True	0.914943911631902	0.9745354324464143
red_kayak_360p_60f	red_kayak_360p_60f	svtav1	svtav1_20200819_31b1e31_enc-mode0	60	20	0	9245380.0	9245.38	41.44166666666668	44.86216666666667	49.38766666666668	41.309052	44.789324	49.361904	99.9315806689652	3129133.0	52.15221666666667	5431.3	640	360	29.97	8	d202dcf4699e64a687ca66f383ef6232	484c05b290b399c4a17fa8d4d97a90e4	640	360	2083.0	5.0	2774.0	3152.0	False	True	0.9740274508794149	0.9948806860196924
red_kayak_360p_60f	red_kayak_360p_60f	svtav1	svtav1_20200819_31b1e31_enc-mode0	60	32	0	5470140.0	5470.14	36.819833333333335	42.37149999999999	48.09933333333333	36.66140600000001	42.305618	48.076387	99.84157515369239	2528231.0	42.13718333333333	4464.73	640	360	29.97	8	987fa232614dd569a5ac5199218a51f7	8fe700f5786c7059d54668351723ede6	640	360	2372.0	2.0	2667.0	2960.0	False	True	0.9432667215665181	0.9871808462398285
red_kayak_360p_60f	red_kayak_360p_60f	svtav1	svtav1_20200819_31b1e31_enc-mode0	60	43	0	2565226.0	2565.226	32.231500000000004	39.989333333333335	46.95283333333335	32.060604	39.921655	46.906072	87.96987382133499	2055167.0	34.25278333333333	3642.37	640	360	29.97	8	373ce94e9540ce12b28cb1b060bb884c	9810878ce9a469912bc522221c02de71	640	360	2329.0	3.0	2357.0	3024.0	False	True	0.8767247488101323	0.9681012450924176
red_kayak_360p_60f	red_kayak_360p_60f	svtav1	svtav1_20200819_31b1e31_enc-mode0	60	55	0	789839.0	789.839	28.242	38.00816666666666	45.76083333333334	28.138282	37.976476	45.665276	61.15106594758992	1409368.0	23.489466666666665	2726.01	640	360	29.97	8	fa3ce222392499dae8951cb2d10d0571	079e825954b007a138f84de22ee918f7	640	360	2698.0	7.0	1928.0	2924.0	False	True	0.7612700273593267	0.9223126161775699
red_kayak_360p_60f	red_kayak_360p_60f	svtav1	svtav1_20200819_31b1e31_enc-mode0	60	63	0	122853.0	122.853	25.294166666666673	36.147999999999996	43.53883333333333	25.255631	36.120756	43.280155	19.56008277591916	762367.0	12.706116666666667	1383.74	640	360	29.97	8	a5333822c33a094574263de18317e753	ea52751cb0e25b1d20b165a09e1a9925	640	360	2236.0	4.0	1846.0	3227.0	False	True	0.6412379125754039	0.8161341275907409
vidyo1_720p_60fps_60f	vidyo1_720p_60fps_60f	svtav1	svtav1_20200819_31b1e31_enc-mode0	60	20	0	3557824.0	3557.824	45.59983333333333	48.12083333333333	49.452666666666666	45.587348	48.118361	49.451816	96.58244753615357	2764199.0	46.06998333333333	5192.0	1280	720	60.0	8	39f70a5b0cbad0a78fe0574bb7b6606d	6e169569847a0c90f12f3c2e54473ea1	1280	720	8732.0	6.0	2765.0	10007.0	False	True	0.9976329704125723	0.9970026248619192
vidyo1_720p_60fps_60f	vidyo1_720p_60fps_60f	svtav1	svtav1_20200819_31b1e31_enc-mode0	60	32	0	1342472.0	1342.472	44.054333333333304	47.53383333333331	48.696333333333335	44.044817	47.532242	48.695911	95.30209039268097	1913489.0	31.891483333333333	3412.11	1280	720	60.0	8	79fbd4fcda7c822dbdc6d4685217129c	ee6f9793a4ae94f3b6ac1275645740ab	1280	720	5137.0	4.0	2715.0	10241.0	False	True	0.9960955599943797	0.9955098495933085
vidyo1_720p_60fps_60f	vidyo1_720p_60fps_60f	svtav1	svtav1_20200819_31b1e31_enc-mode0	60	43	0	703840.0	703.84	42.67799999999998	46.84100000000001	47.78699999999999	42.67288799999999	46.839432	47.787034999999996	93.46272957819924	1011106.0	16.851766666666666	1928.72	1280	720	60.0	8	b7b6c49af30eb133fa157bc67aea4461	5e09b8c0f7e8dce0f8fe4148d995f74b	1280	720	5180.0	5.0	2167.0	10277.0	False	True	0.9941844284534455	0.9938371351096275
vidyo1_720p_60fps_60f	vidyo1_720p_60fps_60f	svtav1	svtav1_20200819_31b1e31_enc-mode0	60	55	0	370264.0	370.264	40.6485	45.67133333333334	46.24816666666667	40.64418	45.669818	46.24686	89.21856692849396	802059.0	13.36765	1464.96	1280	720	60.0	8	36b40cc90915acc4705c39c561f514ee	3fd67494c3f531a18e61a31af68ff3f0	1280	720	5360.0	2.0	1753.0	10014.0	False	True	0.9896991670131683	0.9901601451377743
vidyo1_720p_60fps_60f	vidyo1_720p_60fps_60f	svtav1	svtav1_20200819_31b1e31_enc-mode0	60	63	0	150760.0	150.75999999999996	36.43616666666667	42.977	42.967166666666664	36.429038	42.976308	42.965063	74.808881604305	523299.0	8.72165	999.79	1280	720	60.0	8	aa674ab4757565093fe74cf12b1a731f	a97eb0781986b7f514cad16237e58b5c	1280	720	5971.0	5.0	1492.0	9998.0	False	True	0.9696774323781331	0.9743702524492137
vidyo4_720p_60fps_60f	vidyo4_720p_60fps_60f	svtav1	svtav1_20200819_31b1e31_enc-mode0	60	20	0	4675816.0	4675.816	44.188833333333335	49.86083333333333	50.17183333333333	44.164243000000006	49.858063	50.169996	97.74513455713095	2551339.0	42.52231666666667	4899.6	1280	720	60.0	8	f82115df3c65a65a94ad084e9426dbf5	09ff7362e463e2c092260882e82d4eb2	1280	720	5595.0	9.0	3950.0	10189.0	False	True	0.9963845233122508	0.9955987771404307
vidyo4_720p_60fps_60f	vidyo4_720p_60fps_60f	svtav1	svtav1_20200819_31b1e31_enc-mode0	60	32	0	1668504.0	1668.504	42.71483333333334	49.18666666666665	49.51199999999999	42.685143	49.183491	49.509855	96.41026339430502	1518595.0	25.309916666666666	2907.33	1280	720	60.0	8	8384afc6be1c2ef27c09357b61a20aa7	93c5c0ad96a5cbb5bd3f533596fa0690	1280	720	5413.0	4.0	2871.0	9867.0	False	True	0.9944709807634353	0.9936813364314635
vidyo4_720p_60fps_60f	vidyo4_720p_60fps_60f	svtav1	svtav1_20200819_31b1e31_enc-mode0	60	43	0	931096.0	931.096	41.56683333333332	48.49283333333334	48.803499999999985	41.529509	48.488623	48.799366	94.7091054033628	1308425.0	21.807083333333335	2488.32	1280	720	60.0	8	79f5a61a42592b991b4e151f7889e2ef	49863b89b1570a5ded2a4bfead1a121d	1280	720	4953.0	7.0	2582.0	9764.0	False	True	0.9921349793672561	0.9916058767126031
vidyo4_720p_60fps_60f	vidyo4_720p_60fps_60f	svtav1	svtav1_20200819_31b1e31_enc-mode0	60	55	0	456496.0	456.496	39.544500000000006	47.069833333333335	47.21266666666667	39.494847	47.061849	47.203391	90.1781877056379	957578.0	15.959633333333333	1770.99	1280	720	60.0	8	3c3f8684d20b3aa08db2384f357bd88d	fd6437a0654509324a2b9dea14d68894	1280	720	5180.0	4.0	2249.0	10155.0	False	True	0.9850278615951538	0.9858654104238443
vidyo4_720p_60fps_60f	vidyo4_720p_60fps_60f	svtav1	svtav1_20200819_31b1e31_enc-mode0	60	63	0	167840.0	167.84	35.61483333333334	43.506166666666665	43.46333333333334	35.53966	43.489448	43.451364	75.84705394235384	521741.0	8.695683333333333	1025.92	1280	720	60.0	8	7dbfbebf430e73923650c63a6278cf36	d803f280dd49596f54237aad115529f2	1280	720	5106.0	4.0	1794.0	9760.0	False	True	0.9587987830241521	0.9656527293397394
Netflix_FoodMarket_1920x1080_60f	Netflix_FoodMarket_1920x1080_60f	svtav1	svtav1_20200819_31b1e31_enc-mode0	60	20	0	19954320.0	19954.32	41.02766666666666	44.83533333333334	45.59833333333333	41.022334	44.833594	45.597548	99.23756174540381	8816032.0	146.93386666666666	16908.29	1920	1080	60.0	8	8207b7facb2569c477c9deccc7d1cd53	8c2342e7b55517155b4c71f008ba8010	1920	1080	12536.0	5.0	15686.0	23334.0	False	True	0.9952708313862483	0.989776217881607
Netflix_FoodMarket_1920x1080_60f	Netflix_FoodMarket_1920x1080_60f	svtav1	svtav1_20200819_31b1e31_enc-mode0	60	32	0	7389480.0	7389.48	39.90216666666668	44.15266666666666	45.08749999999999	39.894884	44.149161	45.086655	96.43050368457821	7094045.0	118.23408333333333	12418.72	1920	1080	60.0	8	e8946fd8574388784d1b92ae92342fd7	b61da9c87e38accaae6d7a28b1741978	1920	1080	12497.0	7.0	11691.0	24269.0	False	True	0.9925950656334559	0.9859855266667787
Netflix_FoodMarket_1920x1080_60f	Netflix_FoodMarket_1920x1080_60f	svtav1	svtav1_20200819_31b1e31_enc-mode0	60	43	0	3871824.0	3871.824	38.803166666666655	43.36733333333334	44.4105	38.789734	43.362173	44.40777	92.5720798278799	4464914.0	74.41523333333333	8265.89	1920	1080	60.0	8	e6033876ecfdf74d4dfd38db01a43a4d	416fb4b79a79914048df3efc1b37853a	1920	1080	13311.0	7.0	10416.0	23556.0	False	True	0.9891027798255284	0.9814135240153484
Netflix_FoodMarket_1920x1080_60f	Netflix_FoodMarket_1920x1080_60f	svtav1	svtav1_20200819_31b1e31_enc-mode0	60	55	0	1792208.0	1792.208	36.8745	42.18266666666666	43.31583333333333	36.852414	42.176426	43.310593	83.3469708770464	3344996.0	55.74993333333333	6158.87	1920	1080	60.0	8	796765b82d23447c6eb66fd6f5f2d0eb	b183e61f93f64925d69f9e59e82e4c59	1920	1080	12488.0	3.0	9432.0	24066.0	False	True	0.9777637819449106	0.9686476298668486
Netflix_FoodMarket_1920x1080_60f	Netflix_FoodMarket_1920x1080_60f	svtav1	svtav1_20200819_31b1e31_enc-mode0	60	63	0	527672.0	527.672	33.17683333333334	40.04466666666667	40.83000000000001	33.152167	40.032703	40.81747	56.79984630102247	2438102.0	40.63503333333333	4413.88	1920	1080	60.0	8	13dda53acd52e3f82b1d8305f48a8a5f	b910086f7611c1f564e3d2385713a6e8	1920	1080	14563.0	9.0	8207.0	24797.0	False	True	0.9236256688833236	0.9184273674155258
rush_hour_1080p25_60f	rush_hour_1080p25_60f	svtav1	svtav1_20200819_31b1e31_enc-mode0	60	20	0	5300330.0	5300.33	43.047	46.934999999999995	48.965999999999994	43.04083	46.933207	48.96350300000001	96.95095758160572	9485118.0	158.0853	17528.67	1920	1080	25.0	8	51c5dec6d3771cf1118488d0f2dff307	39546c64952563f80f566967c4625029	1920	1080	11198.0	2.0	16063.0	22950.0	False	True	0.9964381118615468	0.9924790671918645
rush_hour_1080p25_60f	rush_hour_1080p25_60f	svtav1	svtav1_20200819_31b1e31_enc-mode0	60	32	0	2559573.0	2559.573	42.18383333333334	46.06683333333332	47.84983333333335	42.180297	46.06492	47.846083	93.25397772483129	6301439.0	105.02398333333333	11789.58	1920	1080	25.0	8	df75425ea93c525ce56dfcdd5c22d1b1	ab745b6e49454a89701282ff4d63e4c6	1920	1080	11003.0	15.0	13975.0	23747.0	False	True	0.9944394171237946	0.9905270818996059
rush_hour_1080p25_60f	rush_hour_1080p25_60f	svtav1	svtav1_20200819_31b1e31_enc-mode0	60	43	0	1309393.0	1309.393	40.99649999999998	45.226166666666664	46.712833333333336	40.989085	45.22384	46.704191	86.97210864288998	5041211.0	84.02018333333334	8992.37	1920	1080	25.0	8	2c84f76779d46f52359663812122445a	9afca762f4b3b7bfa15d613c70f0ba01	1920	1080	10481.0	5.0	12122.0	24622.0	False	True	0.9911072532335917	0.9875335534588902
rush_hour_1080p25_60f	rush_hour_1080p25_60f	svtav1	svtav1_20200819_31b1e31_enc-mode0	60	55	0	622800.0	622.8	39.1645	43.857833333333346	45.039	39.134511	43.853248	45.024773	76.33557028248943	3779618.0	62.993633333333335	7169.05	1920	1080	25.0	8	08ae9e367e449aa5fe862f7fcb3bb48f	4e11de05363ee66ff60995baadb9c9a2	1920	1080	12710.0	3.0	9362.0	23411.0	False	True	0.9841443796952566	0.9815749870240154
rush_hour_1080p25_60f	rush_hour_1080p25_60f	svtav1	svtav1_20200819_31b1e31_enc-mode0	60	63	0	203396.0	203.396	35.60483333333333	41.12466666666667	41.656666666666666	35.561518	41.113785	41.639371	54.29434563521839	1867652.0	31.127533333333332	3401.28	1920	1080	25.0	8	a614840a4a1d4d8866751832eaa40389	2e7230210fde3710a9dbb92ffbb45153	1920	1080	10423.0	4.0	7303.0	23734.0	False	True	0.9597218334674835	0.9614930923241648
wikipedia_420	wikipedia_420	svtav1	svtav1_20200819_31b1e31_enc-mode0	60	20	0	1922128.0	1922.128	57.67133333333333	53.55283333333333	54.25983333333333	57.657442999999994	53.200323	54.1178	99.83604100132102	3245495.0	54.09158333333333	5919.49	1920	1080	30.0	8	fa264a7c3b936ec6fa3cb4e6566e4767	ae0cce0ff2551bbd92ae226f58c6f1cd	1920	1080	9081.0	4.0	1672.0	23741.0	False	True	0.9994685113430023	0.9993058392239877
wikipedia_420	wikipedia_420	svtav1	svtav1_20200819_31b1e31_enc-mode0	60	32	0	1055388.0	1055.388	52.335666666666675	51.091000000000015	52.23016666666667	52.326013	50.792182	52.15899	99.82882278389782	2176969.0	36.28281666666667	3996.63	1920	1080	30.0	8	8f191c17b16a2ede68bc21a252fc9a21	57050573c337c54f2fd16e92f4b2ee99	1920	1080	8623.0	2.0	1394.0	22758.0	False	True	0.9992127527793249	0.9987510876400542
wikipedia_420	wikipedia_420	svtav1	svtav1_20200819_31b1e31_enc-mode0	60	43	0	647688.0	647.688	49.254999999999995	48.99633333333334	50.30283333333331	49.242362	48.827649	50.261342	99.79965273547035	2353321.0	39.22201666666667	4238.35	1920	1080	30.0	8	2088785be2113bc9d6a67a87d08433ed	a5597c6c9e81e0f78369d43fd9a45f43	1920	1080	13530.0	6.0	1802.0	23964.0	False	True	0.9987643291552861	0.9980343989835022
wikipedia_420	wikipedia_420	svtav1	svtav1_20200819_31b1e31_enc-mode0	60	55	0	451848.0	451.848	45.474500000000006	46.331333333333326	47.848166666666664	45.459329	46.284196	47.821657	99.68445444659525	1622949.0	27.04915	2945.43	1920	1080	30.0	8	cb3b7a345716fe0f29151666cfee6c4f	8fd3dab8cd36b341ba8c5f1c9c3f6e40	1920	1080	8611.0	3.0	1555.0	22679.0	False	True	0.9983048846324285	0.9975055529070957
wikipedia_420	wikipedia_420	svtav1	svtav1_20200819_31b1e31_enc-mode0	60	63	0	268300.0	268.3	38.16016666666666	42.192499999999995	42.985666666666674	38.139059	42.178744	42.908579	98.22542658955578	1588721.0	26.478683333333333	2987.84	1920	1080	30.0	8	5385cc9394dc60b3d6b528538b4ca3a0	0d223bd028c2f74b3d642bb883e0715f	1920	1080	8858.0	5.0	1742.0	24709.0	False	True	0.9953679879506429	0.9943903190131032
MINECRAFT_60f_420	MINECRAFT_60f_420	svtav1	svtav1_20200819_31b1e31_enc-mode0	60	20	0	81623208.0	81623.208	42.791666666666664	45.41783333333334	46.007666666666665	42.676242	45.313585	45.918866	99.93885691762043	11177112.0	186.2852	19997.4	1920	1080	60.0	8	048952aaa39322fc1b2bacf274f705be	ad0785deef6e278f0de0681e7cbf0dbf	1920	1080	16850.0	6.0	19407.0	23447.0	False	True	0.9980241199334462	0.996659017645377
MINECRAFT_60f_420	MINECRAFT_60f_420	svtav1	svtav1_20200819_31b1e31_enc-mode0	60	32	0	45023608.0	45023.608	38.09483333333332	43.45766666666667	43.919500000000006	37.959164	43.377936	43.847927	99.8245041225478	9465001.0	157.75001666666665	17239.43	1920	1080	60.0	8	78a2cecf5fc89e2c00626d436fd04b7e	6bf41f970b709358250e11765dd00dc9	1920	1080	14703.0	8.0	18499.0	24868.0	False	True	0.9947157313426336	0.9909272606666085
MINECRAFT_60f_420	MINECRAFT_60f_420	svtav1	svtav1_20200819_31b1e31_enc-mode0	60	43	0	20272160.0	20272.16	34.32816666666666	41.83749999999999	42.19516666666667	34.181513	41.770839	42.140744	95.70066775610749	7672979.0	127.88298333333333	14263.05	1920	1080	60.0	8	dfe821d5fd4369f52b16c16cfd98272e	2080d3787287c5a64334e8c8de424a99	1920	1080	14470.0	3.0	16312.0	28282.0	False	True	0.9867982804775238	0.9785785726273487
MINECRAFT_60f_420	MINECRAFT_60f_420	svtav1	svtav1_20200819_31b1e31_enc-mode0	60	55	0	6948312.0	6948.312	31.017999999999997	39.79383333333332	39.85916666666666	30.928009	39.745661	39.825015	81.06199474983204	6047600.0	100.79333333333334	10983.75	1920	1080	60.0	8	c8fac853416a906e982a67a5323871cd	b260977ca3170d70a9dbed6f289e3431	1920	1080	17151.0	5.0	11189.0	28100.0	False	True	0.9631888707478841	0.9467566743269074
MINECRAFT_60f_420	MINECRAFT_60f_420	svtav1	svtav1_20200819_31b1e31_enc-mode0	60	63	0	1304816.0	1304.816	27.261000000000006	36.392333333333326	36.83599999999999	27.199474	36.38064	36.800773	48.32810373456029	3570733.0	59.51221666666667	6470.38	1920	1080	60.0	8	3fb1f40a3f5508b94e948b7c33d17e7b	8685403e93bddf4ffceebe4457042da1	1920	1080	14955.0	3.0	8368.0	24166.0	False	True	0.8485152333974838	0.8322464260966016
Netflix_SquareAndTimelapse_1920x	Netflix_SquareAndTimelapse_1920x	svtav1	svtav1_20200819_31b1e31_enc-mode0	60	20	0	19135520.0	19135.52	44.42533333333334	48.51766666666668	47.645499999999984	44.418109	48.514335	47.640945	99.9043664796147	7621159.0	127.01931666666667	13836.82	1920	1080	60.0	8	e6497f0e2b8c71a159ebaddcf6c7b592	ce843157e906bd0922a5aec4c5986493	1920	1080	12257.0	3.0	13572.0	22961.0	False	True	0.9991661568482717	0.9978617107474315
Netflix_SquareAndTimelapse_1920x	Netflix_SquareAndTimelapse_1920x	svtav1	svtav1_20200819_31b1e31_enc-mode0	60	32	0	11351120.0	11351.12	42.15833333333333	46.93333333333335	45.88333333333335	42.142129	46.928698000000004	45.876098	99.86416318072035	6102413.0	101.70688333333334	11262.12	1920	1080	60.0	8	ba5131c30f76db5b83e7486472a0cb3c	090a3b1b5976526926169ff65b696e7d	1920	1080	12620.0	2.0	12608.0	22669.0	False	True	0.998401157061259	0.996296446141507
Netflix_SquareAndTimelapse_1920x	Netflix_SquareAndTimelapse_1920x	svtav1	svtav1_20200819_31b1e31_enc-mode0	60	43	0	6747376.0	6747.376	39.73633333333334	45.41416666666668	44.18550000000001	39.704743	45.408107	44.17711	99.23130486035181	5246299.0	87.43831666666667	9628.2	1920	1080	60.0	8	001a9435afa5e91b0531160a64fbac72	d2ae8ef1484306d5360274d5b23b3976	1920	1080	13534.0	4.0	11877.0	24158.0	False	True	0.9967250367005666	0.9933376319102615
Netflix_SquareAndTimelapse_1920x	Netflix_SquareAndTimelapse_1920x	svtav1	svtav1_20200819_31b1e31_enc-mode0	60	55	0	3401536.0	3401.536	36.398166666666654	43.04433333333332	41.648166666666675	36.355238	43.032995	41.633781	91.22273207333046	3690941.0	61.515683333333335	6614.6	1920	1080	60.0	8	4fef08d507de4d35ae5290c80d6c3a17	f015c516603def0e9f3a3e199fc61e92	1920	1080	12762.0	4.0	11377.0	25330.0	False	True	0.9910552044709523	0.9848335183681994
Netflix_SquareAndTimelapse_1920x	Netflix_SquareAndTimelapse_1920x	svtav1	svtav1_20200819_31b1e31_enc-mode0	60	63	0	1124968.0	1124.968	31.25216666666667	38.97616666666665	37.572333333333354	31.214938	38.953138	37.545293	65.02977273000977	2513561.0	41.89268333333333	4801.64	1920	1080	60.0	8	d94189f1b162add61fb7092d05f56dad	668ce0e16d89760041c687f379061055	1920	1080	12954.0	4.0	8464.0	23457.0	False	True	0.9604692141215007	0.9482610108081213
life_1080p30_60f	life_1080p30_60f	svtav1	svtav1_20200819_31b1e31_enc-mode0	60	20	0	12682528.0	12682.528	44.58833333333333	50.264	49.52916666666667	44.572048	50.254107	49.523156	99.5846463633775	7713966.0	128.5661	14563.26	1920	1080	30.0	8	e97a99726a3566917504141310ea17e6	f6a5a6add2058f2a0dc89bb8abf41102	1920	1080	13825.0	4.0	11908.0	25720.0	False	True	0.9992719729741414	0.9980628083346338
life_1080p30_60f	life_1080p30_60f	svtav1	svtav1_20200819_31b1e31_enc-mode0	60	32	0	6085452.0	6085.452	41.78733333333333	47.75933333333331	47.40949999999998	41.777753	47.747672	47.402331	97.94523880698279	6567951.0	109.46585	11602.62	1920	1080	30.0	8	38ec297476cd18a02da0d20988b01a7c	daa102d6e756311119b1d44cb1897b1b	1920	1080	17694.0	3.0	9789.0	23584.0	False	True	0.9986719230810801	0.99670159464108
life_1080p30_60f	life_1080p30_60f	svtav1	svtav1_20200819_31b1e31_enc-mode0	60	43	0	3206152.0	3206.152	39.44616666666668	45.873500000000014	45.67716666666666	39.428737	45.853845	45.665443	95.17417440492525	4547346.0	75.7891	8356.89	1920	1080	30.0	8	6202cc2dac157d011ed2449fcd769026	877561d31ab68c6d76d54310e6726caa	1920	1080	17340.0	16.0	8758.0	23145.0	False	True	0.9975482195615768	0.9944693201230669
life_1080p30_60f	life_1080p30_60f	svtav1	svtav1_20200819_31b1e31_enc-mode0	60	55	0	1471544.0	1471.544	36.317	43.21216666666667	43.16116666666665	36.298528	43.191853	43.144335	89.33793438609632	3714859.0	61.914316666666664	6759.61	1920	1080	30.0	8	b46e1aaba8caf81c7eaef00a5769da09	19b240c048f35fc50619efec4264b9dd	1920	1080	12705.0	3.0	7746.0	23004.0	False	True	0.9935092747211456	0.9867740101598758
life_1080p30_60f	life_1080p30_60f	svtav1	svtav1_20200819_31b1e31_enc-mode0	60	63	0	428800.0	428.8	31.991666666666667	39.27366666666665	39.01516666666666	31.974116	39.247495	38.987493	70.78428783194936	2498903.0	41.648383333333335	4642.33	1920	1080	30.0	8	3bdf1f799f2e7d135798323b98e8c42e	332d5a0c2045be22e8a5b8209ed479fb	1920	1080	12870.0	10.0	6473.0	22982.0	False	True	0.9716741263866424	0.9551435578338879
touchdown_pass_1080p_60f	touchdown_pass_1080p_60f	svtav1	svtav1_20200819_31b1e31_enc-mode0	60	20	0	18000870.0	18000.87	40.62566666666667	47.842333333333336	47.997166666666686	40.585503	47.838749	47.995009	96.43980157683241	9021636.0	150.3606	16885.4	1920	1080	29.97	8	364c0a43b72cd2d008bf1e40bcc6af0c	0182e0af3771737b1bacec2fe9ceda60	1920	1080	15341.0	3.0	19364.0	22692.0	False	True	0.9957805107037226	0.9908752180959095
touchdown_pass_1080p_60f	touchdown_pass_1080p_60f	svtav1	svtav1_20200819_31b1e31_enc-mode0	60	32	0	4298701.0	4298.701	38.67016666666667	47.16366666666666	47.290166666666686	38.655217	47.161788	47.288185	94.2023732269816	5241135.0	87.35225	9608.52	1920	1080	29.97	8	a199c81754853faed94541b80c9c88fe	34f89d1011325d9cf49a736f29c83183	1920	1080	12372.0	3.0	12351.0	23877.0	False	True	0.9939987113078436	0.9867871990881114
touchdown_pass_1080p_60f	touchdown_pass_1080p_60f	svtav1	svtav1_20200819_31b1e31_enc-mode0	60	43	0	2004568.0	2004.568	37.50383333333333	46.28333333333332	46.34250000000001	37.483257	46.280716	46.339493999999995	91.39264820635613	3871451.0	64.52418333333334	7188.14	1920	1080	29.97	8	b2f7a6109b7cff2dca98e47bda056b97	7c57b852d596a79bc385c8223958c7e5	1920	1080	15948.0	5.0	10425.0	23299.0	False	True	0.9915509710709254	0.9823991569332491
touchdown_pass_1080p_60f	touchdown_pass_1080p_60f	svtav1	svtav1_20200819_31b1e31_enc-mode0	60	55	0	977581.0	977.581	35.782166666666676	44.83116666666668	44.854333333333344	35.754706000000006	44.828872	44.850059	85.05566099565623	3075285.0	51.25475	5601.98	1920	1080	29.97	8	1d8664360ab93d1ccca21a2f06016334	ef199782825b511b16e217d4cff13670	1920	1080	13723.0	4.0	9352.0	30161.0	False	True	0.9847193678220113	0.9714903930329515
touchdown_pass_1080p_60f	touchdown_pass_1080p_60f	svtav1	svtav1_20200819_31b1e31_enc-mode0	60	63	0	291408.0	291.408	32.08533333333333	41.92533333333334	41.92016666666665	32.063363	41.91747	41.90919	60.43201877289648	2312167.0	38.536116666666665	4175.63	1920	1080	29.97	8	fb325a33397e74f433dd930ae6b4994e	5db375d07f5f5e5f799c798d4962dc33	1920	1080	15763.0	4.0	6941.0	26187.0	False	True	0.9359388848145803	0.9157255635676341
Netflix_TunnelFlag_1920x1080_60f	Netflix_TunnelFlag_1920x1080_60f	svtav1	svtav1_20200819_31b1e31_enc-mode0	60	20	0	27513712.0	27513.712	42.90899999999999	46.77633333333334	48.320000000000014	42.89766	46.769907	48.31477	99.93308840738568	10427747.0	173.79578333333333	18654.95	1920	1080	60.0	8	025fc159801b6306b35c0387575ad433	251e1ee9b32991c2803fe568b40bf555	1920	1080	12660.0	4.0	17007.0	24967.0	False	True	0.9987079203128815	0.9966962050655322
Netflix_TunnelFlag_1920x1080_60f	Netflix_TunnelFlag_1920x1080_60f	svtav1	svtav1_20200819_31b1e31_enc-mode0	60	32	0	14247904.0	14247.904	40.669166666666676	45.42316666666668	47.28633333333333	40.645599999999995	45.417988	47.279868	99.90469938979244	8392195.0	139.86991666666665	14880.77	1920	1080	60.0	8	7fb8a8a25e6f35a57d60abaee6b07a62	eaf02860b924cfb11bf1ebc5b263b223	1920	1080	12807.0	4.0	15196.0	23427.0	False	True	0.9977490971485774	0.9946068032785915
Netflix_TunnelFlag_1920x1080_60f	Netflix_TunnelFlag_1920x1080_60f	svtav1	svtav1_20200819_31b1e31_enc-mode0	60	43	0	7830072.0	7830.072	38.51083333333334	44.01533333333331	46.244166666666665	38.456687	44.011002	46.23669400000001	99.88729675808295	4850320.0	80.83866666666667	9530.43	1920	1080	60.0	8	8b905949c6977ae8f354f50431c564e3	f3cbe0a43ab4e1d1eebc65272056ede9	1920	1080	12141.0	3.0	13001.0	23761.0	False	True	0.9959528128306071	0.9913000186024428
Netflix_TunnelFlag_1920x1080_60f	Netflix_TunnelFlag_1920x1080_60f	svtav1	svtav1_20200819_31b1e31_enc-mode0	60	55	0	3906176.0	3906.176	35.921	41.7345	44.586333333333336	35.866162	41.732449	44.578698	99.84515562522138	3822780.0	63.713	7260.19	1920	1080	60.0	8	cf53ef351dae5975c3fc158b3863b14f	b05f4a161c7983d2dad74133b8f657a1	1920	1080	12815.0	5.0	11962.0	23528.0	False	True	0.9922494163115819	0.9856316960134061
Netflix_TunnelFlag_1920x1080_60f	Netflix_TunnelFlag_1920x1080_60f	svtav1	svtav1_20200819_31b1e31_enc-mode0	60	63	0	1516392.0	1516.392	31.606666666666666	38.79250000000001	41.60483333333333	31.572392	38.788564	41.597588	92.78423582642924	2918134.0	48.63556666666667	5302.67	1920	1080	60.0	8	562d58557b03ce4e2f47b88ae9b2e08a	b01c3f114e928d4022dceb31165c828a	1920	1080	12817.0	3.0	10205.0	24502.0	False	True	0.9800105800231298	0.9713646314740634
ducks_take_off_1080p50_60f	ducks_take_off_1080p50_60f	svtav1	svtav1_20200819_31b1e31_enc-mode0	60	20	0	110464073.0	110464.073	38.794500000000006	38.88533333333334	41.165000000000006	38.711438	38.871957	41.161506	98.50909123336183	9468748.0	157.81246666666667	18059.69	1920	1080	50.0	8	e7218bd85d32662da4df1e7752b88118	fddf97aaf90a47e1b20c4a481430a78c	1920	1080	15855.0	2.0	25331.0	21996.0	False	True	0.9987627357244492	0.9957311489422378
ducks_take_off_1080p50_60f	ducks_take_off_1080p50_60f	svtav1	svtav1_20200819_31b1e31_enc-mode0	60	32	0	30001473.0	30001.473	35.06833333333334	36.818666666666665	39.88199999999999	35.057229	36.812593	39.877207	93.4121851890486	8196055.0	136.60091666666668	15987.4	1920	1080	50.0	8	0163f9c97c70fd11fc6f30f6f4290c68	d85b9998eb605ec90e3d98897bab08d5	1920	1080	16049.0	4.0	22796.0	23626.0	False	True	0.996583370367686	0.9899483237314914
ducks_take_off_1080p50_60f	ducks_take_off_1080p50_60f	svtav1	svtav1_20200819_31b1e31_enc-mode0	60	43	0	11304840.0	11304.84	33.22616666666668	35.259	38.743166666666674	33.215465	35.231052	38.734437	85.45619529754092	8132779.0	135.54631666666666	14434.05	1920	1080	50.0	8	930736e7d7b1f7fb8fc80a0ac37c4b19	4400a97df20be7e5c52a8a1fc1f3d58d	1920	1080	16448.0	3.0	17385.0	23882.0	False	True	0.9918097903331121	0.9825669502700983
ducks_take_off_1080p50_60f	ducks_take_off_1080p50_60f	svtav1	svtav1_20200819_31b1e31_enc-mode0	60	55	0	4666933.0	4666.933	31.0975	33.651666666666664	37.68183333333334	31.064706	33.60747	37.675062	71.40075969977516	3826261.0	63.77101666666667	7447.64	1920	1080	50.0	8	df8b89abe505c2959d4e73681a4ce5bc	7813870e05cb76b0b7f277d514274399	1920	1080	16365.0	4.0	13964.0	23296.0	False	True	0.9796009967724483	0.9670722763718629
ducks_take_off_1080p50_60f	ducks_take_off_1080p50_60f	svtav1	svtav1_20200819_31b1e31_enc-mode0	60	63	0	1309020.0	1309.02	27.72066666666667	31.134166666666662	35.96283333333334	27.680056	31.110594	35.960761	44.12576462601341	2531979.0	42.19965	4612.78	1920	1080	50.0	8	8a4982e756fea328458f14485629f864	839eedb4e02cbe2732655cd758f7e816	1920	1080	16446.0	4.0	10450.0	23887.0	False	True	0.9332213203112284	0.91582666747196
ToddlerFountn_1920x1080_2997_10b	ToddlerFountn_1920x1080_2997_10b	svtav1	svtav1_20200819_31b1e31_enc-mode0	60	20	0	57565452.0	57565.452	41.44350000000001	46.48316666666667	43.92683333333332	41.429178	46.473835	43.911653	99.89891558508177	16800445.0	280.00741666666664	30659.5	1920	1080	29.97	10	2f97526076f53117062bfe25cf8d50c6	0ee49b3eae57269d82b4443c99909978	1920	1080	22066.0	4.0	23332.0	22692.0	False	True	0.9978711704413096	0.9953719024423897
ToddlerFountn_1920x1080_2997_10b	ToddlerFountn_1920x1080_2997_10b	svtav1	svtav1_20200819_31b1e31_enc-mode0	60	32	0	28848088.0	28848.088	37.28216666666666	45.004000000000005	41.98233333333333	37.255415	44.996931	41.969913	99.82595213683854	16987532.0	283.12553333333335	30308.23	1920	1080	29.97	10	5061d156f3eacd513c283449f0eff7e0	7ef769214e1fa9296da7e3eaa138061b	1920	1080	22552.0	5.0	21359.0	24069.0	False	True	0.99358449280262	0.9873908415980777
ToddlerFountn_1920x1080_2997_10b	ToddlerFountn_1920x1080_2997_10b	svtav1	svtav1_20200819_31b1e31_enc-mode0	60	43	0	13279114.0	13279.114	33.778166666666664	43.534666666666666	40.5185	33.719623	43.525012	40.508342	91.22973998540348	12842953.0	214.04921666666667	24332.39	1920	1080	29.97	10	0ac1834c9e5cfc841e26556160312be7	13c48e2dfc0350e94104ca73ab5afdda	1920	1080	22919.0	4.0	18849.0	23105.0	False	True	0.9818485826253891	0.9692401953918222
ToddlerFountn_1920x1080_2997_10b	ToddlerFountn_1920x1080_2997_10b	svtav1	svtav1_20200819_31b1e31_enc-mode0	60	55	0	5100757.0	5100.757	30.485166666666657	41.92183333333333	39.2875	30.437246	41.917442	39.284073	70.4991082471431	9961059.0	166.01765	17656.4	1920	1080	29.97	10	4e7a44fa2d5cf78edbcbf0d9a1408ed1	8328b172904c6ead81caf66edb63f4de	1920	1080	22218.0	4.0	15871.0	23784.0	False	True	0.948101383447647	0.9277219262097597
ToddlerFountn_1920x1080_2997_10b	ToddlerFountn_1920x1080_2997_10b	svtav1	svtav1_20200819_31b1e31_enc-mode0	60	63	0	1151191.0	1151.191	26.94100000000001	40.075666666666685	38.141666666666666	26.924358	40.070818	38.140139	36.72647788907651	5926280.0	98.77133333333333	10918.04	1920	1080	29.97	10	e2e8e0bcbb523d97a78d638c328805fa	53aa5735aef536a84a3679b4ab68bb04	1920	1080	22489.0	5.0	13059.0	24866.0	False	True	0.8524813701709112	0.8349889821860361
