KristenAndSara_1280x720_60_10b	KristenAndSara_1280x720_60_10b	svtav1	svtav1_20200207_aa07c48_enc-mode0	60	20	0	3455680.0	3455.68	44.983166666666676	49.59766666666666	50.61699999999999	44.971884	49.59513	50.615781	97.14403304494138	2157922.0	35.96536666666667	3450.71	1280	720	60.0	10	f9664e30d1cc00440eb1c3dce64e2e98	dd4e4dfc1f26645dd8775d6173aa4623	1280	720	9040.0	6.0	1286.0	10623.0	True	True	0.9963650723298391	0.9957950954347585
KristenAndSara_1280x720_60_10b	KristenAndSara_1280x720_60_10b	svtav1	svtav1_20200207_aa07c48_enc-mode0	60	32	0	1240864.0	1240.864	43.65099999999998	48.63216666666664	49.604	43.641901	48.629453	49.602633	96.19500826529917	1953679.0	32.56131666666667	3060.46	1280	720	60.0	10	040cdf0e050347bed43744475e01cc17	f1176ea7f8fdb981edc75f7768c768d4	1280	720	8220.0	19.0	1151.0	11409.0	True	True	0.9950830698013305	0.9946069919271238
KristenAndSara_1280x720_60_10b	KristenAndSara_1280x720_60_10b	svtav1	svtav1_20200207_aa07c48_enc-mode0	60	43	0	670448.0	670.448	42.26833333333334	47.58900000000001	48.52033333333335	42.250362	47.584475	48.516744	94.63305538985209	1162432.0	19.373866666666668	2020.77	1280	720	60.0	10	706f972cf26088c2ff3044a7c20903d0	31250a9f9089f801ebb1a057255aa59e	1280	720	8621.0	4.0	851.0	11021.0	True	True	0.9928447147210439	0.9927260455658651
KristenAndSara_1280x720_60_10b	KristenAndSara_1280x720_60_10b	svtav1	svtav1_20200207_aa07c48_enc-mode0	60	55	0	292744.0	292.744	39.36666666666667	44.78300000000001	45.97166666666669	39.347581	44.778122	45.966929	89.05647022213428	1078079.0	17.967983333333333	1730.58	1280	720	60.0	10	a8c148763d118c68d2f00265429ef233	22099061ab32065e218941044b486d0f	1280	720	8418.0	5.0	997.0	10518.0	True	True	0.9851856589317322	0.9865179900358192
KristenAndSara_1280x720_60_10b	KristenAndSara_1280x720_60_10b	svtav1	svtav1_20200207_aa07c48_enc-mode0	60	59	0	197320.0	197.32	37.51600000000001	43.19816666666665	44.27366666666669	37.498419	43.193997	44.269239	83.58355464870118	964475.0	16.074583333333333	1538.5	1280	720	60.0	10	18ca1fa2ebcaff3c6b6438df186869e7	a2b6b71ef552dff054550cd0c4ac1aac	1280	720	8301.0	5.0	858.0	10757.0	True	True	0.9775739838679631	0.9804708321215964
RollerCoastPas_1920x1080_2997_10	RollerCoastPas_1920x1080_2997_10	svtav1	svtav1_20200207_aa07c48_enc-mode0	60	20	0	3258609.0	3258.609	45.11783333333332	45.31666666666667	43.91666666666668	45.116026	45.315651	43.913078	97.13835527811717	3897484.0	64.95806666666667	6409.06	1920	1080	29.97	10	ac937ac93a3b7306d55d8b83e62660bf	4bd1077b1f29632eb353e73e3bc5f655	1920	1080	21898.0	5.0	2551.0	26616.0	True	True	0.9986512571573257	0.9969243671167339
RollerCoastPas_1920x1080_2997_10	RollerCoastPas_1920x1080_2997_10	svtav1	svtav1_20200207_aa07c48_enc-mode0	60	32	0	1372851.0	1372.851	43.95183333333331	44.585833333333326	43.08233333333331	43.949942	44.585289	43.081829	96.38107092438625	3085085.0	51.418083333333335	4713.49	1920	1080	29.97	10	fb5ae81436e0b626678d6f3bd81ca8ec	82e5ad491030e69c3f42d7d1ab3fa48a	1920	1080	20140.0	5.0	1602.0	23885.0	True	True	0.9981058796246847	0.9960078756473535
RollerCoastPas_1920x1080_2997_10	RollerCoastPas_1920x1080_2997_10	svtav1	svtav1_20200207_aa07c48_enc-mode0	60	43	0	796435.0	796.435	42.4445	43.712	42.3355	42.437172	43.711185	42.334248	94.8738587183507	2268589.0	37.80981666666667	3792.68	1920	1080	29.97	10	e5b5b8c7015ba47c15c5813904c1ed01	a85730eca5e028f5b28d887f003a889e	1920	1080	20391.0	2.0	1699.0	23211.0	True	True	0.9970106353362401	0.9943526882155721
RollerCoastPas_1920x1080_2997_10	RollerCoastPas_1920x1080_2997_10	svtav1	svtav1_20200207_aa07c48_enc-mode0	60	55	0	321168.0	321.168	38.78416666666668	41.10683333333334	39.9795	38.771869	41.105622	39.976994	89.00687712256453	2250950.0	37.51583333333333	3510.37	1920	1080	29.97	10	49ee8d8784cce568eb2da48eab6b56e6	9d322ff986f26c64d161174a6b2f25e7	1920	1080	21626.0	9.0	1805.0	25326.0	True	True	0.9917032013336817	0.9872782582597645
RollerCoastPas_1920x1080_2997_10	RollerCoastPas_1920x1080_2997_10	svtav1	svtav1_20200207_aa07c48_enc-mode0	60	59	0	202289.0	202.28900000000002	36.444666666666656	39.43999999999999	38.44266666666667	36.432304	39.438585	38.440942	81.95941739420456	2106542.0	35.109033333333336	3158.37	1920	1080	29.97	10	ec9c1b2ae0276b963de2b9555d4854f4	f39f78b13e3efc1e282cd4e021162cc3	1920	1080	21147.0	5.0	1744.0	25811.0	True	True	0.9844095716873805	0.9784758966955551
KristenAndSara_1280x720_60f	KristenAndSara_1280x720_60f	svtav1	svtav1_20200207_aa07c48_enc-mode0	60	20	0	3364408.0	3364.408	44.66383333333333	49.008	49.91949999999999	44.653087	49.005861	49.917298	96.9683750593811	1837942.0	30.632366666666666	2862.93	1280	720	60.0	8	9c1ff9eddefdf668e62a7926cc687749	304798e4b9279d6d7a79e83b40556c50	1280	720	5738.0	4.0	959.0	10627.0	True	True	0.9960158437490463	0.9954742311320784
KristenAndSara_1280x720_60f	KristenAndSara_1280x720_60f	svtav1	svtav1_20200207_aa07c48_enc-mode0	60	32	0	1359696.0	1359.696	43.55233333333333	48.322166666666675	49.23666666666667	43.543011	48.320047	49.23439799999999	96.13798322131564	1639381.0	27.323016666666668	2581.13	1280	720	60.0	8	9c1772e60e53904de5d67f3f3813ad48	6702178608fa492631163b3b370393b6	1280	720	5865.0	6.0	657.0	10605.0	True	True	0.9948187251885732	0.9943825944598241
KristenAndSara_1280x720_60f	KristenAndSara_1280x720_60f	svtav1	svtav1_20200207_aa07c48_enc-mode0	60	43	0	685992.0	685.992	42.1195	47.20316666666667	48.11449999999998	42.103553	47.199169	48.111391	94.53627278803667	1194868.0	19.914466666666666	1867.98	1280	720	60.0	8	d3f146375a4b4ec3ff63fdef84e4db5e	a908c03c04818e487e7553377528e01b	1280	720	5230.0	10.0	531.0	10383.0	True	True	0.9924978454907735	0.9924081713747633
KristenAndSara_1280x720_60f	KristenAndSara_1280x720_60f	svtav1	svtav1_20200207_aa07c48_enc-mode0	60	55	0	302992.0	302.992	39.35433333333333	44.69950000000001	45.81516666666667	39.327959	44.691144	45.809563	89.28177259174305	904508.0	15.075133333333333	1426.71	1280	720	60.0	8	90a10622a8dccbb927263ed2accd2591	cf9cb1feda57db7a541e0c4b1c1d6a81	1280	720	5401.0	4.0	457.0	10097.0	True	True	0.9849846303462982	0.9863465601690589
KristenAndSara_1280x720_60f	KristenAndSara_1280x720_60f	svtav1	svtav1_20200207_aa07c48_enc-mode0	60	59	0	196552.0	196.552	37.39800000000001	43.11533333333332	44.132999999999996	37.378263	43.109694	44.128935	83.42112892053413	718911.0	11.98185	1206.66	1280	720	60.0	8	09dcbb73fcc8af5fcb651cac9a6847b8	5e3ae10805da391100cc53edfcd63a09	1280	720	5456.0	5.0	470.0	10338.0	True	True	0.9768451631069184	0.9798917791411584
blue_sky_360p_60f	blue_sky_360p_60f	svtav1	svtav1_20200207_aa07c48_enc-mode0	60	20	0	1341720.0	1341.72	44.37016666666666	45.709833333333336	47.42666666666666	44.306814	45.64402499999999	47.373901	99.93887183510346	657130.0	10.952166666666667	1121.77	640	360	25.0	8	3ed4a9be66ac8e08b7c0165f0998af6e	ff1cd59cae208f951f7e684bb4f106d0	640	360	1906.0	5.0	441.0	3014.0	True	True	0.9929995477199555	0.9986185826155088
blue_sky_360p_60f	blue_sky_360p_60f	svtav1	svtav1_20200207_aa07c48_enc-mode0	60	32	0	676086.0	676.086	41.50983333333333	43.43533333333333	45.08266666666667	41.434762	43.374267	45.031618	99.91826485119593	658757.0	10.979283333333333	1116.02	640	360	25.0	8	0e3314cd8265dff27a062485ab25db1e	63ae472e45889a887eb7c5bcce8d91a5	640	360	2182.0	11.0	361.0	3410.0	True	True	0.9898877878983815	0.9979178055648815
blue_sky_360p_60f	blue_sky_360p_60f	svtav1	svtav1_20200207_aa07c48_enc-mode0	60	43	0	361623.0	361.623	38.8165	40.98766666666665	42.738000000000014	38.700294	40.909403	42.694898	99.57686022457925	457720.0	7.628666666666667	768.78	640	360	25.0	8	83e80182f719cdc513a95a66b68cd5b6	9af42694578c28a198e965356eb0605e	640	360	2125.0	5.0	305.0	3212.0	True	True	0.9846295406421025	0.9965972373339507
blue_sky_360p_60f	blue_sky_360p_60f	svtav1	svtav1_20200207_aa07c48_enc-mode0	60	55	0	160550.0	160.55	34.993000000000016	37.182333333333325	39.38533333333334	34.903356	37.140133	39.362027	93.18474445288433	398001.0	6.63335	649.05	640	360	25.0	8	86e47f46b0f8219b01ff3cab47faefb0	883f743abe32e5309c1da58c051f68bf	640	360	1972.0	3.0	285.0	3004.0	True	True	0.9685039023558298	0.9923966030012887
blue_sky_360p_60f	blue_sky_360p_60f	svtav1	svtav1_20200207_aa07c48_enc-mode0	60	59	0	100680.0	100.68	32.53383333333333	35.50599999999999	38.10383333333334	32.49989	35.492283	38.091816	86.15894296293817	375967.0	6.266116666666667	602.16	640	360	25.0	8	cf1a36f804a53f57dd0787a64d226cad	3010a7530ba0348d0ab3a406a2876c2c	640	360	2205.0	4.0	282.0	6000.0	True	True	0.9501972069342931	0.9870760915171142
Aerial_1920x1080_2997_10b	Aerial_1920x1080_2997_10b	svtav1	svtav1_20200207_aa07c48_enc-mode0	60	20	0	9593886.0	9593.886	43.62199999999999	46.02466666666668	45.33933333333333	43.582225	46.008227	45.324952	96.47469006524281	4782978.0	79.7163	7908.44	1920	1080	29.97	10	6df1693761f3e8ced2e055a0211b1842	8afed814ab436de1380fa4a812aab2db	1920	1080	24252.0	8.0	3295.0	25259.0	True	True	0.9989733775456746	0.9979591102967336
Aerial_1920x1080_2997_10b	Aerial_1920x1080_2997_10b	svtav1	svtav1_20200207_aa07c48_enc-mode0	60	32	0	5164718.0	5164.718	41.86333333333334	44.845166666666685	44.32766666666667	41.811874	44.829677999999994	44.316192	95.40186309401446	4471671.0	74.52785	7270.78	1920	1080	29.97	10	4b0a4fbac245aa28a0f0ee91cff66738	2534c85d32b7636d50f78d9ccc85748a	1920	1080	25263.0	4.0	2720.0	25693.0	True	True	0.9984966009855271	0.9971109517509131
Aerial_1920x1080_2997_10b	Aerial_1920x1080_2997_10b	svtav1	svtav1_20200207_aa07c48_enc-mode0	60	43	0	2995231.0	2995.231	39.74116666666666	43.17049999999999	42.99483333333335	39.688202	43.161393	42.990514	93.34479749343738	3035095.0	50.584916666666665	5062.32	1920	1080	29.97	10	7d15a48392bbf621033b3d07f818b14e	86c96e223dfeb9fac7c3a232333d42f6	1920	1080	25283.0	31.0	2134.0	24091.0	True	True	0.997525421778361	0.9954263964450873
Aerial_1920x1080_2997_10b	Aerial_1920x1080_2997_10b	svtav1	svtav1_20200207_aa07c48_enc-mode0	60	55	0	1172374.0	1172.374	35.10983333333334	40.02000000000001	40.63733333333334	35.095858	40.018577	40.636838	86.02004818321548	3022451.0	50.374183333333335	4542.96	1920	1080	29.97	10	72d4f9533c9b3e734e3e71e54507d594	62a37e4b9b8ab8b88a82648f759d8817	1920	1080	24525.0	10.0	1952.0	25133.0	True	True	0.9927971025307973	0.9868075396417293
Aerial_1920x1080_2997_10b	Aerial_1920x1080_2997_10b	svtav1	svtav1_20200207_aa07c48_enc-mode0	60	59	0	590740.0	590.74	31.862666666666655	38.29283333333332	39.51999999999998	31.860815	38.293138	39.52001400000001	76.33324879267427	2480931.0	41.34885	3804.2	1920	1080	29.97	10	21b084e52cb081da7dc05425fd878337	0c8f552b005c20070e73e0eb3aadfcaa	1920	1080	24162.0	5.0	1876.0	25532.0	True	True	0.9833358724912008	0.969397672817776
DinnerScene_1920x1080_2997_10b	DinnerScene_1920x1080_2997_10b	svtav1	svtav1_20200207_aa07c48_enc-mode0	60	20	0	1580367.0	1580.367	41.810666666666656	42.70716666666669	47.53883333333332	41.809541	42.703476	47.53815	91.47882495674499	3979323.0	66.32205	6129.03	1920	1080	29.97	10	b561eeca4baba14db51db094c6aa66a6	4527aeeda6a60c798dc0bc91d2eff7db	1920	1080	21653.0	4.0	3385.0	27066.0	True	True	0.9941943287849426	0.9882865526250645
DinnerScene_1920x1080_2997_10b	DinnerScene_1920x1080_2997_10b	svtav1	svtav1_20200207_aa07c48_enc-mode0	60	32	0	293954.0	293.954	41.625833333333354	42.288999999999994	47.37383333333334	41.625906	42.288246	47.373483	89.76981620528962	2824625.0	47.077083333333334	4588.56	1920	1080	29.97	10	ccbac09877ddafa93da44d897963a9c0	7954c109888014ef0531278324aff88f	1920	1080	21462.0	4.0	2236.0	26604.0	True	True	0.9933968275785446	0.9875009946525016
DinnerScene_1920x1080_2997_10b	DinnerScene_1920x1080_2997_10b	svtav1	svtav1_20200207_aa07c48_enc-mode0	60	43	0	148096.0	148.096	41.37033333333332	42.20983333333335	47.172500000000035	41.370297	42.209007	47.171747	86.77329232896538	2607355.0	43.45591666666667	3899.55	1920	1080	29.97	10	ae75caf19ae87a5b40dbf532ccc50d11	fe19316cfb0d68688e159a28ece06d5d	1920	1080	21199.0	4.0	2215.0	24706.0	True	True	0.9924715538819631	0.9865872873415547
DinnerScene_1920x1080_2997_10b	DinnerScene_1920x1080_2997_10b	svtav1	svtav1_20200207_aa07c48_enc-mode0	60	55	0	68473.0	68.473	40.594333333333324	41.867166666666655	46.47733333333334	40.591636	41.867383	46.476722	78.05420694000755	2234382.0	37.2397	3282.05	1920	1080	29.97	10	d7bcea28eb8ab838e5a688977cc01531	a0533649fd0afd98f97757dbd2541b20	1920	1080	20695.0	4.0	2063.0	25907.0	True	True	0.9888461788495382	0.9832646858238966
DinnerScene_1920x1080_2997_10b	DinnerScene_1920x1080_2997_10b	svtav1	svtav1_20200207_aa07c48_enc-mode0	60	59	0	51313.0	51.313	40.00899999999999	41.606666666666655	45.96516666666666	39.998932	41.606959	45.961707	71.84490971028097	2004453.0	33.40755	3024.17	1920	1080	29.97	10	8148f22803dcce522c9a8e17f0e3a98d	3663cf8d117ea08e29b781be573f91a5	1920	1080	21648.0	19.0	1985.0	25527.0	True	True	0.9856963614622752	0.9804858837177949
BarScene1_1920x1080_2997_10b	BarScene1_1920x1080_2997_10b	svtav1	svtav1_20200207_aa07c48_enc-mode0	60	20	0	1684667.0	1684.667	42.45600000000002	44.754	43.776166666666676	42.45494999999999	44.754051	43.775377	93.1074761024956	3404512.0	56.74186666666667	5588.47	1920	1080	29.97	10	646aad10a4b94b40557100c7eb93ea2e	8c61811533a25b109a8f3676a5e02b42	1920	1080	21123.0	4.0	2577.0	25318.0	True	True	0.9958188662926356	0.9909537671600689
BarScene1_1920x1080_2997_10b	BarScene1_1920x1080_2997_10b	svtav1	svtav1_20200207_aa07c48_enc-mode0	60	32	0	471547.0	471.54699999999997	42.14150000000003	44.55316666666666	43.44783333333335	42.141348	44.55252600000001	43.44751899999999	92.02235450575962	2637508.0	43.958466666666666	4127.0	1920	1080	29.97	10	004ec814c97153b9f63d338d932886f9	35d779498a7a5b203e096a7e15aa3e9c	1920	1080	24030.0	5.0	1233.0	28784.0	True	True	0.9950556695461273	0.9900058579470563
BarScene1_1920x1080_2997_10b	BarScene1_1920x1080_2997_10b	svtav1	svtav1_20200207_aa07c48_enc-mode0	60	43	0	233558.0	233.558	41.657666666666685	44.37783333333333	43.28516666666667	41.657887	44.377765	43.285057	90.05584045295521	1968787.0	32.813116666666666	2951.23	1920	1080	29.97	10	5522445c7848edffd9d5acffb2f5f08f	717f1a5eb21cb528adcb5b79ee6948c8	1920	1080	23495.0	4.0	1723.0	24876.0	True	True	0.9938122004270553	0.988398931796615
BarScene1_1920x1080_2997_10b	BarScene1_1920x1080_2997_10b	svtav1	svtav1_20200207_aa07c48_enc-mode0	60	55	0	97273.0	97.273	40.54600000000001	43.863499999999995	42.854666666666645	40.545302	43.864088	42.854842	84.27881000006096	1881301.0	31.355016666666668	2659.88	1920	1080	29.97	10	333df4124fd850608b02cbe7151c34ee	c724b654488475eba1f580c6088f27a8	1920	1080	21169.0	4.0	1415.0	24395.0	True	True	0.9893791059652964	0.9836959656766282
BarScene1_1920x1080_2997_10b	BarScene1_1920x1080_2997_10b	svtav1	svtav1_20200207_aa07c48_enc-mode0	60	59	0	59216.0	59.216	39.492666666666686	43.18183333333334	42.30783333333332	39.491225	43.18119	42.30824	76.56753276346429	1707259.0	28.454316666666667	2603.21	1920	1080	29.97	10	7371a6da217de43ed8de1c47b7862f16	d6a140dc71022909733b5ec677fabd40	1920	1080	21946.0	5.0	1539.0	25076.0	True	True	0.9833662589391072	0.9783172556533468
ShowGirl2TeaserClip4000_1920x108	ShowGirl2TeaserClip4000_1920x108	svtav1	svtav1_20200207_aa07c48_enc-mode0	60	20	0	3584833.0	3584.833	42.49550000000001	46.687000000000026	49.55816666666665	42.490699	46.686039	49.556001	95.51402733580117	5202711.0	86.71185	8576.9	1920	1080	25.0	10	b32fabcf843067eaebc64877bb54fc30	cf3bea5daebb67c2f2a2a37e6cc2b8fb	1920	1080	20875.0	5.0	3232.0	25847.0	True	True	0.996205045779546	0.9917026280901803
ShowGirl2TeaserClip4000_1920x108	ShowGirl2TeaserClip4000_1920x108	svtav1	svtav1_20200207_aa07c48_enc-mode0	60	32	0	1334760.0	1334.76	41.70116666666667	46.27233333333333	48.85949999999996	41.697868	46.269358	48.858239	93.59851861678762	3957529.0	65.95881666666666	6099.86	1920	1080	25.0	10	a898be9eb961545d43a44b3154b29663	03021ef18134cfc6f6b8beca5ee9bd87	1920	1080	21085.0	4.0	2417.0	24762.0	True	True	0.9950216869513194	0.9901675547377508
ShowGirl2TeaserClip4000_1920x108	ShowGirl2TeaserClip4000_1920x108	svtav1	svtav1_20200207_aa07c48_enc-mode0	60	43	0	694473.0	694.473	40.680000000000014	45.81249999999999	48.07599999999998	40.667503	45.8103	48.075096	90.19144042246567	3223445.0	53.72408333333333	5273.73	1920	1080	25.0	10	96290dfe83c18a4905042f5a40924447	acb90e1d13cbbcd90ecea3cca39ab0b6	1920	1080	22276.0	8.0	2394.0	25558.0	True	True	0.9931210954984029	0.9880233884383147
ShowGirl2TeaserClip4000_1920x108	ShowGirl2TeaserClip4000_1920x108	svtav1	svtav1_20200207_aa07c48_enc-mode0	60	55	0	290836.0	290.836	38.40733333333334	44.59549999999997	46.31116666666666	38.385996	44.593783	46.310649	81.04443309442776	2343113.0	39.051883333333336	3760.57	1920	1080	25.0	10	58221efbeddcde06578d52ab1ff4fb60	c46e4002c5b7cafa6c1e4a9fbc59c379	1920	1080	21569.0	15.0	1812.0	25901.0	True	True	0.9866318186124166	0.9809850720561282
ShowGirl2TeaserClip4000_1920x108	ShowGirl2TeaserClip4000_1920x108	svtav1	svtav1_20200207_aa07c48_enc-mode0	60	59	0	183743.0	183.743	36.809333333333335	43.47983333333333	45.09633333333331	36.794381	43.47912800000001	45.096001	72.68324844327964	2254251.0	37.57085	3411.96	1920	1080	25.0	10	bf1aa116908fd20eaa45f6cb53dd129b	0194a415dbb30381608067a817bd9962	1920	1080	21397.0	4.0	1933.0	25300.0	True	True	0.9790735552708308	0.9732437209938722
Netflix_DrivingPOV_1280x720_60fp	Netflix_DrivingPOV_1280x720_60fp	svtav1	svtav1_20200207_aa07c48_enc-mode0	60	20	0	11546416.0	11546.416	42.885166666666656	46.507	45.18916666666668	42.857805	46.500924000000005	45.184113	99.67969580697621	3466307.0	57.77178333333333	5574.32	1280	720	60.0	8	987963ac83fa7fbe97e8853991c7ade9	0953216fdd77ea42b2bcfadbd36d6e91	1280	720	6866.0	5.0	1698.0	10721.0	True	True	0.9980479160944621	0.9974902430676811
Netflix_DrivingPOV_1280x720_60fp	Netflix_DrivingPOV_1280x720_60fp	svtav1	svtav1_20200207_aa07c48_enc-mode0	60	32	0	5312680.0	5312.680000000001	40.35033333333333	45.093833333333336	44.136999999999986	40.317871	45.08219	44.130852	98.61374781329576	2948991.0	49.14985	4721.96	1280	720	60.0	8	94b374cc089bcfc8dfb32022b186ef11	deca870405fbc98b8007a5829903d307	1280	720	7208.0	3.0	1384.0	10674.0	True	True	0.9963358561197917	0.9953253807911652
Netflix_DrivingPOV_1280x720_60fp	Netflix_DrivingPOV_1280x720_60fp	svtav1	svtav1_20200207_aa07c48_enc-mode0	60	43	0	2726776.0	2726.776	37.98416666666666	43.611000000000004	43.17116666666664	37.938069	43.592606	43.16500899999999	96.26498646142392	2222281.0	37.038016666666664	3559.07	1280	720	60.0	8	ccf8e603da3a917a0a67e52606e525ad	750e1a55dcda1a73c0ca5d28bfab331b	1280	720	7249.0	4.0	938.0	10355.0	True	True	0.9921555231014888	0.991176406865585
Netflix_DrivingPOV_1280x720_60fp	Netflix_DrivingPOV_1280x720_60fp	svtav1	svtav1_20200207_aa07c48_enc-mode0	60	55	0	1130360.0	1130.36	34.65983333333333	41.13966666666668	41.52866666666666	34.622573	41.12529200000001	41.522632	89.66598723718153	1513338.0	25.2223	2358.08	1280	720	60.0	8	5c7e6ceccc1c17e60478e478ba5f4da1	b8fb1bbc76b37cec0f1b69a3172ba77e	1280	720	6561.0	4.0	829.0	9981.0	True	True	0.9847435633341471	0.9836080463567201
Netflix_DrivingPOV_1280x720_60fp	Netflix_DrivingPOV_1280x720_60fp	svtav1	svtav1_20200207_aa07c48_enc-mode0	60	59	0	704792.0	704.792	32.69033333333332	39.52983333333334	40.18600000000001	32.674077	39.523509	40.183638	83.28481876260975	1269446.0	21.157433333333334	1999.19	1280	720	60.0	8	78e27e6de95c71e40ae00cacd077c5cd	8c783fc726b1859a1757b56ae7cac242	1280	720	7016.0	4.0	639.0	10274.0	True	True	0.9771280616521836	0.9756441573505348
dark720p_60f	dark720p_60f	svtav1	svtav1_20200207_aa07c48_enc-mode0	60	20	0	7358728.0	7358.728	46.17566666666667	43.584833333333314	44.78150000000001	46.110807	43.46928	44.689873	96.3392171399492	3274722.0	54.5787	5173.68	1280	720	30.0	8	9bc176ac0fc6875f81047bed912d2038	e71a36e6f123316db49bb807350e5b3a	1280	720	5142.0	5.0	1976.0	9974.0	True	True	0.9943935702244441	0.995139604188258
dark720p_60f	dark720p_60f	svtav1	svtav1_20200207_aa07c48_enc-mode0	60	32	0	1721168.0	1721.168	43.52183333333333	39.10983333333334	41.753499999999995	43.486959	39.025151	41.724753	93.20804203500884	2510073.0	41.83455	3958.3	1280	720	30.0	8	f79927a45aace99cea39ce288fbc6af1	9083ee764f3b2a42ffb4d8a55a1e6ff9	1280	720	5586.0	5.0	1345.0	10820.0	True	True	0.9911505103111267	0.9926248922398623
dark720p_60f	dark720p_60f	svtav1	svtav1_20200207_aa07c48_enc-mode0	60	43	0	299580.0	299.58	42.262666666666675	36.94916666666667	40.81016666666665	42.250959	36.934602	40.802698	90.57664671217815	1428667.0	23.811116666666667	2125.77	1280	720	30.0	8	25f0aae43bdb6a4a6b4eca20beef1cc1	3b5ab8b81fb1e8228cb10a2feacec0a1	1280	720	5116.0	6.0	787.0	11972.0	True	True	0.9894675592581431	0.9913058350946335
dark720p_60f	dark720p_60f	svtav1	svtav1_20200207_aa07c48_enc-mode0	60	55	0	107620.0	107.62000000000002	40.58816666666667	36.14316666666666	39.6985	40.58179499999999	36.140434	39.69335	85.61311378259975	915872.0	15.264533333333333	1486.46	1280	720	30.0	8	3a797d5d4f10b9e7f49d09bb3334c1a2	81efcfd46381415d86cd0a3117710d3a	1280	720	5641.0	8.0	550.0	10944.0	True	True	0.9850411107142766	0.9879455104087806
dark720p_60f	dark720p_60f	svtav1	svtav1_20200207_aa07c48_enc-mode0	60	59	0	74932.0	74.932	39.22433333333333	35.508	38.79833333333333	39.218885	35.504957	38.788375	80.72160512632054	997662.0	16.6277	1548.62	1280	720	30.0	8	1f11dbe9587a2596db80641d94ba2634	b33d6860dac4053cbe5707a5c543c182	1280	720	4856.0	6.0	915.0	10959.0	True	True	0.9801828235387802	0.9842624076431047
gipsrestat720p_60f	gipsrestat720p_60f	svtav1	svtav1_20200207_aa07c48_enc-mode0	60	20	0	3514453.0	3514.453	44.90483333333332	47.446500000000015	49.07066666666666	44.892377	47.44205	49.06697900000001	97.01194728440076	1911786.0	31.8631	3000.8	1280	720	50.0	8	3110079c6a328826229a307bf76a010f	be81c5e2a5efcc2b58a4b7e265eae196	1280	720	5766.0	8.0	1213.0	10837.0	True	True	0.9976514667272568	0.9969967638843823
gipsrestat720p_60f	gipsrestat720p_60f	svtav1	svtav1_20200207_aa07c48_enc-mode0	60	32	0	1330693.0	1330.693	43.30516666666667	46.87033333333332	48.35583333333333	43.283287	46.867435	48.351599	95.85366650271975	1609998.0	26.8333	2537.02	1280	720	50.0	8	c8ad0e65dfcf86b44e4acef28f31a371	827a5403d047108fd8b47f15f81971fc	1280	720	5344.0	6.0	668.0	11392.0	True	True	0.9966451088587444	0.995975992216294
gipsrestat720p_60f	gipsrestat720p_60f	svtav1	svtav1_20200207_aa07c48_enc-mode0	60	43	0	700593.0	700.593	41.702000000000005	46.031666666666666	47.32750000000002	41.659165	46.029056	47.324699	94.20100574046792	1004746.0	16.74576666666667	1699.19	1280	720	50.0	8	64769692f0f06c538cdcd9a75781d5ab	318c38061aca2554a5367287667e29f7	1280	720	5763.0	7.0	571.0	9986.0	True	True	0.9950501958529154	0.9944900824984776
gipsrestat720p_60f	gipsrestat720p_60f	svtav1	svtav1_20200207_aa07c48_enc-mode0	60	55	0	315213.0	315.213	38.657500000000006	43.81316666666667	44.76949999999998	38.634747	43.812428	44.768918	89.2181869474583	684964.0	11.416066666666667	1146.1	1280	720	50.0	8	84446585d2674d935edadfae5f7aff35	f33d4897e788faddde4e2838c3c27a52	1280	720	5230.0	6.0	292.0	9691.0	True	True	0.9890162726243337	0.9892012828015476
gipsrestat720p_60f	gipsrestat720p_60f	svtav1	svtav1_20200207_aa07c48_enc-mode0	60	59	0	207213.0	207.213	36.54883333333333	42.2145	42.82683333333331	36.540043	42.214008	42.826186	83.43808821440074	828148.0	13.802466666666668	1248.65	1280	720	50.0	8	32380a3cc8f99dd29e9a8a9f36720b2f	8d7020fa0a4387542429f0a6db5e1305	1280	720	6785.0	4.0	382.0	11219.0	True	True	0.9809391985336939	0.9824507582140202
kirland360p_60f	kirland360p_60f	svtav1	svtav1_20200207_aa07c48_enc-mode0	60	20	0	274168.0	274.168	47.29550000000002	48.39583333333335	49.57199999999999	47.2201	48.376987	49.551345	95.99444712683803	335970.0	5.5995	566.9	640	360	30.0	8	82a1bc5aaed2cde1e134990aa5c769ee	b1812caf97e504b52719dd7441bf976e	640	360	1451.0	4.0	179.0	2963.0	True	True	0.9908070335785548	0.9973535007456886
kirland360p_60f	kirland360p_60f	svtav1	svtav1_20200207_aa07c48_enc-mode0	60	32	0	129192.0	129.192	45.921	47.852666666666664	48.73283333333331	45.788872	47.83138900000001	48.703048	94.74404465955188	314292.0	5.2382	484.62	640	360	30.0	8	cc0b2d0dededa6296f70a98043720718	c33d5c4a9e3d1b836655aaea92fd2d2b	640	360	1498.0	4.0	218.0	3338.0	True	True	0.9894443561633428	0.9968494671690259
kirland360p_60f	kirland360p_60f	svtav1	svtav1_20200207_aa07c48_enc-mode0	60	43	0	72764.0	72.764	44.18050000000001	47.26216666666667	47.669000000000004	43.924084	47.220601	47.555778	92.30269661570271	293081.0	4.884683333333333	484.83	640	360	30.0	8	b0e241aace0df5eae825a5f6df4a176b	f6102c7b34d0a97fe56302f3e876d46d	640	360	1330.0	5.0	134.0	3074.0	True	True	0.9871659189462662	0.9960149430641179
kirland360p_60f	kirland360p_60f	svtav1	svtav1_20200207_aa07c48_enc-mode0	60	55	0	38484.0	38.484	41.19016666666665	46.09016666666669	45.94783333333333	40.84747	45.979746	45.672198	85.13886239453231	229416.0	3.8236	372.94	640	360	30.0	8	2651d884a5059b398d2b8c10d546e43e	ed522fdf9b2350f2fc0f1210b7b39dde	640	360	1286.0	4.0	115.0	3063.0	True	True	0.9810119152069092	0.9936544416088509
kirland360p_60f	kirland360p_60f	svtav1	svtav1_20200207_aa07c48_enc-mode0	60	59	0	28576.0	28.576	39.33200000000001	45.23433333333335	44.93766666666668	38.955024	45.094677	44.573816	78.88751465000279	165869.0	2.764483333333333	262.61	640	360	30.0	8	b8c2b1c00ff1b63c83c5bb5482d76e67	36ae5368141af59bdbbe15bd13c4b552	640	360	1506.0	3.0	106.0	2950.0	True	True	0.9747473180294037	0.9909731052555311
niklas360p_60f	niklas360p_60f	svtav1	svtav1_20200207_aa07c48_enc-mode0	60	20	0	1447924.0	1447.924	44.426500000000004	47.82399999999999	47.51499999999999	44.333751	47.746535	47.430931	98.41982495883022	744880.0	12.414666666666667	1249.77	640	360	30.0	8	2792ed058c78b6fa2dd37ea6a8bbccad	9e18726d9debfef2d77500d7f1ffc5c1	640	360	2009.0	13.0	478.0	3627.0	True	True	0.9866215129693349	0.9968850964452037
niklas360p_60f	niklas360p_60f	svtav1	svtav1_20200207_aa07c48_enc-mode0	60	32	0	789012.0	789.012	41.9905	46.36166666666665	45.87599999999999	41.8891	46.280055	45.778687	96.76120188447392	803876.0	13.397933333333333	1319.8	640	360	30.0	8	be24dbde4cc259d18388559db003c46f	133bda2da12eed29f801b38f5032cbf7	640	360	2157.0	6.0	368.0	3064.0	True	True	0.9813492755095164	0.9952591783620997
niklas360p_60f	niklas360p_60f	svtav1	svtav1_20200207_aa07c48_enc-mode0	60	43	0	416836.0	416.836	39.018999999999984	44.52266666666667	43.70316666666667	38.924068	44.476658	43.655604	93.32507934108544	551572.0	9.192866666666667	937.14	640	360	30.0	8	9ae1494f0049313e2cbb5e39541f12ea	553f6862a1b3a0cc60d63b22fcfdb320	640	360	1978.0	19.0	291.0	3045.0	True	True	0.9712239056825638	0.9918284470487506
niklas360p_60f	niklas360p_60f	svtav1	svtav1_20200207_aa07c48_enc-mode0	60	55	0	203136.0	203.136	35.3875	42.20050000000002	41.03899999999999	35.31921	42.171136	41.00595	85.31786976816761	408109.0	6.801816666666666	667.97	640	360	30.0	8	70deb8cbf94b79be0f83284b2d7f9d7b	76ce79afa4017cdc5198a46b4bee2bfd	640	360	1758.0	4.0	267.0	3120.0	True	True	0.9487740208705266	0.9831336092709716
niklas360p_60f	niklas360p_60f	svtav1	svtav1_20200207_aa07c48_enc-mode0	60	59	0	141020.0	141.02	33.47183333333333	40.600333333333325	39.335000000000015	33.424588	40.586144	39.309379	78.84227351650979	272711.0	4.545183333333333	477.89	640	360	30.0	8	cdc2939fb0d191c5fc3077b6f3d17ce1	da4f702c7d526d63d2f6682d99199818	640	360	1761.0	5.0	170.0	2835.0	True	True	0.9289262096087137	0.9745426020922535
shields_640x360_60f	shields_640x360_60f	svtav1	svtav1_20200207_aa07c48_enc-mode0	60	20	0	2351840.0	2351.8400000000006	42.44183333333333	45.61483333333334	47.28000000000001	42.308103	45.59149	47.211691	99.44020529035471	839358.0	13.9893	1437.96	640	360	50.0	8	f65c7232227a5f12ae89c706a3ce7d3c	65a9b0f87cbd58dbe598a16eb76950da	640	360	3478.0	19.0	386.0	3166.0	True	True	0.9857934524615606	0.9982970146242273
shields_640x360_60f	shields_640x360_60f	svtav1	svtav1_20200207_aa07c48_enc-mode0	60	32	0	1259233.0	1259.233	40.71183333333333	44.029166666666654	45.61650000000001	40.515167	43.991615	45.508733	99.43734546610257	592908.0	9.8818	952.45	640	360	50.0	8	1a8ac94da5e215e3edf1d3fb20badda6	027d6cf53c5ed767d924303249ffa36d	640	360	2261.0	5.0	261.0	3066.0	True	True	0.9812475313742955	0.9976613166564134
shields_640x360_60f	shields_640x360_60f	svtav1	svtav1_20200207_aa07c48_enc-mode0	60	43	0	666546.0	666.546	38.155666666666654	41.38183333333333	43.1355	37.882438	41.300325	42.970729	99.3866997905271	423770.0	7.062833333333334	754.81	640	360	50.0	8	c1c9d2198e0d8a9ba7cd06e3ea592760	1ef63bccb9506a8c44e13506bf9e8eac	640	360	2429.0	6.0	192.0	2876.0	True	True	0.9701839198668798	0.9958637099118947
shields_640x360_60f	shields_640x360_60f	svtav1	svtav1_20200207_aa07c48_enc-mode0	60	55	0	323526.0	323.526	34.45500000000001	38.04783333333332	40.16666666666666	34.100925	37.884101	39.922748	95.43378647642378	395506.0	6.5917666666666666	633.47	640	360	50.0	8	22de53643e8998ed70c5142f77502123	6720f540c43751501a803f324492607b	640	360	2659.0	2.0	191.0	3258.0	True	True	0.940797487894694	0.9900740494220991
shields_640x360_60f	shields_640x360_60f	svtav1	svtav1_20200207_aa07c48_enc-mode0	60	59	0	206720.0	206.72	31.869333333333334	36.278833333333345	38.33883333333334	31.450242	36.065096	38.097088	88.48125969836073	365942.0	6.099033333333334	588.1	640	360	50.0	8	a829b4e039c6669e689c42edc3e986b2	bb00cda2d305d2dc136445a973814b0b	640	360	2619.0	6.0	238.0	3253.0	True	True	0.9018466760714848	0.980935236849819
Market3_1920x1080p_50_10b_pq_709	Market3_1920x1080p_50_10b_pq_709	svtav1	svtav1_20200207_aa07c48_enc-mode0	60	20	0	13033706.0	13033.706	45.08666666666666	51.53166666666667	52.53166666666666	45.069451	51.524455	52.526719	99.86995764153777	5932742.0	98.87903333333334	9135.34	1920	1080	50.0	10	628e370fbea88afb2b65970b85fbe760	c345a858ae66e927e12455b3976b1b84	1920	1080	20414.0	5.0	3942.0	26067.0	True	True	0.9992145081361135	0.9982505214868791
Market3_1920x1080p_50_10b_pq_709	Market3_1920x1080p_50_10b_pq_709	svtav1	svtav1_20200207_aa07c48_enc-mode0	60	32	0	6536640.0	6536.64	42.349666666666685	49.2795	50.42849999999998	42.327276	49.275337	50.427335	98.95827497205225	5597138.0	93.28563333333334	8868.54	1920	1080	50.0	10	9c1a492b59070e7da269d8d1d1593a8f	9d66af8144441bf97b539bfd1ac4df43	1920	1080	20992.0	4.0	3385.0	26763.0	True	True	0.9985361407200496	0.9967780735208255
Market3_1920x1080p_50_10b_pq_709	Market3_1920x1080p_50_10b_pq_709	svtav1	svtav1_20200207_aa07c48_enc-mode0	60	43	0	3370393.0	3370.3930000000005	39.487666666666655	47.26200000000002	48.58283333333332	39.455697	47.259338	48.58185	95.70385285598068	3462376.0	57.706266666666664	6028.34	1920	1080	50.0	10	2bf5e8450b053af078e3d6d3c33904b8	0d64b1f642c0693fc7e27ded76dcd66e	1920	1080	20363.0	4.0	3054.0	26481.0	True	True	0.9968276669581732	0.9932933894692564
Market3_1920x1080p_50_10b_pq_709	Market3_1920x1080p_50_10b_pq_709	svtav1	svtav1_20200207_aa07c48_enc-mode0	60	55	0	1339053.0	1339.053	35.54749999999999	44.55266666666667	46.12033333333333	35.527447	44.552153	46.119516	86.60812590490796	2772809.0	46.213483333333336	4702.9	1920	1080	50.0	10	5a63a51755cc7fd1ebc7d973fdf2c4a7	67b5d6907e3fa44b1c7e4699413c740b	1920	1080	20651.0	5.0	2392.0	24539.0	True	True	0.9890338003635406	0.979697594481419
Market3_1920x1080p_50_10b_pq_709	Market3_1920x1080p_50_10b_pq_709	svtav1	svtav1_20200207_aa07c48_enc-mode0	60	59	0	827180.0	827.18	33.666666666666664	43.137166666666666	44.65233333333335	33.656483	43.136512	44.648733	78.24092779710787	2998477.0	49.97461666666667	4532.94	1920	1080	50.0	10	8c3d7d4459a4b1bd46a1b56ce7d87bef	9f8388da3b082512e9003840c3300616	1920	1080	21425.0	15.0	3880.0	27241.0	True	True	0.9799915631612142	0.9669690936056177
Starting_1920x1080p_50_10b_pq_70	Starting_1920x1080p_50_10b_pq_70	svtav1	svtav1_20200207_aa07c48_enc-mode0	60	20	0	4941840.0	4941.84	47.002166666666675	49.872	51.63799999999999	46.949757	49.805171	51.538869	96.8236092891184	2938671.0	48.97785	4366.25	1920	1080	50.0	10	9af7d8e4783b13543e1d27669640497d	41c54eee1a18877cd08e777c3753f00a	1920	1080	17666.0	6.0	2493.0	23572.0	True	True	0.9992354214191437	0.9981863088373676
Starting_1920x1080p_50_10b_pq_70	Starting_1920x1080p_50_10b_pq_70	svtav1	svtav1_20200207_aa07c48_enc-mode0	60	32	0	2465953.0	2465.953	45.51883333333334	48.777333333333324	50.18783333333332	45.447042	48.728538	50.127126	95.75238387860412	2957676.0	49.2946	4585.49	1920	1080	50.0	10	0475386b7c5ec43826d1506ad8b3b86c	4b15f2d8ec831fa63b5a80f776e24b5e	1920	1080	18385.0	6.0	2965.0	26473.0	True	True	0.9988021284341813	0.9975013529955078
Starting_1920x1080p_50_10b_pq_70	Starting_1920x1080p_50_10b_pq_70	svtav1	svtav1_20200207_aa07c48_enc-mode0	60	43	0	1393840.0	1393.84	43.71199999999998	47.491666666666674	48.44983333333333	43.634187	47.479908	48.435417	93.79703258915092	2496024.0	41.6004	3433.72	1920	1080	50.0	10	07ffe94dbc057863f98e951ed1cfefd9	a55d2392552244e137d198ed5ad973c6	1920	1080	19626.0	4.0	2480.0	23798.0	True	True	0.9979136606057485	0.9962865878600289
Starting_1920x1080p_50_10b_pq_70	Starting_1920x1080p_50_10b_pq_70	svtav1	svtav1_20200207_aa07c48_enc-mode0	60	55	0	557026.0	557.026	39.62749999999999	44.838166666666666	45.103333333333325	39.588	44.837815	45.102412	86.4117499884019	2014430.0	33.57383333333333	3142.02	1920	1080	50.0	10	0e6759a6e21db4b97a77c4d1fcfd3d73	f705b6f193c3dd38f40df05707bf257a	1920	1080	17929.0	19.0	2085.0	23898.0	True	True	0.9938050508499146	0.9907353835400184
Starting_1920x1080p_50_10b_pq_70	Starting_1920x1080p_50_10b_pq_70	svtav1	svtav1_20200207_aa07c48_enc-mode0	60	59	0	327306.0	327.306	36.9865	43.10316666666663	43.35499999999998	36.96585	43.103507	43.354544	78.24736791035886	2002487.0	33.37478333333333	2975.11	1920	1080	50.0	10	1eb190cf754eaf6f3b7444d6b065db72	47061ca88abb6c031660ede2744db860	1920	1080	18191.0	16.0	1916.0	28477.0	True	True	0.9878482093413671	0.9829649213966164
Netflix_PierSeaside_1920x1080_60	Netflix_PierSeaside_1920x1080_60	svtav1	svtav1_20200207_aa07c48_enc-mode0	60	20	0	7945832.0	7945.832	45.456833333333336	47.414500000000004	45.51133333333335	45.431455	47.402531	45.495785	99.88482501376652	3446886.0	57.4481	5074.52	1920	1080	60.0	8	44d6740ecf9be1633d50122ec08c72de	70161f3f6ce2307bd794e486f3341174	1920	1080	10101.0	5.0	1857.0	23657.0	True	True	0.9980363329251607	0.9968497199369704
Netflix_PierSeaside_1920x1080_60	Netflix_PierSeaside_1920x1080_60	svtav1	svtav1_20200207_aa07c48_enc-mode0	60	32	0	3435568.0	3435.568	43.78566666666667	46.647666666666666	44.90716666666667	43.736644	46.633212	44.891226	99.3911306254236	2418913.0	40.315216666666664	4113.83	1920	1080	60.0	8	90c95d09d935e5dd7cb514c5b35b9764	851a9cbb0868ebcd031241c3bd5aee14	1920	1080	12707.0	4.0	1374.0	23116.0	True	True	0.9971284538507461	0.995427754125079
Netflix_PierSeaside_1920x1080_60	Netflix_PierSeaside_1920x1080_60	svtav1	svtav1_20200207_aa07c48_enc-mode0	60	43	0	1508512.0	1508.512	41.724166666666676	45.43083333333335	44.06883333333332	41.65861	45.416128	44.054847	97.35653939443316	2314650.0	38.5775	3417.54	1920	1080	60.0	8	70dcb1f3e85803d1a9a92f7501570d73	fdb5e3431a89caa9f56e435164bc46e2	1920	1080	11611.0	16.0	1429.0	24414.0	True	True	0.9950378775596619	0.9924113665807585
Netflix_PierSeaside_1920x1080_60	Netflix_PierSeaside_1920x1080_60	svtav1	svtav1_20200207_aa07c48_enc-mode0	60	55	0	590112.0	590.112	38.81716666666667	43.042999999999985	42.300666666666665	38.761805	43.032176	42.291607	91.3844408450537	1885273.0	31.421216666666666	2488.18	1920	1080	60.0	8	8ae3c8285164f2c8874598f5ec7305e3	45997315384de0f44b34d3defe33fb70	1920	1080	10696.0	18.0	1743.0	24655.0	True	True	0.9898540606101354	0.9858537371169948
Netflix_PierSeaside_1920x1080_60	Netflix_PierSeaside_1920x1080_60	svtav1	svtav1_20200207_aa07c48_enc-mode0	60	59	0	340784.0	340.784	36.8185	41.25783333333333	40.749999999999986	36.785203	41.254078	40.745616	84.41527832189735	1817789.0	30.296483333333335	2612.08	1920	1080	60.0	8	93c1ff87fa273659a8a2dfa5992b916f	5503ab91afcecbd713f6f2d0039d0692	1920	1080	12164.0	12.0	1245.0	23956.0	True	True	0.9844718267520268	0.9795701940919355
STARCRAFT_60f_420	STARCRAFT_60f_420	svtav1	svtav1_20200207_aa07c48_enc-mode0	60	20	0	6973672.0	6973.672	49.87133333333334	52.97133333333333	52.998500000000014	49.859964	52.962507	52.993568	97.52685762063113	2090979.0	34.84965	3266.78	1920	1080	60.0	8	b3cf1876574fd3d4ba6bf30fb58a3d22	a9c135574a811fcd9000bcf8ec38f136	1920	1080	11334.0	14.0	1502.0	24383.0	True	True	0.999531356493632	0.9991081885251575
STARCRAFT_60f_420	STARCRAFT_60f_420	svtav1	svtav1_20200207_aa07c48_enc-mode0	60	32	0	4385152.0	4385.152	47.09716666666667	51.04683333333332	51.22499999999999	47.077728	51.02946	51.2166	96.83955973066263	2256386.0	37.606433333333335	3538.69	1920	1080	60.0	8	41ddabc7cac3060dae3aa6527f6f1d73	6ee151ec4831f9a49ff8f6ed0823e85a	1920	1080	11123.0	6.0	1304.0	26876.0	True	True	0.999069306254387	0.9983576401945168
STARCRAFT_60f_420	STARCRAFT_60f_420	svtav1	svtav1_20200207_aa07c48_enc-mode0	60	43	0	2700624.0	2700.6240000000003	44.051333333333346	48.887833333333326	49.056666666666686	44.018551	48.853549	49.042421	95.58263472264856	2012081.0	33.534683333333334	3108.62	1920	1080	60.0	8	f5d5dee8c690258b4cf8716da2b79403	8fcd8d40d52d8e4b995168035d605718	1920	1080	11557.0	6.0	1204.0	25888.0	True	True	0.9981528182824453	0.9969743656402164
STARCRAFT_60f_420	STARCRAFT_60f_420	svtav1	svtav1_20200207_aa07c48_enc-mode0	60	55	0	1056392.0	1056.392	38.55733333333333	44.50433333333334	44.605	38.536936	44.478877	44.589988999999996	89.8351143294476	1824526.0	30.408766666666665	2661.29	1920	1080	60.0	8	9be58d2ee377a8cf360226be638f6ad7	5b322889369ba7397dcc24ae92863bd7	1920	1080	11280.0	5.0	1418.0	24614.0	True	True	0.9922779381275177	0.9889693542865718
STARCRAFT_60f_420	STARCRAFT_60f_420	svtav1	svtav1_20200207_aa07c48_enc-mode0	60	59	0	599384.0	599.384	35.457999999999984	42.101000000000006	42.122	35.445753	42.086867	42.111675	82.49280762528845	1552021.0	25.867016666666668	2291.27	1920	1080	60.0	8	c0c955218e90072f50d3e086faa441d7	94ffc998897208c81461c53a22f6e982	1920	1080	10939.0	4.0	914.0	23727.0	True	True	0.9829466263453166	0.9775638565171353
red_kayak_360p_60f	red_kayak_360p_60f	svtav1	svtav1_20200207_aa07c48_enc-mode0	60	20	0	9223655.0	9223.655	41.111166666666655	44.678000000000004	49.15583333333331	41.05117400000001	44.654477	49.143404	99.87480439122994	1488784.0	24.813066666666668	2485.31	640	360	29.97	8	26ff9f3c7a0fb0a30520e6ebc5397a14	00bf00644d1d72b32cce9c09f9a399c3	640	360	2143.0	5.0	1110.0	3195.0	True	True	0.9726044952869415	0.9943763938856459
red_kayak_360p_60f	red_kayak_360p_60f	svtav1	svtav1_20200207_aa07c48_enc-mode0	60	32	0	5412202.0	5412.202	36.544833333333344	42.17866666666668	47.87233333333333	36.415761	42.143176	47.857174	99.70759754564224	1553344.0	25.88906666666667	2469.46	640	360	29.97	8	ae44cfefbac0265ec674f341338f66be	4c46d859667f9ce194a476b8516fc063	640	360	2346.0	4.0	906.0	3429.0	True	True	0.9405633360147476	0.9861343231117176
red_kayak_360p_60f	red_kayak_360p_60f	svtav1	svtav1_20200207_aa07c48_enc-mode0	60	43	0	2388211.0	2388.211	31.833333333333336	39.79783333333333	46.83616666666667	31.697238000000002	39.763966	46.811887	85.9714080597758	1209014.0	20.150233333333333	2044.11	640	360	29.97	8	17a9d05034c358692f34257d2570e73a	a81cf857d7d75383aeb3662c791576b1	640	360	2308.0	5.0	682.0	3151.0	True	True	0.8690602878729502	0.9651019981427396
red_kayak_360p_60f	red_kayak_360p_60f	svtav1	svtav1_20200207_aa07c48_enc-mode0	60	55	0	706380.0	706.38	27.955833333333324	38.00366666666666	45.30533333333333	27.864814	37.982908	45.23241	57.9847728381858	783452.0	13.057533333333334	1295.54	640	360	29.97	8	cb1608fb09180629dfdf6517dd90416b	c359a1c4637eccaba5535ba51c9fde7d	640	360	1921.0	3.0	399.0	3158.0	True	True	0.751121328274409	0.9164544619888414
red_kayak_360p_60f	red_kayak_360p_60f	svtav1	svtav1_20200207_aa07c48_enc-mode0	60	59	0	377249.0	377.249	26.783	37.32666666666667	44.80883333333333	26.714026	37.308938	44.69636	43.30323628871371	702133.0	11.702216666666667	1124.78	640	360	29.97	8	d1cf689dea558d69ff2f1e9b451246a7	d97e74d3ef81b6b47800c97f10fb2812	640	360	2203.0	4.0	367.0	3080.0	True	True	0.7025144010782242	0.8845369766721259
speed_bag_640x360_60f	speed_bag_640x360_60f	svtav1	svtav1_20200207_aa07c48_enc-mode0	60	20	0	463062.0	463.062	46.95000000000002	49.62716666666668	51.08533333333333	46.874811	49.576758	51.029365	98.30884806293547	439925.0	7.332083333333333	733.63	640	360	29.97	8	67861c529a1cbb9becfb2b8f38b6d498	506cce2fe8f6ba329764a6fb2baa0ae4	640	360	1373.0	4.0	241.0	2900.0	True	True	0.9887388745943705	0.9975068419130646
speed_bag_640x360_60f	speed_bag_640x360_60f	svtav1	svtav1_20200207_aa07c48_enc-mode0	60	32	0	247165.0	247.165	45.149166666666666	48.35833333333334	49.90033333333333	45.013042	48.263776	49.789654	97.3966712732535	426216.0	7.1036	660.04	640	360	29.97	8	fe2a1c82219bf16e430db0fc7a5ea5df	913450883f466fae3a0a58cf2c501248	640	360	1559.0	4.0	242.0	3138.0	True	True	0.9857702215512594	0.9962664042240608
speed_bag_640x360_60f	speed_bag_640x360_60f	svtav1	svtav1_20200207_aa07c48_enc-mode0	60	43	0	137341.0	137.341	43.0175	46.57683333333331	48.45550000000002	42.814628	46.46273899999999	48.295928	94.90628040149963	369222.0	6.1537	592.93	640	360	29.97	8	08e63e9fe1f4b0e869c9892510dfeefc	c87825faf55646497767223fabdfcca0	640	360	61887.0	5.0	209.0	3180.0	True	True	0.9815712283054988	0.994036492254354
speed_bag_640x360_60f	speed_bag_640x360_60f	svtav1	svtav1_20200207_aa07c48_enc-mode0	60	55	0	68983.0	68.983	39.723499999999994	43.828333333333354	46.250833333333325	39.460023	43.718344	46.028771	85.39400971252583	286293.0	4.77155	464.6	640	360	29.97	8	94a7b989bc393b444f3b1b0d630b3710	648a87534634f83ce94d2d9bc49de906	640	360	1450.0	3.0	168.0	2998.0	True	True	0.9722101817528407	0.9881541910956333
speed_bag_640x360_60f	speed_bag_640x360_60f	svtav1	svtav1_20200207_aa07c48_enc-mode0	60	59	0	50632.0	50.632	37.80433333333334	42.216000000000015	44.832	37.613256	42.136801	44.647686	77.4622053591441	379593.0	6.32655	558.92	640	360	29.97	8	17b4a4366bd8327fae202e3b71afef3b	916da1f816f478943d5097cf6f174b13	640	360	5356.0	180.0	346.0	3686.0	True	True	0.9642584602038066	0.9824242977063852
thaloundeskmtg360p_60f	thaloundeskmtg360p_60f	svtav1	svtav1_20200207_aa07c48_enc-mode0	60	20	0	856180.0	856.18	44.69666666666667	48.55383333333335	48.53066666666667	44.505677	48.51164000000001	48.500818	96.96492300894037	711977.0	11.866283333333334	1263.19	640	360	30.0	8	3d2abb40c7c78f70a2a842bbf3b4522e	92c1032020771ae7e4a0f227db8806a8	640	360	1800.0	7.0	352.0	3088.0	True	True	0.9924271901448568	0.9983809546591692
thaloundeskmtg360p_60f	thaloundeskmtg360p_60f	svtav1	svtav1_20200207_aa07c48_enc-mode0	60	32	0	469076.0	469.076	43.15833333333333	47.46166666666665	47.524333333333324	42.936807	47.411268	47.49004	95.80496658700484	458637.0	7.64395	710.7	640	360	30.0	8	d71afbf7b2f48d5659c35fc709792678	f91967d5b29aaabb05781b0ee42e44af	640	360	1735.0	4.0	217.0	3035.0	True	True	0.9902619818846384	0.9976936212021175
thaloundeskmtg360p_60f	thaloundeskmtg360p_60f	svtav1	svtav1_20200207_aa07c48_enc-mode0	60	43	0	250252.0	250.252	41.008500000000005	45.60383333333333	45.71233333333335	40.706653	45.576643	45.690746	93.63404528021225	388306.0	6.4717666666666664	624.62	640	360	30.0	8	732d037310dbdbdab0039a452d953d2a	ab2334777a37427cdf73d47ef2219338	640	360	1811.0	18.0	183.0	3219.0	True	True	0.9862839837869009	0.9963029183499729
thaloundeskmtg360p_60f	thaloundeskmtg360p_60f	svtav1	svtav1_20200207_aa07c48_enc-mode0	60	55	0	122800.0	122.8	37.56216666666668	42.80016666666667	42.61533333333333	37.309407	42.789442	42.598496	87.51574494821209	293666.0	4.894433333333334	451.27	640	360	30.0	8	8e9e934611448c87b9db01071e9b1f32	4b0ece9816669169498d841a4fcdf9a5	640	360	1831.0	4.0	137.0	3003.0	True	True	0.9759813000758489	0.9920605921927805
thaloundeskmtg360p_60f	thaloundeskmtg360p_60f	svtav1	svtav1_20200207_aa07c48_enc-mode0	60	59	0	86888.0	86.888	35.416166666666655	40.81666666666665	41.041000000000004	35.106024	40.802097	41.02002	81.88965403599936	286609.0	4.776816666666667	457.65	640	360	30.0	8	95c1a1153ec2b67b9438a828b41bb055	44b56996fc50aec9b003c15548c581ec	640	360	2013.0	4.0	124.0	3521.0	True	True	0.9658208549022674	0.987162412295196
ducks_1920x1080_50fps_10b	ducks_1920x1080_50fps_10b	svtav1	svtav1_20200207_aa07c48_enc-mode0	60	20	0	121103880.0	121103.88000000002	39.421499999999995	39.39133333333334	41.482833333333325	39.394428	39.356847	41.452732	99.17441691056277	15220807.0	253.68011666666666	24648.66	1920	1080	50.0	10	1b9c1f2e25918abac2d713cef63f1da2	a185dd79a52090bb536a426a7323b277	1920	1080	23674.0	4.0	12806.0	26268.0	True	True	0.9990268717209498	0.9963988051422041
ducks_1920x1080_50fps_10b	ducks_1920x1080_50fps_10b	svtav1	svtav1_20200207_aa07c48_enc-mode0	60	32	0	31656580.0	31656.58	35.241	36.91716666666665	39.9315	35.209108	36.889315	39.915118	93.85509338508851	9762623.0	162.71038333333334	17706.71	1920	1080	50.0	10	abedfad2d1bb9c7ec3e5fd0065b4dec2	85b6f18c9b52bf5e8537e8731d9e02ed	1920	1080	93312.0	4.0	5327.0	23473.0	True	True	0.9967772295077642	0.9902950528325937
ducks_1920x1080_50fps_10b	ducks_1920x1080_50fps_10b	svtav1	svtav1_20200207_aa07c48_enc-mode0	60	43	0	10622813.0	10622.813	33.137166666666666	35.04299999999999	38.57666666666668	33.110212	34.995263	38.564316	84.84283418921271	6891710.0	114.86183333333334	11666.55	1920	1080	50.0	10	30ec4da620b31e492091d4c461c77a78	e7c5f097902fa4ac7d11f903ea13c80b	1920	1080	22587.0	4.0	3509.0	24047.0	True	True	0.9913139720757802	0.9818676046044057
ducks_1920x1080_50fps_10b	ducks_1920x1080_50fps_10b	svtav1	svtav1_20200207_aa07c48_enc-mode0	60	55	0	3700553.0	3700.553	30.551666666666662	32.9875	37.272000000000006	30.513889	32.942006	37.266919	67.5055727028066	5375426.0	89.59043333333334	8563.16	1920	1080	50.0	10	97e4d646fe89633d275ac0d5b59e5129	17547fc3b9eebc786c0c87260534b3cd	1920	1080	22589.0	4.0	3638.0	28907.0	True	True	0.9746404548486074	0.9611044780501898
ducks_1920x1080_50fps_10b	ducks_1920x1080_50fps_10b	svtav1	svtav1_20200207_aa07c48_enc-mode0	60	59	0	2385846.0	2385.846	29.35166666666667	32.08966666666666	36.63916666666666	29.311865	32.051971	36.635197	57.91960201959147	4098489.0	68.30815	6441.3	1920	1080	50.0	10	a4561f74b7c54aeed68291367aaaa20f	f231bed06141ed5fefa7ea6f269bc2ba	1920	1080	24898.0	4.0	3978.0	25722.0	True	True	0.9610317468643188	0.9456033960755862
DOTA2_60f_420	DOTA2_60f_420	svtav1	svtav1_20200207_aa07c48_enc-mode0	60	20	0	16318648.0	16318.648	45.60783333333333	49.316333333333326	49.430666666666674	45.575867	49.27606	49.400196	97.62679729968677	4403741.0	73.39568333333334	7052.86	1920	1080	60.0	8	263e86f513b5be91f833580bd9651737	8b4c0269c2cbba4a4fbddd463cfb0080	1920	1080	12836.0	5.0	2541.0	25412.0	True	True	0.9986703326304753	0.997443071681579
DOTA2_60f_420	DOTA2_60f_420	svtav1	svtav1_20200207_aa07c48_enc-mode0	60	32	0	7843608.0	7843.607999999999	43.07066666666666	47.058	47.316833333333335	43.022436	47.004215	47.282395	95.79874346965171	3293081.0	54.884683333333335	5684.22	1920	1080	60.0	8	7c47a8195871317d73cc6c4415fa982c	13948df0c07d3e81e9ff2a9c73c71f17	1920	1080	11383.0	3.0	1606.0	24067.0	True	True	0.9974216709534327	0.995242070167668
DOTA2_60f_420	DOTA2_60f_420	svtav1	svtav1_20200207_aa07c48_enc-mode0	60	43	0	3743640.0	3743.64	40.35866666666665	44.510999999999996	44.899166666666666	40.299184	44.448512	44.859797	92.13369466280353	3064701.0	51.07835	4868.71	1920	1080	60.0	8	5bbbb2e76fdc75dd68cd3a228faf7fdd	480f4a60993499a75a3c8b6a325d795a	1920	1080	12708.0	4.0	1772.0	25464.0	True	True	0.9942537506421407	0.9903278473472932
DOTA2_60f_420	DOTA2_60f_420	svtav1	svtav1_20200207_aa07c48_enc-mode0	60	55	0	1438832.0	1438.832	36.71283333333334	41.154333333333334	41.498999999999995	36.668644	41.108854	41.470606	82.23507112650483	2233182.0	37.2197	3443.31	1920	1080	60.0	8	e50760b51b5652d066d2da7bb0bd81b1	968e5922b628df7e06e6f4f56803d0f8	1920	1080	12198.0	4.0	1898.0	27928.0	True	True	0.9813059349854787	0.9745901125259215
DOTA2_60f_420	DOTA2_60f_420	svtav1	svtav1_20200207_aa07c48_enc-mode0	60	59	0	880936.0	880.936	34.728333333333346	39.304333333333346	39.57166666666669	34.707089	39.283125	39.552622	73.00462613299806	2337724.0	38.962066666666665	3366.94	1920	1080	60.0	8	38cbe30580138b3fddf7a412fc2354e2	c70c1e4a09d84ebf4ea1d339cbee0971	1920	1080	13474.0	5.0	1367.0	25568.0	True	True	0.9652513593435288	0.9583963087183677
Netflix_Aerial_1920x1080_60fps_8	Netflix_Aerial_1920x1080_60fps_8	svtav1	svtav1_20200207_aa07c48_enc-mode0	60	20	0	21702896.0	21702.896	42.77466666666666	45.63083333333334	45.35433333333333	42.750274	45.621523	45.347751	96.69008404226116	6970746.0	116.1791	10135.86	1920	1080	60.0	8	b895e905a2fdbfeb181ace4d6ebe9236	eb34061e89789c1ceba1e030e23c1476	1920	1080	14987.0	11.0	3582.0	26569.0	True	True	0.9979340036710104	0.9965372274204135
Netflix_Aerial_1920x1080_60fps_8	Netflix_Aerial_1920x1080_60fps_8	svtav1	svtav1_20200207_aa07c48_enc-mode0	60	32	0	10601152.0	10601.152	40.797333333333334	44.466833333333334	44.483833333333344	40.736794	44.451199	44.479016	94.45516493456408	6221320.0	103.68866666666666	9995.46	1920	1080	60.0	8	5c350768e964a9ed4098f68635ad89ae	4e28353b73d78f8251f3846f9fb12ba3	1920	1080	15176.0	5.0	2376.0	25179.0	True	True	0.9964915712674459	0.9943731140540871
Netflix_Aerial_1920x1080_60fps_8	Netflix_Aerial_1920x1080_60fps_8	svtav1	svtav1_20200207_aa07c48_enc-mode0	60	43	0	5018904.0	5018.904	38.29366666666667	42.74250000000002	43.24766666666667	38.216779	42.736092	43.245417	90.76465145600622	4324211.0	72.07018333333333	6991.45	1920	1080	60.0	8	8d1746579feb190ebcd5d168d4a1d405	dee8efde7a70c321ec9bb35f84de1a15	1920	1080	14253.0	12.0	2051.0	26308.0	True	True	0.9935448358456294	0.989652972246455
Netflix_Aerial_1920x1080_60fps_8	Netflix_Aerial_1920x1080_60fps_8	svtav1	svtav1_20200207_aa07c48_enc-mode0	60	55	0	1767056.0	1767.056	34.4445	40.262666666666675	41.59266666666667	34.414702	40.258513	41.587301	81.11931861250683	3086711.0	51.44518333333333	4497.74	1920	1080	60.0	8	6343491b285d6f0473063e61a5942059	e3270620dd3328c9044065537920ddca	1920	1080	13191.0	5.0	1725.0	26378.0	True	True	0.9827855398257573	0.9719354247460363
Netflix_Aerial_1920x1080_60fps_8	Netflix_Aerial_1920x1080_60fps_8	svtav1	svtav1_20200207_aa07c48_enc-mode0	60	59	0	926480.0	926.48	32.14933333333333	38.9555	40.81449999999998	32.143721	38.945696	40.80438	70.6763480260392	2437227.0	40.62045	3447.56	1920	1080	60.0	8	e14c693dd5b12129168b80a34334e0f1	36b90539db8bfa3c83947b61e4365bf2	1920	1080	16811.0	5.0	1553.0	23996.0	True	True	0.9655581742525101	0.9459375210564643
Netflix_Crosswalk_1920x1080_60fp	Netflix_Crosswalk_1920x1080_60fp	svtav1	svtav1_20200207_aa07c48_enc-mode0	60	20	0	7684352.0	7684.352	45.627833333333335	48.33	50.15916666666668	45.618369	48.327908	50.15732	99.23834765329069	4429974.0	73.8329	6809.85	1920	1080	60.0	8	1a4aa141bf9daf49fc994a51114c3d7c	4112a9454b0950ee08baeaa19c1fb09f	1920	1080	10194.0	26.0	2963.0	26477.0	True	True	0.9976728409528732	0.9957883705908606
Netflix_Crosswalk_1920x1080_60fp	Netflix_Crosswalk_1920x1080_60fp	svtav1	svtav1_20200207_aa07c48_enc-mode0	60	32	0	3891784.0	3891.784	44.333166666666656	47.52916666666667	49.31866666666668	44.303288	47.525307	49.313714	96.0180851150585	4349502.0	72.4917	6369.56	1920	1080	60.0	8	5012398f316ed8cf4443b27b4bb313f0	c2259f2f1c6efc77e7c3bc28c1097245	1920	1080	10100.0	4.0	2909.0	25953.0	True	True	0.996028337876002	0.9939600148823935
Netflix_Crosswalk_1920x1080_60fp	Netflix_Crosswalk_1920x1080_60fp	svtav1	svtav1_20200207_aa07c48_enc-mode0	60	43	0	1918856.0	1918.856	42.477499999999985	46.353166666666645	48.11216666666668	42.429083	46.347621	48.106728	89.42307397007849	2874922.0	47.915366666666664	4384.27	1920	1080	60.0	8	a566acb7674cd4ea039bcb56d09e6750	c7694e5bf422e533cf7a8612837c7c4a	1920	1080	9745.0	4.0	1792.0	24415.0	True	True	0.9920864860216777	0.9901202630311239
Netflix_Crosswalk_1920x1080_60fp	Netflix_Crosswalk_1920x1080_60fp	svtav1	svtav1_20200207_aa07c48_enc-mode0	60	55	0	895336.0	895.336	39.772000000000006	44.60166666666665	46.223	39.709927	44.595479	46.216339	75.64864987043875	2699664.0	44.9944	4080.01	1920	1080	60.0	8	60e15020f2a6a2b0e0d8818686b99cc0	220596658aa6c26a8396af6bfdce88da	1920	1080	9826.0	4.0	1753.0	26067.0	True	True	0.9812476028998692	0.9806243247680446
Netflix_Crosswalk_1920x1080_60fp	Netflix_Crosswalk_1920x1080_60fp	svtav1	svtav1_20200207_aa07c48_enc-mode0	60	59	0	644624.0	644.624	38.357833333333325	43.64216666666667	45.21183333333334	38.30965	43.636722	45.20819100000001	66.25594952798085	2381081.0	39.68468333333333	3628.17	1920	1080	60.0	8	bc5618f4bc44f9a50f059962ffd98cce	238173295f6ac9fafb47ee575146e44f	1920	1080	10627.0	2.0	1475.0	23528.0	True	True	0.9719824343919754	0.9729777295518925
Netflix_RollerCoaster_1280x720_6	Netflix_RollerCoaster_1280x720_6	svtav1	svtav1_20200207_aa07c48_enc-mode0	60	20	0	8557336.0	8557.336	44.99550000000001	46.76116666666666	46.763333333333335	44.968865	46.747974	46.754298	99.92898485620553	3203103.0	53.38505	5059.71	1280	720	60.0	8	e96013d68482fd4456ea91847e015630	c82380f393e2b6de2f3ee01956d2ee7e	1280	720	5641.0	8.0	1612.0	10735.0	True	True	0.9979814052581787	0.9976053447465845
Netflix_RollerCoaster_1280x720_6	Netflix_RollerCoaster_1280x720_6	svtav1	svtav1_20200207_aa07c48_enc-mode0	60	32	0	4251008.0	4251.008	42.639333333333326	45.046333333333344	45.413000000000004	42.602364	45.031595	45.405483	99.86445990526347	3052219.0	50.87031666666667	5008.64	1280	720	60.0	8	f342102786af3908a1275adf5a231179	0607e0ed20db8e6aff7d220e128d6e97	1280	720	6211.0	11.0	1464.0	11193.0	True	True	0.9964684943358103	0.9959854709110587
Netflix_RollerCoaster_1280x720_6	Netflix_RollerCoaster_1280x720_6	svtav1	svtav1_20200207_aa07c48_enc-mode0	60	43	0	2171616.0	2171.616	40.11099999999999	43.0855	43.83616666666667	40.057353	43.062238	43.826036	97.73860941390902	2252244.0	37.5374	3552.25	1280	720	60.0	8	57dc25567174e07e88044c9325d44a84	e1fddb49720cafc44d8d509104f19ee1	1280	720	6249.0	11.0	1078.0	11346.0	True	True	0.9932965040206909	0.9927588735381534
Netflix_RollerCoaster_1280x720_6	Netflix_RollerCoaster_1280x720_6	svtav1	svtav1_20200207_aa07c48_enc-mode0	60	55	0	970464.0	970.464	36.703	40.08900000000001	41.50116666666667	36.662284	40.059789	41.486223	88.17234364751678	1709927.0	28.498783333333332	2643.82	1280	720	60.0	8	001c4a4baf1a94c2b6928a4797bdce3e	2d42a1e3f9aa98920c57c5eecac9ceb5	1280	720	6236.0	17.0	986.0	10796.0	True	True	0.9823626319567362	0.982609349343461
Netflix_RollerCoaster_1280x720_6	Netflix_RollerCoaster_1280x720_6	svtav1	svtav1_20200207_aa07c48_enc-mode0	60	59	0	661464.0	661.464	34.90716666666667	38.453166666666675	40.20466666666667	34.87700400000001	38.428718	40.190083	80.02710731927513	1312321.0	21.872016666666667	2129.72	1280	720	60.0	8	ae5369fe55dd2bfccf11ce893b15bb20	fd59633add2e99c1e5c9ee252ea0b097	1280	720	6284.0	2.0	740.0	10734.0	True	True	0.9710636456807454	0.9730766352600746
aspen_1080p_60f	aspen_1080p_60f	svtav1	svtav1_20200207_aa07c48_enc-mode0	60	20	0	8802326.0	8802.326	44.106999999999985	47.961499999999994	49.097500000000004	44.095065	47.959616	49.096232	98.01615102836514	5413665.0	90.22775	8580.53	1920	1080	29.97	8	e3ed1696bfc26570280174f1ba1a79d3	18e47675373852cebf1467724c9904e7	1920	1080	9496.0	4.0	3204.0	24508.0	True	True	0.9960908313592275	0.9925968017296699
aspen_1080p_60f	aspen_1080p_60f	svtav1	svtav1_20200207_aa07c48_enc-mode0	60	32	0	2560446.0	2560.4460000000004	42.148333333333326	46.952333333333335	48.10116666666667	42.134919	46.950314	48.098528	94.04878207421964	5112969.0	85.21615	8349.23	1920	1080	29.97	8	10756c7c3b6247a7c6c85a604f023a78	374469e8ae12606112694f00414dc337	1920	1080	9675.0	5.0	2341.0	25732.0	True	True	0.9939836412668228	0.9896642237416088
aspen_1080p_60f	aspen_1080p_60f	svtav1	svtav1_20200207_aa07c48_enc-mode0	60	43	0	1069656.0	1069.656	40.66033333333334	45.625666666666646	46.70983333333333	40.639378	45.620907	46.705256	88.62489623757246	3782677.0	63.04461666666667	5756.96	1920	1080	29.97	8	0c18742446db41c16164bd490b6a6dfb	f3a2c2ee4d794e9ffe9972c83d7cb0f8	1920	1080	9889.0	5.0	1912.0	25375.0	True	True	0.9910580943028132	0.98636068728599
aspen_1080p_60f	aspen_1080p_60f	svtav1	svtav1_20200207_aa07c48_enc-mode0	60	55	0	456732.0	456.732	38.53766666666666	43.45550000000001	44.417833333333334	38.513532000000005	43.449647	44.414243000000006	78.56837138416022	2674059.0	44.56765	4098.61	1920	1080	29.97	8	99b88e7c54d59085220afb5d0984fb09	626472c06b523c628e17ad738bb7d82f	1920	1080	9549.0	5.0	1690.0	25195.0	True	True	0.9840630193551382	0.9791456657160513
aspen_1080p_60f	aspen_1080p_60f	svtav1	svtav1_20200207_aa07c48_enc-mode0	60	59	0	299502.0	299.502	36.95283333333331	42.10783333333334	42.85816666666666	36.925444	42.101435	42.85534500000001	69.23010670884706	2104556.0	35.07593333333333	3232.14	1920	1080	29.97	8	68ca34605531595c241f4901dba1e46c	dc21d6ff16fc727ca86a5e645b8fc52c	1920	1080	9390.0	4.0	1254.0	27819.0	True	True	0.9750656227270762	0.9703889986257758
vidyo1_720p_60fps_60f	vidyo1_720p_60fps_60f	svtav1	svtav1_20200207_aa07c48_enc-mode0	60	20	0	3947960.0	3947.96	45.58683333333334	48.134333333333316	49.45816666666666	45.571655	48.127847	49.455982	96.55528348402797	1921638.0	32.0273	3042.13	1280	720	60.0	8	292fea5cb31f6d4a1091ff22e1714019	1095ff158fec770469fc4ea7c3ecaa43	1280	720	5863.0	4.0	904.0	12454.0	True	True	0.9976148068904876	0.9970027549732664
vidyo1_720p_60fps_60f	vidyo1_720p_60fps_60f	svtav1	svtav1_20200207_aa07c48_enc-mode0	60	32	0	1451776.0	1451.776	44.00499999999999	47.59066666666668	48.79550000000001	43.999553	47.586754	48.793929	95.18445440293057	1563808.0	26.063466666666667	2434.7	1280	720	60.0	8	71690056c268618a0658a86147ad11c3	2b882897a3e09d6b944f29fd90a39464	1280	720	6929.0	20.0	637.0	10494.0	True	True	0.9960868328809738	0.9955316688293693
vidyo1_720p_60fps_60f	vidyo1_720p_60fps_60f	svtav1	svtav1_20200207_aa07c48_enc-mode0	60	43	0	728584.0	728.584	42.608	46.960166666666666	47.931000000000004	42.601235	46.957572	47.929501	93.28138756182699	1161896.0	19.364933333333333	1869.93	1280	720	60.0	8	2099587aeca003c7d2e022ce28256450	8f8cea1c83e1cf96775f29b81aca8136	1280	720	5516.0	5.0	606.0	10538.0	True	True	0.9941909929116567	0.9938813035306118
vidyo1_720p_60fps_60f	vidyo1_720p_60fps_60f	svtav1	svtav1_20200207_aa07c48_enc-mode0	60	55	0	324568.0	324.568	39.91466666666667	45.30799999999999	45.85083333333332	39.905419	45.306614	45.848292	87.340218881502	904528.0	15.075466666666667	1453.18	1280	720	60.0	8	87d5cb5369767479fc1a045b5aaead33	bce6eb70601dec236305d0d8ecf58ba3	1280	720	5589.0	5.0	533.0	11437.0	True	True	0.9876170992851258	0.9884899036200092
vidyo1_720p_60fps_60f	vidyo1_720p_60fps_60f	svtav1	svtav1_20200207_aa07c48_enc-mode0	60	59	0	215480.0	215.48	38.01549999999999	43.80683333333332	44.04100000000001	38.007952	43.806058	44.040465	80.98717562071072	1172576.0	19.542933333333334	1854.61	1280	720	60.0	8	74aeff7e0ad56a3916be3a5001ce1699	9bfec558efd28bca0f1dd8a8f5ef1f8b	1280	720	5485.0	2.0	406.0	10558.0	True	True	0.9794487188259761	0.9819809008656981
vidyo4_720p_60fps_60f	vidyo4_720p_60fps_60f	svtav1	svtav1_20200207_aa07c48_enc-mode0	60	20	0	5564752.0	5564.7519999999995	44.31500000000001	49.97266666666667	50.25933333333332	44.281623	49.968673	50.255828	97.79074616947887	2123965.0	35.39941666666667	3273.17	1280	720	60.0	8	5bdafcc1b0c9f6512638b154a8c2f263	be535ecd37e709265a01c2d45ceec1d9	1280	720	5303.0	4.0	1073.0	10785.0	True	True	0.9964847594499588	0.9957359303443336
vidyo4_720p_60fps_60f	vidyo4_720p_60fps_60f	svtav1	svtav1_20200207_aa07c48_enc-mode0	60	32	0	1906264.0	1906.264	42.83483333333334	49.37016666666668	49.66083333333332	42.793047	49.363895	49.656083	96.46399170663794	1761565.0	29.359416666666668	2853.77	1280	720	60.0	8	6139332e6212ab12c69c080f762f75c6	b4c1db689b6daec4d452a59b7a06c7b1	1280	720	5405.0	5.0	929.0	10945.0	True	True	0.9946936557690302	0.9939229531028194
vidyo4_720p_60fps_60f	vidyo4_720p_60fps_60f	svtav1	svtav1_20200207_aa07c48_enc-mode0	60	43	0	931672.0	931.672	41.48699999999999	48.490166666666674	48.79550000000002	41.432671	48.479975	48.788129	94.44000164375379	1357971.0	22.63285	2080.66	1280	720	60.0	8	8616dcab1355cd55cadc04aa49e8b597	67bda437157592cb76f28af2b61c96cb	1280	720	5294.0	5.0	625.0	10827.0	True	True	0.992001959681511	0.9915006034128054
vidyo4_720p_60fps_60f	vidyo4_720p_60fps_60f	svtav1	svtav1_20200207_aa07c48_enc-mode0	60	55	0	419048.0	419.048	39.11833333333332	46.61033333333331	46.744499999999995	39.063285	46.600193	46.735154	89.01093246040404	1058737.0	17.645616666666665	1541.62	1280	720	60.0	8	b470139e5ba0f51051ccf8a359d30170	24b2be304096a3ed9d79024a9eaf55e2	1280	720	5423.0	3.0	511.0	10038.0	True	True	0.9833798944950104	0.9845407922277774
vidyo4_720p_60fps_60f	vidyo4_720p_60fps_60f	svtav1	svtav1_20200207_aa07c48_enc-mode0	60	59	0	274272.0	274.272	37.40983333333332	44.95550000000001	44.961000000000006	37.363251	44.950669	44.955584	83.37899952247189	967188.0	16.1198	1449.09	1280	720	60.0	8	ba89d4cfa8bc1deaa70b841abfc5e60d	7ab86c4687d4b2efae9ca7b8e4d18f84	1280	720	5767.0	4.0	433.0	10712.0	True	True	0.9733964542547862	0.9767866819274299
Sintel_Dragons_1920x816_24_10b	Sintel_Dragons_1920x816_24_10b	svtav1	svtav1_20200207_aa07c48_enc-mode0	60	20	0	5244688.0	5244.688	47.024499999999996	51.20916666666666	51.412000000000006	46.943369	51.184089	51.361978	99.92689187415347	4468827.0	74.48045	7579.64	1920	816	24.0	10	e494296a30c7cee3ed2a5678c97f8a4d	5b0494c8bf867f09476ee4330fe92516	1920	816	11364.0	5.0	3168.0	16205.0	True	True	0.9967834095160166	0.9969330754827943
Sintel_Dragons_1920x816_24_10b	Sintel_Dragons_1920x816_24_10b	svtav1	svtav1_20200207_aa07c48_enc-mode0	60	32	0	2662694.0	2662.694	43.8405	48.68216666666663	48.80116666666668	43.764437	48.645104999999994	48.729798	99.89458174681882	4829179.0	80.48631666666667	7298.51	1920	816	24.0	10	e60f7f69e3778dcfcd05012b932126ce	a17d36fa1c6bdbbc32f7919d286c1dcc	1920	816	10524.0	3.0	2789.0	16311.0	True	True	0.9940555254618327	0.9944836738040905
Sintel_Dragons_1920x816_24_10b	Sintel_Dragons_1920x816_24_10b	svtav1	svtav1_20200207_aa07c48_enc-mode0	60	43	0	1378547.0	1378.547	40.80233333333334	46.248	46.343833333333336	40.731708	46.202147	46.254697	97.99199167883934	4452433.0	74.20721666666667	7269.89	1920	816	24.0	10	38fce27e980be4bf451aa9a63a1017e2	26675c9684ba085edb8a06facc1dfd5a	1920	816	12193.0	5.0	2870.0	17422.0	True	True	0.988434546192487	0.9897278569526676
Sintel_Dragons_1920x816_24_10b	Sintel_Dragons_1920x816_24_10b	svtav1	svtav1_20200207_aa07c48_enc-mode0	60	55	0	669804.0	669.804	37.414500000000004	43.35249999999999	43.538666666666636	37.358871	43.308958	43.468566	85.14964997099386	3297632.0	54.96053333333333	5000.25	1920	816	24.0	10	37b58734567699f7d541382d45085193	7accd663288b2b51d89e1f2656faef89	1920	816	10727.0	3.0	2737.0	17786.0	True	True	0.9752825478712718	0.979058268433996
Sintel_Dragons_1920x816_24_10b	Sintel_Dragons_1920x816_24_10b	svtav1	svtav1_20200207_aa07c48_enc-mode0	60	59	0	478646.0	478.646	35.77749999999999	41.90116666666667	42.12000000000002	35.723292	41.857583	42.056859	75.87229559784267	2880045.0	48.00075	4719.56	1920	816	24.0	10	5d241c8b23feb5bf0e453d565911d434	25cc2e07821c0cc5b5f76ae348d8e80d	1920	816	10871.0	4.0	3159.0	17849.0	True	True	0.9647328674793243	0.9706226067158487
Netflix_Boat_1920x1080_60fps_8bi	Netflix_Boat_1920x1080_60fps_8bi	svtav1	svtav1_20200207_aa07c48_enc-mode0	60	20	0	29575784.0	29575.784	43.75316666666666	46.11616666666668	47.82083333333334	43.718395	46.087605	47.800731	99.92465024044219	6103838.0	101.73063333333333	9845.11	1920	1080	60.0	8	d42e33671b33b84b00ad712270aa0d3b	3ba1bd5fa4a827e6b1b5131d74261c97	1920	1080	14871.0	10.0	3541.0	26259.0	True	True	0.999323558807373	0.9986030438151768
Netflix_Boat_1920x1080_60fps_8bi	Netflix_Boat_1920x1080_60fps_8bi	svtav1	svtav1_20200207_aa07c48_enc-mode0	60	32	0	16630544.0	16630.544	41.355166666666655	44.60116666666668	46.06233333333333	41.301672	44.568541	46.04312	99.71769405965664	6366602.0	106.11003333333333	10176.44	1920	1080	60.0	8	96a3c00cc554eed8ba7049d1e17f2e58	17dbd10ccd07b5ced034682ffdff9fd4	1920	1080	14761.0	3.0	2870.0	25006.0	True	True	0.998858106136322	0.9977050641432591
Netflix_Boat_1920x1080_60fps_8bi	Netflix_Boat_1920x1080_60fps_8bi	svtav1	svtav1_20200207_aa07c48_enc-mode0	60	43	0	8818584.0	8818.584	38.171333333333344	42.754	43.77383333333333	38.08854899999999	42.723863	43.763364	96.10254440584913	4846424.0	80.77373333333334	7385.48	1920	1080	60.0	8	625a38367d6671de40e84bb2a26ca21d	85c86fd8a582827b37d5de7a472b4442	1920	1080	14730.0	6.0	2284.0	27046.0	True	True	0.9975686480601629	0.9952016747799567
Netflix_Boat_1920x1080_60fps_8bi	Netflix_Boat_1920x1080_60fps_8bi	svtav1	svtav1_20200207_aa07c48_enc-mode0	60	55	0	3849224.0	3849.224	33.91816666666667	40.50999999999999	41.04749999999999	33.845218	40.478576	41.042652	86.51350281812702	3433996.0	57.233266666666665	5492.35	1920	1080	60.0	8	d3e369cc3a82da88da34e57c06c49335	ff8ef5e4d15c9a9a6c62fe300efc38fa	1920	1080	14353.0	3.0	1871.0	25193.0	True	True	0.9924267083406448	0.9858400351588441
Netflix_Boat_1920x1080_60fps_8bi	Netflix_Boat_1920x1080_60fps_8bi	svtav1	svtav1_20200207_aa07c48_enc-mode0	60	59	0	2406536.0	2406.536	31.53816666666665	39.04983333333334	39.40849999999999	31.505161	39.029092	39.40717	77.93274124670349	3086502.0	51.4417	4648.84	1920	1080	60.0	8	d3811305e7006181f976bbd72e9825df	c897723a97b053f9c8b0b4b0fa60adeb	1920	1080	14704.0	6.0	1790.0	24902.0	True	True	0.9847288856903712	0.9722529176085596
Netflix_FoodMarket_1920x1080_60f	Netflix_FoodMarket_1920x1080_60f	svtav1	svtav1_20200207_aa07c48_enc-mode0	60	20	0	21911408.0	21911.408	41.04633333333333	44.87533333333333	45.60749999999997	41.037094	44.871209	45.606022	99.16199090644842	7430116.0	123.83526666666667	11787.54	1920	1080	60.0	8	6c05a00bcca32bb8482c072cb0810762	bf5a0577375237fb1bfe3a0cf957efe4	1920	1080	13083.0	3.0	3890.0	25029.0	True	True	0.995220735669136	0.9897668243746569
Netflix_FoodMarket_1920x1080_60f	Netflix_FoodMarket_1920x1080_60f	svtav1	svtav1_20200207_aa07c48_enc-mode0	60	32	0	7154976.0	7154.976	39.75183333333333	44.065999999999995	44.98683333333334	39.74403300000001	44.062466	44.985019	96.13117330820042	5876154.0	97.9359	9614.88	1920	1080	60.0	8	8a2f45ae1ed26844c4e99f1e1f2c2cac	7f0266c9e0d85eed5ebe878ea53ca10b	1920	1080	13360.0	4.0	2506.0	24812.0	True	True	0.9918949723243713	0.985072536473483
Netflix_FoodMarket_1920x1080_60f	Netflix_FoodMarket_1920x1080_60f	svtav1	svtav1_20200207_aa07c48_enc-mode0	60	43	0	3349640.0	3349.64	38.32883333333332	43.07683333333333	44.14116666666666	38.314492	43.072411	44.137997	91.05341648608928	3528399.0	58.80665	6044.63	1920	1080	60.0	8	c7d0d41dc455a7e4f2540dd29a548f10	98bf45ee2f9fdc55d2e8f6218dd16a0e	1920	1080	11260.0	3.0	1698.0	23156.0	True	True	0.9865073968966802	0.978227881781033
Netflix_FoodMarket_1920x1080_60f	Netflix_FoodMarket_1920x1080_60f	svtav1	svtav1_20200207_aa07c48_enc-mode0	60	55	0	1409512.0	1409.512	35.980166666666676	41.573499999999996	42.67416666666668	35.960178	41.566692	42.66682	78.2866242050563	3207134.0	53.45223333333333	4928.09	1920	1080	60.0	8	7519c70268af7b94f74b7db984e852d9	6d1b8c71c56152d3d6a9bfcdcbb2329a	1920	1080	13056.0	4.0	1752.0	25589.0	True	True	0.9682015816370646	0.9588438861810658
Netflix_FoodMarket_1920x1080_60f	Netflix_FoodMarket_1920x1080_60f	svtav1	svtav1_20200207_aa07c48_enc-mode0	60	59	0	911520.0	911.52	34.56500000000001	40.678833333333344	41.63133333333334	34.548437	40.673677	41.614282	67.80564443969436	2861849.0	47.69748333333333	4415.58	1920	1080	60.0	8	46d2b3b7a2d414ca1048cd50386bcd03	a6cd5ab0ea0f4522ef1e47fd3d490d62	1920	1080	14343.0	4.0	1841.0	27461.0	True	True	0.947780825694402	0.9397351278975847
Cosmos1_1920x856_BT2100_PQ_24fps	Cosmos1_1920x856_BT2100_PQ_24fps	svtav1	svtav1_20200207_aa07c48_enc-mode0	60	20	0	23437088.0	23437.088	42.007166666666656	44.8945	47.53733333333333	41.981681	44.852939	47.514323	99.40507246109208	9561002.0	159.35003333333333	15196.09	1920	856	24.0	10	6ed6e1a1d27de6453dff16b25c473fc9	5923429832249416a74af14aa530197d	1920	856	18872.0	4.0	8026.0	20984.0	True	True	0.9968005249897639	0.9960784610666502
Cosmos1_1920x856_BT2100_PQ_24fps	Cosmos1_1920x856_BT2100_PQ_24fps	svtav1	svtav1_20200207_aa07c48_enc-mode0	60	32	0	9226563.0	9226.563	38.176833333333335	42.84683333333334	45.91200000000001	38.121206	42.818501	45.894244	95.31482320529557	8188816.0	136.48026666666667	13310.36	1920	856	24.0	10	907026ea973a9e7e31b0e2eb4192c32e	36b5eb84b1036c94659107e993517e2b	1920	856	17763.0	3.0	4664.0	17811.0	True	True	0.9918924689292907	0.9909135628356297
Cosmos1_1920x856_BT2100_PQ_24fps	Cosmos1_1920x856_BT2100_PQ_24fps	svtav1	svtav1_20200207_aa07c48_enc-mode0	60	43	0	3486320.0	3486.32	35.39683333333333	41.16383333333333	44.498833333333344	35.338662	41.140544	44.488657	84.70335256194863	7482962.0	124.71603333333333	11129.01	1920	856	24.0	10	17cc8d46a5b27952df037a507c893847	e1874f2fb26d94c6c98804f91920e65c	1920	856	17710.0	3.0	3578.0	19267.0	True	True	0.9804639985164006	0.9803541391094363
Cosmos1_1920x856_BT2100_PQ_24fps	Cosmos1_1920x856_BT2100_PQ_24fps	svtav1	svtav1_20200207_aa07c48_enc-mode0	60	55	0	1233308.0	1233.308	32.482666666666674	39.40983333333333	42.60166666666665	32.436543	39.393882	42.588662	63.97013494041911	5149863.0	85.83105	7821.71	1920	856	24.0	10	aec96b845970cff9d765a30105f3f7d3	077c2fb2b04ae37cc76e08c67943791b	1920	856	18330.0	28.0	3400.0	22674.0	True	True	0.9467391620079676	0.9515802973548341
Cosmos1_1920x856_BT2100_PQ_24fps	Cosmos1_1920x856_BT2100_PQ_24fps	svtav1	svtav1_20200207_aa07c48_enc-mode0	60	59	0	762304.0	762.304	31.182666666666666	38.695166666666665	41.21566666666665	31.146453	38.684346	41.213730000000005	52.4178414501306	4170268.0	69.50446666666667	6700.03	1920	856	24.0	10	b90253522b6f621c0ed27d61fab4d7ae	d484e304deef0300afbeac6ca4249abf	1920	856	18820.0	7.0	2692.0	21053.0	True	True	0.9174862960974376	0.9274886888162891
Netflix_SquareAndTimelapse_1920x	Netflix_SquareAndTimelapse_1920x	svtav1	svtav1_20200207_aa07c48_enc-mode0	60	20	0	20832784.0	20832.784	44.69283333333333	48.94683333333333	48.12883333333333	44.674754	48.94053	48.117996	99.91248082842822	6937468.0	115.62446666666666	11029.56	1920	1080	60.0	8	e47587e8cef9662f4cac58612bf9a1b8	41879a871fd15d85598b9012531380a5	1920	1080	12783.0	6.0	3631.0	25426.0	True	True	0.9992003490527471	0.9979803852081743
Netflix_SquareAndTimelapse_1920x	Netflix_SquareAndTimelapse_1920x	svtav1	svtav1_20200207_aa07c48_enc-mode0	60	32	0	11536632.0	11536.632	42.178999999999995	47.15433333333333	46.11433333333334	42.155125	47.14428	46.100044	99.88464005005675	6911412.0	115.1902	10967.33	1920	1080	60.0	8	a56de41cd034aa4d53563a18dfde968a	9575b2aeb08fd3f8625b0f08a42845b7	1920	1080	12980.0	4.0	3288.0	26295.0	True	True	0.9983463873465855	0.996249286803217
Netflix_SquareAndTimelapse_1920x	Netflix_SquareAndTimelapse_1920x	svtav1	svtav1_20200207_aa07c48_enc-mode0	60	43	0	6381872.0	6381.872	39.359833333333334	45.23083333333332	43.970333333333315	39.315064	45.21882	43.954082	98.65058335352003	5026811.0	83.78018333333333	7897.8	1920	1080	60.0	8	fb7b18cd1e340ab291f10b582a95e531	ec438d4d9d77b59e685319ec14dd4bfb	1920	1080	12849.0	4.0	2402.0	23532.0	True	True	0.996199432015419	0.9925087366180573
Netflix_SquareAndTimelapse_1920x	Netflix_SquareAndTimelapse_1920x	svtav1	svtav1_20200207_aa07c48_enc-mode0	60	55	0	2867960.0	2867.96	35.396666666666654	42.14666666666666	40.740999999999985	35.359301	42.136533	40.727725	87.95579711410124	3478688.0	57.97813333333333	5537.4	1920	1080	60.0	8	907fa1e5bb263c984303db779c69d280	100f9f78c408a1e7ce82ca4ddab0c74e	1920	1080	12341.0	17.0	2071.0	24463.0	True	True	0.9876691828171412	0.9800723144903257
Netflix_SquareAndTimelapse_1920x	Netflix_SquareAndTimelapse_1920x	svtav1	svtav1_20200207_aa07c48_enc-mode0	60	59	0	1896464.0	1896.464	33.323	40.2645	38.889833333333335	33.302852	40.261607	38.885314	78.71057668015713	3260256.0	54.3376	4988.36	1920	1080	60.0	8	7336f5dade272d9e287b73c7d3269caa	a7d0da9c709b6fcfb85ef632fce2ec33	1920	1080	13312.0	21.0	2052.0	26053.0	True	True	0.9773980359236399	0.9668409555250661
Netflix_TunnelFlag_1920x1080_60f	Netflix_TunnelFlag_1920x1080_60f	svtav1	svtav1_20200207_aa07c48_enc-mode0	60	20	0	28430744.0	28430.744	42.99750000000001	46.89833333333333	48.40033333333335	42.963083	46.888862	48.395903	99.94508272453247	8178070.0	136.30116666666666	12557.62	1920	1080	60.0	8	8eb7d7410ed841cfac40ac1de7c0b06e	c6108ebfc599f1b0aa9cc88f57bf10ee	1920	1080	13347.0	4.0	4489.0	29471.0	True	True	0.9986928870280584	0.9966645149210561
Netflix_TunnelFlag_1920x1080_60f	Netflix_TunnelFlag_1920x1080_60f	svtav1	svtav1_20200207_aa07c48_enc-mode0	60	32	0	14032616.0	14032.616	40.62666666666666	45.31016666666666	47.135499999999986	40.587698	45.30585	47.131691	99.91898509848846	7013303.0	116.88838333333334	11627.55	1920	1080	60.0	8	31671adbee6fe29db5ee5a99de898d87	b1c05023e2cc56c3073e6a3e45a381ad	1920	1080	12296.0	2.0	2670.0	22750.0	True	True	0.9976158797740936	0.9943328852384804
Netflix_TunnelFlag_1920x1080_60f	Netflix_TunnelFlag_1920x1080_60f	svtav1	svtav1_20200207_aa07c48_enc-mode0	60	43	0	6989712.0	6989.712	38.10466666666668	43.38049999999999	45.71000000000001	38.051314	43.378182	45.705114	99.88766396719757	5850709.0	97.51181666666666	9497.94	1920	1080	60.0	8	76a00e5f1050985c811a610327216a3c	cd4b40434533ba1f2b1ece66a1ae336e	1920	1080	13510.0	10.0	2869.0	26486.0	True	True	0.9953311214844386	0.9902008785776626
Netflix_TunnelFlag_1920x1080_60f	Netflix_TunnelFlag_1920x1080_60f	svtav1	svtav1_20200207_aa07c48_enc-mode0	60	55	0	3243992.0	3243.992	35.12483333333333	40.483	43.2355	35.092932	40.481501	43.231946	99.79052958662538	4462975.0	74.38291666666667	6864.71	1920	1080	60.0	8	b4d8efb623d6e56e2603cebf96a11651	24567d9d3b204d4bdb4feebedb9f309b	1920	1080	13523.0	4.0	2423.0	26845.0	True	True	0.9908059020837148	0.9835958083983917
Netflix_TunnelFlag_1920x1080_60f	Netflix_TunnelFlag_1920x1080_60f	svtav1	svtav1_20200207_aa07c48_enc-mode0	60	59	0	2395440.0	2395.44	33.719166666666666	39.357	41.859833333333334	33.698496	39.355992	41.856988	99.66651295437077	4091589.0	68.19315	6050.64	1920	1080	60.0	8	5f28db493beeb8a7d2486cd5378d552e	ca67a30b69deadab69186cdfe4911690	1920	1080	13325.0	4.0	2493.0	25597.0	True	True	0.9875905712445577	0.979640872334399
rush_hour_1080p25_60f	rush_hour_1080p25_60f	svtav1	svtav1_20200207_aa07c48_enc-mode0	60	20	0	5661303.0	5661.303	43.14133333333334	46.8895	48.886833333333335	43.139679	46.885915	48.882329	97.33130189793415	5780931.0	96.34885	9400.18	1920	1080	25.0	8	36f0b0dd88287d8094f1bafc4c1ae1ba	fb39269ece22340ada7bfbf2440102f1	1920	1080	13245.0	3.0	3368.0	25010.0	True	True	0.9965835531552633	0.9926298465276162
rush_hour_1080p25_60f	rush_hour_1080p25_60f	svtav1	svtav1_20200207_aa07c48_enc-mode0	60	32	0	2621636.0	2621.636	42.23216666666666	45.886166666666675	47.63499999999999	42.228716	45.883945	47.6305	93.59555968514093	5922119.0	98.70198333333333	9247.21	1920	1080	25.0	8	f77e3bfa0f2f29311722058f6db8401f	fcb865c6406e38d29198d47ae3183c74	1920	1080	11186.0	6.0	2768.0	26881.0	True	True	0.9943944811820984	0.9904972876143237
rush_hour_1080p25_60f	rush_hour_1080p25_60f	svtav1	svtav1_20200207_aa07c48_enc-mode0	60	43	0	1248073.0	1248.073	40.856999999999985	44.72333333333334	46.20766666666667	40.839459	44.720329	46.197952	86.29812188349351	4382038.0	73.03396666666667	6951.76	1920	1080	25.0	8	5f7bdb4e651d7a7165bbb4eef13983b5	bb9437e01d42b5df3064956e364ab3d1	1920	1080	11668.0	7.0	2271.0	24809.0	True	True	0.9902965039014816	0.9868319161162523
rush_hour_1080p25_60f	rush_hour_1080p25_60f	svtav1	svtav1_20200207_aa07c48_enc-mode0	60	55	0	545733.0	545.733	38.68183333333334	43.075166666666654	44.20966666666664	38.645924	43.068567	44.194219	73.41345562564378	3350361.0	55.83935	4975.77	1920	1080	25.0	8	887926165b2c385a0c31b7a812bc5adb	c669bae65b941d4a52bc447c20edb8f2	1920	1080	10005.0	5.0	1953.0	28917.0	True	True	0.9810066302617391	0.9789515617759265
rush_hour_1080p25_60f	rush_hour_1080p25_60f	svtav1	svtav1_20200207_aa07c48_enc-mode0	60	59	0	371053.0	371.053	37.45766666666667	41.97999999999998	42.96083333333332	37.422755	41.97531	42.944603	65.69028792058691	3055334.0	50.92223333333333	4813.19	1920	1080	25.0	8	c2ff3148e172f60cff8713735d38b4bf	fc4306491ce226951dba4b8e86c2788a	1920	1080	11420.0	4.0	1690.0	25404.0	True	True	0.9733410855134328	0.9726146200142934
life_1080p30_60f	life_1080p30_60f	svtav1	svtav1_20200207_aa07c48_enc-mode0	60	20	0	12617396.0	12617.396	44.481833333333334	49.596666666666685	49.179999999999986	44.470416	49.588161	49.171749	99.51766472494565	6727562.0	112.12603333333334	10667.26	1920	1080	30.0	8	5256a22da4de513f77649cf346da0ff5	69c207ea5f032f013d7a0dcf3247f05b	1920	1080	13207.0	5.0	3984.0	25263.0	True	True	0.9991807540257772	0.9978951432174296
life_1080p30_60f	life_1080p30_60f	svtav1	svtav1_20200207_aa07c48_enc-mode0	60	32	0	5948420.0	5948.42	41.59616666666667	47.444000000000024	47.125833333333325	41.576816	47.431491	47.117356	97.84705731679472	5536999.0	92.28331666666666	9385.89	1920	1080	30.0	8	86d3ca3adb65efea93e5ce23a7a2001b	5298cf16c51a0e68b835ecc41d232ada	1920	1080	13103.0	3.0	2791.0	23563.0	True	True	0.9984654386838278	0.9962859341466114
life_1080p30_60f	life_1080p30_60f	svtav1	svtav1_20200207_aa07c48_enc-mode0	60	43	0	2914576.0	2914.576	38.798	45.417500000000004	45.22666666666668	38.770851	45.395955	45.211018	94.5938953530574	4777108.0	79.61846666666666	7785.3	1920	1080	30.0	8	26be95133b593ac34fe74a6a054226ad	92981e774b7e218480f4889c3c0c339b	1920	1080	13810.0	4.0	2682.0	26028.0	True	True	0.9967209508021673	0.9927371700031807
life_1080p30_60f	life_1080p30_60f	svtav1	svtav1_20200207_aa07c48_enc-mode0	60	55	0	1166208.0	1166.208	35.077666666666666	42.42400000000002	42.21783333333331	35.06162	42.408458	42.203249	87.02893858700664	3472688.0	57.87813333333333	5375.78	1920	1080	30.0	8	287bfea0882ad0782d8202550f209f62	bd030ad120373995408b4b4bfe4590bd	1920	1080	12773.0	4.0	2119.0	25693.0	True	True	0.9893232852220535	0.9786895896927779
life_1080p30_60f	life_1080p30_60f	svtav1	svtav1_20200207_aa07c48_enc-mode0	60	59	0	744004.0	744.004	33.43266666666667	40.95966666666667	40.627166666666675	33.423066	40.950696	40.620610000000006	80.84789391257634	3209143.0	53.48571666666667	4948.86	1920	1080	30.0	8	799c0977b3a0f6dcf4dfef07e362e84e	41146a85e9a5060214c7fb57b6f45c1e	1920	1080	12918.0	5.0	1990.0	26397.0	True	True	0.9793952892223994	0.9631113849662974
touchdown_pass_1080p_60f	touchdown_pass_1080p_60f	svtav1	svtav1_20200207_aa07c48_enc-mode0	60	20	0	20088746.0	20088.746	40.68216666666667	48.09600000000001	48.23949999999999	40.641514	48.087461	48.230627	96.43171297344446	8422016.0	140.36693333333332	13728.17	1920	1080	29.97	8	4d401e88a0580ba96b8f9ea676eec53e	51df685497e1692194304fc71f27e17c	1920	1080	13756.0	3.0	5935.0	25835.0	True	True	0.9959159076213837	0.9911121229165869
touchdown_pass_1080p_60f	touchdown_pass_1080p_60f	svtav1	svtav1_20200207_aa07c48_enc-mode0	60	32	0	4757836.0	4757.836	38.71899999999999	47.354833333333325	47.48049999999999	38.701401	47.348187	47.47362	94.34454762786706	5837604.0	97.2934	9260.92	1920	1080	29.97	8	2b4d70a77e8f75229249279a3f3564fe	ece29e3957a4d878e97f6b348dbf6eb9	1920	1080	13621.0	6.0	2724.0	29432.0	True	True	0.9939259648323059	0.9868413366012284
touchdown_pass_1080p_60f	touchdown_pass_1080p_60f	svtav1	svtav1_20200207_aa07c48_enc-mode0	60	43	0	2077133.0	2077.133	37.48066666666667	46.39433333333333	46.451999999999984	37.45841	46.389283	46.446612	91.45035545312447	3988067.0	66.46778333333333	6216.22	1920	1080	29.97	8	a491a77d694cb3e9aac6d0007a0c4e31	394f7b16b267042c37263d3d3889f9a1	1920	1080	13534.0	4.0	1997.0	27638.0	True	True	0.9914588282505671	0.9824399961357688
touchdown_pass_1080p_60f	touchdown_pass_1080p_60f	svtav1	svtav1_20200207_aa07c48_enc-mode0	60	55	0	824338.0	824.338	35.05633333333333	44.43233333333335	44.488166666666665	35.030746	44.429695	44.482611	82.01006597729925	2446157.0	40.769283333333334	4036.06	1920	1080	29.97	8	0e8cc2ed627706c148b05685bfa6b15f	10d5c23989c018c01b83937929d6c9c8	1920	1080	12348.0	4.0	1430.0	24334.0	True	True	0.9790485948324203	0.963342030672438
touchdown_pass_1080p_60f	touchdown_pass_1080p_60f	svtav1	svtav1_20200207_aa07c48_enc-mode0	60	59	0	503457.0	503.457	33.3865	43.309999999999995	43.41833333333332	33.360322	43.309088	43.414973	72.25467648736713	2274333.0	37.90555	3701.74	1920	1080	29.97	8	fb8aa12c4b46b92f28cfb1dd29236544	07838e9a0ee8025f44aa21a252782469	1920	1080	12798.0	3.0	1362.0	24076.0	True	True	0.9543592403332393	0.934125114518903
ducks_take_off_1080p50_60f	ducks_take_off_1080p50_60f	svtav1	svtav1_20200207_aa07c48_enc-mode0	60	20	0	116665933.0	116665.933	39.126	39.14650000000001	41.29633333333335	39.094518	39.108534	41.267219	98.98801833701717	13970429.0	232.84048333333334	21424.38	1920	1080	50.0	8	499a47ad19265bf1ddeebfc1ae137a64	02fd84645eb69f28b134b39c30724389	1920	1080	16513.0	8.0	10418.0	26368.0	True	True	0.998949326078097	0.9961576894339668
ducks_take_off_1080p50_60f	ducks_take_off_1080p50_60f	svtav1	svtav1_20200207_aa07c48_enc-mode0	60	32	0	32710066.0	32710.066	35.242000000000004	36.892166666666675	39.85166666666667	35.209021	36.86489199999999	39.834972	93.90627166890096	11654059.0	194.23431666666667	18598.67	1920	1080	50.0	8	f454d988776691e772a6a7475f846aa1	1ae256cf8b4aa29dc35c95c18403ce38	1920	1080	16356.0	5.0	5178.0	27702.0	True	True	0.9967953403790791	0.9903397266921533
ducks_take_off_1080p50_60f	ducks_take_off_1080p50_60f	svtav1	svtav1_20200207_aa07c48_enc-mode0	60	43	0	10684786.0	10684.786	33.10666666666667	34.99966666666666	38.472666666666676	33.079161	34.954817	38.459797	84.9098980839222	6937813.0	115.63021666666667	10914.17	1920	1080	50.0	8	7d53cb7c23a7b615bf760d407acd874e	382332c43e4b2a51487e78862bdc4efc	1920	1080	16907.0	4.0	3262.0	28265.0	True	True	0.9912865628798803	0.981822012774784
ducks_take_off_1080p50_60f	ducks_take_off_1080p50_60f	svtav1	svtav1_20200207_aa07c48_enc-mode0	60	55	0	3717473.0	3717.473	30.533333333333324	32.95683333333333	37.18499999999998	30.496009	32.911592	37.179283000000005	67.63921389826696	4128819.0	68.81365	6217.83	1920	1080	50.0	8	9bf2fe8bef12d15a40c646777a088343	bdae105eb5e000ec087b90715d43da64	1920	1080	16130.0	3.0	2194.0	24002.0	True	True	0.974734612305959	0.961199547809094
ducks_take_off_1080p50_60f	ducks_take_off_1080p50_60f	svtav1	svtav1_20200207_aa07c48_enc-mode0	60	59	0	2398213.0	2398.213	29.35183333333333	32.06533333333333	36.54133333333335	29.312932	32.028624	36.538894	58.21219048455584	3508759.0	58.47931666666667	5442.9	1920	1080	50.0	8	a9460fc3c42257a82f7b87b5eeb5f19f	f0476bdb005ea1225ace3aee6e23274d	1920	1080	16055.0	3.0	1871.0	25712.0	True	True	0.9612988442182541	0.9459776939034051
ToddlerFountn_1920x1080_2997_10b	ToddlerFountn_1920x1080_2997_10b	svtav1	svtav1_20200207_aa07c48_enc-mode0	60	20	0	58716301.0	58716.301	41.478333333333346	46.442666666666675	43.92050000000001	41.3865	46.425389	43.884202	99.91773707381911	15122059.0	252.03431666666665	23543.35	1920	1080	29.97	10	02ae90a5a7e1366c8771a1b645f2727d	ab730f8fe79d496a756b85b4e32318ce	1920	1080	24331.0	6.0	10532.0	27747.0	True	True	0.9979787776867549	0.9954793012158948
ToddlerFountn_1920x1080_2997_10b	ToddlerFountn_1920x1080_2997_10b	svtav1	svtav1_20200207_aa07c48_enc-mode0	60	32	0	29153032.0	29153.032	37.225500000000004	44.99333333333334	41.97849999999999	37.123691	44.984345	41.956945	99.8762439661937	16574297.0	276.23828333333336	26130.37	1920	1080	29.97	10	f023d9309f2548254ede5aa718a91a35	5d04fbe7711cc9b7968f289b3504e944	1920	1080	23741.0	5.0	7714.0	26111.0	True	True	0.9935636599858602	0.9871995971344008
ToddlerFountn_1920x1080_2997_10b	ToddlerFountn_1920x1080_2997_10b	svtav1	svtav1_20200207_aa07c48_enc-mode0	60	43	0	12706347.0	12706.347	33.459500000000006	43.481500000000004	40.462	33.37086	43.475118	40.452499	89.95128927000299	10270301.0	171.17168333333333	17433.65	1920	1080	29.97	10	89f96864c004a2008c9383b198dd0cff	515ac763da047f64df0df557b2acda96	1920	1080	21659.0	3.0	4923.0	22962.0	True	True	0.979983585079511	0.9663912829111407
ToddlerFountn_1920x1080_2997_10b	ToddlerFountn_1920x1080_2997_10b	svtav1	svtav1_20200207_aa07c48_enc-mode0	60	55	0	4523752.0	4523.7519999999995	30.02433333333334	41.75233333333335	39.19783333333333	29.972534	41.751226	39.195105	66.6491992029411	7184536.0	119.74226666666667	12193.57	1920	1080	29.97	10	e0bec94a1091f8eedea06d27c00be78a	ff48004ae0a0d28677a6df75b78d96f3	1920	1080	21174.0	5.0	4215.0	24393.0	True	True	0.9389056394497554	0.9175725747483985
ToddlerFountn_1920x1080_2997_10b	ToddlerFountn_1920x1080_2997_10b	svtav1	svtav1_20200207_aa07c48_enc-mode0	60	59	0	2835304.0	2835.3039999999996	28.803	41.068333333333314	38.778	28.763045	41.066526	38.776403	55.12883384621394	6857194.0	114.28656666666667	10716.24	1920	1080	29.97	10	1835a9a747d7e129239a09adad4c7077	910a749e17821b2a15afde97f6d13125	1920	1080	22166.0	5.0	4133.0	25216.0	True	True	0.9103668540716171	0.8885536164768928
wikipedia_420	wikipedia_420	svtav1	svtav1_20200207_aa07c48_enc-mode0	60	20	0	1634936.0	1634.936	55.46266666666667	52.663999999999994	53.56983333333332	55.450478	52.502401	53.507843	99.83904475283971	6502300.0	108.37166666666667	7775.92	1920	1080	30.0	8	c5588762c31b66d5fa6300f2909acf87	6a7a4c36dbe15b75d2a0ee124396c0b5	1920	1080	9665.0	5.0	1037.0	24140.0	True	True	0.9993951241175334	0.9991397458734655
wikipedia_420	wikipedia_420	svtav1	svtav1_20200207_aa07c48_enc-mode0	60	32	0	929416.0	929.416	51.21283333333334	50.68283333333332	51.9135	51.203543	50.532539	51.857282000000005	99.82639666842287	5498351.0	91.63918333333334	8004.46	1920	1080	30.0	8	59178d3b3ae9407e399bc324497386f0	d35e6cce8d0daf1fb4be760bf442482d	1920	1080	9419.0	4.0	679.0	22584.0	True	True	0.9990418036778768	0.9984499390162379
wikipedia_420	wikipedia_420	svtav1	svtav1_20200207_aa07c48_enc-mode0	60	43	0	627360.0	627.36	48.66716666666666	48.66583333333333	50.01266666666666	48.651129	48.553285	49.96618	99.7894861196035	5134917.0	85.58195	7806.66	1920	1080	30.0	8	b4c477b59239ec45eb458e793e37e5c2	920961806b1b98933d43fbffc49f8e57	1920	1080	8893.0	5.0	810.0	24132.0	True	True	0.9986886580785116	0.9979416122441394
wikipedia_420	wikipedia_420	svtav1	svtav1_20200207_aa07c48_enc-mode0	60	55	0	421900.0	421.9	44.10833333333333	45.681999999999995	47.142166666666654	44.089397	45.640165	47.117556	99.57875838637327	6103205.0	101.72008333333333	8689.11	1920	1080	30.0	8	b82e8fac0a76f306f1c2717910478276	e607ce8f6a80555d486a01c2c732b6a2	1920	1080	9188.0	7.0	921.0	25288.0	True	True	0.998040838042895	0.9972142274657276
wikipedia_420	wikipedia_420	svtav1	svtav1_20200207_aa07c48_enc-mode0	60	59	0	336664.0	336.664	41.03083333333334	43.6065	45.07133333333333	41.013182	43.563319	45.042568	99.31562819296983	6067584.0	101.1264	8463.84	1920	1080	30.0	8	f4a6f8c35099752462c2319a5060b9f0	12301dd35a39f0371d55b10009b8db12	1920	1080	8934.0	6.0	875.0	25662.0	True	True	0.9970040450493495	0.9961486815794073
MINECRAFT_60f_420	MINECRAFT_60f_420	svtav1	svtav1_20200207_aa07c48_enc-mode0	60	20	0	85413592.0	85413.592	43.836666666666666	46.033666666666676	46.6385	43.686123	45.872874	46.514615	99.95108751959188	11110511.0	185.17518333333334	18232.02	1920	1080	60.0	8	30692709a5cfc45954a65085f78687ab	8fd6f855fb239c04a060af0387c92734	1920	1080	12599.0	2.0	8117.0	22900.0	True	True	0.9983644982179006	0.9972794555216746
MINECRAFT_60f_420	MINECRAFT_60f_420	svtav1	svtav1_20200207_aa07c48_enc-mode0	60	32	0	50688408.0	50688.408	39.36683333333335	44.26616666666667	44.768	39.126422	44.147645	44.681303	99.92557952205014	14308973.0	238.48288333333332	20441.49	1920	1080	60.0	8	bc0150f880783158c5574cee08079574	c2d1720daf8b33bc664c64321e73057d	1920	1080	14251.0	4.0	6835.0	25032.0	True	True	0.9957621057828268	0.9928363153063878
MINECRAFT_60f_420	MINECRAFT_60f_420	svtav1	svtav1_20200207_aa07c48_enc-mode0	60	43	0	23115808.0	23115.808	35.013333333333335	42.623	42.94183333333334	34.73023	42.542403	42.87672	96.70673555973755	10987605.0	183.12675	15824.76	1920	1080	60.0	8	15095529bbb51f978f2640e49a137da9	f8c4b45052458bdc98206acd5029bb91	1920	1080	14653.0	4.0	4486.0	24331.0	True	True	0.9882537653048833	0.9810154884764273
MINECRAFT_60f_420	MINECRAFT_60f_420	svtav1	svtav1_20200207_aa07c48_enc-mode0	60	55	0	8465208.0	8465.208	31.487000000000002	40.49900000000001	40.53483333333336	31.331490999999996	40.460878	40.492906999999995	82.98633489326157	9267981.0	154.46635	13891.88	1920	1080	60.0	8	d9b33c69d831b9f58490358b58c7cc37	210d4c29ac054c6ae331e43f5321dcf5	1920	1080	15618.0	4.0	2963.0	25232.0	True	True	0.9674027880032857	0.9525900044978316
MINECRAFT_60f_420	MINECRAFT_60f_420	svtav1	svtav1_20200207_aa07c48_enc-mode0	60	59	0	5202784.0	5202.784	30.19533333333333	39.43783333333332	38.935833333333335	30.104985	39.414221	38.903171	74.59330247359321	8724233.0	145.40388333333334	12892.5	1920	1080	60.0	8	abf31859d85b65529b8fe39cc943191f	d2428d1d81e1889fc773d290e540e605	1920	1080	15139.0	4.0	2452.0	25534.0	True	True	0.9471017082532247	0.9281288992527776
