KristenAndSara_1280x720_60_10b	KristenAndSara_1280x720_60_10b	svtav1	svtav1_20200715_73793b0_enc-mode0	60	20	0	3082512.0	3082.512	44.888500000000015	49.574666666666666	50.58116666666668	44.88063	49.572809	50.580236	97.07402857866315	1782143.0	29.702383333333334	3125.77	1280	720	60.0	10	6a352942c5c81b7062ee0ceb3bd4f97a	d6790b724df4d1d0024d3c0ac93cee23	1280	720	8301.0	4.0	4316.0	9776.0	False	False	0.9963212867577871	0.9957436332163628
KristenAndSara_1280x720_60_10b	KristenAndSara_1280x720_60_10b	svtav1	svtav1_20200715_73793b0_enc-mode0	60	32	0	1241136.0	1241.136	43.6865	48.77416666666668	49.77416666666667	43.67399	48.76959	49.770596	96.2476925760201	1700597.0	28.343283333333332	2882.82	1280	720	60.0	10	3005066b474564ad4fe5352483efa6eb	7114a20ca64b79083a44b5457c8a5ca8	1280	720	9197.0	5.0	3559.0	10019.0	False	False	0.9951145946979523	0.9946394709240778
KristenAndSara_1280x720_60_10b	KristenAndSara_1280x720_60_10b	svtav1	svtav1_20200715_73793b0_enc-mode0	60	43	0	660624.0	660.624	42.26766666666665	47.58916666666666	48.57899999999999	42.246034	47.58467699999999	48.574555	94.59032479123591	1043937.0	17.39895	1801.1	1280	720	60.0	10	5b8be6b33dd5b539d54bb5a024eb199d	bcfe15cc420847127b748aafa2a54079	1280	720	8062.0	4.0	2996.0	10238.0	False	False	0.9928326686223348	0.9927182068778977
KristenAndSara_1280x720_60_10b	KristenAndSara_1280x720_60_10b	svtav1	svtav1_20200715_73793b0_enc-mode0	60	55	0	299368.0	299.368	39.49566666666668	44.871500000000005	46.11066666666667	39.467199	44.86281900000001	46.104671	89.3419763127255	895443.0	14.92405	1526.22	1280	720	60.0	10	17264c6d1ce4c8dda740c64243d7db16	662e909e779a47c980486b934497377e	1280	720	8262.0	4.0	2521.0	9758.0	False	False	0.9854827642440795	0.9867760780593522
KristenAndSara_1280x720_60_10b	KristenAndSara_1280x720_60_10b	svtav1	svtav1_20200715_73793b0_enc-mode0	60	59	0	192040.0	192.04	37.4715	43.20349999999998	44.21599999999999	37.448142	43.197347	44.208246	83.44232625806764	924166.0	15.402766666666666	1645.22	1280	720	60.0	10	da2b1fe7d8613266aa01e53e34ba1f45	f59ecbe51308483d944ec4c508b88764	1280	720	8524.0	4.0	2354.0	10634.0	False	False	0.9771415243546168	0.9801306330763342
Aerial_1920x1080_2997_10b	Aerial_1920x1080_2997_10b	svtav1	svtav1_20200715_73793b0_enc-mode0	60	20	0	9269742.0	9269.742	43.568999999999996	46.00133333333333	45.32583333333333	43.519779	45.98271	45.30907	96.4170521256915	4767092.0	79.45153333333333	8217.14	1920	1080	29.97	10	b433ccec6e309a0ae3217bd25c00e48e	6743c71b49e97a80822c4ca1dc226838	1920	1080	23811.0	18.0	9517.0	23546.0	False	False	0.9989794502655666	0.9979548041249668
Aerial_1920x1080_2997_10b	Aerial_1920x1080_2997_10b	svtav1	svtav1_20200715_73793b0_enc-mode0	60	32	0	4762314.0	4762.314	41.65316666666665	44.56000000000003	44.094166666666666	41.596988	44.547885	44.086485	95.20267048207833	3933987.0	65.56645	6869.27	1920	1080	29.97	10	882e72ef5043594c06c2d35f23250341	447d3609fe8fd086580004ba060902d4	1920	1080	23946.0	15.0	8291.0	23850.0	False	False	0.9984180261691411	0.9969720864091499
Aerial_1920x1080_2997_10b	Aerial_1920x1080_2997_10b	svtav1	svtav1_20200715_73793b0_enc-mode0	60	43	0	2923041.0	2923.041	39.63766666666667	43.14816666666668	42.98583333333334	39.572637	43.137566	42.98088500000001	93.10574578320977	3129347.0	52.15578333333333	5346.84	1920	1080	29.97	10	24c40cc668ab3567d011b0aeacd949f3	277fb8a316187070542c2d027b4147d0	1920	1080	23983.0	4.0	7069.0	24122.0	False	False	0.9974400043487549	0.9952906806094403
Aerial_1920x1080_2997_10b	Aerial_1920x1080_2997_10b	svtav1	svtav1_20200715_73793b0_enc-mode0	60	55	0	1190881.0	1190.881	35.24683333333334	40.154833333333315	40.755833333333335	35.228607	40.1523	40.755328	85.9981859427584	2608137.0	43.46895	4335.47	1920	1080	29.97	10	c9955b1f654485ece46573e116a6098c	9f5b37141e6c5b97dadc8a87dfa5f993	1920	1080	23736.0	4.0	5987.0	24088.0	False	False	0.99288023908933	0.9871413148914041
Aerial_1920x1080_2997_10b	Aerial_1920x1080_2997_10b	svtav1	svtav1_20200715_73793b0_enc-mode0	60	59	0	610545.0	610.545	32.117666666666665	38.445666666666696	39.61766666666665	32.113435	38.44472600000001	39.617696	76.88140653387593	2120399.0	35.339983333333336	3376.85	1920	1080	29.97	10	c0e42898d33fc8a3ffd2f8aa7a08ff78	fd274ece268498d646e5b018a4f44295	1920	1080	25195.0	5.0	5805.0	23982.0	False	False	0.9841424067815144	0.9712535894766249
DinnerScene_1920x1080_2997_10b	DinnerScene_1920x1080_2997_10b	svtav1	svtav1_20200715_73793b0_enc-mode0	60	20	0	1306501.0	1306.501	41.79849999999999	42.66133333333334	47.532666666666664	41.797327	42.657814	47.532409	91.44483892164719	3583848.0	59.7308	6063.05	1920	1080	29.97	10	20752b3d02832a482da659c7f5ab538c	d8e9b260d429a5e905e86411a565b2d7	1920	1080	21307.0	8.0	17190.0	23211.0	False	False	0.9941546112298966	0.9882373911286028
DinnerScene_1920x1080_2997_10b	DinnerScene_1920x1080_2997_10b	svtav1	svtav1_20200715_73793b0_enc-mode0	60	32	0	263967.0	263.967	41.617	42.28666666666663	47.36816666666668	41.616134	42.286122	47.36855	89.63065714828659	3157082.0	52.61803333333334	5145.61	1920	1080	29.97	10	9a4958b9c534e6726a1c57c3493de749	be2bd026fa0e0d3a586383c5a1e65f5c	1920	1080	20784.0	4.0	9632.0	23938.0	False	False	0.9933972815672557	0.9874836974292295
DinnerScene_1920x1080_2997_10b	DinnerScene_1920x1080_2997_10b	svtav1	svtav1_20200715_73793b0_enc-mode0	60	43	0	138739.0	138.739	41.34733333333332	42.19816666666668	47.14050000000002	41.347167	42.198003	47.139631	86.31689262721547	1995167.0	33.25278333333333	3321.73	1920	1080	29.97	10	ee5f48425f3dd3a293073735e36e2896	eab628a5775c4ca3968fbaf6865645b8	1920	1080	21450.0	4.0	7636.0	23962.0	False	False	0.9924299905697505	0.9865286149177296
DinnerScene_1920x1080_2997_10b	DinnerScene_1920x1080_2997_10b	svtav1	svtav1_20200715_73793b0_enc-mode0	60	55	0	65493.0	65.493	40.567666666666675	41.90533333333334	46.558333333333316	40.562463	41.90504	46.556866	77.7782704748413	1918179.0	31.96965	3107.3	1920	1080	29.97	10	7ec07529721dd6aae85d945ea2ba7dac	df6868ddfed71e8af492eadbf0ea0d17	1920	1080	20264.0	3.0	8471.0	23907.0	False	False	0.988830120364825	0.9832623583503841
DinnerScene_1920x1080_2997_10b	DinnerScene_1920x1080_2997_10b	svtav1	svtav1_20200715_73793b0_enc-mode0	60	59	0	46887.0	46.88700000000001	39.821000000000005	41.549166666666665	45.887499999999996	39.809333	41.548805	45.883602	68.88319480738633	1744293.0	29.07155	2852.05	1920	1080	29.97	10	8689b936b0b228c4c8a38982e8f71e8b	2874386967551822d327c637af34b3b9	1920	1080	20493.0	3.0	8139.0	24210.0	False	False	0.9848647713661194	0.9797586093387846
RollerCoastPas_1920x1080_2997_10	RollerCoastPas_1920x1080_2997_10	svtav1	svtav1_20200715_73793b0_enc-mode0	60	20	0	2983313.0	2983.313	45.10216666666667	45.31733333333334	43.86050000000001	45.099513	45.317186	43.857918	97.10720821978954	2569290.0	42.8215	4611.71	1920	1080	29.97	10	264858e9ad35097116df17588965e3ff	d8e3d985643ad704910ce3615768698f	1920	1080	21261.0	4.0	6013.0	23265.0	False	False	0.9986574778954188	0.9969278535301463
RollerCoastPas_1920x1080_2997_10	RollerCoastPas_1920x1080_2997_10	svtav1	svtav1_20200715_73793b0_enc-mode0	60	32	0	1348091.0	1348.091	43.95500000000002	44.612499999999976	43.09499999999998	43.951862	44.611906	43.094772	96.33908700670712	2797412.0	46.623533333333334	4558.37	1920	1080	29.97	10	6dc5facf685bea8bd1bee751cf3c8d53	af6dd8387bb75c716f23c2644a287bbb	1920	1080	21629.0	16.0	4877.0	24261.0	False	False	0.9981217424074809	0.9960299926736007
RollerCoastPas_1920x1080_2997_10	RollerCoastPas_1920x1080_2997_10	svtav1	svtav1_20200715_73793b0_enc-mode0	60	43	0	789922.0	789.922	42.451333333333324	43.726500000000016	42.35766666666665	42.442494	43.725421	42.356661	94.83783121134553	2197756.0	36.629266666666666	3648.92	1920	1080	29.97	10	1e3404645fc1e01d59ba89daf853cf8c	e5ba3fe2603420be78e8e61a3e9aacff	1920	1080	20637.0	5.0	4642.0	24216.0	False	False	0.9970484515031178	0.9944090985273218
RollerCoastPas_1920x1080_2997_10	RollerCoastPas_1920x1080_2997_10	svtav1	svtav1_20200715_73793b0_enc-mode0	60	55	0	338607.0	338.607	39.117999999999974	41.41166666666667	40.22450000000001	39.1028	41.410269	40.222523	89.60909812212012	1639422.0	27.3237	2689.0	1920	1080	29.97	10	1e8f33046cd395fb97d67750fb30b672	5fd6adbcc20a82056f552373129348cd	1920	1080	22053.0	5.0	4331.0	24193.0	False	False	0.9923987527688344	0.9882054548335945
RollerCoastPas_1920x1080_2997_10	RollerCoastPas_1920x1080_2997_10	svtav1	svtav1_20200715_73793b0_enc-mode0	60	59	0	198636.0	198.636	36.47816666666667	39.443333333333335	38.40249999999999	36.46519	39.441855	38.400655	81.90708931660195	1583196.0	26.3866	2364.6	1920	1080	29.97	10	898cdb92ab0b094cc90333ec4871d73e	718be7adfbeb505c9392946f71fef2ec	1920	1080	21574.0	4.0	3914.0	25704.0	False	False	0.9843965530395508	0.9785462893650543
Starting_1920x1080p_50_10b_pq_70	Starting_1920x1080p_50_10b_pq_70	svtav1	svtav1_20200715_73793b0_enc-mode0	60	20	0	4164486.0	4164.486	46.800333333333356	49.67150000000001	51.34399999999998	46.749108	49.616351	51.267728	96.71415033735502	2788455.0	46.47425	4319.72	1920	1080	50.0	10	db01ffbf5b7c6f775678bc0147c3cc71	c6c026af8f2ca43a1574f251ccd1cb2f	1920	1080	18420.0	5.0	8611.0	23942.0	False	False	0.9991742114226023	0.998076849867218
Starting_1920x1080p_50_10b_pq_70	Starting_1920x1080p_50_10b_pq_70	svtav1	svtav1_20200715_73793b0_enc-mode0	60	32	0	2199546.0	2199.546	45.320666666666675	48.5535	49.85600000000001	45.253001	48.519457	49.813946	95.52056559422161	2346584.0	39.10973333333333	3710.87	1920	1080	50.0	10	5e681f78debaa694d46e860f552db8d7	dc0942256d14d77b97bbab826d3cb9ed	1920	1080	19018.0	8.0	7594.0	23548.0	False	False	0.9986712714036305	0.9973310513603458
Starting_1920x1080p_50_10b_pq_70	Starting_1920x1080p_50_10b_pq_70	svtav1	svtav1_20200715_73793b0_enc-mode0	60	43	0	1290533.0	1290.533	43.46883333333334	47.325	48.195499999999996	43.379527	47.314792	48.184131	93.41802421793643	1791514.0	29.85856666666667	2993.83	1920	1080	50.0	10	427b1f3e7c39a011973d533aca147ae0	c46a9c6a7075c66c1602aa50d1df187b	1920	1080	17424.0	4.0	6571.0	23564.0	False	False	0.9977573523918788	0.9960828084070626
Starting_1920x1080p_50_10b_pq_70	Starting_1920x1080p_50_10b_pq_70	svtav1	svtav1_20200715_73793b0_enc-mode0	60	55	0	549186.0	549.186	39.6155	44.824166666666656	45.14233333333333	39.568669	44.823192	45.141809	86.24772458212591	1554452.0	25.907533333333333	2455.39	1920	1080	50.0	10	85a1d95371622eaee8283315de6a6c3b	80a2238a763354bbfa69e5a7981d1342	1920	1080	19187.0	4.0	6689.0	23849.0	False	False	0.9937731315692265	0.9907538012946424
Starting_1920x1080p_50_10b_pq_70	Starting_1920x1080p_50_10b_pq_70	svtav1	svtav1_20200715_73793b0_enc-mode0	60	59	0	299160.0	299.16	36.64149999999998	43.04150000000001	43.248999999999995	36.624277	43.041687	43.248967	76.9838104126605	1486245.0	24.77075	2308.61	1920	1080	50.0	10	f75455df2ecdf553e60a0575280b0184	2a096b7442a95d413f9f7b23469379b9	1920	1080	18132.0	2.0	6492.0	24225.0	False	False	0.9866780201594035	0.9814998695191542
KristenAndSara_1280x720_60f	KristenAndSara_1280x720_60f	svtav1	svtav1_20200715_73793b0_enc-mode0	60	20	0	3046512.0	3046.512	44.581	48.956666666666656	49.86616666666668	44.574579	48.95413	49.863994	96.91848641434993	1914175.0	31.902916666666666	3400.71	1280	720	60.0	8	932b0671af95ee8edfdc28407b450f67	16747f49ea0422fa04ea3be14f9f8a69	1280	720	5186.0	6.0	4824.0	10088.0	False	False	0.9959733913342158	0.9954249835126652
KristenAndSara_1280x720_60f	KristenAndSara_1280x720_60f	svtav1	svtav1_20200715_73793b0_enc-mode0	60	32	0	1309904.0	1309.904	43.523999999999994	48.31833333333334	49.20933333333335	43.511394	48.31511	49.206522	96.08347040239929	1473732.0	24.5622	2482.23	1280	720	60.0	8	1a3b49cb980b7153a18b973e4d1ff940	04811502728be1e709dd4d0c7d815805	1280	720	5116.0	4.0	3460.0	10376.0	False	False	0.9948032855987549	0.994365397063134
KristenAndSara_1280x720_60f	KristenAndSara_1280x720_60f	svtav1	svtav1_20200715_73793b0_enc-mode0	60	43	0	674704.0	674.704	42.11683333333334	47.21716666666667	48.09933333333333	42.095496	47.212824	48.095233	94.45116038333147	957141.0	15.95235	1591.21	1280	720	60.0	8	b4bad55f2e63be63580013b6af342340	f52bbdae17f8441abd14375fd7e3aa68	1280	720	5131.0	2.0	2867.0	10077.0	False	False	0.9924586762984594	0.992384390282627
KristenAndSara_1280x720_60f	KristenAndSara_1280x720_60f	svtav1	svtav1_20200715_73793b0_enc-mode0	60	55	0	298144.0	298.144	39.349999999999994	44.763000000000005	45.80033333333335	39.320559	44.755074	45.794054	89.12566575315013	761233.0	12.687216666666666	1264.76	1280	720	60.0	8	088c96f3990e75419c0532b17fd3ff13	0a420c6e7cc15610ac1a5ccea99a3400	1280	720	5588.0	4.0	2615.0	10730.0	False	False	0.9848351756731669	0.986226209604849
KristenAndSara_1280x720_60f	KristenAndSara_1280x720_60f	svtav1	svtav1_20200715_73793b0_enc-mode0	60	59	0	196072.0	196.072	37.47633333333336	43.08050000000001	44.21633333333333	37.456293	43.075146	44.211097	83.69055026413226	647273.0	10.787883333333333	1095.53	1280	720	60.0	8	a33ce4d7f4dba85f75daedc883c098c0	b505017b004e074c8d158ee733ea9fa9	1280	720	5551.0	20.0	2191.0	10236.0	False	False	0.977309716741244	0.9802151306742183
blue_sky_360p_60f	blue_sky_360p_60f	svtav1	svtav1_20200715_73793b0_enc-mode0	60	20	0	1282573.0	1282.573	44.46433333333335	45.52233333333333	47.276833333333336	44.355948	45.436122	47.214571	99.95579593850776	738805.0	12.313416666666667	1314.09	640	360	25.0	8	0ac361af4d03fd92e9e0a052e3680d6a	9612633ea62505e748bdd1f897c5a97a	640	360	1861.0	14.0	2169.0	3035.0	False	False	0.9929299165805181	0.9986144006627521
blue_sky_360p_60f	blue_sky_360p_60f	svtav1	svtav1_20200715_73793b0_enc-mode0	60	32	0	643326.0	643.3259999999999	41.465333333333334	43.33949999999998	45.01900000000002	41.324202	43.23646	44.944543	99.93594858057811	767454.0	12.7909	1311.63	640	360	25.0	8	481e6cc2c08bf50cf6907bd6e4efa2d1	68149e505e048af6769e8fc7a65c12eb	640	360	1866.0	3.0	1900.0	5306.0	False	False	0.9897042115529379	0.9978611710173485
blue_sky_360p_60f	blue_sky_360p_60f	svtav1	svtav1_20200715_73793b0_enc-mode0	60	43	0	348573.0	348.573	38.7085	40.96300000000001	42.73716666666667	38.515901	40.867321999999994	42.681895000000004	99.42912753821774	627036.0	10.4506	1026.05	640	360	25.0	8	0e31570ac261cf6fca81117697bee756	afac6909b14c152192607fa9aa82b6d5	640	360	1799.0	16.0	1835.0	3152.0	False	False	0.9843320419390996	0.9964838501276871
blue_sky_360p_60f	blue_sky_360p_60f	svtav1	svtav1_20200715_73793b0_enc-mode0	60	55	0	152080.0	152.08	34.86716666666667	37.158500000000004	39.370333333333335	34.746326	37.116064	39.349186	92.57869762586054	439593.0	7.32655	800.78	640	360	25.0	8	29ee3556ead4c6dda3ca6daaffca479f	8ca9f0990ed1b3d4ab0b8b873403457a	640	360	1852.0	4.0	1579.0	3515.0	False	False	0.9680296341578166	0.9921658787324527
blue_sky_360p_60f	blue_sky_360p_60f	svtav1	svtav1_20200715_73793b0_enc-mode0	60	59	0	95796.0	95.796	32.46766666666666	35.539999999999985	38.26483333333333	32.407982	35.523427	38.251557	85.75473880125244	380781.0	6.34635	683.65	640	360	25.0	8	2bc324a7cd850789f083b9daf6e2e726	a4225612efdbeb10128c6f7d2e652421	640	360	1971.0	13.0	1618.0	3444.0	False	False	0.9499739329020183	0.9869975462088907
gipsrestat720p_60f	gipsrestat720p_60f	svtav1	svtav1_20200715_73793b0_enc-mode0	60	20	0	3268006.0	3268.006	44.817	47.39216666666666	49.0055	44.798757	47.386917	49.001621	96.94885902965704	1882213.0	31.370216666666668	3303.03	1280	720	50.0	8	c8731a14cd8c287637445fc6bc831872	40b7581cb584c0adccadfb03d1e9783c	1280	720	5511.0	3.0	3752.0	10355.0	False	False	0.9976049602031708	0.9969432020621538
gipsrestat720p_60f	gipsrestat720p_60f	svtav1	svtav1_20200715_73793b0_enc-mode0	60	32	0	1290266.0	1290.266	43.26466666666666	46.83166666666666	48.3595	43.233379	46.828166	48.355212	95.76244270460748	1447199.0	24.119983333333334	2301.2	1280	720	50.0	8	b72fb975383f3bc21550d7250217e735	013cffd53aacf0c196054b87c72a5bd5	1280	720	5544.0	3.0	2576.0	9711.0	False	False	0.9966428418954213	0.9959733679180592
gipsrestat720p_60f	gipsrestat720p_60f	svtav1	svtav1_20200715_73793b0_enc-mode0	60	43	0	688666.0	688.666	41.67233333333333	46.04433333333334	47.36500000000001	41.619876	46.041563	47.360817	93.93181243307211	800124.0	13.3354	1456.29	1280	720	50.0	8	e864094b81a094af0b992eebc4102188	09ac48a8b84523a8e7e3a66a5367ed45	1280	720	5592.0	9.0	2065.0	9994.0	False	False	0.9950223058462143	0.9944776734585332
gipsrestat720p_60f	gipsrestat720p_60f	svtav1	svtav1_20200715_73793b0_enc-mode0	60	55	0	326566.0	326.566	38.88266666666667	44.07533333333335	45.034000000000006	38.846156	44.073066	45.032929	89.30418838359441	779253.0	12.98755	1338.68	1280	720	50.0	8	d4d8f869256cbedcd8188b33a2b83444	a7c5ad93cb08812b7eaa93b1b8153fc7	1280	720	5581.0	4.0	1890.0	9972.0	False	False	0.9891887853542963	0.9894419918967254
gipsrestat720p_60f	gipsrestat720p_60f	svtav1	svtav1_20200715_73793b0_enc-mode0	60	59	0	203180.0	203.18	36.53033333333333	42.20983333333334	42.922	36.518147	42.2086	42.921081	83.54616586304807	621181.0	10.353016666666667	984.99	1280	720	50.0	8	827a6345f1a3f789293692a52dd65d7b	7c9180d608569c1f72ae40de2bf186b8	1280	720	5710.0	5.0	1755.0	9948.0	False	False	0.9810358246167501	0.982509849899266
kirland360p_60f	kirland360p_60f	svtav1	svtav1_20200715_73793b0_enc-mode0	60	20	0	278964.0	278.964	47.389333333333326	48.407999999999994	49.63699999999999	47.30815599999999	48.388399	49.617289	96.01077502370717	429511.0	7.158516666666666	752.56	640	360	30.0	8	69af58f101e7034435e2bd54261fd547	97959ae37b6ebf4f577d24ec64972216	640	360	1455.0	11.0	816.0	3651.0	False	False	0.990932959318161	0.9974089188297043
kirland360p_60f	kirland360p_60f	svtav1	svtav1_20200715_73793b0_enc-mode0	60	32	0	129640.0	129.64	46.01316666666666	47.940000000000005	48.87416666666668	45.873952	47.916201	48.842742	94.72016781237316	436164.0	7.2694	751.05	640	360	30.0	8	cd378ccdd7475eec464d4dc13db53588	a6d1633900ca7a27bfbeb1d668f1efc2	640	360	1304.0	3.0	688.0	2858.0	False	False	0.9896239697933197	0.996939675657753
kirland360p_60f	kirland360p_60f	svtav1	svtav1_20200715_73793b0_enc-mode0	60	43	0	71120.0	71.12000000000002	44.111833333333344	47.22433333333333	47.7075	43.870125	47.180626	47.601173	92.12711184486218	268321.0	4.472016666666667	472.51	640	360	30.0	8	8b81ad5191852dd6f55cb08102b87ac7	6fefd39ee7dbcbe3cdbb80b30e82f031	640	360	1257.0	3.0	489.0	2804.0	False	False	0.987197783589363	0.9960149184857571
kirland360p_60f	kirland360p_60f	svtav1	svtav1_20200715_73793b0_enc-mode0	60	55	0	37360.0	37.36	41.09683333333335	46.108	45.927666666666696	40.755636	45.999808	45.637679	84.57708104578339	234253.0	3.9042166666666667	397.25	640	360	30.0	8	0e7c69f851b6f9b128f5965fa5ee396a	0bffa92c0e75cf466abbfea8d713eb7e	640	360	1287.0	6.0	502.0	2920.0	False	False	0.9808939745028814	0.9936290884359243
kirland360p_60f	kirland360p_60f	svtav1	svtav1_20200715_73793b0_enc-mode0	60	59	0	28260.0	28.26	39.3645	45.32349999999999	45.03266666666666	38.99313300000001	45.148139	44.692243	79.23089133543994	212737.0	3.5456166666666666	391.62	640	360	30.0	8	c3a165e0394b9d13e652a210066ef3b8	f77194e7d3672f17ef00f41a11989e66	640	360	1352.0	3.0	424.0	2793.0	False	False	0.9749141583840052	0.9910985153744972
niklas360p_60f	niklas360p_60f	svtav1	svtav1_20200715_73793b0_enc-mode0	60	20	0	1392232.0	1392.232	44.38200000000001	47.752499999999976	47.43699999999999	44.294944	47.678268	47.349606	98.33722299138716	963560.0	16.059333333333335	1624.56	640	360	30.0	8	53d95d58fdd00c71f2cb2cf64545d1f9	5d8d8c55d09985629568836d1639cdaf	640	360	1750.0	5.0	1951.0	2918.0	False	False	0.9865218957265218	0.9968520884631062
niklas360p_60f	niklas360p_60f	svtav1	svtav1_20200715_73793b0_enc-mode0	60	32	0	764336.0	764.336	41.92383333333335	46.310500000000005	45.78466666666667	41.832448	46.224297	45.685018	96.71406082303928	898685.0	14.978083333333334	1407.77	640	360	30.0	8	1efd988194aa87a54bfb2ef16d8dc6b5	1c9edfd0708cefea081f2c5215a564b9	640	360	1781.0	6.0	2050.0	2977.0	False	False	0.9810504525899887	0.9951413588376972
niklas360p_60f	niklas360p_60f	svtav1	svtav1_20200715_73793b0_enc-mode0	60	43	0	407640.0	407.64	38.985333333333344	44.491500000000016	43.69933333333334	38.89868	44.450412	43.649794	93.02211030648617	564606.0	9.4101	976.03	640	360	30.0	8	f724d5f9becb0b0f1cbb6d9072b63ab9	a3fed038924a1a8bf1fd8f9287f9686b	640	360	1685.0	4.0	1392.0	2915.0	False	False	0.9710600982109706	0.9917570193570898
niklas360p_60f	niklas360p_60f	svtav1	svtav1_20200715_73793b0_enc-mode0	60	55	0	200292.0	200.292	35.37800000000001	42.04950000000001	40.932166666666674	35.317863	42.016237	40.897314	85.25478382493885	456488.0	7.608133333333333	807.47	640	360	30.0	8	78b478dda2458354ed0fd7ab7cfdedad	66b6052970fed362ff4aca24d5136b8c	640	360	1652.0	4.0	1221.0	2875.0	False	False	0.9486851046482722	0.9829442879605145
niklas360p_60f	niklas360p_60f	svtav1	svtav1_20200715_73793b0_enc-mode0	60	59	0	137716.0	137.716	33.44416666666667	40.783500000000004	39.41266666666666	33.408468	40.765539	39.382681	79.08707823729948	419559.0	6.99265	721.85	640	360	30.0	8	6775c96e68809015dc107c84c4272f29	2782e981faed05eae4c161b4b2a46bcf	640	360	1966.0	5.0	1241.0	2984.0	False	False	0.9289523800214131	0.9745742646247673
shields_640x360_60f	shields_640x360_60f	svtav1	svtav1_20200715_73793b0_enc-mode0	60	20	0	2274233.0	2274.233	42.415833333333325	45.52499999999999	47.19799999999999	42.277764	45.499002	47.122373	99.45735187063997	817042.0	13.617366666666667	1458.42	640	360	50.0	8	d6045212084d942cabf746f882972b0d	f10e587f89526bb50304d02163b4b883	640	360	2538.0	4.0	1651.0	3018.0	False	False	0.9857802758614223	0.9982899057158255
shields_640x360_60f	shields_640x360_60f	svtav1	svtav1_20200715_73793b0_enc-mode0	60	32	0	1209520.0	1209.52	40.61383333333336	43.94300000000002	45.503000000000014	40.410467	43.895444	45.38523	99.43734810320241	690662.0	11.511033333333334	1178.2	640	360	50.0	8	e7aa72ab783ecf37b411cb511e1bd6b0	59501cba92cf8cce9a6f58cce3f97141	640	360	2423.0	4.0	1422.0	2878.0	False	False	0.9810429910818735	0.9976205931116569
shields_640x360_60f	shields_640x360_60f	svtav1	svtav1_20200715_73793b0_enc-mode0	60	43	0	637806.0	637.806	38.04000000000001	41.256166666666665	43.090833333333336	37.76045	41.168897	42.921099	99.37858947413689	501529.0	8.358816666666666	852.38	640	360	50.0	8	9b61e4652fb737b68b264ea66de5d4c7	5fb7a6b732ab998d59d3433c81d84a36	640	360	2357.0	4.0	1249.0	2964.0	False	False	0.9697397470474243	0.9957822659178693
shields_640x360_60f	shields_640x360_60f	svtav1	svtav1_20200715_73793b0_enc-mode0	60	55	0	324593.0	324.593	34.5995	38.14350000000001	40.27016666666667	34.247024	37.981438	40.023763	95.5766572495917	439607.0	7.326783333333333	762.0	640	360	50.0	8	9bbcfaefe0f96c526ac3ebd229828078	25d50ce842d12f96d12b78f71e59e0ff	640	360	2470.0	4.0	1096.0	2952.0	False	False	0.9426868667205175	0.990403484633665
shields_640x360_60f	shields_640x360_60f	svtav1	svtav1_20200715_73793b0_enc-mode0	60	59	0	217800.0	217.8	32.346166666666676	36.577499999999986	38.556666666666665	31.939308	36.370288	38.318495	90.04569375016624	390584.0	6.509733333333333	694.5	640	360	50.0	8	54cd9ebca88a4be8288c0248efb16bfa	768b583ac73ee1d9f391d4f10878d8c3	640	360	2306.0	3.0	1033.0	4309.0	False	False	0.9110202590624491	0.9830232009241301
speed_bag_640x360_60f	speed_bag_640x360_60f	svtav1	svtav1_20200715_73793b0_enc-mode0	60	20	0	462504.0	462.504	46.98099999999999	49.683166666666665	51.0795	46.89732	49.608795	51.017543	98.28947663846694	568510.0	9.475166666666667	977.97	640	360	29.97	8	c2eb69d5ffeeab84deb2841a4530ae13	6a87e93f2153d5e373af0c45dda9f954	640	360	1343.0	3.0	1613.0	3405.0	False	False	0.9888715634743372	0.997511114729993
speed_bag_640x360_60f	speed_bag_640x360_60f	svtav1	svtav1_20200715_73793b0_enc-mode0	60	32	0	239195.0	239.195	45.053833333333344	48.31349999999998	49.863333333333344	44.919792	48.201587	49.743888	97.22470730668103	585075.0	9.75125	955.83	640	360	29.97	8	19b38b438b09261fe2d1655e3e941e55	1031169a95a9f61dd65f81973155b780	640	360	1463.0	4.0	1475.0	2943.0	False	False	0.9856353014707565	0.9960953911300319
speed_bag_640x360_60f	speed_bag_640x360_60f	svtav1	svtav1_20200715_73793b0_enc-mode0	60	43	0	131788.0	131.788	42.984500000000004	46.63533333333332	48.47066666666667	42.783066	46.520007	48.316684	94.63649499028755	381833.0	6.363883333333333	657.55	640	360	29.97	8	df97cf8c1859568e229eacbd387a5955	75f51f0ca87a04f13767f225a4890a78	640	360	1375.0	4.0	1184.0	3087.0	False	False	0.9814755588769912	0.993820386344972
speed_bag_640x360_60f	speed_bag_640x360_60f	svtav1	svtav1_20200715_73793b0_enc-mode0	60	55	0	67222.0	67.222	39.89566666666666	44.00000000000001	46.36583333333333	39.624823	43.892714	46.178363	85.36710350050089	340400.0	5.673333333333333	552.9	640	360	29.97	8	1e0c4779dc9692a299dc019165bf23e3	e7edcc836870b9fbb953d9229feb3fd6	640	360	1429.0	5.0	1016.0	3346.0	False	False	0.9726493249336878	0.9882014028366257
speed_bag_640x360_60f	speed_bag_640x360_60f	svtav1	svtav1_20200715_73793b0_enc-mode0	60	59	0	48098.0	48.098	37.800333333333334	42.112	44.96	37.623969	42.056204	44.816778	76.80182994103552	301701.0	5.02835	527.16	640	360	29.97	8	5bf7017fdc1d818bc3ecd9f5ad812d87	d31c51fa9f70a33aa4bda525e511978e	640	360	1473.0	4.0	987.0	2921.0	False	False	0.9643145759900411	0.9822089189581432
thaloundeskmtg360p_60f	thaloundeskmtg360p_60f	svtav1	svtav1_20200715_73793b0_enc-mode0	60	20	0	918376.0	918.376	44.755499999999984	48.75866666666669	48.7855	44.572685	48.705146	48.74491	96.98317328136963	654217.0	10.903616666666666	1056.52	640	360	30.0	8	8bf201ebeba02ff31338d4bb2fe0db54	507754fce33acfed2a6f123f4324af51	640	360	1868.0	4.0	1215.0	3008.0	False	False	0.9925744344790777	0.9984346324595205
thaloundeskmtg360p_60f	thaloundeskmtg360p_60f	svtav1	svtav1_20200715_73793b0_enc-mode0	60	32	0	478796.0	478.796	43.18900000000001	47.470833333333346	47.62349999999999	42.959403	47.419305	47.587072	95.85301601065159	544493.0	9.074883333333334	914.87	640	360	30.0	8	1ea565c3a268c2cedfcb66371911d6d0	03e911e9d7906cab89c73e478804c805	640	360	1720.0	3.0	903.0	2969.0	False	False	0.9903017461299897	0.9977150537477989
thaloundeskmtg360p_60f	thaloundeskmtg360p_60f	svtav1	svtav1_20200715_73793b0_enc-mode0	60	43	0	257276.0	257.276	41.119499999999995	45.81616666666667	45.93833333333334	40.808161	45.785453	45.915289	93.6930201158437	491565.0	8.19275	923.51	640	360	30.0	8	e3ffef21d4062fe4313da6d205b41b90	be29167d9a85d253efb1dff7c0817164	640	360	1719.0	3.0	742.0	2969.0	False	False	0.9864764451980591	0.9963801000146933
thaloundeskmtg360p_60f	thaloundeskmtg360p_60f	svtav1	svtav1_20200715_73793b0_enc-mode0	60	55	0	127848.0	127.848	37.8145	42.96616666666667	43.05916666666666	37.5786	42.943874	43.046773	87.74238523443364	381787.0	6.3631166666666665	715.13	640	360	30.0	8	e25fea0614e1954d275ccb1b056ffcc4	9c7ae30f5c797dee4d90e0df69ab542d	640	360	1678.0	2.0	626.0	3002.0	False	False	0.9768974383672079	0.9924752400796166
thaloundeskmtg360p_60f	thaloundeskmtg360p_60f	svtav1	svtav1_20200715_73793b0_enc-mode0	60	59	0	83860.0	83.86	35.50200000000002	40.93866666666667	40.972999999999985	35.179875	40.931647	40.960732	81.97461153418963	372860.0	6.214333333333333	689.24	640	360	30.0	8	3ee126301de167741e30e80af3b0cda0	90d7022d3a322afcf5ce8cb86d9028e6	640	360	1856.0	4.0	712.0	2996.0	False	False	0.9665048201878865	0.9876070668089454
vidyo1_720p_60fps_60f	vidyo1_720p_60fps_60f	svtav1	svtav1_20200715_73793b0_enc-mode0	60	20	0	3622976.0	3622.976	45.46616666666666	48.08433333333335	49.39933333333334	45.447753	48.078413	49.396746	96.4750980909471	1369291.0	22.821516666666668	2507.2	1280	720	60.0	8	639b926470384eeb31b9efcfbbbdc5c5	50c7c8cc649a6819fcb119719f738792	1280	720	5171.0	7.0	3417.0	10115.0	False	False	0.997500815987587	0.9968855809916553
vidyo1_720p_60fps_60f	vidyo1_720p_60fps_60f	svtav1	svtav1_20200715_73793b0_enc-mode0	60	32	0	1400824.0	1400.824	43.96833333333335	47.57083333333334	48.74716666666667	43.960485	47.566791	48.744267	95.1504632198711	1073573.0	17.892883333333334	1981.89	1280	720	60.0	8	72f927b92abd5bdffefae679d3f03d6a	59fcc3b88dddaa77086c25e985214c0e	1280	720	5102.0	4.0	2574.0	9951.0	False	False	0.9960528085629146	0.995501655891747
vidyo1_720p_60fps_60f	vidyo1_720p_60fps_60f	svtav1	svtav1_20200715_73793b0_enc-mode0	60	43	0	686544.0	686.544	42.480333333333334	46.86466666666668	47.81566666666666	42.471537	46.861628	47.813935	93.01139882697662	871427.0	14.523783333333334	1409.07	1280	720	60.0	8	444805cbd1564f7452af6e1248221e3c	e50a5e807b33d009d6920c008625251a	1280	720	5221.0	4.0	2406.0	10699.0	False	False	0.994005807240804	0.9937033456362304
vidyo1_720p_60fps_60f	vidyo1_720p_60fps_60f	svtav1	svtav1_20200715_73793b0_enc-mode0	60	55	0	313920.0	313.92	39.85783333333333	45.249500000000005	45.71033333333335	39.845253	45.247985	45.707317	87.02027434602239	572211.0	9.53685	1015.28	1280	720	60.0	8	4527f76b80c70f942ed5fdaca5e23b55	8464cbc36a9fc1dc987dcdf1ac05923d	1280	720	5186.0	4.0	2040.0	9770.0	False	False	0.9874429523944854	0.9883753419555504
vidyo1_720p_60fps_60f	vidyo1_720p_60fps_60f	svtav1	svtav1_20200715_73793b0_enc-mode0	60	59	0	202440.0	202.44	37.79783333333334	43.7895	43.985166666666686	37.79063	43.788303	43.982881	80.0124667297666	511991.0	8.533183333333334	901.26	1280	720	60.0	8	085988b11b146996bfc892fcf7b5e635	c760cb6c2e0e83781647d45199021d2e	1280	720	5372.0	5.0	1781.0	9816.0	False	False	0.9783165355523428	0.9810883972560307
ducks_1920x1080_50fps_10b	ducks_1920x1080_50fps_10b	svtav1	svtav1_20200715_73793b0_enc-mode0	60	20	0	110376000.0	110376.0	38.915333333333315	39.06266666666667	41.293000000000006	38.806071	39.042481	41.290597	98.58489647693769	18530200.0	308.83666666666664	34116.44	1920	1080	50.0	10	f3b719b8a3f6d04559772be5edc61819	c8e7bc4710ab35ad32f8cf18a1a7efe2	1920	1080	22128.0	2.0	38057.0	22957.0	False	False	0.9987961252530416	0.9958058745509749
ducks_1920x1080_50fps_10b	ducks_1920x1080_50fps_10b	svtav1	svtav1_20200715_73793b0_enc-mode0	60	32	0	27117186.0	27117.186	34.95116666666666	36.71750000000001	39.77316666666666	34.943321	36.712381	39.76947499999999	93.08880713073448	13554093.0	225.90155	24343.31	1920	1080	50.0	10	21191ca0dea32e621beb5cf5a6fd3c6f	53c91f4ff9def6a1fbc295ac5ef4bddd	1920	1080	23240.0	5.0	28809.0	24049.0	False	False	0.9964156081279119	0.9895778367401944
ducks_1920x1080_50fps_10b	ducks_1920x1080_50fps_10b	svtav1	svtav1_20200715_73793b0_enc-mode0	60	43	0	9788560.0	9788.56	32.98066666666668	34.92783333333333	38.454333333333324	32.974647	34.904344	38.449537	84.2058489674031	8375516.0	139.59193333333334	14426.24	1920	1080	50.0	10	32b4d86af4d81a02cca8d0039363c2dc	47b263b93d2cecb9eff486271600246f	1920	1080	22923.0	2.0	21656.0	24766.0	False	False	0.990815990169843	0.9810926895234556
ducks_1920x1080_50fps_10b	ducks_1920x1080_50fps_10b	svtav1	svtav1_20200715_73793b0_enc-mode0	60	55	0	3549160.0	3549.1599999999994	30.479166666666675	33.00099999999999	37.256499999999996	30.460524	32.972092	37.253724	67.25818752899353	5231246.0	87.18743333333333	9139.3	1920	1080	50.0	10	00a5ce9b6ae91a64baef6d4f022e510c	7b9e2baac9af18097fe3c392b966d5db	1920	1080	21879.0	12.0	17337.0	23991.0	False	False	0.9741831719875336	0.9603605714430808
ducks_1920x1080_50fps_10b	ducks_1920x1080_50fps_10b	svtav1	svtav1_20200715_73793b0_enc-mode0	60	59	0	2302520.0	2302.52	29.306666666666665	32.1585	36.60083333333333	29.287575	32.137396	36.59958199999999	57.83685111008136	4058966.0	67.64943333333333	6720.25	1920	1080	50.0	10	8f9de6928b0150b47bd9110cb2156179	585f9651f89e4b085881661b25a02f14	1920	1080	21558.0	5.0	15377.0	23167.0	False	False	0.9605257183313369	0.9448580131048178
BarScene1_1920x1080_2997_10b	BarScene1_1920x1080_2997_10b	svtav1	svtav1_20200715_73793b0_enc-mode0	60	20	0	1487026.0	1487.026	42.48083333333332	44.78350000000001	43.76116666666666	42.480386	44.782976	43.759682	93.1572476535694	2957615.0	49.29358333333333	4843.48	1920	1080	29.97	10	b143a8d053dd094582267035d68f6f4b	322f7cde5ec050f7ce52b55b30c5dd18	1920	1080	21139.0	3.0	9145.0	24399.0	False	False	0.9958935658137004	0.9910501598208232
BarScene1_1920x1080_2997_10b	BarScene1_1920x1080_2997_10b	svtav1	svtav1_20200715_73793b0_enc-mode0	60	32	0	441588.0	441.588	42.15266666666667	44.60299999999998	43.4775	42.152394	44.603162	43.477128	91.97665753127805	2175345.0	36.25575	3679.15	1920	1080	29.97	10	879b797d18f70eaf1acea606ba6d498e	22b0af07c714d98cc3f07984740db908	1920	1080	20966.0	2.0	4114.0	23675.0	False	False	0.9951794296503067	0.9900949911319696
BarScene1_1920x1080_2997_10b	BarScene1_1920x1080_2997_10b	svtav1	svtav1_20200715_73793b0_enc-mode0	60	43	0	230455.0	230.455	41.68450000000003	44.43116666666667	43.328333333333326	41.684529	44.430749	43.328205	90.16059255414348	1594597.0	26.576616666666666	2632.57	1920	1080	29.97	10	00469683282c3df8448c729ed10f9fbb	0e74d013a8e224adcaf9c7f9ec76471c	1920	1080	20813.0	4.0	3518.0	25777.0	False	False	0.994000839193662	0.9885737991065295
BarScene1_1920x1080_2997_10b	BarScene1_1920x1080_2997_10b	svtav1	svtav1_20200715_73793b0_enc-mode0	60	55	0	93524.0	93.52400000000002	40.47450000000001	43.86233333333333	42.873000000000005	40.4738	43.8631	42.873017	83.45351539517713	1286127.0	21.43545	2146.72	1920	1080	29.97	10	6db68f404ba25db4ddc0b5ef3dfa7ed2	657446ee5061ffdac49b01c441ec0df1	1920	1080	21247.0	4.0	3638.0	24464.0	False	False	0.9891879151264826	0.9835079464115518
BarScene1_1920x1080_2997_10b	BarScene1_1920x1080_2997_10b	svtav1	svtav1_20200715_73793b0_enc-mode0	60	59	0	57921.0	57.921	39.446500000000015	43.235000000000014	42.423833333333356	39.445155	43.235759	42.42358	76.19680942511994	1279366.0	21.322766666666666	1960.95	1920	1080	29.97	10	00edecfa64e702822687bb2bb92eadb2	4de1702e6372187605d55699c58ea150	1920	1080	22532.0	3.0	2999.0	24833.0	False	False	0.9834332138299942	0.9783757872174016
Sintel_Dragons_1920x816_24_10b	Sintel_Dragons_1920x816_24_10b	svtav1	svtav1_20200715_73793b0_enc-mode0	60	20	0	5067657.0	5067.657	46.919	51.273	51.395000000000024	46.864195	51.248722	51.354903	99.91334246997711	5022990.0	83.7165	8726.53	1920	816	24.0	10	d9ea16ae30596adb617d8fffecdd20ed	03f03171417c2c1e2f75d9f9448fe7fb	1920	816	11001.0	4.0	16069.0	16093.0	False	False	0.99672611951828	0.9968773865787804
Sintel_Dragons_1920x816_24_10b	Sintel_Dragons_1920x816_24_10b	svtav1	svtav1_20200715_73793b0_enc-mode0	60	32	0	2604201.0	2604.201	43.803833333333344	48.779999999999994	48.83433333333334	43.752915	48.742361	48.763719	99.87562419882943	4835242.0	80.58736666666667	8432.55	1920	816	24.0	10	3f00870abb5b23599a255a6418799fc3	2e3bd6378b9ee2fdbed061df037aa44c	1920	816	11539.0	34.0	13856.0	16362.0	False	False	0.9940251151720683	0.9944579037422511
Sintel_Dragons_1920x816_24_10b	Sintel_Dragons_1920x816_24_10b	svtav1	svtav1_20200715_73793b0_enc-mode0	60	43	0	1363427.0	1363.427	40.836166666666664	46.345166666666664	46.417333333333325	40.785455	46.301481	46.338569	97.82682472029292	3778977.0	62.98295	6585.06	1920	816	24.0	10	6f2781d91ae445567876e50526cf7c40	1184a6221436795384cd2bb508bd0e28	1920	816	11287.0	4.0	12720.0	16070.0	False	False	0.9885138998428981	0.9897886043274937
Sintel_Dragons_1920x816_24_10b	Sintel_Dragons_1920x816_24_10b	svtav1	svtav1_20200715_73793b0_enc-mode0	60	55	0	660400.0	660.4	37.43333333333332	43.435833333333356	43.58083333333333	37.395354	43.394797	43.508271	84.99126306843894	3004454.0	50.07423333333333	4786.72	1920	816	24.0	10	2bb908232ed3f3958994bdf0643fca07	3815655bb1a9a3964319ac2f21d5cc4e	1920	816	11471.0	3.0	11401.0	16586.0	False	False	0.9753372808297475	0.9790801861757268
Sintel_Dragons_1920x816_24_10b	Sintel_Dragons_1920x816_24_10b	svtav1	svtav1_20200715_73793b0_enc-mode0	60	59	0	479907.0	479.907	35.909166666666664	42.08216666666668	42.293833333333325	35.87611	42.047251	42.231844	76.26871273883894	2330422.0	38.84036666666667	3819.11	1920	816	24.0	10	f1431553a5c37af75e8acdb441a14f61	239a7e33665bb060525d8da177124dbf	1920	816	10753.0	3.0	10852.0	16880.0	False	False	0.9656431158383687	0.9713248645679521
Market3_1920x1080p_50_10b_pq_709	Market3_1920x1080p_50_10b_pq_709	svtav1	svtav1_20200715_73793b0_enc-mode0	60	20	0	12454206.0	12454.206	44.932000000000016	51.44283333333335	52.417666666666676	44.911468	51.433937	52.41163100000001	99.83135163988149	4139034.0	68.9839	7751.46	1920	1080	50.0	10	00f0a70679a396e4427254d646cdab92	46f92669e51f55122f573e8ea6f3cde1	1920	1080	21105.0	5.0	14014.0	23119.0	False	False	0.9992030868927638	0.9982024033872069
Market3_1920x1080p_50_10b_pq_709	Market3_1920x1080p_50_10b_pq_709	svtav1	svtav1_20200715_73793b0_enc-mode0	60	32	0	6239146.0	6239.146	42.19666666666665	49.226833333333346	50.3455	42.163707	49.220311	50.343375	98.7926702418903	4746412.0	79.10686666666666	7979.29	1920	1080	50.0	10	2ab0c0da02fc969d5be6913ce8c5b6a9	69e4beacff7e2e77112e26b34bbd06e9	1920	1080	20858.0	2.0	12420.0	24373.0	False	False	0.9985037565231323	0.9966989721483777
Market3_1920x1080p_50_10b_pq_709	Market3_1920x1080p_50_10b_pq_709	svtav1	svtav1_20200715_73793b0_enc-mode0	60	43	0	3258413.0	3258.413	39.397499999999994	47.29	48.563333333333304	39.355649	47.286488	48.561388	95.42233836875923	3896852.0	64.94753333333334	6751.6	1920	1080	50.0	10	6b6876a338b98496a095fca22eb38ec3	86ef73dbac3b0d16ddb0e700b258727d	1920	1080	23921.0	4.0	12110.0	24731.0	False	False	0.9967674225568771	0.9931734726541644
Market3_1920x1080p_50_10b_pq_709	Market3_1920x1080p_50_10b_pq_709	svtav1	svtav1_20200715_73793b0_enc-mode0	60	55	0	1321633.0	1321.633	35.57083333333334	44.58216666666663	46.18066666666667	35.545159	44.580675	46.178849	86.50055879292937	2189812.0	36.49686666666667	3968.96	1920	1080	50.0	10	4cbea7fd24bd2fb8c6a137d8d530dc4d	a3b35a2225415755203c09538fa4a315	1920	1080	20423.0	4.0	10658.0	25063.0	False	False	0.989081350962321	0.9798960145258686
Market3_1920x1080p_50_10b_pq_709	Market3_1920x1080p_50_10b_pq_709	svtav1	svtav1_20200715_73793b0_enc-mode0	60	59	0	798800.0	798.8	33.63300000000001	43.11583333333335	44.68150000000001	33.617438	43.115346	44.677387	77.97255921649476	2174186.0	36.23643333333333	3821.96	1920	1080	50.0	10	a06a3581d8161be669f28c6b0afda764	4ac24db8feca9990339200d5f1510e32	1920	1080	21438.0	4.0	10660.0	23687.0	False	False	0.9799028863509496	0.9668846725856779
ShowGirl2TeaserClip4000_1920x108	ShowGirl2TeaserClip4000_1920x108	svtav1	svtav1_20200715_73793b0_enc-mode0	60	20	0	2799216.0	2799.216	42.36983333333332	46.62516666666668	49.47349999999999	42.36737	46.623458	49.470306	95.3344099494357	4234404.0	70.5734	7376.3	1920	1080	25.0	10	feed8bdc3fe1f5b17ee04c7426955c6b	40532140b34bd289b91b08118714a84d	1920	1080	20400.0	5.0	11163.0	24484.0	False	False	0.9960769593715668	0.9914611547179673
ShowGirl2TeaserClip4000_1920x108	ShowGirl2TeaserClip4000_1920x108	svtav1	svtav1_20200715_73793b0_enc-mode0	60	32	0	1256460.0	1256.46	41.666833333333344	46.259499999999996	48.837833333333336	41.662223	46.257342	48.835066	93.45675487985156	3892452.0	64.8742	6603.05	1920	1080	25.0	10	4f568fdfaaad98a5bb02cb4c510365ad	655b8743645ccaf1921fa512ce08954f	1920	1080	21974.0	3.0	8917.0	23344.0	False	False	0.9950415134429932	0.9901660570716615
ShowGirl2TeaserClip4000_1920x108	ShowGirl2TeaserClip4000_1920x108	svtav1	svtav1_20200715_73793b0_enc-mode0	60	43	0	671916.0	671.916	40.647333333333336	45.79983333333333	48.069166666666646	40.62880499999999	45.79697	48.067811	90.06611881203716	2832774.0	47.2129	4372.23	1920	1080	25.0	10	69e1a92f395cee72b083881a5a84da33	e20aa5fddacabc3a2aeecf3e7407c352	1920	1080	19880.0	3.0	8388.0	23838.0	False	False	0.9930970966815948	0.9879783497351204
ShowGirl2TeaserClip4000_1920x108	ShowGirl2TeaserClip4000_1920x108	svtav1	svtav1_20200715_73793b0_enc-mode0	60	55	0	285000.0	285.0	38.417333333333325	44.677666666666696	46.39399999999999	38.385768	44.676025	46.39332	81.01210887211995	3366153.0	56.10255	5888.95	1920	1080	25.0	10	b53b46b8e3cea0548f49a6c0a1d30f64	0071ee6190657baed19f4534f6c9a21d	1920	1080	21436.0	5.0	6598.0	23598.0	False	False	0.9865527004003525	0.9809974381698087
ShowGirl2TeaserClip4000_1920x108	ShowGirl2TeaserClip4000_1920x108	svtav1	svtav1_20200715_73793b0_enc-mode0	60	59	0	175800.0	175.8	36.75566666666668	43.49283333333334	45.12500000000002	36.733886	43.492447	45.124264	72.60210472764099	2129377.0	35.48961666666667	3447.24	1920	1080	25.0	10	e9cfe72a0173d45938fafc76bc25d879	f70caf5cd7dfafd777ff9af2bcf7651f	1920	1080	20318.0	4.0	6540.0	24799.0	False	False	0.9787113229433696	0.9729523575994212
DOTA2_60f_420	DOTA2_60f_420	svtav1	svtav1_20200715_73793b0_enc-mode0	60	20	0	15162432.0	15162.432	45.4595	49.18083333333334	49.30899999999998	45.406375	49.103731	49.273117	97.55440773578175	4203843.0	70.06405	7199.35	1920	1080	60.0	8	19d42f89f20e83cdef1d438a6ac4ca0c	ec753e65952c4b2834f3dc3486951ead	1920	1080	13439.0	5.0	9575.0	23583.0	False	False	0.9986210525035858	0.9973405008191917
DOTA2_60f_420	DOTA2_60f_420	svtav1	svtav1_20200715_73793b0_enc-mode0	60	32	0	7230056.0	7230.056	42.932166666666674	46.91616666666666	47.181499999999986	42.846773	46.80998	47.132385	95.66507335469815	3281035.0	54.68391666666667	5845.65	1920	1080	60.0	8	129baba87bcf9e2bc330f15a925fc230	521744229b7c94e23b41c29bbb49fc92	1920	1080	11963.0	3.0	7708.0	22932.0	False	False	0.9972550908724467	0.9949961440229083
DOTA2_60f_420	DOTA2_60f_420	svtav1	svtav1_20200715_73793b0_enc-mode0	60	43	0	3498344.0	3498.344	40.258166666666654	44.46183333333332	44.82283333333332	40.146049	44.339372	44.768477	91.90745885560492	2570850.0	42.8475	4112.68	1920	1080	60.0	8	e8ef09bf25e97b9fa4616cf1ab90be61	89360ff65d3643173ad3a768d8e89e7d	1920	1080	12264.0	4.0	7633.0	23146.0	False	False	0.9938017159700394	0.9898250967478848
DOTA2_60f_420	DOTA2_60f_420	svtav1	svtav1_20200715_73793b0_enc-mode0	60	55	0	1371512.0	1371.512	36.675	41.19033333333333	41.47249999999999	36.586321	41.102123	41.437213	81.93822149646198	1815685.0	30.261416666666666	3113.01	1920	1080	60.0	8	558d5afba806150e3869b601af1969a1	e442914abb9ecd7be9d80bad405d95b5	1920	1080	12299.0	3.0	6441.0	22969.0	False	False	0.9805167824029922	0.9738845679253796
DOTA2_60f_420	DOTA2_60f_420	svtav1	svtav1_20200715_73793b0_enc-mode0	60	59	0	830344.0	830.3439999999999	34.7005	39.3035	39.56350000000001	34.652919	39.253674	39.545056	72.50077386567419	1758356.0	29.305933333333332	2836.46	1920	1080	60.0	8	7e6b1a1d9a21bea07187ed13dd99c0dc	0accd98b8e33486b4710f4708d1ca272	1920	1080	12489.0	4.0	6276.0	26765.0	False	False	0.9646564384301504	0.9579023508485204
Netflix_Aerial_1920x1080_60fps_8	Netflix_Aerial_1920x1080_60fps_8	svtav1	svtav1_20200715_73793b0_enc-mode0	60	20	0	20680648.0	20680.648	42.64166666666666	45.54899999999999	45.28666666666668	42.606261	45.534759	45.279324	96.61689825245435	5631443.0	93.85738333333333	9628.4	1920	1080	60.0	8	9c021a1b6ad92b5aa09eb3e0f0ce01a3	1153de79aeed2eaff41daa814604fa63	1920	1080	13712.0	13.0	16545.0	24286.0	False	False	0.9978919148445129	0.9964465260188432
Netflix_Aerial_1920x1080_60fps_8	Netflix_Aerial_1920x1080_60fps_8	svtav1	svtav1_20200715_73793b0_enc-mode0	60	32	0	9645680.0	9645.68	40.50333333333333	44.218	44.30216666666665	40.425024	44.201992	44.297809	94.10974257304208	5029135.0	83.81891666666667	8319.92	1920	1080	60.0	8	2eac1335bb0af6752dcfa12afe0ffdcd	e85fea595448d67a5b497440929d5220	1920	1080	13114.0	3.0	13627.0	23456.0	False	False	0.9962867011626562	0.9939949478884826
Netflix_Aerial_1920x1080_60fps_8	Netflix_Aerial_1920x1080_60fps_8	svtav1	svtav1_20200715_73793b0_enc-mode0	60	43	0	4755296.0	4755.296	38.105166666666655	42.648833333333336	43.18633333333333	38.002794	42.640886	43.183413	90.36934804955673	3486157.0	58.10261666666667	5623.29	1920	1080	60.0	8	3eb324beb89d840f2c63695791880865	25d87ee6ba626342bc003b51a03034c2	1920	1080	13693.0	4.0	11622.0	23258.0	False	False	0.9931773612896602	0.9890755250179646
Netflix_Aerial_1920x1080_60fps_8	Netflix_Aerial_1920x1080_60fps_8	svtav1	svtav1_20200715_73793b0_enc-mode0	60	55	0	1723584.0	1723.584	34.387833333333326	40.28533333333334	41.61433333333333	34.347256	40.279958	41.608092000000006	80.70865278384075	2592575.0	43.209583333333335	4255.94	1920	1080	60.0	8	d69613b1ac6cb3313123ae69f2d4234d	b240d09989f708f037e291e94d29be1b	1920	1080	14006.0	4.0	11433.0	24231.0	False	False	0.9823775539795557	0.9714534263993742
Netflix_Aerial_1920x1080_60fps_8	Netflix_Aerial_1920x1080_60fps_8	svtav1	svtav1_20200715_73793b0_enc-mode0	60	59	0	896504.0	896.504	32.11166666666666	38.970000000000006	40.823999999999984	32.101256	38.960338	40.81549400000001	70.27870530540882	2252780.0	37.54633333333334	3552.17	1920	1080	60.0	8	6494073ebb3fbda0ef427f76c3e75ac2	3894e7ecae88dc7c16519f3b0f131b4f	1920	1080	13499.0	10.0	10165.0	24077.0	False	False	0.9652534147103627	0.9454355750690105
Netflix_Boat_1920x1080_60fps_8bi	Netflix_Boat_1920x1080_60fps_8bi	svtav1	svtav1_20200715_73793b0_enc-mode0	60	20	0	28665712.0	28665.712	43.61416666666665	46.01400000000002	47.707499999999996	43.58841	45.979049	47.681505	99.9169429598087	5142056.0	85.70093333333334	9222.16	1920	1080	60.0	8	66d01b4d3fbaf1190bda0e4423b23382	d2ff8a9391dd4bf8d3535ffb9080a89c	1920	1080	13834.0	14.0	13731.0	22372.0	False	False	0.9993144899606705	0.9985743731876451
Netflix_Boat_1920x1080_60fps_8bi	Netflix_Boat_1920x1080_60fps_8bi	svtav1	svtav1_20200715_73793b0_enc-mode0	60	32	0	15814376.0	15814.376	41.087666666666664	44.49766666666666	45.93133333333334	41.035205	44.455735	45.904462	99.59565347081882	5785668.0	96.4278	9651.16	1920	1080	60.0	8	db8d223b20dc9121adcdc1a90a349d54	9ba7cd2ee6e4daa3d53949bac2fb2cdd	1920	1080	15354.0	3.0	12496.0	23060.0	False	False	0.9987978041172028	0.9975740779211631
Netflix_Boat_1920x1080_60fps_8bi	Netflix_Boat_1920x1080_60fps_8bi	svtav1	svtav1_20200715_73793b0_enc-mode0	60	43	0	8490728.0	8490.728	37.97083333333334	42.717333333333315	43.69316666666666	37.873365	42.68294	43.680579	95.77824235533093	4625745.0	77.09575	7077.98	1920	1080	60.0	8	02739d1c6869b02036e12d99a5c23eb3	fbb90a7524b4394458c4a0b05ae0c539	1920	1080	14010.0	16.0	11106.0	25208.0	False	False	0.9974355618158977	0.9949589732034543
Netflix_Boat_1920x1080_60fps_8bi	Netflix_Boat_1920x1080_60fps_8bi	svtav1	svtav1_20200715_73793b0_enc-mode0	60	55	0	3738008.0	3738.008	33.80316666666667	40.55400000000001	41.065333333333335	33.710276	40.519192	41.06139700000001	86.11014262037365	2935386.0	48.9231	4977.45	1920	1080	60.0	8	2e5013ca01c285bec366c54d1167e165	c1c5f684b9eed94d086a3cb17469eb20	1920	1080	14508.0	5.0	10335.0	25428.0	False	False	0.9921483178933461	0.9854050862082921
Netflix_Boat_1920x1080_60fps_8bi	Netflix_Boat_1920x1080_60fps_8bi	svtav1	svtav1_20200715_73793b0_enc-mode0	60	59	0	2444632.0	2444.632	31.68166666666667	39.29883333333333	39.56766666666666	31.628345	39.280086	39.566675	78.45191657401128	2200527.0	36.67545	3878.73	1920	1080	60.0	8	20a686d15269e46929e6a4449727ad35	4028baca3ac6bdf7b00e5236172a8723	1920	1080	13906.0	3.0	9482.0	22931.0	False	False	0.9853556255499522	0.9736119241562708
Netflix_Crosswalk_1920x1080_60fp	Netflix_Crosswalk_1920x1080_60fp	svtav1	svtav1_20200715_73793b0_enc-mode0	60	20	0	7362664.0	7362.664	45.51416666666666	48.24133333333334	50.06766666666669	45.498134	48.234192	50.057193	99.04459419584343	4398882.0	73.3147	7199.12	1920	1080	60.0	8	35bec82d3e228280e1d703124882bdea	0c724483de214304d3852639093a39ee	1920	1080	10026.0	17.0	17451.0	24025.0	False	False	0.9975822697083155	0.9956706267234977
Netflix_Crosswalk_1920x1080_60fp	Netflix_Crosswalk_1920x1080_60fp	svtav1	svtav1_20200715_73793b0_enc-mode0	60	32	0	3710040.0	3710.04	44.19666666666664	47.416333333333334	49.177499999999995	44.159822	47.402082	49.158458	95.61107609253999	3642844.0	60.71406666666667	6045.85	1920	1080	60.0	8	034ff9a8feba061b7b1519c3c4686731	a4939a1c907e7f10c19990834c69231d	1920	1080	9568.0	4.0	15655.0	23781.0	False	False	0.9958360334237416	0.9937487049833869
Netflix_Crosswalk_1920x1080_60fp	Netflix_Crosswalk_1920x1080_60fp	svtav1	svtav1_20200715_73793b0_enc-mode0	60	43	0	1874088.0	1874.088	42.41666666666666	46.328833333333336	48.04633333333334	42.345185	46.313867	48.026969	89.24544897114126	3249658.0	54.16096666666667	4412.55	1920	1080	60.0	8	a0539e23d1e1be23e3e74bb20abf6c89	0f366ab44c100426ffa91456e0e336fb	1920	1080	9943.0	3.0	14514.0	23785.0	False	False	0.9918930212656657	0.9899336904754735
Netflix_Crosswalk_1920x1080_60fp	Netflix_Crosswalk_1920x1080_60fp	svtav1	svtav1_20200715_73793b0_enc-mode0	60	55	0	866976.0	866.976	39.67383333333333	44.49616666666666	46.08883333333333	39.596881	44.483577	46.073223	74.92484847105216	2041350.0	34.0225	3189.32	1920	1080	60.0	8	34376c0ee2860471f8ace1c819de01d9	0decfb58a53c14fa8aef3f19c5eed96d	1920	1080	9259.0	3.0	12753.0	23337.0	False	False	0.9806642363468806	0.9801286504306067
Netflix_Crosswalk_1920x1080_60fp	Netflix_Crosswalk_1920x1080_60fp	svtav1	svtav1_20200715_73793b0_enc-mode0	60	59	0	626008.0	626.008	38.30699999999999	43.51033333333335	45.02383333333333	38.239137	43.500336	45.009185	65.8887904827184	1877899.0	31.29831666666667	3142.86	1920	1080	60.0	8	b43268ae625a3e6cf724503b230f7db8	c2565a3c5c411085a5b86a4a66b045ae	1920	1080	9535.0	9.0	11506.0	23676.0	False	False	0.9715803841749827	0.9726309683000529
Netflix_DrivingPOV_1280x720_60fp	Netflix_DrivingPOV_1280x720_60fp	svtav1	svtav1_20200715_73793b0_enc-mode0	60	20	0	11034136.0	11034.136	42.74666666666667	46.398166666666675	45.09583333333333	42.723217	46.389983	45.090019	99.68677298424119	3316647.0	55.27745	5698.43	1280	720	60.0	8	8317dafcb4bac35c6b131cc2bcda214a	d62f34d2d017dcb6bea341b7acf361cb	1280	720	6635.0	4.0	7322.0	9723.0	False	False	0.99799491862456	0.9974193048563419
Netflix_DrivingPOV_1280x720_60fp	Netflix_DrivingPOV_1280x720_60fp	svtav1	svtav1_20200715_73793b0_enc-mode0	60	32	0	5104008.0	5104.008	40.22533333333334	45.04316666666668	44.08933333333335	40.186822	45.025601	44.081618	98.54611994250118	2649182.0	44.15303333333333	4588.96	1280	720	60.0	8	c81c79e96ac453a8c3190ee6e62ffc0f	d369c042e84135e04d4326c93a16adc1	1280	720	6968.0	3.0	6054.0	10033.0	False	False	0.9962602357069651	0.995243345405422
Netflix_DrivingPOV_1280x720_60fp	Netflix_DrivingPOV_1280x720_60fp	svtav1	svtav1_20200715_73793b0_enc-mode0	60	43	0	2634936.0	2634.936	37.861666666666665	43.59366666666667	43.14066666666668	37.796526	43.570948	43.132533	96.07919715045401	1921711.0	32.02851666666667	3192.66	1280	720	60.0	8	a9cfea3620245c85380db6e78ccdc495	8c2f0e440a2e1526440e47c62fc5a386	1280	720	7515.0	7.0	5642.0	10090.0	False	False	0.9919364919265111	0.9909740925091782
Netflix_DrivingPOV_1280x720_60fp	Netflix_DrivingPOV_1280x720_60fp	svtav1	svtav1_20200715_73793b0_enc-mode0	60	55	0	1115744.0	1115.744	34.648166666666675	41.18366666666666	41.5125	34.596404	41.167691	41.506714	89.48905556773397	1570982.0	26.183033333333334	2795.65	1280	720	60.0	8	e9a44ad2c31f57214b288f17726cd6d9	147dccc843b71755919396fc074e444a	1280	720	6501.0	4.0	5438.0	9960.0	False	False	0.984610382715861	0.9835202382495485
Netflix_DrivingPOV_1280x720_60fp	Netflix_DrivingPOV_1280x720_60fp	svtav1	svtav1_20200715_73793b0_enc-mode0	60	59	0	688448.0	688.448	32.693000000000005	39.61299999999999	40.291333333333334	32.667427	39.605483	40.288049	83.12684626769204	1131290.0	18.854833333333332	1844.91	1280	720	60.0	8	a54bf6907184fbff0d393385e8200b22	f573401b40fb30a00cb156497709da27	1280	720	6565.0	3.0	5171.0	9923.0	False	False	0.9769533256689708	0.9755667904528232
Netflix_FoodMarket_1920x1080_60f	Netflix_FoodMarket_1920x1080_60f	svtav1	svtav1_20200715_73793b0_enc-mode0	60	20	0	20168536.0	20168.536	40.975	44.82016666666667	45.57983333333333	40.966996	44.816085	45.578218	99.11191926480511	7697393.0	128.28988333333334	12685.3	1920	1080	60.0	8	f265df14d767120bb89c343c2f7bb981	56b8e5f8ba3926f496cc77b8aff4753c	1920	1080	12803.0	6.0	19058.0	23879.0	False	False	0.9951331029335658	0.9895949509678031
Netflix_FoodMarket_1920x1080_60f	Netflix_FoodMarket_1920x1080_60f	svtav1	svtav1_20200715_73793b0_enc-mode0	60	32	0	6615032.0	6615.032	39.66416666666667	43.9555	44.90583333333335	39.655709	43.950194	44.904016	95.88513878766457	6064323.0	101.07205	9566.25	1920	1080	60.0	8	db60659d8bed7670bc13084b440c9852	aebe8735c926117b5941b56290232598	1920	1080	12456.0	3.0	13856.0	23916.0	False	False	0.991799329717954	0.9848632307706232
Netflix_FoodMarket_1920x1080_60f	Netflix_FoodMarket_1920x1080_60f	svtav1	svtav1_20200715_73793b0_enc-mode0	60	43	0	3213448.0	3213.448	38.265333333333324	43.03950000000002	44.13166666666667	38.247668	43.031212	44.128343	90.68753068808739	3873823.0	64.56371666666666	6392.4	1920	1080	60.0	8	edd14b5a638c73137dd4ba1ce723a3e8	e3834c203589f2c2c55843222fd052c5	1920	1080	11843.0	3.0	11922.0	23791.0	False	False	0.9864150524139405	0.9780911711101725
Netflix_FoodMarket_1920x1080_60f	Netflix_FoodMarket_1920x1080_60f	svtav1	svtav1_20200715_73793b0_enc-mode0	60	55	0	1369376.0	1369.376	35.95783333333334	41.58099999999999	42.650666666666666	35.931874	41.572055	42.643937	78.08763369580797	2814850.0	46.91416666666667	4754.35	1920	1080	60.0	8	11ba51ce5b7dd624f12b7e0af3039fb9	88bca2b182de6fe2ef31b49848b58cf2	1920	1080	12811.0	4.0	10604.0	23427.0	False	False	0.9682291626930237	0.9588670998524865
Netflix_FoodMarket_1920x1080_60f	Netflix_FoodMarket_1920x1080_60f	svtav1	svtav1_20200715_73793b0_enc-mode0	60	59	0	872720.0	872.72	34.53333333333333	40.61866666666666	41.585833333333326	34.513183	40.611416	41.571495	67.58096278682557	2389129.0	39.81881666666666	3957.17	1920	1080	60.0	8	8649eab1705875941c7c53fe66cccc4c	51685a794ec7e5c416cb860ccbcb88bd	1920	1080	11768.0	4.0	10108.0	23241.0	False	False	0.9477571537097295	0.9396845645934774
Netflix_PierSeaside_1920x1080_60	Netflix_PierSeaside_1920x1080_60	svtav1	svtav1_20200715_73793b0_enc-mode0	60	20	0	7471512.0	7471.512	45.40983333333333	47.41633333333333	45.492000000000004	45.380038	47.403589	45.476755	99.86792820896632	3581187.0	59.68645	5880.55	1920	1080	60.0	8	a11a6738203c4a409cf138198ec7b919	9021c99b6e5cc631b047411a46aea40e	1920	1080	10585.0	5.0	11036.0	22772.0	False	False	0.9980630725622177	0.9968534091148012
Netflix_PierSeaside_1920x1080_60	Netflix_PierSeaside_1920x1080_60	svtav1	svtav1_20200715_73793b0_enc-mode0	60	32	0	3212952.0	3212.952	43.70083333333333	46.659499999999994	44.90916666666667	43.634909	46.642308	44.891442	99.38339360707666	2726826.0	45.4471	4559.65	1920	1080	60.0	8	4e7ff20e270c6612bd1ebff1896d0fd0	0b497a027818463d536f060ed565cb1b	1920	1080	10446.0	5.0	10434.0	24753.0	False	False	0.9970474908749263	0.995285410913349
Netflix_PierSeaside_1920x1080_60	Netflix_PierSeaside_1920x1080_60	svtav1	svtav1_20200715_73793b0_enc-mode0	60	43	0	1399592.0	1399.592	41.557166666666674	45.35983333333334	44.03499999999999	41.476615	45.345045	44.021329	97.19170145570011	1998020.0	33.300333333333334	3203.97	1920	1080	60.0	8	ad8c1d1139dae376f9ce772889dae501	eb4ad224761fa08bfd0b18c116a274dd	1920	1080	10672.0	5.0	9818.0	23718.0	False	False	0.9947837998469671	0.9920495774717752
Netflix_PierSeaside_1920x1080_60	Netflix_PierSeaside_1920x1080_60	svtav1	svtav1_20200715_73793b0_enc-mode0	60	55	0	573224.0	573.224	38.77583333333335	43.08250000000001	42.32433333333334	38.707962	43.070064	42.315057	91.18181049068211	1503115.0	25.051916666666667	2486.35	1920	1080	60.0	8	06e8d4abb8fd6b196138680cde6350dd	7cde213e556d13a5949ebd72576ec0e6	1920	1080	10728.0	6.0	8482.0	23245.0	False	False	0.9893541157245636	0.9853747528594281
Netflix_PierSeaside_1920x1080_60	Netflix_PierSeaside_1920x1080_60	svtav1	svtav1_20200715_73793b0_enc-mode0	60	59	0	325296.0	325.296	36.720833333333346	41.23366666666666	40.76616666666667	36.67632	41.228456	40.760716	84.06499662966787	1404560.0	23.409333333333333	2220.63	1920	1080	60.0	8	9c10b5e78587a6787c807ba7466800c3	03e517e84732292d683cb5a73ba2636d	1920	1080	10824.0	6.0	8106.0	24427.0	False	False	0.9836272219816844	0.9787640711356816
Netflix_RollerCoaster_1280x720_6	Netflix_RollerCoaster_1280x720_6	svtav1	svtav1_20200715_73793b0_enc-mode0	60	20	0	8086752.0	8086.7519999999995	44.74666666666668	46.65516666666667	46.692833333333326	44.730803	46.644066	46.685816	99.90459454417086	2965317.0	49.42195	5187.85	1280	720	60.0	8	547ef0266502b9eac7d64ac7730787d2	402e8a2296dec33eeba7fead92b3d04a	1280	720	5831.0	4.0	7651.0	10064.0	False	False	0.9979035119215648	0.997512481940039
Netflix_RollerCoaster_1280x720_6	Netflix_RollerCoaster_1280x720_6	svtav1	svtav1_20200715_73793b0_enc-mode0	60	32	0	4016968.0	4016.968	42.47216666666667	44.94616666666666	45.35800000000001	42.446883	44.922272	45.345647	99.85004736301691	2402842.0	40.04736666666667	4184.82	1280	720	60.0	8	37df984c2ac07a09ffbdcc3c25a19aca	b2722e826ca0b6100b5efef53b3bfa86	1280	720	6121.0	2.0	6664.0	10241.0	False	False	0.9963837246100108	0.995901555420088
Netflix_RollerCoaster_1280x720_6	Netflix_RollerCoaster_1280x720_6	svtav1	svtav1_20200715_73793b0_enc-mode0	60	43	0	2095336.0	2095.336	40.08316666666668	43.02416666666664	43.788	40.042503	42.991783000000005	43.772872	97.61725103892566	2008637.0	33.47728333333333	3380.35	1280	720	60.0	8	00d858d4758a8e006c80502ef0e7b62d	ad0680fc010004fee685035c2f6ad30f	1280	720	5634.0	3.0	6114.0	9950.0	False	False	0.9932648221651713	0.9927485304818904
Netflix_RollerCoaster_1280x720_6	Netflix_RollerCoaster_1280x720_6	svtav1	svtav1_20200715_73793b0_enc-mode0	60	55	0	952280.0	952.28	36.72666666666666	40.16466666666666	41.52583333333334	36.68707299999999	40.127244	41.507326	88.30840819610782	1317916.0	21.96526666666667	2161.44	1280	720	60.0	8	78f18ee5270c0fd18f4f74e5fe2603dc	4dbe1d467fd9b3db4d3c4f8f227bfb61	1280	720	6027.0	6.0	5692.0	10177.0	False	False	0.9826699783404668	0.9828754131849193
Netflix_RollerCoaster_1280x720_6	Netflix_RollerCoaster_1280x720_6	svtav1	svtav1_20200715_73793b0_enc-mode0	60	59	0	647048.0	647.048	34.969500000000004	38.50550000000001	40.2445	34.935002000000004	38.46214	40.222848	80.17972248950049	1207056.0	20.1176	2069.59	1280	720	60.0	8	53e27b1dedb99c2ceb1cb6e2476f9904	94ef8fea4b811db16ce552e824cba14f	1280	720	5508.0	3.0	5353.0	9873.0	False	False	0.9716576735178629	0.9735790053544421
STARCRAFT_60f_420	STARCRAFT_60f_420	svtav1	svtav1_20200715_73793b0_enc-mode0	60	20	0	7600448.0	7600.448	50.454	53.34566666666667	53.36299999999999	50.438248	53.334167	53.355421	97.60774774849315	2175867.0	36.26445	3663.88	1920	1080	60.0	8	3f6cf39a8304a37c2d3606216759f15e	8b2318d843caf65bca76ab2b82a75263	1920	1080	10873.0	4.0	3080.0	25901.0	False	False	0.9996307114760081	0.9992780506873938
STARCRAFT_60f_420	STARCRAFT_60f_420	svtav1	svtav1_20200715_73793b0_enc-mode0	60	32	0	4290560.0	4290.56	47.01483333333331	51.01516666666668	51.21000000000001	46.995659	50.994237	51.19932099999999	96.82605189008682	2082913.0	34.71521666666667	3466.73	1920	1080	60.0	8	dbcb0222773ca70c48a96a43bebfd20d	d6a0c853d64ed241ec248058c2291f2b	1920	1080	10704.0	19.0	3212.0	22801.0	False	False	0.9990775297085445	0.9983586776082622
STARCRAFT_60f_420	STARCRAFT_60f_420	svtav1	svtav1_20200715_73793b0_enc-mode0	60	43	0	2458568.0	2458.568	43.54066666666668	48.39833333333333	48.633500000000005	43.509197	48.365268	48.618569	95.14792424093415	1901298.0	31.6883	2999.27	1920	1080	60.0	8	02c31f70a92b8fdc15551241fc37667d	8bc1bfe2727c497086915e8d12cbf8ce	1920	1080	11390.0	4.0	3014.0	23541.0	False	False	0.997841277718544	0.9964516475056039
STARCRAFT_60f_420	STARCRAFT_60f_420	svtav1	svtav1_20200715_73793b0_enc-mode0	60	55	0	1048064.0	1048.064	38.5635	44.587666666666664	44.70600000000002	38.541197	44.559746	44.688358	89.75752290429467	1305290.0	21.754833333333334	2128.22	1920	1080	60.0	8	853a529da3f6314308abcb68ea4b1f8e	0f5879778a4d20df0e97a689f32800c1	1920	1080	11331.0	3.0	2714.0	22929.0	False	False	0.9922131448984146	0.9889322173523394
STARCRAFT_60f_420	STARCRAFT_60f_420	svtav1	svtav1_20200715_73793b0_enc-mode0	60	59	0	614472.0	614.472	35.70516666666666	42.25649999999999	42.4065	35.69139499999999	42.240143	42.394729	83.15655125058167	1176906.0	19.6151	1775.58	1920	1080	60.0	8	01271eaae095a7ccdf37ebb55fba7002	01600c9afd6178ec6c8f0c2c70639d6f	1920	1080	11132.0	8.0	2895.0	23699.0	False	False	0.9838294605414073	0.9787588215656078
aspen_1080p_60f	aspen_1080p_60f	svtav1	svtav1_20200715_73793b0_enc-mode0	60	20	0	7979620.0	7979.62	43.93633333333335	47.98250000000001	49.183	43.926878	47.97968	49.180079	97.80152442221532	4529888.0	75.49813333333333	8453.89	1920	1080	29.97	8	5a980ecf66a372b7b512492305223370	feb20fa6124f3fef3a68f6169f64678c	1920	1080	9207.0	5.0	16625.0	22387.0	False	False	0.996011174718539	0.9924306722063684
aspen_1080p_60f	aspen_1080p_60f	svtav1	svtav1_20200715_73793b0_enc-mode0	60	32	0	2324362.0	2324.362	42.05900000000001	46.964499999999994	48.09416666666665	42.048811	46.961664	48.090229	93.86354906594556	4761670.0	79.36116666666666	8163.3	1920	1080	29.97	8	cf4bf5721b400db1e6d98b260eea51c1	2e0dc5267e1cf0b05e9bcc95c362a61f	1920	1080	9672.0	3.0	13180.0	23297.0	False	False	0.9939047654469808	0.9895351923956085
aspen_1080p_60f	aspen_1080p_60f	svtav1	svtav1_20200715_73793b0_enc-mode0	60	43	0	1037901.0	1037.901	40.70399999999999	45.725166666666695	46.79666666666669	40.681205	45.719306	46.790866	88.85237994423152	3415461.0	56.92435	5349.95	1920	1080	29.97	8	db44b331a5384ab22c4dd82e137f329d	aa44c9109c896610a667e028777e9199	1920	1080	9449.0	6.0	11117.0	23082.0	False	False	0.9912552634874979	0.9865589086122358
aspen_1080p_60f	aspen_1080p_60f	svtav1	svtav1_20200715_73793b0_enc-mode0	60	55	0	447224.0	447.224	38.55766666666668	43.66049999999999	44.52566666666666	38.526948	43.654126	44.521137	78.76372201363208	2363842.0	39.39736666666667	3822.44	1920	1080	29.97	8	9244dae4567182d11ebdcdf12eb35da4	9183b1855c97c3c27b72036452ca9152	1920	1080	9969.0	7.0	10023.0	25501.0	False	False	0.9844462901353837	0.9794503344663765
aspen_1080p_60f	aspen_1080p_60f	svtav1	svtav1_20200715_73793b0_enc-mode0	60	59	0	291492.0	291.492	36.916500000000006	42.162666666666674	42.841666666666676	36.888194	42.156123	42.838755	68.86872644469769	2211882.0	36.8647	3381.36	1920	1080	29.97	8	9e029277b4e4994274f18cce05f50cef	8bb446b609c46d0adef31359375810d8	1920	1080	9880.0	4.0	9757.0	23623.0	False	False	0.9750889569520951	0.9702958927677796
dark720p_60f	dark720p_60f	svtav1	svtav1_20200715_73793b0_enc-mode0	60	20	0	6766600.0	6766.6	45.936500000000024	42.952666666666666	44.38666666666667	45.92093	42.825167	44.316792	96.24296826020377	3170321.0	52.838683333333336	5270.69	1280	720	30.0	8	fb50e148d6b5bad6d516be4d36ac80b5	d556af5c5f2212c648daac10cb0a1603	1280	720	4801.0	2.0	10631.0	10035.0	False	False	0.9942144046227137	0.9949995403819102
dark720p_60f	dark720p_60f	svtav1	svtav1_20200715_73793b0_enc-mode0	60	32	0	1534888.0	1534.888	43.49266666666664	38.831166666666654	41.69500000000001	43.474878	38.801907	41.684322	93.30172464921864	2480374.0	41.33956666666667	4086.75	1280	720	30.0	8	5d52539f5a1126a36f11f95c1cc87646	a8b4d5da403aa15b783d6e72eb8d47b9	1280	720	4823.0	20.0	7748.0	9821.0	False	False	0.9912680109341939	0.9927038672663734
dark720p_60f	dark720p_60f	svtav1	svtav1_20200715_73793b0_enc-mode0	60	43	0	266512.0	266.512	42.214166666666664	36.89616666666666	40.801999999999985	42.202645	36.891844	40.795561	90.68966408102094	1160585.0	19.343083333333333	1882.75	1280	720	30.0	8	e40da39e8d5f86586322d5dd9698c65e	a515ba078af02a4d3e446fbbc2ebf93f	1280	720	4912.0	6.0	4889.0	9968.0	False	False	0.9895954469839732	0.99137768618318
dark720p_60f	dark720p_60f	svtav1	svtav1_20200715_73793b0_enc-mode0	60	55	0	108148.0	108.148	40.668833333333346	36.200833333333335	39.769499999999994	40.656853	36.199122	39.762029	86.09052813811574	706859.0	11.780983333333333	1170.84	1280	720	30.0	8	d43d7cd872675845cc6aab6da3d5c39a	63869ebd12e6bea76ebfad93ba022b93	1280	720	4803.0	3.0	2990.0	9545.0	False	False	0.9854525228341421	0.9882486641958328
dark720p_60f	dark720p_60f	svtav1	svtav1_20200715_73793b0_enc-mode0	60	59	0	72772.0	72.772	39.264500000000005	35.513999999999996	38.818333333333335	39.25612	35.512332	38.807494	80.90871719395834	721064.0	12.017733333333334	1208.45	1280	720	30.0	8	f876eedebd1e2878715329918a5e5b59	f3c1fb4e936a9cb71bf4b45bf47b73e7	1280	720	4945.0	3.0	2711.0	10828.0	False	False	0.980470922589302	0.9844894038855592
life_1080p30_60f	life_1080p30_60f	svtav1	svtav1_20200715_73793b0_enc-mode0	60	20	0	12234880.0	12234.88	44.25983333333331	49.547499999999985	49.148833333333314	44.248599	49.537822	49.14015	99.46390533681969	5524543.0	92.07571666666666	9759.87	1920	1080	30.0	8	33ae79e221379dbed5af0ce926148567	f84fe9795528f74e0faa1a29ab21a0b4	1920	1080	12313.0	9.0	13714.0	23090.0	False	False	0.9991622656583786	0.997831907889551
life_1080p30_60f	life_1080p30_60f	svtav1	svtav1_20200715_73793b0_enc-mode0	60	32	0	5655408.0	5655.408	41.33183333333332	47.39849999999999	47.07450000000001	41.31777	47.381789	47.059007	97.64042615822702	4734691.0	78.91151666666667	8786.92	1920	1080	30.0	8	c50ec79f3c2add66a6ed7668d691c1f0	9862912ce06ae3d403e79152a99fac15	1920	1080	12334.0	4.0	11968.0	22546.0	False	False	0.998396036028862	0.9961018036441359
life_1080p30_60f	life_1080p30_60f	svtav1	svtav1_20200715_73793b0_enc-mode0	60	43	0	2782272.0	2782.272	38.63333333333335	45.415166666666664	45.21700000000001	38.608936	45.385795	45.193835	94.40755167153024	4318241.0	71.97068333333333	7466.67	1920	1080	30.0	8	6fc44dd1c529f09a0fdd5a32f1c87fca	13ad6e6818089b0d1742a83a32f5cee7	1920	1080	12819.0	2.0	10918.0	23379.0	False	False	0.996604523062706	0.9924630710108562
life_1080p30_60f	life_1080p30_60f	svtav1	svtav1_20200715_73793b0_enc-mode0	60	55	0	1130612.0	1130.612	35.0275	42.474666666666664	42.29416666666666	35.011021	42.450169	42.271714	86.90372445977778	2982545.0	49.70908333333333	4949.25	1920	1080	30.0	8	b6a8e98456c85ff86e6ec8d6468036d2	0f3186ff8acbcdfe6ea5835c080d65f3	1920	1080	12637.0	3.0	9878.0	24678.0	False	False	0.9891404022773107	0.9783235772618915
life_1080p30_60f	life_1080p30_60f	svtav1	svtav1_20200715_73793b0_enc-mode0	60	59	0	705812.0	705.812	33.33866666666667	40.88966666666669	40.50016666666667	33.328914	40.876906	40.489741	80.09849273324572	2220774.0	37.0129	3942.05	1920	1080	30.0	8	f5543b2a466fb3c1fc0580e81800be3c	e9cef2a659de00fc113bc76148a2d9b3	1920	1080	12639.0	5.0	9185.0	23847.0	False	False	0.9789922187725703	0.9626451804129246
red_kayak_360p_60f	red_kayak_360p_60f	svtav1	svtav1_20200715_73793b0_enc-mode0	60	20	0	9079649.0	9079.649	41.101000000000006	44.67716666666666	49.277	41.066277	44.656711	49.26938400000001	99.8709793391361	2804025.0	46.73375	4585.13	640	360	29.97	8	75965834c8a9d62cb6c6f84bfa5d837b	31d98ca8637291893803c332f48434d9	640	360	2372.0	3.0	3908.0	3055.0	False	False	0.9723152240117391	0.9942355394245062
red_kayak_360p_60f	red_kayak_360p_60f	svtav1	svtav1_20200715_73793b0_enc-mode0	60	32	0	5311782.0	5311.782	36.4805	42.186833333333325	48.0525	36.416777	42.164626	48.034889	99.67700238855278	2468510.0	41.14183333333333	4343.04	640	360	29.97	8	48829e0c6f6ebdfa44e541909e55f6e2	1b08d1e7b94029d8998dde497a66b9e3	640	360	2486.0	4.0	3443.0	3132.0	False	False	0.9396688014268875	0.98574506221333
red_kayak_360p_60f	red_kayak_360p_60f	svtav1	svtav1_20200715_73793b0_enc-mode0	60	43	0	2373325.0	2373.325	31.8745	39.752833333333335	46.627333333333354	31.787781	39.726359	46.601884	86.20203207700591	1839888.0	30.6648	3230.92	640	360	29.97	8	56db6a2dfa3711efc8d913e0715eb5e8	4d35f093fe90910b9a0980f1f4dbd9c2	640	360	2142.0	3.0	2871.0	3593.0	False	False	0.8693328599135081	0.9651309141084885
red_kayak_360p_60f	red_kayak_360p_60f	svtav1	svtav1_20200715_73793b0_enc-mode0	60	55	0	716422.0	716.422	28.019833333333338	37.8505	45.33233333333333	27.94948	37.831971	45.258086	58.94354131064404	1361088.0	22.6848	2244.94	640	360	29.97	8	e2dc08978fa0fcc3e7d58e82d588d73e	112b3ed3b6597d5d19b9ab543c6c6096	640	360	2124.0	3.0	2394.0	3006.0	False	False	0.7532401710748673	0.9179622824328408
red_kayak_360p_60f	red_kayak_360p_60f	svtav1	svtav1_20200715_73793b0_enc-mode0	60	59	0	385355.0	385.3550000000001	26.84716666666667	37.260000000000005	44.79299999999999	26.793292	37.247044	44.693	44.26412956244936	1059234.0	17.6539	1857.6	640	360	29.97	8	7b37758ffe2f7768e8a4e5cc90afde8d	a6ddf4b24b181b576d28325b4829732b	640	360	2109.0	4.0	2266.0	3039.0	False	False	0.7047747790813446	0.8867952322622049
vidyo4_720p_60fps_60f	vidyo4_720p_60fps_60f	svtav1	svtav1_20200715_73793b0_enc-mode0	60	20	0	4993472.0	4993.472	44.21516666666666	49.96616666666667	50.25866666666668	44.174925	49.960715	50.253769	97.77005489002549	1842037.0	30.700616666666665	3316.68	1280	720	60.0	8	8ece5485d9f74944d2435c9e22b60808	99951d9865e57f7b628ab427a899c870	1280	720	4838.0	3.0	4673.0	9775.0	False	False	0.9964210053284963	0.9956422785483298
vidyo4_720p_60fps_60f	vidyo4_720p_60fps_60f	svtav1	svtav1_20200715_73793b0_enc-mode0	60	32	0	1810272.0	1810.272	42.80200000000001	49.33433333333335	49.66566666666666	42.754069	49.326393	49.659225	96.45862680270962	1371028.0	22.850466666666666	2524.55	1280	720	60.0	8	31a55cd94467625c7961887abdcae39e	30b410fcc148d9cbd6866fbc4a7cdbdc	1280	720	5107.0	4.0	3314.0	9833.0	False	False	0.994660637776057	0.9938833070176685
vidyo4_720p_60fps_60f	vidyo4_720p_60fps_60f	svtav1	svtav1_20200715_73793b0_enc-mode0	60	43	0	908184.0	908.184	41.44483333333334	48.47766666666667	48.77483333333336	41.381303	48.463688	48.764772	94.43676934141278	1207132.0	20.118866666666666	2075.1	1280	720	60.0	8	a2c22e39269c875ca9ffd3364d0e8fbb	64f68834e0834650808ab638c0dfcdbd	1280	720	5071.0	5.0	3042.0	10102.0	False	False	0.99188159207503	0.9914058722274006
vidyo4_720p_60fps_60f	vidyo4_720p_60fps_60f	svtav1	svtav1_20200715_73793b0_enc-mode0	60	55	0	414144.0	414.144	39.091	46.660333333333334	46.75233333333334	39.022866	46.64764	46.74021	89.219380137841	797756.0	13.295933333333334	1340.43	1280	720	60.0	8	ef60f8bdb14d136853c92bd5f8d23e7f	cbf0c83d28929e100310d2b0e0987492	1280	720	5281.0	20.0	2766.0	10053.0	False	False	0.9832383175690969	0.9844156688701808
vidyo4_720p_60fps_60f	vidyo4_720p_60fps_60f	svtav1	svtav1_20200715_73793b0_enc-mode0	60	59	0	267424.0	267.424	37.34816666666667	44.859500000000004	44.99216666666667	37.290654	44.852106	44.9827	83.04537748654768	818579.0	13.642983333333333	1351.0	1280	720	60.0	8	e6dd8075ee2f186906daff18fbc22b90	810f678474c5a4f3e82a780aa80a9903	1280	720	4940.0	3.0	2478.0	10620.0	False	False	0.9729861229658127	0.9764772367407074
Cosmos1_1920x856_BT2100_PQ_24fps	Cosmos1_1920x856_BT2100_PQ_24fps	svtav1	svtav1_20200715_73793b0_enc-mode0	60	20	0	22243792.0	22243.792	41.77450000000003	44.803500000000014	47.50233333333333	41.730721	44.784131	47.492542	99.24562293001718	12290478.0	204.8413	20223.74	1920	856	24.0	10	3ed63afdda0f47eae8abb166320013f6	7810af61078a030a520ddb2c52470d57	1920	856	18463.0	11.0	27939.0	18880.0	False	False	0.9966428260008494	0.9958923241968421
Cosmos1_1920x856_BT2100_PQ_24fps	Cosmos1_1920x856_BT2100_PQ_24fps	svtav1	svtav1_20200715_73793b0_enc-mode0	60	32	0	8342883.0	8342.883	37.89166666666665	42.75699999999999	45.87016666666666	37.859482	42.734701	45.856361	94.69360543126858	9278124.0	154.6354	16347.89	1920	856	24.0	10	be8799c42bdd5549f9595c9136bbcdd1	491ed3c67339e30555e60c637e12284d	1920	856	18789.0	7.0	19332.0	18043.0	False	False	0.9914940267801284	0.9904518005287295
Cosmos1_1920x856_BT2100_PQ_24fps	Cosmos1_1920x856_BT2100_PQ_24fps	svtav1	svtav1_20200715_73793b0_enc-mode0	60	43	0	3222435.0	3222.435	35.26666666666666	41.17433333333334	44.51783333333332	35.228410000000004	41.150833	44.506211	84.09128725247321	6973158.0	116.2193	11869.52	1920	856	24.0	10	63db09c2094fa0a6150cf9cb90e676ec	ee3f0cdc6917d4b8b8d76dae10cc23a7	1920	856	18145.0	5.0	15655.0	18202.0	False	False	0.9798880775769552	0.9797712628219389
Cosmos1_1920x856_BT2100_PQ_24fps	Cosmos1_1920x856_BT2100_PQ_24fps	svtav1	svtav1_20200715_73793b0_enc-mode0	60	55	0	1202896.0	1202.896	32.504666666666665	39.502333333333354	42.796166666666664	32.460741	39.487121	42.792178	63.89445563310007	4339946.0	72.33243333333333	7188.94	1920	856	24.0	10	7fb73ca578526bc0c141b8fa17963889	fd9c8b7d2b15f54411a77316c1b509ec	1920	856	19206.0	4.0	12492.0	17701.0	False	False	0.947018884619077	0.9517852041184476
Cosmos1_1920x856_BT2100_PQ_24fps	Cosmos1_1920x856_BT2100_PQ_24fps	svtav1	svtav1_20200715_73793b0_enc-mode0	60	59	0	717792.0	717.792	31.136000000000006	38.7155	41.148333333333326	31.098548	38.702059	41.142061	51.70836548320975	3505794.0	58.4299	5920.73	1920	856	24.0	10	e2c9ddb3fb354771698d7d39dccab4bd	514aeeb50710b4e090d3a71704f53908	1920	856	17198.0	3.0	11206.0	17637.0	False	False	0.9159352034330368	0.9261635020321981
Netflix_SquareAndTimelapse_1920x	Netflix_SquareAndTimelapse_1920x	svtav1	svtav1_20200715_73793b0_enc-mode0	60	20	0	19978376.0	19978.376	44.52016666666667	48.76366666666667	47.918000000000006	44.502386	48.752257	47.902257	99.9084718048776	5227944.0	87.1324	9744.2	1920	1080	60.0	8	902cd4cc379738d6d4e9ce668a962457	6bc3b6e8591ff7bd3e68ae3d50eac24c	1920	1080	12046.0	3.0	16424.0	23015.0	False	False	0.9991609156131744	0.9978832306222339
Netflix_SquareAndTimelapse_1920x	Netflix_SquareAndTimelapse_1920x	svtav1	svtav1_20200715_73793b0_enc-mode0	60	32	0	11009848.0	11009.848	41.971166666666676	46.921	45.837666666666664	41.94286	46.908818	45.820148	99.87182859156034	5396473.0	89.94121666666666	9280.46	1920	1080	60.0	8	be3379230777fa43298e2a5ec92ba37d	5432e62170bc13095b086c99113ecbc6	1920	1080	12091.0	3.0	14941.0	22713.0	False	False	0.9982465674479802	0.9960344394479297
Netflix_SquareAndTimelapse_1920x	Netflix_SquareAndTimelapse_1920x	svtav1	svtav1_20200715_73793b0_enc-mode0	60	43	0	6042296.0	6042.296	39.108333333333334	45.03383333333334	43.715333333333334	39.056176	45.017338	43.691756000000005	98.24911329313	4222399.0	70.37331666666667	7178.98	1920	1080	60.0	8	d6bb9d1b9a1c8d9b425eb729d524299c	aff8f2c281f9fbdb732fb122f6a0eae0	1920	1080	12225.0	3.0	13758.0	23154.0	False	False	0.9959139893452327	0.9920376938954674
Netflix_SquareAndTimelapse_1920x	Netflix_SquareAndTimelapse_1920x	svtav1	svtav1_20200715_73793b0_enc-mode0	60	55	0	2809200.0	2809.2	35.329000000000015	42.1045	40.71866666666667	35.279681	42.089024	40.698231	87.60069506239621	3083326.0	51.38876666666667	5224.79	1920	1080	60.0	8	515a278bab629d3f9e1baa15933268a3	9323e84a0634c094ecd1a673db266528	1920	1080	11939.0	6.0	11835.0	23064.0	False	False	0.9874272763729095	0.9797687672976864
Netflix_SquareAndTimelapse_1920x	Netflix_SquareAndTimelapse_1920x	svtav1	svtav1_20200715_73793b0_enc-mode0	60	59	0	1846200.0	1846.2	33.275500000000015	40.16433333333335	38.879666666666665	33.247369	40.157071	38.867751	78.28024229439393	2564943.0	42.74905	4185.45	1920	1080	60.0	8	cd7560426b59a84ce409eadc1fbef0bd	69404d1225d9ad609dd75d98326cd66b	1920	1080	12029.0	4.0	11545.0	23690.0	False	False	0.9769747227430343	0.9664101911276
rush_hour_1080p25_60f	rush_hour_1080p25_60f	svtav1	svtav1_20200715_73793b0_enc-mode0	60	20	0	5269120.0	5269.12	43.033833333333355	46.84983333333332	48.86000000000001	43.027608	46.847397	48.857896	96.87949888264944	7324353.0	122.07255	12331.36	1920	1080	25.0	8	fec23ce84410daccc213d2e0fc3c770e	84b097e14caec33f0fa2a9f152288723	1920	1080	10566.0	4.0	19692.0	24075.0	False	False	0.9964086910088857	0.992443730042123
rush_hour_1080p25_60f	rush_hour_1080p25_60f	svtav1	svtav1_20200715_73793b0_enc-mode0	60	32	0	2476420.0	2476.42	42.12483333333333	45.8735	47.633500000000005	42.121853	45.871662	47.629776	93.03897675624052	4866757.0	81.11261666666667	8832.41	1920	1080	25.0	8	4173a751ae99ed56c4d1cdab8ddab1f2	988c44e7dc4be179cefc34c68ef651b0	1920	1080	10309.0	3.0	16049.0	22984.0	False	False	0.9942484974861145	0.990344417898978
rush_hour_1080p25_60f	rush_hour_1080p25_60f	svtav1	svtav1_20200715_73793b0_enc-mode0	60	43	0	1186313.0	1186.3129999999999	40.77149999999998	44.710666666666654	46.18583333333334	40.765831	44.708353	46.178238	85.88530463621956	3658702.0	60.978366666666666	6222.34	1920	1080	25.0	8	a5fb3ffcfa3207b88443f53c038f653a	35b19b9319dbc322f74ef8a08be33f63	1920	1080	10145.0	2.0	13829.0	23304.0	False	False	0.9901508678992589	0.9866882750518773
rush_hour_1080p25_60f	rush_hour_1080p25_60f	svtav1	svtav1_20200715_73793b0_enc-mode0	60	55	0	529683.0	529.683	38.65066666666669	43.039166666666674	44.164333333333325	38.629117	43.034688	44.15211	73.2611999224173	2864111.0	47.73518333333333	4542.82	1920	1080	25.0	8	2530a026bd3618ad1891b4f7694a3526	aac87afeed468d47297ca5081237f7a2	1920	1080	10371.0	4.0	11078.0	23878.0	False	False	0.9809950927893321	0.9789291460816617
rush_hour_1080p25_60f	rush_hour_1080p25_60f	svtav1	svtav1_20200715_73793b0_enc-mode0	60	59	0	366046.0	366.046	37.48683333333334	42.08316666666668	43.07733333333333	37.461355	42.078827	43.065725	65.86822283712478	2222571.0	37.04285	3765.87	1920	1080	25.0	8	78d1b31e540df554ff020adce02295d4	5ff038bb88c8d1a180122a0e5d21875e	1920	1080	9788.0	3.0	9751.0	23228.0	False	False	0.9736818879842758	0.972906335289393
touchdown_pass_1080p_60f	touchdown_pass_1080p_60f	svtav1	svtav1_20200715_73793b0_enc-mode0	60	20	0	18182343.0	18182.343	40.524666666666654	48.037000000000006	48.201999999999984	40.491837	48.029691	48.195207	96.35860397693881	8184360.0	136.406	13991.25	1920	1080	29.97	8	0792049b2d0786daca17037c47757076	de7ba48977315471abe5f7b5f55b7008	1920	1080	12735.0	3.0	24256.0	23917.0	False	False	0.9957871615886689	0.9908259408423322
touchdown_pass_1080p_60f	touchdown_pass_1080p_60f	svtav1	svtav1_20200715_73793b0_enc-mode0	60	32	0	4369903.0	4369.903	38.64200000000001	47.329166666666666	47.4535	38.625448	47.322921	47.446715	94.30770566658178	5129179.0	85.48631666666667	8864.6	1920	1080	29.97	8	0cec1ff1047bce1c4111ec30116e8ec8	32eafa9e0c8444163f9b4466621f0d38	1920	1080	12671.0	3.0	13115.0	23097.0	False	False	0.9938287238279978	0.9866700336796993
touchdown_pass_1080p_60f	touchdown_pass_1080p_60f	svtav1	svtav1_20200715_73793b0_enc-mode0	60	43	0	1938194.0	1938.194	37.392833333333336	46.27083333333334	46.327666666666666	37.372493	46.267056	46.321049	91.20564665544798	3528796.0	58.813266666666664	5859.15	1920	1080	29.97	8	4dfd044e8a4e8f660a665bae272962b7	6785e6c7c0b84b357565cf45b05c02aa	1920	1080	12309.0	3.0	11304.0	23300.0	False	False	0.9912498454252879	0.9820505213201071
touchdown_pass_1080p_60f	touchdown_pass_1080p_60f	svtav1	svtav1_20200715_73793b0_enc-mode0	60	55	0	801279.0	801.279	35.048	44.39400000000001	44.49750000000001	35.023801	44.390394	44.49088100000001	81.95714908561698	2299542.0	38.3257	3972.15	1920	1080	29.97	8	6157c33683e456097a19a9272ab8d656	61c0311adaa0655730adc8892da09aad	1920	1080	12758.0	5.0	9324.0	23348.0	False	False	0.9791647851467132	0.9635080610416465
touchdown_pass_1080p_60f	touchdown_pass_1080p_60f	svtav1	svtav1_20200715_73793b0_enc-mode0	60	59	0	479868.0	479.868	33.322500000000005	43.21683333333332	43.41416666666667	33.299563	43.21445099999999	43.409278	71.54372926270236	2497108.0	41.61846666666667	3759.73	1920	1080	29.97	8	a6660567427c0c5fafbaf23965059705	85c659ca5eb255c8647207c258cd9e67	1920	1080	12685.0	4.0	9686.0	24215.0	False	False	0.9538712282975514	0.9337275213992602
Netflix_TunnelFlag_1920x1080_60f	Netflix_TunnelFlag_1920x1080_60f	svtav1	svtav1_20200715_73793b0_enc-mode0	60	20	0	27063864.0	27063.864	42.73800000000001	46.751333333333335	48.30666666666668	42.726015	46.744431	48.301712	99.91153316445282	6934246.0	115.57076666666667	12104.99	1920	1080	60.0	8	07548d004208f66cc0957bb7f84ff41e	869319b8b1fe5fa3cf855dcdb05a7151	1920	1080	12286.0	5.0	20345.0	22919.0	False	False	0.9986226250727971	0.9965073638047761
Netflix_TunnelFlag_1920x1080_60f	Netflix_TunnelFlag_1920x1080_60f	svtav1	svtav1_20200715_73793b0_enc-mode0	60	32	0	13249696.0	13249.696	40.347500000000004	45.16683333333334	47.08783333333333	40.326755	45.15973999999999	47.07988	99.87264260923784	6220751.0	103.67918333333333	10935.54	1920	1080	60.0	8	70b831cdd04ce7963e3aa80b64bec968	2dadf5102de8f286f37a33b745d7cdd1	1920	1080	12241.0	3.0	17351.0	22659.0	False	False	0.99748794734478	0.9940894040872233
Netflix_TunnelFlag_1920x1080_60f	Netflix_TunnelFlag_1920x1080_60f	svtav1	svtav1_20200715_73793b0_enc-mode0	60	43	0	6626672.0	6626.672	37.88816666666667	43.27733333333334	45.629666666666665	37.847167	43.272252	45.622238	99.8481975285653	4760561.0	79.34268333333333	8048.43	1920	1080	60.0	8	9d7b59345607bba8995f57ee90d3568e	ecdec97cb703c7d84217015de890bdae	1920	1080	12456.0	3.0	15511.0	23007.0	False	False	0.9951355000336964	0.9898739462759486
Netflix_TunnelFlag_1920x1080_60f	Netflix_TunnelFlag_1920x1080_60f	svtav1	svtav1_20200715_73793b0_enc-mode0	60	55	0	3271544.0	3271.544	35.18616666666667	41.04883333333332	43.87983333333333	35.14068	41.043425	43.869032	99.80340847419697	3742862.0	62.381033333333335	5904.77	1920	1080	60.0	8	4a32b2171f2dbc72f50cb42981b43675	275435023383e519d3ee3629d6e5c515	1920	1080	12361.0	4.0	14287.0	23556.0	False	False	0.9908713340759278	0.9837272102445039
Netflix_TunnelFlag_1920x1080_60f	Netflix_TunnelFlag_1920x1080_60f	svtav1	svtav1_20200715_73793b0_enc-mode0	60	59	0	2357776.0	2357.776	33.7425	39.67966666666666	42.42100000000001	33.712965	39.677533	42.416226	99.62282489322972	3363010.0	56.05016666666667	5465.26	1920	1080	60.0	8	7861e660eeb570b5be60cf2c30dab156	92124b0a79bc3487cf44bca16d558f65	1920	1080	12610.0	4.0	13955.0	23868.0	False	False	0.9876301010449727	0.9797287803258297
ducks_take_off_1080p50_60f	ducks_take_off_1080p50_60f	svtav1	svtav1_20200715_73793b0_enc-mode0	60	20	0	105952173.0	105952.173	38.632	38.83383333333333	41.10700000000001	38.539589	38.815588	41.104412	98.40558689399784	16942016.0	282.36693333333335	31603.56	1920	1080	50.0	8	5915b2498cd33a95c249938c447db9eb	7c9d4d4770b2b3c42398eaedd91c3bbe	1920	1080	16482.0	6.0	35161.0	23101.0	False	False	0.9987217883268992	0.9955679076777364
ducks_take_off_1080p50_60f	ducks_take_off_1080p50_60f	svtav1	svtav1_20200715_73793b0_enc-mode0	60	32	0	27904933.0	27904.933	34.943333333333335	36.68483333333332	39.69316666666667	34.933327	36.679532	39.689891	93.14022164862965	11514237.0	191.90395	20391.73	1920	1080	50.0	8	f3b4a0e4705bf3e7fdac0fa3963ebdad	02fd764b3915bdce2d3b57d874d22a6b	1920	1080	16203.0	4.0	29126.0	25045.0	False	False	0.9964339594046275	0.9896115242078685
ducks_take_off_1080p50_60f	ducks_take_off_1080p50_60f	svtav1	svtav1_20200715_73793b0_enc-mode0	60	43	0	9801393.0	9801.393	32.94116666666666	34.86633333333334	38.34016666666666	32.934168	34.844124	38.335415	84.1556198218268	7220884.0	120.34806666666667	11771.09	1920	1080	50.0	8	3202de9faccaa7529e4b98d1d016d664	b784ab1c58b4b13fb6c72b49ae541563	1920	1080	16439.0	4.0	20720.0	24151.0	False	False	0.990786983569463	0.981016929841799
ducks_take_off_1080p50_60f	ducks_take_off_1080p50_60f	svtav1	svtav1_20200715_73793b0_enc-mode0	60	55	0	3545973.0	3545.973	30.441333333333326	32.970166666666664	37.12133333333334	30.424087	32.943244	37.118529	67.19220582904889	4111251.0	68.52085	6851.79	1920	1080	50.0	8	b35baac8c1b4a1fccaae9d3dd5d34666	1544be9374b6176c1d7bbbc41dc9c77c	1920	1080	15772.0	15.0	16375.0	23466.0	False	False	0.9740658054749171	0.9601797592086948
ducks_take_off_1080p50_60f	ducks_take_off_1080p50_60f	svtav1	svtav1_20200715_73793b0_enc-mode0	60	59	0	2299786.0	2299.786	29.27583333333333	32.122666666666674	36.515833333333326	29.256219	32.101382	36.514989	57.70992959294817	3232705.0	53.878416666666666	5308.79	1920	1080	50.0	8	ba54fd3fceb7e3ea02584e0f9c2162aa	0a695e4a85c877c79f247e5a5a8a14f6	1920	1080	16159.0	3.0	14880.0	23116.0	False	False	0.9604762574036916	0.94471907682362
wikipedia_420	wikipedia_420	svtav1	svtav1_20200715_73793b0_enc-mode0	60	20	0	1116420.0	1116.4200000000003	52.307333333333354	52.8045	53.43899999999999	52.304392	52.578333	53.33079	99.83568862879413	5533451.0	92.22418333333333	9128.32	1920	1080	30.0	8	35fd41e8b101b2beacbc216a3a01ef74	e2805f10a534265f7d8ad2c356d6d576	1920	1080	9185.0	5.0	2422.0	23235.0	False	False	0.9991650094588598	0.9986532492023954
wikipedia_420	wikipedia_420	svtav1	svtav1_20200715_73793b0_enc-mode0	60	32	0	680616.0	680.616	49.51750000000002	50.11983333333333	51.247	49.514171	49.828206	51.147252	99.80391632764614	4803924.0	80.0654	8477.17	1920	1080	30.0	8	816b9ca30812c1af505148c3ac0b7072	482bd280a8adcd2b130cffe35eba383a	1920	1080	8817.0	3.0	2490.0	23053.0	False	False	0.9987461169560751	0.9980159801816245
wikipedia_420	wikipedia_420	svtav1	svtav1_20200715_73793b0_enc-mode0	60	43	0	499552.0	499.552	46.82950000000001	47.6315	48.96616666666664	46.821457	47.520055	48.930402	99.74716357687181	4710235.0	78.50391666666667	7530.98	1920	1080	30.0	8	e85f9e54bc70b721827191928c0af3a5	0205e9462a4a669de0599114dc788a70	1920	1080	8968.0	3.0	2648.0	23369.0	False	False	0.9984998613595962	0.9977173332554103
wikipedia_420	wikipedia_420	svtav1	svtav1_20200715_73793b0_enc-mode0	60	55	0	361940.0	361.94	42.53833333333335	44.905833333333355	46.335833333333326	42.524368	44.865988	46.297166	99.49041792283525	4071285.0	67.85475	6626.49	1920	1080	30.0	8	406606304ae3ecfb8697744c89d46bc0	b264502dcdbdf0b2d9f2b753f156e53f	1920	1080	8752.0	4.0	2364.0	23443.0	False	False	0.9977799952030182	0.9968789081164311
wikipedia_420	wikipedia_420	svtav1	svtav1_20200715_73793b0_enc-mode0	60	59	0	316544.0	316.544	40.74900000000001	43.6875	44.87883333333333	40.735175	43.657029	44.839149	99.27222442017298	3890491.0	64.84151666666666	6046.37	1920	1080	30.0	8	e7048a5feb23a74296913e493e2e73cc	29d69d50b524bf5610ac728faa2500c0	1920	1080	8548.0	8.0	2441.0	23340.0	False	False	0.9970536549886068	0.9961360815034302
ToddlerFountn_1920x1080_2997_10b	ToddlerFountn_1920x1080_2997_10b	svtav1	svtav1_20200715_73793b0_enc-mode0	60	20	0	56217074.0	56217.074	41.13916666666666	46.265833333333326	43.68350000000001	41.132462	46.265071	43.681185	99.85346398855924	19335023.0	322.25038333333333	35998.8	1920	1080	29.97	10	3196297953b9d8d469530e03ea62a647	9b6588837827088e70b32d275972fc0d	1920	1080	23235.0	4.0	32975.0	23114.0	False	False	0.9975896875063578	0.9948584885153658
ToddlerFountn_1920x1080_2997_10b	ToddlerFountn_1920x1080_2997_10b	svtav1	svtav1_20200715_73793b0_enc-mode0	60	32	0	27631518.0	27631.518	36.93966666666666	44.728333333333346	41.739000000000004	36.931058	44.727362	41.736924	99.7254950135916	17412449.0	290.20748333333336	32730.44	1920	1080	29.97	10	f9583d8a6f800c4426f5b382730c61fa	08164695bad6015c3d898fdd11eae3bd	1920	1080	21579.0	4.0	28642.0	23633.0	False	False	0.9927350749572118	0.9859026709968631
ToddlerFountn_1920x1080_2997_10b	ToddlerFountn_1920x1080_2997_10b	svtav1	svtav1_20200715_73793b0_enc-mode0	60	43	0	12224714.0	12224.714	33.38933333333333	43.175	40.251833333333344	33.364037	43.17284299999999	40.248707	89.8754372121281	12255526.0	204.25876666666667	22721.11	1920	1080	29.97	10	49677b9a5416fc5ecbf5c30794f313b0	50e17028743e21ae2175270ac5f9fe83	1920	1080	21214.0	3.0	23420.0	22812.0	False	False	0.979075770576795	0.9650156124627943
ToddlerFountn_1920x1080_2997_10b	ToddlerFountn_1920x1080_2997_10b	svtav1	svtav1_20200715_73793b0_enc-mode0	60	55	0	4533662.0	4533.662	30.123666666666665	41.59283333333334	39.012666666666675	30.095094	41.590773	39.010884	67.94438608995102	8404561.0	140.07601666666667	14965.5	1920	1080	29.97	10	77d4d004de7f220040f0cfd829f73f1e	98fa0651646b621be8595d066861cf74	1920	1080	22979.0	3.0	19682.0	23402.0	False	False	0.9396384606758753	0.9181295271119697
ToddlerFountn_1920x1080_2997_10b	ToddlerFountn_1920x1080_2997_10b	svtav1	svtav1_20200715_73793b0_enc-mode0	60	59	0	2838527.0	2838.527	28.893833333333326	40.827833333333324	38.59	28.869287	40.824377	38.588417	56.52244203490849	7110711.0	118.51185	12714.68	1920	1080	29.97	10	a317ec4810c7ce803f146ed70f6b5eb6	6929e32460b025f9a12e9a8f8239407c	1920	1080	22479.0	4.0	17957.0	23005.0	False	False	0.9113181332747141	0.8894529245828201
MINECRAFT_60f_420	MINECRAFT_60f_420	svtav1	svtav1_20200715_73793b0_enc-mode0	60	20	0	82540904.0	82540.904	44.993833333333335	46.24750000000003	46.692000000000014	44.705728	46.073084	46.537404	99.9574232607527	17142333.0	285.70555	30588.87	1920	1080	60.0	8	183a27e3faab276c0711b091e0ecd820	8f625f7316ff7ee3ac5f672dcba49e4b	1920	1080	14046.0	4.0	29337.0	23360.0	False	False	0.9986375669638315	0.9978236830751818
MINECRAFT_60f_420	MINECRAFT_60f_420	svtav1	svtav1_20200715_73793b0_enc-mode0	60	32	0	48364624.0	48364.624	39.76716666666667	44.224333333333334	44.458	39.404232	44.089232	44.33845	99.93981631418846	15859276.0	264.32126666666665	27253.73	1920	1080	60.0	8	0e3abe3a6372f265a4bf6b6a66e2d93b	73824d001f4f927ffabe11978b23688c	1920	1080	14493.0	4.0	26264.0	23730.0	False	False	0.9957787682612737	0.993088151179266
MINECRAFT_60f_420	MINECRAFT_60f_420	svtav1	svtav1_20200715_73793b0_enc-mode0	60	43	0	20651616.0	20651.616	34.717333333333336	42.1655	42.209666666666664	34.398695	42.05769	42.101442	95.55585712722076	13710571.0	228.50951666666666	23215.84	1920	1080	60.0	8	841d8dd46e32f59616aeb9965e4ce429	d3c902c77319b6748bf80574e990e963	1920	1080	14109.0	2.0	18048.0	23606.0	False	False	0.9861369560162226	0.978075586163339
MINECRAFT_60f_420	MINECRAFT_60f_420	svtav1	svtav1_20200715_73793b0_enc-mode0	60	55	0	6782624.0	6782.624	30.963833333333344	39.921833333333325	39.76716666666667	30.765046	39.8314	39.65359	79.61637279041061	10733650.0	178.89416666666668	17822.73	1920	1080	60.0	8	68ae9217129e892aa190b1c966278c32	a1d7c2e9ef4552db371b12e5a6557dab	1920	1080	13584.0	4.0	12458.0	23410.0	False	False	0.9578504045804341	0.9405877981039145
MINECRAFT_60f_420	MINECRAFT_60f_420	svtav1	svtav1_20200715_73793b0_enc-mode0	60	59	0	4629376.0	4629.376	29.97500000000001	39.20233333333333	38.875	29.809719000000005	39.123739	38.768114	72.20835781880766	9650913.0	160.84855	16987.65	1920	1080	60.0	8	61d7daf1a1f309668880a92ff6d954fd	f4509ce4a35ca2be086a5e63ea03cabe	1920	1080	13911.0	7.0	10557.0	23156.0	False	False	0.9380468279123306	0.9185467468701953
