Netflix_DrivingPOV_1280x720_60fp	Netflix_DrivingPOV_1280x720_60fp	svtav1	svtav1_20191025_cc303a3	60	20	12701776.0	12701.776	43.12016666666666	46.69116666666666	45.339166666666664	43.078365	46.680485	45.329059	99.675935	1535778.0	25.5963	1280	720	60.0	8	9e3e9dfccc133a2c15dfc7fe99aa546f	90605dab377d7f47918d03da99b2b8b1	1280	720	9639.0	5.0	7124.0	2560.0	False	False
Netflix_DrivingPOV_1280x720_60fp	Netflix_DrivingPOV_1280x720_60fp	svtav1	svtav1_20191025_cc303a3	60	32	6175776.0	6175.776	40.849	45.44233333333332	44.35600000000001	40.790634	45.431023	44.349244	98.78750800000002	1377473.0	22.957883333333335	1280	720	60.0	8	5079103f629c14ec47417ca26c31ed3e	a0f49cc50e8de55f6c8e3aa28ac89294	1280	720	7693.0	4.0	5964.0	2446.0	False	False
Netflix_DrivingPOV_1280x720_60fp	Netflix_DrivingPOV_1280x720_60fp	svtav1	svtav1_20191025_cc303a3	60	43	3001696.0	3001.6960000000004	38.27166666666666	43.59466666666666	43.086333333333336	38.218095999999996	43.586202	43.082119	96.565157	723320.0	12.055333333333333	1280	720	60.0	8	0c864d94466ed6416f274cda8cf49749	7da41c756db482cf7067abea1601e347	1280	720	5002.0	8.0	5256.0	2534.0	False	False
Netflix_DrivingPOV_1280x720_60fp	Netflix_DrivingPOV_1280x720_60fp	svtav1	svtav1_20191025_cc303a3	60	55	1301960.0	1301.96	35.09116666666666	41.10083333333334	41.47333333333332	35.048556	41.095131	41.469811	90.937233	781901.0	13.031683333333334	1280	720	60.0	8	1dd3cd52ea3cd87981a66c0477899aa0	7bf2f2ebe2e8667a352f3addb0b14300	1280	720	4561.0	4.0	4608.0	2572.0	False	False
Netflix_DrivingPOV_1280x720_60fp	Netflix_DrivingPOV_1280x720_60fp	svtav1	svtav1_20191025_cc303a3	60	63	355304.0	355.304	29.753000000000004	36.960166666666645	38.385500000000015	29.742043	36.955497	38.384024	67.06206	638187.0	10.63645	1280	720	60.0	8	479d543ed3a768cf11f824fe83344f4a	9a0dcf585e5a5d68e942b776ed4d6830	1280	720	5322.0	4.0	3742.0	2515.0	False	False
niklas360p_60f	niklas360p_60f	svtav1	svtav1_20191025_cc303a3	60	20	1547512.0	1547.512	44.61699999999999	48.07316666666667	47.773166666666675	44.509999	48.00902899999999	47.709459	98.410595	735350.0	12.255833333333333	640	360	30.0	8	3af821aeeb8350cd88c57254c670d813	66cd0167b342f97213c1d350c45ff689	640	360	1884.0	5.0	1861.0	585.0	False	False
niklas360p_60f	niklas360p_60f	svtav1	svtav1_20191025_cc303a3	60	32	844508.0	844.508	42.214333333333336	46.5705	46.04133333333334	42.12138	46.533678	45.998122	96.914824	312514.0	5.208566666666667	640	360	30.0	8	49817ab50995ce7eef0d915f3d34202e	ce53c76d95b0be9436e5626eea61983c	640	360	1429.0	4.0	1622.0	776.0	False	False
niklas360p_60f	niklas360p_60f	svtav1	svtav1_20191025_cc303a3	60	43	461928.0	461.928	39.388999999999996	44.87549999999999	44.00716666666667	39.303313	44.853629	43.978728	93.659532	200627.0	3.3437833333333336	640	360	30.0	8	a00c0c4fbc1924346b5cf8927af11571	9d87da7bbc4720e7f46382a99ca61ee3	640	360	2595.0	5.0	1383.0	600.0	False	False
niklas360p_60f	niklas360p_60f	svtav1	svtav1_20191025_cc303a3	60	55	227644.0	227.64399999999998	35.83733333333334	42.419333333333334	41.283333333333324	35.787009	42.404705	41.262455	86.436103	254513.0	4.241883333333333	640	360	30.0	8	1acc1850ab8ff6373dda6ee1d0c82645	bea9c6e6883c1b8f73955b4a4f763224	640	360	1684.0	11.0	1302.0	759.0	False	False
niklas360p_60f	niklas360p_60f	svtav1	svtav1_20191025_cc303a3	60	63	76992.0	76.992	30.24366666666666	38.65266666666665	36.94350000000001	30.229588	38.637842	36.910065	62.514966	133521.0	2.22535	640	360	30.0	8	41e24dcae498cfd6c1db8abb49e63062	c9fc7193f32bde7af9bcdbb791cd95f3	640	360	1310.0	4.0	894.0	596.0	False	False
Market3_1920x1080p_50_10b_pq_709	Market3_1920x1080p_50_10b_pq_709	svtav1	svtav1_20191025_cc303a3	60	32	8463400.0	8463.4	43.20683333333333	50.37916666666667	51.47533333333332	43.16320600000001	50.373723	51.4702	99.05431	2483588.0	41.39313333333333	1920	1080	50.0	10	1c53d18cc1eb0eed048603b7dd851a1c	5b04382323742dced42b18f8ec1c49cb	1920	1080	17537.0	23.0	15223.0	7256.0	False	False
Market3_1920x1080p_50_10b_pq_709	Market3_1920x1080p_50_10b_pq_709	svtav1	svtav1_20191025_cc303a3	60	43	4296060.0	4296.06	40.381333333333345	48.150999999999996	49.4635	40.3292	48.146689	49.461148	96.231011	1070842.0	17.847366666666666	1920	1080	50.0	10	822abffb8992b66c748d108bfb611719	e52baebc3872ab553877798eef537f77	1920	1080	12934.0	5.0	10671.0	6167.0	False	False
Market3_1920x1080p_50_10b_pq_709	Market3_1920x1080p_50_10b_pq_709	svtav1	svtav1_20191025_cc303a3	60	55	1794706.0	1794.706	36.52433333333333	45.39866666666667	46.817333333333345	36.496936	45.397777	46.814717	89.048426	1859632.0	30.993866666666666	1920	1080	50.0	10	564712fc711da087dfc4d7181921882d	caa7f816f28c51f3ed40430516e6ade7	1920	1080	13547.0	18.0	13564.0	9286.0	False	False
Market3_1920x1080p_50_10b_pq_709	Market3_1920x1080p_50_10b_pq_709	svtav1	svtav1_20191025_cc303a3	60	63	408106.0	408.106	30.94600000000001	41.47966666666665	43.017	30.942732	41.47362	43.005611	58.902975	1585101.0	26.41835	1920	1080	50.0	10	4472460e3658c85f900c510b54a91c63	bac9fd7ea6d6146a8cf6444c158890c4	1920	1080	13142.0	5.0	8363.0	6262.0	False	False
vidyo4_720p_60fps_60f	vidyo4_720p_60fps_60f	svtav1	svtav1_20191025_cc303a3	60	20	6340112.0	6340.112	44.47099999999999	50.114499999999985	50.42316666666667	44.415249	50.105195	50.415444	97.847011	1242479.0	20.707983333333335	1280	720	60.0	8	160dd24e1b1e7ea1342ebcf55c192d7a	9a93dc49eee03b3b8322dc7ac8199557	1280	720	14515.0	9.0	5187.0	2479.0	False	False
vidyo4_720p_60fps_60f	vidyo4_720p_60fps_60f	svtav1	svtav1_20191025_cc303a3	60	32	2162120.0	2162.12	42.98033333333332	49.535500000000006	49.855000000000004	42.919753	49.527293	49.847978	96.580841	994914.0	16.5819	1280	720	60.0	8	fbd4cc0818bb31770d87bbd014cc16c6	c858c5f5811769e6b708e9df50656aca	1280	720	5337.0	21.0	6404.0	3750.0	False	False
vidyo4_720p_60fps_60f	vidyo4_720p_60fps_60f	svtav1	svtav1_20191025_cc303a3	60	43	1021328.0	1021.328	41.65666666666667	48.70433333333336	48.981666666666655	41.59202	48.693262	48.972797	94.711463	1040043.0	17.33405	1280	720	60.0	8	5b1ed21129c15bebeab91b3a425adcff	6dcde1e4d220c500eb3bb547218560f9	1280	720	5650.0	7.0	2803.0	2473.0	False	False
vidyo4_720p_60fps_60f	vidyo4_720p_60fps_60f	svtav1	svtav1_20191025_cc303a3	60	55	458288.0	458.28799999999995	39.4325	46.981999999999985	47.18166666666666	39.36752	46.967425	47.171922	89.79732600000001	324369.0	5.40615	1280	720	60.0	8	674d417ef6f9070aad71d68543d99358	bb1474cb79241192430550f49adc16c8	1280	720	3619.0	5.0	2443.0	2579.0	False	False
vidyo4_720p_60fps_60f	vidyo4_720p_60fps_60f	svtav1	svtav1_20191025_cc303a3	60	63	153072.0	153.072	34.49366666666668	42.37516666666668	42.36899999999999	34.468	42.37321	42.366458	68.977269	285756.0	4.7626	1280	720	60.0	8	1c0aa2d45bfaa371e1a0fa93b81a6f9f	9a1d458336c565a578fde6a17db7b7da	1280	720	6680.0	7.0	2510.0	2791.0	False	False
KristenAndSara_1280x720_60f	KristenAndSara_1280x720_60f	svtav1	svtav1_20191025_cc303a3	60	20	4033336.0	4033.336	44.83283333333333	49.17483333333333	50.10033333333334	44.818211	49.171038	50.097788	97.008761	1296764.0	21.612733333333335	1280	720	60.0	8	bfb0041b90e2da1ee67bbbcf546086bf	bb69b2338bea25b57fdd8ee06b8cc143	1280	720	3722.0	6.0	5202.0	2895.0	False	False
KristenAndSara_1280x720_60f	KristenAndSara_1280x720_60f	svtav1	svtav1_20191025_cc303a3	60	32	1538376.0	1538.376	43.70766666666667	48.494833333333325	49.41366666666665	43.69179999999999	48.491824	49.41140699999999	96.237645	2756616.0	45.9436	1280	720	60.0	8	2179376c4de9f0d8f00959abf23048fc	863ad650a8b7a37ffa83808d6dfa8c42	1280	720	10233.0	7.0	3362.0	2716.0	False	False
KristenAndSara_1280x720_60f	KristenAndSara_1280x720_60f	svtav1	svtav1_20191025_cc303a3	60	43	792336.0	792.336	42.47433333333333	47.52066666666667	48.36166666666665	42.455518	47.516642	48.359297	94.83831	555597.0	9.25995	1280	720	60.0	8	ca6e614bfc3a1ad5752d59b19cd4c6f7	f4613601291f89e14565ef25946aea9c	1280	720	12096.0	15.0	4448.0	2702.0	False	False
KristenAndSara_1280x720_60f	KristenAndSara_1280x720_60f	svtav1	svtav1_20191025_cc303a3	60	55	375536.0	375.536	40.22383333333333	45.40916666666665	46.45616666666668	40.203885	45.405472	46.453663	91.154516	343615.0	5.726916666666667	1280	720	60.0	8	b3f0147fdff5468213780257439828dc	c7a4857c73824f6cc3381737ee3ceb52	1280	720	4638.0	3.0	2414.0	2452.0	False	False
KristenAndSara_1280x720_60f	KristenAndSara_1280x720_60f	svtav1	svtav1_20191025_cc303a3	60	63	121968.0	121.968	34.543	40.7876666666667	41.67466666666669	34.540303	40.786741	41.673991	71.949406	307438.0	5.123966666666667	1280	720	60.0	8	55bf8da885871f2f765b228e52271734	bcd0388838c80ccb0a5ae1c4b48ff99a	1280	720	13986.0	11.0	2289.0	3186.0	False	False
DOTA2_60f_420	DOTA2_60f_420	svtav1	svtav1_20191025_cc303a3	60	20	18110784.0	18110.784	45.916666666666664	49.77666666666667	49.84216666666667	45.877258	49.721954	49.810641	97.719884	2129121.0	35.48535	1920	1080	60.0	8	18cbdd78fa705b24d85adacb3215d15c	c4fae9d7ce184f6d496b1d31fd0c5b03	1920	1080	8963.0	6.0	9408.0	6086.0	False	False
DOTA2_60f_420	DOTA2_60f_420	svtav1	svtav1_20191025_cc303a3	60	32	9394352.0	9394.352	43.740166666666674	47.82849999999997	48.04116666666667	43.659552	47.736955	47.994374	96.19653	1742395.0	29.039916666666667	1920	1080	60.0	8	0250fd277512796e8d84eddd70e3429f	6988fa8540260a8920cc8f62ed8c68a7	1920	1080	9024.0	4.0	14112.0	7407.0	False	False
DOTA2_60f_420	DOTA2_60f_420	svtav1	svtav1_20191025_cc303a3	60	43	4666080.0	4666.08	41.132	45.43066666666668	45.796833333333325	41.029032	45.322223	45.746952	93.067939	3917799.0	65.29665	1920	1080	60.0	8	b16926e4904ec50e0f486ef7cc938c48	31af71ee513f5d63039d526c42b66e7f	1920	1080	13925.0	14.0	26715.0	14771.0	False	False
DOTA2_60f_420	DOTA2_60f_420	svtav1	svtav1_20191025_cc303a3	60	55	1870752.0	1870.752	37.680666666666646	42.20749999999999	42.58216666666669	37.590281	42.121459	42.553813	85.629045	1272816.0	21.2136	1920	1080	60.0	8	9f2b0a7c5770e9e6d88e7ee149190f21	8c6d1427a6da8833af0f9eaa7165e992	1920	1080	9028.0	3.0	7239.0	7740.0	False	False
DOTA2_60f_420	DOTA2_60f_420	svtav1	svtav1_20191025_cc303a3	60	63	484072.0	484.072	32.08816666666668	37.06083333333333	37.275333333333336	32.082922	37.056266	37.260521	56.652291	1268066.0	21.134433333333334	1920	1080	60.0	8	9d1ea3f7dcf12364617dcac5fb4b097a	814db9124b61477fc90ef15bb44da924	1920	1080	10377.0	4.0	5132.0	6352.0	False	False
Netflix_Aerial_1920x1080_60fps_8	Netflix_Aerial_1920x1080_60fps_8	svtav1	svtav1_20191025_cc303a3	60	20	26965960.0	26965.96	43.176333333333325	46.07566666666666	45.721499999999985	43.139565	46.059831	45.70986	96.92286799999998	2446081.0	40.76801666666667	1920	1080	60.0	8	46a2371c529dc82f08e2e6fe2f3d10e9	05263647a72295df2461f3b63e804424	1920	1080	35069.0	8.0	16751.0	9145.0	False	False
Netflix_Aerial_1920x1080_60fps_8	Netflix_Aerial_1920x1080_60fps_8	svtav1	svtav1_20191025_cc303a3	60	32	12664944.0	12664.944	41.275833333333324	44.81250000000001	44.679	41.21655	44.803294	44.67396999999999	94.848655	2038679.0	33.977983333333334	1920	1080	60.0	8	fe6c18c40bc620a895f87adf120211a3	8307e21540d810bdb62f42afed310fbc	1920	1080	10087.0	9.0	13513.0	6118.0	False	False
Netflix_Aerial_1920x1080_60fps_8	Netflix_Aerial_1920x1080_60fps_8	svtav1	svtav1_20191025_cc303a3	60	43	6092072.0	6092.072	38.86466666666666	43.195166666666665	43.5485	38.784931	43.186719	43.545698	91.572484	1950150.0	32.5025	1920	1080	60.0	8	81c605bdaca6976c4b3a9d5a7d63f56b	c2a5187d95ac7ea1a728081872c2478b	1920	1080	12107.0	11.0	15428.0	7982.0	False	False
Netflix_Aerial_1920x1080_60fps_8	Netflix_Aerial_1920x1080_60fps_8	svtav1	svtav1_20191025_cc303a3	60	55	2339000.0	2339.0	35.29366666666667	40.976833333333325	42.017	35.254785	40.972662	42.011066	83.826315	1874352.0	31.2392	1920	1080	60.0	8	46de90e320b997c3a555b0b21ded15de	cbf08644f0b66be54b9d26603e7ce913	1920	1080	14608.0	11.0	11870.0	6997.0	False	False
Netflix_Aerial_1920x1080_60fps_8	Netflix_Aerial_1920x1080_60fps_8	svtav1	svtav1_20191025_cc303a3	60	63	392832.0	392.832	29.58016666666667	37.704166666666666	39.95483333333333	29.568595	37.691583	39.940337	49.894038	1444736.0	24.07893333333333	1920	1080	60.0	8	0bca8d3ce2f9f3e71fd929a53039ddc5	77f510ef361611f7d9271d8a639b84d6	1920	1080	39065.0	11.0	16742.0	7648.0	False	False
ducks_take_off_1080p50_60f	ducks_take_off_1080p50_60f	svtav1	svtav1_20191025_cc303a3	60	20	116502566.0	116502.566	38.968333333333334	39.34233333333335	41.39833333333333	38.940985	39.31535999999999	41.368231	98.764656	6258526.0	104.30876666666667	1920	1080	50.0	8	00e08f57d38b193f68375def83493533	e0ecf0b7c613ffc3ca0fbf205152ca4b	1920	1080	25698.0	10.0	51290.0	8062.0	False	False
ducks_take_off_1080p50_60f	ducks_take_off_1080p50_60f	svtav1	svtav1_20191025_cc303a3	60	32	33989766.0	33989.766	35.28983333333334	37.010333333333314	39.95266666666667	35.253072	36.985329	39.938579	93.893796	2769760.0	46.16266666666667	1920	1080	50.0	8	2457fc76e6ed60bdf07839caf02af1a7	5b020deb2de764d72f6f0a8bb33c56d5	1920	1080	11878.0	3.0	27106.0	6361.0	False	False
ducks_take_off_1080p50_60f	ducks_take_off_1080p50_60f	svtav1	svtav1_20191025_cc303a3	60	43	11310726.0	11310.726	33.17266666666667	35.223166666666664	38.55849999999999	33.145353	35.18497	38.54699	84.990753	4487647.0	74.79411666666667	1920	1080	50.0	8	d8b897002ba2f2f9248eb754111b4207	eaee856ab9811a884019e68a68d3e9d1	1920	1080	13468.0	7.0	20241.0	6639.0	False	False
ducks_take_off_1080p50_60f	ducks_take_off_1080p50_60f	svtav1	svtav1_20191025_cc303a3	60	55	4057233.0	4057.233	30.673999999999996	33.283166666666666	37.13983333333332	30.637421	33.245494	37.135099	68.146426	3073388.0	51.22313333333334	1920	1080	50.0	8	305fad5ca6c66cbc28ff67aa06d71471	150f4749ed26cffc01e0eda257f4bf51	1920	1080	17500.0	13.0	21164.0	7708.0	False	False
ducks_take_off_1080p50_60f	ducks_take_off_1080p50_60f	svtav1	svtav1_20191025_cc303a3	60	63	977193.0	977.193	26.745333333333328	30.079166666666683	35.453166666666675	26.687175	30.018441	35.44751800000001	36.225978000000005	1562781.0	26.04635	1920	1080	50.0	8	413b836eaaac5166edf2a7db233c71ee	55673396455fea1579f0fcba4bc80ecb	1920	1080	16274.0	13.0	19172.0	7429.0	False	False
touchdown_pass_1080p_60f	touchdown_pass_1080p_60f	svtav1	svtav1_20191025_cc303a3	60	20	22859879.0	22859.879	40.94583333333333	48.2245	48.37683333333333	40.857297	48.212066	48.364437	96.428603	5919938.0	98.66563333333333	1920	1080	29.97	8	4a757332e500cd971d8b21ffb0c1f495	ccfd327a48ec2839fa0968a5ab5a949f	1920	1080	9293.0	12.0	35735.0	7056.0	False	False
touchdown_pass_1080p_60f	touchdown_pass_1080p_60f	svtav1	svtav1_20191025_cc303a3	60	32	5826855.0	5826.855	38.876	47.483999999999995	47.59766666666668	38.843824	47.476406	47.589304	94.199736	3449317.0	57.488616666666665	1920	1080	29.97	8	378cb8220ddbf2bfe6aaac798f3c21ff	a8e62cb58cd4555cbffaf8282cf5ccbf	1920	1080	20822.0	6.0	15593.0	6722.0	False	False
touchdown_pass_1080p_60f	touchdown_pass_1080p_60f	svtav1	svtav1_20191025_cc303a3	60	43	2326398.0	2326.398	37.55016666666668	46.5805	46.64350000000001	37.52231	46.574264	46.63697	91.354956	1404259.0	23.404316666666666	1920	1080	29.97	8	09867f8b06ed7d19027eb98b9efb9744	3baa756d89c25560bed74f68294654a3	1920	1080	9593.0	3.0	12021.0	7629.0	False	False
touchdown_pass_1080p_60f	touchdown_pass_1080p_60f	svtav1	svtav1_20191025_cc303a3	60	55	991662.0	991.662	35.463	45.067833333333326	45.15049999999999	35.426945	45.063132	45.142338	84.028215	1818504.0	30.3084	1920	1080	29.97	8	c42db8d69062318c58f4570f962a553a	afe49eb9bb357d66057a7bb3558c193b	1920	1080	10047.0	8.0	11312.0	6650.0	False	False
touchdown_pass_1080p_60f	touchdown_pass_1080p_60f	svtav1	svtav1_20191025_cc303a3	60	63	253367.0	253.367	31.139500000000005	41.842833333333324	41.76666666666668	31.109035	41.840539	41.760697	52.3076	883292.0	14.721533333333333	1920	1080	29.97	8	9e521385163ecc0de9df920d4f734fae	6ff68afa590ae51499af57d2641aab8c	1920	1080	8895.0	4.0	6419.0	6780.0	False	False
vidyo1_720p_60fps_60f	vidyo1_720p_60fps_60f	svtav1	svtav1_20191025_cc303a3	60	20	4569680.0	4569.680000000001	45.76716666666668	48.24083333333335	49.585499999999996	45.744797	48.230294	49.580459	96.640706	794550.0	13.2425	1280	720	60.0	8	902968a3e8398e733b9d1d12c33775dc	58fe9f80db9b70c9055bfc77c446adb5	1280	720	6866.0	14.0	3557.0	2585.0	False	False
vidyo1_720p_60fps_60f	vidyo1_720p_60fps_60f	svtav1	svtav1_20191025_cc303a3	60	32	1700520.0	1700.52	44.20133333333333	47.707999999999984	48.933	44.189526	47.702749	48.92996	95.396684	692610.0	11.5435	1280	720	60.0	8	ef95895d261a4d1104144e2de54f81d3	78f8c02fce75efca1f34274b02cfdfcc	1280	720	3866.0	8.0	2647.0	3184.0	False	False
vidyo1_720p_60fps_60f	vidyo1_720p_60fps_60f	svtav1	svtav1_20191025_cc303a3	60	43	820976.0	820.976	42.81633333333335	47.10783333333333	48.15300000000001	42.806639	47.104825	48.150351	93.527652	589062.0	9.8177	1280	720	60.0	8	be63e5a7544c7e56a15d5a5cb3d0aa16	4b276afafbfabcad3a7ae89ef63286ee	1280	720	3669.0	14.0	4152.0	3076.0	False	False
vidyo1_720p_60fps_60f	vidyo1_720p_60fps_60f	svtav1	svtav1_20191025_cc303a3	60	55	381632.0	381.632	40.48766666666667	45.673166666666674	46.27133333333334	40.478019	45.671677	46.269838	88.813157	1160619.0	19.34365	1280	720	60.0	8	8a2c302cc750ddd51aec649559041f94	3a8335370bdd22f61ee47bf3c5521ca2	1280	720	7181.0	11.0	3916.0	2855.0	False	False
vidyo1_720p_60fps_60f	vidyo1_720p_60fps_60f	svtav1	svtav1_20191025_cc303a3	60	63	129448.0	129.448	34.70333333333334	41.54516666666666	41.67233333333334	34.699703	41.543616	41.671301	65.552092	1060253.0	17.670883333333332	1280	720	60.0	8	fdf7a90065bad16f273fb3a49f91c631	0b44e3c2fa8d4ed766d14be527a2a5b3	1280	720	3604.0	13.0	3135.0	3379.0	False	False
Netflix_FoodMarket_1920x1080_60f	Netflix_FoodMarket_1920x1080_60f	svtav1	svtav1_20191025_cc303a3	60	20	30501280.0	30501.279999999995	41.318500000000014	45.12433333333332	45.839666666666666	41.291379	45.113595	45.834489	99.343469	3227432.0	53.790533333333336	1920	1080	60.0	8	225b5f51fe66f626c2fa4bcd30e7800f	af7ea2c577acff5c4e280ec01be20353	1920	1080	9232.0	4.0	22137.0	6458.0	False	False
Netflix_FoodMarket_1920x1080_60f	Netflix_FoodMarket_1920x1080_60f	svtav1	svtav1_20191025_cc303a3	60	32	9296520.0	9296.52	40.01599999999999	44.37916666666667	45.248333333333335	40.00011	44.373071	45.24541	96.571378	2219836.0	36.99726666666667	1920	1080	60.0	8	9e74ae14bcb382832542b2c6f68b83b0	7bedfb4e58f02e905df7e4c1d5421eef	1920	1080	15226.0	12.0	22362.0	8271.0	False	False
Netflix_FoodMarket_1920x1080_60f	Netflix_FoodMarket_1920x1080_60f	svtav1	svtav1_20191025_cc303a3	60	43	4398168.0	4398.168	38.84866666666667	43.541500000000006	44.556000000000004	38.825398	43.533231	44.553018	92.606883	3114782.0	51.91303333333333	1920	1080	60.0	8	4b64c876d1b6d0758f829ce984903c81	d40e177f168e28a2905d9f6d641a8be6	1920	1080	10409.0	5.0	12173.0	6762.0	False	False
Netflix_FoodMarket_1920x1080_60f	Netflix_FoodMarket_1920x1080_60f	svtav1	svtav1_20191025_cc303a3	60	55	1904944.0	1904.944	36.82183333333333	42.21533333333334	43.302333333333344	36.787524	42.20499499999999	43.297485	82.789917	1110319.0	18.505316666666666	1920	1080	60.0	8	71d410be89be7ced81ce4c422dfcd8a0	66eeedb943893d908553f6b5edac36eb	1920	1080	8746.0	4.0	10335.0	6342.0	False	False
Netflix_FoodMarket_1920x1080_60f	Netflix_FoodMarket_1920x1080_60f	svtav1	svtav1_20191025_cc303a3	60	63	524304.0	524.304	32.82583333333334	39.56983333333333	40.300333333333334	32.805531	39.564101	40.267521	53.707474	1298079.0	21.63465	1920	1080	60.0	8	d2d662c543cdd6886573e56758b3a324	6a4b2da62fbc2b032904b714340a09b6	1920	1080	8840.0	5.0	8091.0	6322.0	False	False
rush_hour_1080p25_60f	rush_hour_1080p25_60f	svtav1	svtav1_20191025_cc303a3	60	20	7275916.0	7275.916	43.15266666666669	47.08916666666665	49.13066666666667	43.146806	47.084348	49.124777	97.149645	2843310.0	47.3885	1920	1080	25.0	8	80464702419c7c999e2f19c5309a6147	1506b3511208090a180203ea800be26c	1920	1080	7586.0	4.0	19835.0	6622.0	False	False
rush_hour_1080p25_60f	rush_hour_1080p25_60f	svtav1	svtav1_20191025_cc303a3	60	32	3156443.0	3156.443	42.32050000000001	46.33016666666666	48.15483333333336	42.31378	46.326438	48.149192	93.858248	1668168.0	27.8028	1920	1080	25.0	8	2c94cc97e60a062c33a5eb0e81c0ea24	a8fa53d42ee969f97e5171d5fdc4ba2c	1920	1080	10973.0	4.0	18899.0	6604.0	False	False
rush_hour_1080p25_60f	rush_hour_1080p25_60f	svtav1	svtav1_20191025_cc303a3	60	43	1508890.0	1508.89	41.086	45.40516666666666	46.93	41.065537	45.400607	46.919887	87.431164	6502537.0	108.37561666666667	1920	1080	25.0	8	2a288c7f91e98e3bdd56d03bd573cee1	5451570a918b386339157ea7b467bf7e	1920	1080	10137.0	8.0	18622.0	6796.0	False	False
rush_hour_1080p25_60f	rush_hour_1080p25_60f	svtav1	svtav1_20191025_cc303a3	60	55	661443.0	661.443	39.147500000000015	43.91933333333334	45.083833333333345	39.100431	43.911723	45.067157	76.189602	2277564.0	37.9594	1920	1080	25.0	8	1c7f8f967cbce27f108ed8f22e20a2ad	55556ab102e62d8df1c8db2ce282ed8c	1920	1080	12034.0	13.0	10499.0	6716.0	False	False
rush_hour_1080p25_60f	rush_hour_1080p25_60f	svtav1	svtav1_20191025_cc303a3	60	63	210466.0	210.466	35.44033333333334	40.653166666666685	41.34283333333334	35.392886	40.646747	41.330577	52.8484	788422.0	13.140366666666667	1920	1080	25.0	8	12424e65d2b8a73ab6bcd8b1722f7583	becac09d104e85706c1e9e0f79220d1f	1920	1080	12868.0	4.0	7980.0	7859.0	False	False
wikipedia_420	wikipedia_420	svtav1	svtav1_20191025_cc303a3	60	20	1715172.0	1715.172	55.75466666666667	52.968833333333336	53.92866666666668	55.738209	52.804171	53.869703	99.838878	1119229.0	18.653816666666668	1920	1080	30.0	8	9bad0d531096ac3ce9abbf465c765fc1	585b16cdbc361ce2ce54955916e7f174	1920	1080	6986.0	14.0	2195.0	6049.0	False	False
wikipedia_420	wikipedia_420	svtav1	svtav1_20191025_cc303a3	60	32	926964.0	926.964	51.14766666666667	50.797999999999995	51.971666666666664	51.137589	50.570616	51.912156	99.822908	1132085.0	18.868083333333335	1920	1080	30.0	8	37d995e52e804f7174f81444f764896d	67bbb238774472f2d7a6862df80c09e3	1920	1080	6548.0	4.0	2362.0	7472.0	False	False
wikipedia_420	wikipedia_420	svtav1	svtav1_20191025_cc303a3	60	43	630036.0	630.036	48.680666666666674	48.82966666666667	50.25883333333333	48.663535	48.676031	50.210981999999994	99.793527	1156023.0	19.26705	1920	1080	30.0	8	d2228b1a1708a281b13b7841299687f3	32892549e94417df04957c833b302b83	1920	1080	6281.0	3.0	3022.0	6643.0	False	False
wikipedia_420	wikipedia_420	svtav1	svtav1_20191025_cc303a3	60	55	427448.0	427.448	44.112333333333325	45.7085	47.13066666666667	44.096732	45.664058	47.10771	99.61604000000001	1251822.0	20.8637	1920	1080	30.0	8	e1d1f9227c26ba41bf13626ecae8b92c	f97a815957512dcd662b8ab08c6fe8cc	1920	1080	9073.0	8.0	2506.0	6135.0	False	False
wikipedia_420	wikipedia_420	svtav1	svtav1_20191025_cc303a3	60	63	234480.0	234.48	33.50899999999999	39.91766666666668	41.183166666666665	33.427483	39.831381	41.117188000000006	91.01468099999998	792860.0	13.214333333333334	1920	1080	30.0	8	9450ff6f1f062fa7d0d52464ed88f474	4708533e945f12e0c65a1bdc1dbf3bf6	1920	1080	5833.0	4.0	2645.0	5720.0	False	False
MINECRAFT_60f_420	MINECRAFT_60f_420	svtav1	svtav1_20191025_cc303a3	60	20	86978144.0	86978.144	43.3685	46.10783333333333	46.58899999999999	43.214578	45.949697	46.463834	99.950537	2868562.0	47.80936666666667	1920	1080	60.0	8	22b8eb05473e02d5ac19c1cdbee4b4fa	b6a226a6d7a793b9329ce1780cf7914d	1920	1080	10717.0	3.0	34635.0	6949.0	False	False
MINECRAFT_60f_420	MINECRAFT_60f_420	svtav1	svtav1_20191025_cc303a3	60	32	52053200.0	52053.2	39.202	44.28350000000001	44.67249999999998	38.962696	44.162213	44.58038	99.918226	3450496.0	57.508266666666664	1920	1080	60.0	8	3afea1e26120a987728396e72effd69d	f8a40a797e4e47d47c0fe8712cd5bab0	1920	1080	17540.0	16.0	28779.0	7646.0	False	False
MINECRAFT_60f_420	MINECRAFT_60f_420	svtav1	svtav1_20191025_cc303a3	60	43	24126264.0	24126.264	34.86833333333333	42.58500000000001	42.6945	34.603875	42.503665	42.628203	96.531991	1816748.0	30.279133333333334	1920	1080	60.0	8	97211ce3ef0b6b8459df0c7f057f616d	daf87d2fb9703d228985baa7f200753b	1920	1080	18037.0	13.0	22470.0	7471.0	False	False
MINECRAFT_60f_420	MINECRAFT_60f_420	svtav1	svtav1_20191025_cc303a3	60	55	8749128.0	8749.128	31.3845	40.353333333333325	40.35850000000002	31.24632	40.319204	40.325219	82.982017	1438246.0	23.970766666666666	1920	1080	60.0	8	e06149671d63827cc0d68680207fc9ed	b8fb4c3ce5736fce15b793ccf69bb111	1920	1080	12877.0	18.0	16748.0	7704.0	False	False
MINECRAFT_60f_420	MINECRAFT_60f_420	svtav1	svtav1_20191025_cc303a3	60	63	1748216.0	1748.216	27.554499999999997	36.36866666666667	36.895999999999994	27.500736	36.361313	36.881899	51.011668	2103310.0	35.055166666666665	1920	1080	60.0	8	7101bbe9e07a8b7eea14b44fe6317cdd	d425bac86f2280f5c1a38a7beab8c8c1	1920	1080	39906.0	11.0	11272.0	8368.0	False	False
kirland360p_60f	kirland360p_60f	svtav1	svtav1_20191025_cc303a3	60	20	318036.0	318.036	47.55233333333333	48.52599999999999	49.78533333333334	47.479605	48.498197	49.758144	96.119566	189642.0	3.1607	640	360	30.0	8	d9340400d1cc332df394033830ca52db	711e7c273d9c282343a1b3bbd8edc8ba	640	360	1050.0	3.0	770.0	471.0	False	False
kirland360p_60f	kirland360p_60f	svtav1	svtav1_20191025_cc303a3	60	32	150504.0	150.504	46.22766666666667	48.00733333333332	48.93833333333334	46.108028	47.986766	48.91545800000001	94.99798	115569.0	1.92615	640	360	30.0	8	bb13b814f3b7d04ec0124230542b01d0	e8de5e9aed5750591eee61894dbb9fec	640	360	974.0	4.0	569.0	521.0	False	False
kirland360p_60f	kirland360p_60f	svtav1	svtav1_20191025_cc303a3	60	43	83596.0	83.596	44.511833333333335	47.357499999999995	47.83866666666664	44.331097	47.328136	47.774175	92.647587	380598.0	6.3433	640	360	30.0	8	9bc41d6e65cc5ca019ad8e4097a77c73	4db7003ef765a50a03aae6e497897380	640	360	2075.0	19.0	1075.0	1113.0	False	False
kirland360p_60f	kirland360p_60f	svtav1	svtav1_20191025_cc303a3	60	55	44624.0	44.624	41.70216666666667	46.08799999999999	46.12866666666664	41.445261	46.049828	45.953707	86.75159	105021.0	1.75035	640	360	30.0	8	37599572a5bf3966e6131501719b255b	6af4a11d2fa5db08ab904b795c2263ee	640	360	1210.0	4.0	424.0	490.0	False	False
kirland360p_60f	kirland360p_60f	svtav1	svtav1_20191025_cc303a3	60	63	20552.0	20.552	36.4425	43.634000000000015	43.21016666666665	36.07282	43.389305	42.86639	65.930947	64728.0	1.0788	640	360	30.0	8	41b9d7d89ea2f103880e610215a3cc8a	93bbf0efe9ae4b5a4515df8044128c41	640	360	2121.0	13.0	768.0	526.0	False	False
Starting_1920x1080p_50_10b_pq_70	Starting_1920x1080p_50_10b_pq_70	svtav1	svtav1_20191025_cc303a3	60	32	2904906.0	2904.906	45.92883333333332	49.00833333333334	50.416000000000004	45.883334	48.976415	50.374467	95.695342	4894074.0	81.5679	1920	1080	50.0	10	18d5b29cc93150d123a1f0fe8c18644d	62bfb4df2708487896c8884aebd149ff	1920	1080	12772.0	9.0	8266.0	7509.0	False	False
Starting_1920x1080p_50_10b_pq_70	Starting_1920x1080p_50_10b_pq_70	svtav1	svtav1_20191025_cc303a3	60	43	1582480.0	1582.48	44.19166666666669	47.65983333333333	48.607333333333344	44.143567	47.650277	48.59603	93.888664	1466588.0	24.443133333333332	1920	1080	50.0	10	bb1c4cd2bbd99226af64ebd77b2429a5	4124d2ad64f7b0be9e88d8765f46a358	1920	1080	13654.0	4.0	7794.0	6560.0	False	False
Starting_1920x1080p_50_10b_pq_70	Starting_1920x1080p_50_10b_pq_70	svtav1	svtav1_20191025_cc303a3	60	55	700813.0	700.813	40.71983333333334	45.285	45.552333333333344	40.699977	45.285059	45.552557	88.489745	753856.0	12.564266666666667	1920	1080	50.0	10	cff4a294cd2160d30ec3579c7eff77eb	268ef03c5668fe58c613e690623a9788	1920	1080	11633.0	4.0	5921.0	6102.0	False	False
Starting_1920x1080p_50_10b_pq_70	Starting_1920x1080p_50_10b_pq_70	svtav1	svtav1_20191025_cc303a3	60	63	152866.0	152.866	33.15833333333333	41.2923333333333	41.451666666666675	33.158083	41.291428	41.45017500000001	55.926066	585200.0	9.753333333333334	1920	1080	50.0	10	a0f5761141117cfd7c619d7886cc7dfc	4f7f38634ea53acd738be67843256bad	1920	1080	11854.0	6.0	6057.0	5973.0	False	False
red_kayak_360p_60f	red_kayak_360p_60f	svtav1	svtav1_20191025_cc303a3	60	20	9344406.0	9344.406	41.20916666666667	44.52316666666668	49.080000000000005	41.12747	44.481621	49.068068	99.906769	618457.0	10.307616666666666	640	360	29.97	8	8ede936e1426750aa116051a59c4f20b	819fdf132277ded46ba6c6bb897d003a	640	360	3061.0	4.0	3805.0	635.0	False	False
red_kayak_360p_60f	red_kayak_360p_60f	svtav1	svtav1_20191025_cc303a3	60	32	5501134.0	5501.134	36.667333333333325	41.950333333333326	47.47833333333331	36.498531	41.879619	47.451983	99.753075	1399456.0	23.324266666666666	640	360	29.97	8	54f50702fc778dee2e7b526d580682f5	72af98e288a3107f5fcad688c0e3fc9b	640	360	3000.0	16.0	4224.0	678.0	False	False
red_kayak_360p_60f	red_kayak_360p_60f	svtav1	svtav1_20191025_cc303a3	60	43	2517645.0	2517.645	32.04033333333333	39.62016666666667	46.711166666666685	31.854332	39.55434	46.680845	86.52314499999999	397091.0	6.6181833333333335	640	360	29.97	8	18775baa272ca5a0b9cd4d9178b1dbf5	f617d3ddcf4c387151da6fe63013335f	640	360	2258.0	7.0	4961.0	779.0	False	False
red_kayak_360p_60f	red_kayak_360p_60f	svtav1	svtav1_20191025_cc303a3	60	55	785748.0	785.748	28.12683333333333	37.81949999999999	45.477833333333336	28.011496	37.783944	45.384233	59.677575	272310.0	4.5385	640	360	29.97	8	8080892f707ba368b47c8f4ff427c1db	bdc3308b02bb48cdbab6147839e8bb4b	640	360	4868.0	3.0	2327.0	607.0	False	False
red_kayak_360p_60f	red_kayak_360p_60f	svtav1	svtav1_20191025_cc303a3	60	63	131732.0	131.732	25.271666666666665	35.9165	41.98983333333333	25.219545	35.88296	41.830346	19.145	199385.0	3.3230833333333334	640	360	29.97	8	b4aae039d59a8fe0b6533c87ab3292ec	e0cb7923a91184d7c2cd6ba1b6b22b0b	640	360	1693.0	4.0	1985.0	610.0	False	False
aspen_1080p_60f	aspen_1080p_60f	svtav1	svtav1_20191025_cc303a3	60	20	10117009.0	10117.009	44.22200000000001	48.24966666666668	49.4995	44.20135	48.245485	49.496344	98.155731	3710991.0	61.84985	1920	1080	29.97	8	184d8bebec11039d80202ac0385f607a	d80a561b0341342dd376490325d92130	1920	1080	6962.0	7.0	18926.0	6127.0	False	False
aspen_1080p_60f	aspen_1080p_60f	svtav1	svtav1_20191025_cc303a3	60	32	3307214.0	3307.214	42.43016666666668	47.37166666666667	48.60316666666669	42.401885	47.368105	48.599109	94.636291	4279522.0	71.32536666666667	1920	1080	29.97	8	5eca7d0f622adf174b6fb55886fb79c8	7026a42b422bf521b3e3688b813152f2	1920	1080	6990.0	4.0	19403.0	6556.0	False	False
aspen_1080p_60f	aspen_1080p_60f	svtav1	svtav1_20191025_cc303a3	60	43	1399715.0	1399.715	41.10966666666669	46.3065	47.495999999999974	41.076591	46.298794	47.489753	90.143403	2864518.0	47.74196666666667	1920	1080	29.97	8	062cba0f6cf39f050c03a438b00ddd3d	0a2f2e0d7e6febd87981668832089ce5	1920	1080	7635.0	19.0	21336.0	9264.0	False	False
aspen_1080p_60f	aspen_1080p_60f	svtav1	svtav1_20191025_cc303a3	60	55	585713.0	585.713	39.12683333333333	44.38183333333333	45.34766666666666	39.085787	44.372267	45.341404	81.531822	905757.0	15.09595	1920	1080	29.97	8	d0d032c53e19c0eeb521855bf01cf8a6	af8a9caf7d3b6def8f2382a3728090a5	1920	1080	6889.0	7.0	9476.0	5970.0	False	False
aspen_1080p_60f	aspen_1080p_60f	svtav1	svtav1_20191025_cc303a3	60	63	178720.0	178.72	34.42766666666667	40.06750000000001	40.88050000000001	34.392432	40.061710999999995	40.875184	51.105222	1033064.0	17.21773333333333	1920	1080	29.97	8	a36b3872e3792b2922ee0e5fddb98af9	18c3b25e0ac760ff10a121adbbec18fc	1920	1080	12141.0	7.0	7298.0	6434.0	False	False
blue_sky_360p_60f	blue_sky_360p_60f	svtav1	svtav1_20191025_cc303a3	60	20	1392653.0	1392.653	44.58550000000001	45.75033333333332	47.49433333333333	44.508042	45.687393	47.447658	99.94508	791900.0	13.198333333333334	640	360	25.0	8	ab8cf8f473e7683731d39b7f7ad8315f	d532e5b5bb649e28b90da4a79ee4f81a	640	360	1763.0	12.0	2213.0	563.0	False	False
blue_sky_360p_60f	blue_sky_360p_60f	svtav1	svtav1_20191025_cc303a3	60	32	723883.0	723.883	41.761333333333326	43.60683333333332	45.199666666666666	41.647755	43.553061	45.15861	99.926232	278826.0	4.6471	640	360	25.0	8	9e042e0fc356b4b62c6cc84c91f4f480	db6fcbc6bc97fd9a2a670c6bdd26fbf0	640	360	3180.0	5.0	1720.0	703.0	False	False
blue_sky_360p_60f	blue_sky_360p_60f	svtav1	svtav1_20191025_cc303a3	60	43	381536.0	381.536	38.82999999999999	40.79816666666668	42.391833333333345	38.713401	40.752259	42.366609	99.691019	239268.0	3.9878	640	360	25.0	8	bae2fb3218099572387fcb98fae87515	a7eadce64084d0778a9a1427f195a0b3	640	360	1602.0	8.0	2913.0	766.0	False	False
blue_sky_360p_60f	blue_sky_360p_60f	svtav1	svtav1_20191025_cc303a3	60	55	179610.0	179.61	35.07433333333333	37.04316666666667	39.16966666666667	34.99381	37.022994	39.161049	93.834695	144464.0	2.4077333333333333	640	360	25.0	8	b0edb7f5a68f17ccd06729b3b9c003f4	b60e2407a8470ed8712968669e5a96ed	640	360	1513.0	5.0	1342.0	573.0	False	False
blue_sky_360p_60f	blue_sky_360p_60f	svtav1	svtav1_20191025_cc303a3	60	63	63703.0	63.703	28.436333333333337	33.03916666666667	35.85400000000001	28.42815	33.036486	35.850199	67.413801	146110.0	2.4351666666666665	640	360	25.0	8	90b829a25a4cdb413c13cf5e906c93da	4c632799b8baf948330d9a0f2954e4aa	640	360	1399.0	5.0	1179.0	555.0	False	False
Netflix_Crosswalk_1920x1080_60fp	Netflix_Crosswalk_1920x1080_60fp	svtav1	svtav1_20191025_cc303a3	60	20	10142184.0	10142.184	45.788166666666676	48.509333333333316	50.37166666666668	45.773681	48.49711	50.35048199999999	99.388208	2248117.0	37.46861666666667	1920	1080	60.0	8	1373f2b25cc54b79477102eaccf6bc68	1acbb8e406db9672ac2eef5622a603ed	1920	1080	7183.0	2.0	16498.0	6524.0	False	False
Netflix_Crosswalk_1920x1080_60fp	Netflix_Crosswalk_1920x1080_60fp	svtav1	svtav1_20191025_cc303a3	60	32	5186840.0	5186.84	44.730000000000004	47.9175	49.74166666666667	44.694865	47.905277	49.725322	96.777236	2226449.0	37.107483333333334	1920	1080	60.0	8	56c4933d3a8d0cdc19e058f5fadb2954	7526a2b143337eaa725fa495ac42a26d	1920	1080	7384.0	14.0	28425.0	9370.0	False	False
Netflix_Crosswalk_1920x1080_60fp	Netflix_Crosswalk_1920x1080_60fp	svtav1	svtav1_20191025_cc303a3	60	43	2583216.0	2583.216	43.132999999999996	46.974166666666676	48.757	43.054592	46.958717	48.7416	91.580451	1027228.0	17.120466666666665	1920	1080	60.0	8	6ed8dc5159d587c8abafeefbabcb18a4	86efcb45893210d202a047eb348c3988	1920	1080	6749.0	5.0	13085.0	6096.0	False	False
Netflix_Crosswalk_1920x1080_60fp	Netflix_Crosswalk_1920x1080_60fp	svtav1	svtav1_20191025_cc303a3	60	55	1200304.0	1200.304	40.72916666666668	45.501166666666684	47.22300000000003	40.609854	45.48187	47.200502	80.915529	969862.0	16.164366666666666	1920	1080	60.0	8	6ab7605238c4cadfdf817c63951297a5	f9ed32182b8c2d567cd3d4ffa96a3de0	1920	1080	6589.0	5.0	16104.0	7457.0	False	False
Netflix_Crosswalk_1920x1080_60fp	Netflix_Crosswalk_1920x1080_60fp	svtav1	svtav1_20191025_cc303a3	60	63	428152.0	428.152	36.401999999999994	42.358166666666676	43.77066666666666	36.354162	42.349624999999996	43.76768	52.783812	2228417.0	37.140283333333336	1920	1080	60.0	8	5d1f547cfd15a7d0e59a18930be69380	ca3c9f6f666a55d537d061c295d3b72f	1920	1080	17700.0	10.0	15476.0	6929.0	False	False
Netflix_TunnelFlag_1920x1080_60f	Netflix_TunnelFlag_1920x1080_60f	svtav1	svtav1_20191025_cc303a3	60	20	32954160.0	32954.16	43.12250000000001	47.437000000000026	48.90066666666666	43.095344	47.420776	48.890922	99.920548	4220009.0	70.33348333333333	1920	1080	60.0	8	241a77a53c727b46e0105d32ab4598a9	223d3d28ce035a2a2afea42df2c4dd94	1920	1080	23052.0	4.0	21263.0	6344.0	False	False
Netflix_TunnelFlag_1920x1080_60f	Netflix_TunnelFlag_1920x1080_60f	svtav1	svtav1_20191025_cc303a3	60	32	16810624.0	16810.624	41.01466666666668	46.19016666666667	47.890999999999984	40.96238	46.176963	47.880854	99.91335	5341120.0	89.01866666666666	1920	1080	60.0	8	20646e81a5403e72741f648f47ecf39d	b0c1ab510b7e52e88f581f6d6dc20ce1	1920	1080	14313.0	13.0	23551.0	6463.0	False	False
Netflix_TunnelFlag_1920x1080_60f	Netflix_TunnelFlag_1920x1080_60f	svtav1	svtav1_20191025_cc303a3	60	43	8668680.0	8668.68	38.6765	44.53666666666666	46.472333333333346	38.599325	44.524207	46.459996	99.899688	1834826.0	30.580433333333332	1920	1080	60.0	8	0b26b8f945c6a21203e061c8452d0c81	04b5e54e1baa902b39f3633feb3f4735	1920	1080	9527.0	7.0	15578.0	6243.0	False	False
Netflix_TunnelFlag_1920x1080_60f	Netflix_TunnelFlag_1920x1080_60f	svtav1	svtav1_20191025_cc303a3	60	55	4039544.0	4039.544	35.855666666666664	41.86533333333334	44.211999999999996	35.782913	41.860008	44.20471	99.851007	1381513.0	23.025216666666665	1920	1080	60.0	8	3a995d991ce6e683dec32763ebb3e092	ffe3935f538e7c99f3422ebd020c5f32	1920	1080	10499.0	13.0	15136.0	9031.0	False	False
Netflix_TunnelFlag_1920x1080_60f	Netflix_TunnelFlag_1920x1080_60f	svtav1	svtav1_20191025_cc303a3	60	63	1570152.0	1570.1519999999998	31.327333333333335	37.30233333333333	38.76733333333333	31.301501999999996	37.296696	38.76197	91.854888	1133567.0	18.892783333333334	1920	1080	60.0	8	601cdac44ad7379e83c88b5b3612f58a	426e2e334bad6e81ed5c335a4bdb15c0	1920	1080	21212.0	6.0	12335.0	6351.0	False	False
Netflix_SquareAndTimelapse_1920x	Netflix_SquareAndTimelapse_1920x	svtav1	svtav1_20191025_cc303a3	60	20	23382560.0	23382.56	44.99533333333332	49.34516666666666	48.55483333333335	44.970175	49.336074	48.540169	99.91318500000001	8301339.0	138.35565	1920	1080	60.0	8	9b005a55c1cb192270df480627fb8538	d142ea8dfe29152d8d8cb01f1eab3503	1920	1080	22654.0	9.0	18136.0	6834.0	False	False
Netflix_SquareAndTimelapse_1920x	Netflix_SquareAndTimelapse_1920x	svtav1	svtav1_20191025_cc303a3	60	32	13256144.0	13256.144	42.71366666666667	47.783499999999975	46.773500000000006	42.668544	47.773821	46.757133	99.903986	4926190.0	82.10316666666667	1920	1080	60.0	8	b05c35c4e95cf10390fc5598f2bd5fcf	c5bdb37510a50dadd3bf8eb39cac9e51	1920	1080	9830.0	13.0	22075.0	6619.0	False	False
Netflix_SquareAndTimelapse_1920x	Netflix_SquareAndTimelapse_1920x	svtav1	svtav1_20191025_cc303a3	60	43	7322640.0	7322.64	39.91483333333334	45.71349999999999	44.50266666666669	39.85232800000001	45.701351	44.483137000000006	99.247932	2621159.0	43.68598333333333	1920	1080	60.0	8	348457f10fa4f18027ce264f2865616f	b6feba73f4e2ddd1a0ef5658c4b6b982	1920	1080	11239.0	8.0	26496.0	6343.0	False	False
Netflix_SquareAndTimelapse_1920x	Netflix_SquareAndTimelapse_1920x	svtav1	svtav1_20191025_cc303a3	60	55	3483720.0	3483.72	36.20150000000001	42.778666666666666	41.46983333333333	36.14582600000001	42.770525	41.456801	90.634344	1205805.0	20.09675	1920	1080	60.0	8	d854b17fc29eeb20b270c20549e5c9f2	97931544f15973822ea2af57d322d5df	1920	1080	8463.0	4.0	10964.0	6225.0	False	False
Netflix_SquareAndTimelapse_1920x	Netflix_SquareAndTimelapse_1920x	svtav1	svtav1_20191025_cc303a3	60	63	1058808.0	1058.808	30.45366666666667	37.85316666666667	36.57799999999999	30.435534	37.852526	36.576576	59.996297	1513920.0	25.232	1920	1080	60.0	8	4b19a9f13f2e34ae01c11ac8b6fe5f05	321ac710ec07319c565e36ab78dfe158	1920	1080	12948.0	14.0	9019.0	6580.0	False	False
dark720p_60f	dark720p_60f	svtav1	svtav1_20191025_cc303a3	60	20	8071440.0	8071.44	46.38566666666667	43.96166666666664	45.54316666666666	46.23595	43.673952	45.257027	96.398736	2770487.0	46.17478333333333	1280	720	30.0	8	2199be2f37ca123b6d9675868c73041d	fc098245952a0d38e2f6e82930d28280	1280	720	13703.0	13.0	11657.0	4353.0	False	False
dark720p_60f	dark720p_60f	svtav1	svtav1_20191025_cc303a3	60	32	2386284.0	2386.284	43.85883333333334	39.64033333333334	42.23016666666667	43.730992	39.437519	42.09957	93.486376	795795.0	13.26325	1280	720	30.0	8	be9d959124999669343219f66440628a	f5c27d93d15aa677f16d009cff157574	1280	720	3731.0	4.0	8739.0	2456.0	False	False
dark720p_60f	dark720p_60f	svtav1	svtav1_20191025_cc303a3	60	43	574868.0	574.868	42.48616666666667	37.25683333333334	41.10049999999998	42.432726	37.155904	41.060491	90.955011	715626.0	11.9271	1280	720	30.0	8	dd5a1f64c0141789dcb37e0cb4e4b439	621274ace361037928d4e3728412805f	1280	720	3952.0	9.0	7640.0	2784.0	False	False
dark720p_60f	dark720p_60f	svtav1	svtav1_20191025_cc303a3	60	55	153460.0	153.46	40.984333333333325	36.33449999999998	40.04733333333333	40.967184	36.320477	40.037761	86.57409	612172.0	10.202866666666667	1280	720	30.0	8	92b38006ef3a686c86011bc31eccedeb	d5fca34419ab351e78de2825734cf92a	1280	720	4981.0	24.0	3770.0	2800.0	False	False
dark720p_60f	dark720p_60f	svtav1	svtav1_20191025_cc303a3	60	63	48048.0	48.048	36.54633333333332	34.1975	37.12766666666664	36.540259	34.191892	37.120619	66.654517	901736.0	15.028933333333333	1280	720	30.0	8	85ed8118ac6d9038898d8f7837bfaf8d	0860caf618a65c4e3d4da82e7d9a70e9	1280	720	4755.0	6.0	2117.0	2554.0	False	False
STARCRAFT_60f_420	STARCRAFT_60f_420	svtav1	svtav1_20191025_cc303a3	60	20	8008264.0	8008.264	50.69533333333332	53.66566666666667	53.64516666666668	50.681325	53.656199	53.639626	97.658041	3716479.0	61.941316666666665	1920	1080	60.0	8	9f6d1fab488a529809d0e056afe2947a	74932f0ac180b30047b516b568bd0156	1920	1080	14929.0	21.0	5936.0	12116.0	False	False
STARCRAFT_60f_420	STARCRAFT_60f_420	svtav1	svtav1_20191025_cc303a3	60	32	5225584.0	5225.584	48.24250000000002	52.01999999999999	52.113833333333325	48.212628	51.998681	52.102678	97.148927	1213306.0	20.221766666666667	1920	1080	60.0	8	fad8a6a407ed644e8cde8922e98e5400	a12a89df7ff95ae08563c424c3a569a9	1920	1080	8235.0	8.0	2805.0	6827.0	False	False
STARCRAFT_60f_420	STARCRAFT_60f_420	svtav1	svtav1_20191025_cc303a3	60	43	2947368.0	2947.368	44.57199999999999	49.37833333333332	49.57583333333333	44.539635	49.353495	49.56392	95.843198	1092296.0	18.204933333333333	1920	1080	60.0	8	901904770199c57a81493f6b20878dfd	8282368f1a92e5fa45bb509ca4748ba7	1920	1080	8530.0	6.0	4609.0	8610.0	False	False
STARCRAFT_60f_420	STARCRAFT_60f_420	svtav1	svtav1_20191025_cc303a3	60	55	1318680.0	1318.68	39.65916666666666	45.49933333333334	45.682833333333335	39.643631	45.487621	45.675889	91.702734	778345.0	12.972416666666666	1920	1080	60.0	8	6bfdd12925a60e089c25e53fd433ae53	af38a009ac6fe616e2e74011cdc9173a	1920	1080	22755.0	4.0	3051.0	6828.0	False	False
STARCRAFT_60f_420	STARCRAFT_60f_420	svtav1	svtav1_20191025_cc303a3	60	63	317360.0	317.36	31.851999999999997	39.261166666666654	39.459999999999994	31.851243	39.260321	39.458809	67.515274	637354.0	10.622566666666666	1920	1080	60.0	8	d6172f3f0a7274c96787a866b9d8b726	58c90d40cb9205c0deb321e59d3dead2	1920	1080	7975.0	4.0	2035.0	5863.0	False	False
shields_640x360_60f	shields_640x360_60f	svtav1	svtav1_20191025_cc303a3	60	20	2570833.0	2570.833	42.59783333333334	45.699666666666666	47.38833333333333	42.466743	45.668819	47.320726	99.458153	1056417.0	17.60695	640	360	50.0	8	c200a227f65aa9d2ef8206c38cc5e204	2faa421a4c5bc0c2289c118d6198d2c4	640	360	3368.0	5.0	2465.0	582.0	False	False
shields_640x360_60f	shields_640x360_60f	svtav1	svtav1_20191025_cc303a3	60	32	1305780.0	1305.78	40.75316666666666	43.8805	45.40816666666665	40.558792	43.844332	45.305225	99.433922	557251.0	9.287516666666667	640	360	50.0	8	3d388e15b3f7da019bd6c2ee44207796	4848cfd873ef2d2237491ea3f906a3a5	640	360	5343.0	19.0	2367.0	832.0	False	False
shields_640x360_60f	shields_640x360_60f	svtav1	svtav1_20191025_cc303a3	60	43	693500.0	693.5	38.237333333333325	41.273	42.92750000000001	37.978266	41.193159	42.76380000000001	99.408974	288385.0	4.806416666666666	640	360	50.0	8	7b209200bf2bd6b67687f3947790f13e	2948f9fd5b93e40a89d2bb544d715ada	640	360	3323.0	4.0	1193.0	618.0	False	False
shields_640x360_60f	shields_640x360_60f	svtav1	svtav1_20191025_cc303a3	60	55	338440.0	338.44	34.5655	37.95749999999998	39.97066666666667	34.218244	37.79244099999999	39.723316	95.659573	143883.0	2.39805	640	360	50.0	8	2b440fa32f3af74ce9cc8c52a5fb4241	d23a0359f69e8f90dcf529d3d47991d3	640	360	1804.0	4.0	1044.0	662.0	False	False
shields_640x360_60f	shields_640x360_60f	svtav1	svtav1_20191025_cc303a3	60	63	96193.0	96.193	27.679666666666666	33.68	35.15433333333333	27.162904	33.380756	34.81166	68.352433	191598.0	3.1933	640	360	50.0	8	3dc35c7cd8f1f23a376feb12b8c527c6	9ac0c84c1edfbdabd5da1560a34691a1	640	360	2015.0	4.0	889.0	610.0	False	False
Netflix_RollerCoaster_1280x720_6	Netflix_RollerCoaster_1280x720_6	svtav1	svtav1_20191025_cc303a3	60	20	9541048.0	9541.048	45.17866666666668	47.12066666666668	47.15683333333333	45.152627	47.108153	47.14686100000001	99.904866	3384068.0	56.401133333333334	1280	720	60.0	8	722ede4683a641e78f4e069c2964f879	c310caedf5fa0fcc6f7cfdb96740efbf	1280	720	8135.0	18.0	10578.0	3688.0	False	False
Netflix_RollerCoaster_1280x720_6	Netflix_RollerCoaster_1280x720_6	svtav1	svtav1_20191025_cc303a3	60	32	4830656.0	4830.656	43.05316666666666	45.55866666666667	45.902499999999996	43.002356	45.539436	45.891715	99.862144	1050011.0	17.500183333333332	1280	720	60.0	8	7d187c802e304881e30e52a1c9454be7	8826388ee84953cf22701bfdf3573d88	1280	720	7740.0	3.0	6752.0	3248.0	False	False
Netflix_RollerCoaster_1280x720_6	Netflix_RollerCoaster_1280x720_6	svtav1	svtav1_20191025_cc303a3	60	43	2426136.0	2426.136	40.51583333333335	43.45866666666666	44.14499999999999	40.456287	43.437984	44.136696	98.171256	1002186.0	16.7031	1280	720	60.0	8	02fbaed840b1100963a6db10494ba932	da47012f360eb54f7ee02aa163a0b4be	1280	720	4347.0	4.0	7400.0	3480.0	False	False
Netflix_RollerCoaster_1280x720_6	Netflix_RollerCoaster_1280x720_6	svtav1	svtav1_20191025_cc303a3	60	55	1134056.0	1134.056	37.33366666666666	40.70933333333335	41.94416666666666	37.287287	40.689738	41.935626	90.173369	852095.0	14.201583333333334	1280	720	60.0	8	41026c40cf58f41eb8257b31db40a85f	e9126f9b7247d745952a1648b4f4d4f5	1280	720	5557.0	15.0	5057.0	2554.0	False	False
Netflix_RollerCoaster_1280x720_6	Netflix_RollerCoaster_1280x720_6	svtav1	svtav1_20191025_cc303a3	60	63	369704.0	369.704	31.918500000000005	36.13866666666667	38.26049999999999	31.895685	36.13062	38.257451999999994	59.425992	1427801.0	23.796683333333334	1280	720	60.0	8	0fb5048e5ef248601cd44decf1719212	c2b17b66203118b28b8cf0704b0166e4	1280	720	4550.0	12.0	3765.0	2603.0	False	False
Netflix_PierSeaside_1920x1080_60	Netflix_PierSeaside_1920x1080_60	svtav1	svtav1_20191025_cc303a3	60	20	9974936.0	9974.936	45.73699999999998	47.670166666666674	45.70100000000001	45.707856	47.655607	45.682517	99.905093	2140186.0	35.66976666666667	1920	1080	60.0	8	698ea16a123a4b4d5c19e956b4582f03	d8fa72e3fbb4058d5bffdafc6e485468	1920	1080	7534.0	3.0	10358.0	6109.0	False	False
Netflix_PierSeaside_1920x1080_60	Netflix_PierSeaside_1920x1080_60	svtav1	svtav1_20191025_cc303a3	60	32	4150240.0	4150.24	44.14200000000002	46.91166666666667	45.08683333333333	44.084791	46.897469	45.070715	99.56968	1983844.0	33.06406666666667	1920	1080	60.0	8	27e472d7d13b7d6bfce1fdaeab1352ad	5d805540fec47deda89c38ccc3b1ae45	1920	1080	13633.0	8.0	13226.0	6208.0	False	False
Netflix_PierSeaside_1920x1080_60	Netflix_PierSeaside_1920x1080_60	svtav1	svtav1_20191025_cc303a3	60	43	1972528.0	1972.528	42.32733333333333	45.84533333333333	44.330000000000005	42.247712	45.8319	44.317483	98.080503	4147786.0	69.12976666666667	1920	1080	60.0	8	7354246119a482b967abb235ecf89f4f	13e8078094681a6af06d23ed5fb2b789	1920	1080	33257.0	5.0	10359.0	6459.0	False	False
Netflix_PierSeaside_1920x1080_60	Netflix_PierSeaside_1920x1080_60	svtav1	svtav1_20191025_cc303a3	60	55	755496.0	755.496	39.464833333333345	43.379333333333314	42.47966666666667	39.410521	43.372335	42.472976	92.877524	1165976.0	19.432933333333335	1920	1080	60.0	8	ffb72a90451211d2ab70d171ae91e197	bfbd3f5c185c5b8011de2ce292b8f9a0	1920	1080	12134.0	16.0	14899.0	9187.0	False	False
Netflix_PierSeaside_1920x1080_60	Netflix_PierSeaside_1920x1080_60	svtav1	svtav1_20191025_cc303a3	60	63	177424.0	177.424	33.498333333333335	38.77133333333334	38.74200000000001	33.493269	38.771327	38.741773	66.452891	997111.0	16.618516666666668	1920	1080	60.0	8	328938d9b6b34ff6d12f9ae7fceb55d7	07f05a5eccb7393e40c6efdda86b34c4	1920	1080	8728.0	9.0	13934.0	6614.0	False	False
ShowGirl2TeaserClip4000_1920x108	ShowGirl2TeaserClip4000_1920x108	svtav1	svtav1_20191025_cc303a3	60	20	5367950.0	5367.95	42.67466666666668	46.85499999999998	49.86100000000001	42.660204	46.852636	49.858157	95.475698	2142786.0	35.7131	1920	1080	25.0	10	50b39d5059a5e499a21104ffe6d6df56	082f3e2cea3f6eb9418e2ddc27422fd3	1920	1080	13032.0	5.0	13098.0	6316.0	False	False
ShowGirl2TeaserClip4000_1920x108	ShowGirl2TeaserClip4000_1920x108	svtav1	svtav1_20191025_cc303a3	60	32	1750633.0	1750.633	41.89066666666667	46.47566666666667	49.208999999999996	41.884892	46.473632	49.20644	93.77390799999999	1814200.0	30.236666666666668	1920	1080	25.0	10	3442e3ccf4fe0fb92367f01c03b6d41a	6223016fea223dbd79be39db8e362f32	1920	1080	13841.0	9.0	15708.0	9424.0	False	False
ShowGirl2TeaserClip4000_1920x108	ShowGirl2TeaserClip4000_1920x108	svtav1	svtav1_20191025_cc303a3	60	43	839440.0	839.44	40.968833333333336	45.93583333333334	48.292833333333334	40.953312	45.933783	48.292254	90.864049	3342828.0	55.7138	1920	1080	25.0	10	21fa3339984f85e298e2ea5838881652	705a457203d9aaa5fa175ad41ca334e2	1920	1080	13429.0	7.0	7470.0	6597.0	False	False
ShowGirl2TeaserClip4000_1920x108	ShowGirl2TeaserClip4000_1920x108	svtav1	svtav1_20191025_cc303a3	60	55	375486.0	375.486	39.146166666666666	44.82199999999999	46.774833333333305	39.117959	44.821047	46.774174	84.307831	1944809.0	32.41348333333333	1920	1080	25.0	10	886db65ca2477255c1164b8a3d5a1084	4f5a14eb1caa508fed895391b7d6a476	1920	1080	14313.0	12.0	6276.0	6259.0	False	False
ShowGirl2TeaserClip4000_1920x108	ShowGirl2TeaserClip4000_1920x108	svtav1	svtav1_20191025_cc303a3	60	63	104203.0	104.203	34.258	41.66650000000001	43.25849999999999	34.252812	41.666064	43.257855	54.986552	620418.0	10.3403	1920	1080	25.0	10	f78364d2659e7274aadcb66a70a433f0	4ef2593da71f5f35c8043fbc9b74ee1e	1920	1080	14178.0	9.0	4735.0	6372.0	False	False
Cosmos1_1920x856_BT2100_PQ_24fps	Cosmos1_1920x856_BT2100_PQ_24fps	svtav1	svtav1_20191025_cc303a3	60	20	26546419.0	26546.419	42.45866666666667	45.45049999999996	47.97466666666665	42.384553	45.38489	47.936725	99.426535	3194290.0	53.238166666666665	1920	856	24.0	10	e1147e7b7f9629192e147c84270ceaf5	314e6dcd1112dd0454d5cb4816449e11	1920	856	11140.0	5.0	27772.0	4531.0	False	False
Cosmos1_1920x856_BT2100_PQ_24fps	Cosmos1_1920x856_BT2100_PQ_24fps	svtav1	svtav1_20191025_cc303a3	60	32	11452259.0	11452.259	38.703166666666654	43.42583333333333	46.28666666666667	38.549288	43.378242	46.26274	95.766084	1531608.0	25.5268	1920	856	24.0	10	40dfafd1df0185768fad7465f6a05e2b	a013e98fcd4b1d38ae98b27f7af90434	1920	856	13580.0	4.0	21144.0	4534.0	False	False
Cosmos1_1920x856_BT2100_PQ_24fps	Cosmos1_1920x856_BT2100_PQ_24fps	svtav1	svtav1_20191025_cc303a3	60	43	4384710.0	4384.71	35.74033333333334	41.68616666666666	44.51449999999999	35.619629	41.649865	44.49358399999999	85.675894	1450304.0	24.171733333333332	1920	856	24.0	10	9193cfb432f81e311788cef08036e14a	2472aa05a0723dc7b4cd24f98af27d7b	1920	856	11063.0	9.0	15035.0	4866.0	False	False
Cosmos1_1920x856_BT2100_PQ_24fps	Cosmos1_1920x856_BT2100_PQ_24fps	svtav1	svtav1_20191025_cc303a3	60	55	1571884.0	1571.8840000000002	32.849333333333334	39.860333333333344	42.36300000000002	32.765937	39.834537	42.355183	66.559881	1341983.0	22.366383333333335	1920	856	24.0	10	567eb01b7554249d1471a03e346bb012	1e3122c69d8c7505f885e680b46e44db	1920	856	11554.0	3.0	12939.0	4876.0	False	False
Cosmos1_1920x856_BT2100_PQ_24fps	Cosmos1_1920x856_BT2100_PQ_24fps	svtav1	svtav1_20191025_cc303a3	60	63	336713.0	336.713	29.048666666666673	36.84066666666668	40.23049999999999	29.019664	36.831636	40.224811	31.668871	991694.0	16.528233333333333	1920	856	24.0	10	45b95817b15642de941d6b2b750bd3bd	bfb85c587e3d7ade08ea445c110c0e30	1920	856	13717.0	20.0	13236.0	7294.0	False	False
life_1080p30_60f	life_1080p30_60f	svtav1	svtav1_20191025_cc303a3	60	20	13952340.0	13952.34	44.88383333333333	50.606666666666655	49.94916666666667	44.861119	50.586261	49.933613	99.572514	4983676.0	83.06126666666667	1920	1080	30.0	8	290904b180cf0e85b4d36c4786e3b320	ed30e9079c2dc898ee0fa60d2a261090	1920	1080	9016.0	10.0	13999.0	6268.0	False	False
life_1080p30_60f	life_1080p30_60f	svtav1	svtav1_20191025_cc303a3	60	32	6881320.0	6881.319999999999	42.18533333333334	48.15450000000002	47.899000000000015	42.139006	48.129996	47.87817400000001	98.069678	5393005.0	89.88341666666666	1920	1080	30.0	8	1f0e999e5372dc0fac8c6bff7102af65	157572dbbb0e58166332751046f4ca58	1920	1080	12676.0	5.0	13345.0	6358.0	False	False
life_1080p30_60f	life_1080p30_60f	svtav1	svtav1_20191025_cc303a3	60	43	3383100.0	3383.1	39.42983333333333	45.83516666666666	45.69483333333336	39.378056	45.803393	45.672401	95.010707	2218650.0	36.9775	1920	1080	30.0	8	a7cb8d60e1439c3c134d50a45ae4830a	37cd24862dcb893ef593edeb63a0bb1a	1920	1080	10240.0	11.0	12243.0	6138.0	False	False
life_1080p30_60f	life_1080p30_60f	svtav1	svtav1_20191025_cc303a3	60	55	1411464.0	1411.464	35.761999999999986	42.983333333333334	42.84616666666668	35.734474	42.9604	42.827849	88.445359	4190692.0	69.84486666666666	1920	1080	30.0	8	3ef20d65b98ba5660f77448983bc582f	8bc8127803f64a675f3a68c8e4c3f547	1920	1080	31599.0	5.0	13613.0	8466.0	False	False
life_1080p30_60f	life_1080p30_60f	svtav1	svtav1_20191025_cc303a3	60	63	410808.0	410.808	31.401000000000003	38.45883333333333	37.88399999999999	31.392626	38.450772	37.882168	65.81177	2840968.0	47.349466666666665	1920	1080	30.0	8	cc40847328a03b455479c2bc463b76e4	025b1c51026fce0dedba779cc013e7ad	1920	1080	20040.0	15.0	14513.0	6225.0	False	False
speed_bag_640x360_60f	speed_bag_640x360_60f	svtav1	svtav1_20191025_cc303a3	60	20	534619.0	534.619	47.27616666666667	49.98883333333333	51.38166666666665	47.195063	49.942119	51.329592	98.378519	242682.0	4.0447	640	360	29.97	8	f1ffa4d02236f4832b183cad16b30a04	f499d57669a4851648e910fc35c1b743	640	360	1303.0	6.0	1649.0	740.0	False	False
speed_bag_640x360_60f	speed_bag_640x360_60f	svtav1	svtav1_20191025_cc303a3	60	32	279940.0	279.94	45.36583333333333	48.448166666666665	50.06100000000002	45.258355	48.398249	49.99509	97.546402	338509.0	5.641816666666666	640	360	29.97	8	f552589f6bb14eb8205e9d9c1a1081f8	dc3a7b41224869598a5f7296b138b663	640	360	1452.0	15.0	2407.0	975.0	False	False
speed_bag_640x360_60f	speed_bag_640x360_60f	svtav1	svtav1_20191025_cc303a3	60	43	153282.0	153.282	43.086000000000006	46.454666666666654	48.43866666666666	42.924743	46.395704	48.331357	95.140502	285332.0	4.755533333333333	640	360	29.97	8	9726cd306314f48d5a9441862e99364b	e7cae0b69972863860c37b7b19ca5de2	640	360	1616.0	23.0	2123.0	1537.0	False	False
speed_bag_640x360_60f	speed_bag_640x360_60f	svtav1	svtav1_20191025_cc303a3	60	55	79491.0	79.491	39.948999999999984	43.69650000000001	46.142833333333336	39.748133	43.636108	45.986796	87.048365	166573.0	2.7762166666666666	640	360	29.97	8	de2319bb98d5c85b39d3dba365524156	5aebc0dfab0bc66fede05232673b0847	640	360	1477.0	11.0	1057.0	769.0	False	False
speed_bag_640x360_60f	speed_bag_640x360_60f	svtav1	svtav1_20191025_cc303a3	60	63	35057.0	35.057	34.535666666666664	39.41416666666665	42.10183333333332	34.372927	39.364835	41.906087	59.642598	105344.0	1.7557333333333334	640	360	29.97	8	5509c25f5df5a98c929c00e685528fda	78482bf77bcaa3b8e41d13e36ad7f292	640	360	1506.0	12.0	872.0	694.0	False	False
Netflix_Boat_1920x1080_60fps_8bi	Netflix_Boat_1920x1080_60fps_8bi	svtav1	svtav1_20191025_cc303a3	60	20	31827088.0	31827.088	43.970666666666666	46.42366666666667	48.209666666666664	43.931227	46.390245	48.183488	99.924665	2086531.0	34.77551666666667	1920	1080	60.0	8	2285d92fc064c28a7cebbe1958bc96a4	4064f7efb142f25423f7e875e6a3bfb2	1920	1080	9904.0	4.0	14136.0	6188.0	False	False
Netflix_Boat_1920x1080_60fps_8bi	Netflix_Boat_1920x1080_60fps_8bi	svtav1	svtav1_20191025_cc303a3	60	32	17549240.0	17549.24	41.536000000000016	44.849500000000006	46.29699999999999	41.466004	44.819788	46.280008	99.760633	1756704.0	29.2784	1920	1080	60.0	8	d062d30cf1b16969852be8996a511ecd	83661530c82ef98768098c12f8f72484	1920	1080	11016.0	5.0	12184.0	6093.0	False	False
Netflix_Boat_1920x1080_60fps_8bi	Netflix_Boat_1920x1080_60fps_8bi	svtav1	svtav1_20191025_cc303a3	60	43	9732528.0	9732.528	38.64916666666667	43.16733333333332	44.16933333333334	38.544477	43.13956	44.158411	96.704297	1579601.0	26.32668333333333	1920	1080	60.0	8	e38a3fcd1d48baa2d1ce8085927cfd1c	be9da9e985c1d7304ad7f865b4b2f9b3	1920	1080	10078.0	6.0	10771.0	6299.0	False	False
Netflix_Boat_1920x1080_60fps_8bi	Netflix_Boat_1920x1080_60fps_8bi	svtav1	svtav1_20191025_cc303a3	60	55	4461912.0	4461.912	34.623333333333356	40.90366666666667	41.49816666666668	34.531495	40.882893	41.494796	88.497673	1292067.0	21.53445	1920	1080	60.0	8	051030eab4854c7582e5ae7c1572a4da	0994679c5bd06e758b5a32b6cf289e38	1920	1080	10463.0	4.0	8878.0	6235.0	False	False
Netflix_Boat_1920x1080_60fps_8bi	Netflix_Boat_1920x1080_60fps_8bi	svtav1	svtav1_20191025_cc303a3	60	63	1250488.0	1250.488	28.381333333333338	36.198166666666694	37.12950000000003	28.368828	36.197812	37.129039	59.668609	1076066.0	17.934433333333335	1920	1080	60.0	8	29d4a2e433784cedfe9f9d727bf33a32	42b3e0e45178208ca79766d49379ba54	1920	1080	10313.0	4.0	7496.0	6621.0	False	False
thaloundeskmtg360p_60f	thaloundeskmtg360p_60f	svtav1	svtav1_20191025_cc303a3	60	20	937840.0	937.84	44.795833333333334	48.71166666666669	48.70483333333333	44.601831999999995	48.666956	48.672829	97.012811	366188.0	6.103133333333333	640	360	30.0	8	7815b0a9b96f5eaa49d127903eb6778a	fb355956c63827b6a3a3dd972a319151	640	360	1634.0	14.0	1502.0	720.0	False	False
thaloundeskmtg360p_60f	thaloundeskmtg360p_60f	svtav1	svtav1_20191025_cc303a3	60	32	457716.0	457.716	43.073333333333345	47.38383333333335	47.44316666666666	42.763033	47.325538	47.402815	95.973322	189886.0	3.1647666666666665	640	360	30.0	8	ff2031b4d384b50aba5c1cfe1c09b819	8fd6c1feb1ac5151f8ea6913761cedcc	640	360	1453.0	4.0	949.0	577.0	False	False
thaloundeskmtg360p_60f	thaloundeskmtg360p_60f	svtav1	svtav1_20191025_cc303a3	60	43	252812.0	252.812	41.02483333333332	45.77033333333332	45.807666666666655	40.615418	45.697636	45.740067	94.020655	555890.0	9.264833333333334	640	360	30.0	8	e488fa9c51d2078d5ee433b687a9fbb9	bfc9acd92175c9d0c7c1a00703454127	640	360	1415.0	5.0	853.0	613.0	False	False
thaloundeskmtg360p_60f	thaloundeskmtg360p_60f	svtav1	svtav1_20191025_cc303a3	60	55	124956.0	124.956	37.653166666666685	42.9665	42.95833333333332	37.219637	42.882008	42.861431	88.527686	333778.0	5.562966666666667	640	360	30.0	8	1a75401ff16c691f9abea9dd443f7a60	d1292f430986a8d5f5b193c3e95d4f2b	640	360	1469.0	11.0	1589.0	1207.0	False	False
thaloundeskmtg360p_60f	thaloundeskmtg360p_60f	svtav1	svtav1_20191025_cc303a3	60	63	47012.0	47.01200000000001	31.357833333333346	37.977666666666664	37.97516666666666	30.53926	37.922835	37.879195	66.531572	79720.0	1.3286666666666667	640	360	30.0	8	f3c41436a7f3b1d2b447e16abf48e39d	06001b1ea68baee878d1810621cc5da8	640	360	1364.0	4.0	647.0	629.0	False	False
gipsrestat720p_60f	gipsrestat720p_60f	svtav1	svtav1_20191025_cc303a3	60	20	3896433.0	3896.433	45.05233333333333	47.525499999999994	49.13466666666666	45.034332	47.520883	49.129633	97.053124	1356990.0	22.6165	1280	720	50.0	8	75662e4cbcaff2f0aa9e563c81a7a511	b5bd9a5c089e27f6353fac8d96f08249	1280	720	9018.0	10.0	6224.0	3632.0	False	False
gipsrestat720p_60f	gipsrestat720p_60f	svtav1	svtav1_20191025_cc303a3	60	32	1417586.0	1417.586	43.410166666666655	46.84349999999998	48.30183333333334	43.378465	46.840208	48.29516	95.902713	721474.0	12.024566666666667	1280	720	50.0	8	99431f053c4d1a4d9f7ed6061d7d27b6	e7a937844af6338da6e9909891d5b26b	1280	720	4498.0	7.0	2431.0	2624.0	False	False
gipsrestat720p_60f	gipsrestat720p_60f	svtav1	svtav1_20191025_cc303a3	60	43	755353.0	755.353	41.83266666666667	46.103833333333334	47.412499999999994	41.771786	46.10221	47.406639	94.142493	616635.0	10.27725	1280	720	50.0	8	59f9d055df330ef6ac65e7b9ccc5c2c9	818dfbdf818ebdda2334afa6277a029f	1280	720	4299.0	4.0	2061.0	3136.0	False	False
gipsrestat720p_60f	gipsrestat720p_60f	svtav1	svtav1_20191025_cc303a3	60	55	365906.0	365.906	39.176833333333335	44.21883333333333	45.17116666666664	39.137635	44.217089	45.168951	90.075445	564888.0	9.4148	1280	720	50.0	8	13a55ea3b026756c7f3296a8d23a2d95	5822b3427eec093bb43aed74d2ea8063	1280	720	5654.0	19.0	2034.0	3368.0	False	False
gipsrestat720p_60f	gipsrestat720p_60f	svtav1	svtav1_20191025_cc303a3	60	63	114026.0	114.026	32.80800000000001	39.46850000000001	39.98033333333332	32.80552	39.46821	39.980276	68.441544	392162.0	6.536033333333333	1280	720	50.0	8	0ac274303e8fd04f38fcd513cf853732	8e285c5a8e87f273eed6deaadefad90f	1280	720	4859.0	3.0	1319.0	2926.0	False	False
