kirland360p_60f	kirland360p_60f	svtav1	svtav1_20200123_9f71509_enc-mode0	60	20	0	267720.0	267.72	47.29	48.36783333333334	49.566666666666656	47.217221	48.350193	49.549327	95.98927202510185	559142.0	9.319033333333334	935.2	640	360	30.0	8	b85675befd51041686bc498cc44b2f97	c827be74e8d80560b750a2235d5163a0	640	360	1613.0	9.0	232.0	3987.0	True	True	0.9908343712488811	0.9973636159324198
kirland360p_60f	kirland360p_60f	svtav1	svtav1_20200123_9f71509_enc-mode0	60	32	0	133036.0	133.036	46.033666666666676	47.882000000000026	48.81983333333336	45.886589	47.86166	48.789354	94.8407650600111	419895.0	6.99825	708.45	640	360	30.0	8	d0693582cbd4ed836d03276eb5f91d3f	19664f25742a952337cbaba1a74b115d	640	360	3837.0	64.0	267.0	5094.0	True	True	0.9896224230527878	0.9969128420774157
kirland360p_60f	kirland360p_60f	svtav1	svtav1_20200123_9f71509_enc-mode0	60	43	0	73676.0	73.676	44.20583333333332	47.28883333333333	47.75883333333333	43.944314	47.253126	47.640958	92.12288783632167	261272.0	4.354533333333333	420.11	640	360	30.0	8	935b9613064447dabf3873bd3ebffd4f	627cbdf5731e8df64c12de562f080c0a	640	360	1855.0	10.0	159.0	3384.0	True	True	0.9872543146212895	0.9960386816722421
kirland360p_60f	kirland360p_60f	svtav1	svtav1_20200123_9f71509_enc-mode0	60	55	0	39012.0	39.01200000000001	41.26949999999998	46.143166666666666	46.14166666666667	40.906261	46.044935	45.831137	85.49619504291317	327255.0	5.45425	483.22	640	360	30.0	8	fc1279546e914b8474154d0ecca12cbb	afd227ac7227a5a7383fd56fa9f053e0	640	360	3758.0	49.0	226.0	3827.0	True	True	0.9812326351801555	0.9937406353781424
kirland360p_60f	kirland360p_60f	svtav1	svtav1_20200123_9f71509_enc-mode0	60	59	0	28656.0	28.656	39.36716666666666	45.3415	45.200166666666654	38.987226	45.19733899999999	44.841369	79.13843582727128	285373.0	4.756216666666667	475.72	640	360	30.0	8	ef16b0057bbbf54a91849bc513f2f694	a49bcf82053f62b61a2cd4906cc6c587	640	360	1452.0	5.0	112.0	3213.0	True	True	0.9748873343070348	0.9910123079510249
KristenAndSara_1280x720_60_10b	KristenAndSara_1280x720_60_10b	svtav1	svtav1_20200123_9f71509_enc-mode0	60	20	0	3393864.0	3393.864	44.96083333333334	49.60316666666667	50.61916666666666	44.953996	49.601286	50.618406	97.12432484666851	2718148.0	45.30246666666667	4626.48	1280	720	60.0	10	e35eb6283441d50cfd6e00ea683ef1b3	917e45e18c56f1b62f91d2e4fb528275	1280	720	9079.0	2.0	1230.0	10519.0	True	True	0.9963494578997294	0.9957812506634868
KristenAndSara_1280x720_60_10b	KristenAndSara_1280x720_60_10b	svtav1	svtav1_20200123_9f71509_enc-mode0	60	32	0	1260928.0	1260.928	43.66300000000001	48.66783333333332	49.647333333333336	43.654875	48.665791	49.645654	96.22365406005162	1757826.0	29.2971	2838.56	1280	720	60.0	10	a327a6d0a7087388426fedecde313aef	8c126ca3827aa41742bf465a72e70855	1280	720	9033.0	4.0	941.0	10553.0	True	True	0.9951038400332133	0.9946233603413781
KristenAndSara_1280x720_60_10b	KristenAndSara_1280x720_60_10b	svtav1	svtav1_20200123_9f71509_enc-mode0	60	43	0	662168.0	662.168	42.226166666666664	47.564833333333326	48.51516666666667	42.208688	47.560626	48.511376	94.514693532231	1504946.0	25.082433333333334	2535.36	1280	720	60.0	10	6db1a307c274f1b37818e2b3d0f123f8	dc6aae42dca3fdb2e3f724ba97ca69b9	1280	720	9218.0	21.0	948.0	10795.0	True	True	0.9927317500114441	0.992629896642727
KristenAndSara_1280x720_60_10b	KristenAndSara_1280x720_60_10b	svtav1	svtav1_20200123_9f71509_enc-mode0	60	55	0	291544.0	291.544	39.32599999999999	44.74016666666668	45.977500000000035	39.306737	44.7348	45.97349	88.92903074750502	1120515.0	18.67525	1832.76	1280	720	60.0	10	daf1f5fb5ac576a3424ada459859c7ad	7cec428ba957c19629374271598bd0e7	1280	720	8753.0	6.0	865.0	10703.0	True	True	0.9850085268417994	0.9863814828527347
KristenAndSara_1280x720_60_10b	KristenAndSara_1280x720_60_10b	svtav1	svtav1_20200123_9f71509_enc-mode0	60	59	0	191768.0	191.768	37.36933333333332	43.03900000000002	44.00333333333335	37.353988	43.03517	44.00047	82.87382187061458	1363590.0	22.7265	2243.48	1280	720	60.0	10	a2601972c44c1bd52bd73b307ce64bfe	18f29a647a362e53b4a1496c8ff54197	1280	720	9131.0	10.0	1247.0	14395.0	True	True	0.9770112643639247	0.9800427069289986
RollerCoastPas_1920x1080_2997_10	RollerCoastPas_1920x1080_2997_10	svtav1	svtav1_20200123_9f71509_enc-mode0	60	20	0	3146769.0	3146.769	45.10266666666665	45.31166666666666	43.89283333333332	45.100732	45.310227000000005	43.89109	97.11290869728855	3704545.0	61.742416666666664	6605.55	1920	1080	29.97	10	7b84a33463e0e86cc887a68b8dc82037	53a1b7781f1a96ecbaea5111c592c8ec	1920	1080	20163.0	3.0	2432.0	23474.0	True	True	0.9986430794000626	0.9969117354500668
RollerCoastPas_1920x1080_2997_10	RollerCoastPas_1920x1080_2997_10	svtav1	svtav1_20200123_9f71509_enc-mode0	60	32	0	1375126.0	1375.126	43.95266666666665	44.58849999999999	43.08966666666664	43.950361	44.588304	43.08905	96.3670729532449	3633789.0	60.56315	5660.52	1920	1080	29.97	10	bc38dd04a9706dc61233c9507cb22b86	0682640a7426d448cb7968bd7025ddb2	1920	1080	24457.0	7.0	2414.0	25651.0	True	True	0.998101994395256	0.9960068703716761
RollerCoastPas_1920x1080_2997_10	RollerCoastPas_1920x1080_2997_10	svtav1	svtav1_20200123_9f71509_enc-mode0	60	43	0	763903.0	763.903	42.3115	43.58633333333333	42.23900000000001	42.30509	43.58575	42.238641	94.82309261712813	3174041.0	52.90068333333333	5065.67	1920	1080	29.97	10	9bb1a7383a84425af516f680f8b7598b	2936e1bc3a4d07c19a44b2119edf02d4	1920	1080	21763.0	7.0	2385.0	26027.0	True	True	0.9969290167093277	0.9942139823547692
RollerCoastPas_1920x1080_2997_10	RollerCoastPas_1920x1080_2997_10	svtav1	svtav1_20200123_9f71509_enc-mode0	60	55	0	315902.0	315.902	38.68733333333332	41.019000000000005	39.90116666666666	38.676354999999994	41.018968	39.899581	88.88378482711795	2156361.0	35.93935	3487.89	1920	1080	29.97	10	c94b523305e8cf415270cc5e7a70a847	d6e56c7d923c2a5b41032804774ed9b4	1920	1080	19781.0	7.0	1648.0	23746.0	True	True	0.9915200422207514	0.9870191199089301
RollerCoastPas_1920x1080_2997_10	RollerCoastPas_1920x1080_2997_10	svtav1	svtav1_20200123_9f71509_enc-mode0	60	59	0	201867.0	201.867	36.43533333333333	39.44849999999998	38.428166666666655	36.422621	39.446923	38.426076	81.8060727341518	1801176.0	30.0196	3021.67	1920	1080	29.97	10	3e49a24674113468192027d32e9f0076	f1d853329c27b583b6372ac77022ffb3	1920	1080	20652.0	4.0	1617.0	23840.0	True	True	0.9844533046086629	0.978517215385652
Netflix_PierSeaside_1920x1080_60	Netflix_PierSeaside_1920x1080_60	svtav1	svtav1_20200123_9f71509_enc-mode0	60	20	0	7934952.0	7934.952	45.42233333333334	47.42633333333333	45.515833333333354	45.399853	47.41542	45.501195	99.88259137096831	4497775.0	74.96291666666667	7014.03	1920	1080	60.0	8	99b50ae9e022dbaa44fc727233874d8e	60b566a27bf4c47860af14bdc98dc2e9	1920	1080	10797.0	3.0	1876.0	23615.0	True	True	0.9980341364940007	0.9968365894635691
Netflix_PierSeaside_1920x1080_60	Netflix_PierSeaside_1920x1080_60	svtav1	svtav1_20200123_9f71509_enc-mode0	60	32	0	3432720.0	3432.72	43.77700000000001	46.65649999999999	44.910500000000006	43.728087	46.642196	44.895223	99.38436562514588	3937041.0	65.61735	6281.09	1920	1080	60.0	8	98012d45cc3580b78957ad05b2e196ed	33bce9367be9fdeed3c199f75b5c1b91	1920	1080	11907.0	14.0	1864.0	31474.0	True	True	0.997098766764005	0.9953936858581944
Netflix_PierSeaside_1920x1080_60	Netflix_PierSeaside_1920x1080_60	svtav1	svtav1_20200123_9f71509_enc-mode0	60	43	0	1512752.0	1512.752	41.720833333333324	45.451	44.08899999999999	41.654182	45.436964	44.075181	97.38341124575373	2808415.0	46.806916666666666	4653.71	1920	1080	60.0	8	a41fb2f15cf5475892b0632dec931a52	99fbf2b72d859d8eb83e562bc0625dbf	1920	1080	12620.0	7.0	1463.0	25018.0	True	True	0.9950426052014033	0.9924100544451552
Netflix_PierSeaside_1920x1080_60	Netflix_PierSeaside_1920x1080_60	svtav1	svtav1_20200123_9f71509_enc-mode0	60	55	0	591096.0	591.096	38.824833333333345	43.084500000000006	42.298999999999985	38.770202	43.074178	42.289765	91.3934652162471	2011924.0	33.532066666666665	3038.01	1920	1080	60.0	8	28f82130fa2e12339ddb9ab7b1784f9c	d5e8828a4b67ffbe04d11c860c951b3e	1920	1080	12193.0	5.0	1370.0	24446.0	True	True	0.989757165312767	0.9857812175821407
Netflix_PierSeaside_1920x1080_60	Netflix_PierSeaside_1920x1080_60	svtav1	svtav1_20200123_9f71509_enc-mode0	60	59	0	341936.0	341.936	36.81933333333333	41.32916666666668	40.74966666666667	36.785598	41.323863	40.745317	84.61237055429943	1694404.0	28.240066666666667	2681.49	1920	1080	60.0	8	32f92721de553eee43cb071e26745210	a599431c04e7d0fa06f82e9b848332b9	1920	1080	10073.0	6.0	971.0	23167.0	True	True	0.9844471921523412	0.9795457259440368
blue_sky_360p_60f	blue_sky_360p_60f	svtav1	svtav1_20200123_9f71509_enc-mode0	60	20	0	1335576.0	1335.576	44.27483333333331	45.73250000000001	47.48383333333332	44.228795	45.67365	47.434517	99.92450928602283	832961.0	13.882683333333333	1373.02	640	360	25.0	8	244dc49d6c6a2e1860c5d652613f8d1c	e5e6f02fff22bd5c921a53f4bbfd6557	640	360	1855.0	5.0	440.0	3140.0	True	True	0.9929683049519856	0.9986128158127693
blue_sky_360p_60f	blue_sky_360p_60f	svtav1	svtav1_20200123_9f71509_enc-mode0	60	32	0	675340.0	675.34	41.52116666666666	43.55550000000001	45.20133333333334	41.442179	43.497169	45.155933	99.91627137770708	638750.0	10.645833333333334	1116.26	640	360	25.0	8	b84a62d06dba27339112342e1eb76645	c9d9ceab4ce7e18b229a3b9488040d4c	640	360	2137.0	4.0	362.0	3104.0	True	True	0.9899037579695383	0.9979072417070681
blue_sky_360p_60f	blue_sky_360p_60f	svtav1	svtav1_20200123_9f71509_enc-mode0	60	43	0	354100.0	354.1	38.704833333333326	40.95016666666666	42.65183333333335	38.600523	40.89569199999999	42.62085	99.57195025423836	444630.0	7.4105	754.89	640	360	25.0	8	65cc1303bd5fdebc0c9d5b9a689b3350	e5729894be27496b2007a46dd08af139	640	360	2006.0	4.0	271.0	2963.0	True	True	0.9842389424641927	0.9965296485686627
blue_sky_360p_60f	blue_sky_360p_60f	svtav1	svtav1_20200123_9f71509_enc-mode0	60	55	0	161220.0	161.22	35.01583333333334	37.26866666666667	39.44983333333334	34.92473	37.232663	39.425412	93.15094250267497	464139.0	7.73565	781.33	640	360	25.0	8	43c31fcfb5060f161608c6188788d4f3	3d5d342a222cb22c2e635e8653a9b473	640	360	2182.0	12.0	339.0	3159.0	True	True	0.96873792608579	0.992464043401384
blue_sky_360p_60f	blue_sky_360p_60f	svtav1	svtav1_20200123_9f71509_enc-mode0	60	59	0	100696.0	100.696	32.576333333333324	35.475500000000004	38.1915	32.540936	35.462456	38.178393	86.51142862733874	326175.0	5.43625	520.21	640	360	25.0	8	b438826f6e2364008e821b8c4653f24a	41c9b6347d1cebab6346cc3c2e9a9b9b	640	360	1908.0	3.0	243.0	4311.0	True	True	0.9506009529034297	0.9872599811025108
speed_bag_640x360_60f	speed_bag_640x360_60f	svtav1	svtav1_20200123_9f71509_enc-mode0	60	20	0	464293.0	464.293	46.915500000000016	49.63516666666666	51.09049999999999	46.84433	49.587928	51.039349	98.27439166357122	605905.0	10.098416666666667	1008.15	640	360	29.97	8	1bbcad368c7a83c8fce7e4be430e74b3	c067d5ac980acbcffe582625b7dc8385	640	360	1615.0	11.0	307.0	3329.0	True	True	0.9887242913246155	0.9974996147637917
speed_bag_640x360_60f	speed_bag_640x360_60f	svtav1	svtav1_20200123_9f71509_enc-mode0	60	32	0	246389.0	246.389	45.115166666666674	48.34099999999999	49.97566666666667	44.973308	48.2521	49.868299	97.36697096297843	521877.0	8.69795	886.04	640	360	29.97	8	e4b23773216041e589479193377cbb99	77e5f2367494daaf308380c28e03d27b	640	360	1496.0	7.0	278.0	3231.0	True	True	0.9857150346040726	0.9962339012127208
speed_bag_640x360_60f	speed_bag_640x360_60f	svtav1	svtav1_20200123_9f71509_enc-mode0	60	43	0	136711.0	136.71099999999998	43.01399999999999	46.724	48.56216666666668	42.810735	46.61167	48.409264	94.82362056116226	494888.0	8.248133333333334	837.13	640	360	29.97	8	012026a7ecddac353574662b23788621	3fab43ec0a4b5b53046627bff215b199	640	360	2030.0	7.0	249.0	3303.0	True	True	0.981577514608701	0.9940061669541624
speed_bag_640x360_60f	speed_bag_640x360_60f	svtav1	svtav1_20200123_9f71509_enc-mode0	60	55	0	68481.0	68.481	39.6705	43.934833333333344	46.41333333333334	39.407182	43.835941	46.204104	84.99769838738068	246374.0	4.106233333333333	408.1	640	360	29.97	8	91033cacba1e0fa979ba8f8fa4c5dcd0	f1115a02bb5f7b8c9a17c67d7e6695a9	640	360	1346.0	5.0	153.0	2848.0	True	True	0.9719644616047541	0.9877999121258986
speed_bag_640x360_60f	speed_bag_640x360_60f	svtav1	svtav1_20200123_9f71509_enc-mode0	60	59	0	50500.0	50.5	37.764500000000005	42.20916666666665	44.96549999999999	37.570813	42.137823	44.759836	77.23925830420539	279026.0	4.650433333333333	427.37	640	360	29.97	8	2660397de8a771a464397137d03d77b2	ca152662fef610dd81b5f4c1db686c4c	640	360	1596.0	3.0	216.0	3075.0	True	True	0.9642775813738506	0.9822682269733864
thaloundeskmtg360p_60f	thaloundeskmtg360p_60f	svtav1	svtav1_20200123_9f71509_enc-mode0	60	20	0	841456.0	841.456	44.62783333333332	48.53966666666666	48.571999999999996	44.451185	48.498239	48.542181	96.92631314457657	633192.0	10.5532	1001.5	640	360	30.0	8	f56c17ce70c620241c94c3bb4f6ff5d3	1c089ec134cc0665b38a37ebb8c918c0	640	360	1834.0	5.0	272.0	3042.0	True	True	0.9923172881205876	0.9983471034457164
thaloundeskmtg360p_60f	thaloundeskmtg360p_60f	svtav1	svtav1_20200123_9f71509_enc-mode0	60	32	0	438792.0	438.792	42.989	47.27066666666668	47.39133333333332	42.74442	47.235521	47.369828	95.8078568737788	464714.0	7.745233333333333	751.58	640	360	30.0	8	c4789c2b309f061f255191b4ea983f4d	d65bfd08bedb686284ca697c8883d627	640	360	1934.0	7.0	203.0	3023.0	True	True	0.9900625238815943	0.9976388023313838
thaloundeskmtg360p_60f	thaloundeskmtg360p_60f	svtav1	svtav1_20200123_9f71509_enc-mode0	60	43	0	250056.0	250.056	40.99066666666667	45.70483333333334	45.855166666666655	40.688393	45.677768	45.83736	93.62436596480138	430934.0	7.1822333333333335	663.97	640	360	30.0	8	7b84eee88e65ea087955e6d6ffa7df64	fcdb0094c2ab79e809f658cb5d0b3cdb	640	360	2105.0	8.0	279.0	4227.0	True	True	0.9862854490677516	0.9963213737496233
thaloundeskmtg360p_60f	thaloundeskmtg360p_60f	svtav1	svtav1_20200123_9f71509_enc-mode0	60	55	0	123884.0	123.884	37.56416666666666	42.851833333333346	42.91316666666668	37.31619	42.830919	42.897181	87.30404740675688	320718.0	5.3453	514.73	640	360	30.0	8	6531e97fd0c1370c5573d744e75b79ba	c469404fb467cf3601e1c01a6e4e49df	640	360	2049.0	3.0	168.0	3084.0	True	True	0.9760033458471298	0.9920397214674787
thaloundeskmtg360p_60f	thaloundeskmtg360p_60f	svtav1	svtav1_20200123_9f71509_enc-mode0	60	59	0	84260.0	84.26	35.31749999999999	40.92016666666666	41.18483333333334	34.997729	40.909022	41.165236	81.55695264939543	330073.0	5.501216666666667	500.6	640	360	30.0	8	47d97c61e3fc2a3b1786157861e96613	3c0e0c555e9e4f5f326b6dcf6d86e3ef	640	360	1954.0	4.0	151.0	3467.0	True	True	0.9653418898582459	0.9872364367663392
DinnerScene_1920x1080_2997_10b	DinnerScene_1920x1080_2997_10b	svtav1	svtav1_20200123_9f71509_enc-mode0	60	20	0	1582144.0	1582.144	41.81966666666665	42.705500000000015	47.54783333333331	41.81805	42.702378	47.547328	91.53889940084602	4974210.0	82.9035	7650.25	1920	1080	29.97	10	1cddd867a511afcb5fd7587c87f919ce	7ca8d50e3bfde7dd1be74be95a8450c9	1920	1080	19655.0	4.0	3100.0	29824.0	True	True	0.994228920340538	0.9883240761636091
DinnerScene_1920x1080_2997_10b	DinnerScene_1920x1080_2997_10b	svtav1	svtav1_20200123_9f71509_enc-mode0	60	32	0	295599.0	295.599	41.63266666666665	42.29249999999998	47.386500000000005	41.632014	42.291419	47.386059	89.79375177116866	3427531.0	57.12551666666667	5189.44	1920	1080	29.97	10	6a80f0c6894972f3955bf775eb029911	b85544f98b30f34c93d8da71cd274203	1920	1080	22482.0	10.0	2687.0	26566.0	True	True	0.9934298902750015	0.9875293933374097
DinnerScene_1920x1080_2997_10b	DinnerScene_1920x1080_2997_10b	svtav1	svtav1_20200123_9f71509_enc-mode0	60	43	0	151247.0	151.247	41.38083333333332	42.21100000000001	47.20333333333335	41.381477	42.210719	47.203175	86.87470337849153	2803481.0	46.72468333333333	4457.31	1920	1080	29.97	10	35bdc4a469760e7209a375052c48ecde	83c0acf15829b832b8c07ea701f8cae5	1920	1080	21536.0	5.0	2517.0	25168.0	True	True	0.9925532678763072	0.9866597727893637
DinnerScene_1920x1080_2997_10b	DinnerScene_1920x1080_2997_10b	svtav1	svtav1_20200123_9f71509_enc-mode0	60	55	0	69704.0	69.704	40.59633333333334	41.896499999999996	46.52233333333331	40.593341	41.896573	46.520734	78.20148032270797	2237978.0	37.29963333333333	3510.77	1920	1080	29.97	10	51071aec260b8f7dab0e6f9edf514040	d49d214c8853ab23da25f5a5920ca5cb	1920	1080	21440.0	5.0	1926.0	24290.0	True	True	0.9888547370831172	0.9832742108743475
DinnerScene_1920x1080_2997_10b	DinnerScene_1920x1080_2997_10b	svtav1	svtav1_20200123_9f71509_enc-mode0	60	59	0	49572.0	49.572	39.82450000000002	41.551666666666684	45.9045	39.813793	41.551723	45.902638	68.88156259029468	2230420.0	37.17366666666667	3259.6	1920	1080	29.97	10	b0a1f9d775757476187adc3a5d0fecb0	35ff3f371a320c0f653f206d36f6034b	1920	1080	20804.0	4.0	1923.0	24557.0	True	True	0.9842623382806778	0.9792575916199274
BarScene1_1920x1080_2997_10b	BarScene1_1920x1080_2997_10b	svtav1	svtav1_20200123_9f71509_enc-mode0	60	20	0	1797781.0	1797.781	42.47550000000001	44.777166666666666	43.78699999999999	42.475023	44.777208	43.786657	93.13052795558002	4289186.0	71.48643333333334	6798.06	1920	1080	29.97	10	ad77551791ac4f934c364e91eec38d32	92721e679351bd976b564bceae59ac61	1920	1080	20702.0	4.0	2473.0	24498.0	True	True	0.9958532671133677	0.9910140709545858
BarScene1_1920x1080_2997_10b	BarScene1_1920x1080_2997_10b	svtav1	svtav1_20200123_9f71509_enc-mode0	60	32	0	474387.0	474.387	42.14250000000002	44.56099999999999	43.45050000000002	42.141895	44.561395999999995	43.450784	92.00586910648086	2265707.0	37.761783333333334	3837.02	1920	1080	29.97	10	b7d6d227fe8aeb9febc4cc75669c384b	3cac1d978be9bc2e038b7aca1ff13b10	1920	1080	20785.0	3.0	1453.0	23253.0	True	True	0.9950499107440313	0.990005786635028
BarScene1_1920x1080_2997_10b	BarScene1_1920x1080_2997_10b	svtav1	svtav1_20200123_9f71509_enc-mode0	60	43	0	233108.0	233.108	41.65783333333334	44.38700000000001	43.284166666666664	41.657762	44.3875	43.284186	90.06688578483096	2158691.0	35.978183333333334	3359.13	1920	1080	29.97	10	fcd6009a313e86882e6a1dadc46968db	1e23d9770d65658e22371ac95b17ecdf	1920	1080	21159.0	4.0	1496.0	24055.0	True	True	0.9938157975673676	0.9883974322654366
BarScene1_1920x1080_2997_10b	BarScene1_1920x1080_2997_10b	svtav1	svtav1_20200123_9f71509_enc-mode0	60	55	0	95703.0	95.703	40.48366666666671	43.83583333333332	42.8443333333333	40.482509	43.834904	42.844298	83.7414751952588	2033632.0	33.89386666666667	3019.78	1920	1080	29.97	10	28aab714cefed4461c5d22d80b3e9b91	79ed619d8dda51857086032b2bdb0853	1920	1080	21080.0	3.0	1529.0	25510.0	True	True	0.9891380290190379	0.9834624317276324
BarScene1_1920x1080_2997_10b	BarScene1_1920x1080_2997_10b	svtav1	svtav1_20200123_9f71509_enc-mode0	60	59	0	59977.0	59.977	39.50633333333333	43.23299999999999	42.36349999999998	39.504146	43.232499	42.363874	76.92777944730989	2077467.0	34.62445	3192.22	1920	1080	29.97	10	775c669051c441a22a703d9ccdbecb57	04d43f4091654b38b0c5974546408556	1920	1080	21645.0	13.0	1725.0	25662.0	True	True	0.9836356858412425	0.9785767666740888
KristenAndSara_1280x720_60f	KristenAndSara_1280x720_60f	svtav1	svtav1_20200123_9f71509_enc-mode0	60	20	0	3307736.0	3307.736	44.64500000000001	49.0135	49.91866666666666	44.63794599999999	49.01186	49.91724	96.95497206662647	2652750.0	44.2125	4457.18	1280	720	60.0	8	e4661be9cf6391db22637cd378511985	d1f3588eceb9b320850941def0f0eded	1280	720	5496.0	5.0	925.0	10537.0	True	True	0.9960004955530166	0.9954623583891561
KristenAndSara_1280x720_60f	KristenAndSara_1280x720_60f	svtav1	svtav1_20200123_9f71509_enc-mode0	60	32	0	1367760.0	1367.76	43.54683333333332	48.32866666666667	49.24266666666666	43.537027	48.326649	49.240545	96.10365770212961	1569328.0	26.155466666666666	2427.69	1280	720	60.0	8	ae016986af8db61a1ea9966a602ded56	47d9d35bf04d6f9ee55bf13de1c80d68	1280	720	5677.0	4.0	634.0	10830.0	True	True	0.9948162992795309	0.9943779758592892
KristenAndSara_1280x720_60f	KristenAndSara_1280x720_60f	svtav1	svtav1_20200123_9f71509_enc-mode0	60	43	0	696328.0	696.328	42.168833333333325	47.28316666666669	48.149666666666654	42.152682	47.279466	48.147151	94.57899390607238	1327137.0	22.11895	2160.95	1280	720	60.0	8	9a140ff0622c733a8757e09af9225c29	ad8e7cc530ea3f7267d93bc6b211a1f1	1280	720	6348.0	8.0	621.0	10726.0	True	True	0.9925985962152482	0.9924881353335907
KristenAndSara_1280x720_60f	KristenAndSara_1280x720_60f	svtav1	svtav1_20200123_9f71509_enc-mode0	60	55	0	300984.0	300.984	39.331999999999994	44.65766666666665	45.81550000000001	39.308271	44.650881	45.810786	89.1607298023893	1028736.0	17.1456	1665.7	1280	720	60.0	8	5061f65d9c95890948c16a36630b9ab3	1a8d85501281c2dfa288a14f99ed5988	1280	720	5831.0	9.0	536.0	10858.0	True	True	0.9849339902400971	0.9863015716641386
KristenAndSara_1280x720_60f	KristenAndSara_1280x720_60f	svtav1	svtav1_20200123_9f71509_enc-mode0	60	59	0	198648.0	198.648	37.464333333333315	43.038166666666704	44.24333333333334	37.445206	43.032248	44.239884	83.6110987625822	884247.0	14.73745	1408.57	1280	720	60.0	8	44be9055caf38cef2db2ae412fdbe782	37f701ddb90505a08425d1ad5ffdb3da	1280	720	5478.0	4.0	452.0	10238.0	True	True	0.9775044987599055	0.9803468355830255
Netflix_DrivingPOV_1280x720_60fp	Netflix_DrivingPOV_1280x720_60fp	svtav1	svtav1_20200123_9f71509_enc-mode0	60	20	0	11545416.0	11545.416	42.846833333333315	46.54216666666666	45.210833333333326	42.824199	46.535566	45.204698	99.67729803804988	4747682.0	79.12803333333333	7717.88	1280	720	60.0	8	0dde22c33b011041d4eec46a82504d4e	c967046864b9cd08aa8428aed9c80118	1280	720	7053.0	17.0	2042.0	13554.0	True	True	0.9980347424745559	0.9974740213951494
Netflix_DrivingPOV_1280x720_60fp	Netflix_DrivingPOV_1280x720_60fp	svtav1	svtav1_20200123_9f71509_enc-mode0	60	32	0	5353848.0	5353.848	40.35466666666666	45.145999999999994	44.1545	40.321797	45.135785000000006	44.148951	98.61641348662593	2762561.0	46.042683333333336	4374.69	1280	720	60.0	8	02d5b317908816ef23ec7f663ffc4ac1	adfcfb1c49e337526cc021be5432ad55	1280	720	6564.0	4.0	1040.0	9964.0	True	True	0.996334312359492	0.9953299649165083
Netflix_DrivingPOV_1280x720_60fp	Netflix_DrivingPOV_1280x720_60fp	svtav1	svtav1_20200123_9f71509_enc-mode0	60	43	0	2765840.0	2765.8400000000006	38.02033333333331	43.642166666666675	43.168499999999995	37.974102	43.626757	43.162407	96.279964308278	2650270.0	44.171166666666664	3975.66	1280	720	60.0	8	23cffc848b3902b35c6eb31d5e35f676	8bd59b867e495847849dcc7fb5d0daa0	1280	720	10869.0	60.0	1156.0	11220.0	True	True	0.9923002143700917	0.991297873962435
Netflix_DrivingPOV_1280x720_60fp	Netflix_DrivingPOV_1280x720_60fp	svtav1	svtav1_20200123_9f71509_enc-mode0	60	55	0	1129344.0	1129.344	34.66299999999999	41.20166666666665	41.48883333333333	34.625801	41.188058	41.483914	89.70828408177977	1862547.0	31.04245	3047.23	1280	720	60.0	8	d411d4a9d4ea4fcbc47b8fd63c2f2eee	f2edeac5e5e4eec4477f6007a8e75df3	1280	720	7495.0	17.0	916.0	12513.0	True	True	0.9847008496522903	0.9835915280417923
Netflix_DrivingPOV_1280x720_60fp	Netflix_DrivingPOV_1280x720_60fp	svtav1	svtav1_20200123_9f71509_enc-mode0	60	59	0	715552.0	715.552	32.78666666666667	39.654499999999985	40.31516666666666	32.768292	39.649648	40.312415	83.64956647555208	1610843.0	26.847383333333333	2523.1	1280	720	60.0	8	522f7027aa49d23b34eb23278b601cbe	d7ef176b8f260d81bf03a0444e1a657c	1280	720	6786.0	5.0	1263.0	11003.0	True	True	0.9774764607350032	0.976021269260056
Netflix_RollerCoaster_1280x720_6	Netflix_RollerCoaster_1280x720_6	svtav1	svtav1_20200123_9f71509_enc-mode0	60	20	0	8285280.0	8285.28	44.85583333333333	46.742666666666665	46.75083333333334	44.841569	46.734189	46.743802	99.91298570002725	3340831.0	55.68051666666667	5631.98	1280	720	60.0	8	ee9ed268cf6b831a79f7cd3b90124fc1	93044f2a364c45d18a25b11f3aeacb02	1280	720	5263.0	4.0	1403.0	9919.0	True	True	0.9979194581508637	0.9975392096689552
Netflix_RollerCoaster_1280x720_6	Netflix_RollerCoaster_1280x720_6	svtav1	svtav1_20200123_9f71509_enc-mode0	60	32	0	4255456.0	4255.456	42.639500000000005	45.13883333333334	45.50883333333333	42.609917	45.122969	45.501042	99.87668280761208	2973892.0	49.56486666666667	5077.34	1280	720	60.0	8	71948aa3de16ebd1032094351118e5bd	eb0c6c197cdbea1e4822abc577151b35	1280	720	6058.0	2.0	1309.0	10954.0	True	True	0.9964848945538203	0.996005348112953
Netflix_RollerCoaster_1280x720_6	Netflix_RollerCoaster_1280x720_6	svtav1	svtav1_20200123_9f71509_enc-mode0	60	43	0	2184544.0	2184.544	40.146833333333326	43.14166666666666	43.884833333333326	40.10094	43.121118	43.875443	97.83121756889159	2101799.0	35.029983333333334	3648.37	1280	720	60.0	8	d3e3c675b1658642df0f6aefce9a0a79	c09390e09d58654eda8b79f828ceecb3	1280	720	5646.0	6.0	924.0	10136.0	True	True	0.9933462331692378	0.9928183302694116
Netflix_RollerCoaster_1280x720_6	Netflix_RollerCoaster_1280x720_6	svtav1	svtav1_20200123_9f71509_enc-mode0	60	55	0	955312.0	955.312	36.60733333333334	40.124999999999986	41.49283333333333	36.569958	40.103361	41.480764	87.75618262929166	1741437.0	29.02395	2881.61	1280	720	60.0	8	325b136fdb2dd95a682f186193b185e6	2152b8fd446525caad726d2edcea30b0	1280	720	5873.0	4.0	849.0	10338.0	True	True	0.9818374822537105	0.9821894860942141
Netflix_RollerCoaster_1280x720_6	Netflix_RollerCoaster_1280x720_6	svtav1	svtav1_20200123_9f71509_enc-mode0	60	59	0	650688.0	650.688	34.82283333333334	38.442833333333326	40.215833333333315	34.794929	38.423852	40.206432	79.41506404629061	1632678.0	27.2113	2642.89	1280	720	60.0	8	c4e2201e9902f9f58bc23fd8ce7fc04c	bcc95e60287ca55c25a661a70c50994c	1280	720	6060.0	5.0	874.0	10664.0	True	True	0.9703926503658294	0.972571204926828
dark720p_60f	dark720p_60f	svtav1	svtav1_20200123_9f71509_enc-mode0	60	20	0	7072044.0	7072.044	46.04833333333334	43.358166666666655	44.88683333333334	45.991476	43.201891	44.757264	96.21045602481199	3805241.0	63.420683333333336	6590.25	1280	720	30.0	8	1e25ce0d02e48afd27769acdb8832d4a	58fa1dea632a1e4dd0b29a96b98ccea4	1280	720	4969.0	4.0	1956.0	10178.0	True	True	0.9943182130654653	0.9950763940044328
dark720p_60f	dark720p_60f	svtav1	svtav1_20200123_9f71509_enc-mode0	60	32	0	1740836.0	1740.836	43.512499999999996	39.09466666666667	41.85383333333332	43.47459	38.997567	41.818423	93.12486750490685	2353633.0	39.22721666666666	3715.46	1280	720	30.0	8	02aeaa1bd9afe5658df20e675bf775fb	8f4499262a50a0f6b5964c50e888d3c8	1280	720	4707.0	5.0	1306.0	10180.0	True	True	0.9911512533823649	0.9926232367619127
dark720p_60f	dark720p_60f	svtav1	svtav1_20200123_9f71509_enc-mode0	60	43	0	303072.0	303.072	42.22700000000002	36.97333333333333	40.821	42.216163	36.95843	40.815331	90.39800308392152	1786637.0	29.777283333333333	2940.8	1280	720	30.0	8	d73a58c3255b7cbc7f205ef289b3cecc	d45bd2b20a4a0bfbed366d82d5e58911	1280	720	5112.0	14.0	820.0	20422.0	True	True	0.9894112110137939	0.991251926234611
dark720p_60f	dark720p_60f	svtav1	svtav1_20200123_9f71509_enc-mode0	60	55	0	111640.0	111.64	40.68033333333332	36.241500000000016	39.84350000000001	40.67376	36.239138	39.839743	85.8151281965873	1006296.0	16.7716	1629.7	1280	720	30.0	8	e9ea17bfa56b555c7ed3dbb26de20ef9	c150bbe657fa1ee67d04e5da3f57e9db	1280	720	4801.0	4.0	607.0	10742.0	True	True	0.9852831522623698	0.9881172939021341
dark720p_60f	dark720p_60f	svtav1	svtav1_20200123_9f71509_enc-mode0	60	59	0	74464.0	74.464	39.16900000000002	35.56733333333332	38.917333333333346	39.162175	35.565157	38.908181	80.4728665343282	935196.0	15.5866	1375.9	1280	720	30.0	8	98bbce5a623f2b1304b919cf5c181e7a	530bee07038f0646e4b22d480984c01b	1280	720	4882.0	3.0	508.0	13202.0	True	True	0.9799154927333196	0.9840906984175951
gipsrestat720p_60f	gipsrestat720p_60f	svtav1	svtav1_20200123_9f71509_enc-mode0	60	20	0	3521646.0	3521.646	44.90716666666667	47.46566666666666	49.080666666666644	44.896634	47.461199	49.077311	96.98251113712381	3064174.0	51.06956666666667	4807.7	1280	720	50.0	8	25879a7c2143152d9a7df223798de1f6	043391bad9341bbb947f35d270905fbd	1280	720	9288.0	67.0	1173.0	14212.0	True	True	0.9976504484812418	0.9969966373982867
gipsrestat720p_60f	gipsrestat720p_60f	svtav1	svtav1_20200123_9f71509_enc-mode0	60	32	0	1343600.0	1343.6	43.31416666666667	46.871666666666655	48.36433333333332	43.290794	46.86764	48.360143	95.82718890398748	1687300.0	28.121666666666666	2642.15	1280	720	50.0	8	8baf987743bafca010889724ef541853	cf37aa2e004c9dbc719de85443c33daf	1280	720	6238.0	4.0	622.0	11038.0	True	True	0.9966518451770147	0.9959853375727993
gipsrestat720p_60f	gipsrestat720p_60f	svtav1	svtav1_20200123_9f71509_enc-mode0	60	43	0	680706.0	680.706	41.6155	45.93900000000003	47.214499999999994	41.574353	45.936935	47.211595	94.06765337616841	1453830.0	24.2305	2257.15	1280	720	50.0	8	168187e5f770aed84ea8ee2aa25490e4	c9682ae0b96672594aabad107767afb6	1280	720	7578.0	9.0	701.0	10879.0	True	True	0.9949598948160807	0.9944061606849551
gipsrestat720p_60f	gipsrestat720p_60f	svtav1	svtav1_20200123_9f71509_enc-mode0	60	55	0	304206.0	304.206	38.44033333333332	43.6185	44.573333333333316	38.4206	43.616399	44.573068	88.53588019650483	765497.0	12.758283333333333	1331.51	1280	720	50.0	8	a86c04de56470596a8f7890309f3f6fb	32149a4b9e344168bc52984845dd3a9f	1280	720	5330.0	4.0	399.0	10147.0	True	True	0.9882133861382802	0.9885222315333111
gipsrestat720p_60f	gipsrestat720p_60f	svtav1	svtav1_20200123_9f71509_enc-mode0	60	59	0	208760.0	208.75999999999996	36.577	42.19883333333333	42.868333333333325	36.567462	42.197901	42.868625	83.6500967304598	711994.0	11.866566666666667	1236.99	1280	720	50.0	8	e7a3fc67261ad45fa4b2d85e7806c978	15de2477d9b543831c32755f99991a88	1280	720	5340.0	4.0	380.0	10127.0	True	True	0.9811663607756297	0.9825938169961831
red_kayak_360p_60f	red_kayak_360p_60f	svtav1	svtav1_20200123_9f71509_enc-mode0	60	20	0	9209618.0	9209.618	41.126666666666665	44.75750000000001	49.19366666666667	41.047137	44.724967	49.183905	99.89570751606405	1793915.0	29.898583333333335	2859.5	640	360	29.97	8	a07ccd8ad5cbaee8fe71e69b875af706	c531f958a0d6083a2fff3a0120de7639	640	360	2369.0	3.0	1132.0	3293.0	True	True	0.9727010548114776	0.9944260419430989
red_kayak_360p_60f	red_kayak_360p_60f	svtav1	svtav1_20200123_9f71509_enc-mode0	60	32	0	5412190.0	5412.19	36.575833333333335	42.286833333333334	47.85483333333334	36.411799	42.232153	47.841158	99.73893477184815	1474961.0	24.582683333333332	2418.74	640	360	29.97	8	d33a486f76e611a518d95ee79330c4ac	98764d6025a04e227167cd1b0fa7c263	640	360	2976.0	9.0	928.0	3395.0	True	True	0.9408595224221548	0.9863516604960675
red_kayak_360p_60f	red_kayak_360p_60f	svtav1	svtav1_20200123_9f71509_enc-mode0	60	43	0	2384765.0	2384.765	31.831833333333332	39.90049999999999	46.78866666666665	31.684872	39.853449	46.763659	85.93330276789652	1199114.0	19.985233333333333	2012.69	640	360	29.97	8	c0260981a23f1270f778a6c438a09eb5	09ba3e157b97dd9a58435d2dc3454072	640	360	2118.0	5.0	657.0	3154.0	True	True	0.8690284023682276	0.9651626485999033
red_kayak_360p_60f	red_kayak_360p_60f	svtav1	svtav1_20200123_9f71509_enc-mode0	60	55	0	700855.0	700.855	27.936166666666665	38.049166666666665	45.42633333333333	27.843838	38.026067	45.365327	57.48118741406498	879243.0	14.65405	1479.76	640	360	29.97	8	a6b5a331352cb943cf8a202b14b2af75	52314e799e15132354bcf95ca96b4c9a	640	360	2166.0	9.0	494.0	3244.0	True	True	0.7503994961579641	0.9161428692047625
red_kayak_360p_60f	red_kayak_360p_60f	svtav1	svtav1_20200123_9f71509_enc-mode0	60	59	0	372716.0	372.716	26.760833333333334	37.408500000000004	45.03933333333334	26.689234	37.386449	44.94497	42.74549311928538	779619.0	12.99365	1276.4	640	360	29.97	8	e7026b81a7920a3e016ad72d573b266c	10af2396f055122116d6bb2c5b2f14ba	640	360	2760.0	19.0	412.0	3116.0	True	True	0.7014470358689626	0.8837069668726772
shields_640x360_60f	shields_640x360_60f	svtav1	svtav1_20200123_9f71509_enc-mode0	60	20	0	2350440.0	2350.44	42.406999999999975	45.60933333333334	47.305	42.277302	45.58745	47.23837	99.44134088487107	1020742.0	17.012366666666665	1808.38	640	360	50.0	8	6d5ec7f9d5047f0927a093060784ffa6	b9b80c3a5e8ddc4190ddfafdc52b3cb2	640	360	2509.0	6.0	406.0	3124.0	True	True	0.9857282996177673	0.9982911791203425
shields_640x360_60f	shields_640x360_60f	svtav1	svtav1_20200123_9f71509_enc-mode0	60	32	0	1258573.0	1258.573	40.70316666666667	44.07533333333332	45.622666666666674	40.505847	44.038114	45.516289	99.43734546610257	724075.0	12.067916666666667	1192.79	640	360	50.0	8	b594fd82fa5275d34c59654e7b52abec	b464b64410e3c2774109642def35d494	640	360	2674.0	7.0	320.0	6364.0	True	True	0.9812340050935745	0.9976594143415861
shields_640x360_60f	shields_640x360_60f	svtav1	svtav1_20200123_9f71509_enc-mode0	60	43	0	665273.0	665.273	38.16383333333332	41.366833333333325	43.152333333333345	37.890835	41.285201	42.988722	99.39892567439549	555964.0	9.266066666666667	967.85	640	360	50.0	8	5b434dcecc14fffef9c8ec52fdc8a051	b45a0970030960c67c21f101975028c9	640	360	2950.0	5.0	284.0	4747.0	True	True	0.9702735622723897	0.9958812093145476
shields_640x360_60f	shields_640x360_60f	svtav1	svtav1_20200123_9f71509_enc-mode0	60	55	0	325233.0	325.233	34.46466666666666	38.11266666666667	40.193333333333335	34.1102	37.951345999999994	39.949497	95.47039747711051	518560.0	8.642666666666667	828.3	640	360	50.0	8	43f08259ed993477d34d01a289689a5d	03336ffd69e500afc64a22216d0bd283	640	360	3299.0	14.0	251.0	3273.0	True	True	0.940648975968361	0.9900120121305276
shields_640x360_60f	shields_640x360_60f	svtav1	svtav1_20200123_9f71509_enc-mode0	60	59	0	206413.0	206.413	31.87216666666667	36.318	38.36050000000001	31.451687	36.104667	38.120625	88.1738052831585	350509.0	5.841816666666666	576.75	640	360	50.0	8	471ab817cb42106bb915aa1e51e3e407	8ca164a3414d54012ffe21d83e1f326d	640	360	2652.0	4.0	204.0	3293.0	True	True	0.9018228739500046	0.9807776826547301
Aerial_1920x1080_2997_10b	Aerial_1920x1080_2997_10b	svtav1	svtav1_20200123_9f71509_enc-mode0	60	20	0	9590986.0	9590.986	43.60900000000001	46.04866666666667	45.36033333333333	43.572917	46.033056	45.346517999999996	96.47660995248002	6150212.0	102.50353333333334	10217.38	1920	1080	29.97	10	c1b68a3f8ef2858b42f81468fd9d64c6	0c6ccbad0a70e5c6b9adedcb550a9565	1920	1080	24146.0	25.0	5480.0	27995.0	True	True	0.9989710867404937	0.9979551865921015
Aerial_1920x1080_2997_10b	Aerial_1920x1080_2997_10b	svtav1	svtav1_20200123_9f71509_enc-mode0	60	32	0	5180994.0	5180.994	41.87066666666668	44.86100000000001	44.33516666666667	41.819495	44.846257	44.324021	95.4254440148518	5235547.0	87.25911666666667	8336.0	1920	1080	29.97	10	7d8cb4d28fb0b3505685925b0c1f8efe	9ab90a0b554c7c860313870e733c4aa7	1920	1080	23582.0	6.0	3677.0	27110.0	True	True	0.9984959145387013	0.9971139661884394
Aerial_1920x1080_2997_10b	Aerial_1920x1080_2997_10b	svtav1	svtav1_20200123_9f71509_enc-mode0	60	43	0	2988244.0	2988.244	39.71816666666666	43.17733333333332	42.998666666666686	39.667545	43.168317	42.994354	93.30941472805331	3531932.0	58.86553333333333	5743.04	1920	1080	29.97	10	6b5d59c32f863bb11f706668d19b8778	770c458303cefb27371ea8b8e27c5651	1920	1080	23805.0	4.0	2538.0	24870.0	True	True	0.9975110391775767	0.995402503090133
Aerial_1920x1080_2997_10b	Aerial_1920x1080_2997_10b	svtav1	svtav1_20200123_9f71509_enc-mode0	60	55	0	1202397.0	1202.397	35.25033333333333	40.17183333333332	40.744499999999995	35.234618	40.169527	40.74419	86.03671922896714	2913224.0	48.553733333333334	4529.37	1920	1080	29.97	10	16283811cc9aadce1e01999d86f608e9	10671693c8d97e17ffee17924b3569bf	1920	1080	25779.0	10.0	2458.0	26336.0	True	True	0.9929344624280929	0.9871778944110007
Aerial_1920x1080_2997_10b	Aerial_1920x1080_2997_10b	svtav1	svtav1_20200123_9f71509_enc-mode0	60	59	0	623778.0	623.778	32.12933333333333	38.47900000000002	39.59766666666665	32.126637	38.478277	39.597901	77.13763354447362	2607077.0	43.451283333333336	4171.75	1920	1080	29.97	10	fc237b941b4086f58eec2afc87adb8e1	a3ceedc393aa3ebd088278163a761dfb	1920	1080	23390.0	4.0	2409.0	24655.0	True	True	0.9843599518140157	0.9714543788015703
Sintel_Dragons_1920x816_24_10b	Sintel_Dragons_1920x816_24_10b	svtav1	svtav1_20200123_9f71509_enc-mode0	60	20	0	5205286.0	5205.286000000001	46.88683333333333	51.22633333333333	51.44316666666666	46.814317	51.201466	51.398751	99.91228090591758	5844367.0	97.40611666666666	9985.76	1920	816	24.0	10	7ea47a4e54c40d5949bd46be1cfcdba7	d0eb96d8a403c3a3708da265f0132f1a	1920	816	11544.0	9.0	4278.0	17853.0	True	True	0.9966848462820053	0.9968488472536277
Sintel_Dragons_1920x816_24_10b	Sintel_Dragons_1920x816_24_10b	svtav1	svtav1_20200123_9f71509_enc-mode0	60	32	0	2662560.0	2662.56	43.815666666666665	48.815666666666665	48.92433333333334	43.739171000000006	48.77982	48.853527	99.89288887863823	5203592.0	86.72653333333334	8955.51	1920	816	24.0	10	40f7eaf6031413bda447d94a0c43babe	4a62f923db3a61c869ad2c14d30d8971	1920	816	10904.0	8.0	3991.0	17953.0	True	True	0.9940336654583614	0.994465309813094
Sintel_Dragons_1920x816_24_10b	Sintel_Dragons_1920x816_24_10b	svtav1	svtav1_20200123_9f71509_enc-mode0	60	43	0	1384550.0	1384.55	40.81016666666666	46.40950000000001	46.47950000000001	40.738031	46.366502	46.392909	97.94305288656233	5014961.0	83.58268333333334	8336.74	1920	816	24.0	10	8e4b47790fcdc21965338b981a01467b	bbf77cee4501aa99f2db49664183ff20	1920	816	11538.0	4.0	3673.0	18139.0	True	True	0.9884590893983841	0.9897487150358106
Sintel_Dragons_1920x816_24_10b	Sintel_Dragons_1920x816_24_10b	svtav1	svtav1_20200123_9f71509_enc-mode0	60	55	0	670668.0	670.668	37.4005	43.448	43.62866666666665	37.34398	43.408714	43.557519	85.07937931768011	2911756.0	48.529266666666665	5167.33	1920	816	24.0	10	fcd6d05ef809ad1d531c577cc257add4	0bdd50b3bd77974a51162d504349cae9	1920	816	10054.0	4.0	2263.0	16407.0	True	True	0.9752808858950933	0.979049201542512
Sintel_Dragons_1920x816_24_10b	Sintel_Dragons_1920x816_24_10b	svtav1	svtav1_20200123_9f71509_enc-mode0	60	59	0	479414.0	479.414	35.78449999999999	41.98083333333334	42.226666666666674	35.731342	41.937038	42.162426	75.94053934965345	3291553.0	54.85921666666667	5421.43	1920	816	24.0	10	ec3500369880052799f47908315b40ae	07c87ce3cf0333a18d6fb1c6e9f10a51	1920	816	11508.0	6.0	2479.0	28617.0	True	True	0.96474549472332	0.9705971049832306
Starting_1920x1080p_50_10b_pq_70	Starting_1920x1080p_50_10b_pq_70	svtav1	svtav1_20200123_9f71509_enc-mode0	60	20	0	4932313.0	4932.313	47.00350000000001	49.895166666666654	51.66383333333333	46.951947	49.831359	51.568079	96.82694048918366	4271801.0	71.19668333333334	6903.81	1920	1080	50.0	10	f4328566d05cfdc67d2bdd1bf6f61f6e	e4b2017bc97b20f8601c2ed27b299a39	1920	1080	19357.0	8.0	3425.0	30399.0	True	True	0.9992373575766881	0.9981878752458871
Starting_1920x1080p_50_10b_pq_70	Starting_1920x1080p_50_10b_pq_70	svtav1	svtav1_20200123_9f71509_enc-mode0	60	32	0	2467380.0	2467.38	45.51533333333334	48.78883333333332	50.18516666666668	45.443137	48.739878	50.122866	95.72997452885117	3025762.0	50.42936666666667	4941.54	1920	1080	50.0	10	4ef7d105bb303a9d779de66847e9acce	195530d189f55a62b0c3599b4a922c28	1920	1080	18388.0	5.0	3084.0	28239.0	True	True	0.9988043387730916	0.9975046740262179
Starting_1920x1080p_50_10b_pq_70	Starting_1920x1080p_50_10b_pq_70	svtav1	svtav1_20200123_9f71509_enc-mode0	60	43	0	1392626.0	1392.626	43.68599999999999	47.52250000000001	48.44050000000001	43.606537	47.510693999999994	48.425018	93.80029158889043	2447014.0	40.783566666666665	3927.29	1920	1080	50.0	10	b14ae4ada63b6bf1008db1f0e17a2eb2	6a44047bdaf5924a22a5dbf167ea8f1c	1920	1080	19249.0	4.0	2124.0	24432.0	True	True	0.9979191998640696	0.996285830765044
Starting_1920x1080p_50_10b_pq_70	Starting_1920x1080p_50_10b_pq_70	svtav1	svtav1_20200123_9f71509_enc-mode0	60	55	0	559720.0	559.72	39.64066666666667	44.84066666666668	45.09666666666667	39.600416	44.840225	45.095488	86.48000258201277	2737103.0	45.618383333333334	4209.57	1920	1080	50.0	10	861479402b38dd99d9d0199e3070292c	e615a8b4f6c7d8d44cb95f914134a8c4	1920	1080	18699.0	41.0	4146.0	38010.0	True	True	0.9938255021969478	0.9907747122612072
Starting_1920x1080p_50_10b_pq_70	Starting_1920x1080p_50_10b_pq_70	svtav1	svtav1_20200123_9f71509_enc-mode0	60	59	0	327120.0	327.12	36.96950000000001	43.15400000000001	43.31716666666668	36.950517	43.154071	43.317294999999994	78.4678657911878	2368311.0	39.47185	3560.2	1920	1080	50.0	10	15fd89249ae9c046972fff08af68b011	255affcf8239fcc43aeaa9388c82357f	1920	1080	23439.0	47.0	2190.0	27944.0	True	True	0.9878346592187881	0.9828754658425761
STARCRAFT_60f_420	STARCRAFT_60f_420	svtav1	svtav1_20200123_9f71509_enc-mode0	60	20	0	6965768.0	6965.768	49.84333333333334	53.018666666666654	53.02416666666668	49.834089999999996	53.011977	53.020011	97.50845015307159	2319112.0	38.65186666666666	3907.76	1920	1080	60.0	8	987c95350091c32ff5e056ad62cbbcb4	17a642d64314b63ead0bae96d3181f27	1920	1080	11819.0	15.0	1159.0	23629.0	True	True	0.999533764521281	0.999107908980542
STARCRAFT_60f_420	STARCRAFT_60f_420	svtav1	svtav1_20200123_9f71509_enc-mode0	60	32	0	4382808.0	4382.808	47.095166666666664	51.06983333333333	51.244166666666665	47.076267	51.054701	51.23645	96.82879468535981	2338611.0	38.97685	3726.32	1920	1080	60.0	8	6833a0e555144c69216e4692f2cd71a6	c5e4101857db7fd40e3cfae43acc5ead	1920	1080	11297.0	4.0	1069.0	24220.0	True	True	0.9990782221158345	0.9983636815030345
STARCRAFT_60f_420	STARCRAFT_60f_420	svtav1	svtav1_20200123_9f71509_enc-mode0	60	43	0	2695592.0	2695.592	44.01216666666666	48.918	49.073666666666654	43.97903899999999	48.883944	49.059244	95.53364595865739	2261761.0	37.696016666666665	3495.38	1920	1080	60.0	8	5b5bf15831c5e5a2ec73d96141c339d9	d2fe7918a6a573da544a7e14a76b0f28	1920	1080	12941.0	17.0	1229.0	25274.0	True	True	0.9981321016947429	0.9969479149337972
STARCRAFT_60f_420	STARCRAFT_60f_420	svtav1	svtav1_20200123_9f71509_enc-mode0	60	55	0	1054216.0	1054.216	38.52983333333332	44.47866666666665	44.64333333333333	38.508212	44.45536	44.629735	89.65550034896071	1932376.0	32.206266666666664	2933.75	1920	1080	60.0	8	4daf6b81b17e1011cef9d79f372903b2	1b5d23c664598a0be8f2e4a491c8b20d	1920	1080	11826.0	21.0	1120.0	24357.0	True	True	0.9921492904424667	0.9888678248678774
STARCRAFT_60f_420	STARCRAFT_60f_420	svtav1	svtav1_20200123_9f71509_enc-mode0	60	59	0	596616.0	596.616	35.452	42.090833333333336	42.207499999999996	35.441016	42.078746	42.197430000000004	82.32278597254425	1793190.0	29.8865	2768.29	1920	1080	60.0	8	71f7709d66e04f816cdd948a3f7859f2	ceb1df99802ae41f75dcfe2da05678e7	1920	1080	12456.0	17.0	1069.0	25099.0	True	True	0.9828779011964798	0.977458168230283
niklas360p_60f	niklas360p_60f	svtav1	svtav1_20200123_9f71509_enc-mode0	60	20	0	1410064.0	1410.064	44.34633333333332	47.797999999999995	47.46666666666666	44.272691	47.737039	47.4005	98.34743092141704	1108654.0	18.477566666666668	1965.8	640	360	30.0	8	bb53545b275cfe763a83d54788b1e258	035ec2139d5e53bfd677e6e7c2c2cedf	640	360	1950.0	5.0	506.0	3210.0	True	True	0.9865053713321685	0.9968616456278468
niklas360p_60f	niklas360p_60f	svtav1	svtav1_20200123_9f71509_enc-mode0	60	32	0	775956.0	775.956	41.89666666666666	46.331999999999994	45.818999999999996	41.802313	46.265691	45.745765	96.61592959775273	731689.0	12.194816666666666	1186.33	640	360	30.0	8	fbded80b28f8091be1813b8a0bb10c55	f117b094a5468ba547507c7d1530a6f0	640	360	1821.0	4.0	345.0	2946.0	True	True	0.9810967286427815	0.9951788744308044
niklas360p_60f	niklas360p_60f	svtav1	svtav1_20200123_9f71509_enc-mode0	60	43	0	416592.0	416.592	38.99416666666666	44.595	43.806	38.89974300000001	44.552513	43.758597	93.10278266706875	621333.0	10.35555	1082.5	640	360	30.0	8	e42f9952db7fbc43036368157e87030b	7854c51697c4cab2755f132cd1f77722	640	360	1822.0	4.0	302.0	3138.0	True	True	0.9712296416362126	0.9918245340910056
niklas360p_60f	niklas360p_60f	svtav1	svtav1_20200123_9f71509_enc-mode0	60	55	0	202556.0	202.556	35.32733333333333	42.134000000000015	41.063166666666675	35.258221	42.103925	41.023095	85.0308324580682	467284.0	7.7880666666666665	826.35	640	360	30.0	8	319fc51412233ceb3352c2ac84ddc33f	3758a957df39db36c6ec37e695a5fb94	640	360	1996.0	5.0	286.0	3187.0	True	True	0.9482818424701691	0.9829075040550491
niklas360p_60f	niklas360p_60f	svtav1	svtav1_20200123_9f71509_enc-mode0	60	59	0	139328.0	139.328	33.393000000000015	40.82716666666666	39.418	33.354342	40.812846	39.390277	78.48758055951298	422281.0	7.038016666666667	712.16	640	360	30.0	8	bef08351c1e0344963e9476a80fa8aca	5941f30094285a385e87873f1b277714	640	360	2145.0	4.0	212.0	2957.0	True	True	0.9278308103481928	0.9738705281256437
vidyo1_720p_60fps_60f	vidyo1_720p_60fps_60f	svtav1	svtav1_20200123_9f71509_enc-mode0	60	20	0	3906752.0	3906.752	45.56866666666666	48.14766666666665	49.47099999999999	45.55522	48.141625	49.468391	96.53980852193972	2846216.0	47.436933333333336	4475.61	1280	720	60.0	8	d4b6ddf6aa29dee4e6e6e11dd8d524b0	98217e860aef7c0e86e4114e2557382c	1280	720	7113.0	27.0	1296.0	12725.0	True	True	0.9976047952969869	0.996993448961652
vidyo1_720p_60fps_60f	vidyo1_720p_60fps_60f	svtav1	svtav1_20200123_9f71509_enc-mode0	60	32	0	1451624.0	1451.624	43.99899999999998	47.59566666666668	48.80283333333333	43.993446999999996	47.5918	48.80103900000001	95.19363019578988	1753791.0	29.22985	2818.63	1280	720	60.0	8	a03ed7edfca50eba630d711694e32b63	11c9a0952be1e3bb5844ff2468e54aa2	1280	720	5548.0	21.0	766.0	12685.0	True	True	0.9960900515317916	0.9955304939119424
vidyo1_720p_60fps_60f	vidyo1_720p_60fps_60f	svtav1	svtav1_20200123_9f71509_enc-mode0	60	43	0	701800.0	701.8	42.523999999999994	46.867000000000026	47.83216666666666	42.51843900000001	46.865642	47.831105	93.07843343343511	1248776.0	20.812933333333334	2039.74	1280	720	60.0	8	f17fee3d1e3965d46e082a19ff09f7cb	207929612287d9f088264ca1655fad5b	1280	720	5706.0	5.0	697.0	10800.0	True	True	0.9940560470024745	0.9937389983047528
vidyo1_720p_60fps_60f	vidyo1_720p_60fps_60f	svtav1	svtav1_20200123_9f71509_enc-mode0	60	55	0	334136.0	334.136	40.078333333333326	45.43966666666665	45.92966666666667	40.067679	45.437594	45.927164999999995	87.9239218467521	1026571.0	17.109516666666668	1642.61	1280	720	60.0	8	ad0adfd23b304a918a4e459e106858e8	f3971690d6a84576c9adb5044fbd6f69	1280	720	5328.0	3.0	455.0	10387.0	True	True	0.9882319380839666	0.9889892615661361
vidyo1_720p_60fps_60f	vidyo1_720p_60fps_60f	svtav1	svtav1_20200123_9f71509_enc-mode0	60	59	0	215072.0	215.072	37.9895	43.88816666666666	44.05933333333334	37.981322	43.887331	44.058082	81.22918995325371	974573.0	16.24288333333333	1592.62	1280	720	60.0	8	f50b4369e5b2bf90447cc33838222c72	d8f4023fac0a0a79c91d9bafc7ba058d	1280	720	5717.0	5.0	575.0	10890.0	True	True	0.9795060008764267	0.9819926106964264
ShowGirl2TeaserClip4000_1920x108	ShowGirl2TeaserClip4000_1920x108	svtav1	svtav1_20200123_9f71509_enc-mode0	60	20	0	3166210.0	3166.21	42.41833333333332	46.652	49.513499999999986	42.416395	46.650884	49.512058	95.41484815359175	6940700.0	115.67833333333333	11576.7	1920	1080	25.0	10	bc96c9ddb14de564aca3f03575fa1391	3b58767d9584906d0029a15ae30dd985	1920	1080	21565.0	6.0	3242.0	26067.0	True	True	0.9961008210976918	0.9915362312447917
ShowGirl2TeaserClip4000_1920x108	ShowGirl2TeaserClip4000_1920x108	svtav1	svtav1_20200123_9f71509_enc-mode0	60	32	0	1347996.0	1347.996	41.71166666666667	46.278	48.86983333333331	41.707278	46.275485	48.868131	93.59768991878127	4138018.0	68.96696666666666	6824.87	1920	1080	25.0	10	2800a23b18453c51548907cd9cccd05c	12756a7d0a338a73458d5d814ca1e4b3	1920	1080	21530.0	6.0	2624.0	26586.0	True	True	0.9950299104054768	0.9901830080620809
ShowGirl2TeaserClip4000_1920x108	ShowGirl2TeaserClip4000_1920x108	svtav1	svtav1_20200123_9f71509_enc-mode0	60	43	0	694756.0	694.756	40.672	45.815999999999995	48.0658333333333	40.6595	45.814074	48.064244	90.13966996767661	3374963.0	56.249383333333334	5516.59	1920	1080	25.0	10	244355e7318ad224054be782519ac9f6	76ce3edd69fb195091643eda5c1d665c	1920	1080	21331.0	26.0	2463.0	25862.0	True	True	0.9931125551462173	0.988008577756701
ShowGirl2TeaserClip4000_1920x108	ShowGirl2TeaserClip4000_1920x108	svtav1	svtav1_20200123_9f71509_enc-mode0	60	55	0	294890.0	294.89	38.46166666666666	44.63733333333334	46.39050000000001	38.438968	44.635963	46.390185	81.2978647078677	2771294.0	46.188233333333336	4653.65	1920	1080	25.0	10	88e9abe6c65ab9d8e806a37ade3ee516	fab3bb6f38351c891dfc49fe3801d302	1920	1080	20616.0	3.0	2225.0	25491.0	True	True	0.9867477963368098	0.9811630455977892
ShowGirl2TeaserClip4000_1920x108	ShowGirl2TeaserClip4000_1920x108	svtav1	svtav1_20200123_9f71509_enc-mode0	60	59	0	182976.0	182.976	36.77916666666667	43.47783333333332	45.15150000000001	36.763663	43.477244	45.150722	72.7206196071537	2115412.0	35.25686666666667	3596.95	1920	1080	25.0	10	28fde93ea44cb107f453428e762b736d	fb8d18f6373d0e63dab425e0f8f7cf57	1920	1080	20303.0	5.0	1854.0	24207.0	True	True	0.9789117823044459	0.9730927038765971
DOTA2_60f_420	DOTA2_60f_420	svtav1	svtav1_20200123_9f71509_enc-mode0	60	20	0	16063528.0	16063.528	45.54116666666667	49.328666666666656	49.44149999999999	45.515247	49.29104300000001	49.41505399999999	97.56876977594837	6613770.0	110.2295	10654.08	1920	1080	60.0	8	764a0fde66a4606f7ea0a965b6550fee	e16074c1cb94bec84584329c96b36cc5	1920	1080	12903.0	4.0	2417.0	24948.0	True	True	0.9986587325731914	0.997419781389262
DOTA2_60f_420	DOTA2_60f_420	svtav1	svtav1_20200123_9f71509_enc-mode0	60	32	0	7853664.0	7853.664	43.071000000000005	47.08400000000002	47.345833333333324	43.023096	47.03155	47.311822	95.78186739529433	4981352.0	83.02253333333333	7869.02	1920	1080	60.0	8	7352428c0ff93a79dae961b9ac283bc4	bd9163fa2213874049eb36b02bfda5cf	1920	1080	13546.0	9.0	2991.0	29153.0	True	True	0.9974273016055425	0.9952532070139184
DOTA2_60f_420	DOTA2_60f_420	svtav1	svtav1_20200123_9f71509_enc-mode0	60	43	0	3745544.0	3745.544	40.347999999999985	44.557	44.93866666666667	40.288054	44.494444	44.900715	92.11221948787644	3204877.0	53.41461666666667	5142.82	1920	1080	60.0	8	0cb309da19505266f1c1faf5768de02e	401d06568167119c8f1ea75d9cd90f08	1920	1080	13915.0	6.0	1969.0	27116.0	True	True	0.994241613149643	0.9902957334509821
DOTA2_60f_420	DOTA2_60f_420	svtav1	svtav1_20200123_9f71509_enc-mode0	60	55	0	1439792.0	1439.792	36.70766666666667	41.19849999999999	41.512499999999996	36.663142	41.154479	41.486551	82.04018049367227	2849699.0	47.49498333333333	4517.43	1920	1080	60.0	8	f74dac75dc1334872d30603158f15e7a	1c9a835768cb8de4a5b61dfcab5c967c	1920	1080	18690.0	20.0	1617.0	25710.0	True	True	0.98121683994929	0.9745329260375556
DOTA2_60f_420	DOTA2_60f_420	svtav1	svtav1_20200123_9f71509_enc-mode0	60	59	0	874888.0	874.888	34.71666666666666	39.31666666666667	39.60616666666665	34.695846	39.296618	39.587937	72.77847825256863	2223897.0	37.06495	3388.34	1920	1080	60.0	8	237f9127d12e71dd535f0dd56209e650	9fd61f7c2e1fb317aeddab361ae1cc7d	1920	1080	12910.0	4.0	1415.0	44257.0	True	True	0.9654485424359639	0.9585246104697768
Netflix_Aerial_1920x1080_60fps_8	Netflix_Aerial_1920x1080_60fps_8	svtav1	svtav1_20200123_9f71509_enc-mode0	60	20	0	21706184.0	21706.184	42.75866666666664	45.685166666666674	45.390833333333354	42.73474	45.676598	45.38478	96.69410809629069	8437354.0	140.62256666666667	14162.19	1920	1080	60.0	8	1bdd22f6a5cd82323874dfb684c70f04	487e7f151d7ee7df99c64afd6f71cab2	1920	1080	13832.0	3.0	3249.0	24261.0	True	True	0.9979274849096934	0.9965264537569124
Netflix_Aerial_1920x1080_60fps_8	Netflix_Aerial_1920x1080_60fps_8	svtav1	svtav1_20200123_9f71509_enc-mode0	60	32	0	10776648.0	10776.648	40.834833333333314	44.533166666666666	44.528666666666645	40.773521	44.518493	44.523301	94.46704759794675	6320362.0	105.33936666666666	9936.98	1920	1080	60.0	8	4be299463d123ce04694c1c5c1698f7c	8607ca30d2e0a6bb14905979140b8805	1920	1080	14691.0	16.0	2939.0	26657.0	True	True	0.9965247094631196	0.9944236944298362
Netflix_Aerial_1920x1080_60fps_8	Netflix_Aerial_1920x1080_60fps_8	svtav1	svtav1_20200123_9f71509_enc-mode0	60	43	0	5005216.0	5005.216	38.26700000000001	42.75783333333332	43.265499999999996	38.194189	42.751411	43.26268	90.75735275963852	4189487.0	69.82478333333333	6596.33	1920	1080	60.0	8	bdbef4e4c78bb5b2fe48e819f603e9b8	eb6042092ec6d65869f89b9f73512d71	1920	1080	13753.0	5.0	2559.0	25779.0	True	True	0.9934809376796087	0.989593184566635
Netflix_Aerial_1920x1080_60fps_8	Netflix_Aerial_1920x1080_60fps_8	svtav1	svtav1_20200123_9f71509_enc-mode0	60	55	0	1754256.0	1754.256	34.34850000000001	40.23716666666668	41.566500000000005	34.324325	40.23016500000001	41.558453	80.86102663665555	3088158.0	51.4693	4685.97	1920	1080	60.0	8	a0332f0a06869c38b431b2bb1fc39eda	4b00242f4ca0f67d482e8df0afe29f0b	1920	1080	13975.0	8.0	2268.0	27501.0	True	True	0.9825286775827408	0.9713154409514643
Netflix_Aerial_1920x1080_60fps_8	Netflix_Aerial_1920x1080_60fps_8	svtav1	svtav1_20200123_9f71509_enc-mode0	60	59	0	967848.0	967.848	32.2745	39.039500000000004	40.92333333333334	32.267527	39.029778	40.911457	70.97792086310093	2825114.0	47.085233333333335	4408.22	1920	1080	60.0	8	dea329e5b57b5cf38cfed2ad274cbc34	44f4d814f4c37c821f436f79190bc4dd	1920	1080	15403.0	5.0	1639.0	26377.0	True	True	0.9672099560499191	0.9481600032645638
Netflix_Boat_1920x1080_60fps_8bi	Netflix_Boat_1920x1080_60fps_8bi	svtav1	svtav1_20200123_9f71509_enc-mode0	60	20	0	29430528.0	29430.528	43.6965	46.163999999999994	47.86949999999999	43.672207	46.137087	47.849901	99.90901912057738	8097177.0	134.95295	13511.1	1920	1080	60.0	8	67b421b1cbfd863c14986301a5b1add3	181f957d725c75ff94fab369d7721d07	1920	1080	14480.0	5.0	3700.0	24448.0	True	True	0.9993170231580735	0.9985913246869237
Netflix_Boat_1920x1080_60fps_8bi	Netflix_Boat_1920x1080_60fps_8bi	svtav1	svtav1_20200123_9f71509_enc-mode0	60	32	0	16604976.0	16604.976	41.301833333333335	44.659166666666664	46.08016666666665	41.24808	44.628779	46.061539	99.67498214706957	5977463.0	99.62438333333333	10163.1	1920	1080	60.0	8	7413ce90c76e29af6d9fac521617997b	c60e8f695aabd1e5e048a85f2ba820fc	1920	1080	14297.0	7.0	3347.0	26293.0	True	True	0.9988465934991837	0.9976860371947371
Netflix_Boat_1920x1080_60fps_8bi	Netflix_Boat_1920x1080_60fps_8bi	svtav1	svtav1_20200123_9f71509_enc-mode0	60	43	0	8910392.0	8910.392	38.192833333333326	42.828166666666675	43.79483333333336	38.109649	42.800457	43.784779	96.09755627982587	5579903.0	92.99838333333334	9089.86	1920	1080	60.0	8	937fc159cd1bbd8c54631f00630e6b00	75f74e9544defe28680bfdda9b407c8f	1920	1080	15457.0	5.0	3082.0	30016.0	True	True	0.9975872377554575	0.9952386928551616
Netflix_Boat_1920x1080_60fps_8bi	Netflix_Boat_1920x1080_60fps_8bi	svtav1	svtav1_20200123_9f71509_enc-mode0	60	55	0	3842832.0	3842.832	33.87516666666667	40.57433333333334	41.06499999999999	33.804224	40.545595	41.061602	86.36963053803817	3307322.0	55.122033333333334	5452.9	1920	1080	60.0	8	89e696dde57f214e329a44ae26d4e186	4e869d36c89cd3fb6e03edb56669e725	1920	1080	14714.0	6.0	1617.0	25180.0	True	True	0.9923302074273427	0.9857014181982836
Netflix_Boat_1920x1080_60fps_8bi	Netflix_Boat_1920x1080_60fps_8bi	svtav1	svtav1_20200123_9f71509_enc-mode0	60	59	0	2414384.0	2414.384	31.53516666666667	39.10599999999999	39.445166666666715	31.502509999999997	39.08797	39.444505	77.94664097614913	3216696.0	53.6116	5119.96	1920	1080	60.0	8	e19d89161d7a75e3c00857c298f70217	024098f8f6bb56cbd5948f7913c50bfb	1920	1080	15142.0	5.0	1729.0	25516.0	True	True	0.9847276836633683	0.9722898714340107
Netflix_Crosswalk_1920x1080_60fp	Netflix_Crosswalk_1920x1080_60fp	svtav1	svtav1_20200123_9f71509_enc-mode0	60	20	0	7636776.0	7636.776	45.561	48.29833333333333	50.13283333333335	45.552029999999995	48.294905	50.126221	99.13887138472124	6868901.0	114.48168333333334	11025.28	1920	1080	60.0	8	ba79d57d5c8f8a7535767d4d89845510	df48d687a604225a836ffab6c8af0bd0	1920	1080	13558.0	48.0	2794.0	25367.0	True	True	0.9976064811150233	0.9957098318531765
Netflix_Crosswalk_1920x1080_60fp	Netflix_Crosswalk_1920x1080_60fp	svtav1	svtav1_20200123_9f71509_enc-mode0	60	32	0	3878968.0	3878.968	44.300499999999985	47.54616666666666	49.35266666666669	44.270355	47.54116	49.347425	95.88430790137159	4303085.0	71.71808333333334	6689.01	1920	1080	60.0	8	9467f1b329f8ffb324155fafd18b516c	cdec3156dadfa556040868f411df4601	1920	1080	9735.0	4.0	2273.0	25206.0	True	True	0.9959677298863728	0.9939067275724213
Netflix_Crosswalk_1920x1080_60fp	Netflix_Crosswalk_1920x1080_60fp	svtav1	svtav1_20200123_9f71509_enc-mode0	60	43	0	1918112.0	1918.112	42.446666666666665	46.42	48.15400000000001	42.398324	46.414844	48.14842	89.30973040030405	3187708.0	53.12846666666667	4861.61	1920	1080	60.0	8	36524ae79a86f1f81298afcfcb42128a	9749de3ef90075169b10a2a13c345852	1920	1080	8838.0	3.0	1668.0	24491.0	True	True	0.992009836435318	0.9900508167285286
Netflix_Crosswalk_1920x1080_60fp	Netflix_Crosswalk_1920x1080_60fp	svtav1	svtav1_20200123_9f71509_enc-mode0	60	55	0	896512.0	896.512	39.74000000000001	44.65066666666666	46.294499999999985	39.679798	44.644051	46.288833	75.35046008797785	2658547.0	44.30911666666667	4125.77	1920	1080	60.0	8	a8be6904050ba01fc3368a1d5a045247	896719c703065adc6020c2572b8e0677	1920	1080	8727.0	4.0	1437.0	23663.0	True	True	0.9811550488074621	0.9805465227951932
Netflix_Crosswalk_1920x1080_60fp	Netflix_Crosswalk_1920x1080_60fp	svtav1	svtav1_20200123_9f71509_enc-mode0	60	59	0	642272.0	642.272	38.32616666666665	43.68366666666665	45.25233333333335	38.276302	43.678091	45.247658	66.02973588266383	3005616.0	50.0936	4422.57	1920	1080	60.0	8	06f42cb8abfcd29d07f0b276babb70ec	3c0bc7a49d770b8195a53d1903fb12b7	1920	1080	14479.0	41.0	2141.0	26004.0	True	True	0.9718770166238149	0.972878672553896
aspen_1080p_60f	aspen_1080p_60f	svtav1	svtav1_20200123_9f71509_enc-mode0	60	20	0	8504536.0	8504.536	44.022999999999996	48.00016666666666	49.15583333333331	44.009958	47.997423	49.154251	97.90787384735732	7428387.0	123.80645	12802.23	1920	1080	29.97	8	729f66dd6d47545a71d614c7c5f8aa9d	f973295bf379341c2f89b7d32fd46173	1920	1080	9866.0	5.0	3062.0	23479.0	True	True	0.9960414032141368	0.9925185805057347
aspen_1080p_60f	aspen_1080p_60f	svtav1	svtav1_20200123_9f71509_enc-mode0	60	32	0	2588274.0	2588.274	42.14866666666664	46.995833333333344	48.136499999999984	42.134827	46.99403300000001	48.133447	94.02524953124724	5250554.0	87.50923333333333	8738.55	1920	1080	29.97	8	010e5ca8d23d9a6eea84690ae81b15d9	a3cbb0f5b0a08c05a1687580c917107f	1920	1080	9478.0	8.0	2412.0	24310.0	True	True	0.9939958622058233	0.9896800364366585
aspen_1080p_60f	aspen_1080p_60f	svtav1	svtav1_20200123_9f71509_enc-mode0	60	43	0	1075619.0	1075.619	40.726666666666674	45.699166666666684	46.79533333333334	40.71032	45.696902	46.791697	88.80835925014841	4297003.0	71.61671666666666	7036.74	1920	1080	29.97	8	ac6d2f0e63ff876f4bd1bfe41e739527	f2e2aa75729b38ef3966bb0fa12a522d	1920	1080	10005.0	7.0	2449.0	26306.0	True	True	0.9912375857432684	0.9865737047838423
aspen_1080p_60f	aspen_1080p_60f	svtav1	svtav1_20200123_9f71509_enc-mode0	60	55	0	462277.0	462.277	38.5595	43.54316666666668	44.503499999999995	38.533611	43.53672199999999	44.499029	78.63286091592632	3155416.0	52.590266666666665	5218.69	1920	1080	29.97	8	ad2893881b61fafff06e56098bd6b5bf	1963a1f0b6e4e668bb2194b80fcdead7	1920	1080	10925.0	7.0	2785.0	31675.0	True	True	0.9842585911353429	0.979323323426067
aspen_1080p_60f	aspen_1080p_60f	svtav1	svtav1_20200123_9f71509_enc-mode0	60	59	0	298761.0	298.761	36.91083333333335	42.146499999999996	42.81533333333333	36.884464	42.141947	42.813169	68.83771092189674	2940000.0	49.0	4465.76	1920	1080	29.97	8	3ff65bb8e020ee834f3df8040d682397	cc3761b7377ec340cdb066a5c9c74b0d	1920	1080	12471.0	37.0	1911.0	26655.0	True	True	0.9748184035221735	0.9701715960101371
Market3_1920x1080p_50_10b_pq_709	Market3_1920x1080p_50_10b_pq_709	svtav1	svtav1_20200123_9f71509_enc-mode0	60	20	0	12960060.0	12960.06	45.007	51.53266666666669	52.5165	44.993661	51.525446	52.512936	99.86178617301405	7516819.0	125.28031666666666	12547.55	1920	1080	50.0	10	533932d092fd941b2bc4a6b926419794	8c438f8eaa244500e494c609ea39df2b	1920	1080	22820.0	20.0	4216.0	25758.0	True	True	0.9992034425338109	0.9982289121402281
Market3_1920x1080p_50_10b_pq_709	Market3_1920x1080p_50_10b_pq_709	svtav1	svtav1_20200123_9f71509_enc-mode0	60	32	0	6524786.0	6524.786000000001	42.32899999999999	49.274833333333326	50.40116666666667	42.305496999999995	49.271482	50.400101	98.94974665119439	6583544.0	109.72573333333334	10396.9	1920	1080	50.0	10	765fd819e52d96ad9faaa12f58e67c26	5709e82d6105fa726c621426e9463d86	1920	1080	27827.0	8.0	6165.0	26874.0	True	True	0.9985305339097976	0.9967685613988729
Market3_1920x1080p_50_10b_pq_709	Market3_1920x1080p_50_10b_pq_709	svtav1	svtav1_20200123_9f71509_enc-mode0	60	43	0	3371026.0	3371.026	39.480166666666655	47.2565	48.64466666666667	39.447970000000005	47.253766	48.643587	95.62644662443589	4532829.0	75.54715	7029.75	1920	1080	50.0	10	58a94c89977529ed023ff33acd8fe688	24f0323f678aa2f94d2bb8c69b82b66b	1920	1080	21389.0	8.0	4377.0	26216.0	True	True	0.9968278517325719	0.9932901723676169
Market3_1920x1080p_50_10b_pq_709	Market3_1920x1080p_50_10b_pq_709	svtav1	svtav1_20200123_9f71509_enc-mode0	60	55	0	1340600.0	1340.6	35.54583333333333	44.49933333333334	46.089166666666664	35.525727	44.499271	46.087565	86.47605092504439	3377506.0	56.29176666666667	5446.65	1920	1080	50.0	10	f2859216575e742e4b9e9dcd208c6bcc	de0bbcc8f5a68028f42aeacd7ee9853a	1920	1080	20475.0	3.0	2931.0	24263.0	True	True	0.9890364358822504	0.979711288973331
Market3_1920x1080p_50_10b_pq_709	Market3_1920x1080p_50_10b_pq_709	svtav1	svtav1_20200123_9f71509_enc-mode0	60	59	0	829306.0	829.306	33.65466666666667	43.17250000000002	44.66066666666667	33.644669	43.171797	44.657114	78.25200593822252	3285724.0	54.76206666666667	5213.01	1920	1080	50.0	10	25c5d992a3d6790fefac2c28d4aa28da	03878d8bf0180b59c701ee11cdc58bea	1920	1080	20674.0	7.0	3547.0	29082.0	True	True	0.979923477768898	0.9668429220317866
Netflix_FoodMarket_1920x1080_60f	Netflix_FoodMarket_1920x1080_60f	svtav1	svtav1_20200123_9f71509_enc-mode0	60	20	0	22409776.0	22409.776	41.09183333333332	44.907	45.64533333333331	41.08398	44.90312000000001	45.64319	99.2358834972918	9247499.0	154.12498333333335	16156.49	1920	1080	60.0	8	f0c8b0f91be2bd2ba2f010675fc797f4	8da891ba129d9f31b82bf09a653a567b	1920	1080	12738.0	4.0	3451.0	23510.0	True	True	0.9953380386034648	0.9899239558531691
Netflix_FoodMarket_1920x1080_60f	Netflix_FoodMarket_1920x1080_60f	svtav1	svtav1_20200123_9f71509_enc-mode0	60	32	0	7182912.0	7182.912	39.763500000000015	44.05566666666666	44.98866666666667	39.751349	44.05189699999999	44.98725	96.13207846694151	6679213.0	111.32021666666667	10880.97	1920	1080	60.0	8	c5b60adf49210bb9c60dcf8a5ced7850	d5a7fce9f5e853267549ce373c3667c6	1920	1080	16834.0	6.0	2749.0	28368.0	True	True	0.9919199585914612	0.9851035922806974
Netflix_FoodMarket_1920x1080_60f	Netflix_FoodMarket_1920x1080_60f	svtav1	svtav1_20200123_9f71509_enc-mode0	60	43	0	3557984.0	3557.984	38.46766666666667	43.19316666666665	44.278833333333345	38.444886	43.18799	44.277271	91.44705566210196	5069924.0	84.49873333333333	8306.83	1920	1080	60.0	8	a5bd91f2f4bbcb087448cb9e47d830f0	16c5e10838ee00bfa8c4211167bfc20b	1920	1080	13780.0	28.0	2818.0	28247.0	True	True	0.9871672501166662	0.9790907762047957
Netflix_FoodMarket_1920x1080_60f	Netflix_FoodMarket_1920x1080_60f	svtav1	svtav1_20200123_9f71509_enc-mode0	60	55	0	1433192.0	1433.192	35.97666666666666	41.62933333333333	42.683000000000014	35.953551	41.623186	42.675436	78.09616129616569	3456524.0	57.60873333333333	5553.47	1920	1080	60.0	8	5b1c03f0b29be305e428bf2c3e49230a	217d8fed867072512ea15801f58d50f7	1920	1080	12051.0	5.0	2465.0	30235.0	True	True	0.9679361631472906	0.958593471748535
Netflix_FoodMarket_1920x1080_60f	Netflix_FoodMarket_1920x1080_60f	svtav1	svtav1_20200123_9f71509_enc-mode0	60	59	0	922832.0	922.832	34.569833333333335	40.68533333333335	41.63616666666667	34.552492	40.680507	41.615617	67.9119465260504	3632023.0	60.53371666666666	4805.51	1920	1080	60.0	8	edef76b59b1c4004cae0b522a936171c	bc62854cf237af5d85d1e996283312d6	1920	1080	13986.0	3.0	1654.0	28733.0	True	True	0.9475676745176316	0.9395867150397196
vidyo4_720p_60fps_60f	vidyo4_720p_60fps_60f	svtav1	svtav1_20200123_9f71509_enc-mode0	60	20	0	5351816.0	5351.816	44.26883333333333	49.972	50.26116666666666	44.240981	49.968578	50.257959	97.7546434869834	3051388.0	50.85646666666667	5237.82	1280	720	60.0	8	d15c57791ec71a639a7621b18d04377d	de38cdcc3a9da07024322d6f793c5ea2	1280	720	6136.0	10.0	1418.0	11220.0	True	True	0.9964608550071716	0.9957077563673232
vidyo4_720p_60fps_60f	vidyo4_720p_60fps_60f	svtav1	svtav1_20200123_9f71509_enc-mode0	60	32	0	1901496.0	1901.496	42.82666666666668	49.371999999999986	49.6655	42.783813	49.366724	49.660138	96.46383216925014	2270904.0	37.8484	3444.83	1280	720	60.0	8	15fc2280db6140124713b91948068799	8ad4516336795a8b52b9984336e49683	1280	720	5876.0	37.0	954.0	16869.0	True	True	0.9946902185678482	0.9939182441116354
vidyo4_720p_60fps_60f	vidyo4_720p_60fps_60f	svtav1	svtav1_20200123_9f71509_enc-mode0	60	43	0	910888.0	910.888	41.417333333333325	48.460833333333326	48.72183333333333	41.365709	48.453194	48.715117	94.35711799405291	1581975.0	26.36625	2507.57	1280	720	60.0	8	bd4bd9ac315c4a15193e4dd24404dd56	e617e4dd9be25721f193ec43b32edd2d	1280	720	5607.0	28.0	986.0	10959.0	True	True	0.9917885680993398	0.9913192706359435
vidyo4_720p_60fps_60f	vidyo4_720p_60fps_60f	svtav1	svtav1_20200123_9f71509_enc-mode0	60	55	0	421400.0	421.4	39.12883333333333	46.66016666666666	46.791833333333344	39.069713	46.651606	46.78421	89.00629967992491	1222375.0	20.372916666666665	1911.91	1280	720	60.0	8	9760cdd93f0875a1dab859407cdd47c5	2e45b7fd6f2f2986992fbd4ac59ce085	1280	720	5800.0	5.0	942.0	13882.0	True	True	0.9833656450112661	0.9845339083901162
vidyo4_720p_60fps_60f	vidyo4_720p_60fps_60f	svtav1	svtav1_20200123_9f71509_enc-mode0	60	59	0	274792.0	274.792	37.391500000000015	45.09516666666668	45.12683333333334	37.345269	45.091499	45.122144	82.96877588042126	1071087.0	17.85145	1739.32	1280	720	60.0	8	b970dfa3e9f58ddecc7d178c88218fe7	8a0854a44de778a93971efff159982d4	1280	720	5020.0	7.0	445.0	9879.0	True	True	0.9731186479330063	0.9766076375726314
ducks_1920x1080_50fps_10b	ducks_1920x1080_50fps_10b	svtav1	svtav1_20200123_9f71509_enc-mode0	60	20	0	118439833.0	118439.833	39.19966666666667	39.49816666666666	41.57333333333334	39.177964	39.483112	41.55336	98.97202604113423	15241761.0	254.02935	28225.58	1920	1080	50.0	10	e11e198679c0e7b22a8ce01fdac09806	62a05317c1c368466514cfa6f14ae94b	1920	1080	23995.0	3.0	9927.0	22965.0	True	True	0.99893911977609	0.9961868285822134
ducks_1920x1080_50fps_10b	ducks_1920x1080_50fps_10b	svtav1	svtav1_20200123_9f71509_enc-mode0	60	32	0	31532640.0	31532.64	35.20466666666667	36.97666666666667	39.972833333333334	35.171765	36.951956	39.957755	93.68566551489697	12294491.0	204.90818333333334	18846.32	1920	1080	50.0	10	2c3ed516c083a9e2b0cb6d592903b72e	5c5d440ee8e100f5f55dc415ec940bec	1920	1080	26137.0	9.0	6699.0	26547.0	True	True	0.9967060695091884	0.9901865482286857
ducks_1920x1080_50fps_10b	ducks_1920x1080_50fps_10b	svtav1	svtav1_20200123_9f71509_enc-mode0	60	43	0	10671153.0	10671.153	33.1115	35.14650000000002	38.60083333333333	33.083385	35.106975	38.588552	84.59606784212643	7097174.0	118.28623333333333	12220.27	1920	1080	50.0	10	d124ef8c218a522c0fa789a9e65461df	197b8d1be8e625f852668c2b71e77055	1920	1080	22719.0	6.0	3975.0	24340.0	True	True	0.9911850879589716	0.981721825003841
ducks_1920x1080_50fps_10b	ducks_1920x1080_50fps_10b	svtav1	svtav1_20200123_9f71509_enc-mode0	60	55	0	3716286.0	3716.286	30.515999999999988	33.07266666666666	37.28683333333335	30.476305	33.030568	37.28131799999999	67.10635796789495	5359304.0	89.32173333333333	8751.72	1920	1080	50.0	10	c816eb8f7f5529130d581388976af8d9	50a4fe74f62cf99a03e85cdd789d46b1	1920	1080	23484.0	6.0	4768.0	27305.0	True	True	0.9742602298657099	0.9606834590786447
ducks_1920x1080_50fps_10b	ducks_1920x1080_50fps_10b	svtav1	svtav1_20200123_9f71509_enc-mode0	60	59	0	2383740.0	2383.74	29.306166666666662	32.139500000000005	36.653499999999994	29.26556	32.102663	36.650457	57.54942565313284	5131354.0	85.52256666666666	8012.72	1920	1080	50.0	10	c50b81719bfc2719f9d83774f8722299	e7aea6ce4e62445e31af8ba3cd49fffa	1920	1080	26865.0	20.0	3449.0	26547.0	True	True	0.9604149848222733	0.9449197187723412
Netflix_SquareAndTimelapse_1920x	Netflix_SquareAndTimelapse_1920x	svtav1	svtav1_20200123_9f71509_enc-mode0	60	20	0	20571056.0	20571.056	44.580333333333336	48.92733333333334	48.089000000000006	44.56506	48.921669	48.081167	99.89470886783126	10059748.0	167.66246666666666	15391.44	1920	1080	60.0	8	b2a7a4fce6958f4f7d9ba87720acb995	96b8e2738109700885d5f89af4e7128d	1920	1080	18284.0	23.0	3676.0	25482.0	True	True	0.9991708020369212	0.9979193598819833
Netflix_SquareAndTimelapse_1920x	Netflix_SquareAndTimelapse_1920x	svtav1	svtav1_20200123_9f71509_enc-mode0	60	32	0	11399288.0	11399.288	42.094999999999985	47.14016666666665	46.07733333333336	42.072406	47.132062	46.066918	99.88343434856672	6721376.0	112.02293333333333	12610.51	1920	1080	60.0	8	c58594c8a4f23bdfa1011a210a5bd691	3517efe3ac95e079a658d5541836b42d	1920	1080	12238.0	6.0	2707.0	23774.0	True	True	0.9983022570610046	0.9961627705138987
Netflix_SquareAndTimelapse_1920x	Netflix_SquareAndTimelapse_1920x	svtav1	svtav1_20200123_9f71509_enc-mode0	60	43	0	6265896.0	6265.896	39.25483333333334	45.19466666666666	43.91066666666666	39.213967	45.185598	43.897085	98.502376773257	6288873.0	104.81455	10004.3	1920	1080	60.0	8	25da3fd54e2571cc9e95bced799a8d01	683bef3d0a004225048e2e5098640173	1920	1080	13352.0	6.0	3078.0	26277.0	True	True	0.9960851599772771	0.9923217262226952
Netflix_SquareAndTimelapse_1920x	Netflix_SquareAndTimelapse_1920x	svtav1	svtav1_20200123_9f71509_enc-mode0	60	55	0	2873136.0	2873.136	35.39933333333333	42.19916666666666	40.80666666666668	35.362535	42.188868	40.793804	87.90128749151187	3309043.0	55.15071666666667	5881.24	1920	1080	60.0	8	00f2dadc8052d333e0dfd99e09e94ce5	e0b332c07219531be9d98b5c951b6b64	1920	1080	11642.0	3.0	1811.0	23491.0	True	True	0.9876543362935384	0.9800788506622904
Netflix_SquareAndTimelapse_1920x	Netflix_SquareAndTimelapse_1920x	svtav1	svtav1_20200123_9f71509_enc-mode0	60	59	0	1904152.0	1904.1519999999998	33.334	40.231166666666674	38.952833333333324	33.313703	40.227882	38.947735	78.71715164140248	4307599.0	71.79331666666667	6758.04	1920	1080	60.0	8	5031c9ff70da7a04661bd49e51261982	1b3397785fdf03e0ff5bf1192152b5db	1920	1080	16444.0	7.0	2575.0	26872.0	True	True	0.9774359832207362	0.9668934686278138
Netflix_TunnelFlag_1920x1080_60f	Netflix_TunnelFlag_1920x1080_60f	svtav1	svtav1_20200123_9f71509_enc-mode0	60	20	0	27953776.0	27953.776	42.89266666666668	46.905166666666666	48.448333333333316	42.873826	46.89611	48.444345	99.93509401848861	11532353.0	192.20588333333333	18761.68	1920	1080	60.0	8	641b83d2b1c4c59b99b5a85393887fe8	fef4c9739747306208fa61146b2f3d85	1920	1080	13191.0	5.0	4704.0	28752.0	True	True	0.9986665417750676	0.9966034424005
Netflix_TunnelFlag_1920x1080_60f	Netflix_TunnelFlag_1920x1080_60f	svtav1	svtav1_20200123_9f71509_enc-mode0	60	32	0	13973920.0	13973.92	40.58833333333334	45.34266666666667	47.19150000000001	40.550713	45.338100000000004	47.187813	99.91817233016553	6790930.0	113.18216666666666	11521.49	1920	1080	60.0	8	2f02c13faf8fe09ddd6e2fcebfaefee7	c67c738b9ec0d434087a88025543f5ac	1920	1080	11798.0	8.0	2768.0	24290.0	True	True	0.9976016183694204	0.994310415006357
Netflix_TunnelFlag_1920x1080_60f	Netflix_TunnelFlag_1920x1080_60f	svtav1	svtav1_20200123_9f71509_enc-mode0	60	43	0	6970160.0	6970.16	38.07716666666667	43.424166666666665	45.767333333333326	38.025011	43.42144700000001	45.762297	99.88977489193051	6275873.0	104.59788333333333	10401.37	1920	1080	60.0	8	ca5629515c1c7956c714bc0afb57e5f7	74c0b18f232dd894588b8cb0823acaba	1920	1080	13037.0	7.0	2822.0	25786.0	True	True	0.9953185389439265	0.9901815999054672
Netflix_TunnelFlag_1920x1080_60f	Netflix_TunnelFlag_1920x1080_60f	svtav1	svtav1_20200123_9f71509_enc-mode0	60	55	0	3264936.0	3264.936	35.147833333333345	40.55416666666666	43.347666666666655	35.115443	40.553788000000004	43.343963	99.79152340822462	5270381.0	87.83968333333333	8309.05	1920	1080	60.0	8	26ed9fd510ac54b9e75e3fcd2e48341a	6da8d46e8ad848b19e66c86511ca01f5	1920	1080	15553.0	11.0	3025.0	33836.0	True	True	0.9908467233181	0.9836612984614804
Netflix_TunnelFlag_1920x1080_60f	Netflix_TunnelFlag_1920x1080_60f	svtav1	svtav1_20200123_9f71509_enc-mode0	60	59	0	2388424.0	2388.424	33.706833333333336	39.35583333333333	41.926	33.68652	39.35372	41.922757	99.66733246377203	4214506.0	70.24176666666666	6814.01	1920	1080	60.0	8	cd7a118ec68159690588fc6823a4b148	c1d63307b146ce1c5392f90d4a876f30	1920	1080	12853.0	5.0	3064.0	27516.0	True	True	0.987529601653417	0.9795781531802868
rush_hour_1080p25_60f	rush_hour_1080p25_60f	svtav1	svtav1_20200123_9f71509_enc-mode0	60	20	0	5496606.0	5496.606	43.08716666666669	46.883666666666656	48.87733333333334	43.085603	46.880504	48.874197	97.10911063656386	7893378.0	131.5563	13337.57	1920	1080	25.0	8	c6fc69320780ad9b332cf851c23ab43a	76947b06a8cd050a16083a98c3a752ed	1920	1080	9853.0	34.0	3103.0	23974.0	True	True	0.9964821110169093	0.9925228303698997
rush_hour_1080p25_60f	rush_hour_1080p25_60f	svtav1	svtav1_20200123_9f71509_enc-mode0	60	32	0	2613003.0	2613.003	42.21033333333334	45.91416666666669	47.68049999999999	42.205859	45.911025	47.67581499999999	93.43715055214895	7209628.0	120.16046666666666	11133.13	1920	1080	25.0	8	247e488640bc2bc96c19958d4cf04679	ca1a8639541d93da2fb944fc3e6eaae3	1920	1080	13251.0	12.0	3063.0	25673.0	True	True	0.9943627576033275	0.9904651854501824
rush_hour_1080p25_60f	rush_hour_1080p25_60f	svtav1	svtav1_20200123_9f71509_enc-mode0	60	43	0	1243860.0	1243.86	40.83349999999999	44.79999999999998	46.244499999999995	40.817126	44.795439	46.234381	86.208115760566	4784316.0	79.7386	7724.48	1920	1080	25.0	8	70bd35ba6bc5a77d3eceba5bed09a590	439001d99257c3832a2237ed6d7a4625	1920	1080	10953.0	3.0	2244.0	24698.0	True	True	0.9902365724245707	0.9867757264136539
rush_hour_1080p25_60f	rush_hour_1080p25_60f	svtav1	svtav1_20200123_9f71509_enc-mode0	60	55	0	544046.0	544.046	38.66583333333334	43.10599999999999	44.26450000000001	38.630959	43.100394	44.250228	73.20207532154791	3423881.0	57.064683333333335	5516.41	1920	1080	25.0	8	48f1f8497732cc6a0a6c55cb2ef6633d	b30b64cc35867a0c962b6f3f6ed3643c	1920	1080	10585.0	3.0	2195.0	25060.0	True	True	0.9809815963109334	0.9789207037722567
rush_hour_1080p25_60f	rush_hour_1080p25_60f	svtav1	svtav1_20200123_9f71509_enc-mode0	60	59	0	371143.0	371.143	37.45133333333334	42.047	43.0555	37.417584	42.042333	43.04185	65.69088285689166	3138516.0	52.3086	4891.3	1920	1080	25.0	8	d670a6802f9e0c5b231dbb42874c702f	3bfba7add8c48523f6db53971bdd4aad	1920	1080	10897.0	3.0	1736.0	25796.0	True	True	0.9732422600189845	0.9725474424854414
ducks_take_off_1080p50_60f	ducks_take_off_1080p50_60f	svtav1	svtav1_20200123_9f71509_enc-mode0	60	20	0	114578686.0	114578.686	38.94733333333334	39.27183333333335	41.38733333333333	38.926674	39.25488	41.367927	98.77839227548725	19114739.0	318.5789833333333	30748.99	1920	1080	50.0	8	fd66f3e3554c91b22626a4328f86b752	c93fdcf811b59aac43842f1a2e096662	1920	1080	17151.0	8.0	10326.0	28609.0	True	True	0.9988702158133189	0.9959759823837847
ducks_take_off_1080p50_60f	ducks_take_off_1080p50_60f	svtav1	svtav1_20200123_9f71509_enc-mode0	60	32	0	32629926.0	32629.926	35.2075	36.952833333333324	39.89816666666668	35.174049	36.928577	39.883653	93.71086595140088	10992306.0	183.2051	17548.02	1920	1080	50.0	8	d53d394da65b78e10bb15d399c513893	9e5b85ac790de0a7b7ac4a45458e5b43	1920	1080	17383.0	8.0	8595.0	32254.0	True	True	0.9967276702324549	0.9902338655188317
ducks_take_off_1080p50_60f	ducks_take_off_1080p50_60f	svtav1	svtav1_20200123_9f71509_enc-mode0	60	43	0	10724166.0	10724.166	33.07750000000001	35.0965	38.497166666666665	33.050352	35.057804	38.484789	84.68678470592246	7190051.0	119.83418333333333	11622.91	1920	1080	50.0	8	06115a1010ab5565cb93fb6056a274ab	ae6a852c2749d4770c120490dfd9b1c8	1920	1080	17328.0	5.0	3652.0	25887.0	True	True	0.9911613762378693	0.9816742964376421
ducks_take_off_1080p50_60f	ducks_take_off_1080p50_60f	svtav1	svtav1_20200123_9f71509_enc-mode0	60	55	0	3723286.0	3723.286	30.49483333333333	33.025	37.17583333333333	30.454921	32.983318	37.170288	67.25604957438006	4097266.0	68.28776666666667	6613.2	1920	1080	50.0	8	c873ca7c9289e4aa5dfd734763f796ed	f32a4c4b17ac536413403fbbc52ece5b	1920	1080	16750.0	3.0	2602.0	25444.0	True	True	0.9742347151041031	0.9606843749548661
ducks_take_off_1080p50_60f	ducks_take_off_1080p50_60f	svtav1	svtav1_20200123_9f71509_enc-mode0	60	59	0	2390326.0	2390.326	29.29466666666666	32.0925	36.587500000000006	29.253618	32.057418	36.584165	57.61427535375747	3581120.0	59.68533333333333	5859.04	1920	1080	50.0	8	3f3f85bb42c0c122a5955a5a8d767a1f	6f1204da0d3fdac1a2d762545be7e475	1920	1080	15305.0	7.0	2759.0	26460.0	True	True	0.9605368226766586	0.9450935413306508
life_1080p30_60f	life_1080p30_60f	svtav1	svtav1_20200123_9f71509_enc-mode0	60	20	0	12768180.0	12768.18	44.51266666666666	49.7015	49.28483333333333	44.496202	49.693079	49.278291	99.49025432655588	9390987.0	156.51645	14876.07	1920	1080	30.0	8	dee0fb786141ef163ebe0d58bb1fe791	8055f1f9d772976b5325bb2a6abf66bb	1920	1080	13124.0	6.0	4285.0	29262.0	True	True	0.9991947780052821	0.997929172960601
life_1080p30_60f	life_1080p30_60f	svtav1	svtav1_20200123_9f71509_enc-mode0	60	32	0	6009520.0	6009.52	41.61200000000001	47.499833333333335	47.18449999999999	41.589601	47.487888	47.1769	97.80192783746203	5492370.0	91.5395	9427.78	1920	1080	30.0	8	33b875a345a2dc81aa310cd2c0c7d765	fc8b1022b9a3a4d1855b26a70a5eaedf	1920	1080	11915.0	12.0	2578.0	23780.0	True	True	0.9984708875417709	0.9962973539088001
life_1080p30_60f	life_1080p30_60f	svtav1	svtav1_20200123_9f71509_enc-mode0	60	43	0	2928964.0	2928.964	38.81300000000001	45.483333333333356	45.30750000000001	38.785745	45.463447	45.294463	94.58682916520593	6137010.0	102.2835	9691.71	1920	1080	30.0	8	ffe5f9bcc11398dcad16df6c5d37913d	57648df4f9fe6f1e63e1bec0c886fb05	1920	1080	19608.0	21.0	3269.0	33873.0	True	True	0.996736349662145	0.9927843262628503
life_1080p30_60f	life_1080p30_60f	svtav1	svtav1_20200123_9f71509_enc-mode0	60	55	0	1181592.0	1181.592	35.10333333333333	42.482	42.37416666666666	35.087889	42.466573	42.363158	87.0978656995945	3573850.0	59.564166666666665	5898.07	1920	1080	30.0	8	85ee35b7f5e653e492007aad49ddf541	0c7752e1ff68f8988e3031e312fb8a24	1920	1080	12186.0	5.0	1645.0	23651.0	True	True	0.9893691251675288	0.9787998513515549
life_1080p30_60f	life_1080p30_60f	svtav1	svtav1_20200123_9f71509_enc-mode0	60	59	0	747548.0	747.548	33.42566666666667	41.02649999999999	40.72216666666668	33.416334	41.01843900000001	40.716292	80.71921068668274	3599306.0	59.98843333333333	5793.4	1920	1080	30.0	8	30826ee67b3b75283276e614547360b2	a98b98a9af2f6f0c181281152b3cecca	1920	1080	13332.0	3.0	2934.0	33008.0	True	True	0.9791550656159719	0.9628614587657277
touchdown_pass_1080p_60f	touchdown_pass_1080p_60f	svtav1	svtav1_20200123_9f71509_enc-mode0	60	20	0	20457057.0	20457.056999999997	40.734833333333334	48.120666666666665	48.27333333333335	40.696931	48.113105	48.265262	96.39786447233298	10533261.0	175.55435	17981.1	1920	1080	29.97	8	648c009bdb8bf0d01e6bd603b71fc0d9	363832cda81f0610f8b5e49d19570b7b	1920	1080	13588.0	6.0	6636.0	26590.0	True	True	0.9959691017866135	0.991231281474736
touchdown_pass_1080p_60f	touchdown_pass_1080p_60f	svtav1	svtav1_20200123_9f71509_enc-mode0	60	32	0	4942583.0	4942.583	38.74133333333334	47.40533333333334	47.529999999999994	38.722123	47.397632	47.521899	94.38920831318723	5461276.0	91.02126666666666	9188.12	1920	1080	29.97	8	3f5fafe9a394f4b08b399f759910c131	7854e57da790aa4e2d7f81cfbadc6ae2	1920	1080	12805.0	3.0	2247.0	25086.0	True	True	0.9939386039972306	0.9869208265368479
touchdown_pass_1080p_60f	touchdown_pass_1080p_60f	svtav1	svtav1_20200123_9f71509_enc-mode0	60	43	0	2186435.0	2186.435	37.56600000000001	46.5295	46.55683333333332	37.543361	46.523773	46.550027	91.52315356664734	4498506.0	74.9751	7215.85	1920	1080	29.97	8	a709319a70602249806f59c87c57de7a	5139f2a66177cd1cb917954bee2dac90	1920	1080	13800.0	4.0	2905.0	27980.0	True	True	0.9917378962039948	0.9829791424280011
touchdown_pass_1080p_60f	touchdown_pass_1080p_60f	svtav1	svtav1_20200123_9f71509_enc-mode0	60	55	0	862061.0	862.061	35.215499999999984	44.559	44.64200000000001	35.188972	44.555122	44.636605	82.51220095402364	3097147.0	51.61911666666666	4822.51	1920	1080	29.97	8	e6d1969b668b0a1aacbd63ccff7c54d9	6771dbbb7c81b10e70af176fdbd6096b	1920	1080	12965.0	6.0	1806.0	27125.0	True	True	0.9805712978045146	0.9655661942732618
touchdown_pass_1080p_60f	touchdown_pass_1080p_60f	svtav1	svtav1_20200123_9f71509_enc-mode0	60	59	0	505142.0	505.142	33.394999999999996	43.374833333333335	43.559	33.369754	43.373492000000006	43.555952	72.17789136264196	3283709.0	54.72848333333334	5021.41	1920	1080	29.97	8	e9b483c166851681601ca7ed384be467	f560483cdc2482dc2893e50d1a1c8375	1920	1080	21456.0	131.0	2600.0	41395.0	True	True	0.9545074731111527	0.9343634879377747
Cosmos1_1920x856_BT2100_PQ_24fps	Cosmos1_1920x856_BT2100_PQ_24fps	svtav1	svtav1_20200123_9f71509_enc-mode0	60	20	0	23640704.0	23640.704	42.11599999999999	44.947999999999986	47.601333333333315	42.07369099999999	44.892723	47.572933	99.42890764054661	13291259.0	221.52098333333333	20020.41	1920	856	24.0	10	9e301c8c4825f1fad9d449e2b651c33d	556e85bc2d28ab4e8359f3dae0145d01	1920	856	18690.0	6.0	7894.0	21748.0	True	True	0.9968791405359904	0.9961645276310677
Cosmos1_1920x856_BT2100_PQ_24fps	Cosmos1_1920x856_BT2100_PQ_24fps	svtav1	svtav1_20200123_9f71509_enc-mode0	60	32	0	9720300.0	9720.3	38.34766666666667	42.88033333333333	45.968166666666654	38.226171	42.84569	45.949913	95.37629036739871	8438640.0	140.644	14381.17	1920	856	24.0	10	98bb64838f2d19db3e3b7fc45d038dd6	320053ebbefb7974f8daea0f733941ca	1920	856	18349.0	5.0	5265.0	18415.0	True	True	0.9920558561881383	0.991092761822901
Cosmos1_1920x856_BT2100_PQ_24fps	Cosmos1_1920x856_BT2100_PQ_24fps	svtav1	svtav1_20200123_9f71509_enc-mode0	60	43	0	3683833.0	3683.833	35.463	41.210333333333324	44.52583333333333	35.36907899999999	41.185413	44.515231	84.75418810453246	6923029.0	115.38381666666666	11174.59	1920	856	24.0	10	582fd15ef9b6306409bd0e09aba3c0e8	f3c732c6758b7879ce068f1a60ec6ff1	1920	856	18770.0	5.0	4234.0	19365.0	True	True	0.9805887718995412	0.9804863068524969
Cosmos1_1920x856_BT2100_PQ_24fps	Cosmos1_1920x856_BT2100_PQ_24fps	svtav1	svtav1_20200123_9f71509_enc-mode0	60	55	0	1267494.0	1267.494	32.50766666666666	39.47366666666668	42.57366666666666	32.455562	39.459208	42.554419	63.96989580102338	5203839.0	86.73065	8602.64	1920	856	24.0	10	2d52b55662d2fb54d3581289a8104966	45f6b4764a4aa63fb272dc889e2b471a	1920	856	18198.0	5.0	3273.0	18908.0	True	True	0.947019495566686	0.9518502676208426
Cosmos1_1920x856_BT2100_PQ_24fps	Cosmos1_1920x856_BT2100_PQ_24fps	svtav1	svtav1_20200123_9f71509_enc-mode0	60	59	0	769561.0	769.561	31.175833333333333	38.7055	41.191	31.137301	38.696057	41.187546	52.12217276436312	4328718.0	72.1453	6785.8	1920	856	24.0	10	121b27e70af8c993924a2f5d0198fe16	f920ac04a303d3c2fad1d8cff5a3bbcb	1920	856	18326.0	6.0	3421.0	21722.0	True	True	0.917249862353007	0.9273236394935659
ToddlerFountn_1920x1080_2997_10b	ToddlerFountn_1920x1080_2997_10b	svtav1	svtav1_20200123_9f71509_enc-mode0	60	20	0	58106835.0	58106.835	41.348333333333336	46.471999999999994	43.94483333333333	41.285517	46.45698	43.912758000000004	99.90719106271897	19330216.0	322.1702666666667	30955.16	1920	1080	29.97	10	18e02b4100f66ea92d7ba045307ad68e	13163ec70245b3194fd9247af2dae2f9	1920	1080	23018.0	17.0	12079.0	30729.0	True	True	0.9978594799836477	0.9952914477459791
ToddlerFountn_1920x1080_2997_10b	ToddlerFountn_1920x1080_2997_10b	svtav1	svtav1_20200123_9f71509_enc-mode0	60	32	0	29000287.0	29000.287	37.15716666666666	44.970000000000006	41.97649999999999	37.053315	44.959665	41.954209	99.8762852843709	14033218.0	233.88696666666667	23617.15	1920	1080	29.97	10	9c1d6e68c3b739858409e925aae09ea4	d322b2dc79e9aaea170bac52be4899b4	1920	1080	24873.0	3.0	7299.0	24159.0	True	True	0.9934189875920614	0.9869898180432519
ToddlerFountn_1920x1080_2997_10b	ToddlerFountn_1920x1080_2997_10b	svtav1	svtav1_20200123_9f71509_enc-mode0	60	43	0	12638622.0	12638.622	33.413333333333334	43.48016666666665	40.483333333333334	33.323349	43.473636000000006	40.473047	89.6024260558317	12164068.0	202.73446666666666	18255.5	1920	1080	29.97	10	50d64ef2ecb8ac83a751d6780739898e	5edd462b38a0808c766d169592feb81e	1920	1080	25015.0	19.0	6275.0	27465.0	True	True	0.9797183036804199	0.9660730738670458
ToddlerFountn_1920x1080_2997_10b	ToddlerFountn_1920x1080_2997_10b	svtav1	svtav1_20200123_9f71509_enc-mode0	60	55	0	4489738.0	4489.738	29.98783333333333	41.82899999999999	39.249500000000005	29.937286000000004	41.827058	39.246225	66.29140264918605	9114870.0	151.9145	15100.98	1920	1080	29.97	10	8776f9995c8f1e11fef9a69dc56fe68b	24c8355d1cbcfff428081a0b0361fc4d	1920	1080	25230.0	7.0	5114.0	41853.0	True	True	0.9383314390977223	0.9169334648386974
ToddlerFountn_1920x1080_2997_10b	ToddlerFountn_1920x1080_2997_10b	svtav1	svtav1_20200123_9f71509_enc-mode0	60	59	0	2808899.0	2808.899	28.76400000000001	41.11533333333332	38.80733333333334	28.724263	41.114484	38.804474	54.77987215881156	6601295.0	110.02158333333334	11206.99	1920	1080	29.97	10	956adb37b6e98eff10362d55564c74ce	bb5db6307ef2dabdbc20223a4a7c6f06	1920	1080	21916.0	5.0	4012.0	24872.0	True	True	0.9095207174619039	0.8877345797100868
wikipedia_420	wikipedia_420	svtav1	svtav1_20200123_9f71509_enc-mode0	60	20	0	1633832.0	1633.832	55.44233333333331	52.71983333333335	53.6315	55.428932	52.55727	53.567294	99.83888911392846	5643302.0	94.05503333333333	8624.28	1920	1080	30.0	8	4ec5ea06267bd4692e0489037648e485	f255ebc7a6d9435b278e275261f11e1e	1920	1080	8097.0	4.0	919.0	22818.0	True	True	0.9993954529364903	0.9991405874792226
wikipedia_420	wikipedia_420	svtav1	svtav1_20200123_9f71509_enc-mode0	60	32	0	923660.0	923.66	51.205000000000005	50.769333333333314	51.891666666666666	51.195974	50.533466	51.830835	99.82081776845929	6484710.0	108.0785	9492.0	1920	1080	30.0	8	373bbc3797798e9abbe687c91825cb79	51a3a719a5d677e78d09ae68b08a7dd9	1920	1080	11243.0	8.0	1001.0	24888.0	True	True	0.9990414341290792	0.9984465719701198
wikipedia_420	wikipedia_420	svtav1	svtav1_20200123_9f71509_enc-mode0	60	43	0	624984.0	624.984	48.67816666666667	48.757999999999996	50.08633333333332	48.662629	48.616184	50.039859	99.78719246862802	7051170.0	117.5195	10175.21	1920	1080	30.0	8	01ab9bd71a24f6e155109f74f0f621a6	d63b4154d33808546bafd96546e9e4e9	1920	1080	10356.0	42.0	1089.0	26126.0	True	True	0.9987005909283956	0.9979527724147137
wikipedia_420	wikipedia_420	svtav1	svtav1_20200123_9f71509_enc-mode0	60	55	0	420092.0	420.092	44.11383333333333	45.820833333333326	47.19216666666667	44.094861	45.774031	47.165431	99.59402087215364	5721872.0	95.36453333333333	8443.16	1920	1080	30.0	8	1ee8761971aeb2bf55ff3bd90863091f	5e0d01b2e00ea658fc0b620fcf59afa6	1920	1080	8767.0	4.0	768.0	22992.0	True	True	0.9980287243922551	0.9972058962179617
wikipedia_420	wikipedia_420	svtav1	svtav1_20200123_9f71509_enc-mode0	60	59	0	334708.0	334.708	41.00866666666666	43.66366666666667	45.04583333333333	40.991235	43.625219	45.015686	99.31021603887606	5560875.0	92.68125	8310.29	1920	1080	30.0	8	ebfc5dcd1a0bbd353e4f700615cfbf35	4b5225815a5f8927e3a3e13f8a487539	1920	1080	7908.0	5.0	638.0	24703.0	True	True	0.9969929943482081	0.9961223468316024
MINECRAFT_60f_420	MINECRAFT_60f_420	svtav1	svtav1_20200123_9f71509_enc-mode0	60	20	0	85209272.0	85209.27200000001	43.71383333333333	46.05366666666667	46.6455	43.560515	45.895427	46.523214	99.951536588709	14803784.0	246.72973333333334	22967.74	1920	1080	60.0	8	302b7511c7d90930488fe25b5a154f18	43812b5e452bacbd6c67e658cf70299e	1920	1080	15427.0	5.0	8765.0	24983.0	True	True	0.9983262161413828	0.9972168898407379
MINECRAFT_60f_420	MINECRAFT_60f_420	svtav1	svtav1_20200123_9f71509_enc-mode0	60	32	0	50793800.0	50793.8	39.496999999999986	44.267166666666675	44.78583333333334	39.228726	44.143747	44.695419	99.9252924907694	13210965.0	220.18275	20390.64	1920	1080	60.0	8	b4b3424f247748403e8468a7c986c64f	35df83a03c6a1636aebd5b3b30b22d06	1920	1080	14615.0	3.0	7342.0	24580.0	True	True	0.995843983689944	0.9930078968257589
MINECRAFT_60f_420	MINECRAFT_60f_420	svtav1	svtav1_20200123_9f71509_enc-mode0	60	43	0	23303600.0	23303.6	35.07066666666667	42.632	42.96816666666666	34.761965	42.550516	42.903657	96.67010698490519	9711430.0	161.85716666666667	15857.12	1920	1080	60.0	8	47a9712c672a3b29b78e8e2b6be5683b	b474fc19b890af00c5a80ecf3da7eede	1920	1080	12917.0	5.0	4400.0	23077.0	True	True	0.988311396042506	0.9811774828943455
MINECRAFT_60f_420	MINECRAFT_60f_420	svtav1	svtav1_20200123_9f71509_enc-mode0	60	55	0	8529112.0	8529.112	31.509833333333333	40.543	40.58233333333333	31.347371	40.50511100000001	40.540782	83.03258336795099	10009417.0	166.82361666666668	14488.88	1920	1080	60.0	8	313a5db6b9bb5297639d37430e343277	5f860c6388d09b94f171ab3a8ea6bf3a	1920	1080	14612.0	3.0	3070.0	25124.0	True	True	0.9676089227199555	0.9529491330123653
MINECRAFT_60f_420	MINECRAFT_60f_420	svtav1	svtav1_20200123_9f71509_enc-mode0	60	59	0	5246952.0	5246.952	30.216499999999996	39.45783333333332	38.94083333333332	30.124887	39.433773	38.906949000000004	74.62800423415518	8885339.0	148.08898333333335	13371.7	1920	1080	60.0	8	bd92a043ecb6861ee11b5dd1e9d0f453	dd2acb3134fd6723285423b49cbfa741	1920	1080	14286.0	10.0	2318.0	24586.0	True	True	0.9475327908992768	0.9287305571490566
