KristenAndSara_1280x720_60_10b	KristenAndSara_1280x720_60_10b	svtav1	svtav1_20200217_355e277_enc-mode0	60	20	0	3241120.0	3241.12	44.90766666666669	49.53933333333334	50.553	44.901921	49.537205	50.551758	97.06663150604376	1894620.0	31.577	3003.78	1280	720	60.0	10	c415af22fe692f41ac54ad4973a1ba23	9dbdad3f8ec224cf878f239d0bf1b4a1	1280	720	8326.0	5.0	929.0	10489.0	True	True	0.9962977916002274	0.995730506888651
KristenAndSara_1280x720_60_10b	KristenAndSara_1280x720_60_10b	svtav1	svtav1_20200217_355e277_enc-mode0	60	32	0	1205904.0	1205.904	43.600500000000004	48.61733333333333	49.61483333333332	43.589326	48.614315	49.61250400000001	96.1190112366215	1691204.0	28.186733333333333	2555.7	1280	720	60.0	10	ecf4cb9526c33494aff376734c170479	a01d07619e3d198fe75318b1075f09f2	1280	720	7991.0	4.0	1037.0	10346.0	True	True	0.9949891805648804	0.9945295197858897
KristenAndSara_1280x720_60_10b	KristenAndSara_1280x720_60_10b	svtav1	svtav1_20200217_355e277_enc-mode0	60	43	0	656808.0	656.8079999999999	42.223166666666664	47.54366666666667	48.4931666666667	42.202353	47.538844	48.488151	94.51542128522358	1360048.0	22.667466666666666	2320.42	1280	720	60.0	10	14c4521b445f9870546868de75938636	cab83e12aaa57e099075bebd345fbc27	1280	720	8520.0	4.0	635.0	10133.0	True	True	0.9927070657412211	0.9926202291568256
KristenAndSara_1280x720_60_10b	KristenAndSara_1280x720_60_10b	svtav1	svtav1_20200217_355e277_enc-mode0	60	55	0	299008.0	299.008	39.447166666666675	45.027833333333355	46.10733333333332	39.419366	45.019291	46.101395	89.26569106459651	1037065.0	17.284416666666665	1638.89	1280	720	60.0	10	25bb51bfd357832eb08f10215956215c	6ab01e1fa1a5fb176876b5c68a47f5c6	1280	720	7729.0	6.0	492.0	13208.0	True	True	0.9854073315858841	0.9866849198892474
KristenAndSara_1280x720_60_10b	KristenAndSara_1280x720_60_10b	svtav1	svtav1_20200217_355e277_enc-mode0	60	59	0	194824.0	194.824	37.50233333333335	43.25766666666669	44.30466666666668	37.479337	43.252929	44.298572	83.36871657833265	908607.0	15.14345	1410.28	1280	720	60.0	10	245c6344c4fed5f3da98957bf886a716	8fe34700e65d362ce77d4d6a46973c3a	1280	720	7700.0	4.0	429.0	9758.0	True	True	0.9776823103427887	0.9805378466665009
KristenAndSara_1280x720_60f	KristenAndSara_1280x720_60f	svtav1	svtav1_20200217_355e277_enc-mode0	60	20	0	3320600.0	3320.6	44.64766666666667	49.00016666666666	49.92699999999999	44.638026	48.99799599999999	49.92567	96.94033692067003	1717042.0	28.617366666666666	2831.91	1280	720	60.0	8	3e9b81bdb20734d5466303dcf9124e47	f0bdf9320a204e1320b7e5879d133823	1280	720	5093.0	4.0	658.0	9828.0	True	True	0.9959863752126694	0.9954457471174062
KristenAndSara_1280x720_60f	KristenAndSara_1280x720_60f	svtav1	svtav1_20200217_355e277_enc-mode0	60	32	0	1319704.0	1319.704	43.501833333333316	48.297333333333334	49.19633333333334	43.490191	48.294439	49.193302	96.08522291529711	1474505.0	24.575083333333332	2404.46	1280	720	60.0	8	287b37a0a2272452e5779cce26b2baf9	1754a73da1529b99968d95bc79c6e10f	1280	720	6086.0	5.0	484.0	10362.0	True	True	0.9947363138198853	0.9943129914204435
KristenAndSara_1280x720_60f	KristenAndSara_1280x720_60f	svtav1	svtav1_20200217_355e277_enc-mode0	60	43	0	673888.0	673.888	42.09066666666667	47.21683333333333	48.09366666666668	42.071468	47.21218	48.090469	94.41251569394626	1112574.0	18.5429	1759.15	1280	720	60.0	8	04ab81bc5240506ceaf9211f6f82a3d0	96ec4d3579da795d18c89d2a097d0410	1280	720	5386.0	22.0	388.0	10288.0	True	True	0.9924047122399012	0.9923404729131458
KristenAndSara_1280x720_60f	KristenAndSara_1280x720_60f	svtav1	svtav1_20200217_355e277_enc-mode0	60	55	0	301400.0	301.4	39.35983333333332	44.64683333333333	45.76283333333336	39.33291	44.639267	45.757016	89.26356147931065	888278.0	14.804633333333333	1388.16	1280	720	60.0	8	c2cf8e1bea2a7367202047b93b6a3db3	fa364030c67400880b0119c458c3a383	1280	720	5154.0	3.0	332.0	10337.0	True	True	0.9851195335388183	0.9864446386849344
KristenAndSara_1280x720_60f	KristenAndSara_1280x720_60f	svtav1	svtav1_20200217_355e277_enc-mode0	60	59	0	195440.0	195.44	37.415333333333336	43.091333333333345	44.19549999999999	37.39224	43.085736	44.190966	83.5678495412043	845072.0	14.084533333333333	1231.14	1280	720	60.0	8	8be5d8e3b1090a48fe8fcfb25abc4281	076ed15ae13a4c172cd7f1b1064bf1c1	1280	720	5710.0	3.0	290.0	10484.0	True	True	0.9770481944084167	0.9800331153426637
DinnerScene_1920x1080_2997_10b	DinnerScene_1920x1080_2997_10b	svtav1	svtav1_20200217_355e277_enc-mode0	60	20	0	1498964.0	1498.964	41.80433333333333	42.69450000000002	47.53216666666665	41.803681	42.691567	47.531492	91.48663777328065	3495363.0	58.25605	5511.48	1920	1080	29.97	10	11e2a1597a6f61d745f2cd552e7b3b29	628139bcc9c3af03fa36d782465b4f9a	1920	1080	19500.0	3.0	2416.0	23380.0	True	True	0.994175989429156	0.9882632509994228
DinnerScene_1920x1080_2997_10b	DinnerScene_1920x1080_2997_10b	svtav1	svtav1_20200217_355e277_enc-mode0	60	32	0	278658.0	278.658	41.61716666666668	42.28716666666664	47.36350000000001	41.616187	42.286683	47.363324	89.65945440039827	3191128.0	53.18546666666666	4625.41	1920	1080	29.97	10	cdabf88521a3d713eddac5f1057e19c5	f448fe88053e669686fc6b6be1e0996a	1920	1080	19443.0	4.0	1602.0	23756.0	True	True	0.993358717362086	0.9874631800819305
DinnerScene_1920x1080_2997_10b	DinnerScene_1920x1080_2997_10b	svtav1	svtav1_20200217_355e277_enc-mode0	60	43	0	141671.0	141.671	41.35233333333334	42.19583333333335	47.12200000000003	41.351521	42.195599	47.121312	86.60791155578258	2574939.0	42.91565	3767.72	1920	1080	29.97	10	10f33ffa226ed9677583435615994fee	19ff56eca83dbf7db1d6b4edcb1e0c89	1920	1080	20687.0	4.0	1499.0	26301.0	True	True	0.9923950374126435	0.9865209522456445
DinnerScene_1920x1080_2997_10b	DinnerScene_1920x1080_2997_10b	svtav1	svtav1_20200217_355e277_enc-mode0	60	55	0	66099.0	66.099	40.538833333333336	41.875	46.4515	40.532739	41.874505	46.449133	77.29786305387113	2171342.0	36.189033333333334	3099.62	1920	1080	29.97	10	72695af55583684cdc017fc713e80755	7bc5ef9349e5d17ddb4b2bac01d354b1	1920	1080	20899.0	5.0	1297.0	23779.0	True	True	0.9885766297578812	0.9830315741612278
DinnerScene_1920x1080_2997_10b	DinnerScene_1920x1080_2997_10b	svtav1	svtav1_20200217_355e277_enc-mode0	60	59	0	46628.0	46.628	39.81033333333334	41.578833333333314	45.95783333333331	39.786067	41.577049	45.952038	69.80491927043471	2008336.0	33.47226666666667	2750.58	1920	1080	29.97	10	1297a96ee203373d4652f49ad0156b81	cc561d93fe8bb4bf36581acb9e338d86	1920	1080	20514.0	4.0	1267.0	24066.0	True	True	0.9847701191902161	0.9797064122831514
RollerCoastPas_1920x1080_2997_10	RollerCoastPas_1920x1080_2997_10	svtav1	svtav1_20200217_355e277_enc-mode0	60	20	0	3168729.0	3168.729	45.09683333333334	45.30566666666668	43.893833333333326	45.095101	45.304821	43.890949	97.1000994409686	3362222.0	56.03703333333333	5584.57	1920	1080	29.97	10	e640fa70fcf355e7bf076aeaaf4c5217	d542430d3620af617cb05e3304a15cc4	1920	1080	22052.0	5.0	1913.0	23768.0	True	True	0.9986391792694728	0.9969072990099177
RollerCoastPas_1920x1080_2997_10	RollerCoastPas_1920x1080_2997_10	svtav1	svtav1_20200217_355e277_enc-mode0	60	32	0	1357551.0	1357.551	43.93766666666666	44.582499999999996	43.07650000000001	43.935348	44.582172	43.07604	96.3453783445074	3160574.0	52.676233333333336	4998.35	1920	1080	29.97	10	0058c722a4a1471ad310140980c0645c	b296df87c07013c06f7d397b68839298	1920	1080	20384.0	5.0	1435.0	24058.0	True	True	0.9980980743964513	0.9960013877901271
RollerCoastPas_1920x1080_2997_10	RollerCoastPas_1920x1080_2997_10	svtav1	svtav1_20200217_355e277_enc-mode0	60	43	0	794667.0	794.667	42.459333333333326	43.71616666666668	42.34066666666665	42.450735	43.715271	42.339247	94.91141572907391	2657359.0	44.289316666666664	4261.87	1920	1080	29.97	10	2e703c9821b0a6be5c4431d1eceacc8c	8437585c1bcce35703ad6d683164e1d6	1920	1080	21048.0	3.0	1323.0	24451.0	True	True	0.9970554252465565	0.9944075268654556
RollerCoastPas_1920x1080_2997_10	RollerCoastPas_1920x1080_2997_10	svtav1	svtav1_20200217_355e277_enc-mode0	60	55	0	313791.0	313.791	38.664666666666655	41.03350000000001	39.92183333333333	38.64768	41.03154	39.919425	88.92706802076832	2123757.0	35.39595	3121.27	1920	1080	29.97	10	6b7ec6e1807d2bb9e7abe99cc9d8414f	4bb01ea8037e125b6d2cc1e6ea158459	1920	1080	22262.0	4.0	1078.0	24133.0	True	True	0.9914937774340312	0.9869811776197537
RollerCoastPas_1920x1080_2997_10	RollerCoastPas_1920x1080_2997_10	svtav1	svtav1_20200217_355e277_enc-mode0	60	59	0	195776.0	195.776	36.35533333333333	39.42616666666667	38.4535	36.335968	39.425253	38.452301	81.62669653308473	2128713.0	35.47855	3045.83	1920	1080	29.97	10	8127284181f49cd62a90f3f9db2f2113	2d74c5d427e8a6c9dcf8184851416b44	1920	1080	20800.0	3.0	1052.0	23865.0	True	True	0.9840910087029139	0.9781506861970868
BarScene1_1920x1080_2997_10b	BarScene1_1920x1080_2997_10b	svtav1	svtav1_20200217_355e277_enc-mode0	60	20	0	1858930.0	1858.93	42.47533333333334	44.76116666666666	43.77983333333334	42.474766	44.760774	43.778945	93.10601988832364	3505745.0	58.42908333333333	5510.01	1920	1080	29.97	10	98e25e3833eedd49f0844cf6e08e06c6	2a74fb6bf790eca76dbab5f50799a40e	1920	1080	22318.0	5.0	2013.0	25735.0	True	True	0.995827066898346	0.9909953922642859
BarScene1_1920x1080_2997_10b	BarScene1_1920x1080_2997_10b	svtav1	svtav1_20200217_355e277_enc-mode0	60	32	0	465870.0	465.87	42.141833333333366	44.55899999999999	43.44816666666667	42.141294	44.558967	43.448516	92.05052148324458	2677362.0	44.6227	4283.7	1920	1080	29.97	10	f4e1b325c22fef78089f4979195c2287	9e4632d5d981247282aeafb79b45b961	1920	1080	20919.0	8.0	1102.0	24887.0	True	True	0.9950596630573273	0.990013714263281
BarScene1_1920x1080_2997_10b	BarScene1_1920x1080_2997_10b	svtav1	svtav1_20200217_355e277_enc-mode0	60	43	0	230985.0	230.985	41.649666666666675	44.37166666666665	43.280666666666654	41.648838	44.37145	43.280658	90.0306691279815	2111180.0	35.18633333333333	3151.8	1920	1080	29.97	10	f72329e31f325a3da1b1a13bda198c39	33c60e38f079231d8a9a6809d5d68962	1920	1080	21068.0	4.0	1017.0	25470.0	True	True	0.9937774688005447	0.9883679430114134
BarScene1_1920x1080_2997_10b	BarScene1_1920x1080_2997_10b	svtav1	svtav1_20200217_355e277_enc-mode0	60	55	0	96842.0	96.842	40.53583333333333	43.87716666666665	42.85049999999998	40.534563	43.877168	42.851063	84.0831317182293	1844055.0	30.73425	2974.13	1920	1080	29.97	10	225d0db2a6da6e8b068652bc994e9700	2945729c6d6bc4bb0185e5d8ce01c493	1920	1080	22802.0	5.0	1016.0	25666.0	True	True	0.9893309394518535	0.9836727686338261
BarScene1_1920x1080_2997_10b	BarScene1_1920x1080_2997_10b	svtav1	svtav1_20200217_355e277_enc-mode0	60	59	0	55037.0	55.037	39.31933333333333	43.00116666666668	42.20483333333333	39.318194	43.001486	42.204802	75.57565793653056	1766332.0	29.438866666666666	2570.51	1920	1080	29.97	10	8466b5f76c045e84cf7ac1de8ac913c0	a408292984c98dc9826a976e804071b8	1920	1080	20335.0	17.0	945.0	24228.0	True	True	0.9821732332309087	0.9773323427892573
Starting_1920x1080p_50_10b_pq_70	Starting_1920x1080p_50_10b_pq_70	svtav1	svtav1_20200217_355e277_enc-mode0	60	20	0	4761953.0	4761.953	46.937333333333335	49.82550000000002	51.592000000000006	46.878481	49.753384	51.4858	96.76339109217582	2856783.0	47.61305	4253.54	1920	1080	50.0	10	13eeea8e6385eee96e782e8b83666fdf	88a8b3e9c8db9f7d7b8d42bc3da65eee	1920	1080	17025.0	4.0	1709.0	24342.0	True	True	0.9992255767186483	0.9981695196923194
Starting_1920x1080p_50_10b_pq_70	Starting_1920x1080p_50_10b_pq_70	svtav1	svtav1_20200217_355e277_enc-mode0	60	32	0	2212540.0	2212.54	45.310333333333325	48.53249999999999	49.83066666666669	45.243902	48.498762000000006	49.78888	95.54053958603897	2700809.0	45.01348333333333	4015.09	1920	1080	50.0	10	e4f66788d4bf75135d549e10f4c6ccde	52818eff0b4ea88e4bf3b15784b6d137	1920	1080	17193.0	4.0	1467.0	23510.0	True	True	0.9986611058314642	0.9973115978105923
Starting_1920x1080p_50_10b_pq_70	Starting_1920x1080p_50_10b_pq_70	svtav1	svtav1_20200217_355e277_enc-mode0	60	43	0	1377900.0	1377.9	43.672999999999995	47.492500000000014	48.434833333333344	43.580433	47.47862	48.418171	93.71763161540889	2440250.0	40.670833333333334	3606.43	1920	1080	50.0	10	b8e0835bdca60013218523ecf2f1222f	04c0166c34eefdab2847129b20a976cf	1920	1080	17691.0	6.0	1431.0	24539.0	True	True	0.9979027758042017	0.9962660799798563
Starting_1920x1080p_50_10b_pq_70	Starting_1920x1080p_50_10b_pq_70	svtav1	svtav1_20200217_355e277_enc-mode0	60	55	0	551280.0	551.28	39.57849999999999	44.78583333333332	45.1055	39.530407	44.785627	45.104879	86.28757459765824	1896118.0	31.601966666666666	2945.14	1920	1080	50.0	10	a29a3ea778eeb55f680147a5713fd4b4	baa694b8d54d91c9053db252f8cae4eb	1920	1080	18241.0	18.0	1180.0	23503.0	True	True	0.9937608122825623	0.9906933031060744
Starting_1920x1080p_50_10b_pq_70	Starting_1920x1080p_50_10b_pq_70	svtav1	svtav1_20200217_355e277_enc-mode0	60	59	0	296580.0	296.58	36.60366666666666	42.9406666666667	43.109999999999964	36.577985	42.940184	43.109635	76.79614802346823	1913791.0	31.896516666666667	2777.03	1920	1080	50.0	10	7689eb46512e2f0cf7aaed7ff318562a	a7119510b4334a11abbddcb01fab8795	1920	1080	17245.0	2.0	1225.0	23936.0	True	True	0.986725456515948	0.981472772465452
DOTA2_60f_420	DOTA2_60f_420	svtav1	svtav1_20200217_355e277_enc-mode0	60	20	0	15048168.0	15048.168	45.340333333333334	48.98033333333332	49.147666666666666	45.297554	48.916367	49.11957399999999	97.5383701894681	4248149.0	70.80248333333333	6883.31	1920	1080	60.0	8	5154aea8cab8eab2de53d3a920aa34f7	49588f7387a46cfa1a0e3ec45d89038c	1920	1080	12167.0	7.0	2109.0	25280.0	True	True	0.998572239279747	0.9972274570706379
DOTA2_60f_420	DOTA2_60f_420	svtav1	svtav1_20200217_355e277_enc-mode0	60	32	0	7415320.0	7415.319999999999	42.96383333333333	46.939833333333304	47.20533333333334	42.878937	46.836139	47.157669000000006	95.66512090111219	3625668.0	60.4278	5721.06	1920	1080	60.0	8	8dfba7bd02f85752ac98aa3c79de771b	7cdd16562e747285a1b5f886e87097db	1920	1080	11130.0	5.0	1455.0	23874.0	True	True	0.9972582817077636	0.9949974714186745
DOTA2_60f_420	DOTA2_60f_420	svtav1	svtav1_20200217_355e277_enc-mode0	60	43	0	3542064.0	3542.064	40.242833333333344	44.409666666666666	44.79366666666666	40.127673	44.284637	44.736267	91.84552945542428	2913930.0	48.5655	4596.65	1920	1080	60.0	8	746447149b6967bd61a0c340d6555850	7537c322b2073ef98514c37d420994b5	1920	1080	11535.0	4.0	1342.0	24231.0	True	True	0.9937426030635834	0.9897385238445943
DOTA2_60f_420	DOTA2_60f_420	svtav1	svtav1_20200217_355e277_enc-mode0	60	55	0	1370224.0	1370.224	36.63	41.07216666666666	41.424	36.538414	40.989103	41.390273	81.53105538770086	2118251.0	35.304183333333334	3307.19	1920	1080	60.0	8	6ace7374376aa7599c60a31f88d67e76	068dc53ae0a90565c080ea90585aadc8	1920	1080	12546.0	3.0	953.0	24185.0	True	True	0.9801880558331807	0.9735635452607262
DOTA2_60f_420	DOTA2_60f_420	svtav1	svtav1_20200217_355e277_enc-mode0	60	59	0	811680.0	811.68	34.6215	39.171000000000014	39.48416666666667	34.563296	39.119056	39.46646	71.97091279072501	1986002.0	33.100033333333336	2900.47	1920	1080	60.0	8	6b5f36367c27121200418298db13fcbf	e66c682c380998c0179ef83f60944954	1920	1080	11757.0	16.0	922.0	24214.0	True	True	0.9636530210574468	0.9569501100292382
Netflix_DrivingPOV_1280x720_60fp	Netflix_DrivingPOV_1280x720_60fp	svtav1	svtav1_20200217_355e277_enc-mode0	60	20	0	11213320.0	11213.32	42.79899999999999	46.458833333333324	45.14916666666667	42.770062	46.447562	45.141467	99.67535599407532	3003179.0	50.05298333333333	4617.41	1280	720	60.0	8	a988b4637152d80423e67abc9884b8c0	c83c458953750b203a1c8a36f83cb201	1280	720	6720.0	3.0	1304.0	9773.0	True	True	0.9980049947897593	0.9974454049190131
Netflix_DrivingPOV_1280x720_60fp	Netflix_DrivingPOV_1280x720_60fp	svtav1	svtav1_20200217_355e277_enc-mode0	60	32	0	5275872.0	5275.872	40.343499999999985	45.124666666666684	44.16133333333334	40.29730200000001	45.109486	44.15457	98.57941703896905	2740852.0	45.68086666666667	4196.79	1280	720	60.0	8	34d4206893cfb29230805289b93e6b2b	0badd185a95c690407df9f89d6f6201c	1280	720	7073.0	5.0	977.0	13376.0	True	True	0.9963982383410136	0.9954242041605331
Netflix_DrivingPOV_1280x720_60fp	Netflix_DrivingPOV_1280x720_60fp	svtav1	svtav1_20200217_355e277_enc-mode0	60	43	0	2661136.0	2661.136	37.895999999999994	43.59016666666666	43.145500000000006	37.826998	43.56597	43.138202	96.08859432731288	1952103.0	32.53505	3001.83	1280	720	60.0	8	55c394c1aa99230104b46a54d290da36	43c1a0a04f0df86a676ec3d845d46faf	1280	720	6543.0	3.0	669.0	10298.0	True	True	0.9920122345288594	0.991033941659357
Netflix_DrivingPOV_1280x720_60fp	Netflix_DrivingPOV_1280x720_60fp	svtav1	svtav1_20200217_355e277_enc-mode0	60	55	0	1104296.0	1104.296	34.58849999999999	41.122833333333354	41.45516666666668	34.535633	41.105984	41.449143	89.40767425147334	1382506.0	23.041766666666668	2126.97	1280	720	60.0	8	abf8ac3f457a27cb72ea0940dbd43abe	b105cbf0ab134381ada1e62c1b018420	1280	720	7127.0	3.0	569.0	10479.0	True	True	0.9844807833433151	0.9833561231149531
Netflix_DrivingPOV_1280x720_60fp	Netflix_DrivingPOV_1280x720_60fp	svtav1	svtav1_20200217_355e277_enc-mode0	60	59	0	680592.0	680.592	32.61716666666667	39.5395	40.20116666666669	32.59219	39.532351	40.198263	82.79776441958565	1420431.0	23.67385	2211.53	1280	720	60.0	8	0c8df36ed306c7d60c4b2bded41b402c	d5955bbbea745d11b623834fedd3db55	1280	720	7053.0	4.0	607.0	10495.0	True	True	0.9766762465238571	0.9752519014392304
Netflix_PierSeaside_1920x1080_60	Netflix_PierSeaside_1920x1080_60	svtav1	svtav1_20200217_355e277_enc-mode0	60	20	0	7633200.0	7633.2	45.39750000000001	47.38549999999999	45.49066666666668	45.365623	47.37157	45.473662	99.86020318444434	3551078.0	59.18463333333333	5609.04	1920	1080	60.0	8	0f8b71772b8af2974343f341868f6fa0	bf6fb98b0fda118bcf57b06341c4c5b9	1920	1080	11146.0	6.0	1848.0	23801.0	True	True	0.9980445792277653	0.9968416376790974
Netflix_PierSeaside_1920x1080_60	Netflix_PierSeaside_1920x1080_60	svtav1	svtav1_20200217_355e277_enc-mode0	60	32	0	3297936.0	3297.936	43.706500000000005	46.62433333333333	44.89916666666667	43.639722	46.607397	44.881368	99.35410889349484	3260560.0	54.342666666666666	5250.1	1920	1080	60.0	8	25277456f35ea2423569dae05ff66d29	54f0af083d7011420c8bb0fa6dfe7c78	1920	1080	11031.0	6.0	1325.0	23852.0	True	True	0.9970375945170721	0.9952914690845812
Netflix_PierSeaside_1920x1080_60	Netflix_PierSeaside_1920x1080_60	svtav1	svtav1_20200217_355e277_enc-mode0	60	43	0	1478904.0	1478.904	41.67416666666667	45.419	44.08166666666666	41.593879	45.40282	44.06836	97.3082757721855	1973541.0	32.89235	3044.67	1920	1080	60.0	8	c3dba9af75493fb5ec1f1079086ad76e	662b52c3eec81a637312e032c1550e50	1920	1080	10681.0	9.0	950.0	23455.0	True	True	0.9949005713065465	0.9922367788385282
Netflix_PierSeaside_1920x1080_60	Netflix_PierSeaside_1920x1080_60	svtav1	svtav1_20200217_355e277_enc-mode0	60	55	0	573912.0	573.912	38.751333333333335	43.08016666666667	42.29383333333332	38.683849	43.068599999999996	42.284261	91.14429638478234	1706322.0	28.4387	2517.22	1920	1080	60.0	8	c44541df6bb5a18762c3fb1f418a78f5	a35248d37b2c57fbd9a0aa052c758095	1920	1080	9952.0	4.0	966.0	23834.0	True	True	0.9893980820973715	0.9853895317946966
Netflix_PierSeaside_1920x1080_60	Netflix_PierSeaside_1920x1080_60	svtav1	svtav1_20200217_355e277_enc-mode0	60	59	0	327848.0	327.848	36.74066666666667	41.268666666666675	40.76166666666666	36.698763	41.26263000000001	40.755942	83.99920370195176	1709425.0	28.49041666666667	2522.17	1920	1080	60.0	8	07839482d7d610b3ba1b327fc6807f95	d47d3022255bb1ec426d7b24878e11ab	1920	1080	11220.0	5.0	833.0	23833.0	True	True	0.9838133325179418	0.9789388212047506
Netflix_RollerCoaster_1280x720_6	Netflix_RollerCoaster_1280x720_6	svtav1	svtav1_20200217_355e277_enc-mode0	60	20	0	8170616.0	8170.616	44.889500000000005	46.638	46.663999999999994	44.863951	46.622386	46.652437	99.92435924891394	2871308.0	47.855133333333335	4619.5	1280	720	60.0	8	7b6c7c4d8789c7a2c184459f29cb1e18	beed9c9c617c5a33a79e61a34fa70c61	1280	720	5909.0	3.0	1401.0	10012.0	True	True	0.9979196816682816	0.9975424649454936
Netflix_RollerCoaster_1280x720_6	Netflix_RollerCoaster_1280x720_6	svtav1	svtav1_20200217_355e277_enc-mode0	60	32	0	4107016.0	4107.016	42.58483333333332	44.99116666666668	45.37116666666667	42.552853	44.967995	45.360416	99.87056098645365	2609307.0	43.48845	4232.04	1280	720	60.0	8	45f7b02f58d8d83975cddf4bad9417bc	c1181461045d2ed8b7b8c132b1fe957d	1280	720	5304.0	3.0	920.0	9689.0	True	True	0.9964215070009231	0.995951940905914
Netflix_RollerCoaster_1280x720_6	Netflix_RollerCoaster_1280x720_6	svtav1	svtav1_20200217_355e277_enc-mode0	60	43	0	2135776.0	2135.776	40.119833333333325	43.05466666666666	43.81816666666666	40.07008	43.023178	43.803299	97.6996265621804	2069016.0	34.4836	3284.53	1280	720	60.0	8	9ecba245f4c0d8abeba076078a2739d4	1bb485a86388d6574133d9a247dfadfd	1280	720	5347.0	17.0	796.0	10167.0	True	True	0.9932807415723801	0.992769963603551
Netflix_RollerCoaster_1280x720_6	Netflix_RollerCoaster_1280x720_6	svtav1	svtav1_20200217_355e277_enc-mode0	60	55	0	934944.0	934.944	36.57950000000001	39.964000000000006	41.37549999999999	36.535187	39.92883199999999	41.360108	87.77864172312898	1690487.0	28.174783333333334	2834.86	1280	720	60.0	8	bd55e36b4901681c8f48b2640e31983a	994ec9e9390d72657b67399267e5bec7	1280	720	5842.0	5.0	780.0	10274.0	True	True	0.9816379318634669	0.9820274373838488
Netflix_RollerCoaster_1280x720_6	Netflix_RollerCoaster_1280x720_6	svtav1	svtav1_20200217_355e277_enc-mode0	60	59	0	650224.0	650.224	34.93583333333333	38.48800000000001	40.28616666666666	34.898466	38.447706	40.265085	79.99149798646314	1489958.0	24.832633333333334	2335.84	1280	720	60.0	8	7b3eeabff9d34ef3881cce1cd476d89c	ced0d6cf5db5ab8e8d0a9872720a698a	1280	720	5772.0	6.0	710.0	10793.0	True	True	0.9713252037763596	0.9733078505980218
blue_sky_360p_60f	blue_sky_360p_60f	svtav1	svtav1_20200217_355e277_enc-mode0	60	20	0	1280140.0	1280.14	44.23866666666666	45.57566666666665	47.30083333333333	44.160572	45.490126	47.24245	99.95645849511475	591214.0	9.853566666666667	990.33	640	360	25.0	8	04f35200938529459301072c71b274e8	3b95be4fdbd0695e2d7405e2577e948c	640	360	1914.0	4.0	413.0	3574.0	True	True	0.9928084015846252	0.9985750307884623
blue_sky_360p_60f	blue_sky_360p_60f	svtav1	svtav1_20200217_355e277_enc-mode0	60	32	0	640020.0	640.02	41.282999999999994	43.31966666666668	45.029833333333336	41.167651	43.224126	44.959925	99.91695815002807	534153.0	8.90255	914.4	640	360	25.0	8	e6d10645c8d0b3100881cd25f2a2ce89	08247a236df0f28eb92abc4491ed4db8	640	360	1762.0	4.0	273.0	4678.0	True	True	0.9895546873410542	0.997840841373912
blue_sky_360p_60f	blue_sky_360p_60f	svtav1	svtav1_20200217_355e277_enc-mode0	60	43	0	343660.0	343.66	38.586499999999994	40.81883333333332	42.55566666666665	38.427512	40.744103	42.508994	99.34556772723518	443648.0	7.3941333333333334	777.14	640	360	25.0	8	60f272b0c23641ccb7e272405f111fdf	ca36810420655ff707c0ceb9eabfb8d6	640	360	1655.0	3.0	224.0	3900.0	True	True	0.984051164984703	0.9964365507894049
blue_sky_360p_60f	blue_sky_360p_60f	svtav1	svtav1_20200217_355e277_enc-mode0	60	55	0	152286.0	152.286	34.825333333333326	37.107499999999995	39.3075	34.721639	37.066319	39.286903	92.74191768018973	334809.0	5.58015	555.55	640	360	25.0	8	8f9db764ae46b62d56101c3f61c804dc	222ee582c3553b2e7ed2915983f5cffe	640	360	1963.0	5.0	215.0	3046.0	True	True	0.9679183810949326	0.9922429081642956
blue_sky_360p_60f	blue_sky_360p_60f	svtav1	svtav1_20200217_355e277_enc-mode0	60	59	0	95883.0	95.883	32.4075	35.45116666666668	38.16683333333334	32.344097	35.436004	38.151444	85.5472269067023	322857.0	5.38095	532.54	640	360	25.0	8	d147664c2ffcccd7b410103a92f9f8a3	385db79ddc66b4a89c9d5767aeed4b5c	640	360	1919.0	4.0	225.0	3205.0	True	True	0.9489337772130966	0.9865790359307443
kirland360p_60f	kirland360p_60f	svtav1	svtav1_20200217_355e277_enc-mode0	60	20	0	262996.0	262.996	47.224000000000004	48.352500000000006	49.51166666666668	47.158812	48.335045	49.494491	95.87160581460846	339282.0	5.6547	575.8	640	360	30.0	8	392c2f4f02a287d39b50911f9305f49c	0a3b28cb797ada65cbe1ad60d3a841ca	640	360	1737.0	4.0	143.0	2981.0	True	True	0.9907259345054626	0.9973286659742785
kirland360p_60f	kirland360p_60f	svtav1	svtav1_20200217_355e277_enc-mode0	60	32	0	129520.0	129.52	45.94833333333333	47.85549999999999	48.69149999999999	45.815914	47.833275	48.665611	94.75375656726197	308840.0	5.147333333333333	520.38	640	360	30.0	8	f2806434425cb14e50dcf36d20e62dff	0c341a015cc932813c85a45db8badf0a	640	360	1476.0	4.0	109.0	3026.0	True	True	0.9894994884729386	0.9968628047079019
kirland360p_60f	kirland360p_60f	svtav1	svtav1_20200217_355e277_enc-mode0	60	43	0	72920.0	72.92	44.196000000000005	47.277500000000025	47.74166666666665	43.94013	47.234727	47.620714	92.1733456824521	254857.0	4.247616666666667	380.56	640	360	30.0	8	fbc7c106273e58f6b9ba3d715ff2bcdc	9555959872c09358d0deb3b76dab4243	640	360	1413.0	2.0	93.0	2953.0	True	True	0.9872541656096776	0.996033234840724
kirland360p_60f	kirland360p_60f	svtav1	svtav1_20200217_355e277_enc-mode0	60	55	0	37984.0	37.984	41.173666666666676	46.057000000000016	45.958000000000006	40.84165599999999	45.943809	45.680784	85.47302473761779	203616.0	3.3936	318.19	640	360	30.0	8	405883f9a288ca5826dbcc74e5e5ec40	736f3c8f6b9108ba6962ac86c42de5fc	640	360	1384.0	7.0	82.0	2882.0	True	True	0.9810716211795807	0.9935720816598858
kirland360p_60f	kirland360p_60f	svtav1	svtav1_20200217_355e277_enc-mode0	60	59	0	28456.0	28.456	39.39766666666667	45.24883333333334	44.905999999999985	39.029634	45.131532	44.554787	79.22839822486097	219074.0	3.6512333333333333	347.18	640	360	30.0	8	1564edca27628002437a61503974bd1b	d604fd21d8b4b1b57052f3e597670a4a	640	360	1387.0	6.0	79.0	3124.0	True	True	0.9753364930550258	0.9911819311495165
niklas360p_60f	niklas360p_60f	svtav1	svtav1_20200217_355e277_enc-mode0	60	20	0	1407840.0	1407.84	44.335833333333326	47.76199999999999	47.44833333333335	44.254349	47.68981900000001	47.365143	98.3193158646499	751180.0	12.519666666666666	1305.48	640	360	30.0	8	f76828a8b69ce3056d25db65af0a1c50	36486b7c777065c9bf2f49e4756bd431	640	360	1856.0	6.0	406.0	3047.0	True	True	0.9864586313565572	0.9968314715381293
niklas360p_60f	niklas360p_60f	svtav1	svtav1_20200217_355e277_enc-mode0	60	32	0	774648.0	774.648	41.92816666666666	46.343666666666664	45.81116666666666	41.83719800000001	46.267686	45.723969	96.70795937091846	733368.0	12.2228	1283.35	640	360	30.0	8	2ca6ed7135cd43ce9e4d9f83f38a8cf2	f7e4968df3133bb1d4bf1f0a0ff955dc	640	360	1861.0	6.0	315.0	2992.0	True	True	0.9812087873617809	0.9952132098914924
niklas360p_60f	niklas360p_60f	svtav1	svtav1_20200217_355e277_enc-mode0	60	43	0	412340.0	412.34	38.977	44.520666666666656	43.706500000000005	38.887897	44.480243	43.662671	93.1718236978854	571202.0	9.520033333333334	890.71	640	360	30.0	8	019981f9c7f9a50a8b06ee68cb340b33	176b7d7129ce5a40b7e363e2d5f8eeaf	640	360	2013.0	5.0	245.0	2976.0	True	True	0.9712120850880941	0.9917917697503077
niklas360p_60f	niklas360p_60f	svtav1	svtav1_20200217_355e277_enc-mode0	60	55	0	200904.0	200.904	35.343333333333334	42.092333333333315	40.99333333333333	35.282549	42.066165	40.956886000000004	85.0694678085061	413546.0	6.892433333333333	691.44	640	360	30.0	8	ad05acfb48ad1ae862de15df812dad66	8ff84a5cee4e1026ae546150dd4c2ce6	640	360	1730.0	21.0	198.0	3105.0	True	True	0.9485629598299662	0.9829306024165633
niklas360p_60f	niklas360p_60f	svtav1	svtav1_20200217_355e277_enc-mode0	60	59	0	138736.0	138.736	33.46866666666666	40.80100000000001	39.44583333333335	33.42719	40.781364	39.419097	78.99345460012889	404935.0	6.748916666666666	713.0	640	360	30.0	8	ccb532dac96eef243dbfdf25b18d86c1	ddb0e4029bb1bd1d500d682b72acbd56	640	360	1757.0	3.0	169.0	2989.0	True	True	0.9293399810791015	0.974558085674765
shields_640x360_60f	shields_640x360_60f	svtav1	svtav1_20200217_355e277_enc-mode0	60	20	0	2281680.0	2281.68	42.351	45.546666666666674	47.23900000000001	42.215128	45.519939	47.164684	99.44121627234281	754455.0	12.57425	1335.36	640	360	50.0	8	a623f780b4bbb9d4a6e3acf5403aedbe	499e4316c8fa4658676db44d34c79038	640	360	2450.0	3.0	335.0	3082.0	True	True	0.9856048156817754	0.9982695380412868
shields_640x360_60f	shields_640x360_60f	svtav1	svtav1_20200217_355e277_enc-mode0	60	32	0	1231460.0	1231.46	40.62833333333335	44.01149999999999	45.58383333333333	40.42428499999999	43.970357	45.471668	99.43734546610257	597040.0	9.950666666666667	1022.97	640	360	50.0	8	454df5f11d9231e5a0f186fea7155dde	6c6a1f8b33c09031c4894593e9447768	640	360	2521.0	5.0	240.0	2982.0	True	True	0.9810207237799963	0.9976306359051271
shields_640x360_60f	shields_640x360_60f	svtav1	svtav1_20200217_355e277_enc-mode0	60	43	0	650500.0	650.5	38.080833333333324	41.33483333333333	43.08316666666668	37.802405	41.248182	42.912863	99.39796534840278	494179.0	8.236316666666667	817.13	640	360	50.0	8	33a8421c870f357b0047ecc5a185d2a4	0cfb565dc0eeeca94b628376af5286a5	640	360	2407.0	4.0	193.0	3028.0	True	True	0.9699197004238764	0.9958176558901675
shields_640x360_60f	shields_640x360_60f	svtav1	svtav1_20200217_355e277_enc-mode0	60	55	0	316073.0	316.073	34.35466666666666	38.019666666666666	40.172333333333334	33.998217	37.855158	39.926345	95.06305894194021	384835.0	6.413916666666666	640.79	640	360	50.0	8	75d2c6e886398961207fd14e2f069747	520790bcc4482561d0b4976a71dd66c2	640	360	2903.0	4.0	260.0	3051.0	True	True	0.9396722614765167	0.9897746244645256
shields_640x360_60f	shields_640x360_60f	svtav1	svtav1_20200217_355e277_enc-mode0	60	59	0	210653.0	210.653	32.07833333333335	36.4615	38.51883333333332	31.665346	36.251581	38.281216	88.96712685919769	322875.0	5.38125	518.01	640	360	50.0	8	70000cbe92f04bad6aa95edf416957d0	40bc7cb65eecd6128f13ed1f6d0545ac	640	360	2254.0	5.0	124.0	3134.0	True	True	0.9064229438702266	0.981950531091481
speed_bag_640x360_60f	speed_bag_640x360_60f	svtav1	svtav1_20200217_355e277_enc-mode0	60	20	0	455653.0	455.653	46.91599999999999	49.6195	51.03616666666667	46.85003	49.57576099999999	50.985801	98.23409594348068	410183.0	6.836383333333333	606.37	640	360	29.97	8	b999e7762c712fc2dd63db18bb71fd27	1cbcab0f06d3936b6ae987a9d6cfcea7	640	360	1338.0	3.0	224.0	3135.0	True	True	0.988728987177213	0.9974813609051972
speed_bag_640x360_60f	speed_bag_640x360_60f	svtav1	svtav1_20200217_355e277_enc-mode0	60	32	0	248986.0	248.986	45.171833333333346	48.356833333333334	49.90849999999999	45.031169	48.258596	49.798277	97.33669290774881	412514.0	6.875233333333333	662.61	640	360	29.97	8	a46529676fc2182916bfd3e6f8ae6e4e	5325f708c62f92940e470a4399c345c5	640	360	1676.0	3.0	167.0	3090.0	True	True	0.9858576367298763	0.9962761674887469
speed_bag_640x360_60f	speed_bag_640x360_60f	svtav1	svtav1_20200217_355e277_enc-mode0	60	43	0	136305.0	136.305	43.000000000000014	46.61166666666667	48.388833333333345	42.801918	46.503521	48.252224	94.74482130421828	364636.0	6.077266666666667	582.62	640	360	29.97	8	06133ea7da3b448ee6ddafd7a29352c3	a6b1eb84f070f574ad3ef77b665c6add	640	360	1373.0	4.0	160.0	2997.0	True	True	0.9815774361292521	0.9939733252473789
speed_bag_640x360_60f	speed_bag_640x360_60f	svtav1	svtav1_20200217_355e277_enc-mode0	60	55	0	68393.0	68.393	39.68716666666666	43.68883333333334	46.19566666666666	39.43063399999999	43.568733	45.978082	85.3580346017077	283096.0	4.718266666666667	435.88	640	360	29.97	8	7071bc0480554bc363761fa9eb257d89	dbd97dc530661a04b82bc0feffc45634	640	360	1696.0	6.0	134.0	3801.0	True	True	0.9719764788945516	0.9877856760605704
speed_bag_640x360_60f	speed_bag_640x360_60f	svtav1	svtav1_20200217_355e277_enc-mode0	60	59	0	50803.0	50.803	37.910833333333336	42.33399999999999	44.819	37.701523	42.242081	44.627741	77.29622913837302	300067.0	5.001116666666666	489.51	640	360	29.97	8	400123edf0c31298ec0e38f6cf5940ab	80ac062663a3630398050688285d05a0	640	360	1460.0	22.0	129.0	3214.0	True	True	0.9648794581492742	0.9828136762219649
Aerial_1920x1080_2997_10b	Aerial_1920x1080_2997_10b	svtav1	svtav1_20200217_355e277_enc-mode0	60	20	0	9340390.0	9340.389999999998	43.54883333333332	45.99183333333333	45.31449999999998	43.498402000000006	45.97245	45.298027	96.43624594139571	4539722.0	75.66203333333333	7357.01	1920	1080	29.97	10	c17f8e542dea7a80f6f92d6adb9e973b	fe688737506097a1c58cd7c6662b2173	1920	1080	23580.0	6.0	2659.0	24532.0	True	True	0.9989578793446223	0.9979309448112137
Aerial_1920x1080_2997_10b	Aerial_1920x1080_2997_10b	svtav1	svtav1_20200217_355e277_enc-mode0	60	32	0	5079717.0	5079.717	41.798666666666676	44.82616666666666	44.31616666666666	41.731288	44.808627	44.304138	95.3298593930001	3463944.0	57.7324	6134.96	1920	1080	29.97	10	961358adef3d5763252764c9a263145e	315f6a5dd20975af6ba2c95af2e2ea5a	1920	1080	24337.0	16.0	1926.0	23577.0	True	True	0.9984597593545914	0.9970542966897487
Aerial_1920x1080_2997_10b	Aerial_1920x1080_2997_10b	svtav1	svtav1_20200217_355e277_enc-mode0	60	43	0	2828154.0	2828.154	39.490500000000004	42.921	42.79483333333333	39.431293	42.912852	42.790839	93.11834919680769	3736670.0	62.277833333333334	5547.11	1920	1080	29.97	10	09476cd124e663e9850dc3514136679d	deca44294be2c91e2880a244c73395a6	1920	1080	25165.0	5.0	2116.0	28105.0	True	True	0.9973669677972794	0.9951529321208766
Aerial_1920x1080_2997_10b	Aerial_1920x1080_2997_10b	svtav1	svtav1_20200217_355e277_enc-mode0	60	55	0	1206527.0	1206.5269999999998	35.26683333333333	40.16649999999999	40.75	35.249692	40.163833	40.749305	86.06930444982787	2726772.0	45.4462	4120.22	1920	1080	29.97	10	c5ee32cda38ddc875a62637a5ab136ec	81126b4bad25119fdb15ae5b697e4deb	1920	1080	24924.0	8.0	1459.0	25756.0	True	True	0.99295574426651	0.9872550276013534
Aerial_1920x1080_2997_10b	Aerial_1920x1080_2997_10b	svtav1	svtav1_20200217_355e277_enc-mode0	60	59	0	618452.0	618.452	32.115333333333325	38.45466666666669	39.59866666666666	32.112106	38.45457	39.597857	76.96037610519899	2706072.0	45.1012	4210.76	1920	1080	29.97	10	3b52708fb0bea4e02b07b9c09ef8a59b	233b6721087cdd5f85159027d6db99aa	1920	1080	25106.0	5.0	1315.0	25059.0	True	True	0.9842822949091593	0.971279724953546
Netflix_Crosswalk_1920x1080_60fp	Netflix_Crosswalk_1920x1080_60fp	svtav1	svtav1_20200217_355e277_enc-mode0	60	20	0	7402912.0	7402.912	45.59233333333334	48.292666666666655	50.11966666666668	45.581297	48.289476	50.115917	99.1818161093435	3953821.0	65.89701666666667	6257.65	1920	1080	60.0	8	2d40ead841ba5614569d5aff4ae0f308	71209778ddd7393b19aab62c2a453afb	1920	1080	8870.0	3.0	1707.0	23184.0	True	True	0.9976270784934361	0.9957366950420388
Netflix_Crosswalk_1920x1080_60fp	Netflix_Crosswalk_1920x1080_60fp	svtav1	svtav1_20200217_355e277_enc-mode0	60	32	0	3735624.0	3735.6240000000003	44.27549999999997	47.468833333333336	49.268833333333326	44.240012	47.460552	49.259947	95.86910415573071	3987203.0	66.45338333333333	6093.3	1920	1080	60.0	8	4d815e9d8fbea62b61f78d92eda3e7f2	04403a540c57da60fd1b299b7450125e	1920	1080	10608.0	3.0	1571.0	23406.0	True	True	0.9959090977907181	0.99384078740661
Netflix_Crosswalk_1920x1080_60fp	Netflix_Crosswalk_1920x1080_60fp	svtav1	svtav1_20200217_355e277_enc-mode0	60	43	0	1892728.0	1892.728	42.48016666666667	46.40216666666665	48.138333333333335	42.403541	46.387661	48.122441	89.42097317717857	2901187.0	48.353116666666665	4411.23	1920	1080	60.0	8	09e552b3e1555faf0112f8519e4f2003	b7655ce7ab1623f0b15c11d8443531cd	1920	1080	9593.0	5.0	1390.0	31491.0	True	True	0.9920025885105133	0.9900582199520322
Netflix_Crosswalk_1920x1080_60fp	Netflix_Crosswalk_1920x1080_60fp	svtav1	svtav1_20200217_355e277_enc-mode0	60	55	0	867952.0	867.952	39.69199999999999	44.55883333333333	46.16649999999999	39.612139	44.545016	46.150287	75.20338839300545	2515211.0	41.920183333333334	3597.41	1920	1080	60.0	8	70050661bf51056de3d005116ac29fe3	a6541cd683d38c55b61a6a8ccd34f49d	1920	1080	9537.0	27.0	1234.0	24007.0	True	True	0.9807151655356089	0.9801741224927559
Netflix_Crosswalk_1920x1080_60fp	Netflix_Crosswalk_1920x1080_60fp	svtav1	svtav1_20200217_355e277_enc-mode0	60	59	0	626776.0	626.776	38.352500000000006	43.62450000000001	45.101666666666674	38.267915	43.613743	45.089783	66.21543829313615	2570112.0	42.8352	3891.83	1920	1080	60.0	8	43bf3002040b5d18175e73fa1ac5875c	84e0cb7df04958d43efcb5e0142673c7	1920	1080	9862.0	4.0	1124.0	23926.0	True	True	0.9718816290299098	0.9728892417558207
STARCRAFT_60f_420	STARCRAFT_60f_420	svtav1	svtav1_20200217_355e277_enc-mode0	60	20	0	6915128.0	6915.128	49.843666666666664	52.950166666666654	52.98616666666667	49.831505	52.940831	52.980568999999996	97.52230713623618	2169114.0	36.1519	3453.31	1920	1080	60.0	8	7b056e4b9ae1764771a2efd85641328c	50822b4c71a098093d3e13de3e2cd89f	1920	1080	11317.0	4.0	985.0	24726.0	True	True	0.999530037244161	0.9991056446057274
STARCRAFT_60f_420	STARCRAFT_60f_420	svtav1	svtav1_20200217_355e277_enc-mode0	60	32	0	4316440.0	4316.44	47.02133333333335	50.9985	51.18283333333334	46.998765	50.974899	51.171093	96.82363160337091	2054677.0	34.244616666666666	3180.18	1920	1080	60.0	8	c3570be25adec265f93b196ed4f1d080	c4ab462689cdb294e327ba4555adbab3	1920	1080	10387.0	2.0	763.0	22954.0	True	True	0.999057192603747	0.9983420030465845
STARCRAFT_60f_420	STARCRAFT_60f_420	svtav1	svtav1_20200217_355e277_enc-mode0	60	43	0	2480728.0	2480.728	43.56283333333334	48.38233333333332	48.638166666666685	43.531157	48.347074	48.622958	95.30967699100762	1950563.0	32.50938333333333	3123.94	1920	1080	60.0	8	13817e5b717106cadcd8025180ed8756	0a371dc14e11d2ead518e9c5c3ab88a5	1920	1080	11829.0	4.0	885.0	24864.0	True	True	0.9978392948706944	0.9964572495745465
STARCRAFT_60f_420	STARCRAFT_60f_420	svtav1	svtav1_20200217_355e277_enc-mode0	60	55	0	1040096.0	1040.096	38.49616666666667	44.498000000000026	44.5735	38.471849	44.465661	44.554577	89.6786748912535	1735218.0	28.9203	2670.93	1920	1080	60.0	8	2f9845e0103e73c3b0d13d9ac1c5938f	f7634f099e03f2a18d366bb1c7532e46	1920	1080	11753.0	5.0	735.0	24011.0	True	True	0.9921199649572372	0.9888236864167836
STARCRAFT_60f_420	STARCRAFT_60f_420	svtav1	svtav1_20200217_355e277_enc-mode0	60	59	0	609920.0	609.92	35.65716666666666	42.26116666666665	42.33650000000001	35.641793	42.240669	42.32394	82.75367621537968	1400005.0	23.33341666666667	2284.74	1920	1080	60.0	8	8333bf49660e14b34dceb764e965d331	39b4c4af43c5ab8066c603cce437d261	1920	1080	10333.0	6.0	593.0	23474.0	True	True	0.9836961408456166	0.9785920139704072
dark720p_60f	dark720p_60f	svtav1	svtav1_20200217_355e277_enc-mode0	60	20	0	7289548.0	7289.548	46.16166666666666	43.566500000000005	44.761833333333335	46.099947	43.457624	44.670573	96.34231370434136	3278839.0	54.64731666666667	5375.85	1280	720	30.0	8	c2aae3f50475c32ab1ea33a0544001e8	c45f15e01a42ee3f5ad405fa839c310b	1280	720	5274.0	4.0	1972.0	10444.0	True	True	0.9943717777729034	0.9951228650341997
dark720p_60f	dark720p_60f	svtav1	svtav1_20200217_355e277_enc-mode0	60	32	0	1637332.0	1637.332	43.469000000000015	39.04233333333333	41.71149999999999	43.43607	38.964197	41.68229800000001	93.10455806214557	2638425.0	43.97375	4332.09	1280	720	30.0	8	9613bc3041e604f0506dbe1c8fd354b2	4172952cf2c465837542c005e165e965	1280	720	4799.0	6.0	1033.0	10331.0	True	True	0.9910709649324417	0.9925650047739244
dark720p_60f	dark720p_60f	svtav1	svtav1_20200217_355e277_enc-mode0	60	43	0	280828.0	280.82800000000003	42.2085	36.915833333333325	40.776166666666676	42.196178	36.901731	40.768409	90.41297568017038	1308767.0	21.812783333333332	2058.87	1280	720	30.0	8	046ddf13621dea496ccf572fbf602177	5456ce780c34b8b915ebdb1a70a622b3	1280	720	4385.0	4.0	532.0	10378.0	True	True	0.9893526792526245	0.9912100625176438
dark720p_60f	dark720p_60f	svtav1	svtav1_20200217_355e277_enc-mode0	60	55	0	114532.0	114.532	40.77966666666668	36.283166666666666	39.84466666666667	40.769776	36.280307	39.838784	86.41726933765791	914412.0	15.2402	1352.35	1280	720	30.0	8	a7b797861e640f8b36443a5284bfb387	164b000c368a5d531434dc1e28a432fb	1280	720	5032.0	5.0	331.0	9940.0	True	True	0.9857566634813945	0.9884864836455004
dark720p_60f	dark720p_60f	svtav1	svtav1_20200217_355e277_enc-mode0	60	59	0	72324.0	72.324	39.17516666666666	35.4955	38.75483333333333	39.167231	35.49307	38.744146	80.27039669611989	986356.0	16.439266666666665	1663.31	1280	720	30.0	8	16a54d3655d625f9e90ecb670bbd34c0	1fa86d7ee83215620d471981a59e6ba2	1280	720	4945.0	5.0	340.0	10650.0	True	True	0.9799526552359263	0.9840913657771014
gipsrestat720p_60f	gipsrestat720p_60f	svtav1	svtav1_20200217_355e277_enc-mode0	60	20	0	3415253.0	3415.253	44.86433333333332	47.43266666666667	49.043499999999995	44.848233	47.426471	49.039399	96.9778035141086	1892908.0	31.548466666666666	3147.72	1280	720	50.0	8	814e7a8b9186115bb78187d3a91d8bc1	a0efd96275791a1cf42c4167850b6ae7	1280	720	6881.0	4.0	818.0	10293.0	True	True	0.9976202984650929	0.9969641858340846
gipsrestat720p_60f	gipsrestat720p_60f	svtav1	svtav1_20200217_355e277_enc-mode0	60	32	0	1296046.0	1296.046	43.2605	46.84716666666666	48.340333333333334	43.23439	46.842812	48.335517	95.77877663144295	1524156.0	25.4026	2321.57	1280	720	50.0	8	2a4aef448d9e74bb2dd0b7a6ad898a28	2f8b029f41ab6419849800b59b559db1	1280	720	5521.0	3.0	451.0	10360.0	True	True	0.9966014603773753	0.9959411334886217
gipsrestat720p_60f	gipsrestat720p_60f	svtav1	svtav1_20200217_355e277_enc-mode0	60	43	0	666533.0	666.533	41.56966666666666	45.94066666666665	47.205333333333336	41.524445	45.938305	47.202962	93.94466839097704	1182675.0	19.71125	1894.46	1280	720	50.0	8	9ea2a9aca8198143684d8635c358dfd6	17f44fa736d3c13268fd292b53453f45	1280	720	5854.0	5.0	391.0	10330.0	True	True	0.9949127515157064	0.9943654055147074
gipsrestat720p_60f	gipsrestat720p_60f	svtav1	svtav1_20200217_355e277_enc-mode0	60	55	0	328600.0	328.6	38.91049999999999	44.04916666666665	45.074	38.877055	44.04677	45.071603	89.301836331205	1005613.0	16.76021666666667	1717.05	1280	720	50.0	8	85f515a43e75dcb36dfe4c0720f40485	24cd15f751d5ca471f1c7a7cee065cc4	1280	720	5733.0	6.0	321.0	10395.0	True	True	0.9893979946772258	0.9895949452263453
gipsrestat720p_60f	gipsrestat720p_60f	svtav1	svtav1_20200217_355e277_enc-mode0	60	59	0	204326.0	204.326	36.52016666666666	42.15733333333333	42.80516666666666	36.507921	42.156042	42.803087	83.40453987998113	965352.0	16.0892	1587.0	1280	720	50.0	8	03e863e33618a7416e745ada1ea3c95a	626a13bcc5eeda6c06983f7f2d4528b8	1280	720	5806.0	5.0	294.0	10723.0	True	True	0.9809254268805186	0.9824036417211747
red_kayak_360p_60f	red_kayak_360p_60f	svtav1	svtav1_20200217_355e277_enc-mode0	60	20	0	9146589.0	9146.589	41.05566666666665	44.64183333333334	49.12883333333332	41.009268	44.623464	49.117614	99.87480439122994	1509457.0	25.157616666666666	2609.89	640	360	29.97	8	e01ac531ded4e563cc1770beba65e048	61be54dd3bb469e3b1454b61371685a6	640	360	2083.0	4.0	1326.0	3015.0	True	True	0.9723804513613383	0.9943188032880397
red_kayak_360p_60f	red_kayak_360p_60f	svtav1	svtav1_20200217_355e277_enc-mode0	60	32	0	5343709.0	5343.709	36.46750000000001	42.14216666666664	47.85233333333334	36.36189	42.113849	47.829727	99.722193407629	1452673.0	24.211216666666665	2434.08	640	360	29.97	8	799e02cc9ae1dd4a5a0537f1f0d99aad	2a889717d3e6f4d6302ce5021affc627	640	360	2066.0	15.0	790.0	3032.0	True	True	0.9400224516789119	0.9859872743304794
red_kayak_360p_60f	red_kayak_360p_60f	svtav1	svtav1_20200217_355e277_enc-mode0	60	43	0	2339706.0	2339.706	31.75300000000001	39.784166666666664	46.745833333333344	31.643009	39.758178	46.710739	85.6793764286921	1084619.0	18.076983333333335	1813.28	640	360	29.97	8	83ae52f025e2bdc716c35b810bf15fa0	8f8b942398d53d8c62f08ee5d697cb2f	640	360	2005.0	3.0	544.0	3848.0	True	True	0.8677049239476522	0.9646675090639124
red_kayak_360p_60f	red_kayak_360p_60f	svtav1	svtav1_20200217_355e277_enc-mode0	60	55	0	688260.0	688.26	27.907333333333327	37.956500000000005	45.384	27.832811	37.936853	45.29882	57.53561054898582	774269.0	12.904483333333333	1354.31	640	360	29.97	8	b69414469219e6dda9c95fac99c07f88	cf80258a699aca59269337a6446d8c30	640	360	1872.0	3.0	324.0	4853.0	True	True	0.7495698432127634	0.9156578235325606
red_kayak_360p_60f	red_kayak_360p_60f	svtav1	svtav1_20200217_355e277_enc-mode0	60	59	0	363347.0	363.347	26.735666666666663	37.319833333333335	44.713333333333345	26.679872	37.307986	44.570857	42.60205207272566	703283.0	11.721383333333334	1138.99	640	360	29.97	8	b5d649bfbc42bb7731a44b75d65034e9	b0fdd8bf804026bb69a859690a7fa041	640	360	2076.0	5.0	312.0	3058.0	True	True	0.7007448623577753	0.883464955365182
thaloundeskmtg360p_60f	thaloundeskmtg360p_60f	svtav1	svtav1_20200217_355e277_enc-mode0	60	20	0	860744.0	860.744	44.687999999999995	48.61283333333333	48.59833333333334	44.495293999999994	48.573396	48.571113	97.01794946837092	585878.0	9.764633333333334	983.51	640	360	30.0	8	6f8db1fc24df11ae8cd5105e7a023c47	d8777c7ed6cb343e4a5a3584a972380a	640	360	1861.0	7.0	352.0	3142.0	True	True	0.9924622476100922	0.9983942914035319
thaloundeskmtg360p_60f	thaloundeskmtg360p_60f	svtav1	svtav1_20200217_355e277_enc-mode0	60	32	0	455992.0	455.992	43.10666666666667	47.37516666666666	47.46866666666665	42.86541	47.333087	47.440628	95.8126088879362	488371.0	8.139516666666667	810.8	640	360	30.0	8	4594f7f3370f6676c6daae07a73ecc61	a1e35d5799a287c274e4021d4c647635	640	360	2000.0	4.0	169.0	3949.0	True	True	0.9902428795893987	0.9976995962632139
thaloundeskmtg360p_60f	thaloundeskmtg360p_60f	svtav1	svtav1_20200217_355e277_enc-mode0	60	43	0	253908.0	253.908	41.07266666666667	45.778666666666645	45.88733333333334	40.753928	45.746482	45.865575	93.68068075910489	393523.0	6.558716666666666	630.92	640	360	30.0	8	6c62b02e15bbfa3b2c1ce2fe82e3d41d	c26ced0ae60ef2fc4b32ec88d4db996c	640	360	2096.0	5.0	134.0	3113.0	True	True	0.9864394744237264	0.9963710267695324
thaloundeskmtg360p_60f	thaloundeskmtg360p_60f	svtav1	svtav1_20200217_355e277_enc-mode0	60	55	0	124428.0	124.42800000000001	37.64266666666668	42.836999999999996	42.773500000000006	37.40363	42.822322	42.761633	87.5826882683933	328313.0	5.471883333333333	539.08	640	360	30.0	8	348cdf04ec64b9f5a0736c22c6786906	252014b1ebbdcf737aeeacccbf52cdac	640	360	1811.0	5.0	110.0	2959.0	True	True	0.9765310416618983	0.9923553213797713
thaloundeskmtg360p_60f	thaloundeskmtg360p_60f	svtav1	svtav1_20200217_355e277_enc-mode0	60	59	0	87432.0	87.432	35.52799999999999	41.05216666666667	41.29749999999999	35.237366	41.043085	41.283071	82.38508007608556	288504.0	4.8084	468.02	640	360	30.0	8	2feb39f797a0782d7f1c414bfbe392c1	1c8ced803b9717ddf5dcfd25162db82d	640	360	1777.0	3.0	108.0	3061.0	True	True	0.966532227396965	0.9875632049725784
ducks_1920x1080_50fps_10b	ducks_1920x1080_50fps_10b	svtav1	svtav1_20200217_355e277_enc-mode0	60	20	0	119109500.0	119109.5	39.370333333333335	39.3445	41.43366666666666	39.351142	39.317231	41.413041	99.1757862884058	13247438.0	220.79063333333335	21161.29	1920	1080	50.0	10	76206079287654bca02b78abb28b079d	c76c31803319967d9abfc61e031e4865	1920	1080	22767.0	4.0	11539.0	25215.0	True	True	0.9990181108315785	0.9963637237135213
ducks_1920x1080_50fps_10b	ducks_1920x1080_50fps_10b	svtav1	svtav1_20200217_355e277_enc-mode0	60	32	0	30457586.0	30457.586	35.18816666666667	36.868833333333335	39.866000000000014	35.164133	36.845056	39.853397	93.76853838051208	12039216.0	200.6536	19274.59	1920	1080	50.0	10	3730d338d5a7969738a55b16f214f3d9	0a4f8240efb30801a97d3734399d8fc1	1920	1080	23125.0	8.0	6232.0	26209.0	True	True	0.9967314352591833	0.9901892028896853
ducks_1920x1080_50fps_10b	ducks_1920x1080_50fps_10b	svtav1	svtav1_20200217_355e277_enc-mode0	60	43	0	10287486.0	10287.486	33.0855	34.977	38.50783333333334	33.062553	34.935869	38.497086	84.65294367204481	7539506.0	125.65843333333333	11975.84	1920	1080	50.0	10	a86f3423897cf8a8784f286dd1f16b65	6cffe20dafbd49991dcf25e39f1e77ea	1920	1080	21332.0	6.0	3482.0	24485.0	True	True	0.991143336892128	0.9816191593502197
ducks_1920x1080_50fps_10b	ducks_1920x1080_50fps_10b	svtav1	svtav1_20200217_355e277_enc-mode0	60	55	0	3581040.0	3581.04	30.48333333333333	32.89666666666667	37.215999999999994	30.450363	32.853631	37.211153	67.03556182668176	4505183.0	75.08638333333333	7437.93	1920	1080	50.0	10	e2de6223e24c50679d9e477872b842c9	0d334f666ca9379af3130c2b0b607ca9	1920	1080	21851.0	5.0	2479.0	23618.0	True	True	0.9741252253452937	0.960435542323836
ducks_1920x1080_50fps_10b	ducks_1920x1080_50fps_10b	svtav1	svtav1_20200217_355e277_enc-mode0	60	59	0	2289593.0	2289.593	29.26383333333335	32.00150000000001	36.59216666666666	29.232927	31.96993	36.589881	57.31056749630675	4376240.0	72.93733333333333	6656.75	1920	1080	50.0	10	33ecad838f42c614a351cb6348a4ee1f	3ac7704ba3bc7d342732bf3509af8bf4	1920	1080	30809.0	5.0	2346.0	23820.0	True	True	0.9600240598122279	0.9443938770139538
Sintel_Dragons_1920x816_24_10b	Sintel_Dragons_1920x816_24_10b	svtav1	svtav1_20200217_355e277_enc-mode0	60	20	0	5144400.0	5144.4	46.92550000000001	51.10999999999998	51.30416666666666	46.868604	51.085903	51.257042	99.9268736232041	4533050.0	75.55083333333333	7464.58	1920	816	24.0	10	751e32417121e2a2135cf5ebadaf0c4f	ab94c84389a933b458025f4f79353082	1920	816	10823.0	4.0	2744.0	16696.0	True	True	0.9967201282580693	0.9968762110132786
Sintel_Dragons_1920x816_24_10b	Sintel_Dragons_1920x816_24_10b	svtav1	svtav1_20200217_355e277_enc-mode0	60	32	0	2596422.0	2596.422	43.7185	48.57716666666668	48.687000000000005	43.669652	48.538664	48.614386	99.89238717571907	5244323.0	87.40538333333333	8404.47	1920	816	24.0	10	6773f7d496ed63b1b14b6eb18a9921cf	ec2c21aa15196014836a3f4398dc5e04	1920	816	12897.0	4.0	2791.0	17864.0	True	True	0.9938773135344188	0.994342625738945
Sintel_Dragons_1920x816_24_10b	Sintel_Dragons_1920x816_24_10b	svtav1	svtav1_20200217_355e277_enc-mode0	60	43	0	1362620.0	1362.62	40.75216666666666	46.20366666666668	46.29383333333333	40.693926	46.152109	46.19954	97.71274964081188	3979173.0	66.31955	6414.72	1920	816	24.0	10	ed85f48b120f24646e970c4c85f45a06	e310c0c97f973a8865c36198edc6091c	1920	816	10912.0	5.0	2191.0	16152.0	True	True	0.9882811973492305	0.9896130785086857
Sintel_Dragons_1920x816_24_10b	Sintel_Dragons_1920x816_24_10b	svtav1	svtav1_20200217_355e277_enc-mode0	60	55	0	659507.0	659.507	37.32633333333333	43.26933333333331	43.445666666666675	37.284031	43.227522	43.367114	84.66824908004426	3382136.0	56.36893333333333	5533.07	1920	816	24.0	10	1ab50e0d324fa6b4598a2ca389a13384	5e73be5d89d1868870f83be71e961af8	1920	816	11276.0	3.0	2034.0	16955.0	True	True	0.9748676200707753	0.9787253059200501
Sintel_Dragons_1920x816_24_10b	Sintel_Dragons_1920x816_24_10b	svtav1	svtav1_20200217_355e277_enc-mode0	60	59	0	468672.0	468.67199999999997	35.69150000000001	41.76133333333333	41.97416666666667	35.657203	41.72396	41.916937	75.28062424133255	2802536.0	46.708933333333334	4569.48	1920	816	24.0	10	d2b72ec5326a458a37f45e978fcba423	4d05850c57c729ff01110f20ff11e590	1920	816	9924.0	3.0	1630.0	16606.0	True	True	0.96424420773983	0.9701791276225371
Market3_1920x1080p_50_10b_pq_709	Market3_1920x1080p_50_10b_pq_709	svtav1	svtav1_20200217_355e277_enc-mode0	60	20	0	12677600.0	12677.6	45.007333333333335	51.47783333333333	52.48566666666667	44.983945	51.466879	52.47871	99.83862772703282	5316179.0	88.60298333333333	8407.58	1920	1080	50.0	10	514630e4345e67af50735fc365824904	a3571881d35607f4a45a23a8c2fc9d4d	1920	1080	21329.0	8.0	2940.0	23409.0	True	True	0.9992017815510432	0.9982240447405406
Market3_1920x1080p_50_10b_pq_709	Market3_1920x1080p_50_10b_pq_709	svtav1	svtav1_20200217_355e277_enc-mode0	60	32	0	6338333.0	6338.333	42.26416666666666	49.23666666666667	50.35799999999999	42.228874	49.230295	50.354703	98.86732668194874	4868606.0	81.14343333333333	7789.31	1920	1080	50.0	10	b5e04271b1a4d113791e3a8eb82e06df	5abe406aa84c62bdfa321590f072c6b2	1920	1080	19418.0	2.0	2238.0	22853.0	True	True	0.9985113908847173	0.9967308050773281
Market3_1920x1080p_50_10b_pq_709	Market3_1920x1080p_50_10b_pq_709	svtav1	svtav1_20200217_355e277_enc-mode0	60	43	0	3327413.0	3327.413	39.4625	47.26883333333333	48.646500000000024	39.418302	47.265755	48.644646	95.53896437608049	4053880.0	67.56466666666667	6336.19	1920	1080	50.0	10	b563c5595d79bd084a68ba12f758c530	56a03b67b522fa357871acb49885c1b2	1920	1080	22024.0	4.0	2139.0	24039.0	True	True	0.9968138168255488	0.9932805024397708
Market3_1920x1080p_50_10b_pq_709	Market3_1920x1080p_50_10b_pq_709	svtav1	svtav1_20200217_355e277_enc-mode0	60	55	0	1320046.0	1320.046	35.51483333333332	44.59133333333331	46.16883333333333	35.488025	44.590091	46.168331	86.32305651578378	3070052.0	51.16753333333333	4732.62	1920	1080	50.0	10	857c493b641b35b608c7b7deb1fb7f26	3facd00e57e677bf1d7452a2d395978e	1920	1080	20872.0	3.0	2015.0	24784.0	True	True	0.9889359921216965	0.9795495264056551
Market3_1920x1080p_50_10b_pq_709	Market3_1920x1080p_50_10b_pq_709	svtav1	svtav1_20200217_355e277_enc-mode0	60	59	0	799766.0	799.766	33.60150000000001	43.025666666666666	44.62966666666667	33.586328	43.026124	44.62701	77.92557287665002	2849263.0	47.487716666666664	4395.4	1920	1080	50.0	10	cad1ee3f5ebcbd3d0d44190bffee8412	b90895d10279f0917cd9279544697fa0	1920	1080	19585.0	4.0	1788.0	24013.0	True	True	0.9798424045244852	0.966679437053161
ShowGirl2TeaserClip4000_1920x108	ShowGirl2TeaserClip4000_1920x108	svtav1	svtav1_20200217_355e277_enc-mode0	60	20	0	3416696.0	3416.6960000000004	42.46933333333333	46.67883333333336	49.54883333333331	42.464747	46.677059	49.545738	95.48181786853351	4572956.0	76.21593333333334	7607.58	1920	1080	25.0	10	fb79bf39f1043b6dc350125758dd10c2	1b1dff25b6c4b4dcf5b391a09d14c5e3	1920	1080	21262.0	32.0	2478.0	24231.0	True	True	0.9961696445941925	0.9916441506922364
ShowGirl2TeaserClip4000_1920x108	ShowGirl2TeaserClip4000_1920x108	svtav1	svtav1_20200217_355e277_enc-mode0	60	32	0	1287476.0	1287.476	41.6685	46.26083333333334	48.84366666666665	41.663392	46.258311	48.841097	93.49026093944897	3945241.0	65.75401666666667	6144.13	1920	1080	25.0	10	5be75b44f5f246d0a2e071e51ad730ae	5652f3951ba0aebb440cf36f16f300b0	1920	1080	22077.0	17.0	1886.0	24498.0	True	True	0.9949447045723597	0.9900851668751668
ShowGirl2TeaserClip4000_1920x108	ShowGirl2TeaserClip4000_1920x108	svtav1	svtav1_20200217_355e277_enc-mode0	60	43	0	675383.0	675.383	40.629666666666644	45.79633333333332	48.06499999999999	40.61189	45.793524	48.063522	90.00203987792658	3011571.0	50.19285	4617.56	1920	1080	25.0	10	a274487a67eb9003649d93ad0d36cb12	e152dc371218b7da53fb5c2b52fe3b8e	1920	1080	21540.0	5.0	1586.0	24109.0	True	True	0.9929943184057871	0.9878858233695362
ShowGirl2TeaserClip4000_1920x108	ShowGirl2TeaserClip4000_1920x108	svtav1	svtav1_20200217_355e277_enc-mode0	60	55	0	283950.0	283.95	38.376666666666665	44.64350000000002	46.32983333333333	38.344566	44.64252	46.329662	80.75564299950545	2509954.0	41.832566666666665	4017.92	1920	1080	25.0	10	7ec5241310570b1efe7868492213df00	e4f69cdaffdac5b087a2a4b660ce7940	1920	1080	20917.0	4.0	1406.0	23980.0	True	True	0.9862845987081528	0.9807310471243365
ShowGirl2TeaserClip4000_1920x108	ShowGirl2TeaserClip4000_1920x108	svtav1	svtav1_20200217_355e277_enc-mode0	60	59	0	175443.0	175.443	36.726666666666674	43.46083333333333	45.09366666666667	36.70437	43.459973	45.093856	72.46428029081068	2032576.0	33.876266666666666	3180.32	1920	1080	25.0	10	5f8768f4b7848666db5726b3543311b4	c6bcc44b97f6e8ed056a00c8853caf4f	1920	1080	19115.0	5.0	1184.0	23174.0	True	True	0.9783999363581339	0.9726579868656571
Netflix_Aerial_1920x1080_60fps_8	Netflix_Aerial_1920x1080_60fps_8	svtav1	svtav1_20200217_355e277_enc-mode0	60	20	0	21196640.0	21196.64	42.712500000000006	45.615833333333335	45.357333333333344	42.674571	45.599699	45.34899	96.63408839834459	5703961.0	95.06601666666667	8710.65	1920	1080	60.0	8	67a2e92e647ae641c91e4a30cb56673a	28f8a8d2aea4cf90616bba5f7c54d511	1920	1080	13702.0	4.0	2765.0	37871.0	True	True	0.99789952536424	0.9964700501539052
Netflix_Aerial_1920x1080_60fps_8	Netflix_Aerial_1920x1080_60fps_8	svtav1	svtav1_20200217_355e277_enc-mode0	60	32	0	9915088.0	9915.088	40.60150000000001	44.315333333333314	44.37316666666665	40.51438799999999	44.297539	44.368485	94.18441982710695	5417605.0	90.29341666666667	8320.63	1920	1080	60.0	8	148bb6fa3d985acbfacb96ee1fe9d78a	d08c0ee8822d651972248fd718a3e7ce	1920	1080	13012.0	4.0	1895.0	24012.0	True	True	0.9962991118431092	0.9940422563522167
Netflix_Aerial_1920x1080_60fps_8	Netflix_Aerial_1920x1080_60fps_8	svtav1	svtav1_20200217_355e277_enc-mode0	60	43	0	4798456.0	4798.456	38.138166666666656	42.68566666666666	43.21433333333334	38.03383999999999	42.676207	43.211267	90.32281595117014	3264524.0	54.40873333333333	5557.92	1920	1080	60.0	8	99dc93c06bc8b7d468b0c20329b04406	7888fef23d670e8849f9eb5b930a24bd	1920	1080	12645.0	3.0	1286.0	23839.0	True	True	0.9931544254223506	0.9890998796193049
Netflix_Aerial_1920x1080_60fps_8	Netflix_Aerial_1920x1080_60fps_8	svtav1	svtav1_20200217_355e277_enc-mode0	60	55	0	1730928.0	1730.928	34.39316666666665	40.24016666666668	41.58299999999999	34.353705	40.235049	41.577775	80.77500304410503	2746791.0	45.77985	4069.38	1920	1080	60.0	8	4f512729cfb4f4d1e8e70123eb6d5914	567bef68c5c57c5113faa156b223d382	1920	1080	13914.0	3.0	1096.0	24176.0	True	True	0.9822700649499894	0.9713819715011259
Netflix_Aerial_1920x1080_60fps_8	Netflix_Aerial_1920x1080_60fps_8	svtav1	svtav1_20200217_355e277_enc-mode0	60	59	0	927704.0	927.704	32.23583333333333	39.0165	40.83266666666666	32.225311	39.006965	40.823924	70.69729609871206	2488739.0	41.47898333333333	3989.26	1920	1080	60.0	8	dc8bb53a480b3045cadfca5fcb39d584	49992c54d9539621d687be55f2352b70	1920	1080	14247.0	5.0	1175.0	25190.0	True	True	0.9664964745442073	0.9474236944853655
aspen_1080p_60f	aspen_1080p_60f	svtav1	svtav1_20200217_355e277_enc-mode0	60	20	0	8578438.0	8578.438	44.0675	47.92199999999998	49.047166666666676	44.058406	47.919444	49.044406	97.97450624569123	5551905.0	92.53175	9270.17	1920	1080	29.97	8	fb1db2252f5453d04c2e6a4ce2fefe0c	abe7f15804f0bc385f7554ad85a7129d	1920	1080	9482.0	3.0	2721.0	23539.0	True	True	0.9960631042718887	0.9925511185542663
aspen_1080p_60f	aspen_1080p_60f	svtav1	svtav1_20200217_355e277_enc-mode0	60	32	0	2457374.0	2457.3740000000003	42.09116666666666	46.909	48.07433333333333	42.075375	46.90452	48.069009	93.94619755356929	4627066.0	77.11776666666667	7505.67	1920	1080	29.97	8	c33505c7973821aa0e7b732f60225e54	e0b1d68ec40aa4bbe466ef725a8ab478	1920	1080	10073.0	6.0	1733.0	23814.0	True	True	0.993889277180036	0.9895331875292421
aspen_1080p_60f	aspen_1080p_60f	svtav1	svtav1_20200217_355e277_enc-mode0	60	43	0	1038793.0	1038.793	40.627666666666656	45.591833333333334	46.66149999999997	40.604727	45.586047	46.65532700000001	88.55221239545008	3425922.0	57.0987	5120.99	1920	1080	29.97	8	88db1590e5e431386ae5efc16d4ffc5b	ab22091f544eddc01b60cbd16ca5c55f	1920	1080	9342.0	3.0	1306.0	24628.0	True	True	0.9910252501567205	0.9863025894065577
aspen_1080p_60f	aspen_1080p_60f	svtav1	svtav1_20200217_355e277_enc-mode0	60	55	0	448587.0	448.58700000000005	38.52149999999999	43.37799999999999	44.413000000000004	38.495434	43.371456	44.408849	78.41818798091207	2685512.0	44.75853333333333	4212.79	1920	1080	29.97	8	7b44f915851a40a9e1533a3ac3645266	7ba24505f5d85abac8936510004723fc	1920	1080	10877.0	3.0	1229.0	24022.0	True	True	0.9842070202032726	0.9792445099676154
aspen_1080p_60f	aspen_1080p_60f	svtav1	svtav1_20200217_355e277_enc-mode0	60	59	0	291241.0	291.241	36.9085	42.07049999999999	42.81916666666666	36.878802	42.064121	42.815558	69.00968316352301	2307665.0	38.461083333333335	3588.83	1920	1080	29.97	8	935a573f8948026f166ab561126646fe	725b549c599b3bec181d1e481755735e	1920	1080	10392.0	5.0	1108.0	23685.0	True	True	0.9750716427961985	0.9703323085434522
vidyo1_720p_60fps_60f	vidyo1_720p_60fps_60f	svtav1	svtav1_20200217_355e277_enc-mode0	60	20	0	4001056.0	4001.056	45.55483333333333	48.14633333333336	49.48616666666667	45.534056	48.137957	49.481413	96.51746682841267	1822608.0	30.3768	2997.67	1280	720	60.0	8	8b7c521cc14b69be06dee697a40a3a0f	60df508e4db880b740855e3584cdba7a	1280	720	6287.0	5.0	778.0	10911.0	True	True	0.9975795447826385	0.9969761640228916
vidyo1_720p_60fps_60f	vidyo1_720p_60fps_60f	svtav1	svtav1_20200217_355e277_enc-mode0	60	32	0	1442864.0	1442.864	44.00316666666667	47.592166666666685	48.810666666666656	43.99555	47.588429	48.80807	95.18687293714622	1422357.0	23.70595	2367.34	1280	720	60.0	8	8ba97eca285821ae30c8235925b312b5	9348d999d4d44b1cf718b0c2e5d42e7f	1280	720	5476.0	15.0	461.0	10173.0	True	True	0.9961117595434189	0.9955546995998239
vidyo1_720p_60fps_60f	vidyo1_720p_60fps_60f	svtav1	svtav1_20200217_355e277_enc-mode0	60	43	0	714376.0	714.376	42.560166666666674	46.960166666666645	47.93500000000001	42.55019	46.956981	47.932772	93.14695123136872	1522780.0	25.379666666666665	2611.72	1280	720	60.0	8	bc1e771d45898137487bc4bdaedf5011	2c48fd352cbc30e95318b27c0b13182c	1280	720	5496.0	5.0	416.0	10911.0	True	True	0.9941234608491262	0.993820230227192
vidyo1_720p_60fps_60f	vidyo1_720p_60fps_60f	svtav1	svtav1_20200217_355e277_enc-mode0	60	55	0	325088.0	325.088	39.923999999999985	45.32266666666667	45.77	39.910756	45.321552	45.767089000000006	87.30070644220517	931548.0	15.5258	1524.71	1280	720	60.0	8	bb906dabe429e502f38037249034c0a5	b9660da931bab9dea60fa01344815473	1280	720	5935.0	5.0	313.0	10097.0	True	True	0.987604346871376	0.9884919631998518
vidyo1_720p_60fps_60f	vidyo1_720p_60fps_60f	svtav1	svtav1_20200217_355e277_enc-mode0	60	59	0	211768.0	211.768	37.95916666666666	43.83683333333334	44.0325	37.946929	43.835795	44.031423	80.79952560583234	823426.0	13.723766666666666	1235.77	1280	720	60.0	8	5aab12056c136d31e5564f2c7cdb44a0	b950652513225fa5e9c64e359cbe3ba0	1280	720	4981.0	12.0	316.0	10255.0	True	True	0.9789975692828496	0.981703593331193
vidyo4_720p_60fps_60f	vidyo4_720p_60fps_60f	svtav1	svtav1_20200217_355e277_enc-mode0	60	20	0	5354376.0	5354.376	44.26616666666667	49.94216666666667	50.24433333333334	44.232119	49.936694	50.240163	97.76810552092589	1976987.0	32.949783333333336	3183.03	1280	720	60.0	8	9fccf0c19c0ca786fb98f4ae938662b4	350e194648995b2e622611ff99549536	1280	720	5651.0	4.0	784.0	9717.0	True	True	0.9964416215817133	0.9956865002683091
vidyo4_720p_60fps_60f	vidyo4_720p_60fps_60f	svtav1	svtav1_20200217_355e277_enc-mode0	60	32	0	1839400.0	1839.4	42.785	49.329	49.61516666666667	42.73901	49.320792	49.608374	96.39607016805675	1693606.0	28.226766666666666	2581.18	1280	720	60.0	8	e7ed47ff37a74845405e5455f3995d2c	3fd250f7caa192fc50838887711ab1f5	1280	720	4857.0	20.0	571.0	9921.0	True	True	0.9946051090955734	0.993837663494405
vidyo4_720p_60fps_60f	vidyo4_720p_60fps_60f	svtav1	svtav1_20200217_355e277_enc-mode0	60	43	0	895744.0	895.744	41.385999999999996	48.418166666666664	48.67749999999999	41.32774299999999	48.406867	48.667595	94.31862791893225	1672065.0	27.86775	2802.35	1280	720	60.0	8	4c5d4a67b40e6d5bf3a0f169a2c7739f	1f68d084f2960b651c01d7590915077c	1280	720	5253.0	4.0	485.0	10409.0	True	True	0.9916768799225489	0.9912426033817658
vidyo4_720p_60fps_60f	vidyo4_720p_60fps_60f	svtav1	svtav1_20200217_355e277_enc-mode0	60	55	0	414760.0	414.76	39.09066666666669	46.733500000000014	46.89583333333334	39.023636	46.719027	46.883133	88.94712349926775	895944.0	14.9324	1522.22	1280	720	60.0	8	82329d59d8f5a15bca08f879f13341d0	ded10a84e93d6fecde583690ab6a4f54	1280	720	4960.0	4.0	314.0	9670.0	True	True	0.9832672049601873	0.984440587113279
vidyo4_720p_60fps_60f	vidyo4_720p_60fps_60f	svtav1	svtav1_20200217_355e277_enc-mode0	60	59	0	267800.0	267.8	37.3445	44.90500000000001	44.99	37.287823	44.895974	44.983884	83.22950265385712	1085160.0	18.086	1757.23	1280	720	60.0	8	6c373bf084b6cc904bbcca1d1014cae6	586a45774a854ef6c570ee2b03635ec5	1280	720	5279.0	6.0	497.0	10606.0	True	True	0.9730192085107168	0.9765290646485177
Cosmos1_1920x856_BT2100_PQ_24fps	Cosmos1_1920x856_BT2100_PQ_24fps	svtav1	svtav1_20200217_355e277_enc-mode0	60	20	0	23052054.0	23052.054	41.95399999999999	44.813666666666656	47.48	41.928235	44.773928	47.45981100000001	99.40362688737312	8182238.0	136.37063333333333	13810.44	1920	856	24.0	10	d52068ac9f4a03bbd45431c4f39a230d	8093e3c3c69404b2337ba85db2aa3031	1920	856	18399.0	3.0	6693.0	17552.0	True	True	0.9967628786961238	0.996035727483211
Cosmos1_1920x856_BT2100_PQ_24fps	Cosmos1_1920x856_BT2100_PQ_24fps	svtav1	svtav1_20200217_355e277_enc-mode0	60	32	0	8882144.0	8882.144	38.067833333333326	42.75066666666667	45.858833333333344	38.013028	42.719884	45.840922	95.125818071119	8274471.0	137.90785	13558.97	1920	856	24.0	10	50918e9df44cbe442d44a9471b9b47f6	c56d72476788164be4b48516e5b5dbdc	1920	856	17777.0	3.0	4097.0	17517.0	True	True	0.9916896820068359	0.990698346549428
Cosmos1_1920x856_BT2100_PQ_24fps	Cosmos1_1920x856_BT2100_PQ_24fps	svtav1	svtav1_20200217_355e277_enc-mode0	60	43	0	3435404.0	3435.404	35.35933333333333	41.167500000000004	44.52266666666664	35.29724	41.141324000000004	44.511308	84.45988944692894	5667655.0	94.46091666666666	9442.23	1920	856	24.0	10	969a64bf5d8bb03fbf9073b5be0d3efb	4bc8cda790982b932a445292a4fd0013	1920	856	17750.0	2.0	2784.0	17328.0	True	True	0.9800944864749909	0.9800446934381576
Cosmos1_1920x856_BT2100_PQ_24fps	Cosmos1_1920x856_BT2100_PQ_24fps	svtav1	svtav1_20200217_355e277_enc-mode0	60	55	0	1240432.0	1240.432	32.50566666666667	39.4475	42.673999999999985	32.451705	39.4297	42.658488	63.97129688136618	4899830.0	81.66383333333333	7692.99	1920	856	24.0	10	de894ac0af2137322754a18c25bd1786	226ee432cd970b06024080af9c6cf861	1920	856	18114.0	4.0	2302.0	18689.0	True	True	0.9466280043125153	0.9515886064492377
Cosmos1_1920x856_BT2100_PQ_24fps	Cosmos1_1920x856_BT2100_PQ_24fps	svtav1	svtav1_20200217_355e277_enc-mode0	60	59	0	736473.0	736.473	31.11716666666666	38.69866666666666	41.23199999999999	31.075373	38.684629	41.22974	51.67373970145606	3783906.0	63.0651	5981.57	1920	856	24.0	10	55a3261fc7780acca070b478697401f0	d2c5c2cea92c67cc82ec5c85422d3474	1920	856	16935.0	23.0	1871.0	18440.0	True	True	0.9153253475824992	0.9257847351330862
Netflix_Boat_1920x1080_60fps_8bi	Netflix_Boat_1920x1080_60fps_8bi	svtav1	svtav1_20200217_355e277_enc-mode0	60	20	0	28913920.0	28913.92	43.67416666666666	46.0395	47.758999999999986	43.63967	46.002135	47.730486	99.9248198074092	5121726.0	85.3621	9033.98	1920	1080	60.0	8	cf5192e76947582dddcf8e40a106d994	a8d4e7c80603a4e5fd1e51e51834f22d	1920	1080	13359.0	4.0	2710.0	23480.0	True	True	0.9993152429660161	0.9985837360604796
Netflix_Boat_1920x1080_60fps_8bi	Netflix_Boat_1920x1080_60fps_8bi	svtav1	svtav1_20200217_355e277_enc-mode0	60	32	0	16057144.0	16057.144	41.18333333333333	44.5185	45.98833333333333	41.118444	44.47447	45.959756	99.6131788385447	5536008.0	92.2668	8993.8	1920	1080	60.0	8	2221867ed264f57fe40d73e7370b5514	7a8730d0d183d4172fd97bc4e4e4eac5	1920	1080	13158.0	3.0	1943.0	22582.0	True	True	0.9988144328196843	0.997619290903836
Netflix_Boat_1920x1080_60fps_8bi	Netflix_Boat_1920x1080_60fps_8bi	svtav1	svtav1_20200217_355e277_enc-mode0	60	43	0	8837696.0	8837.696	38.16299999999999	42.809	43.88666666666666	38.047633	42.767042999999994	43.869105	96.07229371432581	4509300.0	75.155	6864.66	1920	1080	60.0	8	b9521bf98a9b8ec18d3bae86783a79f1	2519d95f7f39a0a911ff2750eb08117a	1920	1080	13404.0	7.0	1658.0	23884.0	True	True	0.9975283145904541	0.9951865838248509
Netflix_Boat_1920x1080_60fps_8bi	Netflix_Boat_1920x1080_60fps_8bi	svtav1	svtav1_20200217_355e277_enc-mode0	60	55	0	3688016.0	3688.016	33.70266666666667	40.41166666666667	40.89916666666666	33.614229	40.381069	40.895932	85.83528397408628	3283897.0	54.73161666666667	5099.67	1920	1080	60.0	8	e214ad412472d98e3941b0478db6d517	61f6607cc5610b6b961269e6fe7c1e14	1920	1080	13751.0	22.0	1369.0	24213.0	True	True	0.9918957481781642	0.9848710690217614
Netflix_Boat_1920x1080_60fps_8bi	Netflix_Boat_1920x1080_60fps_8bi	svtav1	svtav1_20200217_355e277_enc-mode0	60	59	0	2404624.0	2404.6240000000003	31.59216666666668	39.210833333333326	39.56816666666664	31.538136	39.187574	39.566276	77.9335507756592	3043544.0	50.72573333333333	4455.89	1920	1080	60.0	8	a035417aed288add250354d75226433d	15ddcca12492f6f36043046f4a621241	1920	1080	14349.0	9.0	1342.0	24903.0	True	True	0.9849320868651072	0.9730549680482247
Netflix_FoodMarket_1920x1080_60f	Netflix_FoodMarket_1920x1080_60f	svtav1	svtav1_20200217_355e277_enc-mode0	60	20	0	21214512.0	21214.512	41.011166666666654	44.832666666666675	45.579833333333326	41.003451	44.829709	45.578784	99.13852782861757	5255251.0	87.58751666666667	9449.63	1920	1080	60.0	8	f16ce3612108c492b9a16763591dd85b	dee0b706b14a23c617d5974d7f36e3fb	1920	1080	12088.0	3.0	2784.0	22908.0	True	True	0.9951488266388575	0.9896500159242765
Netflix_FoodMarket_1920x1080_60f	Netflix_FoodMarket_1920x1080_60f	svtav1	svtav1_20200217_355e277_enc-mode0	60	32	0	6705608.0	6705.607999999999	39.67866666666667	43.99283333333333	44.91983333333334	39.669298	43.987605	44.917674	95.90687745704857	5374598.0	89.57663333333333	8816.66	1920	1080	60.0	8	4fb087f7d1563056a8a3148a6a137142	9b19b02d1658851c694f044d228b7e20	1920	1080	12510.0	3.0	1700.0	23827.0	True	True	0.9916630258162816	0.9847873217904457
Netflix_FoodMarket_1920x1080_60f	Netflix_FoodMarket_1920x1080_60f	svtav1	svtav1_20200217_355e277_enc-mode0	60	43	0	3234760.0	3234.76	38.26749999999999	43.036666666666676	44.11383333333333	38.248752	43.028994	44.110518	90.67120996086884	3899080.0	64.98466666666667	6215.78	1920	1080	60.0	8	7614d983a10e5bb53518a985f3eb7783	003accd0206f46b0ee803714afbb405f	1920	1080	12192.0	4.0	1310.0	24719.0	True	True	0.9861855884393056	0.9779091704969757
Netflix_FoodMarket_1920x1080_60f	Netflix_FoodMarket_1920x1080_60f	svtav1	svtav1_20200217_355e277_enc-mode0	60	55	0	1376800.0	1376.8	35.93983333333333	41.55549999999997	42.63	35.91293600000001	41.54625	42.62297	77.79032104916746	2834949.0	47.24915	4394.26	1920	1080	60.0	8	be3f5dad6b98a532eb77dfb2a512054e	337438863e3f0337b467b89ff555ab00	1920	1080	13004.0	3.0	1222.0	24417.0	True	True	0.9676167656977971	0.958373314800829
Netflix_FoodMarket_1920x1080_60f	Netflix_FoodMarket_1920x1080_60f	svtav1	svtav1_20200217_355e277_enc-mode0	60	59	0	882096.0	882.096	34.53166666666666	40.65016666666666	41.60866666666665	34.512319	40.643284	41.593848	67.44250577664913	2743698.0	45.7283	4348.68	1920	1080	60.0	8	921988d31cd993eb9f11fb0a595a0ba7	980e80a559067b8bd9fba9929df8473a	1920	1080	12553.0	2.0	1105.0	23636.0	True	True	0.9475669691960017	0.9395618028389312
Netflix_SquareAndTimelapse_1920x	Netflix_SquareAndTimelapse_1920x	svtav1	svtav1_20200217_355e277_enc-mode0	60	20	0	20287512.0	20287.512	44.60549999999999	48.87400000000001	48.04616666666666	44.585693	48.861924	48.028602	99.91272215172891	6812116.0	113.53526666666667	10358.34	1920	1080	60.0	8	8d9d8910064e76ecb058feb1c748cab1	17d71ab51c84979ec0060661f7fde50d	1920	1080	16043.0	4.0	3294.0	25682.0	True	True	0.999180186788241	0.99793415062902
Netflix_SquareAndTimelapse_1920x	Netflix_SquareAndTimelapse_1920x	svtav1	svtav1_20200217_355e277_enc-mode0	60	32	0	11071152.0	11071.152	42.01633333333333	46.97433333333335	45.8935	41.985593	46.9602	45.872388	99.88283302461592	6179521.0	102.99201666666667	9524.97	1920	1080	60.0	8	8ef7557b3f861109e7ddce80bf8492f4	69628be3b6896984b0da6cfd00167c1f	1920	1080	12608.0	3.0	2630.0	24561.0	True	True	0.998258559902509	0.9960735820549387
Netflix_SquareAndTimelapse_1920x	Netflix_SquareAndTimelapse_1920x	svtav1	svtav1_20200217_355e277_enc-mode0	60	43	0	6119432.0	6119.432	39.157333333333334	45.115	43.80749999999999	39.101468	45.095497	43.781131	98.2868517057131	4363517.0	72.72528333333334	7129.58	1920	1080	60.0	8	7124cd8a00beef84bcad59538c68b8bb	b4961b0b5e334f4a3628ef6d6560b77a	1920	1080	11723.0	4.0	1931.0	24995.0	True	True	0.9959564129511516	0.9921286926495654
Netflix_SquareAndTimelapse_1920x	Netflix_SquareAndTimelapse_1920x	svtav1	svtav1_20200217_355e277_enc-mode0	60	55	0	2818552.0	2818.552	35.32116666666666	42.11766666666668	40.73066666666667	35.270051	42.101875	40.708691	87.53661054121879	4023046.0	67.05076666666666	6034.78	1920	1080	60.0	8	16a06770d147d5b0582500abbd89a034	aeb1cbb202f90939eaada8006319a5f4	1920	1080	13301.0	6.0	1902.0	25628.0	True	True	0.9873891840378444	0.9797535540596657
Netflix_SquareAndTimelapse_1920x	Netflix_SquareAndTimelapse_1920x	svtav1	svtav1_20200217_355e277_enc-mode0	60	59	0	1843888.0	1843.888	33.23516666666667	40.22633333333336	38.838666666666676	33.20664	40.21958	38.827374	78.12635616606389	3161341.0	52.68901666666667	4728.21	1920	1080	60.0	8	e3a0b6369fc402e6dc3091e9b3750eaf	b27bdf3db77c3c03d74b8ce6b0ddab4d	1920	1080	12451.0	4.0	1538.0	24799.0	True	True	0.9767903337876002	0.9662014910671753
ducks_take_off_1080p50_60f	ducks_take_off_1080p50_60f	svtav1	svtav1_20200217_355e277_enc-mode0	60	20	0	114611780.0	114611.78	39.0715	39.10050000000002	41.24833333333333	39.049026	39.070309	41.227199	98.98076394768086	11870575.0	197.84291666666667	18756.42	1920	1080	50.0	8	e9a860e0cb6c92b37b61245aa0f8ffb0	25946cd5e4e74178e38ec83c5f9d5200	1920	1080	16672.0	5.0	9912.0	26359.0	True	True	0.9989385346571604	0.996119504863908
ducks_take_off_1080p50_60f	ducks_take_off_1080p50_60f	svtav1	svtav1_20200217_355e277_enc-mode0	60	32	0	31547960.0	31547.96	35.191500000000005	36.846000000000004	39.7895	35.16581	36.822209	39.777388	93.83097583289621	10148465.0	169.14108333333334	16078.77	1920	1080	50.0	8	22bd02757bce3868882ce7256162bedc	8bf8ac3896a356dc7a7a28d4818f0be3	1920	1080	17894.0	5.0	4119.0	24003.0	True	True	0.9967521637678146	0.9902347720880054
ducks_take_off_1080p50_60f	ducks_take_off_1080p50_60f	svtav1	svtav1_20200217_355e277_enc-mode0	60	43	0	10318806.0	10318.806	33.05200000000001	34.922000000000004	38.403999999999996	33.030189	34.881607	38.393545	84.72080661983325	6239502.0	103.9917	9878.51	1920	1080	50.0	8	10b54af944c29d3b02516904b0fda8be	2a30faec5f6db8895340458cc535d5cc	1920	1080	16873.0	4.0	2401.0	24047.0	True	True	0.9911280910174052	0.9815664932149829
ducks_take_off_1080p50_60f	ducks_take_off_1080p50_60f	svtav1	svtav1_20200217_355e277_enc-mode0	60	55	0	3599913.0	3599.913	30.464499999999997	32.85933333333334	37.10216666666667	30.432976	32.817962	37.097886	67.1712243948586	3957794.0	65.96323333333333	6114.71	1920	1080	50.0	8	1877b5b9e5487813dd550f2924925169	8bd01d32f3b840cb6ff8171f426ef4f8	1920	1080	16802.0	5.0	1738.0	23923.0	True	True	0.9741607417662939	0.9604753137162263
ducks_take_off_1080p50_60f	ducks_take_off_1080p50_60f	svtav1	svtav1_20200217_355e277_enc-mode0	60	59	0	2300866.0	2300.866	29.26266666666667	31.938833333333328	36.491833333333346	29.231853	31.906576000000005	36.489324	57.47845205916365	3409069.0	56.817816666666666	5148.35	1920	1080	50.0	8	b2606bd807499a44372fc3a41d5dc7b7	01a8bd55e6cbb9e4397703d79c6272c2	1920	1080	16541.0	4.0	1557.0	26116.0	True	True	0.9603380779425303	0.9447929523591184
rush_hour_1080p25_60f	rush_hour_1080p25_60f	svtav1	svtav1_20200217_355e277_enc-mode0	60	20	0	5531123.0	5531.1230000000005	43.12966666666669	46.85733333333333	48.84849999999999	43.128192	46.854513	48.845061	97.3039482572058	5679898.0	94.66496666666667	9251.91	1920	1080	25.0	8	18825c294b28df59efb1aeef7a8f041b	221c864b70be07f25c68c2f3933afd13	1920	1080	9380.0	4.0	2572.0	23538.0	True	True	0.9965563833713531	0.9925995096609515
rush_hour_1080p25_60f	rush_hour_1080p25_60f	svtav1	svtav1_20200217_355e277_enc-mode0	60	32	0	2562563.0	2562.563	42.20816666666668	45.84850000000001	47.59599999999999	42.204744	45.845501	47.592854	93.5175264178747	5198779.0	86.64631666666666	8471.62	1920	1080	25.0	8	d01f33a2b4f0f7932fc6cb219ee69d07	c21dce91c669399885a6195973c127f2	1920	1080	9690.0	5.0	1851.0	23130.0	True	True	0.9943268318970998	0.9904339794688296
rush_hour_1080p25_60f	rush_hour_1080p25_60f	svtav1	svtav1_20200217_355e277_enc-mode0	60	43	0	1223626.0	1223.626	40.819666666666656	44.737666666666655	46.151999999999994	40.803548	44.734482	46.14368	86.11437204560875	3989901.0	66.49835	6403.84	1920	1080	25.0	8	2d458d7c594d4f1cb63f40e022f54671	2cf6ca53ade4cae7e2cc63a2e70240e0	1920	1080	9593.0	3.0	1521.0	23266.0	True	True	0.9901567270358403	0.9867085783525792
rush_hour_1080p25_60f	rush_hour_1080p25_60f	svtav1	svtav1_20200217_355e277_enc-mode0	60	55	0	528083.0	528.083	38.58383333333334	42.85516666666667	43.99883333333334	38.55419	42.851827	43.987783	72.81115683475223	2837122.0	47.28536666666667	4546.46	1920	1080	25.0	8	430f0cc1aeee73bec3e42d6683626004	a031b5a033763df59b7c84b5145fa3c2	1920	1080	10448.0	6.0	1602.0	25003.0	True	True	0.9803363094727199	0.9783851494641774
rush_hour_1080p25_60f	rush_hour_1080p25_60f	svtav1	svtav1_20200217_355e277_enc-mode0	60	59	0	361223.0	361.223	37.36683333333334	41.82266666666666	42.75366666666664	37.33884	41.821121999999995	42.741034	65.0529777907706	2890918.0	48.18196666666667	4598.62	1920	1080	25.0	8	7dbcbccb06422edbccda250177138c5d	c6468c30cf79387a80b9d5c7ee28ee13	1920	1080	10994.0	5.0	1276.0	24455.0	True	True	0.9722857733567556	0.9717795631930233
Netflix_TunnelFlag_1920x1080_60f	Netflix_TunnelFlag_1920x1080_60f	svtav1	svtav1_20200217_355e277_enc-mode0	60	20	0	27618584.0	27618.584	42.92483333333334	46.81749999999999	48.33966666666665	42.893882	46.808101	48.332745	99.94336063970307	7966254.0	132.7709	12657.07	1920	1080	60.0	8	a400fad29d270f940a31a3c82c27e1b7	604ec0ba97e8c545eefb088b49d6def0	1920	1080	13022.0	3.0	3912.0	24691.0	True	True	0.9986738671859106	0.9966148820937502
Netflix_TunnelFlag_1920x1080_60f	Netflix_TunnelFlag_1920x1080_60f	svtav1	svtav1_20200217_355e277_enc-mode0	60	32	0	13544672.0	13544.672	40.515166666666666	45.232	47.082499999999975	40.47539199999999	45.224633	47.074485	99.9198206774386	7367744.0	122.79573333333333	11321.46	1920	1080	60.0	8	5b42b0493a8808225ef42757d90a2647	91d3e3fe8fc2088d1cb6232cc3868426	1920	1080	12572.0	3.0	3101.0	23288.0	True	True	0.9975541780392329	0.9942010026985698
Netflix_TunnelFlag_1920x1080_60f	Netflix_TunnelFlag_1920x1080_60f	svtav1	svtav1_20200217_355e277_enc-mode0	60	43	0	6789736.0	6789.736	37.99783333333334	43.33550000000002	45.67733333333333	37.937969	43.329574	45.668144	99.88955899227406	5690388.0	94.8398	9359.95	1920	1080	60.0	8	b3856d4ded24ceeac14e04315e4c7832	61be3ae1e2e761f147dfaadcfff09a57	1920	1080	12637.0	3.0	2412.0	24167.0	True	True	0.9952373454968134	0.9900353777779163
Netflix_TunnelFlag_1920x1080_60f	Netflix_TunnelFlag_1920x1080_60f	svtav1	svtav1_20200217_355e277_enc-mode0	60	55	0	3202848.0	3202.848	35.077666666666666	40.55333333333333	43.29683333333333	35.036612	40.550743	43.291214	99.79519703198554	3839776.0	63.99626666666666	6184.9	1920	1080	60.0	8	ac3c3503a04770569f5924b8670d9561	c28f1d8237a3a9877a079cf79de417ff	1920	1080	11735.0	4.0	1589.0	23266.0	True	True	0.9907274653514226	0.983492924196449
Netflix_TunnelFlag_1920x1080_60f	Netflix_TunnelFlag_1920x1080_60f	svtav1	svtav1_20200217_355e277_enc-mode0	60	59	0	2324672.0	2324.672	33.60333333333334	39.34233333333332	41.914500000000004	33.578714	39.340803	41.911236	99.6045315046494	3382711.0	56.37851666666667	5505.22	1920	1080	60.0	8	b3544e25088a24441563036208271115	cca0877bc5475bcd1b79f72024bc9148	1920	1080	11983.0	3.0	1431.0	22640.0	True	True	0.9873344749212265	0.9793289766169979
touchdown_pass_1080p_60f	touchdown_pass_1080p_60f	svtav1	svtav1_20200217_355e277_enc-mode0	60	20	0	20062245.0	20062.245	40.67566666666666	48.09133333333333	48.22966666666668	40.632323	48.081408	48.219474	96.4163506539624	8056306.0	134.27176666666668	13062.8	1920	1080	29.97	8	0a12de1e61b37d7bac80b643a2b338ae	7d2f4b291cddabcc507d0be2aceb29bc	1920	1080	13999.0	4.0	5464.0	24740.0	True	True	0.9958848675092061	0.9910685778098248
touchdown_pass_1080p_60f	touchdown_pass_1080p_60f	svtav1	svtav1_20200217_355e277_enc-mode0	60	32	0	4756896.0	4756.896	38.71566666666666	47.38333333333334	47.50633333333334	38.697719	47.375115	47.497249	94.28853026405007	4860405.0	81.00675	8099.98	1920	1080	29.97	8	268b451b3cbd393f03a5820ac119dae0	e0cade1cbf494d80e6dbd6ea84862e3d	1920	1080	12882.0	4.0	1770.0	24229.0	True	True	0.9939398457606633	0.9868966327777033
touchdown_pass_1080p_60f	touchdown_pass_1080p_60f	svtav1	svtav1_20200217_355e277_enc-mode0	60	43	0	2098535.0	2098.535	37.501666666666665	46.41566666666667	46.458333333333336	37.479206	46.408185	46.449617	91.38212284067878	4095770.0	68.26283333333333	6460.6	1920	1080	29.97	8	a6afba1100e19a4b50e1f6d1861ce6ab	1d3dd24611a9a5fa03cdf9670f5dfb1c	1920	1080	13003.0	4.0	1559.0	24570.0	True	True	0.9916175027688344	0.9827349007349924
touchdown_pass_1080p_60f	touchdown_pass_1080p_60f	svtav1	svtav1_20200217_355e277_enc-mode0	60	55	0	820088.0	820.088	35.04749999999999	44.402	44.482499999999995	35.021291	44.399017	44.475007	81.8977764781617	2881155.0	48.01925	4516.45	1920	1080	29.97	8	cc26158a862955a921514927fee2b195	ee65af2cf2f687c86b7249b2a5d24615	1920	1080	12909.0	4.0	1322.0	24795.0	True	True	0.9790645559628804	0.9633995163944694
touchdown_pass_1080p_60f	touchdown_pass_1080p_60f	svtav1	svtav1_20200217_355e277_enc-mode0	60	59	0	493586.0	493.586	33.337833333333336	43.294000000000004	43.44583333333334	33.314002	43.292669	43.441172	71.58791337799674	2700026.0	45.00043333333333	4249.14	1920	1080	29.97	8	53dc9cc6ba2b9a99c1b5e44a2f5c17ee	89848098609d07c3414d9eb39c9b1f54	1920	1080	12807.0	9.0	1073.0	25047.0	True	True	0.9537383665641149	0.9335917693779245
life_1080p30_60f	life_1080p30_60f	svtav1	svtav1_20200217_355e277_enc-mode0	60	20	0	12682372.0	12682.372	44.50533333333332	49.66333333333334	49.22899999999997	44.491168	49.650528	49.215833	99.52588333926192	6305220.0	105.087	9806.05	1920	1080	30.0	8	3143a6f018fcd3562926cab6f5844707	70c8ccd171d83ee5cfb726634770133a	1920	1080	12639.0	10.0	3390.0	23600.0	True	True	0.9991911391417185	0.9979236226323377
life_1080p30_60f	life_1080p30_60f	svtav1	svtav1_20200217_355e277_enc-mode0	60	32	0	5823960.0	5823.96	41.532666666666664	47.41533333333333	47.0765	41.509875	47.397289	47.061747	97.75637059158291	5749422.0	95.8237	9336.61	1920	1080	30.0	8	d9126f44dbf5d48ac343f0ee1ce1c454	d862035e48d4cd4b37cd68590b64e969	1920	1080	12564.0	3.0	2460.0	23437.0	True	True	0.9984395056962967	0.996235707789205
life_1080p30_60f	life_1080p30_60f	svtav1	svtav1_20200217_355e277_enc-mode0	60	43	0	2855108.0	2855.108	38.73416666666667	45.34433333333333	45.16633333333333	38.701705	45.314949	45.142908	94.43341461868233	4032106.0	67.20176666666667	6797.4	1920	1080	30.0	8	5c9c7916d2c089d73ab4a0c5c8f696da	a0e4bb19c34ea7d4cb2783527cb4d871	1920	1080	11541.0	3.0	1899.0	23238.0	True	True	0.9966471681992213	0.9926432419997919
life_1080p30_60f	life_1080p30_60f	svtav1	svtav1_20200217_355e277_enc-mode0	60	55	0	1162372.0	1162.372	35.08	42.426	42.264333333333326	35.057731	42.401036	42.239371	86.99551840031535	2988781.0	49.81301666666667	5213.27	1920	1080	30.0	8	8b1253cd60d6851bf3f7d0f4f607753f	e8e72cc33e7015dd7686e9c48e1f5b6f	1920	1080	13394.0	5.0	1475.0	23492.0	True	True	0.9894456078608831	0.9788130253523978
life_1080p30_60f	life_1080p30_60f	svtav1	svtav1_20200217_355e277_enc-mode0	60	59	0	707908.0	707.908	33.30183333333334	40.745833333333316	40.46666666666666	33.291067	40.733353	40.454511	79.95186296319814	3076022.0	51.26703333333333	4928.3	1920	1080	30.0	8	ba7a4a20ae21943b0cf41c3d3af026c7	98f52cf6f709b24e47299a35878dff8b	1920	1080	13388.0	4.0	1394.0	23967.0	True	True	0.9786449541648229	0.9623182595508128
ToddlerFountn_1920x1080_2997_10b	ToddlerFountn_1920x1080_2997_10b	svtav1	svtav1_20200217_355e277_enc-mode0	60	20	0	57988076.0	57988.076	41.416666666666664	46.40566666666666	43.87750000000001	41.347267	46.394538	43.851629	99.91819138176703	12771015.0	212.85025	20561.11	1920	1080	29.97	10	5435d245547dc321b8c280e00693dbab	18688397adc67d334e5b3ee894132eec	1920	1080	22958.0	7.0	8751.0	23858.0	True	True	0.9979543467362721	0.9954339990146149
ToddlerFountn_1920x1080_2997_10b	ToddlerFountn_1920x1080_2997_10b	svtav1	svtav1_20200217_355e277_enc-mode0	60	32	0	28627491.0	28627.491	37.150833333333345	44.940000000000005	41.930499999999974	37.071548	44.933082	41.914801	99.87706293362895	15776531.0	262.94218333333333	25041.96	1920	1080	29.97	10	92dce39d42aec49dd0375c2857414a03	d518aa67dba707aef604b6deef9e1f20	1920	1080	21730.0	4.0	11310.0	27437.0	True	True	0.9934670845667521	0.9870125330118894
ToddlerFountn_1920x1080_2997_10b	ToddlerFountn_1920x1080_2997_10b	svtav1	svtav1_20200217_355e277_enc-mode0	60	43	0	12441981.0	12441.981	33.390499999999996	43.42616666666667	40.42850000000001	33.319687	43.420794	40.421217	89.74222769642512	11223396.0	187.0566	18120.07	1920	1080	29.97	10	834a2569b2bd6c15149eebe8c8f71f64	d939a98ca5c6f0d3a2a731213caf9906	1920	1080	22418.0	3.0	5165.0	24164.0	True	True	0.9797126114368438	0.9659558318501769
ToddlerFountn_1920x1080_2997_10b	ToddlerFountn_1920x1080_2997_10b	svtav1	svtav1_20200217_355e277_enc-mode0	60	55	0	4423459.0	4423.459	29.982000000000003	41.69933333333334	39.184833333333344	29.940487	41.697953	39.182846	66.3332832729705	7893872.0	131.56453333333334	12016.91	1920	1080	29.97	10	11c7cb143faa5b1a71017bef01dbbe4f	7738145cabc09501489187e61c5731c5	1920	1080	21916.0	3.0	3736.0	23941.0	True	True	0.9382627834876378	0.9168678559580479
ToddlerFountn_1920x1080_2997_10b	ToddlerFountn_1920x1080_2997_10b	svtav1	svtav1_20200217_355e277_enc-mode0	60	59	0	2764899.0	2764.899	28.756333333333334	41.07433333333332	38.789500000000004	28.72632	41.07228	38.787789	54.73423583662363	6927365.0	115.45608333333334	11149.67	1920	1080	29.97	10	d651f48c5c8b0a7f800ec35bbdc99941	2c924d1d9c4ca7785a6b85128723bf38	1920	1080	22369.0	4.0	3316.0	23737.0	True	True	0.9093932300806046	0.8875298770003214
wikipedia_420	wikipedia_420	svtav1	svtav1_20200217_355e277_enc-mode0	60	20	0	1626312.0	1626.3120000000001	55.45350000000001	52.616666666666674	53.55766666666667	55.438948	52.456655	53.49706	99.83877562248747	6051364.0	100.85606666666666	8011.56	1920	1080	30.0	8	ce546da5ec150e21299ff5b254ecfb15	dd9c1dca1e8aaea4174c94f7f5c0ea0a	1920	1080	9149.0	4.0	704.0	24001.0	True	True	0.9993929356336594	0.9991375770860009
wikipedia_420	wikipedia_420	svtav1	svtav1_20200217_355e277_enc-mode0	60	32	0	925616.0	925.616	51.1975	50.66283333333333	51.88483333333333	51.187592	50.513239	51.83077	99.82808121805415	6938191.0	115.63651666666667	8534.02	1920	1080	30.0	8	19ec230a7db6496d90bbc50b473dc4f4	54b5572ebbc74905cb2b0862667d0ef4	1920	1080	8956.0	7.0	662.0	24070.0	True	True	0.9990411837895711	0.9984487715200241
wikipedia_420	wikipedia_420	svtav1	svtav1_20200217_355e277_enc-mode0	60	43	0	626632.0	626.632	48.650166666666664	48.64616666666667	50.001833333333316	48.631807	48.538066	49.958485	99.78938318659955	5788154.0	96.46923333333334	8177.7	1920	1080	30.0	8	c55f0959e2ecfe94c221be8420d5f0f7	65edc9fe6fcd234818583c9b8fb6eb45	1920	1080	10305.0	5.0	584.0	25113.0	True	True	0.9986853788296381	0.997937403109716
wikipedia_420	wikipedia_420	svtav1	svtav1_20200217_355e277_enc-mode0	60	55	0	422204.0	422.204	44.096333333333334	45.660333333333334	47.10033333333333	44.074953	45.622295	47.075404	99.59198718787044	5661282.0	94.3547	7840.67	1920	1080	30.0	8	f5e67b09919a53714adbf082e521ab56	2c6b7bd9757cced56a78109a45da5b11	1920	1080	8993.0	3.0	523.0	22769.0	True	True	0.9980364461739858	0.9972080556040994
wikipedia_420	wikipedia_420	svtav1	svtav1_20200217_355e277_enc-mode0	60	59	0	336404.0	336.40399999999994	41.021166666666666	43.62533333333333	45.060333333333325	41.002462	43.579223	45.034166	99.2973082099462	5584245.0	93.07075	7889.61	1920	1080	30.0	8	f671311cceba2b871871f97d3f5ba970	e36e109437c09a5c366b18b2f134a706	1920	1080	9810.0	39.0	536.0	25914.0	True	True	0.9969947030146916	0.9961388303048203
MINECRAFT_60f_420	MINECRAFT_60f_420	svtav1	svtav1_20200217_355e277_enc-mode0	60	20	0	84457928.0	84457.928	43.70750000000001	45.95616666666667	46.55349999999999	43.542329	45.797514	46.427158	99.95108751959188	12966357.0	216.10595	19440.02	1920	1080	60.0	8	44a531acd7382b94c71612d062fdcc0a	441c10bdc8f054d1cb7657e8b32199ee	1920	1080	14425.0	3.0	8346.0	25897.0	True	True	0.9983164280653	0.9971923713666873
MINECRAFT_60f_420	MINECRAFT_60f_420	svtav1	svtav1_20200217_355e277_enc-mode0	60	32	0	49621704.0	49621.704	39.19833333333334	44.18900000000001	44.693	38.933275	44.065871	44.597922	99.9268463947693	10788351.0	179.80585	18252.45	1920	1080	60.0	8	b18c54ad6979d12131de447a0cc6570d	6fe4b558203b8f4ae4031759db04372c	1920	1080	12889.0	38.0	5977.0	22812.0	True	True	0.9955795456965765	0.9925150315094469
MINECRAFT_60f_420	MINECRAFT_60f_420	svtav1	svtav1_20200217_355e277_enc-mode0	60	43	0	22444704.0	22444.704	34.88166666666666	42.547000000000004	42.86283333333333	34.582172	42.455176	42.782401	96.40453972554613	11585068.0	193.08446666666666	17533.31	1920	1080	60.0	8	5edd91d42e06c4b61c55c92a22373a1d	014d5d1a783e832cdff8825736c74859	1920	1080	15935.0	6.0	4673.0	25002.0	True	True	0.9877743542194366	0.9802700739693319
MINECRAFT_60f_420	MINECRAFT_60f_420	svtav1	svtav1_20200217_355e277_enc-mode0	60	55	0	8249584.0	8249.584	31.40833333333334	40.45366666666666	40.507333333333335	31.240521	40.406489	40.454368	82.40837968102377	9074469.0	151.24115	12476.66	1920	1080	60.0	8	9a594ad8994f75e17b15f4ec8a0a3b31	8883464afcaea40ad60cfdba9ff352ab	1920	1080	13841.0	3.0	2756.0	25327.0	True	True	0.9661280324061712	0.9511503829837977
MINECRAFT_60f_420	MINECRAFT_60f_420	svtav1	svtav1_20200217_355e277_enc-mode0	60	59	0	5063016.0	5063.016	30.122500000000002	39.36466666666668	38.88233333333332	30.022418	39.33279	38.842448	73.92044870615058	10393786.0	173.22976666666668	15302.83	1920	1080	60.0	8	29656c064431b07352ed85333062116f	e31a88feb71dae657de3de3348495186	1920	1080	27291.0	5.0	2164.0	32032.0	True	True	0.9453390469153722	0.9262723132566261
