kirland360p_60f	kirland360p_60f	svtav1	svtav1_20191126_fbad3ac	60	20	312200.0	312.2	47.47116666666666	48.454833333333326	49.74133333333335	47.39975	48.433872	49.718018	96.108741	544968.0	9.0828	640	360	30.0	8	ff2fb15f7b707348628227131a402b1e	cdd4d568317fcba56f914e14d9ab5ecc	640	360	1721.0	5.0	898.0	564.0	False	False
kirland360p_60f	kirland360p_60f	svtav1	svtav1_20191126_fbad3ac	60	32	150172.0	150.172	46.246166666666674	48.00849999999999	49.03883333333332	46.110328	47.988231	49.015119	94.924691	383379.0	6.38965	640	360	30.0	8	e8a7da9d34b61ffb7a5ddff88c26eab6	73053e4c4baeb15e15cc151e61fbdf7a	640	360	2018.0	5.0	736.0	591.0	False	False
kirland360p_60f	kirland360p_60f	svtav1	svtav1_20191126_fbad3ac	60	43	75636.0	75.636	44.27216666666666	47.23283333333336	47.823	43.993945000000004	47.186288	47.697888	92.173098	268374.0	4.4729	640	360	30.0	8	0d1a7b2904297012d8ed0db4af4f5ccb	636c682819f8a268e1178d2e9dcac34a	640	360	1682.0	4.0	512.0	559.0	False	False
kirland360p_60f	kirland360p_60f	svtav1	svtav1_20191126_fbad3ac	60	55	40796.0	40.796	41.38783333333334	46.182166666666646	46.09066666666667	41.02595899999999	46.080062	45.818223	85.388053	275544.0	4.5924	640	360	30.0	8	51b75df402a5d18dc8de824fe8a3275c	8c9d59d449715ace7c7832b1a910a6c5	640	360	1775.0	4.0	507.0	576.0	False	False
kirland360p_60f	kirland360p_60f	svtav1	svtav1_20191126_fbad3ac	60	59	30372.0	30.372	39.61899999999999	45.35533333333332	45.07633333333334	39.22444600000001	45.20626	44.753201	79.532641	241999.0	4.033316666666667	640	360	30.0	8	da5299b0bb707593e921535048c8cc4f	601a523bdfd81f6e1bd019903608a569	640	360	1653.0	10.0	644.0	545.0	False	False
KristenAndSara_1280x720_60f	KristenAndSara_1280x720_60f	svtav1	svtav1_20191126_fbad3ac	60	20	3421504.0	3421.504	44.680166666666665	49.02633333333334	49.932333333333325	44.673779	49.024817	49.931739	96.947217	3434181.0	57.23635	1280	720	60.0	8	67a31149af25a0c9c1adaf105096d72d	3930801b8a91b5f0cf53449e39c4fa9a	1280	720	8565.0	4.0	4721.0	2636.0	False	False
KristenAndSara_1280x720_60f	KristenAndSara_1280x720_60f	svtav1	svtav1_20191126_fbad3ac	60	32	1343896.0	1343.896	43.51383333333331	48.30466666666669	49.19733333333336	43.504316	48.30215	49.195759	96.066678	1996360.0	33.272666666666666	1280	720	60.0	8	b36011bd20a6344d9b13bf1d695d40fa	b68e95c758fb97604a518a88e666c1bc	1280	720	6808.0	7.0	3486.0	2653.0	False	False
KristenAndSara_1280x720_60f	KristenAndSara_1280x720_60f	svtav1	svtav1_20191126_fbad3ac	60	43	716352.0	716.352	42.226166666666636	47.276666666666664	48.171	42.21161300000001	47.27402300000001	48.168817	94.480681	1956825.0	32.61375	1280	720	60.0	8	3da0fc58e94a6c3fcb8d71782a1db019	e507761059a1cce190a8ff203e43c717	1280	720	7119.0	7.0	2908.0	3184.0	False	False
KristenAndSara_1280x720_60f	KristenAndSara_1280x720_60f	svtav1	svtav1_20191126_fbad3ac	60	55	317080.0	317.08	39.513166666666685	44.799833333333346	45.858166666666655	39.490952	44.792498	45.854598	89.393854	1448221.0	24.137016666666668	1280	720	60.0	8	81b1113982e1b2959cbf544d0bb464f6	16ab97cfd29a844cecaea3a90e7b3175	1280	720	7336.0	4.0	2654.0	2669.0	False	False
KristenAndSara_1280x720_60f	KristenAndSara_1280x720_60f	svtav1	svtav1_20191126_fbad3ac	60	59	206856.0	206.85600000000002	37.598833333333324	43.10733333333334	44.133666666666635	37.582989	43.100912	44.12837	83.900341	1260092.0	21.001533333333334	1280	720	60.0	8	c0dc7d5ac98e6859d71aac4b45c51731	e4ae316cf5270ed7a8886b5aea3648d9	1280	720	6802.0	4.0	2182.0	2794.0	False	False
blue_sky_360p_60f	blue_sky_360p_60f	svtav1	svtav1_20191126_fbad3ac	60	20	1322536.0	1322.536	44.241	45.58066666666666	47.28316666666667	44.201083	45.528893	47.245945	99.924415	884604.0	14.7434	640	360	25.0	8	546eae7419dc390b2defa354d93fe5b7	04e180f542fee89bd8436f083168eeb1	640	360	2481.0	4.0	2176.0	576.0	False	False
blue_sky_360p_60f	blue_sky_360p_60f	svtav1	svtav1_20191126_fbad3ac	60	32	688203.0	688.203	41.53933333333334	43.54333333333333	45.23383333333331	41.464058	43.487268	45.19129	99.91745999999999	709498.0	11.824966666666667	640	360	25.0	8	d819958e1ed99995db06b05d9f50c300	b49ec07f3ecd9bfb1d03880943a81da8	640	360	2896.0	9.0	2033.0	599.0	False	False
blue_sky_360p_60f	blue_sky_360p_60f	svtav1	svtav1_20191126_fbad3ac	60	43	365926.0	365.926	38.774	41.04516666666665	42.762166666666666	38.669448	40.989867	42.727305	99.598239	583035.0	9.71725	640	360	25.0	8	5d17253ece608fbd002f78a73096d727	07af40a27adbe91e62ab545a0d0d4da1	640	360	2443.0	6.0	1736.0	547.0	False	False
blue_sky_360p_60f	blue_sky_360p_60f	svtav1	svtav1_20191126_fbad3ac	60	55	161656.0	161.656	35.02066666666667	37.246	39.40749999999999	34.939259	37.216168	39.391307	93.614288	649568.0	10.826133333333333	640	360	25.0	8	fe1691558200c7c9bffd17d75fef9ae5	f0df8e59b55424a772238de28094ffad	640	360	3204.0	14.0	1975.0	690.0	False	False
blue_sky_360p_60f	blue_sky_360p_60f	svtav1	svtav1_20191126_fbad3ac	60	59	105883.0	105.883	32.77766666666667	35.568999999999996	38.30216666666667	32.740154	35.555887	38.289775	87.144327	540580.0	9.009666666666666	640	360	25.0	8	7813f9745674c5c22ccc6e9b63f267d2	20faa87205b05c71c7d235d836837822	640	360	3390.0	7.0	2020.0	604.0	False	False
KristenAndSara_1280x720_60_10b	KristenAndSara_1280x720_60_10b	svtav1	svtav1_20191126_fbad3ac	60	20	3013960.0	3013.96	44.750666666666675	49.231333333333346	50.238500000000016	44.748073	49.230832	50.237624	96.950869	2805262.0	46.75436666666667	1280	720	60.0	10	18c58427caa2bc8e5022a2c68e809d53	c51fe86bd0314f6ea6d49c2518eceabc	1280	720	11061.0	4.0	5126.0	2631.0	False	False
KristenAndSara_1280x720_60_10b	KristenAndSara_1280x720_60_10b	svtav1	svtav1_20191126_fbad3ac	60	32	1158928.0	1158.928	43.386333333333326	48.19516666666666	49.161500000000025	43.380188	48.194147	49.1611	95.9418	2916195.0	48.60325	1280	720	60.0	10	c2e2bf0ffa2c05736d2797aee543a463	3caa02c8158166f8961d1473f1c2ff16	1280	720	11107.0	3.0	3991.0	2577.0	False	False
KristenAndSara_1280x720_60_10b	KristenAndSara_1280x720_60_10b	svtav1	svtav1_20191126_fbad3ac	60	43	682048.0	682.048	42.26199999999999	47.550666666666686	48.528000000000006	42.244134	47.546125	48.524074	94.529364	2815987.0	46.93311666666666	1280	720	60.0	10	8c365c55b3b52379859ba1b8a1c6ff1f	06d3543b5a5f135f8cdbc432516dc346	1280	720	12158.0	5.0	3261.0	2723.0	False	False
KristenAndSara_1280x720_60_10b	KristenAndSara_1280x720_60_10b	svtav1	svtav1_20191126_fbad3ac	60	55	315688.0	315.688	39.60966666666664	45.08083333333335	46.13649999999999	39.586271	45.075288	46.131523	89.717423	1843517.0	30.725283333333334	1280	720	60.0	10	2cc217cff96759f6aa96c8eeb45f4c85	320fed93107c32735e2cab7aa930531d	1280	720	11439.0	10.0	3200.0	2984.0	False	False
KristenAndSara_1280x720_60_10b	KristenAndSara_1280x720_60_10b	svtav1	svtav1_20191126_fbad3ac	60	59	205024.0	205.024	37.60349999999998	43.31550000000002	44.47166666666669	37.589659	43.3102	44.468034	83.508026	1465814.0	24.430233333333334	1280	720	60.0	10	7dd34852df19040e609ca83a857c73fc	094a2ef51d8d01478894873dc9e35769	1280	720	10967.0	4.0	2644.0	2748.0	False	False
Netflix_DrivingPOV_1280x720_60fp	Netflix_DrivingPOV_1280x720_60fp	svtav1	svtav1_20191126_fbad3ac	60	20	11482080.0	11482.08	42.7795	46.465833333333336	45.13583333333336	42.758083000000006	46.459688	45.130631	99.64391300000001	6044308.0	100.73846666666667	1280	720	60.0	8	68b7e6e2ac74f36d0b809c4ed6d31cd7	3cb8c6eceaf75d0db08dc63dee698626	1280	720	9648.0	7.0	9318.0	3718.0	False	False
Netflix_DrivingPOV_1280x720_60fp	Netflix_DrivingPOV_1280x720_60fp	svtav1	svtav1_20191126_fbad3ac	60	32	5615536.0	5615.536000000001	40.47916666666667	45.193666666666644	44.170333333333346	40.444672	45.184047	44.165301	98.634737	2926859.0	48.78098333333333	1280	720	60.0	8	9905c6b77b8c7046dae2b788057598a8	67b995698d9edc8f7e50ef3ced4a1d57	1280	720	9435.0	3.0	5943.0	2628.0	False	False
Netflix_DrivingPOV_1280x720_60fp	Netflix_DrivingPOV_1280x720_60fp	svtav1	svtav1_20191126_fbad3ac	60	43	2809624.0	2809.6240000000003	38.01999999999999	43.61416666666667	43.14200000000002	37.976059	43.596926	43.135341	96.289304	2398423.0	39.97371666666667	1280	720	60.0	8	35f7257844ee034c6fec1394e816ff03	7701b15f4b8f5a4772db3b168fbae7c9	1280	720	9315.0	4.0	5494.0	2655.0	False	False
Netflix_DrivingPOV_1280x720_60fp	Netflix_DrivingPOV_1280x720_60fp	svtav1	svtav1_20191126_fbad3ac	60	55	1188120.0	1188.12	34.794	41.21033333333332	41.57516666666666	34.757788	41.198865	41.569615	90.038604	2176237.0	36.27061666666667	1280	720	60.0	8	5bb21a7fe1a8e73db7fd434197074645	15b775da9a053352ba714657851ebd94	1280	720	8874.0	5.0	5058.0	2760.0	False	False
Netflix_DrivingPOV_1280x720_60fp	Netflix_DrivingPOV_1280x720_60fp	svtav1	svtav1_20191126_fbad3ac	60	59	728928.0	728.928	32.77166666666666	39.65533333333333	40.425999999999995	32.756178	39.648781	40.422672	83.598181	2034503.0	33.90838333333333	1280	720	60.0	8	86b4974fbbf0a2087f7b75a56e8670ca	c300b92d1a50385016896da64b6f18d5	1280	720	9135.0	7.0	5035.0	3302.0	False	False
niklas360p_60f	niklas360p_60f	svtav1	svtav1_20191126_fbad3ac	60	20	1477472.0	1477.472	44.452333333333335	47.93450000000003	47.65599999999999	44.369884	47.86484699999999	47.577508	98.381923	1251802.0	20.863366666666668	640	360	30.0	8	a276832aa21424a3a4aa5812eed706b5	6286adb9a4099deb77715356bdace8bc	640	360	3200.0	7.0	2176.0	693.0	False	False
niklas360p_60f	niklas360p_60f	svtav1	svtav1_20191126_fbad3ac	60	32	821244.0	821.244	42.09116666666667	46.571	46.06000000000001	41.987261	46.506808	45.98239	96.829822	856519.0	14.275316666666667	640	360	30.0	8	86488daeefdc68a5e26092a8a142d0f0	a7b1ccf18186be7f08282458020eed16	640	360	3343.0	6.0	1789.0	634.0	False	False
niklas360p_60f	niklas360p_60f	svtav1	svtav1_20191126_fbad3ac	60	43	422528.0	422.528	38.99100000000002	44.54083333333333	43.755833333333335	38.906751	44.51544	43.72551	93.1574	689503.0	11.491716666666667	640	360	30.0	8	f339591fdf54644a4f91742d04a34d83	cf52436e5ee5209a50e8c24d43f9351e	640	360	2498.0	5.0	1506.0	686.0	False	False
niklas360p_60f	niklas360p_60f	svtav1	svtav1_20191126_fbad3ac	60	55	204848.0	204.848	35.327333333333335	42.169666666666664	41.07366666666667	35.282225	42.151253	41.053424	85.043023	649755.0	10.82925	640	360	30.0	8	0e545697140ee7c6f6f5de37aa84003b	57bd175aaeec7a61ca6bd73bd98fdd9d	640	360	2408.0	17.0	1316.0	657.0	False	False
niklas360p_60f	niklas360p_60f	svtav1	svtav1_20191126_fbad3ac	60	59	140060.0	140.06	33.37199999999999	40.70733333333333	39.432	33.349849	40.691133	39.406737	78.374542	466404.0	7.7734	640	360	30.0	8	5e1e56b26e7017a3266f9fd775b56ce8	14ec78d2fa3da5d43fe6a28a7a45e19c	640	360	2430.0	7.0	1166.0	606.0	False	False
shields_640x360_60f	shields_640x360_60f	svtav1	svtav1_20191126_fbad3ac	60	20	2388793.0	2388.793	42.43283333333332	45.60983333333334	47.28916666666666	42.302696	45.588355	47.221152	99.44524	945506.0	15.758433333333333	640	360	50.0	8	71581272ca0f5b9d2887eb8f0a1af632	bc69089b9da2b40f9d38df8de96c5d8f	640	360	3502.0	4.0	1671.0	607.0	False	False
shields_640x360_60f	shields_640x360_60f	svtav1	svtav1_20191126_fbad3ac	60	32	1274340.0	1274.34	40.70899999999998	44.040166666666664	45.617833333333344	40.512466	44.002281	45.511896	99.434024	815926.0	13.598766666666666	640	360	50.0	8	fae6702858b9095c4ff0658c4eec274a	32bdc6a2fea272061893766e7c2b8a22	640	360	4000.0	6.0	1515.0	694.0	False	False
shields_640x360_60f	shields_640x360_60f	svtav1	svtav1_20191126_fbad3ac	60	43	673313.0	673.313	38.14616666666667	41.4205	43.10799999999999	37.87247	41.340994	42.943336	99.376796	729410.0	12.156833333333333	640	360	50.0	8	075d6854cecc8746cf2ed103bd4b1288	45344a03f60570352c9e48c63fd4cddf	640	360	4229.0	4.0	1326.0	668.0	False	False
shields_640x360_60f	shields_640x360_60f	svtav1	svtav1_20191126_fbad3ac	60	55	335853.0	335.853	34.6375	38.20316666666667	40.14866666666667	34.287721	38.043871	39.904343	95.517887	735784.0	12.263066666666667	640	360	50.0	8	2391c661e71751b91a4572abd3df24b6	e600b312458c75eeb9bcaa3231e4b58a	640	360	4245.0	6.0	1819.0	1101.0	False	False
shields_640x360_60f	shields_640x360_60f	svtav1	svtav1_20191126_fbad3ac	60	59	219140.0	219.14	32.11916666666666	36.33849999999999	38.240833333333356	31.70756	36.126171	37.996507	88.908336	542449.0	9.040816666666666	640	360	50.0	8	e25ff2dbffcdbe447185c329f5238add	e80dd38ca463a39b7b74120046958867	640	360	4637.0	9.0	1702.0	1111.0	False	False
speed_bag_640x360_60f	speed_bag_640x360_60f	svtav1	svtav1_20191126_fbad3ac	60	20	482632.0	482.632	47.04366666666667	49.79433333333334	51.22183333333332	46.970104	49.746786	51.166739	98.314556	665140.0	11.085666666666667	640	360	29.97	8	ceab95458dc1e202a8607735c55be664	c21f36632d4125d8e9a6153c4a2031ec	640	360	1993.0	5.0	1747.0	680.0	False	False
speed_bag_640x360_60f	speed_bag_640x360_60f	svtav1	svtav1_20191126_fbad3ac	60	32	259757.0	259.757	45.26433333333331	48.59983333333333	50.18	45.146499	48.520668	50.074342	97.429947	813372.0	13.5562	640	360	29.97	8	8a569561c7bcfc6a01597d3ab2c26f5a	55637db929ca014eff7b25ee696cecb6	640	360	2459.0	6.0	1461.0	644.0	False	False
speed_bag_640x360_60f	speed_bag_640x360_60f	svtav1	svtav1_20191126_fbad3ac	60	43	146610.0	146.61	43.23266666666667	46.96950000000002	48.762499999999996	43.015461	46.857353	48.61196499999999	95.298599	339292.0	5.654866666666667	640	360	29.97	8	814612102fdf68906fb51cc9becb97a7	ab0ea8be2682008bfcff7585e0cb0c88	640	360	1910.0	4.0	1166.0	613.0	False	False
speed_bag_640x360_60f	speed_bag_640x360_60f	svtav1	svtav1_20191126_fbad3ac	60	55	74217.0	74.217	40.081833333333336	44.19516666666667	46.45833333333333	39.790995	44.078579	46.258391	86.380627	324787.0	5.413116666666666	640	360	29.97	8	0379016f2db387350e9170ec182cc679	fdb98c6bc95bc1a49be2a669e49b16eb	640	360	1862.0	4.0	982.0	721.0	False	False
speed_bag_640x360_60f	speed_bag_640x360_60f	svtav1	svtav1_20191126_fbad3ac	60	59	53842.0	53.842	38.071500000000015	42.54816666666667	45.01849999999999	37.861429	42.458793	44.812761	78.35509500000002	342617.0	5.710283333333333	640	360	29.97	8	f24c92019e6cec6343bdb72eb742a7c8	da40db507254fdc4b6cc7a81cc065e7a	640	360	2003.0	4.0	1003.0	642.0	False	False
gipsrestat720p_60f	gipsrestat720p_60f	svtav1	svtav1_20191126_fbad3ac	60	20	3625046.0	3625.046	44.93783333333332	47.47216666666666	49.0865	44.92635400000001	47.467652	49.083064	97.00712	4321852.0	72.03086666666667	1280	720	50.0	8	056520e256559e2ca9d3c2ae3cd367a1	1dde7c6f85cf493b102d0f7aefc6e371	1280	720	10024.0	5.0	4225.0	2964.0	False	False
gipsrestat720p_60f	gipsrestat720p_60f	svtav1	svtav1_20191126_fbad3ac	60	32	1368746.0	1368.746	43.32583333333334	46.87049999999999	48.361499999999985	43.303348	46.867362	48.357431	95.848819	2270706.0	37.8451	1280	720	50.0	8	72fb7faedc6553af182bb462918836de	83945ce455f554f0d3766975c5724687	1280	720	7386.0	4.0	2696.0	2655.0	False	False
gipsrestat720p_60f	gipsrestat720p_60f	svtav1	svtav1_20191126_fbad3ac	60	43	713120.0	713.12	41.72583333333333	46.046833333333325	47.362166666666674	41.684297	46.045879	47.358648	94.104757	2047049.0	34.11748333333333	1280	720	50.0	8	ee17794d0d865aa904897e01bf320426	3640f8a22819117920d2cb9a722c82a3	1280	720	10483.0	7.0	3833.0	3701.0	False	False
gipsrestat720p_60f	gipsrestat720p_60f	svtav1	svtav1_20191126_fbad3ac	60	55	338340.0	338.34	38.94916666666666	44.129166666666656	44.989833333333344	38.923718	44.126474	44.987911000000004	89.47536	1341290.0	22.354833333333332	1280	720	50.0	8	aa74b73f2f1bcd97c1b8b74b9c9f91d2	72bdab9b455b85dc8b9df66320f43478	1280	720	7706.0	5.0	2101.0	2849.0	False	False
gipsrestat720p_60f	gipsrestat720p_60f	svtav1	svtav1_20191126_fbad3ac	60	59	214346.0	214.346	36.57550000000001	42.363166666666665	42.88200000000001	36.566137	42.362122	42.880777	83.755699	1268488.0	21.141466666666666	1280	720	50.0	8	b8f5c179776dd22340c0939c6a093d6b	657a0e0a878ebedaa8fd9eb2e0f2ca04	1280	720	7700.0	3.0	1820.0	2766.0	False	False
thaloundeskmtg360p_60f	thaloundeskmtg360p_60f	svtav1	svtav1_20191126_fbad3ac	60	20	925000.0	925.0	44.761166666666654	48.818000000000005	48.820499999999996	44.606492	48.762032	48.785024	96.951858	1075959.0	17.93265	640	360	30.0	8	74b4ec4740e77d351304688de9f39f2f	a77a4f0d3fc3ded94c73c55c13f580bf	640	360	2649.0	4.0	1342.0	686.0	False	False
thaloundeskmtg360p_60f	thaloundeskmtg360p_60f	svtav1	svtav1_20191126_fbad3ac	60	32	487736.0	487.736	43.22083333333333	47.56200000000001	47.6705	42.997138	47.514318	47.640685	95.891291	692643.0	11.54405	640	360	30.0	8	44ad43233f57fc0faf702d767850b81f	3e89ac63a48b130383dfa50dbdf3bff9	640	360	2448.0	8.0	1048.0	621.0	False	False
thaloundeskmtg360p_60f	thaloundeskmtg360p_60f	svtav1	svtav1_20191126_fbad3ac	60	43	264044.0	264.044	41.17883333333334	45.955666666666666	46.05083333333334	40.862372	45.926408	46.029828	93.840861	414478.0	6.907966666666667	640	360	30.0	8	291ee307c97476e6b843fb260a1f0f8e	c6bc857eea5219a81dbaac0641954c0e	640	360	2249.0	10.0	798.0	645.0	False	False
thaloundeskmtg360p_60f	thaloundeskmtg360p_60f	svtav1	svtav1_20191126_fbad3ac	60	55	124096.0	124.096	37.59266666666666	42.93183333333333	42.834500000000006	37.334637	42.918239	42.814699	87.562078	455110.0	7.585166666666667	640	360	30.0	8	f960c2f2b13cfae243d64a096b38518b	45bafc72dc8d27d597f7d562bacac413	640	360	2411.0	4.0	754.0	640.0	False	False
thaloundeskmtg360p_60f	thaloundeskmtg360p_60f	svtav1	svtav1_20191126_fbad3ac	60	59	88472.0	88.472	35.588166666666666	41.063333333333325	41.23483333333334	35.258203	41.048592	41.21246899999999	82.413213	501680.0	8.361333333333333	640	360	30.0	8	2a71e11b289f65cf13fba33005f4cd20	e0bd6da3df2d60a5339c7c96681314e8	640	360	3434.0	8.0	732.0	709.0	False	False
DinnerScene_1920x1080_2997_10b	DinnerScene_1920x1080_2997_10b	svtav1	svtav1_20191126_fbad3ac	60	20	1501860.0	1501.86	41.80399999999998	42.67783333333333	47.50966666666667	41.803215	42.674765	47.509089	91.44679	9238512.0	153.9752	1920	1080	29.97	10	80c1e1997ed308973c40472a57e0b850	bbd7edaeee8381fb5ad13aa2cd61a2c3	1920	1080	26526.0	4.0	17178.0	6353.0	False	False
DinnerScene_1920x1080_2997_10b	DinnerScene_1920x1080_2997_10b	svtav1	svtav1_20191126_fbad3ac	60	32	265612.0	265.612	41.56383333333331	42.2615	47.28766666666665	41.563472	42.260913	47.288141	89.251402	5882225.0	98.03708333333333	1920	1080	29.97	10	4245964c94d66a25b4b4d10a6e9fb7eb	4cbbdfe48cd4750917be22832f7a6353	1920	1080	27460.0	4.0	10991.0	6709.0	False	False
DinnerScene_1920x1080_2997_10b	DinnerScene_1920x1080_2997_10b	svtav1	svtav1_20191126_fbad3ac	60	43	149243.0	149.243	41.35649999999999	42.19300000000001	47.1201666666667	41.357086	42.192124	47.119814	86.677335	6862546.0	114.37576666666666	1920	1080	29.97	10	8fbf7b63141fe7ca01d3832fa0033475	31d60afa63936431f2b2e5e7a8dadc70	1920	1080	26304.0	4.0	11216.0	8206.0	False	False
DinnerScene_1920x1080_2997_10b	DinnerScene_1920x1080_2997_10b	svtav1	svtav1_20191126_fbad3ac	60	55	75277.0	75.277	40.70216666666668	41.93433333333335	46.59066666666667	40.698867	41.934196	46.588575	79.440222	5192735.0	86.54558333333334	1920	1080	29.97	10	81b30e6896957a061a2b5c582a82b257	9e23d061ad97444d978b98d439757020	1920	1080	30182.0	4.0	8093.0	6750.0	False	False
DinnerScene_1920x1080_2997_10b	DinnerScene_1920x1080_2997_10b	svtav1	svtav1_20191126_fbad3ac	60	59	52894.0	52.894	39.955999999999996	41.58866666666665	45.99283333333335	39.945152	41.588651	45.990618	70.938541	3577586.0	59.62643333333333	1920	1080	29.97	10	dd9366d0a6607d693bf6838820f82145	ec690de71f70ec982972031f4c0872b6	1920	1080	27375.0	4.0	9218.0	6628.0	False	False
BarScene1_1920x1080_2997_10b	BarScene1_1920x1080_2997_10b	svtav1	svtav1_20191126_fbad3ac	60	20	1358547.0	1358.547	42.33566666666664	44.70283333333334	43.714333333333336	42.335498	44.702133	43.713384	92.896603	8583023.0	143.05038333333334	1920	1080	29.97	10	b19c285717ba037c8116fa286ef5b366	f452902c753c74892d4a93e01f9d7700	1920	1080	30884.0	2.0	10332.0	6355.0	False	False
BarScene1_1920x1080_2997_10b	BarScene1_1920x1080_2997_10b	svtav1	svtav1_20191126_fbad3ac	60	32	340578.0	340.57800000000003	41.89916666666667	44.42200000000001	43.331666666666635	41.898188	44.422139	43.331379	91.29341	5629356.0	93.8226	1920	1080	29.97	10	aa7d207eaec309683fb5d3a1a7a49edb	6ac5bfc62fe4a0cdf07e194a77efc639	1920	1080	26658.0	4.0	5070.0	6810.0	False	False
BarScene1_1920x1080_2997_10b	BarScene1_1920x1080_2997_10b	svtav1	svtav1_20191126_fbad3ac	60	43	237665.0	237.665	41.67566666666668	44.386333333333354	43.28666666666666	41.675203	44.386305	43.286995	90.06677999999998	5983992.0	99.7332	1920	1080	29.97	10	09e0e7392a86864487545f5101ae0e76	b1ad71b55dc08f1dabf5b062f2fa312c	1920	1080	27884.0	3.0	3710.0	6681.0	False	False
BarScene1_1920x1080_2997_10b	BarScene1_1920x1080_2997_10b	svtav1	svtav1_20191126_fbad3ac	60	55	100300.0	100.3	40.57116666666665	43.87416666666666	42.84816666666664	40.570661	43.874096	42.848435	84.324305	3854623.0	64.24371666666667	1920	1080	29.97	10	1fe449e335077558bbd3b21e326ce42b	a5f68fa653d0893a9495924605bf1818	1920	1080	26693.0	5.0	4036.0	7037.0	False	False
BarScene1_1920x1080_2997_10b	BarScene1_1920x1080_2997_10b	svtav1	svtav1_20191126_fbad3ac	60	59	63566.0	63.566	39.62349999999999	43.27566666666666	42.40966666666668	39.622973	43.275845	42.409552	77.622888	3440722.0	57.34536666666666	1920	1080	29.97	10	b3057237a28d6352589683f46a46656f	55a2a7f9d5c76bf01f71c91eefb41932	1920	1080	26321.0	7.0	3862.0	6699.0	False	False
Sintel_Dragons_1920x816_24_10b	Sintel_Dragons_1920x816_24_10b	svtav1	svtav1_20191126_fbad3ac	60	20	5345523.0	5345.523	46.908833333333334	51.250666666666675	51.45016666666667	46.839955	51.224272	51.405381	99.911821	5494999.0	91.58331666666666	1920	816	24.0	10	0ee7d849e061a80e7aed7bef8600bdc9	a96e0fe056502fd98392ff76f15fda06	1920	816	16553.0	6.0	16718.0	4553.0	False	False
Sintel_Dragons_1920x816_24_10b	Sintel_Dragons_1920x816_24_10b	svtav1	svtav1_20191126_fbad3ac	60	32	2783705.0	2783.705	43.89983333333334	48.84233333333332	48.917999999999985	43.829336	48.809952	48.849764	99.892479	4171801.0	69.53001666666667	1920	816	24.0	10	666da7cdeafeb1b036dccadc8479ceac	a75947b2e3759a14ff9667fea390ce31	1920	816	16679.0	18.0	15321.0	4529.0	False	False
Sintel_Dragons_1920x816_24_10b	Sintel_Dragons_1920x816_24_10b	svtav1	svtav1_20191126_fbad3ac	60	43	1451808.0	1451.808	40.88799999999999	46.324000000000005	46.424	40.813727	46.287581	46.343969	98.085546	4412389.0	73.53981666666667	1920	816	24.0	10	218a815742413b05d7bbc6694adefac9	0d53861aece0db28da597cd4dffa76de	1920	816	14366.0	8.0	13975.0	5095.0	False	False
Sintel_Dragons_1920x816_24_10b	Sintel_Dragons_1920x816_24_10b	svtav1	svtav1_20191126_fbad3ac	60	55	697328.0	697.328	37.400166666666664	43.24816666666665	43.40399999999998	37.34618	43.210277	43.342711	85.12199	3585836.0	59.763933333333334	1920	816	24.0	10	cd9086bb93ddf420ebe3c41325529e3d	fb69657dd16d815b969abcf541c9e865	1920	816	14380.0	5.0	11931.0	4642.0	False	False
Sintel_Dragons_1920x816_24_10b	Sintel_Dragons_1920x816_24_10b	svtav1	svtav1_20191126_fbad3ac	60	59	497456.0	497.456	35.78333333333333	41.716166666666666	41.93216666666663	35.734857	41.675062	41.881224	75.867734	3438852.0	57.3142	1920	816	24.0	10	6fcda80b9114ab6f65d86a727b816e4e	6f0f54da14d6cbcee13ac1737aa3d726	1920	816	14159.0	4.0	10654.0	4339.0	False	False
STARCRAFT_60f_420	STARCRAFT_60f_420	svtav1	svtav1_20191126_fbad3ac	60	20	7798424.0	7798.424	50.498333333333335	53.552999999999976	53.523833333333336	50.486247	53.542424	53.51892	97.619069	3302336.0	55.03893333333333	1920	1080	60.0	8	6afa2cbf3a06726a4441da6da18e5013	5eeea9c5ee88c4bceca6cb11e70eb0a7	1920	1080	15237.0	4.0	3660.0	6470.0	False	False
STARCRAFT_60f_420	STARCRAFT_60f_420	svtav1	svtav1_20191126_fbad3ac	60	32	4482904.0	4482.904	47.1665	51.18099999999999	51.32416666666666	47.151108	51.166122	51.316875	96.868412	2807455.0	46.79091666666667	1920	1080	60.0	8	71831e3e61d6f3f0eb07cd286fafffdd	096ddc4330bfe262737010b19dd34d41	1920	1080	15630.0	5.0	3277.0	6272.0	False	False
STARCRAFT_60f_420	STARCRAFT_60f_420	svtav1	svtav1_20191126_fbad3ac	60	43	2707624.0	2707.6240000000003	44.031500000000015	48.883166666666675	49.047500000000014	44.006258	48.859313	49.036762	95.518947	2400476.0	40.007933333333334	1920	1080	60.0	8	30f1b03bea880009e0748b857f5f9d75	7ce915f334dfcb99ee68c66e15ccd464	1920	1080	15193.0	5.0	3855.0	7519.0	False	False
STARCRAFT_60f_420	STARCRAFT_60f_420	svtav1	svtav1_20191126_fbad3ac	60	55	1102576.0	1102.576	38.671833333333325	44.65799999999999	44.69866666666667	38.65717	44.638572	44.683937	90.068181	2278721.0	37.978683333333336	1920	1080	60.0	8	28b8b7e60bdff8a08026a293648f4438	6d153ba6e72bbfb58df4ca64d9b66eef	1920	1080	16710.0	5.0	3419.0	6798.0	False	False
STARCRAFT_60f_420	STARCRAFT_60f_420	svtav1	svtav1_20191126_fbad3ac	60	59	656776.0	656.776	35.81833333333334	42.422333333333334	42.51733333333334	35.809978	42.41086	42.51061	83.772669	1790068.0	29.834466666666668	1920	1080	60.0	8	b4261434ba0ead0249b3494af4679f2e	ff1da0513face8455453743dc8981d45	1920	1080	15344.0	4.0	2823.0	6186.0	False	False
red_kayak_360p_60f	red_kayak_360p_60f	svtav1	svtav1_20191126_fbad3ac	60	20	9302983.0	9302.983	41.17383333333332	44.54733333333333	49.05266666666666	41.089109	44.50772	49.041979	99.897671	1801827.0	30.03045	640	360	29.97	8	12309cad59c499454f88bfde5063c89b	0cd3d4f1ead3e4dc58700fdea8120285	640	360	2895.0	4.0	4089.0	674.0	False	False
red_kayak_360p_60f	red_kayak_360p_60f	svtav1	svtav1_20191126_fbad3ac	60	32	5481895.0	5481.895	36.60416666666666	42.09916666666663	47.70116666666666	36.43152	42.03772	47.683932	99.731062	2026319.0	33.77198333333333	640	360	29.97	8	7e3255c5e596113abdaaa90fded0819d	9818680d09bd0aaff022a710677bdaed	640	360	3401.0	11.0	4817.0	1684.0	False	False
red_kayak_360p_60f	red_kayak_360p_60f	svtav1	svtav1_20191126_fbad3ac	60	43	2472602.0	2472.602	31.917833333333352	39.78949999999998	46.847500000000004	31.74001	39.737847	46.820178000000006	86.075136	1011420.0	16.857	640	360	29.97	8	de3f6e5f982f9b4042008a6f49616557	6ace1388e7115cde2b00324d8434bb6b	640	360	2804.0	6.0	2907.0	603.0	False	False
red_kayak_360p_60f	red_kayak_360p_60f	svtav1	svtav1_20191126_fbad3ac	60	55	747548.0	747.548	28.018499999999992	37.99783333333334	45.193999999999996	27.914568	37.968171	45.137638	58.424675	1205805.0	20.09675	640	360	29.97	8	a4fece286467f82dd9f03463f352eb88	b354e40ccdb765825c10047c730a15cc	640	360	4315.0	8.0	5403.0	2101.0	False	False
red_kayak_360p_60f	red_kayak_360p_60f	svtav1	svtav1_20191126_fbad3ac	60	59	408618.0	408.618	26.866333333333333	37.24399999999999	44.58883333333333	26.791695	37.215098	44.483199	44.151323	692479.0	11.541316666666667	640	360	29.97	8	7be3860db88eb320aa3e48e41bbd3c1a	5b1a36690722bf6552975bb77f0d2638	640	360	2627.0	4.0	2657.0	645.0	False	False
RollerCoastPas_1920x1080_2997_10	RollerCoastPas_1920x1080_2997_10	svtav1	svtav1_20191126_fbad3ac	60	20	2847390.0	2847.39	44.8898333333333	45.182499999999976	43.801333333333346	44.889131	45.182537	43.799905	97.00387500000001	6619079.0	110.31798333333333	1920	1080	29.97	10	50c3a35437afac3a454850271b3d90b5	3af3506b42b583078830f2640088bfdd	1920	1080	27961.0	4.0	6904.0	6084.0	False	False
RollerCoastPas_1920x1080_2997_10	RollerCoastPas_1920x1080_2997_10	svtav1	svtav1_20191126_fbad3ac	60	32	1299865.0	1299.865	43.75383333333335	44.434000000000005	42.97250000000003	43.75186999999999	44.433771	42.971537	96.216146	6946153.0	115.76921666666667	1920	1080	29.97	10	07a4464cc928a7879abea4056dad67dd	a494e95c1f2ea74fc4501a0d3ab8efdb	1920	1080	38301.0	3.0	7216.0	7527.0	False	False
RollerCoastPas_1920x1080_2997_10	RollerCoastPas_1920x1080_2997_10	svtav1	svtav1_20191126_fbad3ac	60	43	778980.0	778.98	42.32483333333334	43.557	42.20816666666666	42.319441	43.55644300000001	42.207231	94.791304	4890867.0	81.51445	1920	1080	29.97	10	143d953b45f80e0282cc0fda0b8479b2	57c447e53f54d9535cdb052584afd154	1920	1080	27730.0	3.0	5012.0	6470.0	False	False
RollerCoastPas_1920x1080_2997_10	RollerCoastPas_1920x1080_2997_10	svtav1	svtav1_20191126_fbad3ac	60	55	362435.0	362.435	39.30683333333332	41.415	40.31033333333334	39.29577299999999	41.414243000000006	40.308546	90.377258	4993736.0	83.22893333333333	1920	1080	29.97	10	1de29a42a97d4de501832ffb78a71dab	cbb9b680f5452d5fa2bd405d657db4c0	1920	1080	27987.0	10.0	7561.0	14275.0	False	False
RollerCoastPas_1920x1080_2997_10	RollerCoastPas_1920x1080_2997_10	svtav1	svtav1_20191126_fbad3ac	60	59	228372.0	228.372	37.03116666666667	39.75183333333334	38.81100000000001	37.021393	39.751502	38.80977	84.264042	3719358.0	61.9893	1920	1080	29.97	10	03b0765bc4d7a6dac43ef0bce5e1ba35	bbb3bbd1ffdec298f3ab70ddd7218114	1920	1080	27069.0	5.0	3968.0	6519.0	False	False
Netflix_FoodMarket_1920x1080_60f	Netflix_FoodMarket_1920x1080_60f	svtav1	svtav1_20191126_fbad3ac	60	20	23188544.0	23188.544	41.12683333333334	44.88966666666667	45.619	41.120108	44.886179	45.618056	99.289293	9034940.0	150.58233333333334	1920	1080	60.0	8	7be406f3e6776ac454b73b4bf49c8086	299637f821ecdcc638805913c1aab695	1920	1080	16625.0	6.0	21375.0	6429.0	False	False
Netflix_FoodMarket_1920x1080_60f	Netflix_FoodMarket_1920x1080_60f	svtav1	svtav1_20191126_fbad3ac	60	32	7244744.0	7244.744	39.74933333333333	44.03233333333334	44.94000000000002	39.73756	44.02839000000001	44.938074	96.096731	7266450.0	121.1075	1920	1080	60.0	8	b52dc565a10fb22df85e37761bfb22b3	8edbd9342208fa2b19ea19c4d237f4e9	1920	1080	18835.0	6.0	14052.0	6609.0	False	False
Netflix_FoodMarket_1920x1080_60f	Netflix_FoodMarket_1920x1080_60f	svtav1	svtav1_20191126_fbad3ac	60	43	3571224.0	3571.224	38.44633333333333	43.14683333333334	44.19500000000001	38.425262	43.14177	44.192268	91.33438300000002	4414544.0	73.57573333333333	1920	1080	60.0	8	bd9256b0792cba5d8339d7e0b3b59812	17ab96d038c93a8a0c0d02e9269b56e2	1920	1080	21661.0	9.0	12034.0	8820.0	False	False
Netflix_FoodMarket_1920x1080_60f	Netflix_FoodMarket_1920x1080_60f	svtav1	svtav1_20191126_fbad3ac	60	55	1469408.0	1469.408	36.012499999999996	41.59966666666665	42.648666666666664	35.990234	41.59268	42.639587	78.368087	4682412.0	78.0402	1920	1080	60.0	8	a92104ad0c257baae46efa63fcbfeb85	0bff50f97ca495578620efe0b178ce66	1920	1080	17628.0	4.0	13549.0	8374.0	False	False
Netflix_FoodMarket_1920x1080_60f	Netflix_FoodMarket_1920x1080_60f	svtav1	svtav1_20191126_fbad3ac	60	59	941904.0	941.904	34.58583333333334	40.68250000000001	41.62883333333334	34.567776	40.677479999999996	41.609702	67.866653	3661452.0	61.0242	1920	1080	60.0	8	7f8b5b4ba20ebe8656bf10cc19abde76	1e7e923653e71a925dfe4e900d2bbdb7	1920	1080	17733.0	6.0	10144.0	6565.0	False	False
Netflix_PierSeaside_1920x1080_60	Netflix_PierSeaside_1920x1080_60	svtav1	svtav1_20191126_fbad3ac	60	20	7891424.0	7891.424	45.3605	47.3585	45.44933333333337	45.342524	47.349786	45.437643	99.877196	5358216.0	89.3036	1920	1080	60.0	8	fa804cdd153b532e89218c620fe2d2bb	a601f48fde4f3cd9547d0b327a4dca88	1920	1080	13999.0	5.0	11346.0	6009.0	False	False
Netflix_PierSeaside_1920x1080_60	Netflix_PierSeaside_1920x1080_60	svtav1	svtav1_20191126_fbad3ac	60	32	3341688.0	3341.688	43.649499999999996	46.59033333333333	44.85283333333333	43.606759	46.576773	44.83688300000001	99.320853	4328072.0	72.13453333333334	1920	1080	60.0	8	39192c8a99ef674cb23068766495bfb4	257f8eb0b953a125c4e661531a2544d1	1920	1080	14510.0	3.0	10144.0	6265.0	False	False
Netflix_PierSeaside_1920x1080_60	Netflix_PierSeaside_1920x1080_60	svtav1	svtav1_20191126_fbad3ac	60	43	1578144.0	1578.144	41.7725	45.477000000000004	44.129333333333335	41.702205	45.461989	44.114925	97.426182	3349891.0	55.831516666666666	1920	1080	60.0	8	7bde86ab5aebc46cd5ea78aaedb8d9ed	ed85c0331b28895579e16e0e7c0d7cb2	1920	1080	14992.0	5.0	9197.0	9369.0	False	False
Netflix_PierSeaside_1920x1080_60	Netflix_PierSeaside_1920x1080_60	svtav1	svtav1_20191126_fbad3ac	60	55	604568.0	604.568	38.707333333333324	42.932500000000005	42.18783333333335	38.65041899999999	42.919683	42.179392	90.884562	2622940.0	43.715666666666664	1920	1080	60.0	8	32bf33340a3e287b5d8ad04a5d2da567	6f2ac0183bd85bd7aec5cbf862d613d8	1920	1080	15303.0	6.0	8766.0	6880.0	False	False
Netflix_PierSeaside_1920x1080_60	Netflix_PierSeaside_1920x1080_60	svtav1	svtav1_20191126_fbad3ac	60	59	356208.0	356.208	36.69550000000001	41.21633333333332	40.70966666666667	36.66316199999999	41.210017	40.704957	83.72641	2905169.0	48.41948333333333	1920	1080	60.0	8	7026e46bb087d1920e2c4f3feb2eb0bb	10a1409fe7d81ceb0352b88f4b4e4207	1920	1080	18855.0	8.0	8820.0	6709.0	False	False
vidyo1_720p_60fps_60f	vidyo1_720p_60fps_60f	svtav1	svtav1_20191126_fbad3ac	60	20	3977896.0	3977.896	45.58366666666666	48.15983333333334	49.48249999999998	45.570577	48.153379	49.479627	96.545367	2878689.0	47.97815	1280	720	60.0	8	7270309cd289d1a4f6822c7ad6bf793f	d8dec9bf14c5aa84f2b3d24fd4fc8219	1280	720	7481.0	4.0	3726.0	2777.0	False	False
vidyo1_720p_60fps_60f	vidyo1_720p_60fps_60f	svtav1	svtav1_20191126_fbad3ac	60	32	1598392.0	1598.392	44.10716666666667	47.66983333333335	48.92349999999998	44.09964	47.665156	48.921376	95.284409	2184272.0	36.40453333333333	1280	720	60.0	8	3c804e299c2bea6793be084b89881875	7490ad15852e062b2197efdcf692a801	1280	720	6951.0	5.0	2864.0	2695.0	False	False
vidyo1_720p_60fps_60f	vidyo1_720p_60fps_60f	svtav1	svtav1_20191126_fbad3ac	60	43	726160.0	726.16	42.58816666666666	46.924	47.876666666666665	42.582442	46.921579	47.87565200000001	93.194933	1520959.0	25.349316666666667	1280	720	60.0	8	267517add45bb2127338d4795f8e0dee	e78a54eac13c06124c02963866a0f7b1	1280	720	7369.0	3.0	2556.0	2699.0	False	False
vidyo1_720p_60fps_60f	vidyo1_720p_60fps_60f	svtav1	svtav1_20191126_fbad3ac	60	55	344568.0	344.568	40.13033333333332	45.46049999999999	45.969000000000015	40.120027	45.459639	45.966955	87.848711	1511655.0	25.19425	1280	720	60.0	8	a0839fa89eac9dec024b6f9b01191aa3	614b8bf5a70dbd3c2bab1a20aad1b0d7	1280	720	7502.0	13.0	3586.0	3674.0	False	False
vidyo1_720p_60fps_60f	vidyo1_720p_60fps_60f	svtav1	svtav1_20191126_fbad3ac	60	59	225544.0	225.544	38.06449999999999	43.98333333333334	44.17583333333334	38.05898	43.982481	44.175495	81.355563	1103509.0	18.391816666666667	1280	720	60.0	8	8ec763db8fe044cb2bc4c0127de11fd1	742053fe68c8dee4aaab3ecc012cef53	1280	720	6568.0	3.0	2079.0	2631.0	False	False
vidyo4_720p_60fps_60f	vidyo4_720p_60fps_60f	svtav1	svtav1_20191126_fbad3ac	60	20	5688608.0	5688.607999999999	44.34683333333332	50.012166666666666	50.31099999999999	44.317471	50.007805	50.30751	97.807453	3156570.0	52.6095	1280	720	60.0	8	143e540e8343934a1ec2d21df060094b	7c59ce3e55eae718fbf447c6f797f4af	1280	720	7220.0	5.0	5090.0	2569.0	False	False
vidyo4_720p_60fps_60f	vidyo4_720p_60fps_60f	svtav1	svtav1_20191126_fbad3ac	60	32	1924832.0	1924.832	42.827666666666666	49.35116666666668	49.65983333333332	42.790717	49.34654	49.65551	96.463848	2204117.0	36.735283333333335	1280	720	60.0	8	93bbc5b27477d9317f620e3ff7da2f37	3f3fdbd1c6776564f644d58cdc3098e6	1280	720	6799.0	9.0	3576.0	2530.0	False	False
vidyo4_720p_60fps_60f	vidyo4_720p_60fps_60f	svtav1	svtav1_20191126_fbad3ac	60	43	936952.0	936.952	41.43483333333332	48.454833333333326	48.70599999999998	41.390238	48.447813	48.699699	94.422266	1802806.0	30.046766666666667	1280	720	60.0	8	ceac8d0d9e5b8614ca27648a71ecbf8c	20109be891984ceec2f658dfe884b2bc	1280	720	7070.0	4.0	3301.0	2702.0	False	False
vidyo4_720p_60fps_60f	vidyo4_720p_60fps_60f	svtav1	svtav1_20191126_fbad3ac	60	55	429056.0	429.056	39.12283333333333	46.74166666666667	46.85733333333332	39.068762	46.733636	46.84795	89.25081100000001	1514340.0	25.239	1280	720	60.0	8	99220241e0d0b47f83f4745e3db5a865	580cd08824f3a716472c86033d5354b8	1280	720	7017.0	5.0	2924.0	2869.0	False	False
vidyo4_720p_60fps_60f	vidyo4_720p_60fps_60f	svtav1	svtav1_20191126_fbad3ac	60	59	283408.0	283.408	37.456	45.19433333333335	45.14416666666668	37.414064	45.190813	45.138837	83.610151	1287731.0	21.462183333333332	1280	720	60.0	8	1c256fcf2edc7cbd722b03e1aa93f0da	1a8031b7ba64f26ecb738e39b853f28e	1280	720	6560.0	2.0	2527.0	2609.0	False	False
Cosmos1_1920x856_BT2100_PQ_24fps	Cosmos1_1920x856_BT2100_PQ_24fps	svtav1	svtav1_20191126_fbad3ac	60	20	23941705.0	23941.705	42.14466666666665	44.88666666666668	47.46166666666667	42.108412	44.836243	47.436064	99.433322	11117649.0	185.29415	1920	856	24.0	10	2e294bce2a9532735eb58a1bbfe76f2e	304350ffc2fc381d9574a9feee7f63fa	1920	856	26718.0	4.0	26660.0	4614.0	False	False
Cosmos1_1920x856_BT2100_PQ_24fps	Cosmos1_1920x856_BT2100_PQ_24fps	svtav1	svtav1_20191126_fbad3ac	60	32	9740012.0	9740.012	38.29283333333332	42.80033333333333	45.78716666666666	38.176104	42.765855	45.769947	95.309388	6624245.0	110.40408333333333	1920	856	24.0	10	36da19956836a2ee5eff122293448ccd	83db7bbe8ca02099b3f332d4ad5c3cb1	1920	856	22411.0	4.0	19865.0	4858.0	False	False
Cosmos1_1920x856_BT2100_PQ_24fps	Cosmos1_1920x856_BT2100_PQ_24fps	svtav1	svtav1_20191126_fbad3ac	60	43	3695897.0	3695.897	35.41516666666667	41.17766666666667	43.96916666666666	35.330087	41.15507	43.957679	84.522257	7272866.0	121.21443333333333	1920	856	24.0	10	dbe0b32d19b105baca0517b5bda81ca4	a70e4250e9e847d9cef92b7bcaf24419	1920	856	23079.0	3.0	15957.0	5089.0	False	False
Cosmos1_1920x856_BT2100_PQ_24fps	Cosmos1_1920x856_BT2100_PQ_24fps	svtav1	svtav1_20191126_fbad3ac	60	55	1290400.0	1290.4	32.48683333333334	39.39833333333333	41.99583333333332	32.441136	39.385802	41.991584	63.928099	5425254.0	90.4209	1920	856	24.0	10	889ee26ce7c6e48b9f27ff216f13caba	db7b975bfe521f339bba09a9fde6651f	1920	856	23003.0	4.0	14215.0	5060.0	False	False
Cosmos1_1920x856_BT2100_PQ_24fps	Cosmos1_1920x856_BT2100_PQ_24fps	svtav1	svtav1_20191126_fbad3ac	60	59	802073.0	802.073	31.223999999999993	38.56550000000001	41.18533333333335	31.188314	38.555717	41.181209	52.686016	4852601.0	80.87668333333333	1920	856	24.0	10	73a3a64ff158007e67e8f070ba905c82	435292b0f1d7a932d50770187a02fe2e	1920	856	23271.0	3.0	12911.0	5152.0	False	False
ducks_1920x1080_50fps_10b	ducks_1920x1080_50fps_10b	svtav1	svtav1_20191126_fbad3ac	60	20	118372266.0	118372.266	39.15466666666667	39.49716666666668	41.525	39.131657	39.482035	41.503981	98.864104	15599851.0	259.9975166666667	1920	1080	50.0	10	d8e153a8eb48e66e9ffc29f7c88a86a9	650db577783e3ed2dc6ef93afaa23847	1920	1080	29704.0	3.0	40527.0	6421.0	False	False
ducks_1920x1080_50fps_10b	ducks_1920x1080_50fps_10b	svtav1	svtav1_20191126_fbad3ac	60	32	32319173.0	32319.173	35.25816666666666	37.001333333333335	39.98066666666667	35.229585	36.978099	39.96801	93.782302	10327177.0	172.11961666666667	1920	1080	50.0	10	018acdac19f1cc699544aa19674fc274	16d2fc60bdf18a2ea39a32779c47feaa	1920	1080	29832.0	6.0	30409.0	6952.0	False	False
ducks_1920x1080_50fps_10b	ducks_1920x1080_50fps_10b	svtav1	svtav1_20191126_fbad3ac	60	43	11065240.0	11065.24	33.17566666666667	35.21333333333333	38.589166666666664	33.149481	35.176968	38.579091	84.843837	8746958.0	145.78263333333334	1920	1080	50.0	10	9dd7b655b591b1014c16e3b51a65df59	e675e609c8052456ba232459c2bcb6bb	1920	1080	29654.0	4.0	23302.0	7029.0	False	False
ducks_1920x1080_50fps_10b	ducks_1920x1080_50fps_10b	svtav1	svtav1_20191126_fbad3ac	60	55	3945500.0	3945.5	30.631666666666668	33.22016666666666	37.15933333333333	30.597926999999995	33.184121	37.155708	67.746404	7303600.0	121.72666666666667	1920	1080	50.0	10	712581bf8ae874d72bf651357110836b	b3df1955099fe97fc1627f064806d027	1920	1080	30282.0	5.0	18436.0	6865.0	False	False
ducks_1920x1080_50fps_10b	ducks_1920x1080_50fps_10b	svtav1	svtav1_20191126_fbad3ac	60	59	2522373.0	2522.373	29.419333333333334	32.307833333333335	36.56316666666667	29.384228	32.276333	36.559597000000004	58.004967	5600676.0	93.3446	1920	1080	50.0	10	212ee79ffd2c5fe888656b4a20abb578	88333a33b44836bb07756fd1846a1753	1920	1080	42386.0	6.0	16303.0	7123.0	False	False
ShowGirl2TeaserClip4000_1920x108	ShowGirl2TeaserClip4000_1920x108	svtav1	svtav1_20191126_fbad3ac	60	20	3136476.0	3136.476	42.37683333333334	46.49133333333334	49.177666666666696	42.375704	46.490455	49.177596	95.355571	9311620.0	155.19366666666667	1920	1080	25.0	10	1ad803ef32da82360e18cc9d707c1b5e	b7438df58d949b738ec0e583f603a2ba	1920	1080	26314.0	3.0	13003.0	6516.0	False	False
ShowGirl2TeaserClip4000_1920x108	ShowGirl2TeaserClip4000_1920x108	svtav1	svtav1_20191126_fbad3ac	60	32	1238816.0	1238.816	41.544166666666676	46.05466666666666	48.50499999999998	41.541382	46.053679	48.504562	93.225144	8405671.0	140.09451666666666	1920	1080	25.0	10	22626026ad44072894f828878c750153	2cf1a691034cb7f6b48244d974666220	1920	1080	26738.0	3.0	10728.0	7375.0	False	False
ShowGirl2TeaserClip4000_1920x108	ShowGirl2TeaserClip4000_1920x108	svtav1	svtav1_20191126_fbad3ac	60	43	718590.0	718.59	40.707	45.77549999999999	48.05349999999998	40.694271	45.773315	48.052404	90.317067	5022811.0	83.71351666666666	1920	1080	25.0	10	7717e77dc03cdc92f213a90e0f05d239	a42db2375974977a6067515388dc51fb	1920	1080	26411.0	12.0	8774.0	6755.0	False	False
ShowGirl2TeaserClip4000_1920x108	ShowGirl2TeaserClip4000_1920x108	svtav1	svtav1_20191126_fbad3ac	60	55	315976.0	315.976	38.63233333333333	44.60833333333331	46.48749999999998	38.609136	44.607104	46.486618	82.208789	4984257.0	83.07095	1920	1080	25.0	10	62ea3ffe086aae234658b14b43ae9e69	bc02858e888df966b5c7ae9b6d85189a	1920	1080	27179.0	3.0	6782.0	6470.0	False	False
ShowGirl2TeaserClip4000_1920x108	ShowGirl2TeaserClip4000_1920x108	svtav1	svtav1_20191126_fbad3ac	60	59	191280.0	191.28	36.88416666666668	43.38933333333333	45.04633333333331	36.869408	43.389078	45.046563	73.26017500000002	5305467.0	88.42445	1920	1080	25.0	10	c56c84d18e0ebb4fa9f2fe2094f16d91	96b8705b775536901d642604d83146d7	1920	1080	28284.0	6.0	10833.0	8986.0	False	False
DOTA2_60f_420	DOTA2_60f_420	svtav1	svtav1_20191126_fbad3ac	60	20	16284000.0	16284.0	45.51383333333333	49.29366666666668	49.40466666666666	45.486404	49.255981	49.376078	97.54672	8611774.0	143.52956666666665	1920	1080	60.0	8	79103b587a19483ed0398a2e88344771	766310308bdc406fff3eac9ca1647301	1920	1080	17231.0	9.0	10925.0	7453.0	False	False
DOTA2_60f_420	DOTA2_60f_420	svtav1	svtav1_20191126_fbad3ac	60	32	8281184.0	8281.184	43.22983333333333	47.28599999999999	47.50133333333335	43.172472	47.222429	47.458811	95.845173	5722109.0	95.36848333333333	1920	1080	60.0	8	35e972478174e443d61baf49108f8aae	000b0ee5fb642032df671035ebd9eb23	1920	1080	16764.0	3.0	8424.0	6712.0	False	False
DOTA2_60f_420	DOTA2_60f_420	svtav1	svtav1_20191126_fbad3ac	60	43	4050656.0	4050.656	40.62816666666665	44.83250000000002	45.17283333333333	40.55322	44.753382	45.126167	92.351831	5145311.0	85.75518333333333	1920	1080	60.0	8	37802488c7c2c3ea214d92dd3db1781f	773a6d9ba49c9352da8401db719d9542	1920	1080	24784.0	9.0	8144.0	6557.0	False	False
DOTA2_60f_420	DOTA2_60f_420	svtav1	svtav1_20191126_fbad3ac	60	55	1543976.0	1543.976	36.96483333333334	41.41549999999998	41.76616666666667	36.908152	41.35943	41.733524	83.032111	3421680.0	57.028	1920	1080	60.0	8	865cd68128dcd9b58d8bb495c1a87488	bf029d07e34d5daf16a2323461aa0c6d	1920	1080	17886.0	5.0	6935.0	6565.0	False	False
DOTA2_60f_420	DOTA2_60f_420	svtav1	svtav1_20191126_fbad3ac	60	59	910504.0	910.504	34.81983333333333	39.44650000000001	39.68316666666667	34.794742	39.42297700000001	39.663301	73.444592	4138532.0	68.97553333333333	1920	1080	60.0	8	af02308e627382237a96bdb3f204a3ea	bed7f770ce9297d12d079abc23542800	1920	1080	19320.0	6.0	7140.0	9920.0	False	False
Netflix_RollerCoaster_1280x720_6	Netflix_RollerCoaster_1280x720_6	svtav1	svtav1_20191126_fbad3ac	60	20	8477680.0	8477.68	44.84633333333334	46.76733333333333	46.79166666666668	44.832449	46.759729	46.786516	99.916816	5012114.0	83.53523333333334	1280	720	60.0	8	7363f59024bbedd5e4fb73bbe3703b94	9071b09f1f774e604e515b4d431d7592	1280	720	7848.0	6.0	10957.0	3605.0	False	False
Netflix_RollerCoaster_1280x720_6	Netflix_RollerCoaster_1280x720_6	svtav1	svtav1_20191126_fbad3ac	60	32	4316624.0	4316.624	42.62499999999999	45.120000000000005	45.50716666666667	42.594292	45.10291	45.498846	99.873048	2827832.0	47.13053333333333	1280	720	60.0	8	07ba6e7aa5aabef87cdb4ac6ffb5ab9e	3ef7cb7feb67f4f4287a2439eacad6a6	1280	720	8470.0	3.0	6964.0	2670.0	False	False
Netflix_RollerCoaster_1280x720_6	Netflix_RollerCoaster_1280x720_6	svtav1	svtav1_20191126_fbad3ac	60	43	2230536.0	2230.536	40.18016666666666	43.17866666666667	43.92933333333333	40.140363	43.153556	43.918919	97.77282799999999	2466792.0	41.1132	1280	720	60.0	8	ca261515cac2d9a81b3edb472a48d41f	916b1f139bd2caf471eddd824bfa82c8	1280	720	7612.0	3.0	7126.0	4480.0	False	False
Netflix_RollerCoaster_1280x720_6	Netflix_RollerCoaster_1280x720_6	svtav1	svtav1_20191126_fbad3ac	60	55	1000488.0	1000.488	36.7855	40.27466666666667	41.61666666666666	36.750498	40.25060700000001	41.603516	88.478654	2541390.0	42.3565	1280	720	60.0	8	25d8db02489bca00076ed0af5f4790ed	4b14f2069cbabb5020a653e2f43d07b1	1280	720	7621.0	5.0	5877.0	3440.0	False	False
Netflix_RollerCoaster_1280x720_6	Netflix_RollerCoaster_1280x720_6	svtav1	svtav1_20191126_fbad3ac	60	59	677424.0	677.4240000000001	34.90616666666666	38.532833333333336	40.27433333333334	34.879193	38.512369	40.264587	80.01019	1588613.0	26.476883333333333	1280	720	60.0	8	3ea5960dc225bcc01bfd19391ea01eaf	71a868cb40609c78896371949694c319	1280	720	7380.0	6.0	5431.0	2620.0	False	False
Starting_1920x1080p_50_10b_pq_70	Starting_1920x1080p_50_10b_pq_70	svtav1	svtav1_20191126_fbad3ac	60	20	5086586.0	5086.586	46.992500000000014	49.883500000000005	51.63833333333333	46.94499600000001	49.819959	51.541701	96.72586699999998	7983978.0	133.0663	1920	1080	50.0	10	d1266b04949f992f53465d8adc8a7f03	67e77edbab987847f44348f8ae76f14d	1920	1080	30418.0	13.0	9670.0	6585.0	False	False
Starting_1920x1080p_50_10b_pq_70	Starting_1920x1080p_50_10b_pq_70	svtav1	svtav1_20191126_fbad3ac	60	32	2539340.0	2539.3400000000006	45.561166666666665	48.80050000000002	50.20950000000001	45.498292	48.755154	50.152663	95.683213	4947158.0	82.45263333333334	1920	1080	50.0	10	02637c1979823124828e67a41f42105b	9279a48f8856cbe765cd06ed973d198e	1920	1080	23348.0	29.0	8472.0	6554.0	False	False
Starting_1920x1080p_50_10b_pq_70	Starting_1920x1080p_50_10b_pq_70	svtav1	svtav1_20191126_fbad3ac	60	43	1431266.0	1431.266	43.77149999999999	47.50350000000001	48.434333333333335	43.699648	47.491416	48.42045	93.797476	4435941.0	73.93235	1920	1080	50.0	10	8e6ea6f7c9598a518b8d6dc37fd09b0f	ed24ac7de159b59c5dcc3b0fe8d0c212	1920	1080	23150.0	4.0	7987.0	6421.0	False	False
Starting_1920x1080p_50_10b_pq_70	Starting_1920x1080p_50_10b_pq_70	svtav1	svtav1_20191126_fbad3ac	60	55	580626.0	580.626	39.75533333333332	44.82750000000001	44.977666666666686	39.721375	44.827216	44.977427	86.766	4936713.0	82.27855	1920	1080	50.0	10	5c1a4c599eda0da3fe8dcca56ca432cc	c5ff0b8c3f832005f92facbf86ff94fe	1920	1080	24837.0	9.0	13203.0	10695.0	False	False
Starting_1920x1080p_50_10b_pq_70	Starting_1920x1080p_50_10b_pq_70	svtav1	svtav1_20191126_fbad3ac	60	59	340120.0	340.12	37.05933333333335	43.293666666666674	43.28516666666667	37.04429	43.292996	43.284798	78.788941	4621451.0	77.02418333333334	1920	1080	50.0	10	af805d0ef7623fa11dc66af61635886c	356034c78ed1937dd4e64d01e4084af9	1920	1080	23715.0	25.0	11139.0	8664.0	False	False
Netflix_TunnelFlag_1920x1080_60f	Netflix_TunnelFlag_1920x1080_60f	svtav1	svtav1_20191126_fbad3ac	60	20	28117408.0	28117.408	42.85050000000002	46.85799999999999	48.38499999999999	42.833029	46.849414	48.381084	99.931232	9455280.0	157.588	1920	1080	60.0	8	c4c93a229940fbf4282b9a20e914d0a1	0969ae0e4249eb5a34a51918a5cea0ab	1920	1080	16775.0	28.0	20986.0	6051.0	False	False
Netflix_TunnelFlag_1920x1080_60f	Netflix_TunnelFlag_1920x1080_60f	svtav1	svtav1_20191126_fbad3ac	60	32	14081072.0	14081.072000000002	40.542833333333334	45.274	47.07966666666667	40.505473	45.2699	47.077263	99.91576	7489509.0	124.82515	1920	1080	60.0	8	9442689b731d189b6ace61cd0199fc95	3da3d0b2bf95c99ecb3e68990feea606	1920	1080	17153.0	4.0	17887.0	6471.0	False	False
Netflix_TunnelFlag_1920x1080_60f	Netflix_TunnelFlag_1920x1080_60f	svtav1	svtav1_20191126_fbad3ac	60	43	6983656.0	6983.656	37.998333333333335	43.240500000000004	45.458833333333324	37.948593	43.235679	45.455091	99.88066	7400230.0	123.33716666666666	1920	1080	60.0	8	e9b5715ed19b83ffe18f8a9a02b0f5a9	2bbb8116a9b52cc45d94b610efbf32eb	1920	1080	20249.0	3.0	16805.0	7052.0	False	False
Netflix_TunnelFlag_1920x1080_60f	Netflix_TunnelFlag_1920x1080_60f	svtav1	svtav1_20191126_fbad3ac	60	55	3323296.0	3323.296	35.081333333333326	40.284000000000006	42.57149999999999	35.048504	40.280715	42.568433	99.779077	4478755.0	74.64591666666666	1920	1080	60.0	8	b6cd39c02de7d8630c56f9182c0d7312	ecbe822f7986389390a04f0afe554709	1920	1080	17379.0	21.0	15126.0	6630.0	False	False
Netflix_TunnelFlag_1920x1080_60f	Netflix_TunnelFlag_1920x1080_60f	svtav1	svtav1_20191126_fbad3ac	60	59	2442088.0	2442.088	33.610499999999995	38.98616666666667	40.97966666666667	33.590796	38.982644	40.975778	99.646226	3830001.0	63.83335	1920	1080	60.0	8	f1719e41883892cf43ac6446e5d050e8	36becad9773534918b748e0d9628162d	1920	1080	17404.0	34.0	14197.0	7048.0	False	False
dark720p_60f	dark720p_60f	svtav1	svtav1_20191126_fbad3ac	60	20	7368140.0	7368.14	46.077999999999996	43.43149999999999	45.017833333333336	46.021554	43.150600000000004	44.854342	96.257357	5207744.0	86.79573333333333	1280	720	30.0	8	94e10fde6a3cb1a4caf4d9f0f624ed44	8a4d7783eb4b572a797cebc4918e8f41	1280	720	7014.0	10.0	20365.0	8434.0	False	False
dark720p_60f	dark720p_60f	svtav1	svtav1_20191126_fbad3ac	60	32	1898480.0	1898.48	43.61966666666669	39.2025	41.90916666666666	43.582998	39.108326	41.87709400000001	93.331313	3576762.0	59.6127	1280	720	30.0	8	bce3320231288142009a38234c2d50a1	edce10ee64ecb86eda29dac2063c4aff	1280	720	6231.0	4.0	9331.0	2680.0	False	False
dark720p_60f	dark720p_60f	svtav1	svtav1_20191126_fbad3ac	60	43	339984.0	339.984	42.32716666666666	36.996	40.88566666666665	42.31243299999999	36.976795	40.877616	90.55011	1704619.0	28.410316666666667	1280	720	30.0	8	e2825574a466fc5a5d25f8dfeffebc75	ba24084717aa821b7dcff0a508651f5e	1280	720	6615.0	5.0	5030.0	2515.0	False	False
dark720p_60f	dark720p_60f	svtav1	svtav1_20191126_fbad3ac	60	55	120992.0	120.992	40.82633333333333	36.30499999999999	39.948499999999996	40.81891699999999	36.301965	39.943885	86.216607	1152535.0	19.208916666666667	1280	720	30.0	8	0ce85745a9ab25c64e91feb2e6794bc9	6c2fee37667a4f5b8369a879baee8568	1280	720	6300.0	4.0	3055.0	2640.0	False	False
dark720p_60f	dark720p_60f	svtav1	svtav1_20191126_fbad3ac	60	59	83644.0	83.644	39.659666666666666	35.751333333333335	39.14233333333334	39.653827	35.748371	39.133647	82.32605200000002	1028499.0	17.14165	1280	720	30.0	8	541a8e4226b5308cb3f5d95a07ce6e13	facfe8ee9aac2abcf644f581c0e5098f	1280	720	6347.0	3.0	2537.0	2520.0	False	False
Aerial_1920x1080_2997_10b	Aerial_1920x1080_2997_10b	svtav1	svtav1_20191126_fbad3ac	60	20	10001683.0	10001.683	43.565000000000005	46.02150000000001	45.338999999999984	43.531145	46.005089	45.3253	96.38386800000002	6618092.0	110.30153333333334	1920	1080	29.97	10	d1332317e929fc336c89ac1a670ea788	5cfd9f39d0f4a0e4a41fab838422be92	1920	1080	29723.0	8.0	12091.0	6950.0	False	False
Aerial_1920x1080_2997_10b	Aerial_1920x1080_2997_10b	svtav1	svtav1_20191126_fbad3ac	60	32	5272567.0	5272.567	41.79433333333334	44.83149999999999	44.29716666666668	41.74484	44.81592	44.28579	95.282562	6696362.0	111.60603333333333	1920	1080	29.97	10	a383ab575cde2cb73c479002ad347a58	8ae397a6f2b6615be424489240cb6567	1920	1080	29590.0	4.0	9415.0	6559.0	False	False
Aerial_1920x1080_2997_10b	Aerial_1920x1080_2997_10b	svtav1	svtav1_20191126_fbad3ac	60	43	3021967.0	3021.967	39.66733333333333	43.16466666666666	42.94916666666667	39.616021	43.155302	42.945178000000006	93.184311	5004669.0	83.41115	1920	1080	29.97	10	4460b8fe1b4e2ed9d76e5b6f2676d218	46d4dd8e0e7ac367bc48299d540706b0	1920	1080	29795.0	5.0	8330.0	6751.0	False	False
Aerial_1920x1080_2997_10b	Aerial_1920x1080_2997_10b	svtav1	svtav1_20191126_fbad3ac	60	55	1234419.0	1234.419	35.30049999999999	40.14266666666665	40.715333333333355	35.287028	40.14018	40.714857	86.287377	5302848.0	88.3808	1920	1080	29.97	10	12ba9f0d5af004b9231d3e077bba7afe	4f07d3b346c003387e3676c40e944fc2	1920	1080	31785.0	4.0	6763.0	6862.0	False	False
Aerial_1920x1080_2997_10b	Aerial_1920x1080_2997_10b	svtav1	svtav1_20191126_fbad3ac	60	59	640273.0	640.273	32.137833333333326	38.47250000000002	39.605333333333334	32.135079	38.47214900000001	39.605105	77.578416	6570070.0	109.50116666666666	1920	1080	29.97	10	480c5628534ac761b18534ece9071464	3eb4988144fc57eb82fa4c27619f2ba1	1920	1080	32725.0	5.0	6837.0	7307.0	False	False
Netflix_SquareAndTimelapse_1920x	Netflix_SquareAndTimelapse_1920x	svtav1	svtav1_20191126_fbad3ac	60	20	21042280.0	21042.279999999995	44.59766666666666	48.94883333333335	48.11466666666668	44.581827	48.94283	48.10516500000001	99.894043	8982098.0	149.70163333333332	1920	1080	60.0	8	3e90eb544ce4474cb9328b7304c19445	fba1c951399a5a54d6abf9245d2cbba7	1920	1080	19396.0	4.0	16668.0	6356.0	False	False
Netflix_SquareAndTimelapse_1920x	Netflix_SquareAndTimelapse_1920x	svtav1	svtav1_20191126_fbad3ac	60	32	11893464.0	11893.464	42.20433333333333	47.24950000000001	46.19433333333335	42.179854	47.238426	46.179063	99.882224	7369329.0	122.82215	1920	1080	60.0	8	41cacf0f146c354093fa81c133a7cab7	67f16f0eff7b0065f6475fc331c67adf	1920	1080	16462.0	4.0	15520.0	6281.0	False	False
Netflix_SquareAndTimelapse_1920x	Netflix_SquareAndTimelapse_1920x	svtav1	svtav1_20191126_fbad3ac	60	43	6510152.0	6510.152	39.351666666666674	45.21016666666665	43.93366666666666	39.310296	45.198202	43.917771	98.69017	5750582.0	95.84303333333334	1920	1080	60.0	8	17d4cd60c76c5835c3f612ac0bb423bf	dfe97438fd73f98a9ff2480fdd7808a4	1920	1080	17249.0	3.0	13690.0	6597.0	False	False
Netflix_SquareAndTimelapse_1920x	Netflix_SquareAndTimelapse_1920x	svtav1	svtav1_20191126_fbad3ac	60	55	2999360.0	2999.36	35.50533333333333	42.15600000000002	40.80499999999999	35.467686	42.142172	40.789382	88.403406	4712260.0	78.53766666666667	1920	1080	60.0	8	c9244d6cb0166077447fc6a2fadafc35	5d0912e01e0f0268ddd2702b23fd9504	1920	1080	17144.0	21.0	12344.0	6564.0	False	False
Netflix_SquareAndTimelapse_1920x	Netflix_SquareAndTimelapse_1920x	svtav1	svtav1_20191126_fbad3ac	60	59	1993328.0	1993.328	33.43866666666667	40.30216666666666	39.018666666666675	33.419265	40.295248	39.009987	79.218834	4940458.0	82.34096666666667	1920	1080	60.0	8	0dfb44f1c50130a29e9ebc334b10db65	60d5f59133ef23526cc88f629fb403bb	1920	1080	17907.0	8.0	20708.0	11104.0	False	False
aspen_1080p_60f	aspen_1080p_60f	svtav1	svtav1_20191126_fbad3ac	60	20	8613309.0	8613.309	44.070499999999996	47.96633333333332	49.081833333333336	44.06175799999999	47.96379	49.079748	98.011495	7495918.0	124.93196666666667	1920	1080	29.97	8	2d2ff6fef4b330bf7a4dea768c642c38	6aadd639661b35af2ae7f7f844a6c96d	1920	1080	12398.0	6.0	18772.0	6223.0	False	False
aspen_1080p_60f	aspen_1080p_60f	svtav1	svtav1_20191126_fbad3ac	60	32	2638723.0	2638.723	42.17033333333333	47.02683333333333	48.16533333333333	42.156514	47.025218	48.162188	94.105659	7266967.0	121.11611666666667	1920	1080	29.97	8	22f9c223711efa47273edc87d1189edc	05af1c22ed084cde0c7e3509c167fc6c	1920	1080	12259.0	6.0	14657.0	8149.0	False	False
aspen_1080p_60f	aspen_1080p_60f	svtav1	svtav1_20191126_fbad3ac	60	43	1127267.0	1127.267	40.79933333333333	45.80049999999999	46.943666666666665	40.782321	45.797696	46.940446	89.022348	4053235.0	67.55391666666667	1920	1080	29.97	8	340433d1f503ce8b735c9560b92b47c5	8691b549b63e17e94df7cab06cd6ddf8	1920	1080	12531.0	4.0	11561.0	6564.0	False	False
aspen_1080p_60f	aspen_1080p_60f	svtav1	svtav1_20191126_fbad3ac	60	55	468308.0	468.308	38.57	43.52033333333334	44.44966666666668	38.54479	43.514126	44.445949	78.815238	2745091.0	45.75151666666667	1920	1080	29.97	8	1b8dbc2eff67e55dc66ee52262db0ccd	654e8a46a7dae9395305f17c80c3b5c0	1920	1080	13142.0	4.0	10263.0	6267.0	False	False
aspen_1080p_60f	aspen_1080p_60f	svtav1	svtav1_20191126_fbad3ac	60	59	312436.0	312.436	37.0775	42.214333333333336	43.001333333333335	37.05128	42.20796	42.998385	69.856575	2497335.0	41.62225	1920	1080	29.97	8	7137e1273b6d0555fb579cef149a1531	08e6ab39de3c5d7c91a1db4bf227d994	1920	1080	13145.0	4.0	9747.0	6387.0	False	False
touchdown_pass_1080p_60f	touchdown_pass_1080p_60f	svtav1	svtav1_20191126_fbad3ac	60	20	21071295.0	21071.295	40.766	48.0885	48.24933333333332	40.727843	48.079629	48.240652	96.357195	9473808.0	157.8968	1920	1080	29.97	8	2bfc16569b9cc5f25d314d7939c345be	7dab1e6ff5c59a529f66ede8bc8db764	1920	1080	17327.0	4.0	27241.0	6643.0	False	False
touchdown_pass_1080p_60f	touchdown_pass_1080p_60f	svtav1	svtav1_20191126_fbad3ac	60	32	5299884.0	5299.884	38.77866666666667	47.4555	47.58766666666667	38.757065	47.447382	47.578917	94.290988	7696095.0	128.26825	1920	1080	29.97	8	15e6bf5e1e1ac09b7e8715c9db81edbd	7afb8ad96d0831b3416da4ba3f158454	1920	1080	25193.0	5.0	14619.0	6865.0	False	False
touchdown_pass_1080p_60f	touchdown_pass_1080p_60f	svtav1	svtav1_20191126_fbad3ac	60	43	2162348.0	2162.348	37.49916666666665	46.435000000000024	46.47566666666666	37.47723	46.429614	46.46827	91.396665	5113144.0	85.21906666666666	1920	1080	29.97	8	c78e66f5a582cdb4f38c2222f0eb6aeb	442ceba046abd5815182a668d0df759f	1920	1080	16824.0	4.0	12387.0	6834.0	False	False
touchdown_pass_1080p_60f	touchdown_pass_1080p_60f	svtav1	svtav1_20191126_fbad3ac	60	55	898297.0	898.297	35.24999999999999	44.661166666666674	44.72000000000002	35.224521	44.654948	44.711956	82.809828	4112594.0	68.54323333333333	1920	1080	29.97	8	6d8a8a92ce0630c6985e5d0dab40edeb	fb824ad2060887e6e16c811c767f90a9	1920	1080	17353.0	10.0	11663.0	7161.0	False	False
touchdown_pass_1080p_60f	touchdown_pass_1080p_60f	svtav1	svtav1_20191126_fbad3ac	60	59	526927.0	526.927	33.413999999999994	43.5615	43.63383333333333	33.390092	43.558828	43.627718	72.288031	3758759.0	62.645983333333334	1920	1080	29.97	8	31cfeff80b1999db5a0255eb27589984	23fd5c779066d98e44e884a63b4bdb30	1920	1080	17642.0	9.0	9729.0	6621.0	False	False
ToddlerFountn_1920x1080_2997_10b	ToddlerFountn_1920x1080_2997_10b	svtav1	svtav1_20191126_fbad3ac	60	20	58574586.0	58574.586	41.393	46.33166666666667	43.78700000000002	41.333159	46.314958	43.752924	99.907929	13310064.0	221.8344	1920	1080	29.97	10	d8045ce8f04ad7b1cf2a1c03f5d01cf3	1922c54bdbefb16ffd99a86475b36b80	1920	1080	28512.0	3.0	34039.0	6596.0	False	False
ToddlerFountn_1920x1080_2997_10b	ToddlerFountn_1920x1080_2997_10b	svtav1	svtav1_20191126_fbad3ac	60	32	29282507.0	29282.507	37.20066666666666	44.646166666666666	41.79166666666666	37.10066100000001	44.632989	41.768865	99.875805	12071957.0	201.19928333333334	1920	1080	29.97	10	9f04586ff4d7bd2a74593229fb8e011c	602a3280db1e39f9e20cf7a622cee0a2	1920	1080	28639.0	21.0	30998.0	6921.0	False	False
ToddlerFountn_1920x1080_2997_10b	ToddlerFountn_1920x1080_2997_10b	svtav1	svtav1_20191126_fbad3ac	60	43	12849759.0	12849.759	33.47016666666667	43.02499999999999	40.225333333333325	33.385249	43.017394	40.215348999999996	90.01305699999999	10988120.0	183.13533333333334	1920	1080	29.97	10	55cb5a50a36ef29969b16f7ed04ab3c9	c9d82a9a7214c5fbda7e84770aecca20	1920	1080	28643.0	4.0	25736.0	7240.0	False	False
ToddlerFountn_1920x1080_2997_10b	ToddlerFountn_1920x1080_2997_10b	svtav1	svtav1_20191126_fbad3ac	60	55	4669621.0	4669.621	30.095166666666675	41.52100000000001	38.984000000000016	30.047955	41.517914	38.981249	67.420989	6493633.0	108.22721666666666	1920	1080	29.97	10	0e3f7ed88bb1776315ea8191bbd28205	c354c419a9c9e20c3e280a3adfc6d4f7	1920	1080	38068.0	8.0	21008.0	6896.0	False	False
ToddlerFountn_1920x1080_2997_10b	ToddlerFountn_1920x1080_2997_10b	svtav1	svtav1_20191126_fbad3ac	60	59	2943723.0	2943.723	28.8705	40.91816666666667	38.624	28.833085	40.916957	38.622446	55.863366	8452390.0	140.87316666666666	1920	1080	29.97	10	685b57dfb6f3ed3020ed5c6c96e474c2	314d19244004255bb1b6639d2aa5c5f1	1920	1080	30816.0	7.0	20361.0	7199.0	False	False
Market3_1920x1080p_50_10b_pq_709	Market3_1920x1080p_50_10b_pq_709	svtav1	svtav1_20191126_fbad3ac	60	20	13218946.0	13218.946	44.955666666666666	51.53750000000001	52.496	44.941913	51.530995	52.49113	99.852386	7975360.0	132.92266666666666	1920	1080	50.0	10	2f3552f59593a660f4a5364a9a5b0e8c	16202298302bda831be8616bb175d087	1920	1080	26158.0	31.0	16061.0	6004.0	False	False
Market3_1920x1080p_50_10b_pq_709	Market3_1920x1080p_50_10b_pq_709	svtav1	svtav1_20191126_fbad3ac	60	32	6727006.0	6727.006	42.36816666666668	49.3635	50.470000000000006	42.342142	49.358112	50.468405	98.873693	6652250.0	110.87083333333334	1920	1080	50.0	10	6ac38f97c335671e49d3690a4309847f	cd5f09da0718046dca814d8f7e4c3802	1920	1080	26837.0	3.0	15115.0	6063.0	False	False
Market3_1920x1080p_50_10b_pq_709	Market3_1920x1080p_50_10b_pq_709	svtav1	svtav1_20191126_fbad3ac	60	43	3523306.0	3523.306	39.6385	47.468833333333336	48.71600000000001	39.600983	47.464054	48.715313	95.706565	6977621.0	116.29368333333333	1920	1080	50.0	10	6e5c3a4e185555990bc15c5da6763eb5	55b6f7eb1d43e1f2b9f7817048e59558	1920	1080	26766.0	3.0	15510.0	7387.0	False	False
Market3_1920x1080p_50_10b_pq_709	Market3_1920x1080p_50_10b_pq_709	svtav1	svtav1_20191126_fbad3ac	60	55	1439453.0	1439.453	35.78983333333334	44.81199999999999	46.32316666666667	35.76747	44.810798	46.322187	87.377562	5117722.0	85.29536666666667	1920	1080	50.0	10	054bc9dcf1fb4f1362371b86560c2c17	34f438c42d13452693fcf0292783f7b8	1920	1080	26766.0	4.0	14352.0	7310.0	False	False
Market3_1920x1080p_50_10b_pq_709	Market3_1920x1080p_50_10b_pq_709	svtav1	svtav1_20191126_fbad3ac	60	59	867146.0	867.146	33.754499999999986	43.248333333333335	44.905499999999996	33.745493	43.247766	44.898734	78.99025	6550136.0	109.16893333333333	1920	1080	50.0	10	7659fa54816a3d0300942d3e47227edc	b39f4af30ddc3481d77f9e671a475a02	1920	1080	28351.0	12.0	14906.0	7188.0	False	False
rush_hour_1080p25_60f	rush_hour_1080p25_60f	svtav1	svtav1_20191126_fbad3ac	60	20	5582866.0	5582.866	43.09100000000002	46.897333333333314	48.90266666666667	43.089555	46.894563	48.899566	97.13464	8801081.0	146.68468333333334	1920	1080	25.0	8	aceec37c70fe31932bce3bdfc4dcfe76	e21c30d0237ed731e91f2046446cac26	1920	1080	20575.0	7.0	19964.0	6511.0	False	False
rush_hour_1080p25_60f	rush_hour_1080p25_60f	svtav1	svtav1_20191126_fbad3ac	60	32	2661130.0	2661.13	42.224500000000006	45.92850000000001	47.696	42.2215	45.926083	47.690712	93.512989	5899840.0	98.33066666666667	1920	1080	25.0	8	ada4b5f07f713493157356b796db1bdd	341e35bfa6cab3b9e83b1fd08bf252d1	1920	1080	13520.0	4.0	17252.0	6476.0	False	False
rush_hour_1080p25_60f	rush_hour_1080p25_60f	svtav1	svtav1_20191126_fbad3ac	60	43	1280533.0	1280.533	40.87349999999999	44.818333333333335	46.28033333333333	40.859399	44.814351	46.271588	86.362512	4118812.0	68.64686666666667	1920	1080	25.0	8	7abae3aaff7c361b04331ac96f45e28f	bdaa9e4e735f92ecfc0be2f421776da0	1920	1080	17878.0	4.0	14016.0	6610.0	False	False
rush_hour_1080p25_60f	rush_hour_1080p25_60f	svtav1	svtav1_20191126_fbad3ac	60	55	562786.0	562.786	38.73116666666667	43.10833333333334	44.187000000000005	38.700533	43.103451	44.173205	73.600009	2947742.0	49.12903333333333	1920	1080	25.0	8	948aedd9aa0d36688a00042c9dfe3a4e	23360ba2cc59af9d7506989a65930639	1920	1080	14053.0	5.0	11007.0	6688.0	False	False
rush_hour_1080p25_60f	rush_hour_1080p25_60f	svtav1	svtav1_20191126_fbad3ac	60	59	389323.0	389.323	37.573166666666665	42.065666666666665	43.00883333333334	37.53951300000001	42.060211	42.997439	66.229866	3053230.0	50.887166666666666	1920	1080	25.0	8	2ba19b32d672eced59a189f9242b3b05	52b25a7b3e615cb01fa28cff27824287	1920	1080	14134.0	11.0	10640.0	7057.0	False	False
Netflix_Boat_1920x1080_60fps_8bi	Netflix_Boat_1920x1080_60fps_8bi	svtav1	svtav1_20191126_fbad3ac	60	20	29842272.0	29842.272	43.72783333333332	46.15549999999998	47.85983333333333	43.704684	46.130003	47.84034	99.908913	9863733.0	164.39555	1920	1080	60.0	8	5924a96e211c8d75af56aea332b77835	54102ce9b5b5297a83163c4bbc015018	1920	1080	19189.0	3.0	14946.0	6316.0	False	False
Netflix_Boat_1920x1080_60fps_8bi	Netflix_Boat_1920x1080_60fps_8bi	svtav1	svtav1_20191126_fbad3ac	60	32	16602984.0	16602.984	41.2705	44.59033333333333	46.035833333333336	41.221463	44.562108	46.01942900000001	99.676578	7693459.0	128.22431666666665	1920	1080	60.0	8	d36be832dc4fc00d8237fca0d4c0fc84	f3cca4767cbb8434350ac72921b39ccb	1920	1080	20029.0	3.0	13269.0	6317.0	False	False
Netflix_Boat_1920x1080_60fps_8bi	Netflix_Boat_1920x1080_60fps_8bi	svtav1	svtav1_20191126_fbad3ac	60	43	9234824.0	9234.824	38.35783333333334	42.96949999999999	44.03216666666666	38.269135	42.939468	44.016654	96.33966	6044608.0	100.74346666666666	1920	1080	60.0	8	22a1f67f1334111b71757eeafe815e81	38211a05577dc5f4374b4184390fba99	1920	1080	19707.0	6.0	11390.0	6612.0	False	False
Netflix_Boat_1920x1080_60fps_8bi	Netflix_Boat_1920x1080_60fps_8bi	svtav1	svtav1_20191126_fbad3ac	60	55	3993112.0	3993.112	34.01499999999999	40.46516666666668	41.01400000000001	33.949556	40.444989	41.010977	86.965306	4894368.0	81.5728	1920	1080	60.0	8	e35fc39f5ffaec487a51c9b1a2eacfca	78b17661635cb1b5947fc12a79d8d154	1920	1080	18867.0	5.0	9871.0	6412.0	False	False
Netflix_Boat_1920x1080_60fps_8bi	Netflix_Boat_1920x1080_60fps_8bi	svtav1	svtav1_20191126_fbad3ac	60	59	2630040.0	2630.04	31.824500000000008	38.99866666666665	39.61649999999998	31.78981	38.989251	39.616119	79.217159	4976708.0	82.94513333333333	1920	1080	60.0	8	e934c7f02534a0d5fea13438b35b3942	b39e8e87f8c3b2e02b9b2333a8055ce6	1920	1080	19564.0	5.0	9642.0	6504.0	False	False
Netflix_Crosswalk_1920x1080_60fp	Netflix_Crosswalk_1920x1080_60fp	svtav1	svtav1_20191126_fbad3ac	60	20	7887152.0	7887.152	45.59466666666665	48.333333333333336	50.18066666666668	45.58297	48.329004000000005	50.173708	99.184013	7202809.0	120.04681666666667	1920	1080	60.0	8	65c3ad80804fb3cf4f6e409186b32f96	8449d1ba22def6e06c87539aa4f737b7	1920	1080	12557.0	3.0	16931.0	6377.0	False	False
Netflix_Crosswalk_1920x1080_60fp	Netflix_Crosswalk_1920x1080_60fp	svtav1	svtav1_20191126_fbad3ac	60	32	3975280.0	3975.28	44.32783333333332	47.580833333333324	49.37566666666669	44.295873	47.575813	49.370033	95.967858	6569029.0	109.48381666666667	1920	1080	60.0	8	f1d1205165e2db9f92cfead754b17a14	2eec22dfa50e254205c32da25532c00f	1920	1080	33207.0	6.0	15648.0	6455.0	False	False
Netflix_Crosswalk_1920x1080_60fp	Netflix_Crosswalk_1920x1080_60fp	svtav1	svtav1_20191126_fbad3ac	60	43	2036264.0	2036.264	42.590333333333334	46.534666666666666	48.29283333333335	42.530734	46.526661	48.284048	89.808247	4143122.0	69.05203333333333	1920	1080	60.0	8	ff19c944e288ce85dd183df08ce64413	c901fb97f801eefb6d4b1ea964af7d60	1920	1080	12308.0	4.0	13893.0	6795.0	False	False
Netflix_Crosswalk_1920x1080_60fp	Netflix_Crosswalk_1920x1080_60fp	svtav1	svtav1_20191126_fbad3ac	60	55	933488.0	933.488	39.80966666666667	44.696666666666665	46.37366666666669	39.743734	44.690327	46.364998	75.600722	3333089.0	55.55148333333333	1920	1080	60.0	8	22a3a87b40af38000258f3812c10afeb	f0a7845e50adc844e5b53e237e7ee581	1920	1080	12867.0	4.0	11938.0	6416.0	False	False
Netflix_Crosswalk_1920x1080_60fp	Netflix_Crosswalk_1920x1080_60fp	svtav1	svtav1_20191126_fbad3ac	60	59	686224.0	686.224	38.52166666666666	43.83133333333334	45.35433333333333	38.455058	43.825763	45.345988	67.443144	3526057.0	58.76761666666667	1920	1080	60.0	8	c627b808f0f05d8d69b15356f40b2f39	d309f1966523595671d94cce52995018	1920	1080	14985.0	5.0	11822.0	6825.0	False	False
ducks_take_off_1080p50_60f	ducks_take_off_1080p50_60f	svtav1	svtav1_20191126_fbad3ac	60	20	114927206.0	114927.206	38.92600000000002	39.29249999999999	41.3495	38.904775	39.274885	41.326633	98.747755	15791009.0	263.18348333333336	1920	1080	50.0	8	3d184de3223e485e614641305744f483	2d69dbf14d8d407aa25ccaee62a8e9ec	1920	1080	22006.0	15.0	36276.0	6681.0	False	False
ducks_take_off_1080p50_60f	ducks_take_off_1080p50_60f	svtav1	svtav1_20191126_fbad3ac	60	32	33755193.0	33755.193	35.28216666666667	36.99383333333332	39.92633333333334	35.250216	36.970288	39.913753	93.891621	12037954.0	200.63256666666666	1920	1080	50.0	8	b3231762c6083978153fa22560a0ae85	a61ac77d685326311dec9b2ea5938f13	1920	1080	25476.0	5.0	27622.0	6269.0	False	False
ducks_take_off_1080p50_60f	ducks_take_off_1080p50_60f	svtav1	svtav1_20191126_fbad3ac	60	43	11138913.0	11138.913	33.15383333333333	35.17683333333333	38.50916666666668	33.129818	35.141898	38.499148	84.949945	10936516.0	182.27526666666665	1920	1080	50.0	8	a81b45f8d78052d84844c64e828669fe	d980b0d7d5e2951f34e39032afaf1080	1920	1080	33945.0	5.0	21085.0	6700.0	False	False
ducks_take_off_1080p50_60f	ducks_take_off_1080p50_60f	svtav1	svtav1_20191126_fbad3ac	60	55	3941840.0	3941.8400000000006	30.61083333333334	33.16816666666667	37.06066666666667	30.579256	33.133173	37.056351	67.795841	6427370.0	107.12283333333333	1920	1080	50.0	8	3bf2d50ce773185d462d9b404cecba0d	f5e5799978356572189055369717cf9e	1920	1080	23223.0	3.0	16908.0	6532.0	False	False
ducks_take_off_1080p50_60f	ducks_take_off_1080p50_60f	svtav1	svtav1_20191126_fbad3ac	60	59	2529486.0	2529.486	29.408333333333346	32.28666666666667	36.489166666666684	29.376451	32.25827	36.485788	58.203297	6558959.0	109.31598333333334	1920	1080	50.0	8	6c488c85bc331c71eaa9c9ebd4d0fb4a	4f0af92caf2f669937bd8b7884a3271b	1920	1080	28047.0	6.0	15426.0	7056.0	False	False
Netflix_Aerial_1920x1080_60fps_8	Netflix_Aerial_1920x1080_60fps_8	svtav1	svtav1_20191126_fbad3ac	60	20	22698520.0	22698.52	42.789833333333334	45.75283333333333	45.450833333333335	42.763854	45.740091	45.442222	96.730692	9557651.0	159.29418333333334	1920	1080	60.0	8	127399cd62432b7d72f001980b826de0	70533cb7514f59b8a61299f7b3df03ff	1920	1080	20284.0	4.0	16603.0	6295.0	False	False
Netflix_Aerial_1920x1080_60fps_8	Netflix_Aerial_1920x1080_60fps_8	svtav1	svtav1_20191126_fbad3ac	60	32	11189944.0	11189.944	40.893333333333324	44.587166666666654	44.547833333333315	40.834206	44.573894	44.542613	94.555734	7782199.0	129.70331666666667	1920	1080	60.0	8	464bbf065b69fc60095ab558eb5a0000	3205b6b880b8f9db4c9cf3c3d0a53051	1920	1080	18399.0	4.0	13884.0	6478.0	False	False
Netflix_Aerial_1920x1080_60fps_8	Netflix_Aerial_1920x1080_60fps_8	svtav1	svtav1_20191126_fbad3ac	60	43	5217808.0	5217.808	38.327500000000015	42.808333333333344	43.27816666666665	38.258106	42.802608	43.276494	90.820924	5522329.0	92.03881666666666	1920	1080	60.0	8	36e05dc1dc2783272c024ef99fbb3341	56c39d604641782d67ef5afee17c15e8	1920	1080	19954.0	3.0	11791.0	6541.0	False	False
Netflix_Aerial_1920x1080_60fps_8	Netflix_Aerial_1920x1080_60fps_8	svtav1	svtav1_20191126_fbad3ac	60	55	1981904.0	1981.904	34.755166666666675	40.459166666666675	41.71449999999998	34.723713	40.454198	41.707074	81.938525	5306645.0	88.44408333333334	1920	1080	60.0	8	23e262728fe974b0d12f990c02e0391a	ec20a13154551e4957b67fcbc0234997	1920	1080	23497.0	7.0	11193.0	6744.0	False	False
Netflix_Aerial_1920x1080_60fps_8	Netflix_Aerial_1920x1080_60fps_8	svtav1	svtav1_20191126_fbad3ac	60	59	1060120.0	1060.12	32.5105	39.105666666666664	40.94616666666666	32.501811	39.096823	40.936613	72.148498	3702365.0	61.70608333333333	1920	1080	60.0	8	d149b7787d9453f0d7f1210222f80dd2	932355c17bfbe7c04987e2d78e870971	1920	1080	20214.0	4.0	9910.0	6843.0	False	False
life_1080p30_60f	life_1080p30_60f	svtav1	svtav1_20191126_fbad3ac	60	20	12859624.0	12859.624	44.42166666666667	49.61133333333332	49.20483333333333	44.408151	49.603336	49.197486	99.460476	8125577.0	135.42628333333334	1920	1080	30.0	8	a4683e9d63a27a917094c995c66a57f4	816fdf10ab057578d7e35067332108e5	1920	1080	25906.0	7.0	14249.0	6330.0	False	False
life_1080p30_60f	life_1080p30_60f	svtav1	svtav1_20191126_fbad3ac	60	32	6085720.0	6085.72	41.55799999999999	47.405999999999985	47.13533333333334	41.536354	47.39336	47.12582	97.755371	5716613.0	95.27688333333333	1920	1080	30.0	8	2b8c8fe628d527572f284bd0dc5aa8a4	37832005301afcb9579fb8b242a4f94f	1920	1080	17189.0	5.0	12457.0	6227.0	False	False
life_1080p30_60f	life_1080p30_60f	svtav1	svtav1_20191126_fbad3ac	60	43	3035148.0	3035.148	38.86233333333334	45.43366666666667	45.28833333333335	38.833495	45.411792	45.274266	94.605289	5520476.0	92.00793333333333	1920	1080	30.0	8	fde45176a59a58b21bf796d7099e0f75	ff2be27002e5d7062055735d0f6b8dba	1920	1080	18743.0	21.0	11310.0	6846.0	False	False
life_1080p30_60f	life_1080p30_60f	svtav1	svtav1_20191126_fbad3ac	60	55	1230608.0	1230.608	35.1215	42.47416666666668	42.300000000000004	35.10588	42.45643	42.287022	87.277611	4029726.0	67.1621	1920	1080	30.0	8	ae32ac376e5e0a846f7fd2e50e265b7b	ebf4b04a7af7f0df8d0fc56e397ac986	1920	1080	17882.0	4.0	9668.0	6433.0	False	False
life_1080p30_60f	life_1080p30_60f	svtav1	svtav1_20191126_fbad3ac	60	59	774144.0	774.144	33.42483333333333	40.928833333333316	40.614500000000014	33.416424	40.920015	40.608688	80.709395	3608670.0	60.1445	1920	1080	30.0	8	2690b633642bbcf2e369525e319be441	030fd62e894d997b8bbdedb94bdc101f	1920	1080	17153.0	4.0	9000.0	6515.0	False	False
wikipedia_420	wikipedia_420	svtav1	svtav1_20191126_fbad3ac	60	20	1687368.0	1687.368	55.87299999999998	53.005666666666656	53.91433333333334	55.85489	52.850676	53.856485	99.83702	10497541.0	174.95901666666666	1920	1080	30.0	8	e9ab5ae6a5e33e3040c4e9e8071a6cc4	56b138cdee46f42a03465827e1496d3d	1920	1080	11476.0	4.0	2192.0	5612.0	False	False
wikipedia_420	wikipedia_420	svtav1	svtav1_20191126_fbad3ac	60	32	907868.0	907.868	51.22516666666663	50.78350000000002	51.983500000000014	51.214467	50.556918	51.92158200000001	99.820854	10860531.0	181.00885	1920	1080	30.0	8	bb89367d13defcf0feaf183eb9c49545	cc29e47cfa222446560e36ec83264eaa	1920	1080	12045.0	18.0	2464.0	6002.0	False	False
wikipedia_420	wikipedia_420	svtav1	svtav1_20191126_fbad3ac	60	43	614368.0	614.368	48.7656666666667	48.827	50.272499999999994	48.748122	48.672615	50.222308	99.792166	10615320.0	176.922	1920	1080	30.0	8	8cd84a70038efa3da108a0cfb1ee2019	b0ad8c2604533e9a98abc3c77120cb3f	1920	1080	17694.0	9.0	2611.0	5875.0	False	False
wikipedia_420	wikipedia_420	svtav1	svtav1_20191126_fbad3ac	60	55	413352.0	413.352	44.171166666666664	45.99566666666667	47.367833333333344	44.157705	45.950651	47.345436	99.613571	9649842.0	160.8307	1920	1080	30.0	8	0efd655c614770258bc3aa5b8e34c8c8	dfa8f54e11ac55c0d65d05efe0faa7f5	1920	1080	11782.0	4.0	2381.0	5623.0	False	False
wikipedia_420	wikipedia_420	svtav1	svtav1_20191126_fbad3ac	60	59	333128.0	333.128	41.222166666666666	43.988833333333325	45.463333333333324	41.207544	43.949241	45.435805	99.333406	10371211.0	172.85351666666668	1920	1080	30.0	8	413680fc8b07adaa511be0e0f3a9d681	131ce386502af78eb3909b3dd3353caf	1920	1080	11554.0	4.0	2798.0	5928.0	False	False
MINECRAFT_60f_420	MINECRAFT_60f_420	svtav1	svtav1_20191126_fbad3ac	60	20	85452464.0	85452.464	43.440333333333335	46.15883333333334	46.60999999999999	43.27464	46.004142	46.48712	99.951685	19869050.0	331.1508333333333	1920	1080	60.0	8	96ea2382897a136ef4856009b21cd3d4	65c2b2ad25fe8e84daebaaac8c9370cb	1920	1080	19597.0	2.0	27066.0	9119.0	False	False
MINECRAFT_60f_420	MINECRAFT_60f_420	svtav1	svtav1_20191126_fbad3ac	60	32	50891176.0	50891.176	39.3075	44.39466666666668	44.74399999999999	39.033713	44.269694	44.651941	99.925628	17785526.0	296.42543333333333	1920	1080	60.0	8	b608e9f16662d8620682cf646acf16df	a96a369096cc05a96cb6e62676b3270c	1920	1080	19491.0	3.0	22825.0	8408.0	False	False
MINECRAFT_60f_420	MINECRAFT_60f_420	svtav1	svtav1_20191126_fbad3ac	60	43	23601744.0	23601.744	34.994666666666674	42.73816666666664	42.91116666666665	34.677999	42.651395	42.842036	96.725164	13841990.0	230.69983333333334	1920	1080	60.0	8	8b7032e5bf21cd72205157b9354ee3d8	f90c9d5c7b83ca1bfb220fe43b3970d9	1920	1080	19439.0	3.0	17648.0	6549.0	False	False
MINECRAFT_60f_420	MINECRAFT_60f_420	svtav1	svtav1_20191126_fbad3ac	60	55	8840280.0	8840.28	31.508166666666664	40.637666666666675	40.61700000000001	31.328023999999996	40.592742	40.579009	83.33455	13034477.0	217.24128333333334	1920	1080	60.0	8	103ed0556a4ac5dbb734503e8582225b	47cbf1983db126d6ff5f0c6bedcdb15b	1920	1080	23035.0	4.0	12821.0	6560.0	False	False
MINECRAFT_60f_420	MINECRAFT_60f_420	svtav1	svtav1_20191126_fbad3ac	60	59	5496728.0	5496.728	30.24516666666666	39.29366666666667	39.29316666666668	30.142761	39.269796	39.264392	75.214701	12676891.0	211.28151666666668	1920	1080	60.0	8	be723c80ea1056ab3052c20747555052	eb6d1bc8ac6435a7ce9a04dea1aa2b04	1920	1080	23304.0	6.0	11523.0	6692.0	False	False
