KristenAndSara_1280x720_60_10b	KristenAndSara_1280x720_60_10b	libaom	libaom_20200501_59600cf_enc-mode0	60	20	0	3186184.0	3186.184	44.90533333333334	49.58100000000001	50.593833333333336	44.89753600000001	49.57715799999999	50.591393	97.11818214361298	3411832.0	56.86386666666667	3374.09	1280	720	60.0	10	5f66fea7841fca075fad38bf35477538	6769324eba7ae4e6e64729e3651d920d	1280	720	8257.0	218.0	1092.0	10091.0	False	False	0.9963525027036667	0.9957694310830216
KristenAndSara_1280x720_60_10b	KristenAndSara_1280x720_60_10b	libaom	libaom_20200501_59600cf_enc-mode0	60	32	0	1269656.0	1269.656	43.80533333333333	48.8515	49.81999999999998	43.797786	48.848742	49.818164	96.39672306816853	2220998.0	37.01663333333333	2194.81	1280	720	60.0	10	16ba1591740f497987fc1cab58ab85b0	83903e7524fdd2d3bd3dfc8a0229a292	1280	720	8925.0	218.0	741.0	9774.0	False	False	0.9952329824368159	0.9947398870003468
KristenAndSara_1280x720_60_10b	KristenAndSara_1280x720_60_10b	libaom	libaom_20200501_59600cf_enc-mode0	60	43	0	754176.0	754.176	42.6985	47.89833333333332	48.817333333333345	42.68876	47.896914	48.815553	95.16729092242035	1293963.0	21.56605	1275.79	1280	720	60.0	10	8ac590346902eb55d201d051769fa3d1	d1ec94ded00a8c7b8e5fafc35ea3447e	1280	720	8664.0	281.0	943.0	10430.0	False	False	0.9936714967091879	0.9933977765373186
KristenAndSara_1280x720_60_10b	KristenAndSara_1280x720_60_10b	libaom	libaom_20200501_59600cf_enc-mode0	60	55	0	426304.0	426.304	40.89500000000002	46.042	47.132833333333345	40.885491	46.041241	47.131583	92.4402507917785	790732.0	13.178866666666666	778.99	1280	720	60.0	10	b08ae4ad0bd930f101f3be7d244d155f	b9d12490cfaeaced4459e7904f32176d	1280	720	8550.0	270.0	907.0	10475.0	False	False	0.9901922037204106	0.9904916099905623
KristenAndSara_1280x720_60_10b	KristenAndSara_1280x720_60_10b	libaom	libaom_20200501_59600cf_enc-mode0	60	63	0	239192.0	239.192	38.207	43.654666666666664	44.794500000000006	38.189196	43.639697	44.776443	86.1861150359393	556564.0	9.276066666666667	550.39	1280	720	60.0	10	276a43a4c6684c326c0fcc4dc421fd5e	5cb0a2d95cd76d5d756c935a1773c23b	1280	720	8330.0	199.0	496.0	17481.0	False	False	0.9815666794776916	0.9835188333846914
RollerCoastPas_1920x1080_2997_10	RollerCoastPas_1920x1080_2997_10	libaom	libaom_20200501_59600cf_enc-mode0	60	20	0	3111198.0	3111.198	45.25116666666668	45.408833333333334	43.9145	45.249858	45.40796	43.911463	97.1870940002785	6318395.0	105.30658333333334	6267.16	1920	1080	29.97	10	34bee20e48f7220ecfa922c21fca9c12	466b8c7a50349a279b9cf5967c53fef8	1920	1080	22695.0	538.0	2240.0	24586.0	False	False	0.9987251947323481	0.9970383738884038
RollerCoastPas_1920x1080_2997_10	RollerCoastPas_1920x1080_2997_10	libaom	libaom_20200501_59600cf_enc-mode0	60	32	0	1506373.0	1506.373	44.302833333333325	44.79066666666665	43.25233333333335	44.30154	44.790226	43.251909	96.60484703593235	4408832.0	73.48053333333333	4341.94	1920	1080	29.97	10	487f4168caa593edeafa71d2c2e9b2b9	b844aba02f6ca554e4392b8a22e52fd7	1920	1080	22870.0	489.0	1444.0	23262.0	False	False	0.9983215004205703	0.9963522967285251
RollerCoastPas_1920x1080_2997_10	RollerCoastPas_1920x1080_2997_10	libaom	libaom_20200501_59600cf_enc-mode0	60	43	0	875245.0	875.245	42.92516666666667	43.94433333333334	42.52816666666667	42.923824	43.944104	42.527704	95.37345565235468	2498157.0	41.63595	2479.66	1920	1080	29.97	10	94edb886ca132d6243b06f002cb25ab6	8e6920da33555aa8f7f2e2099ac78ab2	1920	1080	22132.0	561.0	1879.0	23846.0	False	False	0.9975387076536815	0.9950839757696229
RollerCoastPas_1920x1080_2997_10	RollerCoastPas_1920x1080_2997_10	libaom	libaom_20200501_59600cf_enc-mode0	60	55	0	471061.0	471.061	40.68766666666667	42.407333333333334	41.167833333333334	40.685731	42.407519	41.167938	92.57820245337297	1764589.0	29.409816666666668	1743.89	1920	1080	29.97	10	1d9c34b42f0e5e9864995fafdf784aba	460ddede08cfb89bee2df79803bdb9c3	1920	1080	20915.0	559.0	1755.0	30035.0	False	False	0.9954109410444896	0.9919366356479762
RollerCoastPas_1920x1080_2997_10	RollerCoastPas_1920x1080_2997_10	libaom	libaom_20200501_59600cf_enc-mode0	60	63	0	251730.0	251.73	37.464499999999994	39.99750000000001	39.00833333333334	37.445083	39.986727	38.998795	85.37680428369653	1433387.0	23.889783333333334	1405.66	1920	1080	29.97	10	d92192e02ec4d8324570016d22cef094	442ab41bddda91301453806334e1b3ab	1920	1080	21781.0	636.0	1773.0	24629.0	False	False	0.98871724208196	0.9833657525960281
Netflix_Crosswalk_1920x1080_60fp	Netflix_Crosswalk_1920x1080_60fp	libaom	libaom_20200501_59600cf_enc-mode0	60	20	0	7391664.0	7391.664	45.54816666666666	48.348333333333336	50.21933333333333	45.522688	48.341734	50.209971	99.03020926150127	5310621.0	88.51035	5272.4	1920	1080	60.0	8	06046a1b83749c7b45716adba2737778	05b7eb074aefe281491ee3426c69007f	1920	1080	9691.0	284.0	2190.0	24065.0	False	False	0.9976164698600769	0.9957344476583176
Netflix_Crosswalk_1920x1080_60fp	Netflix_Crosswalk_1920x1080_60fp	libaom	libaom_20200501_59600cf_enc-mode0	60	32	0	3817864.0	3817.864	44.33649999999999	47.59916666666667	49.423166666666674	44.298615	47.592374	49.41608899999999	95.99297512983013	3738584.0	62.309733333333334	3687.67	1920	1080	60.0	8	8e68f1c889714f387447156fa9f39f94	ba51c1e0b783d4981fd3942b29b7d9dd	1920	1080	9578.0	296.0	1937.0	24705.0	False	False	0.9960680931806565	0.9940404772701179
Netflix_Crosswalk_1920x1080_60fp	Netflix_Crosswalk_1920x1080_60fp	libaom	libaom_20200501_59600cf_enc-mode0	60	43	0	2038184.0	2038.184	42.72833333333334	46.663999999999994	48.43650000000001	42.654699	46.654048	48.427177	90.28666902257025	2184089.0	36.40148333333333	2161.94	1920	1080	60.0	8	41247a7d9b3372667abcaf5c7378313f	e0922395be0503df3a65d70ca80acba5	1920	1080	9665.0	237.0	1375.0	23524.0	False	False	0.9928124735752741	0.9908673720042143
Netflix_Crosswalk_1920x1080_60fp	Netflix_Crosswalk_1920x1080_60fp	libaom	libaom_20200501_59600cf_enc-mode0	60	55	0	1075344.0	1075.344	40.596333333333334	45.33733333333334	47.05366666666666	40.494142	45.32621000000001	47.044636	80.25706562038539	1574143.0	26.235716666666665	1556.74	1920	1080	60.0	8	a23603923ea5129d36a7cd00acdb083a	52205a93521cc67cbad8a12720e9b24c	1920	1080	10068.0	244.0	1222.0	23354.0	False	False	0.9856690734624862	0.9845140084972166
Netflix_Crosswalk_1920x1080_60fp	Netflix_Crosswalk_1920x1080_60fp	libaom	libaom_20200501_59600cf_enc-mode0	60	63	0	566984.0	566.984	37.95300000000001	43.64416666666668	45.27766666666667	37.812507	43.621761	45.253707	64.67618662180845	1117899.0	18.63165	1102.58	1920	1080	60.0	8	e2ebb240a2a1fb29f3de5586465acb0f	f6b6191c13b951c4beb58938115f423a	1920	1080	9428.0	243.0	1074.0	24771.0	False	False	0.9701950967311859	0.9717171837164265
Netflix_DrivingPOV_1280x720_60fp	Netflix_DrivingPOV_1280x720_60fp	libaom	libaom_20200501_59600cf_enc-mode0	60	20	0	9927576.0	9927.576	42.67216666666666	45.958999999999996	44.75650000000001	42.650387	45.953509000000004	44.75188	99.713105769157	3818208.0	63.6368	3772.11	1280	720	60.0	8	e20b069b1b6377147e07f153fcf80fbe	647d9f2b00ff9e5c06ccf2a0a3195b76	1280	720	6956.0	153.0	1423.0	10253.0	False	False	0.998061227798462	0.9974945192611508
Netflix_DrivingPOV_1280x720_60fp	Netflix_DrivingPOV_1280x720_60fp	libaom	libaom_20200501_59600cf_enc-mode0	60	32	0	5001392.0	5001.392000000001	40.355	44.64466666666667	43.80666666666666	40.329435	44.636562	43.80333600000001	98.82181341724963	3070742.0	51.17903333333334	3038.68	1280	720	60.0	8	277bc618a5f81149275a693cab3b97d2	98d8bbe04eb57fb7884fb0a6682a3044	1280	720	6982.0	155.0	902.0	9824.0	False	False	0.9965837230285008	0.9956097088322599
Netflix_DrivingPOV_1280x720_60fp	Netflix_DrivingPOV_1280x720_60fp	libaom	libaom_20200501_59600cf_enc-mode0	60	43	0	2758984.0	2758.984	38.155166666666666	43.369666666666646	42.956999999999994	38.121771	43.360492	42.953698	96.76571729142749	2275273.0	37.921216666666666	2248.78	1280	720	60.0	8	2c6fe5d3c1882f0c30aca76bda7ac898	89d3b5742d3ebea004a8a2921c78b69f	1280	720	6470.0	144.0	870.0	9994.0	False	False	0.9933455308278402	0.9921319908556588
Netflix_DrivingPOV_1280x720_60fp	Netflix_DrivingPOV_1280x720_60fp	libaom	libaom_20200501_59600cf_enc-mode0	60	55	0	1392080.0	1392.0799999999997	35.502333333333326	41.50499999999999	41.711499999999994	35.469819	41.497058	41.707258	92.13851054300352	1514435.0	25.240583333333333	1496.57	1280	720	60.0	8	6584f7407ca4112e37bc5b373750957e	7250849238c233b0773d417ec765d572	1280	720	6977.0	158.0	755.0	10123.0	False	False	0.987480781475703	0.9863013109856973
Netflix_DrivingPOV_1280x720_60fp	Netflix_DrivingPOV_1280x720_60fp	libaom	libaom_20200501_59600cf_enc-mode0	60	63	0	697968.0	697.968	32.69066666666666	39.37750000000001	40.34083333333333	32.641573	39.357266	40.326314	83.01378994968063	981202.0	16.353366666666666	970.41	1280	720	60.0	8	364b438fd6c231d9eb680ec1a2e9eb55	a0328bb3c699f187f1012f67f402c111	1280	720	7048.0	123.0	524.0	16520.0	False	False	0.9780503143866857	0.9765408700159657
kirland360p_60f	kirland360p_60f	libaom	libaom_20200501_59600cf_enc-mode0	60	20	0	275568.0	275.568	47.36183333333334	48.526	49.74466666666664	47.308005	48.485193	49.701269	96.1246636942367	309832.0	5.163866666666666	309.3	640	360	30.0	8	5cc2ba1261ce947739f0f81a8a25a520	9f36096c270bd74d5e4fd4ed2c87a19f	640	360	1292.0	72.0	127.0	2760.0	False	False	0.9909615298112233	0.9973491798326367
kirland360p_60f	kirland360p_60f	libaom	libaom_20200501_59600cf_enc-mode0	60	32	0	150784.0	150.784	46.21299999999998	48.069666666666656	49.064333333333316	46.114574	48.041205	49.037273	95.10244654544944	185672.0	3.094533333333333	182.81	640	360	30.0	8	d242194eb2a2e160abf6d80c186c676a	84adda8cfaf0074a7ffd00c98140c4f0	640	360	1495.0	81.0	138.0	2852.0	False	False	0.9898921926816304	0.9968867699379704
kirland360p_60f	kirland360p_60f	libaom	libaom_20200501_59600cf_enc-mode0	60	43	0	93740.0	93.74	44.84783333333334	47.453500000000005	48.05383333333332	44.704107	47.412813	48.006381	93.21490294865774	114963.0	1.91605	114.16	640	360	30.0	8	d708ee873dc2ae60d1c94e1c8a087c24	3e26af9c00d07cf177601e4709216e2e	640	360	1279.0	60.0	113.0	2922.0	False	False	0.9882692416508992	0.9962337672885024
kirland360p_60f	kirland360p_60f	libaom	libaom_20200501_59600cf_enc-mode0	60	55	0	55508.0	55.508	42.76733333333334	46.63350000000001	46.66933333333332	42.520148	46.544657	46.535318	89.29680590785229	86429.0	1.4404833333333333	85.27	640	360	30.0	8	23c65b3fc7afef5ca8b1926bc42e1b11	ef575cbbb3e63adb5fb7ae3595c751a3	640	360	1345.0	86.0	122.0	3053.0	False	False	0.9849659403165182	0.9948672616451548
kirland360p_60f	kirland360p_60f	libaom	libaom_20200501_59600cf_enc-mode0	60	63	0	33348.0	33.348	39.9215	45.175499999999985	45.11600000000001	39.516516	44.94218	44.803629	81.4931211391747	75973.0	1.2662166666666668	74.62	640	360	30.0	8	9420b1e624e5f2fcb7e60ea29e5a8c72	aa988ec2135edaca3194f139f62c2c94	640	360	1492.0	67.0	103.0	2961.0	False	False	0.9767941971619923	0.9914499892139218
DinnerScene_1920x1080_2997_10b	DinnerScene_1920x1080_2997_10b	libaom	libaom_20200501_59600cf_enc-mode0	60	20	0	1213223.0	1213.2230000000002	41.826499999999974	42.54316666666667	47.588166666666645	41.825507	42.53872	47.587215	91.51940761924818	21047773.0	350.7962166666667	20851.07	1920	1080	29.97	10	f4ee8732e7808b5b612ad9bb94c19646	9a4f0e030de9011d49364d6b0e411953	1920	1080	20330.0	463.0	2164.0	22876.0	False	False	0.9942525585492452	0.9883580845542859
DinnerScene_1920x1080_2997_10b	DinnerScene_1920x1080_2997_10b	libaom	libaom_20200501_59600cf_enc-mode0	60	32	0	312277.0	312.277	41.67200000000001	42.31183333333332	47.46500000000002	41.671696	42.311145	47.465049	90.28001809886956	8850321.0	147.50535	8789.26	1920	1080	29.97	10	758f0fe3defc3c974f80b4ba09522b36	082d4606c2340b4f8d1c7122f319744c	1920	1080	21940.0	561.0	2381.0	23695.0	False	False	0.9936221261819204	0.9877085124653447
DinnerScene_1920x1080_2997_10b	DinnerScene_1920x1080_2997_10b	libaom	libaom_20200501_59600cf_enc-mode0	60	43	0	176557.0	176.557	41.460666666666654	42.24466666666668	47.25349999999998	41.460647	42.244029	47.254064	88.1854268738065	4363632.0	72.7272	4335.8	1920	1080	29.97	10	8db3c2319989053582e2b8c73723e9fd	fd497669f48e2ad7c4917542feee4efe	1920	1080	21211.0	519.0	2073.0	23568.0	False	False	0.9927849431832632	0.9868833807385682
DinnerScene_1920x1080_2997_10b	DinnerScene_1920x1080_2997_10b	libaom	libaom_20200501_59600cf_enc-mode0	60	55	0	104128.0	104.128	41.06349999999999	42.123166666666684	46.919666666666686	41.062801	42.123168	46.91918	84.11955169376162	2747001.0	45.78335	2708.45	1920	1080	29.97	10	bc365a7f95a2143ea3db33b71ebe423d	dc11f6f955826d2ff6e79741d28ba95b	1920	1080	20061.0	489.0	1777.0	22904.0	False	False	0.9911136309305827	0.9853077810676897
DinnerScene_1920x1080_2997_10b	DinnerScene_1920x1080_2997_10b	libaom	libaom_20200501_59600cf_enc-mode0	60	63	0	63562.0	63.562	40.284666666666645	41.761666666666656	46.184999999999974	40.280623	41.760712	46.182959	75.21141408237972	1436794.0	23.946566666666666	1418.18	1920	1080	29.97	10	ea086e9a11a9a90f584a060a53a27ba4	403105d038b5117969d6bb1ecb32b6ea	1920	1080	20998.0	472.0	1430.0	23020.0	False	False	0.986945895353953	0.9816301599736766
BarScene1_1920x1080_2997_10b	BarScene1_1920x1080_2997_10b	libaom	libaom_20200501_59600cf_enc-mode0	60	20	0	1991316.0	1991.316	42.540000000000006	44.80516666666668	43.73966666666667	42.538985	44.803357	43.737243	93.2245084467619	13165277.0	219.42128333333332	13019.72	1920	1080	29.97	10	112b7a1ac940b5ad1a4c9c3a269a6801	ee5935e4f9ba8c7f56e76784f2dc6efe	1920	1080	21434.0	549.0	2336.0	23875.0	False	False	0.9959893455108006	0.9912069596156889
BarScene1_1920x1080_2997_10b	BarScene1_1920x1080_2997_10b	libaom	libaom_20200501_59600cf_enc-mode0	60	32	0	527345.0	527.345	42.265999999999984	44.64233333333334	43.51333333333335	42.265499	44.642464	43.513208	92.37864301098419	4622779.0	77.04631666666667	4594.99	1920	1080	29.97	10	a4df4ded7d4a5ae0cf6c06733aead013	ea655c665bd049bae3705f76bc7a9771	1920	1080	21712.0	515.0	1431.0	23216.0	False	False	0.9954163630803426	0.9904387008289552
BarScene1_1920x1080_2997_10b	BarScene1_1920x1080_2997_10b	libaom	libaom_20200501_59600cf_enc-mode0	60	43	0	281470.0	281.47	41.89950000000002	44.49216666666668	43.38100000000002	41.899953	44.492514	43.380539	91.02290267395223	2013653.0	33.56088333333334	1997.58	1920	1080	29.97	10	ab813b803ba2468f529d17ec3663ad74	6e971d26d65fab4e2cc10cf2f80cf41e	1920	1080	20316.0	489.0	1228.0	23701.0	False	False	0.9945947786172231	0.9893083960057758
BarScene1_1920x1080_2997_10b	BarScene1_1920x1080_2997_10b	libaom	libaom_20200501_59600cf_enc-mode0	60	55	0	138799.0	138.799	41.168666666666674	44.151000000000025	43.09399999999999	41.166636	44.150621	43.094055	87.8988401019497	1192052.0	19.867533333333334	1175.52	1920	1080	29.97	10	0761c5deffe4d7ec6e5178f0ccb536fc	4b71488f1b9fb08df4cc0cda68ae664c	1920	1080	21011.0	520.0	1130.0	23547.0	False	False	0.9920857061942419	0.9863882539172578
BarScene1_1920x1080_2997_10b	BarScene1_1920x1080_2997_10b	libaom	libaom_20200501_59600cf_enc-mode0	60	63	0	69003.0	69.003	39.80733333333331	43.199333333333335	42.34466666666669	39.799301	43.197555	42.343721	79.23861470602793	890942.0	14.849033333333333	875.84	1920	1080	29.97	10	33a7eb677e8b2777de351b31f07b61d4	28df2d5cf88a0010ba62355cd7704c23	1920	1080	21599.0	490.0	932.0	27949.0	False	False	0.9846418062845866	0.9795764499667907
DOTA2_60f_420	DOTA2_60f_420	libaom	libaom_20200501_59600cf_enc-mode0	60	20	0	14585816.0	14585.816	45.290333333333336	48.84733333333334	49.03183333333334	45.257998	48.811148	49.020835	97.53666863014202	5344670.0	89.07783333333333	5280.87	1920	1080	60.0	8	bf38f734c42ededbf88f0048b9368bb4	2342bc5934d3f137508368b6229853e8	1920	1080	12783.0	275.0	2204.0	23798.0	False	False	0.9986416359742483	0.9973041540642976
DOTA2_60f_420	DOTA2_60f_420	libaom	libaom_20200501_59600cf_enc-mode0	60	32	0	7180120.0	7180.12	42.74233333333334	46.57016666666666	46.908000000000015	42.698505	46.523526	46.897588	95.59140586190848	4812755.0	80.21258333333333	4763.62	1920	1080	60.0	8	d47551b35e7ad4e8dd537c88f8b6694f	4552b57d5629d044e18be411eda70f91	1920	1080	12390.0	246.0	1561.0	23653.0	False	False	0.9973261594772339	0.9948583577041411
DOTA2_60f_420	DOTA2_60f_420	libaom	libaom_20200501_59600cf_enc-mode0	60	43	0	3728568.0	3728.568	40.31916666666668	44.38216666666667	44.823333333333316	40.267242	44.330018	44.813702	92.30098703078559	3228546.0	53.8091	3207.41	1920	1080	60.0	8	ac57d7ff22b5b4bae8d278134fab77a9	5316d1879a1d3240a329172de8e77dfa	1920	1080	11988.0	276.0	1401.0	25103.0	False	False	0.9944986492395401	0.9903280059572784
DOTA2_60f_420	DOTA2_60f_420	libaom	libaom_20200501_59600cf_enc-mode0	60	55	0	1838008.0	1838.008	37.64416666666667	41.984333333333325	42.38800000000001	37.583823	41.922543	42.379864	85.78174585790588	2234460.0	37.241	2205.63	1920	1080	60.0	8	68f853f61bce3a9b24107d986072375f	bb8b50f14a96b28cae3c8ec0437b2a85	1920	1080	13374.0	270.0	1264.0	23966.0	False	False	0.9869266549746195	0.980530706041293
DOTA2_60f_420	DOTA2_60f_420	libaom	libaom_20200501_59600cf_enc-mode0	60	63	0	842352.0	842.352	34.557166666666674	39.015166666666666	39.42133333333333	34.507959	38.967257	39.409219	72.63586133664732	1652551.0	27.542516666666668	1625.47	1920	1080	60.0	8	9e25cd9de974bb48331a15843d7fdd51	29fb86fc4ba8eef4d9f2742b27d7fed7	1920	1080	12628.0	314.0	1198.0	24747.0	False	False	0.9652118176221848	0.9579372728323426
KristenAndSara_1280x720_60f	KristenAndSara_1280x720_60f	libaom	libaom_20200501_59600cf_enc-mode0	60	20	0	3079096.0	3079.096	44.64149999999999	49.065833333333345	49.980333333333334	44.635206	49.062931	49.978413	96.9517029664833	2295392.0	38.25653333333333	2293.23	1280	720	60.0	8	f95ea91b2a8fa40cf1b6231776f994eb	719680a805a66f3fa61546a9ef10d377	1280	720	5523.0	117.0	642.0	10039.0	False	False	0.9960206786791483	0.9954672379723832
KristenAndSara_1280x720_60f	KristenAndSara_1280x720_60f	libaom	libaom_20200501_59600cf_enc-mode0	60	32	0	1334496.0	1334.496	43.62049999999999	48.41566666666667	49.32183333333333	43.611782999999996	48.412806	49.319747	96.22252710419448	1482167.0	24.702783333333333	1474.22	1280	720	60.0	8	4937c466f5b70378c15ea8890103ab5d	d1404206eeb8281a96270675088defbc	1280	720	5927.0	135.0	565.0	9954.0	False	False	0.9948730786641439	0.9944277530115435
KristenAndSara_1280x720_60f	KristenAndSara_1280x720_60f	libaom	libaom_20200501_59600cf_enc-mode0	60	43	0	767216.0	767.216	42.549499999999995	47.52183333333334	48.3985	42.537997	47.519676	48.397721	95.00565962668033	770084.0	12.834733333333334	761.91	1280	720	60.0	8	c54d24b7204c1918694e2bff43c43bba	5a7d1c106fe633d645cda9a512a1da88	1280	720	5317.0	171.0	474.0	9779.0	False	False	0.9932640482981999	0.9930411884217032
KristenAndSara_1280x720_60f	KristenAndSara_1280x720_60f	libaom	libaom_20200501_59600cf_enc-mode0	60	55	0	422680.0	422.68	40.784666666666666	45.823	46.84033333333334	40.773253	45.82198	46.839201	92.34507761740309	448391.0	7.473183333333333	443.28	1280	720	60.0	8	9928ef12348906a4075c2324e583f1c0	4fdc1336107c75f823f8e06ce88fa1e9	1280	720	5131.0	134.0	406.0	9979.0	False	False	0.9896812359491984	0.9900559309695509
KristenAndSara_1280x720_60f	KristenAndSara_1280x720_60f	libaom	libaom_20200501_59600cf_enc-mode0	60	63	0	229784.0	229.784	38.08816666666667	43.42183333333333	44.41666666666666	38.07263	43.410667	44.398311	85.91734629395631	330333.0	5.50555	324.85	1280	720	60.0	8	1310f3dca038c7de43c2ed0d30848f4e	16480fc0b05e3d1819f6cf3e4dee5a95	1280	720	5518.0	162.0	401.0	9964.0	False	False	0.9810273369153341	0.9830861719231704
Netflix_PierSeaside_1920x1080_60	Netflix_PierSeaside_1920x1080_60	libaom	libaom_20200501_59600cf_enc-mode0	60	20	0	7346040.0	7346.04	45.535833333333336	47.501166666666656	45.54783333333333	45.514321	47.490963	45.533126	99.92029681480807	6486426.0	108.1071	6393.31	1920	1080	60.0	8	b2af673b2c16d535796a836f442d5e3d	c6000f0d1219549907262eb89ae61e9b	1920	1080	10650.0	304.0	1976.0	23476.0	False	False	0.9980287055174509	0.9968342715149057
Netflix_PierSeaside_1920x1080_60	Netflix_PierSeaside_1920x1080_60	libaom	libaom_20200501_59600cf_enc-mode0	60	32	0	3468664.0	3468.664	43.97000000000002	46.63633333333334	44.911166666666674	43.938625	46.627312	44.901339	99.62811332992167	4112266.0	68.53776666666667	4071.95	1920	1080	60.0	8	0fdf81e8bc9d9454ee018f2f84ccb9ba	127e923c6fb15f9dd11433813d8a8898	1920	1080	10588.0	259.0	1387.0	22770.0	False	False	0.9971889217694601	0.9955219102964483
Netflix_PierSeaside_1920x1080_60	Netflix_PierSeaside_1920x1080_60	libaom	libaom_20200501_59600cf_enc-mode0	60	43	0	1766392.0	1766.392	42.12133333333334	45.42116666666667	44.0115	42.088398	45.416459	44.006253	98.14434994807468	2803368.0	46.7228	2758.72	1920	1080	60.0	8	fbc759aded4d3cd54c04c9c137cb2fd0	d98b7b256da5e98f4435b636163ec718	1920	1080	10889.0	309.0	1326.0	23906.0	False	False	0.9956811080376308	0.9932951264095115
Netflix_PierSeaside_1920x1080_60	Netflix_PierSeaside_1920x1080_60	libaom	libaom_20200501_59600cf_enc-mode0	60	55	0	874760.0	874.76	39.892833333333336	43.65483333333334	42.71383333333334	39.869535	43.653636	42.712183	94.15231768613991	1689089.0	28.151483333333335	1662.23	1920	1080	60.0	8	3bffa671976985a5d7eceb5a511eba93	b68d6c53f2c7087340659d077426e9ac	1920	1080	11143.0	314.0	1484.0	24626.0	False	False	0.9924713104963303	0.9890656577411581
Netflix_PierSeaside_1920x1080_60	Netflix_PierSeaside_1920x1080_60	libaom	libaom_20200501_59600cf_enc-mode0	60	63	0	448920.0	448.92	37.181	41.29899999999999	40.788333333333334	37.160013	41.278618	40.775510000000004	85.92669688329259	1040189.0	17.336483333333334	1023.91	1920	1080	60.0	8	00ad0526dc9f1a9cceb16afae5b5e66b	32afee522917fdde178787871b9a99d6	1920	1080	10496.0	326.0	1123.0	26466.0	False	False	0.9858779688676198	0.9811297778330192
STARCRAFT_60f_420	STARCRAFT_60f_420	libaom	libaom_20200501_59600cf_enc-mode0	60	20	0	7172864.0	7172.864	50.19266666666666	53.23016666666667	53.24500000000001	50.182634	53.22176	53.240498	97.5739720432707	1177224.0	19.6204	1161.22	1920	1080	60.0	8	e5976c2e2f92cd58d7bfc6041abd412e	306fb77f8d33f942d24c6ed7d37fdb33	1920	1080	10715.0	267.0	1436.0	24937.0	False	False	0.999599411090215	0.9992211152370447
STARCRAFT_60f_420	STARCRAFT_60f_420	libaom	libaom_20200501_59600cf_enc-mode0	60	32	0	4295184.0	4295.184	47.14099999999999	51.04016666666665	51.213333333333345	47.128077	51.027737	51.207763	96.87849415038245	1247609.0	20.793483333333334	1234.32	1920	1080	60.0	8	e976caff55ab1646ec38ccfaeb815c20	5bc6e4383ebae8083c9f314269efb437	1920	1080	11004.0	263.0	781.0	25421.0	False	False	0.999146721760432	0.9984289427267722
STARCRAFT_60f_420	STARCRAFT_60f_420	libaom	libaom_20200501_59600cf_enc-mode0	60	43	0	2537160.0	2537.1599999999994	43.83666666666667	48.523666666666664	48.794999999999995	43.820881	48.510795	48.79081800000001	95.45900255832875	1164501.0	19.40835	1149.75	1920	1080	60.0	8	8969b84cb5b07dd0940cbe318bcf2529	e8b7d433b8684cf2a71f9db29265f82b	1920	1080	11782.0	248.0	925.0	23454.0	False	False	0.9980323841174443	0.9966366394780568
STARCRAFT_60f_420	STARCRAFT_60f_420	libaom	libaom_20200501_59600cf_enc-mode0	60	55	0	1338144.0	1338.144	40.076499999999996	45.75416666666667	45.96750000000001	40.064939	45.746817	45.964178	92.0827212889774	1012925.0	16.882083333333334	996.97	1920	1080	60.0	8	b00baeca7a2ba96cebcc4831d27a6067	9a153efa1f3e835cd429f7726762ca2e	1920	1080	11084.0	292.0	1038.0	23430.0	False	False	0.9948450267314911	0.9921590576680703
STARCRAFT_60f_420	STARCRAFT_60f_420	libaom	libaom_20200501_59600cf_enc-mode0	60	63	0	676080.0	676.08	35.87333333333332	42.25533333333332	42.51899999999999	35.851209	42.248233	42.506565	84.13218185638718	814075.0	13.567916666666667	802.26	1920	1080	60.0	8	075a7fbea2e46d1a34d5fc2ea515bb83	da2218608ea82ab2b07cc399a343246a	1920	1080	11149.0	241.0	698.0	23618.0	False	False	0.9852975855271021	0.980378470042681
blue_sky_360p_60f	blue_sky_360p_60f	libaom	libaom_20200501_59600cf_enc-mode0	60	20	0	1114673.0	1114.673	43.82683333333333	44.946999999999974	46.462833333333336	43.794411	44.914316	46.437131	99.92288867730578	714927.0	11.91545	712.76	640	360	25.0	8	3a0871345642329a02d144e13cc0c9fb	57c679e75642fdf29213aeae7328bf0f	640	360	2184.0	61.0	375.0	2889.0	False	False	0.9923372844854991	0.9984941701917438
blue_sky_360p_60f	blue_sky_360p_60f	libaom	libaom_20200501_59600cf_enc-mode0	60	32	0	558850.0	558.85	40.934499999999986	42.370999999999995	43.83066666666668	40.890046	42.340706	43.813551	99.9023615501071	556950.0	9.2825	550.88	640	360	25.0	8	2511c16a7528e0322889d5baba971ad2	899893a9ad87f90d56550e5d908d9637	640	360	1892.0	58.0	295.0	3258.0	False	False	0.9888128389914831	0.9977006396822504
blue_sky_360p_60f	blue_sky_360p_60f	libaom	libaom_20200501_59600cf_enc-mode0	60	43	0	321020.0	321.0199999999999	38.467333333333336	40.32616666666666	41.8205	38.399437	40.293509	41.80645	99.49994803706788	313501.0	5.225016666666667	311.14	640	360	25.0	8	c1103039a773cfaada2553215997c84f	c39058974aad469a70b3ff5b9e668256	640	360	1806.0	59.0	242.0	3005.0	False	False	0.9836887160936991	0.9964421622154717
blue_sky_360p_60f	blue_sky_360p_60f	libaom	libaom_20200501_59600cf_enc-mode0	60	55	0	183880.0	183.88	35.81883333333334	37.78083333333333	39.70916666666666	35.745594	37.760835	39.702915	95.27384697939745	204278.0	3.4046333333333334	202.94	640	360	25.0	8	c452f7290128a8081bc43b53dc790ce4	dc81a7c7d962ba9e7065025a9f0195d9	640	360	1954.0	58.0	213.0	3537.0	False	False	0.9738901336987813	0.9939345340576559
blue_sky_360p_60f	blue_sky_360p_60f	libaom	libaom_20200501_59600cf_enc-mode0	60	63	0	104033.0	104.033	32.709	35.48366666666666	37.98816666666668	32.616825	35.46929	37.984109	86.94932691268879	165064.0	2.7510666666666665	163.04	640	360	25.0	8	4ff8d8eeb1f7a761c492938d8c7ebc1c	376638e5f6b3d588faaf7a09f6731b28	640	360	2029.0	60.0	253.0	2785.0	False	False	0.9534397631883621	0.9880401750227493
niklas360p_60f	niklas360p_60f	libaom	libaom_20200501_59600cf_enc-mode0	60	20	0	1269504.0	1269.504	44.17783333333332	47.680666666666646	47.330666666666666	44.143489	47.634573	47.299572	98.30613458403022	1096656.0	18.2776	1084.53	640	360	30.0	8	51e74ed2640e9baf3919fa1aed49480c	cbb91262c1ba6696ec95a7df4847a898	640	360	1789.0	149.0	848.0	2904.0	False	False	0.9863311201334	0.9968636018316929
niklas360p_60f	niklas360p_60f	libaom	libaom_20200501_59600cf_enc-mode0	60	32	0	719020.0	719.02	41.89616666666667	46.32616666666666	45.743166666666646	41.84683400000001	46.286047	45.71291	96.84343982513435	678078.0	11.3013	672.49	640	360	30.0	8	d84ada4f65a30a4c0275f83e79d2f035	f46e12a0865b95ecc7cfdfe3f71c3241	640	360	1847.0	62.0	264.0	3623.0	False	False	0.9812189330657323	0.9953243007506224
niklas360p_60f	niklas360p_60f	libaom	libaom_20200501_59600cf_enc-mode0	60	43	0	414532.0	414.532	39.30800000000001	44.843166666666654	44.1335	39.241278	44.813122	44.107491	93.72436631709452	431357.0	7.189283333333333	430.32	640	360	30.0	8	b7b7713d937eb03d1a16f8407dc52f73	abb260e471f34cdb51acc138f54147b5	640	360	1755.0	64.0	246.0	3584.0	False	False	0.9727512309948604	0.9925027613160143
niklas360p_60f	niklas360p_60f	libaom	libaom_20200501_59600cf_enc-mode0	60	55	0	225640.0	225.64	36.25433333333333	43.046833333333346	41.89233333333333	36.18801700000001	43.025479	41.872222	87.40303569898751	316973.0	5.282883333333333	312.67	640	360	30.0	8	61aa9e61a307c12d634f12dd2c75a9e0	2989b707a81b7f65578208be4c7d7dc1	640	360	1840.0	56.0	175.0	2881.0	False	False	0.9561067670583725	0.9862281573549236
niklas360p_60f	niklas360p_60f	libaom	libaom_20200501_59600cf_enc-mode0	60	63	0	118624.0	118.624	32.95316666666667	41.11583333333335	39.76666666666666	32.874019	41.096669	39.74295300000001	76.98337662245663	230573.0	3.8428833333333334	227.35	640	360	30.0	8	bd31dbd55927d44027373b7020305387	12bbbca67e0e8716f126200ed2e241b1	640	360	2606.0	154.0	147.0	2987.0	False	False	0.927508666117986	0.9737531352019305
shields_640x360_60f	shields_640x360_60f	libaom	libaom_20200501_59600cf_enc-mode0	60	20	0	1965706.0	1965.706	41.9795	44.77100000000001	46.18683333333334	41.908782	44.758472	46.073002	99.49838410703352	1023385.0	17.056416666666667	1012.29	640	360	50.0	8	a4c00c72ff85a30cfed6490eb7e11fba	80fd811b234f909b58725d7a2b6c3c59	640	360	2593.0	78.0	359.0	3047.0	False	False	0.9845250576734543	0.9979498014782405
shields_640x360_60f	shields_640x360_60f	libaom	libaom_20200501_59600cf_enc-mode0	60	32	0	1071800.0	1071.8	40.088166666666666	43.01583333333334	44.529500000000006	39.977256	42.984075	44.442717	99.49388429467658	601273.0	10.021216666666668	594.61	640	360	50.0	8	ba68051086f753462af34e29fcc392e0	f57e94be30f7c5cb4a3013babb92927c	640	360	2407.0	68.0	261.0	3019.0	False	False	0.9789353946844737	0.9971389142323106
shields_640x360_60f	shields_640x360_60f	libaom	libaom_20200501_59600cf_enc-mode0	60	43	0	635386.0	635.386	37.890333333333324	41.009833333333326	42.715500000000006	37.720982	40.942294	42.625413	99.47506158231899	405576.0	6.7596	401.0	640	360	50.0	8	18f5eb2b0ce6d980cddc55c1bf97d8c0	85c679a756a2e305ff06850962422294	640	360	2645.0	90.0	251.0	3142.0	False	False	0.9689418743054072	0.9955491295335656
shields_640x360_60f	shields_640x360_60f	libaom	libaom_20200501_59600cf_enc-mode0	60	55	0	373926.0	373.926	35.06983333333333	38.578666666666656	40.492500000000014	34.827502	38.448405	40.391048	97.26385429342618	290600.0	4.843333333333334	287.08	640	360	50.0	8	0b2502923c37665e20949b2c967a718d	961ccc199ed3440d21cb0f3fda4ff0bf	640	360	2631.0	79.0	202.0	3191.0	False	False	0.9480644782384237	0.9915688404632468
shields_640x360_60f	shields_640x360_60f	libaom	libaom_20200501_59600cf_enc-mode0	60	63	0	218040.0	218.04	31.617333333333338	36.17950000000001	37.89316666666668	31.271089	35.974326	37.820946	88.39476707072706	214742.0	3.5790333333333333	212.86	640	360	50.0	8	9da70950e05ab88fc32143bc549bae99	988c94e56703eaa6cffd4b8c0b907ebc	640	360	2881.0	70.0	136.0	4273.0	False	False	0.8997534324725469	0.979955631359802
speed_bag_640x360_60f	speed_bag_640x360_60f	libaom	libaom_20200501_59600cf_enc-mode0	60	20	0	465173.0	465.173	46.92700000000001	49.63466666666668	51.094999999999985	46.845294	49.57384	51.033002	98.34189734330478	405731.0	6.762183333333334	400.57	640	360	29.97	8	889ae9987355df5811d72153510b9ecd	b67cd254067b092dc783d02d7f737683	640	360	1439.0	60.0	223.0	4699.0	False	False	0.9888788382212321	0.9975351449086742
speed_bag_640x360_60f	speed_bag_640x360_60f	libaom	libaom_20200501_59600cf_enc-mode0	60	32	0	257733.0	257.733	45.15549999999999	48.242666666666686	49.89866666666667	45.01728	48.160514	49.798172	97.45846734824332	259796.0	4.329933333333333	256.81	640	360	29.97	8	7cd031df3efcb940a736a1417a4d3ea4	a6936a231d485d2968ab810f1ed43194	640	360	1558.0	56.0	192.0	2986.0	False	False	0.9857210397720337	0.9962438678521625
speed_bag_640x360_60f	speed_bag_640x360_60f	libaom	libaom_20200501_59600cf_enc-mode0	60	43	0	154214.0	154.214	43.21466666666665	46.613166666666665	48.496666666666655	43.008274	46.527125	48.346226	95.2974871172749	159614.0	2.6602333333333332	157.68	640	360	29.97	8	4fe47a6556974a39363118cf902847d5	5bbc4ac7a02e8649c60c4fca9a5f9a3f	640	360	1397.0	63.0	165.0	2953.0	False	False	0.982026610771815	0.9943345125768741
speed_bag_640x360_60f	speed_bag_640x360_60f	libaom	libaom_20200501_59600cf_enc-mode0	60	55	0	90557.0	90.557	40.687666666666665	44.46466666666668	46.84716666666667	40.407189	44.378507	46.676376	89.18592957805731	118578.0	1.9763	116.6	640	360	29.97	8	5125a281542d5da7289b4edf774e0792	8660601f195dd05a11920ba3beeaeb60	640	360	1598.0	63.0	123.0	2899.0	False	False	0.975494971871376	0.9903803466124635
speed_bag_640x360_60f	speed_bag_640x360_60f	libaom	libaom_20200501_59600cf_enc-mode0	60	63	0	55495.0	55.495	37.920166666666674	42.306999999999995	44.59216666666668	37.522819	42.190085	44.399659	79.1687237748576	92729.0	1.5454833333333333	91.67	640	360	29.97	8	86019539393a68871cdf9b49ca849ecd	32209682694ea4d14347d3c7678a54bd	640	360	1478.0	59.0	97.0	2940.0	False	False	0.9656339277823766	0.9827307500439404
Netflix_RollerCoaster_1280x720_6	Netflix_RollerCoaster_1280x720_6	libaom	libaom_20200501_59600cf_enc-mode0	60	20	0	7072496.0	7072.496	44.618	46.353333333333325	46.38383333333334	44.601109	46.349414	46.380489	99.88801597044181	3035066.0	50.58443333333334	3002.47	1280	720	60.0	8	07349b924e8c7ed7a85278b813cd3e35	5f011dcfe0275f6f48aa28e1b8952fa8	1280	720	5967.0	141.0	1296.0	10108.0	False	False	0.9978437821070353	0.9974463933711328
Netflix_RollerCoaster_1280x720_6	Netflix_RollerCoaster_1280x720_6	libaom	libaom_20200501_59600cf_enc-mode0	60	32	0	3611280.0	3611.28	42.3505	44.58250000000002	44.95416666666667	42.331418	44.576138	44.949609	99.84035662356727	2411769.0	40.19615	2385.87	1280	720	60.0	8	aa8f74ccde9aa84339cf0f05ceceae5d	2175bbca9a64629f99f46bdabe8e41f7	1280	720	5749.0	156.0	1100.0	10230.0	False	False	0.9962334583202997	0.9957290646047104
Netflix_RollerCoaster_1280x720_6	Netflix_RollerCoaster_1280x720_6	libaom	libaom_20200501_59600cf_enc-mode0	60	43	0	1991496.0	1991.496	40.11999999999999	42.85966666666665	43.665333333333336	40.08719899999999	42.844322	43.657799	97.6269142604664	1479826.0	24.663766666666668	1460.9	1280	720	60.0	8	206dd9ed07a15ac6385c0a2bb85f964f	1800265955523e365f9a1fdcb3363be0	1280	720	6371.0	147.0	908.0	11787.0	False	False	0.9932837376991908	0.9927790793340192
Netflix_RollerCoaster_1280x720_6	Netflix_RollerCoaster_1280x720_6	libaom	libaom_20200501_59600cf_enc-mode0	60	55	0	1062592.0	1062.592	37.46033333333333	40.652833333333334	41.919666666666664	37.424607	40.635166	41.912404	90.5562136585645	1080955.0	18.015916666666666	1068.44	1280	720	60.0	8	eaea98bb7eac35063d5a1e197e6da285	3a837d020e1a74866980a4df1bbc9a8b	1280	720	5620.0	157.0	839.0	10083.0	False	False	0.986118170619011	0.9860180532768185
Netflix_RollerCoaster_1280x720_6	Netflix_RollerCoaster_1280x720_6	libaom	libaom_20200501_59600cf_enc-mode0	60	63	0	553848.0	553.848	34.43133333333332	38.227500000000006	40.133	34.369696	38.19720399999999	40.120251	76.33000805705169	725351.0	12.089183333333333	716.25	1280	720	60.0	8	f64967a159b6f408c1df8bc042335fc1	4732fbf303611146902b1e801050f8ac	1280	720	5587.0	147.0	602.0	10060.0	False	False	0.9687696705261867	0.9712009553773352
thaloundeskmtg360p_60f	thaloundeskmtg360p_60f	libaom	libaom_20200501_59600cf_enc-mode0	60	20	0	828264.0	828.264	44.71116666666667	48.599166666666676	48.60033333333333	44.484928	48.548534	48.56386	96.98988123069317	461524.0	7.692066666666666	456.47	640	360	30.0	8	bc3592b6531578fdb91b49a56d19c8db	0d4819f03bac62fe67091a9b3e1959fd	640	360	1713.0	59.0	230.0	2963.0	False	False	0.9924571216106415	0.998406796773192
thaloundeskmtg360p_60f	thaloundeskmtg360p_60f	libaom	libaom_20200501_59600cf_enc-mode0	60	32	0	429368.0	429.368	43.11983333333333	47.3035	47.39949999999998	42.796091	47.245958	47.352242	95.89228402464798	284954.0	4.749233333333334	281.85	640	360	30.0	8	2aa10ef340a0d097812191cb2db73f1b	c760c6ebeb1cf0e4d80712b847c1cc9a	640	360	1743.0	66.0	187.0	3077.0	False	False	0.9902384996414184	0.9977137462196745
thaloundeskmtg360p_60f	thaloundeskmtg360p_60f	libaom	libaom_20200501_59600cf_enc-mode0	60	43	0	245484.0	245.484	41.096166666666655	45.82749999999999	45.812166666666684	40.683731	45.764504	45.744548	93.82115040058851	172732.0	2.8788666666666667	170.69	640	360	30.0	8	19bb119fc3995bf5ffb92dcaf11b45bb	7c5315b9400425ea38aa646725fa0937	640	360	1993.0	59.0	131.0	2920.0	False	False	0.9863321224848429	0.9963390750511258
thaloundeskmtg360p_60f	thaloundeskmtg360p_60f	libaom	libaom_20200501_59600cf_enc-mode0	60	55	0	138284.0	138.284	38.39716666666667	43.90316666666666	43.7895	37.886737	43.814782	43.680874	89.55498097787101	122102.0	2.0350333333333332	120.77	640	360	30.0	8	7a791ea5d62b58818d78362e3a91c222	734cdfa71a90563757cfb1b4e290df7b	640	360	1929.0	60.0	103.0	3324.0	False	False	0.9786938905715943	0.9933609564966032
thaloundeskmtg360p_60f	thaloundeskmtg360p_60f	libaom	libaom_20200501_59600cf_enc-mode0	60	63	0	76752.0	76.752	34.935166666666674	41.008833333333335	41.10883333333334	34.254078	40.759284	40.885699	80.75441979975508	96268.0	1.6044666666666667	94.66	640	360	30.0	8	3a07494a16962ee1ba15a4be56559414	b0435bd83d2a38e3f223c59d5f534b3b	640	360	1913.0	64.0	115.0	2915.0	False	False	0.9613174438476563	0.9856956274238102
vidyo1_720p_60fps_60f	vidyo1_720p_60fps_60f	libaom	libaom_20200501_59600cf_enc-mode0	60	20	0	3560320.0	3560.32	45.49183333333333	48.08500000000001	49.42633333333334	45.479005	48.07761	49.42329	96.49872278710745	2439347.0	40.65578333333333	2412.1	1280	720	60.0	8	185f33db4e37727978ad547b9a904863	a21ebca3f577b09499d71d7858667a91	1280	720	5137.0	138.0	758.0	10075.0	False	False	0.9974831134080887	0.9968696381657568
vidyo1_720p_60fps_60f	vidyo1_720p_60fps_60f	libaom	libaom_20200501_59600cf_enc-mode0	60	32	0	1419440.0	1419.44	44.10950000000001	47.58916666666668	48.82666666666667	44.104333	47.586206	48.824541	95.4786245835734	1483814.0	24.730233333333334	1465.2	1280	720	60.0	8	391602308f0a266c226dc39c08060673	d0b9d1d5cbe51793e2264061dc375193	1280	720	5111.0	147.0	588.0	10161.0	False	False	0.996128824353218	0.9955654292277024
vidyo1_720p_60fps_60f	vidyo1_720p_60fps_60f	libaom	libaom_20200501_59600cf_enc-mode0	60	43	0	747088.0	747.088	42.81383333333333	46.938	47.94166666666667	42.809042	46.935887	47.941101	93.69415820189928	813114.0	13.5519	804.17	1280	720	60.0	8	0b582212f29ebc5f628aedd840af3d1a	acaa0d74764caae42ad8f45f3d8d1eea	1280	720	5030.0	142.0	519.0	10452.0	False	False	0.9943493137756984	0.9940039126678122
vidyo1_720p_60fps_60f	vidyo1_720p_60fps_60f	libaom	libaom_20200501_59600cf_enc-mode0	60	55	0	411736.0	411.736	40.96866666666667	45.86583333333332	46.49616666666667	40.961426	45.864708	46.495869	89.98303186747209	447740.0	7.4623333333333335	442.1	1280	720	60.0	8	8459546fd08ed4248153509dd9d39553	a584a3d4b8c11aa5b47fbe9fcbc7c6e3	1280	720	5189.0	149.0	428.0	10329.0	False	False	0.9905507177114486	0.9908471038584633
vidyo1_720p_60fps_60f	vidyo1_720p_60fps_60f	libaom	libaom_20200501_59600cf_enc-mode0	60	63	0	229728.0	229.728	38.166500000000006	43.82533333333333	44.344666666666676	38.133304	43.80682	44.326588	81.94951163240832	321626.0	5.360433333333333	318.19	1280	720	60.0	8	3fd2a9330fefcb63d20b99fb5278691f	62782c436cf08f3f42f01eed13f59693	1280	720	5143.0	126.0	405.0	9985.0	False	False	0.9798082898060481	0.9822656189416784
Market3_1920x1080p_50_10b_pq_709	Market3_1920x1080p_50_10b_pq_709	libaom	libaom_20200501_59600cf_enc-mode0	60	20	0	11482953.0	11482.953	44.893	50.77733333333332	51.64566666666667	44.882297	50.774704	51.64379	99.8473896631908	7973602.0	132.89336666666668	7842.6	1920	1080	50.0	10	bc66739dc5f980dbee2ba697fc786bfa	912cf583abaa53c1f792805270935dc9	1920	1080	21548.0	608.0	3904.0	24332.0	False	False	0.9992407351732254	0.9982572847152004
Market3_1920x1080p_50_10b_pq_709	Market3_1920x1080p_50_10b_pq_709	libaom	libaom_20200501_59600cf_enc-mode0	60	32	0	6094333.0	6094.333	42.252833333333335	48.81450000000002	49.90066666666665	42.237696	48.81233	49.897703	99.00264966834196	6960490.0	116.00816666666667	6880.29	1920	1080	50.0	10	97d78df79895dabec666d644fd2d10f5	a3359d715bc5fb9cec43145865c6516b	1920	1080	20874.0	576.0	3463.0	23930.0	False	False	0.9986090153455734	0.9968439694093856
Market3_1920x1080p_50_10b_pq_709	Market3_1920x1080p_50_10b_pq_709	libaom	libaom_20200501_59600cf_enc-mode0	60	43	0	3489293.0	3489.293	39.76216666666667	47.19716666666667	48.49016666666669	39.742853	47.192474	48.483241	96.1547907688631	5433140.0	90.55233333333334	5350.42	1920	1080	50.0	10	18d029871763f27b70fd4b33eeaf7b51	e4a3a7b07eed00e0417c063eac1b0c52	1920	1080	21170.0	599.0	3080.0	24346.0	False	False	0.9972589115301768	0.9940532552747073
Market3_1920x1080p_50_10b_pq_709	Market3_1920x1080p_50_10b_pq_709	libaom	libaom_20200501_59600cf_enc-mode0	60	55	0	1861873.0	1861.873	36.918166666666664	45.35933333333333	46.86700000000001	36.898346999999994	45.34671	46.85241800000001	90.50623433598297	3708208.0	61.803466666666665	3678.31	1920	1080	50.0	10	750af4acf33db35baab2b318af997ce1	4027b19d89bbe6c7963b964aeef30564	1920	1080	24880.0	590.0	2920.0	24705.0	False	False	0.9935163835684458	0.9871027275140336
Market3_1920x1080p_50_10b_pq_709	Market3_1920x1080p_50_10b_pq_709	libaom	libaom_20200501_59600cf_enc-mode0	60	63	0	925786.0	925.786	33.96483333333334	43.307666666666655	44.93533333333334	33.927339	43.265879	44.887724	79.89567009898927	2808861.0	46.81435	2790.4	1920	1080	50.0	10	1af433a46671e76030ae041a6d776d55	6da58aff1aef9cb1a6eb3ebf4b0214a6	1920	1080	20992.0	563.0	2395.0	24193.0	False	False	0.9833853910366694	0.9716000790770069
ShowGirl2TeaserClip4000_1920x108	ShowGirl2TeaserClip4000_1920x108	libaom	libaom_20200501_59600cf_enc-mode0	60	20	0	2760886.0	2760.886	42.419166666666655	46.58016666666665	49.328999999999986	42.41701	46.578747	49.327848	95.39689763495296	15376758.0	256.2793	15213.77	1920	1080	25.0	10	d635f4f89294c6dd2629f07545ce7a37	11699451de435e46a41b56484d6688fe	1920	1080	21411.0	526.0	2533.0	24567.0	False	False	0.9962168087561926	0.991616434989384
ShowGirl2TeaserClip4000_1920x108	ShowGirl2TeaserClip4000_1920x108	libaom	libaom_20200501_59600cf_enc-mode0	60	32	0	1211343.0	1211.343	41.68833333333336	46.140166666666694	48.53933333333332	41.685178	46.138961	48.538467	93.60256450886851	7105891.0	118.43151666666667	7090.05	1920	1080	25.0	10	5f8c19d82a59592fbedb8c801b6084be	8f3f290217cdb6507cd97b1769edf856	1920	1080	20010.0	528.0	2407.0	23118.0	False	False	0.9951739172140758	0.9902530524677345
ShowGirl2TeaserClip4000_1920x108	ShowGirl2TeaserClip4000_1920x108	libaom	libaom_20200501_59600cf_enc-mode0	60	43	0	683130.0	683.13	40.7205	45.61266666666667	47.72883333333333	40.710192	45.611867	47.728706	90.57500022449067	4262350.0	71.03916666666667	4204.28	1920	1080	25.0	10	ebb0912d848de3043e8fc439c4555925	643ff5150af7d5d8e0e1a6a7e4f5a1dd	1920	1080	21074.0	630.0	2520.0	24712.0	False	False	0.9934720029433568	0.9882576076908839
ShowGirl2TeaserClip4000_1920x108	ShowGirl2TeaserClip4000_1920x108	libaom	libaom_20200501_59600cf_enc-mode0	60	55	0	373963.0	373.963	39.18116666666667	44.80433333333331	46.57350000000002	39.157911	44.803905	46.57292	84.93370918942796	2291184.0	38.1864	2261.98	1920	1080	25.0	10	c91956a752472500c0e4b208135cea92	a7533e0463a221d0d254387c60858584	1920	1080	21885.0	494.0	1595.0	23954.0	False	False	0.9896234293778737	0.9840155567199326
ShowGirl2TeaserClip4000_1920x108	ShowGirl2TeaserClip4000_1920x108	libaom	libaom_20200501_59600cf_enc-mode0	60	63	0	211500.0	211.5	37.0525	43.129333333333356	45.005833333333314	36.991885	43.117761	44.981537	74.84581614056165	1603473.0	26.72455	1587.13	1920	1080	25.0	10	54268b768a2504cee61080be8e7e8b57	8a61557df18ea4b7598e81a4a4da5cc4	1920	1080	21676.0	542.0	1978.0	24212.0	False	False	0.9806803087393443	0.9748623268444317
Starting_1920x1080p_50_10b_pq_70	Starting_1920x1080p_50_10b_pq_70	libaom	libaom_20200501_59600cf_enc-mode0	60	20	0	4465046.0	4465.046	47.061	49.75866666666664	51.418833333333325	47.021948	49.71437	51.354703	96.95904950329297	4692155.0	78.20258333333334	4642.25	1920	1080	50.0	10	589f01929e203d3cf8a4ec72c57bffe4	5ef8599b18cddc70374574172108b38e	1920	1080	19045.0	603.0	2411.0	24426.0	False	False	0.9992424666881561	0.9981772052215536
Starting_1920x1080p_50_10b_pq_70	Starting_1920x1080p_50_10b_pq_70	libaom	libaom_20200501_59600cf_enc-mode0	60	32	0	2341340.0	2341.3400000000006	45.64183333333335	48.53433333333334	49.78916666666667	45.602608	48.5136	49.765169	95.97684131050605	3711944.0	61.86573333333333	3662.94	1920	1080	50.0	10	a88fce9ea2f4aae1a4ecb57ebbabf483	654689f5093434419fa50787d20fd7ec	1920	1080	18129.0	532.0	1757.0	23066.0	False	False	0.9987383713324864	0.9974229604616287
Starting_1920x1080p_50_10b_pq_70	Starting_1920x1080p_50_10b_pq_70	libaom	libaom_20200501_59600cf_enc-mode0	60	43	0	1384653.0	1384.653	43.93800000000001	47.14266666666665	47.95216666666669	43.908539	47.138558	47.947347	94.32464157856731	2627890.0	43.79816666666667	2590.42	1920	1080	50.0	10	cbcb298be44ae7fb12d634b040fc37c3	3fe2af4796396843d2cf72c4b278e6c1	1920	1080	19239.0	583.0	2078.0	23565.0	False	False	0.9978982001543045	0.9962636149177146
Starting_1920x1080p_50_10b_pq_70	Starting_1920x1080p_50_10b_pq_70	libaom	libaom_20200501_59600cf_enc-mode0	60	55	0	745393.0	745.393	41.123000000000005	45.26799999999999	45.6265	41.10822	45.267272	45.626114	90.10701027773436	1973499.0	32.89165	1938.16	1920	1080	50.0	10	7100f0ae8ad391d1dfac8650be437f7c	c4edcb1d8cadd992e5de7bb08d9b9061	1920	1080	18149.0	625.0	2015.0	24073.0	False	False	0.9955673515796661	0.9930779119749734
Starting_1920x1080p_50_10b_pq_70	Starting_1920x1080p_50_10b_pq_70	libaom	libaom_20200501_59600cf_enc-mode0	60	63	0	386340.0	386.34	37.25250000000001	43.02300000000001	43.234500000000004	37.227115	43.01285500000001	43.226519	79.26694357859232	1567477.0	26.124616666666668	1559.87	1920	1080	50.0	10	51ab90869eb84689eb729ece6b657617	3d48c025bd79ea0b78bc6d0fe543d9de	1920	1080	17810.0	517.0	1671.0	23385.0	False	False	0.9879903197288513	0.9832431345827004
red_kayak_360p_60f	red_kayak_360p_60f	libaom	libaom_20200501_59600cf_enc-mode0	60	20	0	8828600.0	8828.6	40.70166666666667	44.308166666666686	49.07966666666666	40.653968	44.280604	49.066607	99.82541476212549	2581716.0	43.0286	2553.27	640	360	29.97	8	c01594dd3e5ad4e88773cf80d2d37431	ac4628790adccfb96740e3a087e70980	640	360	2696.0	86.0	1472.0	3719.0	False	False	0.9697094758351644	0.9935272384538334
red_kayak_360p_60f	red_kayak_360p_60f	libaom	libaom_20200501_59600cf_enc-mode0	60	32	0	5130457.0	5130.457	36.24349999999999	41.78533333333333	48.13283333333332	36.093034	41.73043599999999	48.116668	99.45677680139052	2264841.0	37.74735	2238.15	640	360	29.97	8	d744a1bda82dab46ccf7552e7625b1ab	9b7e149d0127cd481dbcdf50d69db457	640	360	2247.0	64.0	754.0	3040.0	False	False	0.9359595110019048	0.984972116567039
red_kayak_360p_60f	red_kayak_360p_60f	libaom	libaom_20200501_59600cf_enc-mode0	60	43	0	2380902.0	2380.902	31.84300000000001	39.66416666666666	47.11083333333332	31.63773	39.619178	47.079241	85.87106420659647	1736667.0	28.94445	1718.81	640	360	29.97	8	e9f4b7ba3526c63868fbd018831f2bed	e11a1546e526a4c4e81a54ea545f4df1	640	360	3702.0	58.0	541.0	2895.0	False	False	0.8658814837535223	0.9643803021022272
red_kayak_360p_60f	red_kayak_360p_60f	libaom	libaom_20200501_59600cf_enc-mode0	60	55	0	813054.0	813.054	28.236	38.272333333333314	46.03049999999998	28.05609	38.243595	45.979171	59.71368391437836	1067215.0	17.786916666666666	1066.32	640	360	29.97	8	198b8f141ad81b0ac5d3c217d4f810ff	636093f80a15e984ca297ae09fe5df5e	640	360	2223.0	51.0	354.0	2938.0	False	False	0.7585950871308644	0.9195382622237899
red_kayak_360p_60f	red_kayak_360p_60f	libaom	libaom_20200501_59600cf_enc-mode0	60	63	0	211574.0	211.574	25.762333333333327	36.91033333333334	44.84566666666667	25.626959	36.881387	44.768111	26.92915877762595	475848.0	7.9308	470.98	640	360	29.97	8	0ae8e6eb6d7d028d09465c20d5c62951	591e1e93c09d96aa7adc8f1a5c296d59	640	360	2144.0	58.0	193.0	3601.0	False	False	0.6614664296309153	0.8351170498331559
touchdown_pass_1080p_60f	touchdown_pass_1080p_60f	libaom	libaom_20200501_59600cf_enc-mode0	60	20	0	17179821.0	17179.821	40.539833333333334	47.83433333333334	47.97266666666666	40.449388	47.829313	47.967599	96.30083014178415	14831994.0	247.1999	14761.74	1920	1080	29.97	8	83c18cb2722d0eab92b7b17f6ef217a5	298d3034802be70ecff2be90f8fce36e	1920	1080	12319.0	219.0	4252.0	22954.0	False	False	0.9956878711779912	0.9906522706185151
touchdown_pass_1080p_60f	touchdown_pass_1080p_60f	libaom	libaom_20200501_59600cf_enc-mode0	60	32	0	3955211.0	3955.211	38.55216666666667	46.93249999999998	47.07133333333333	38.536019	46.931094	47.069649	93.98700174589922	9682270.0	161.37116666666665	9544.0	1920	1080	29.97	8	88fa40d5928e8823ae789c5ec15d9fc3	b2940399b41a758d6b68219e3a07d159	1920	1080	12775.0	325.0	2036.0	24383.0	False	False	0.9936893463134766	0.9862414510133243
touchdown_pass_1080p_60f	touchdown_pass_1080p_60f	libaom	libaom_20200501_59600cf_enc-mode0	60	43	0	1857854.0	1857.854	37.29316666666668	46.0355	46.074999999999996	37.267884	46.03101	46.070914	90.63969226752748	4365319.0	72.75531666666667	4306.72	1920	1080	29.97	8	4d4eeebca67faf3d4103d31cfb38ac1c	ab43ff4d4a8cec5cc45f81e57cba9c40	1920	1080	12856.0	278.0	1776.0	23971.0	False	False	0.9907400061686834	0.9808614858072112
touchdown_pass_1080p_60f	touchdown_pass_1080p_60f	libaom	libaom_20200501_59600cf_enc-mode0	60	55	0	932159.0	932.159	35.47166666666666	44.787000000000006	44.882	35.428374	44.769706	44.867962	83.34194582281205	2438825.0	40.647083333333335	2413.3	1920	1080	29.97	8	4f3f4b1cca18af4704e6d3b461df1675	7d4b8f9630929a6cffe4d84a7033907d	1920	1080	12992.0	331.0	1546.0	28881.0	False	False	0.981347585717837	0.9662998874909385
touchdown_pass_1080p_60f	touchdown_pass_1080p_60f	libaom	libaom_20200501_59600cf_enc-mode0	60	63	0	451606.0	451.606	33.213	43.224	43.4115	33.142798	43.171651	43.370554	68.62949307838188	1672124.0	27.868733333333335	1658.41	1920	1080	29.97	8	34fa8654592c51f9607b807064566cfb	97f1a89dffe7be621c38cb82b395cb23	1920	1080	12592.0	280.0	1276.0	24150.0	False	False	0.9524766723314921	0.9323185438171383
vidyo4_720p_60fps_60f	vidyo4_720p_60fps_60f	libaom	libaom_20200501_59600cf_enc-mode0	60	20	0	4577544.0	4577.544	44.15583333333334	49.92700000000003	50.24349999999999	44.100229	49.919791	50.238172	97.68589106857732	2965133.0	49.41888333333333	2960.64	1280	720	60.0	8	6b000ad5581c5ff3a316188d26aeffbb	4e6a71b2181e1e99de5746d030f9fa22	1280	720	17290.0	167.0	792.0	9674.0	False	False	0.9963598867257436	0.9955708042707433
vidyo4_720p_60fps_60f	vidyo4_720p_60fps_60f	libaom	libaom_20200501_59600cf_enc-mode0	60	32	0	1727384.0	1727.3840000000002	42.82166666666668	49.29250000000001	49.604833333333346	42.770877	49.28413	49.599375	96.568179478452	1911494.0	31.858233333333335	1889.09	1280	720	60.0	8	a63b92161eeacac7eedc4127871fb09a	f68441128b29f0b2a00562d2fff9c8bf	1280	720	5080.0	157.0	682.0	9935.0	False	False	0.9946654548247655	0.9938764944949987
vidyo4_720p_60fps_60f	vidyo4_720p_60fps_60f	libaom	libaom_20200501_59600cf_enc-mode0	60	43	0	937128.0	937.128	41.62383333333332	48.52383333333334	48.8335	41.568541	48.514892	48.826264	94.78131027682913	955056.0	15.9176	941.72	1280	720	60.0	8	ab8671dfddca27e57fa3317bf5d19398	cdb78179b802d6b77c8093bbff1150f2	1280	720	5288.0	161.0	575.0	12721.0	False	False	0.9921940505504608	0.9916721387795467
vidyo4_720p_60fps_60f	vidyo4_720p_60fps_60f	libaom	libaom_20200501_59600cf_enc-mode0	60	55	0	495752.0	495.752	39.84199999999999	47.13100000000001	47.405666666666676	39.784141	47.11966	47.396754	90.84433940760356	547023.0	9.11705	540.72	1280	720	60.0	8	cbfb5030f4b1338924653eb9d31eaf96	fc837cf9afddc41f9c11c838365a4f1f	1280	720	5511.0	234.0	494.0	10257.0	False	False	0.986260802547137	0.9868323816406258
vidyo4_720p_60fps_60f	vidyo4_720p_60fps_60f	libaom	libaom_20200501_59600cf_enc-mode0	60	63	0	259912.0	259.912	37.22516666666668	45.02766666666668	44.98833333333333	37.185765999999994	45.006215	44.9607	82.33873682781024	389683.0	6.494716666666666	384.66	1280	720	60.0	8	cfc435e39531e9d8d0037c28eadc24e2	0b88b157bd3e0904d4aefcf4d8575b35	1280	720	5201.0	143.0	437.0	9972.0	False	False	0.9725097407897313	0.9761302327511376
dark720p_60f	dark720p_60f	libaom	libaom_20200501_59600cf_enc-mode0	60	20	0	5930316.0	5930.316	45.45733333333335	42.725833333333334	44.502833333333335	45.279051	42.444991	44.342802	95.81897850802548	3900342.0	65.0057	3856.05	1280	720	30.0	8	30f195dbc7c815bc63c9e973e7c18243	a474d1d862db0af64227931124f9dc91	1280	720	5117.0	119.0	1539.0	10040.0	False	False	0.9935208191474278	0.9944854997518345
dark720p_60f	dark720p_60f	libaom	libaom_20200501_59600cf_enc-mode0	60	32	0	1412348.0	1412.3480000000002	43.35766666666665	38.88183333333333	41.75833333333334	43.28784600000001	38.832273	41.744117	93.13442592129329	2898612.0	48.3102	2857.52	1280	720	30.0	8	3be3379a0f1969324f83fbc5f3b2445c	1c0fb92b53ff7f86095b1b62d587da4d	1280	720	4924.0	163.0	1056.0	10043.0	False	False	0.9911119600137075	0.9925748290093813
dark720p_60f	dark720p_60f	libaom	libaom_20200501_59600cf_enc-mode0	60	43	0	309460.0	309.46	42.36466666666666	37.06083333333333	40.982000000000006	42.321873	37.057722	40.979295	91.07396946038013	1330262.0	22.171033333333334	1316.6	1280	720	30.0	8	53027c8ad5544f10b100588f819e57a3	2b6bf84f1eb18323e739d56403bbafb0	1280	720	4684.0	119.0	479.0	10054.0	False	False	0.9897202610969543	0.9914826432368634
dark720p_60f	dark720p_60f	libaom	libaom_20200501_59600cf_enc-mode0	60	55	0	142444.0	142.444	41.31366666666667	36.55183333333333	40.26933333333333	41.28626	36.550492	40.266051	88.18409549597182	621445.0	10.357416666666667	614.53	1280	720	30.0	8	6c5981e89681c95bc98a3bf11ec2cc39	e1e1512f85f9b409862b838f659b5db0	1280	720	4834.0	130.0	454.0	12515.0	False	False	0.9870533307393392	0.9894509120309654
dark720p_60f	dark720p_60f	libaom	libaom_20200501_59600cf_enc-mode0	60	63	0	81584.0	81.584	39.610833333333325	35.73550000000001	39.13649999999999	39.57387000000001	35.730057	39.11947	82.50522833276088	371645.0	6.194083333333333	368.33	1280	720	30.0	8	61e79ff222ff215eb5310b93d56706b2	56d87b2c44c06a8d3a1a9d4f8deb4c78	1280	720	5881.0	139.0	389.0	9827.0	False	False	0.981589674949646	0.985264482659879
gipsrestat720p_60f	gipsrestat720p_60f	libaom	libaom_20200501_59600cf_enc-mode0	60	20	0	3508813.0	3508.813	44.868166666666674	47.47816666666667	49.1305	44.844425	47.4669	49.122252	96.92732384579587	2368445.0	39.47408333333333	2345.33	1280	720	50.0	8	d140ce3e69834771a5f3c7e265a336b8	5957378c46acd0996094f2cae23a61b5	1280	720	5701.0	132.0	722.0	9939.0	False	False	0.9976514021555583	0.9969931868041312
gipsrestat720p_60f	gipsrestat720p_60f	libaom	libaom_20200501_59600cf_enc-mode0	60	32	0	1499793.0	1499.793	43.562	47.02466666666668	48.602333333333334	43.533446	47.019138	48.596222	95.92778520032279	1371691.0	22.861516666666667	1355.39	1280	720	50.0	8	d46de6dbdab776c13e908f02c5fc535d	01be6564cef39c484a6ebb6322b13537	1280	720	6022.0	169.0	549.0	10003.0	False	False	0.9968304326136906	0.9961688089685747
gipsrestat720p_60f	gipsrestat720p_60f	libaom	libaom_20200501_59600cf_enc-mode0	60	43	0	843473.0	843.473	42.278	46.47983333333334	47.899833333333305	42.228663	46.477695	47.89616	94.61276090725316	690766.0	11.512766666666666	683.25	1280	720	50.0	8	02b3d0b8429110c6632b68d44a52c8f2	9421e9ef087d0a9eb6bab90b7c6d9ac8	1280	720	5475.0	161.0	463.0	10218.0	False	False	0.9956804196039836	0.99510586450718
gipsrestat720p_60f	gipsrestat720p_60f	libaom	libaom_20200501_59600cf_enc-mode0	60	55	0	446193.0	446.193	40.220333333333315	45.01166666666667	46.067000000000014	40.17731	45.00973	46.063922	91.85667334495112	445265.0	7.421083333333334	439.33	1280	720	50.0	8	26c501f2ffa3050756073f07b547e485	34e6601e797fc1c7b0bd1293dd2bb1b6	1280	720	5575.0	134.0	421.0	10068.0	False	False	0.992737203836441	0.992416818900394
gipsrestat720p_60f	gipsrestat720p_60f	libaom	libaom_20200501_59600cf_enc-mode0	60	63	0	220373.0	220.373	36.699000000000005	42.16583333333333	42.962500000000006	36.676611	42.162854	42.957322	83.98252764565565	370291.0	6.171516666666666	366.59	1280	720	50.0	8	ba7c662f5b8f87ee26dca53304027965	2b5936dd5199494ce1a9942ac8aae961	1280	720	5663.0	117.0	240.0	9983.0	False	False	0.9824076215426127	0.9835704367280728
rush_hour_1080p25_60f	rush_hour_1080p25_60f	libaom	libaom_20200501_59600cf_enc-mode0	60	20	0	4921600.0	4921.6	42.9755	46.87116666666666	48.865333333333325	42.966666	46.87002300000001	48.86252	96.64250334090964	11649515.0	194.15858333333333	11492.72	1920	1080	25.0	8	ff7e31dfe8326ed47a28fbd5c19bab55	917cd2aefae1bc3da478a4339f7050ea	1920	1080	9959.0	245.0	2776.0	23578.0	False	False	0.996325209736824	0.9923536987223726
rush_hour_1080p25_60f	rush_hour_1080p25_60f	libaom	libaom_20200501_59600cf_enc-mode0	60	32	0	2376373.0	2376.373	42.11533333333333	45.95683333333334	47.719166666666666	42.111265	45.955481	47.717301	92.9127361048148	6201125.0	103.35208333333334	6131.61	1920	1080	25.0	8	87938f046b93f4bb5f69318b8bcabcbc	d104a21fe183f4d30bad9dacc16ad0ea	1920	1080	10215.0	254.0	2319.0	24624.0	False	False	0.9942724088827769	0.9903644680366779
rush_hour_1080p25_60f	rush_hour_1080p25_60f	libaom	libaom_20200501_59600cf_enc-mode0	60	43	0	1181010.0	1181.01	40.81716666666667	44.96116666666668	46.421666666666646	40.806395	44.958836	46.416907	85.9433572596679	3097418.0	51.62363333333333	3058.04	1920	1080	25.0	8	6c35eda8357907ee1622a3c8e9adbfb8	426e2da777a5ecc688b7e045da9ad2f7	1920	1080	10661.0	269.0	1853.0	23780.0	False	False	0.9904594510793686	0.9869662433875874
rush_hour_1080p25_60f	rush_hour_1080p25_60f	libaom	libaom_20200501_59600cf_enc-mode0	60	55	0	580330.0	580.33	38.98316666666667	43.657833333333336	44.800666666666665	38.948235	43.654605	44.792867	74.91479622479177	1831119.0	30.51865	1807.3	1920	1080	25.0	8	463af2186862907891fdeadc30dd5683	44a84e56d9efb1ff9d3d724bfc327922	1920	1080	10468.0	369.0	1268.0	24666.0	False	False	0.9832673519849777	0.9808431588777501
rush_hour_1080p25_60f	rush_hour_1080p25_60f	libaom	libaom_20200501_59600cf_enc-mode0	60	63	0	273680.0	273.68	36.52399999999999	42.02750000000001	42.83033333333333	36.436783	42.024996	42.815205	59.82713754278434	1066800.0	17.78	1064.91	1920	1080	25.0	8	ae719bd8186bebca20ca00ccb8806e15	a26c7adf43af7f059f9edc820623c0f8	1920	1080	9924.0	224.0	885.0	23074.0	False	False	0.9691673934459686	0.9691345399569682
wikipedia_420	wikipedia_420	libaom	libaom_20200501_59600cf_enc-mode0	60	20	0	1188268.0	1188.268	52.6715	52.33900000000002	53.336000000000006	52.647113	52.222209	53.278922	99.81912879140668	2522175.0	42.03625	2489.38	1920	1080	30.0	8	aae5fdfec2335bc741b05d933c579ffb	70b2823534d359ae517251114d21230b	1920	1080	11440.0	294.0	950.0	23417.0	False	False	0.9992227097352345	0.9987837883334645
wikipedia_420	wikipedia_420	libaom	libaom_20200501_59600cf_enc-mode0	60	32	0	743976.0	743.976	49.44816666666666	50.14849999999999	51.339166666666685	49.418604	49.992947	51.281314	99.79312117079596	2259641.0	37.66068333333333	2225.73	1920	1080	30.0	8	869f35c4e7d82faa8472c02b4f1ffcd7	6726704103d7198b980a0201b257ba14	1920	1080	8966.0	684.0	1100.0	24311.0	False	False	0.9987826565901439	0.9980640972068484
wikipedia_420	wikipedia_420	libaom	libaom_20200501_59600cf_enc-mode0	60	43	0	572804.0	572.804	47.27283333333334	48.360499999999995	49.61516666666666	47.191563	48.212953	49.549655	99.7388793535605	1658830.0	27.647166666666667	1635.46	1920	1080	30.0	8	4ddc814c594a4480903cc9d410875036	6c01573aa1f37fb273161dd6128eee7b	1920	1080	8640.0	256.0	765.0	23291.0	False	False	0.9985719134410223	0.997823634626393
wikipedia_420	wikipedia_420	libaom	libaom_20200501_59600cf_enc-mode0	60	55	0	426336.0	426.336	43.730500000000006	45.61083333333334	47.12566666666666	43.590677	45.461013	47.035187	99.59551040020185	1328339.0	22.138983333333332	1312.82	1920	1080	30.0	8	8b25214b0c6ea4e1bf3095fcdac51a41	bb360b0ea30e1f2d440f116f6afc8cb4	1920	1080	8682.0	238.0	710.0	22964.0	False	False	0.998073563973109	0.9972571891039996
wikipedia_420	wikipedia_420	libaom	libaom_20200501_59600cf_enc-mode0	60	63	0	339408.0	339.408	39.32433333333335	43.14183333333333	44.6455	38.980848	42.948677	44.513436	98.82493108499801	1307316.0	21.7886	1292.59	1920	1080	30.0	8	b38fc905fc7312220e07b63d019374fa	60dbfc5877a50bebf51c13dfe13c95c9	1920	1080	9540.0	253.0	720.0	23001.0	False	False	0.9965120663245519	0.995634550908311
Netflix_TunnelFlag_1920x1080_60f	Netflix_TunnelFlag_1920x1080_60f	libaom	libaom_20200501_59600cf_enc-mode0	60	20	0	25430648.0	25430.648	42.681333333333335	46.67616666666667	48.225500000000025	42.661911	46.672789	48.221022	99.9004686669487	8128123.0	135.46871666666667	8090.59	1920	1080	60.0	8	ab38afad746704948bdb0d5496c1ae65	8a697c5f743ad5ca6c1702632ed41e80	1920	1080	12611.0	296.0	4322.0	28834.0	False	False	0.9986589014530182	0.9965841371192126
Netflix_TunnelFlag_1920x1080_60f	Netflix_TunnelFlag_1920x1080_60f	libaom	libaom_20200501_59600cf_enc-mode0	60	32	0	13173992.0	13173.992	40.49716666666667	45.10233333333334	47.03433333333332	40.479396	45.100732	47.030638	99.88814467499405	5992040.0	99.86733333333333	5979.69	1920	1080	60.0	8	0f5650b1e7d214ddb1fe3bd6e3fd3e43	cc67be1e8b01c3dab599d4a67193d3d7	1920	1080	12293.0	252.0	2851.0	23022.0	False	False	0.9976222147544225	0.9943457844768919
Netflix_TunnelFlag_1920x1080_60f	Netflix_TunnelFlag_1920x1080_60f	libaom	libaom_20200501_59600cf_enc-mode0	60	43	0	6906672.0	6906.672	38.1735	43.335333333333345	45.824833333333345	38.147648	43.333441	45.820593	99.86083611635085	3997993.0	66.63321666666667	3987.47	1920	1080	60.0	8	44b82b5b515f35111c480ea43d59dd87	cf74f901ffb0ed304a6d0f74a80e8149	1920	1080	12370.0	250.0	2313.0	23420.0	False	False	0.9955234338839849	0.9905695524167447
Netflix_TunnelFlag_1920x1080_60f	Netflix_TunnelFlag_1920x1080_60f	libaom	libaom_20200501_59600cf_enc-mode0	60	55	0	3664912.0	3664.912	35.78366666666667	41.322500000000005	44.16250000000001	35.753196	41.320742	44.159807	99.8047364380727	2704272.0	45.0712	2671.34	1920	1080	60.0	8	69a5cfea445c8605dbdb99b9edd88610	c1d308bfac7bac962329c28588036065	1920	1080	13095.0	283.0	2021.0	23928.0	False	False	0.9920144488414129	0.9853087670631491
Netflix_TunnelFlag_1920x1080_60f	Netflix_TunnelFlag_1920x1080_60f	libaom	libaom_20200501_59600cf_enc-mode0	60	63	0	2006440.0	2006.44	32.99883333333334	39.353166666666674	42.085833333333326	32.948739	39.346791	42.074551	98.17186660166382	1896632.0	31.610533333333333	1873.92	1920	1080	60.0	8	3467b6a90edc791ba5533301faeca199	6b0b6406b17600a6c727dc1d086c6e5b	1920	1080	12620.0	254.0	1614.0	23452.0	False	False	0.9852660795052847	0.977321504571329
aspen_1080p_60f	aspen_1080p_60f	libaom	libaom_20200501_59600cf_enc-mode0	60	20	0	6565784.0	6565.784	43.739166666666684	48.007833333333345	49.19066666666668	43.714774	48.005864	49.188643	97.52503461986753	7179446.0	119.65743333333333	7092.74	1920	1080	29.97	8	7ee0bd91534c3408f035521cabf9bebd	c16cf93636ab1bc2bf3bf49ee5a10e07	1920	1080	9323.0	247.0	2495.0	22970.0	False	False	0.9958722174167634	0.9921979663825432
aspen_1080p_60f	aspen_1080p_60f	libaom	libaom_20200501_59600cf_enc-mode0	60	32	0	2134656.0	2134.656	42.216666666666654	47.01550000000001	48.08116666666667	42.20823699999999	47.013401	48.076973	94.19893656061953	4360496.0	72.67493333333333	4316.48	1920	1080	29.97	8	9c6a4259dffead068d059ac13ca0197a	78c6120429d715ff4774c29ebe0b25eb	1920	1080	9660.0	251.0	1862.0	23167.0	False	False	0.9942319959402084	0.9899483202375085
aspen_1080p_60f	aspen_1080p_60f	libaom	libaom_20200501_59600cf_enc-mode0	60	43	0	1013746.0	1013.746	40.96116666666668	45.84299999999999	46.7815	40.947875	45.839106	46.776498	89.91368212161609	2237629.0	37.293816666666665	2226.68	1920	1080	29.97	8	333d61395126a8cc5029a6301596d7dd	c9f17581c9991656121366799f2dc7d9	1920	1080	9781.0	268.0	1585.0	23211.0	False	False	0.9918426593144735	0.9872101430124897
aspen_1080p_60f	aspen_1080p_60f	libaom	libaom_20200501_59600cf_enc-mode0	60	55	0	514682.0	514.682	39.224000000000004	44.23716666666667	44.926500000000004	39.198173	44.231717	44.919024	82.40146373350302	1409934.0	23.4989	1394.66	1920	1080	29.97	8	91d63e058484b36bba41f221234ea7ce	e43cfc4365e30ad0344d36c0d3f6570f	1920	1080	9255.0	242.0	1220.0	24185.0	False	False	0.9866875459750494	0.981756862963998
aspen_1080p_60f	aspen_1080p_60f	libaom	libaom_20200501_59600cf_enc-mode0	60	63	0	264445.0	264.445	36.73433333333333	42.154499999999985	42.6395	36.679562	42.140637	42.621572	68.72449088442347	897280.0	14.954666666666666	892.42	1920	1080	29.97	8	d6a2797d53c3cbd89d91e6306badfc80	bf823ef173d6e92ce01f7f99a677cb10	1920	1080	9382.0	269.0	1162.0	23395.0	False	False	0.972956782579422	0.9687148188766355
Aerial_1920x1080_2997_10b	Aerial_1920x1080_2997_10b	libaom	libaom_20200501_59600cf_enc-mode0	60	20	0	7930784.0	7930.784	43.58633333333333	45.631	44.95833333333332	43.563549	45.621893	44.950623	96.56410313383716	10056678.0	167.6113	9946.07	1920	1080	29.97	10	9819e3462bf9df4e03cf2165b1ba255c	270f6e6b3b3dc5801ffc5055c9507050	1920	1080	23409.0	481.0	2793.0	23350.0	False	False	0.9989915271600087	0.9979544874030484
Aerial_1920x1080_2997_10b	Aerial_1920x1080_2997_10b	libaom	libaom_20200501_59600cf_enc-mode0	60	32	0	4434573.0	4434.573	41.69116666666668	44.0375	43.62566666666665	41.669138	44.034811	43.624634	95.39445936904698	8046432.0	134.1072	7950.49	1920	1080	29.97	10	12be333f4a2ba18c0ace91486ca08e42	ac615fb8a1b93d44e6c718ed6f1b52d8	1920	1080	25349.0	565.0	2520.0	23925.0	False	False	0.9984464327494303	0.9969774793659099
Aerial_1920x1080_2997_10b	Aerial_1920x1080_2997_10b	libaom	libaom_20200501_59600cf_enc-mode0	60	43	0	2553639.0	2553.639	39.20816666666666	42.19700000000002	42.20950000000003	39.19255	42.195907	42.208757	93.02452840407527	6172528.0	102.87546666666667	6083.61	1920	1080	29.97	10	204051c60e888ed0f38f726abff24847	f3cb06e98741d8c8ce8ab7566c6bceab	1920	1080	23131.0	517.0	1878.0	23198.0	False	False	0.9973218351602554	0.9949350504000748
Aerial_1920x1080_2997_10b	Aerial_1920x1080_2997_10b	libaom	libaom_20200501_59600cf_enc-mode0	60	55	0	1362256.0	1362.256	35.939	40.208166666666685	40.75499999999999	35.933141	40.207237	40.754942	88.08470533061966	5297326.0	88.28876666666666	5205.03	1920	1080	29.97	10	b044c435209889b8f669330e25492523	b314a7d1ca414d5f34329d6379837ecb	1920	1080	25327.0	616.0	2322.0	24583.0	False	False	0.9942806641260783	0.9893276948422357
Aerial_1920x1080_2997_10b	Aerial_1920x1080_2997_10b	libaom	libaom_20200501_59600cf_enc-mode0	60	63	0	657560.0	657.56	31.986999999999988	38.075500000000005	39.383833333333314	31.935546	38.068855	39.381242	76.14216886984543	3666123.0	61.10205	3618.12	1920	1080	29.97	10	2030626c5234316181da679ab5ae062c	07de71b48c582ba341902d7645c45647	1920	1080	24910.0	592.0	1900.0	26533.0	False	False	0.983083164691925	0.9698216062199714
Netflix_Boat_1920x1080_60fps_8bi	Netflix_Boat_1920x1080_60fps_8bi	libaom	libaom_20200501_59600cf_enc-mode0	60	20	0	25544528.0	25544.528	43.504500000000014	45.62516666666667	47.035999999999994	43.486382	45.61203	47.028746	99.89819493447082	7492931.0	124.88218333333333	7410.29	1920	1080	60.0	8	05aa823aa42bc88894edd1935af8b109	cf9527d365a5fd753ecdf68e01367f17	1920	1080	14192.0	247.0	2902.0	23517.0	False	False	0.9993161062399546	0.9985598587382502
Netflix_Boat_1920x1080_60fps_8bi	Netflix_Boat_1920x1080_60fps_8bi	libaom	libaom_20200501_59600cf_enc-mode0	60	32	0	14239280.0	14239.28	40.884833333333326	43.92450000000001	44.86533333333333	40.858691	43.910559	44.860599	99.65191639253011	6985534.0	116.42556666666667	6890.26	1920	1080	60.0	8	51a70c60a8d8bec22d4f58e280b73ed2	5c37695dfb652a2c06cf8fde655bf055	1920	1080	14033.0	295.0	2525.0	24328.0	False	False	0.9988092730442683	0.9974509916868827
Netflix_Boat_1920x1080_60fps_8bi	Netflix_Boat_1920x1080_60fps_8bi	libaom	libaom_20200501_59600cf_enc-mode0	60	43	0	8325768.0	8325.768	38.08716666666666	42.47033333333332	43.13466666666667	38.045132	42.456442	43.131779	96.31718741779677	5573402.0	92.89003333333334	5482.16	1920	1080	60.0	8	1e58327edf50c817895b328c47cfcfed	7fe8dd8db32546b373a056db76e99aa9	1920	1080	13926.0	274.0	1973.0	23960.0	False	False	0.9976719141006469	0.9950722014289943
Netflix_Boat_1920x1080_60fps_8bi	Netflix_Boat_1920x1080_60fps_8bi	libaom	libaom_20200501_59600cf_enc-mode0	60	55	0	4653376.0	4653.376	34.93516666666666	40.88366666666666	41.311833333333325	34.875258	40.870983	41.308871	89.53092009886235	3833258.0	63.88763333333333	3794.54	1920	1080	60.0	8	b3c583a739533b555dd9aa6e6d960aa5	af54eec4b755886710c227a71d650cbc	1920	1080	14086.0	222.0	1357.0	23027.0	False	False	0.9945259948571523	0.9891407230811633
Netflix_Boat_1920x1080_60fps_8bi	Netflix_Boat_1920x1080_60fps_8bi	libaom	libaom_20200501_59600cf_enc-mode0	60	63	0	2530520.0	2530.52	31.845666666666656	39.06099999999999	39.47799999999999	31.770313	39.055879	39.457263	78.64830077137455	2642843.0	44.047383333333336	2624.09	1920	1080	60.0	8	bb3e1ddb6d87cdc34939f901d6ec9353	44e24eb76aeb70019819576003f7591a	1920	1080	15875.0	243.0	1102.0	23526.0	False	False	0.9865673859914144	0.9758552720255943
Netflix_FoodMarket_1920x1080_60f	Netflix_FoodMarket_1920x1080_60f	libaom	libaom_20200501_59600cf_enc-mode0	60	20	0	19178952.0	19178.952	40.939333333333344	44.772500000000015	45.559166666666684	40.921724	44.769548	45.557877	98.93911191624905	15826498.0	263.77496666666667	15672.95	1920	1080	60.0	8	a9c12a63bf21e8dd4159a6bd4975b42b	bf59f4c561d4951b422cfdb6022393ec	1920	1080	12298.0	282.0	3324.0	23596.0	False	False	0.9950526098410288	0.9894747690964614
Netflix_FoodMarket_1920x1080_60f	Netflix_FoodMarket_1920x1080_60f	libaom	libaom_20200501_59600cf_enc-mode0	60	32	0	6597216.0	6597.216	39.741166666666665	43.94016666666667	44.91433333333334	39.736712	43.937873	44.912946	96.10983476726396	8436920.0	140.61533333333333	8351.29	1920	1080	60.0	8	fed092ec5e4773d3eee65da64c5923dc	80bf788befa45dd26a1674d8f671d2e7	1920	1080	11912.0	226.0	1989.0	24029.0	False	False	0.9921172420183818	0.9852640136819901
Netflix_FoodMarket_1920x1080_60f	Netflix_FoodMarket_1920x1080_60f	libaom	libaom_20200501_59600cf_enc-mode0	60	43	0	3380272.0	3380.272	38.532500000000006	43.1305	44.227166666666676	38.522831	43.126239000000005	44.224424	91.46110509329672	4092868.0	68.21446666666667	4044.99	1920	1080	60.0	8	5d513cbbde4c582569cf0eeb0f80464e	a193941ebb9f374c88f37ce89012c696	1920	1080	12819.0	234.0	1473.0	25589.0	False	False	0.9878778169552486	0.9798715448597689
Netflix_FoodMarket_1920x1080_60f	Netflix_FoodMarket_1920x1080_60f	libaom	libaom_20200501_59600cf_enc-mode0	60	55	0	1700408.0	1700.408	36.7985	42.04216666666665	43.16100000000001	36.780346	42.035991	43.151882	82.79866653856669	2336689.0	38.94481666666667	2304.82	1920	1080	60.0	8	8584f987d545b0949617cf8f4b5db31c	f81442deac30833ed6a360cac422ea02	1920	1080	12045.0	573.0	1440.0	23614.0	False	False	0.9772435973087946	0.9680701589535872
Netflix_FoodMarket_1920x1080_60f	Netflix_FoodMarket_1920x1080_60f	libaom	libaom_20200501_59600cf_enc-mode0	60	63	0	823912.0	823.912	34.62166666666667	40.736	41.743833333333335	34.58237999999999	40.718783	41.692754	67.69541103212296	1526940.0	25.449	1507.15	1920	1080	60.0	8	3ae4986aa2a273069031606e9598fb38	fad8523d4707c1a0dd84777b3229cb6e	1920	1080	12674.0	270.0	928.0	23564.0	False	False	0.9523379862308502	0.9440939387514468
Netflix_SquareAndTimelapse_1920x	Netflix_SquareAndTimelapse_1920x	libaom	libaom_20200501_59600cf_enc-mode0	60	20	0	18293920.0	18293.92	44.34883333333333	48.45666666666669	47.55683333333333	44.336499	48.453828	47.552372	99.8874194058637	6853278.0	114.2213	6770.02	1920	1080	60.0	8	1f3bdde10fade9333b814539f3e0c4e0	ce5c68c15cdca85add30a26c2633096d	1920	1080	12441.0	270.0	3128.0	23953.0	False	False	0.9991521447896957	0.9978201018166803
Netflix_SquareAndTimelapse_1920x	Netflix_SquareAndTimelapse_1920x	libaom	libaom_20200501_59600cf_enc-mode0	60	32	0	10485512.0	10485.512	41.95116666666669	46.64250000000002	45.553166666666655	41.934482	46.63865	45.546397	99.86718293517626	5475640.0	91.26066666666667	5464.03	1920	1080	60.0	8	35346422f06bdee11785999ae748381a	b0b66e31ae4002f5e20e0157eaa09534	1920	1080	12185.0	292.0	2484.0	24890.0	False	False	0.9983113904794058	0.996057786034796
Netflix_SquareAndTimelapse_1920x	Netflix_SquareAndTimelapse_1920x	libaom	libaom_20200501_59600cf_enc-mode0	60	43	0	6191984.0	6191.984	39.41066666666665	44.945833333333326	43.73216666666666	39.380004	44.937603	43.721526	98.91003430059469	3870858.0	64.5143	3829.6	1920	1080	60.0	8	75309fdcef3ed30262ba4edd18666b92	b58a5f45550b549d674b84aa662476f9	1920	1080	12152.0	255.0	2281.0	23355.0	False	False	0.9964204609394074	0.9927239501420729
Netflix_SquareAndTimelapse_1920x	Netflix_SquareAndTimelapse_1920x	libaom	libaom_20200501_59600cf_enc-mode0	60	55	0	3405320.0	3405.32	36.399166666666666	42.80866666666666	41.4625	36.356082	42.795429	41.444705	91.44951831757476	3051787.0	50.86311666666667	3003.47	1920	1080	60.0	8	5e71cf06e436e5cae9b14b05cc811ddb	e87aa528d3448e2a3cdbfdb99e6ddc63	1920	1080	12676.0	301.0	2118.0	24572.0	False	False	0.9912395626306534	0.9848275783104938
Netflix_SquareAndTimelapse_1920x	Netflix_SquareAndTimelapse_1920x	libaom	libaom_20200501_59600cf_enc-mode0	60	63	0	1801400.0	1801.4	33.21616666666668	40.349500000000006	39.03516666666667	33.145265	40.304653	38.985611	77.51744912570885	2151434.0	35.85723333333333	2125.1	1920	1080	60.0	8	e2989bada05c1c625b132e370e1a93f3	8219d8d9ee4aa86837d9eabadb18819d	1920	1080	12361.0	272.0	1673.0	25192.0	False	False	0.9777951459089915	0.967537947913355
Netflix_Aerial_1920x1080_60fps_8	Netflix_Aerial_1920x1080_60fps_8	libaom	libaom_20200501_59600cf_enc-mode0	60	20	0	19395552.0	19395.552	42.723999999999975	45.45883333333333	45.18316666666667	42.693018	45.453245	45.180688	96.81283117171999	9738697.0	162.31161666666668	9628.66	1920	1080	60.0	8	e0067354e16c16d5996e4250d670df0b	b63e63d1d4bac18c64bb0881e8b264fb	1920	1080	12907.0	223.0	2661.0	23292.0	False	False	0.9979410936435064	0.9965287733112921
Netflix_Aerial_1920x1080_60fps_8	Netflix_Aerial_1920x1080_60fps_8	libaom	libaom_20200501_59600cf_enc-mode0	60	32	0	10064096.0	10064.096	40.853666666666655	44.23450000000001	44.24383333333333	40.80073	44.22768	44.241063000000004	94.70582084765255	7034435.0	117.24058333333333	6960.22	1920	1080	60.0	8	af1ccad5f2bb56433af7df90c056d1fd	571c6fd80a522fea74f4aed982b75c2d	1920	1080	17881.0	277.0	2156.0	24023.0	False	False	0.9965946594874064	0.9945006104197713
Netflix_Aerial_1920x1080_60fps_8	Netflix_Aerial_1920x1080_60fps_8	libaom	libaom_20200501_59600cf_enc-mode0	60	43	0	5321344.0	5321.344	38.60666666666667	42.72199999999999	43.182	38.546664	42.71671	43.17712100000001	91.5268099065088	4600863.0	76.68105	4549.3	1920	1080	60.0	8	e43da431261e02bb76b52f3aba6114d2	42f57aca8507edf00e2dedbf15335094	1920	1080	13353.0	244.0	1529.0	23377.0	False	False	0.9942224482695262	0.9905873936365818
Netflix_Aerial_1920x1080_60fps_8	Netflix_Aerial_1920x1080_60fps_8	libaom	libaom_20200501_59600cf_enc-mode0	60	55	0	2563608.0	2563.608	35.82816666666666	40.99999999999999	42.050666666666686	35.789369	40.991932	42.040208	85.44066632725932	3020822.0	50.347033333333336	2986.47	1920	1080	60.0	8	52e7c80330f8e247275df3f4bc0ae818	80136af6cd3f1e904ff18a4194b19782	1920	1080	13627.0	246.0	1332.0	25986.0	False	False	0.9886450320482254	0.9810529015340441
Netflix_Aerial_1920x1080_60fps_8	Netflix_Aerial_1920x1080_60fps_8	libaom	libaom_20200501_59600cf_enc-mode0	60	63	0	1109680.0	1109.68	32.64316666666666	39.11133333333331	40.892	32.590689	39.075523	40.866056	71.45371424519824	2183877.0	36.39795	2160.4	1920	1080	60.0	8	2284bc79629cf6ad41cc03c67481b671	9dc1cc91d7bc6a3308dfb0bc13f9c8bc	1920	1080	13393.0	233.0	887.0	23377.0	False	False	0.9711630910634994	0.9537662517544178
Sintel_Dragons_1920x816_24_10b	Sintel_Dragons_1920x816_24_10b	libaom	libaom_20200501_59600cf_enc-mode0	60	20	0	4994147.0	4994.147	46.97433333333334	51.51383333333333	51.60716666666665	46.886715	51.478348	51.551308	99.88463268442048	9396570.0	156.6095	9321.29	1920	816	24.0	10	2592b5b5b0315a9c4a139428e0748824	bb140e552d51d7b755f2344bdcf1eb6c	1920	816	11013.0	426.0	3361.0	16341.0	False	False	0.9968648433685303	0.9970055066503921
Sintel_Dragons_1920x816_24_10b	Sintel_Dragons_1920x816_24_10b	libaom	libaom_20200501_59600cf_enc-mode0	60	32	0	2610867.0	2610.867	43.97916666666665	49.242333333333335	49.206999999999994	43.925928	49.204452999999994	49.140789	99.86529107460073	7297263.0	121.62105	7246.72	1920	816	24.0	10	47646c1175679f2dce5a7b489a02f284	cc2fa3a0a99f8c010401746cc68a4d7d	1920	816	10519.0	362.0	2730.0	15975.0	False	False	0.9944891105095546	0.9948413254219444
Sintel_Dragons_1920x816_24_10b	Sintel_Dragons_1920x816_24_10b	libaom	libaom_20200501_59600cf_enc-mode0	60	43	0	1419699.0	1419.699	41.1525	47.02166666666666	46.91216666666666	41.11155900000001	46.982102000000005	46.841335	98.1737721875252	6212917.0	103.54861666666666	6125.28	1920	816	24.0	10	3458e9f72cc3b62450684571679111f0	1715d8013d6be16a60ffcd0abc938620	1920	816	11389.0	380.0	2297.0	17603.0	False	False	0.9896790484587351	0.9907291009089704
Sintel_Dragons_1920x816_24_10b	Sintel_Dragons_1920x816_24_10b	libaom	libaom_20200501_59600cf_enc-mode0	60	55	0	772144.0	772.144	38.26016666666667	44.68183333333333	44.58066666666665	38.224954	44.644893	44.497901	88.99558361403125	5650684.0	94.17806666666667	5572.91	1920	816	24.0	10	34103725e28e97c066fc5dea650aab08	ff01763edd591bb4d7dc848ec2c9a179	1920	816	10823.0	386.0	2151.0	27594.0	False	False	0.9801991830269495	0.9829646673054953
Sintel_Dragons_1920x816_24_10b	Sintel_Dragons_1920x816_24_10b	libaom	libaom_20200501_59600cf_enc-mode0	60	63	0	399443.0	399.443	35.051166666666674	42.074500000000015	41.968666666666664	34.996132	42.057355	41.897899	71.69196815827178	5690450.0	94.84083333333334	5625.74	1920	816	24.0	10	6f08dd6331dd762ff2b3a04b8ec2db71	ede312dda119e41505ae802eabc249ce	1920	816	10963.0	362.0	1836.0	24810.0	False	False	0.9611500749985377	0.9675481468998138
life_1080p30_60f	life_1080p30_60f	libaom	libaom_20200501_59600cf_enc-mode0	60	20	0	11742312.0	11742.312	44.40416666666666	49.59316666666667	48.975999999999985	44.370073	49.585931	48.969003	99.45722204603435	6389670.0	106.4945	6340.87	1920	1080	30.0	8	91b6d2e2ffeac659165667c227af79f2	7f47d09e04d53978c2ecdfd9b18f0dc2	1920	1080	12251.0	226.0	3229.0	23030.0	False	False	0.999208519856135	0.9979430466901492
life_1080p30_60f	life_1080p30_60f	libaom	libaom_20200501_59600cf_enc-mode0	60	32	0	5510892.0	5510.892000000001	41.46549999999999	47.19216666666668	46.82266666666667	41.442009	47.18507	46.817705	97.65201778306937	5860649.0	97.67748333333333	5792.33	1920	1080	30.0	8	7d76d3c99f7ee5faccbb58d7c0db7a3b	6d6bb0add26999debd3c9875009938b2	1920	1080	16331.0	317.0	2998.0	24048.0	False	False	0.9984667112429937	0.9962528804072278
life_1080p30_60f	life_1080p30_60f	libaom	libaom_20200501_59600cf_enc-mode0	60	43	0	2836336.0	2836.336	38.89399999999999	45.273333333333326	45.13283333333332	38.873955	45.265291	45.126378	94.56880595142508	3694001.0	61.56668333333333	3647.43	1920	1080	30.0	8	018b490f81795df8727130eaed39644e	5c9ca9fabe39e0bd62f3d49048058022	1920	1080	12533.0	337.0	2255.0	23600.0	False	False	0.9969458222389221	0.9931170355302091
life_1080p30_60f	life_1080p30_60f	libaom	libaom_20200501_59600cf_enc-mode0	60	55	0	1454216.0	1454.216	36.10283333333334	42.98050000000001	42.93749999999999	36.080716	42.96924	42.92788	88.98580087103251	2575384.0	42.923066666666664	2547.57	1920	1080	30.0	8	98fdba554935913bf4b38122facf28dd	14c8f0c66a0962e606cf1e7365440b74	1920	1080	12364.0	231.0	1582.0	22848.0	False	False	0.992886824409167	0.9853809097964601
life_1080p30_60f	life_1080p30_60f	libaom	libaom_20200501_59600cf_enc-mode0	60	63	0	678176.0	678.176	33.27900000000001	40.543499999999995	40.32100000000001	33.24557	40.517251	40.295365	78.71030635653273	1896482.0	31.608033333333335	1874.79	1920	1080	30.0	8	0a35df7a602853b603dfb49e2ba3c528	722f3678c1f1658705701bff0ccd1da2	1920	1080	12318.0	236.0	1466.0	24513.0	False	False	0.9813684274752935	0.9671562608578265
Cosmos1_1920x856_BT2100_PQ_24fps	Cosmos1_1920x856_BT2100_PQ_24fps	libaom	libaom_20200501_59600cf_enc-mode0	60	20	0	20866816.0	20866.816	41.55133333333335	44.63966666666667	47.42733333333334	41.462208	44.600159	47.409098	99.03746648676376	15624498.0	260.4083	15548.72	1920	856	24.0	10	6342c03ef3854f116d165d8314bae6f9	b83d4debd8de0b9f5b6daa5fa77e7199	1920	856	18710.0	384.0	6625.0	17789.0	False	False	0.9965024381875992	0.9957056146276015
Cosmos1_1920x856_BT2100_PQ_24fps	Cosmos1_1920x856_BT2100_PQ_24fps	libaom	libaom_20200501_59600cf_enc-mode0	60	32	0	8187740.0	8187.74	37.97500000000001	42.75033333333333	45.86899999999999	37.908407	42.719999	45.852747	94.77382042223526	15065022.0	251.0837	14865.52	1920	856	24.0	10	b0b4a47dfb8f841658d694a87e97254f	c7a8e62d76c7104311d482ad86343b80	1920	856	18874.0	437.0	4860.0	17823.0	False	False	0.9917028943697611	0.9906268642814893
Cosmos1_1920x856_BT2100_PQ_24fps	Cosmos1_1920x856_BT2100_PQ_24fps	libaom	libaom_20200501_59600cf_enc-mode0	60	43	0	3303286.0	3303.286	35.49683333333334	41.346166666666676	44.68033333333336	35.448205	41.322561	44.670448	85.02405936670456	10259997.0	170.99995	10111.54	1920	856	24.0	10	fa93d7146e31615d003747595b1a4afb	c12a0099cd406ce940acc13b9471180a	1920	856	18075.0	477.0	3928.0	18119.0	False	False	0.9816283404827117	0.9813077963327012
Cosmos1_1920x856_BT2100_PQ_24fps	Cosmos1_1920x856_BT2100_PQ_24fps	libaom	libaom_20200501_59600cf_enc-mode0	60	55	0	1483267.0	1483.267	33.218333333333334	40.051166666666674	43.42650000000001	33.157254	40.034677	43.421332	69.34388304617876	6763938.0	112.7323	6666.16	1920	856	24.0	10	d78211befb65e1e75619d7925cc5c101	e47cc260b646eac04cf4372707ec0367	1920	856	17486.0	662.0	3078.0	20170.0	False	False	0.9589469522237778	0.9618612115838857
Cosmos1_1920x856_BT2100_PQ_24fps	Cosmos1_1920x856_BT2100_PQ_24fps	libaom	libaom_20200501_59600cf_enc-mode0	60	63	0	630988.0	630.988	30.795333333333335	38.78333333333333	42.06466666666667	30.728294	38.775849	42.044132	48.49816499793391	4552750.0	75.87916666666666	4474.76	1920	856	24.0	10	0b38730224e3a7e009f17844eb491a15	f8d56f99c5906cdaaf385d62815b02a5	1920	856	18600.0	455.0	2209.0	18098.0	False	False	0.9083334684371949	0.91998398623772
ducks_take_off_1080p50_60f	ducks_take_off_1080p50_60f	libaom	libaom_20200501_59600cf_enc-mode0	60	20	0	106038966.0	106038.966	38.76849999999999	38.954833333333326	41.243000000000016	38.708071	38.905059	41.231783	98.70787726506937	26356475.0	439.27458333333334	26056.17	1920	1080	50.0	8	3ffa7d162448a549d7790d1df50d5d3e	89a9c352e10ee02e15785c3ddd15adb8	1920	1080	16493.0	280.0	8208.0	23885.0	False	False	0.9988197992245357	0.995765808186508
ducks_take_off_1080p50_60f	ducks_take_off_1080p50_60f	libaom	libaom_20200501_59600cf_enc-mode0	60	32	0	28757446.0	28757.446	35.07516666666666	36.908333333333346	39.906833333333346	35.052313	36.894487	39.901141	93.45996883031552	21861562.0	364.3593666666667	21644.27	1920	1080	50.0	8	974490da47f504204a89263737778497	066f3e1ffeab6725c020cf4f6f819e63	1920	1080	16154.0	249.0	4490.0	23816.0	False	False	0.9966112891832988	0.9899665162537384
ducks_take_off_1080p50_60f	ducks_take_off_1080p50_60f	libaom	libaom_20200501_59600cf_enc-mode0	60	43	0	11065133.0	11065.133	33.267833333333336	35.394333333333336	38.76699999999998	33.2441	35.368752	38.760515000000005	85.47829022558547	11691517.0	194.85861666666668	11647.35	1920	1080	50.0	8	5a345e6d23719e09b850c037f8c2e72e	98cbeb9d0c46c91682f1fd897e467cff	1920	1080	16231.0	247.0	2736.0	22892.0	False	False	0.9918597420056661	0.9826929947791608
ducks_take_off_1080p50_60f	ducks_take_off_1080p50_60f	libaom	libaom_20200501_59600cf_enc-mode0	60	55	0	4876033.0	4876.033	31.24766666666667	33.85533333333333	37.807500000000005	31.200153	33.814302	37.80327	72.26302597144203	6941089.0	115.68481666666666	6907.4	1920	1080	50.0	8	4078a68605fbc3533f38e9abee8b4efd	5a4027cc9127958b96aa0983badc60c4	1920	1080	15895.0	254.0	2108.0	23246.0	False	False	0.9803480823834737	0.9680982989458691
ducks_take_off_1080p50_60f	ducks_take_off_1080p50_60f	libaom	libaom_20200501_59600cf_enc-mode0	60	63	0	2241213.0	2241.213	29.084666666666667	32.403000000000006	36.95916666666666	29.008828	32.364753	36.955605	54.5322526244487	3663593.0	61.05988333333333	3649.62	1920	1080	50.0	8	d57eb5dc7c4f45894a726a8cb706fa29	fdedaf7ba7c88c8c1eb2895fc2aa9d85	1920	1080	16385.0	255.0	1541.0	23324.0	False	False	0.956193212668101	0.9409406553573676
ducks_1920x1080_50fps_10b	ducks_1920x1080_50fps_10b	libaom	libaom_20200501_59600cf_enc-mode0	60	20	0	106161820.0	106161.82	38.847666666666676	39.083499999999994	41.39399999999999	38.792753999999995	39.049814	41.387035	98.69857396480877	33481744.0	558.0290666666667	33096.37	1920	1080	50.0	10	8e55fc26cd393dfb8a62fb1d36f9b0e7	e9438da77606e6bdb27500531e48d220	1920	1080	22580.0	565.0	9844.0	24098.0	False	False	0.9988133738438288	0.9957671645434469
ducks_1920x1080_50fps_10b	ducks_1920x1080_50fps_10b	libaom	libaom_20200501_59600cf_enc-mode0	60	32	0	28289113.0	28289.113	35.11366666666666	36.97033333333333	40.03583333333334	35.091413	36.956781	40.030331	93.53644040992872	29906719.0	498.44531666666666	29639.68	1920	1080	50.0	10	bae30745d0a23dc518a9e9bd702ae61a	65c646f5843b297fb3a3d66af0dd51a0	1920	1080	22843.0	508.0	5452.0	23597.0	False	False	0.9966440389553706	0.9900174612143026
ducks_1920x1080_50fps_10b	ducks_1920x1080_50fps_10b	libaom	libaom_20200501_59600cf_enc-mode0	60	43	0	10836140.0	10836.139999999998	33.277166666666666	35.41783333333333	38.85716666666667	33.252282	35.391383	38.851136	85.38516634038423	17391361.0	289.8560166666667	17189.2	1920	1080	50.0	10	c6f5224097faf176977ca9cfac885cfd	cb7ea8eb2dbafafeee2997788673843b	1920	1080	21848.0	504.0	3851.0	23332.0	False	False	0.9917856931686402	0.9826019523471949
ducks_1920x1080_50fps_10b	ducks_1920x1080_50fps_10b	libaom	libaom_20200501_59600cf_enc-mode0	60	55	0	4863840.0	4863.84	31.27183333333333	33.915833333333346	37.948666666666675	31.224565	33.872125	37.94490699999999	72.3265627026755	10821007.0	180.35011666666668	10694.2	1920	1080	50.0	10	602dda1e938779920eb2e66708811530	2a279ac035281571813f3c8aa7333ddf	1920	1080	26127.0	552.0	3216.0	24153.0	False	False	0.9803970793883006	0.9681857361914156
ducks_1920x1080_50fps_10b	ducks_1920x1080_50fps_10b	libaom	libaom_20200501_59600cf_enc-mode0	60	63	0	2273133.0	2273.133	29.1305	32.49866666666666	37.17233333333333	29.054054	32.460618	37.169163	55.42119561556571	5754811.0	95.91351666666667	5747.25	1920	1080	50.0	10	9af84f8817208b53d229a5f3b7c19899	19c23bfd77ff1dbd9e0ae977c2568441	1920	1080	22417.0	427.0	2165.0	23390.0	False	False	0.9568492859601975	0.9416985536042455
ToddlerFountn_1920x1080_2997_10b	ToddlerFountn_1920x1080_2997_10b	libaom	libaom_20200501_59600cf_enc-mode0	60	20	0	53908828.0	53908.828	40.93516666666666	46.20183333333334	43.64716666666668	40.897796	46.197801	43.63767599999999	99.81792459323478	24325806.0	405.4301	24236.23	1920	1080	29.97	10	f233b640ad92787d2d014511922f58ff	88fe7036aa89e877d6c61de7d67ea124	1920	1080	22114.0	467.0	8843.0	23695.0	False	False	0.9974700897932053	0.9946312919107
ToddlerFountn_1920x1080_2997_10b	ToddlerFountn_1920x1080_2997_10b	libaom	libaom_20200501_59600cf_enc-mode0	60	32	0	27164740.0	27164.74	37.009833333333326	44.883166666666654	41.86133333333334	36.95112099999999	44.877854	41.849281	99.805008114848	29119596.0	485.3266	29073.95	1920	1080	29.97	10	3c4ae7b607657103633a91ffecd85cac	2410f84fc4e71c1610cff91d2144877d	1920	1080	23239.0	498.0	6914.0	23656.0	False	False	0.9930156946182251	0.9863814178228657
ToddlerFountn_1920x1080_2997_10b	ToddlerFountn_1920x1080_2997_10b	libaom	libaom_20200501_59600cf_enc-mode0	60	43	0	12358219.0	12358.219	33.519833333333345	43.553833333333344	40.52333333333333	33.4367	43.548304	40.51573	89.94595953604512	21360074.0	356.00123333333335	21267.0	1920	1080	29.97	10	7236456aee14b52af0d5d2447604e7dd	fd4885b7582bec57e883541ddc01bc9d	1920	1080	22197.0	802.0	8027.0	24650.0	False	False	0.980142472187678	0.9668608006234296
ToddlerFountn_1920x1080_2997_10b	ToddlerFountn_1920x1080_2997_10b	libaom	libaom_20200501_59600cf_enc-mode0	60	55	0	5037849.0	5037.849	30.458166666666667	42.56249999999999	39.68316666666668	30.364926	42.561026	39.679807	69.66535755081966	16233068.0	270.5511333333333	15997.7	1920	1080	29.97	10	745e611e15461480f2a9beed42178845	95cfeda84569ce7bfcfb5e3fd75564e4	1920	1080	22760.0	550.0	4405.0	24183.0	False	False	0.9473281383514405	0.927233465610123
ToddlerFountn_1920x1080_2997_10b	ToddlerFountn_1920x1080_2997_10b	libaom	libaom_20200501_59600cf_enc-mode0	60	63	0	1714362.0	1714.362	27.618999999999993	41.357499999999995	38.8565	27.496145	41.348295	38.849651	43.29316148143621	10801641.0	180.02735	10652.17	1920	1080	29.97	10	d09839cac3ac290a924dd86511a94923	049d92164e97e66280e3b00c0683ccab	1920	1080	21999.0	579.0	3359.0	24265.0	False	False	0.8776785691579183	0.8584075314949611
MINECRAFT_60f_420	MINECRAFT_60f_420	libaom	libaom_20200501_59600cf_enc-mode0	60	20	0	74448960.0	74448.96	42.16716666666665	45.32299999999999	45.71233333333336	42.012403	45.247446	45.648264	99.86537772899348	21575693.0	359.5948833333333	21431.27	1920	1080	60.0	8	0491b2e9885b12eb36debf973fb46bde	0df93ab672845962f2ff110695906b15	1920	1080	13742.0	234.0	8325.0	23226.0	False	False	0.9976979653040569	0.9961395082609285
MINECRAFT_60f_420	MINECRAFT_60f_420	libaom	libaom_20200501_59600cf_enc-mode0	60	32	0	40485896.0	40485.896	37.9845	43.59483333333333	43.877833333333314	37.822417	43.531512	43.82392	99.76813423363403	19874376.0	331.2396	19660.09	1920	1080	60.0	8	afbc0e6e5fda6abef33ac077dc8e42f2	c2c6107420b6d401de4a0a541ab05c47	1920	1080	13698.0	220.0	6430.0	22951.0	False	False	0.994381935397784	0.9904972004304299
MINECRAFT_60f_420	MINECRAFT_60f_420	libaom	libaom_20200501_59600cf_enc-mode0	60	43	0	17645328.0	17645.328	34.195666666666675	42.064666666666675	42.20683333333333	34.026196	42.012933	42.15843	94.99718093732363	16678346.0	277.97243333333336	16613.74	1920	1080	60.0	8	ed972c7aa9ed50621647b00d5d9e4af4	3bbc1b84f059875a83fc7fff02dad998	1920	1080	14357.0	255.0	4231.0	23149.0	False	False	0.9859290371338526	0.9773923456092138
MINECRAFT_60f_420	MINECRAFT_60f_420	libaom	libaom_20200501_59600cf_enc-mode0	60	55	0	7071040.0	7071.04	31.357500000000005	40.44900000000002	40.34666666666668	31.230344	40.416676	40.302071	82.02171730058039	13315618.0	221.92696666666666	13163.31	1920	1080	60.0	8	75297a60f5bb6af5c234ad7626acb13b	bab28c4f5ab7f7d581ede39f23d69ae0	1920	1080	14276.0	256.0	2514.0	23428.0	False	False	0.9665771345297496	0.9514552575008043
MINECRAFT_60f_420	MINECRAFT_60f_420	libaom	libaom_20200501_59600cf_enc-mode0	60	63	0	2575328.0	2575.328	28.741333333333337	38.60333333333333	38.46150000000001	28.642611	38.589778	38.43764	61.41511791390637	8838112.0	147.30186666666665	8769.11	1920	1080	60.0	8	3de4383e123ecb77a8b802a249bb6ded	7b794ab1910514ee678c8aec1a1c8ed2	1920	1080	13892.0	225.0	1474.0	22878.0	False	False	0.9205259501934051	0.9011684737060649
