KristenAndSara_1280x720_60_10b	KristenAndSara_1280x720_60_10b	svtav1	svtav1_20200714_14cbb4d_enc-mode0	60	20	0	3084768.0	3084.7680000000005	44.88950000000001	49.57483333333334	50.58433333333334	44.881967	49.572652	50.582755	97.07071613858417	1885843.0	31.430716666666665	3269.84	1280	720	60.0	10	2f7a107097fe17ce239ddfb52525c840	0b5af0e796c9ee9d4d709c59b6774ed5	1280	720	8276.0	3.0	4635.0	9759.0	False	False	0.9963205635547638	0.9957439970314573
KristenAndSara_1280x720_60_10b	KristenAndSara_1280x720_60_10b	svtav1	svtav1_20200714_14cbb4d_enc-mode0	60	32	0	1241960.0	1241.96	43.687999999999995	48.76800000000001	49.77300000000001	43.675016	48.76452	49.769976	96.22337178031053	1515596.0	25.259933333333333	2594.9	1280	720	60.0	10	a82c15b2127c59ec68c272916c93c110	3e6156343f595baecbbe3e4c8d0ae051	1280	720	8143.0	10.0	3693.0	9754.0	False	False	0.9951203862826029	0.994643678057993
KristenAndSara_1280x720_60_10b	KristenAndSara_1280x720_60_10b	svtav1	svtav1_20200714_14cbb4d_enc-mode0	60	43	0	661144.0	661.144	42.27083333333333	47.583333333333336	48.57383333333333	42.24868	47.578156	48.568859	94.59393198564422	1226821.0	20.447016666666666	2111.6	1280	720	60.0	10	23f7f4f9e914fa4dfb38227e8f2a96c9	6e92d138f5ceafd2ce9883269085a62c	1280	720	8631.0	9.0	3241.0	9980.0	False	False	0.9928717871507009	0.9927456327551171
KristenAndSara_1280x720_60_10b	KristenAndSara_1280x720_60_10b	svtav1	svtav1_20200714_14cbb4d_enc-mode0	60	55	0	298344.0	298.344	39.474833333333336	44.864	46.10149999999999	39.445368	44.856059	46.094919	89.38878281771177	1008017.0	16.800283333333333	1663.15	1280	720	60.0	10	29175aac90816cf5c81abb97a932acea	ee730d258200518c831548cede22483f	1280	720	8690.0	33.0	2701.0	10452.0	False	False	0.9854343543450038	0.9867287524561165
KristenAndSara_1280x720_60_10b	KristenAndSara_1280x720_60_10b	svtav1	svtav1_20200714_14cbb4d_enc-mode0	60	59	0	191552.0	191.552	37.45033333333333	43.17883333333331	44.192666666666646	37.426199	43.171586	44.184426	83.27847712242941	807985.0	13.466416666666667	1409.59	1280	720	60.0	10	067e02269b260fa9d56ce69d7d589f4f	934e9d90bdcd8885b9fd1942f21137aa	1280	720	8401.0	7.0	2142.0	9996.0	False	False	0.9770558853944142	0.9800869413190354
RollerCoastPas_1920x1080_2997_10	RollerCoastPas_1920x1080_2997_10	svtav1	svtav1_20200714_14cbb4d_enc-mode0	60	20	0	2980254.0	2980.254	45.10316666666666	45.317666666666675	43.862999999999985	45.100732	45.316898	43.860359	97.10389959445762	3340542.0	55.6757	5305.55	1920	1080	29.97	10	69c213d015ed6d82a0258e64be162999	ecffa7e410fadc960d317d696b789c76	1920	1080	20599.0	7.0	6157.0	23736.0	False	False	0.9986576269070307	0.9969264100973194
RollerCoastPas_1920x1080_2997_10	RollerCoastPas_1920x1080_2997_10	svtav1	svtav1_20200714_14cbb4d_enc-mode0	60	32	0	1353958.0	1353.958	43.96633333333336	44.612166666666646	43.10266666666666	43.963709	44.611835	43.101727	96.34882646049854	2814401.0	46.90668333333333	4522.98	1920	1080	29.97	10	d8fd73e983348e29610836eb4c88c076	32c3a597a3e50ca7fac4bbcec90a021e	1920	1080	20856.0	4.0	4420.0	23463.0	False	False	0.9981311887502671	0.9960446597346606
RollerCoastPas_1920x1080_2997_10	RollerCoastPas_1920x1080_2997_10	svtav1	svtav1_20200714_14cbb4d_enc-mode0	60	43	0	796093.0	796.093	42.49316666666666	43.74983333333333	42.36516666666666	42.484762	43.749192	42.363695	94.92364261174704	2155493.0	35.924883333333334	3546.86	1920	1080	29.97	10	07e00c68f079ed69570fbdb9347fb6e2	6e7d752aee2ba86e4970884968e5f8a3	1920	1080	21385.0	7.0	4615.0	23596.0	False	False	0.9971030920743942	0.9944688616916812
RollerCoastPas_1920x1080_2997_10	RollerCoastPas_1920x1080_2997_10	svtav1	svtav1_20200714_14cbb4d_enc-mode0	60	55	0	338475.0	338.475	39.07616666666666	41.39716666666668	40.213499999999996	39.057473	41.39513	40.210971	89.50030284979997	1752069.0	29.20115	2589.48	1920	1080	29.97	10	5796bf9fd4ae04c7569cca5d744d8ac0	16b50fdce870bc44a61df591042a6b38	1920	1080	21030.0	4.0	3732.0	23273.0	False	False	0.9922130227088928	0.9880425173582557
RollerCoastPas_1920x1080_2997_10	RollerCoastPas_1920x1080_2997_10	svtav1	svtav1_20200714_14cbb4d_enc-mode0	60	59	0	198429.0	198.429	36.46399999999999	39.399666666666675	38.38616666666666	36.449611	39.397924	38.38513	81.89642233758077	1686739.0	28.11231666666667	2686.97	1920	1080	29.97	10	c73037a61fcd1f812c1ad719533277c7	53179873d619ea94791bd41ea4cedaae	1920	1080	20498.0	4.0	3490.0	23435.0	False	False	0.9844712406396866	0.9786143170266044
KristenAndSara_1280x720_60f	KristenAndSara_1280x720_60f	svtav1	svtav1_20200714_14cbb4d_enc-mode0	60	20	0	3046512.0	3046.512	44.581	48.956666666666656	49.86616666666668	44.574579	48.95413	49.863994	96.91848641434993	1416545.0	23.609083333333334	2656.43	1280	720	60.0	8	932b0671af95ee8edfdc28407b450f67	16747f49ea0422fa04ea3be14f9f8a69	1280	720	12148.0	2.0	4094.0	9571.0	False	False	0.9959733913342158	0.9954249835126652
KristenAndSara_1280x720_60f	KristenAndSara_1280x720_60f	svtav1	svtav1_20200714_14cbb4d_enc-mode0	60	32	0	1309904.0	1309.904	43.523999999999994	48.31833333333334	49.20933333333335	43.511394	48.31511	49.206522	96.08347040239929	1224707.0	20.411783333333332	2138.03	1280	720	60.0	8	1a3b49cb980b7153a18b973e4d1ff940	04811502728be1e709dd4d0c7d815805	1280	720	5120.0	4.0	3124.0	9660.0	False	False	0.9948032855987549	0.994365397063134
KristenAndSara_1280x720_60f	KristenAndSara_1280x720_60f	svtav1	svtav1_20200714_14cbb4d_enc-mode0	60	43	0	674704.0	674.704	42.11683333333334	47.21716666666667	48.09933333333333	42.095496	47.212824	48.095233	94.45116038333147	969421.0	16.157016666666667	1622.03	1280	720	60.0	8	b4bad55f2e63be63580013b6af342340	f52bbdae17f8441abd14375fd7e3aa68	1280	720	5613.0	6.0	2913.0	10220.0	False	False	0.9924586762984594	0.992384390282627
KristenAndSara_1280x720_60f	KristenAndSara_1280x720_60f	svtav1	svtav1_20200714_14cbb4d_enc-mode0	60	55	0	298144.0	298.144	39.349999999999994	44.763000000000005	45.80033333333335	39.320559	44.755074	45.794054	89.12566575315013	824222.0	13.737033333333333	1438.91	1280	720	60.0	8	088c96f3990e75419c0532b17fd3ff13	0a420c6e7cc15610ac1a5ccea99a3400	1280	720	5768.0	7.0	2387.0	9977.0	False	False	0.9848351756731669	0.986226209604849
KristenAndSara_1280x720_60f	KristenAndSara_1280x720_60f	svtav1	svtav1_20200714_14cbb4d_enc-mode0	60	59	0	196072.0	196.072	37.47633333333336	43.08050000000001	44.21633333333333	37.456293	43.075146	44.211097	83.69055026413226	664906.0	11.081766666666667	1056.73	1280	720	60.0	8	a33ce4d7f4dba85f75daedc883c098c0	b505017b004e074c8d158ee733ea9fa9	1280	720	5340.0	3.0	2102.0	9967.0	False	False	0.977309716741244	0.9802151306742183
Aerial_1920x1080_2997_10b	Aerial_1920x1080_2997_10b	svtav1	svtav1_20200714_14cbb4d_enc-mode0	60	20	0	9259676.0	9259.676	43.56316666666666	46.000166666666665	45.325333333333305	43.513991	45.98183099999999	45.309343	96.41581238319735	4424778.0	73.7463	7627.89	1920	1080	29.97	10	c1db0fbd2d8049afb977e9d248217cd4	6590c275f3b23fb22163ae29cdbdf2da	1920	1080	24453.0	8.0	10212.0	24055.0	False	False	0.9989812692006429	0.9979543951854752
Aerial_1920x1080_2997_10b	Aerial_1920x1080_2997_10b	svtav1	svtav1_20200714_14cbb4d_enc-mode0	60	32	0	4716676.0	4716.676	41.61133333333331	44.54250000000001	44.08133333333334	41.556107	44.530079	44.072884	95.21927270797346	3748341.0	62.47235	6340.86	1920	1080	29.97	10	67fe6e1a1f6cf1441feda2090b3c8ffc	47e149276a472c2d79028aaa05bebcbe	1920	1080	23440.0	5.0	7793.0	23628.0	False	False	0.9984078238407771	0.9969496215502862
Aerial_1920x1080_2997_10b	Aerial_1920x1080_2997_10b	svtav1	svtav1_20200714_14cbb4d_enc-mode0	60	43	0	2888183.0	2888.183	39.57449999999999	43.09833333333333	42.95966666666667	39.509214	43.087832	42.954787	93.07074252059152	3386821.0	56.44701666666667	5602.95	1920	1080	29.97	10	5fcd8f2c8f09d29d02cfff6e48d5107e	b3bf4bd06a125bc9db0f78ab4cd1f5ef	1920	1080	23192.0	3.0	6650.0	24274.0	False	False	0.9973997433980306	0.9952177813367352
Aerial_1920x1080_2997_10b	Aerial_1920x1080_2997_10b	svtav1	svtav1_20200714_14cbb4d_enc-mode0	60	55	0	1191956.0	1191.956	35.25233333333334	40.1393333333333	40.73650000000001	35.233866	40.137636	40.735364	85.98641218136501	2551643.0	42.52738333333333	4248.01	1920	1080	29.97	10	a06ddbd7ee3be7bf5b1a673dbb97afde	ba6ad273df4326b1a2f1b35caf3415b3	1920	1080	24041.0	6.0	5909.0	24269.0	False	False	0.992877255876859	0.9871253506992574
Aerial_1920x1080_2997_10b	Aerial_1920x1080_2997_10b	svtav1	svtav1_20200714_14cbb4d_enc-mode0	60	59	0	616233.0	616.233	32.148	38.45900000000003	39.611999999999995	32.144031	38.458011000000006	39.612968	77.1747262539931	2067336.0	34.4556	3330.32	1920	1080	29.97	10	13511e0794967355f5d81f4aa912f511	e074d000e4cfefd884c9fb75430d72ec	1920	1080	23621.0	9.0	5254.0	23559.0	False	False	0.9843629588683446	0.9715553583418252
DinnerScene_1920x1080_2997_10b	DinnerScene_1920x1080_2997_10b	svtav1	svtav1_20200714_14cbb4d_enc-mode0	60	20	0	1297538.0	1297.538	41.79683333333333	42.65633333333335	47.528499999999994	41.795567	42.652855	47.528466	91.4399680298915	3672816.0	61.2136	6066.42	1920	1080	29.97	10	7db3b9a5f629bd72be13e81cd52eed15	4f9597a64330c2691dd300ee6adec909	1920	1080	20414.0	2.0	17014.0	24924.0	False	False	0.9941478848457337	0.9882317495057732
DinnerScene_1920x1080_2997_10b	DinnerScene_1920x1080_2997_10b	svtav1	svtav1_20200714_14cbb4d_enc-mode0	60	32	0	262688.0	262.688	41.607666666666674	42.28266666666665	47.36083333333333	41.606916	42.282409	47.361304	89.63180402116362	2979539.0	49.65898333333333	4975.72	1920	1080	29.97	10	53ba520520142b1676ca9af85274241d	c33ccee7970495a72c60e82bf52a064b	1920	1080	22788.0	10.0	9485.0	23866.0	False	False	0.9933627317349116	0.9874458689303701
DinnerScene_1920x1080_2997_10b	DinnerScene_1920x1080_2997_10b	svtav1	svtav1_20200714_14cbb4d_enc-mode0	60	43	0	132111.0	132.111	41.29616666666664	42.16566666666668	47.05599999999999	41.295791	42.165294	47.055241	85.89905185147391	2421446.0	40.35743333333333	4067.2	1920	1080	29.97	10	e6a11e04f55bce9845b612eb3426d9c9	4cdf0aef3cf48caba4dc9c369e255778	1920	1080	21917.0	6.0	8729.0	24698.0	False	False	0.9921231796344121	0.9862478365002889
DinnerScene_1920x1080_2997_10b	DinnerScene_1920x1080_2997_10b	svtav1	svtav1_20200714_14cbb4d_enc-mode0	60	55	0	66824.0	66.824	40.5645	41.89083333333333	46.54199999999996	40.559601	41.890747	46.53955800000001	77.55954239330845	2110647.0	35.17745	3197.98	1920	1080	29.97	10	cd52e7a3e969f7d81bf14f1ee0f7e3de	27609dd5f6723023200437fd98afd0c5	1920	1080	21000.0	12.0	8037.0	23460.0	False	False	0.9888860076665879	0.9832827542125399
DinnerScene_1920x1080_2997_10b	DinnerScene_1920x1080_2997_10b	svtav1	svtav1_20200714_14cbb4d_enc-mode0	60	59	0	47493.0	47.493	39.797333333333334	41.58683333333334	45.87483333333331	39.787513	41.585727	45.870965	68.57980092604842	2012380.0	33.53966666666667	3255.29	1920	1080	29.97	10	8b0cc9d1619ddf84b19159ac1758bbee	4dccac3609c572fc3533550096d591e2	1920	1080	20511.0	3.0	8543.0	24182.0	False	False	0.9847656836112341	0.9796565712027994
BarScene1_1920x1080_2997_10b	BarScene1_1920x1080_2997_10b	svtav1	svtav1_20200714_14cbb4d_enc-mode0	60	20	0	1379225.0	1379.225	42.45866666666667	44.767999999999994	43.74916666666668	42.458576	44.767723	43.748212	93.16979483172003	3015568.0	50.25946666666667	5023.69	1920	1080	29.97	10	b8ae14304760cf463e2b444c264b5062	d20c1c78209219c6dbc79bccdeef9781	1920	1080	22252.0	6.0	9545.0	24659.0	False	False	0.995854256550471	0.9909858191821717
BarScene1_1920x1080_2997_10b	BarScene1_1920x1080_2997_10b	svtav1	svtav1_20200714_14cbb4d_enc-mode0	60	32	0	442010.0	442.01	42.15050000000001	44.599499999999985	43.47716666666667	42.150353	44.59926699999999	43.477344	92.07391298763547	2252402.0	37.540033333333334	3819.07	1920	1080	29.97	10	8cb8851a938df51c32ef7f7126af0479	ed6784ffce2d9f19a27ca9fd59cbecab	1920	1080	20804.0	8.0	3769.0	23794.0	False	False	0.9951731860637665	0.9900900608294133
BarScene1_1920x1080_2997_10b	BarScene1_1920x1080_2997_10b	svtav1	svtav1_20200714_14cbb4d_enc-mode0	60	43	0	229686.0	229.686	41.674500000000016	44.42250000000002	43.325	41.67398	44.422905	43.325169	90.12903264193999	1565305.0	26.088416666666667	2698.23	1920	1080	29.97	10	2393c1576de685d597405d2b0862e46f	87a2e3b52a7df6a7ec94a4d853699d82	1920	1080	21145.0	4.0	3012.0	22972.0	False	False	0.9939618637164434	0.9885227208533185
BarScene1_1920x1080_2997_10b	BarScene1_1920x1080_2997_10b	svtav1	svtav1_20200714_14cbb4d_enc-mode0	60	55	0	93492.0	93.492	40.43633333333335	43.84466666666664	42.870333333333335	40.435126	43.84453799999999	42.870123	83.21964561349908	1578864.0	26.3144	2497.41	1920	1080	29.97	10	dea3f5aec1857cf2f22a1e465fa90880	68546f909453920cba635370b85d7dba	1920	1080	21237.0	12.0	2956.0	24059.0	False	False	0.9889988074700038	0.9833374923509166
BarScene1_1920x1080_2997_10b	BarScene1_1920x1080_2997_10b	svtav1	svtav1_20200714_14cbb4d_enc-mode0	60	59	0	57622.0	57.622	39.34033333333333	43.18783333333335	42.36816666666665	39.338094	43.187264	42.36813	75.90933575018394	1345096.0	22.418266666666668	2196.4	1920	1080	29.97	10	63844a69261f59114377d37adcfe82fd	b38920ea1c459a73997b95f45a0911cb	1920	1080	21175.0	3.0	2990.0	24176.0	False	False	0.9829175452391307	0.9779001511144451
ShowGirl2TeaserClip4000_1920x108	ShowGirl2TeaserClip4000_1920x108	svtav1	svtav1_20200714_14cbb4d_enc-mode0	60	20	0	2793576.0	2793.576	42.36899999999999	46.62483333333333	49.475	42.367442	46.622676	49.471782	95.34193311543888	4606067.0	76.76778333333333	7691.82	1920	1080	25.0	10	5a47ccdd640458fc9335e7583cb84848	141c4197ec5489b29e1ad4a0648efc7c	1920	1080	21590.0	10.0	11206.0	24036.0	False	False	0.9960765441258749	0.9914624585030478
ShowGirl2TeaserClip4000_1920x108	ShowGirl2TeaserClip4000_1920x108	svtav1	svtav1_20200714_14cbb4d_enc-mode0	60	32	0	1249763.0	1249.763	41.65900000000001	46.26183333333332	48.83416666666664	41.653444	46.258744	48.831971	93.43638168754508	4352882.0	72.54803333333334	7328.95	1920	1080	25.0	10	b60d3f98f053ab45731d219e3abc468e	cea29d1407d4de972d810fc0a4975dc5	1920	1080	20816.0	4.0	9409.0	24168.0	False	False	0.9950219710667928	0.9901454008139152
ShowGirl2TeaserClip4000_1920x108	ShowGirl2TeaserClip4000_1920x108	svtav1	svtav1_20200714_14cbb4d_enc-mode0	60	43	0	673313.0	673.313	40.648	45.80116666666665	48.06599999999998	40.630828	45.798189	48.064214	90.06260431653673	2906203.0	48.43671666666667	4638.11	1920	1080	25.0	10	7f5e8fc001674b31c9a2d88db1978ce0	1e1017dd436c0a576b292edf23bca76e	1920	1080	21227.0	3.0	8770.0	26154.0	False	False	0.9931110630432765	0.9879943850833843
ShowGirl2TeaserClip4000_1920x108	ShowGirl2TeaserClip4000_1920x108	svtav1	svtav1_20200714_14cbb4d_enc-mode0	60	55	0	285673.0	285.673	38.42066666666667	44.61266666666664	46.3315	38.389377	44.610574	46.33017499999999	80.9961675262768	1958817.0	32.64695	3230.44	1920	1080	25.0	10	894f66108ca7243e5bb9aa8dd0c92b7e	b3aa22cfef8b254f603299e8dd9d581c	1920	1080	19927.0	3.0	6528.0	23588.0	False	False	0.9865720788637797	0.9810164186714058
ShowGirl2TeaserClip4000_1920x108	ShowGirl2TeaserClip4000_1920x108	svtav1	svtav1_20200714_14cbb4d_enc-mode0	60	59	0	177196.0	177.196	36.75650000000001	43.52000000000001	45.139666666666685	36.734688	43.518595	45.138941	72.67759351071614	1865428.0	31.090466666666668	3075.75	1920	1080	25.0	10	e9b830c9991965ec681fa0ba45d7890b	015fb6549b491ea9531e4bd8110bbf20	1920	1080	22459.0	5.0	6688.0	24603.0	False	False	0.9787398457527161	0.9729625531505144
Starting_1920x1080p_50_10b_pq_70	Starting_1920x1080p_50_10b_pq_70	svtav1	svtav1_20200714_14cbb4d_enc-mode0	60	20	0	4154153.0	4154.153	46.79966666666667	49.66183333333335	51.324833333333316	46.747391	49.606793	51.248125	96.72207383868364	2642584.0	44.04306666666667	4372.78	1920	1080	50.0	10	f38bfb7e826ff8f6f86d0a514e0bc111	4d19b6d8ecd2fe815039a1685c9d0c40	1920	1080	17614.0	4.0	8104.0	23294.0	False	False	0.99917331635952	0.9980755229401972
Starting_1920x1080p_50_10b_pq_70	Starting_1920x1080p_50_10b_pq_70	svtav1	svtav1_20200714_14cbb4d_enc-mode0	60	32	0	2202133.0	2202.133	45.32316666666668	48.56816666666667	49.856500000000004	45.254658	48.533537	49.815155	95.53892310232592	2662751.0	44.37918333333333	4368.22	1920	1080	50.0	10	ccb9cccb150294ac4e88bb8b038121ee	1a8e7d0fe97e15cfe768916ab804517a	1920	1080	17941.0	4.0	7623.0	23947.0	False	False	0.9986716628074646	0.9973325265845892
Starting_1920x1080p_50_10b_pq_70	Starting_1920x1080p_50_10b_pq_70	svtav1	svtav1_20200714_14cbb4d_enc-mode0	60	43	0	1294440.0	1294.44	43.49333333333334	47.327000000000005	48.18400000000001	43.411333	47.315955	48.172532	93.45361764546902	1985331.0	33.08885	3054.41	1920	1080	50.0	10	b0e3f96b2f87bccedadf4477bd8b2ec3	41509beae61373f9fd7df9dd54a8c014	1920	1080	17651.0	4.0	6624.0	23321.0	False	False	0.9977823585271836	0.9961071511451831
Starting_1920x1080p_50_10b_pq_70	Starting_1920x1080p_50_10b_pq_70	svtav1	svtav1_20200714_14cbb4d_enc-mode0	60	55	0	552133.0	552.133	39.63916666666667	44.84883333333333	45.15116666666666	39.591006	44.84839	45.150178	86.33633045150908	1862339.0	31.038983333333334	2953.73	1920	1080	50.0	10	a82c0eb1bd054c2b7f47b057306fe597	13fb3bbe710f1aba0848ca6b91aba0eb	1920	1080	18537.0	8.0	7325.0	24868.0	False	False	0.9938153753678004	0.9908083681167611
Starting_1920x1080p_50_10b_pq_70	Starting_1920x1080p_50_10b_pq_70	svtav1	svtav1_20200714_14cbb4d_enc-mode0	60	59	0	318286.0	318.286	36.93599999999999	43.194500000000026	43.375666666666625	36.916171	43.1943	43.37524	77.89363615252897	1828485.0	30.47475	2883.19	1920	1080	50.0	10	471be353e2f88a27e385eb9c7d4568e1	1db4ef097424d21888d308e174e2babc	1920	1080	18081.0	8.0	6429.0	22493.0	False	False	0.9876474599043529	0.9827640953687733
DOTA2_60f_420	DOTA2_60f_420	svtav1	svtav1_20200714_14cbb4d_enc-mode0	60	20	0	15162432.0	15162.432	45.4595	49.18083333333334	49.30899999999998	45.406375	49.103731	49.273117	97.55440773578175	4438229.0	73.97048333333333	7340.12	1920	1080	60.0	8	19d42f89f20e83cdef1d438a6ac4ca0c	ec753e65952c4b2834f3dc3486951ead	1920	1080	12458.0	5.0	9633.0	23188.0	False	False	0.9986210525035858	0.9973405008191917
DOTA2_60f_420	DOTA2_60f_420	svtav1	svtav1_20200714_14cbb4d_enc-mode0	60	32	0	7230056.0	7230.056	42.932166666666674	46.91616666666666	47.181499999999986	42.846773	46.80998	47.132385	95.66507335469815	3810377.0	63.506283333333336	6330.32	1920	1080	60.0	8	129baba87bcf9e2bc330f15a925fc230	521744229b7c94e23b41c29bbb49fc92	1920	1080	12930.0	4.0	8402.0	23545.0	False	False	0.9972550908724467	0.9949961440229083
DOTA2_60f_420	DOTA2_60f_420	svtav1	svtav1_20200714_14cbb4d_enc-mode0	60	43	0	3498344.0	3498.344	40.258166666666654	44.46183333333332	44.82283333333332	40.146049	44.339372	44.768477	91.90745885560492	2778128.0	46.30213333333333	4490.51	1920	1080	60.0	8	e8ef09bf25e97b9fa4616cf1ab90be61	89360ff65d3643173ad3a768d8e89e7d	1920	1080	12593.0	16.0	7963.0	24509.0	False	False	0.9938017159700394	0.9898250967478848
DOTA2_60f_420	DOTA2_60f_420	svtav1	svtav1_20200714_14cbb4d_enc-mode0	60	55	0	1371512.0	1371.512	36.675	41.19033333333333	41.47249999999999	36.586321	41.102123	41.437213	81.93822149646198	1909257.0	31.82095	3116.83	1920	1080	60.0	8	558d5afba806150e3869b601af1969a1	e442914abb9ecd7be9d80bad405d95b5	1920	1080	11978.0	4.0	8090.0	24805.0	False	False	0.9805167824029922	0.9738845679253796
DOTA2_60f_420	DOTA2_60f_420	svtav1	svtav1_20200714_14cbb4d_enc-mode0	60	59	0	830344.0	830.3439999999999	34.7005	39.3035	39.56350000000001	34.652919	39.253674	39.545056	72.50077386567419	1685356.0	28.089266666666667	2735.36	1920	1080	60.0	8	7e6b1a1d9a21bea07187ed13dd99c0dc	0accd98b8e33486b4710f4708d1ca272	1920	1080	11904.0	4.0	5923.0	24415.0	False	False	0.9646564384301504	0.9579023508485204
Netflix_DrivingPOV_1280x720_60fp	Netflix_DrivingPOV_1280x720_60fp	svtav1	svtav1_20200714_14cbb4d_enc-mode0	60	20	0	11034136.0	11034.136	42.74666666666667	46.398166666666675	45.09583333333333	42.723217	46.389983	45.090019	99.68677298424119	2951032.0	49.18386666666667	5166.41	1280	720	60.0	8	8317dafcb4bac35c6b131cc2bcda214a	d62f34d2d017dcb6bea341b7acf361cb	1280	720	6585.0	4.0	7066.0	9788.0	False	False	0.99799491862456	0.9974193048563419
Netflix_DrivingPOV_1280x720_60fp	Netflix_DrivingPOV_1280x720_60fp	svtav1	svtav1_20200714_14cbb4d_enc-mode0	60	32	0	5104008.0	5104.008	40.22533333333334	45.04316666666668	44.08933333333335	40.186822	45.025601	44.081618	98.54611994250118	2823162.0	47.0527	4708.02	1280	720	60.0	8	c81c79e96ac453a8c3190ee6e62ffc0f	d369c042e84135e04d4326c93a16adc1	1280	720	6894.0	5.0	6212.0	11147.0	False	False	0.9962602357069651	0.995243345405422
Netflix_DrivingPOV_1280x720_60fp	Netflix_DrivingPOV_1280x720_60fp	svtav1	svtav1_20200714_14cbb4d_enc-mode0	60	43	0	2634936.0	2634.936	37.861666666666665	43.59366666666667	43.14066666666668	37.796526	43.570948	43.132533	96.07919715045401	1918919.0	31.981983333333332	3200.04	1280	720	60.0	8	a9cfea3620245c85380db6e78ccdc495	8c2f0e440a2e1526440e47c62fc5a386	1280	720	6711.0	3.0	5485.0	9696.0	False	False	0.9919364919265111	0.9909740925091782
Netflix_DrivingPOV_1280x720_60fp	Netflix_DrivingPOV_1280x720_60fp	svtav1	svtav1_20200714_14cbb4d_enc-mode0	60	55	0	1115744.0	1115.744	34.648166666666675	41.18366666666666	41.5125	34.596404	41.167691	41.506714	89.48905556773397	1288865.0	21.481083333333334	2047.87	1280	720	60.0	8	e9a44ad2c31f57214b288f17726cd6d9	147dccc843b71755919396fc074e444a	1280	720	6719.0	6.0	5050.0	10004.0	False	False	0.984610382715861	0.9835202382495485
Netflix_DrivingPOV_1280x720_60fp	Netflix_DrivingPOV_1280x720_60fp	svtav1	svtav1_20200714_14cbb4d_enc-mode0	60	59	0	688448.0	688.448	32.693000000000005	39.61299999999999	40.291333333333334	32.667427	39.605483	40.288049	83.12684626769204	1250726.0	20.845433333333332	2144.57	1280	720	60.0	8	a54bf6907184fbff0d393385e8200b22	f573401b40fb30a00cb156497709da27	1280	720	6502.0	3.0	5187.0	10168.0	False	False	0.9769533256689708	0.9755667904528232
Netflix_RollerCoaster_1280x720_6	Netflix_RollerCoaster_1280x720_6	svtav1	svtav1_20200714_14cbb4d_enc-mode0	60	20	0	8086752.0	8086.7519999999995	44.74666666666668	46.65516666666667	46.692833333333326	44.730803	46.644066	46.685816	99.90459454417086	2842150.0	47.369166666666665	5256.15	1280	720	60.0	8	547ef0266502b9eac7d64ac7730787d2	402e8a2296dec33eeba7fead92b3d04a	1280	720	6231.0	5.0	7544.0	10049.0	False	False	0.9979035119215648	0.997512481940039
Netflix_RollerCoaster_1280x720_6	Netflix_RollerCoaster_1280x720_6	svtav1	svtav1_20200714_14cbb4d_enc-mode0	60	32	0	4016968.0	4016.968	42.47216666666667	44.94616666666666	45.35800000000001	42.446883	44.922272	45.345647	99.85004736301691	2016878.0	33.61463333333333	3774.58	1280	720	60.0	8	37df984c2ac07a09ffbdcc3c25a19aca	b2722e826ca0b6100b5efef53b3bfa86	1280	720	6022.0	5.0	6492.0	9723.0	False	False	0.9963837246100108	0.995901555420088
Netflix_RollerCoaster_1280x720_6	Netflix_RollerCoaster_1280x720_6	svtav1	svtav1_20200714_14cbb4d_enc-mode0	60	43	0	2095336.0	2095.336	40.08316666666668	43.02416666666664	43.788	40.042503	42.991783000000005	43.772872	97.61725103892566	1810355.0	30.172583333333332	3178.59	1280	720	60.0	8	00d858d4758a8e006c80502ef0e7b62d	ad0680fc010004fee685035c2f6ad30f	1280	720	5707.0	2.0	5773.0	9619.0	False	False	0.9932648221651713	0.9927485304818904
Netflix_RollerCoaster_1280x720_6	Netflix_RollerCoaster_1280x720_6	svtav1	svtav1_20200714_14cbb4d_enc-mode0	60	55	0	952280.0	952.28	36.72666666666666	40.16466666666666	41.52583333333334	36.68707299999999	40.127244	41.507326	88.30840819610782	1327518.0	22.1253	2261.75	1280	720	60.0	8	78f18ee5270c0fd18f4f74e5fe2603dc	4dbe1d467fd9b3db4d3c4f8f227bfb61	1280	720	5542.0	4.0	5628.0	9924.0	False	False	0.9826699783404668	0.9828754131849193
Netflix_RollerCoaster_1280x720_6	Netflix_RollerCoaster_1280x720_6	svtav1	svtav1_20200714_14cbb4d_enc-mode0	60	59	0	647048.0	647.048	34.969500000000004	38.50550000000001	40.2445	34.935002000000004	38.46214	40.222848	80.17972248950049	1182253.0	19.704216666666667	1984.04	1280	720	60.0	8	53e27b1dedb99c2ceb1cb6e2476f9904	94ef8fea4b811db16ce552e824cba14f	1280	720	5522.0	4.0	5260.0	10084.0	False	False	0.9716576735178629	0.9735790053544421
blue_sky_360p_60f	blue_sky_360p_60f	svtav1	svtav1_20200714_14cbb4d_enc-mode0	60	20	0	1282573.0	1282.573	44.46433333333335	45.52233333333333	47.276833333333336	44.355948	45.436122	47.214571	99.95579593850776	783310.0	13.055166666666667	1423.88	640	360	25.0	8	0ac361af4d03fd92e9e0a052e3680d6a	9612633ea62505e748bdd1f897c5a97a	640	360	1955.0	3.0	2194.0	3153.0	False	False	0.9929299165805181	0.9986144006627521
blue_sky_360p_60f	blue_sky_360p_60f	svtav1	svtav1_20200714_14cbb4d_enc-mode0	60	32	0	643326.0	643.3259999999999	41.465333333333334	43.33949999999998	45.01900000000002	41.324202	43.23646	44.944543	99.93594858057811	741192.0	12.3532	1329.74	640	360	25.0	8	481e6cc2c08bf50cf6907bd6e4efa2d1	68149e505e048af6769e8fc7a65c12eb	640	360	2014.0	28.0	1832.0	2901.0	False	False	0.9897042115529379	0.9978611710173485
blue_sky_360p_60f	blue_sky_360p_60f	svtav1	svtav1_20200714_14cbb4d_enc-mode0	60	43	0	348573.0	348.573	38.7085	40.96300000000001	42.73716666666667	38.515901	40.867321999999994	42.681895000000004	99.42912753821774	560616.0	9.3436	926.69	640	360	25.0	8	0e31570ac261cf6fca81117697bee756	afac6909b14c152192607fa9aa82b6d5	640	360	1917.0	6.0	1671.0	2906.0	False	False	0.9843320419390996	0.9964838501276871
blue_sky_360p_60f	blue_sky_360p_60f	svtav1	svtav1_20200714_14cbb4d_enc-mode0	60	55	0	152080.0	152.08	34.86716666666667	37.158500000000004	39.370333333333335	34.746326	37.116064	39.349186	92.57869762586054	435005.0	7.250083333333333	793.86	640	360	25.0	8	29ee3556ead4c6dda3ca6daaffca479f	8ca9f0990ed1b3d4ab0b8b873403457a	640	360	1818.0	3.0	1561.0	2863.0	False	False	0.9680296341578166	0.9921658787324527
blue_sky_360p_60f	blue_sky_360p_60f	svtav1	svtav1_20200714_14cbb4d_enc-mode0	60	59	0	95796.0	95.796	32.46766666666666	35.539999999999985	38.26483333333333	32.407982	35.523427	38.251557	85.75473880125244	378508.0	6.308466666666667	651.27	640	360	25.0	8	2bc324a7cd850789f083b9daf6e2e726	a4225612efdbeb10128c6f7d2e652421	640	360	2331.0	5.0	1571.0	2922.0	False	False	0.9499739329020183	0.9869975462088907
dark720p_60f	dark720p_60f	svtav1	svtav1_20200714_14cbb4d_enc-mode0	60	20	0	6766600.0	6766.6	45.936500000000024	42.952666666666666	44.38666666666667	45.92093	42.825167	44.316792	96.24296826020377	3228357.0	53.80595	5668.95	1280	720	30.0	8	fb50e148d6b5bad6d516be4d36ac80b5	d556af5c5f2212c648daac10cb0a1603	1280	720	4959.0	7.0	10761.0	10257.0	False	False	0.9942144046227137	0.9949995403819102
dark720p_60f	dark720p_60f	svtav1	svtav1_20200714_14cbb4d_enc-mode0	60	32	0	1534888.0	1534.888	43.49266666666664	38.831166666666654	41.69500000000001	43.474878	38.801907	41.684322	93.30172464921864	2282681.0	38.04468333333333	3916.38	1280	720	30.0	8	5d52539f5a1126a36f11f95c1cc87646	a8b4d5da403aa15b783d6e72eb8d47b9	1280	720	4669.0	3.0	8045.0	9787.0	False	False	0.9912680109341939	0.9927038672663734
dark720p_60f	dark720p_60f	svtav1	svtav1_20200714_14cbb4d_enc-mode0	60	43	0	266512.0	266.512	42.214166666666664	36.89616666666666	40.801999999999985	42.202645	36.891844	40.795561	90.68966408102094	1098932.0	18.315533333333335	1896.36	1280	720	30.0	8	e40da39e8d5f86586322d5dd9698c65e	a515ba078af02a4d3e446fbbc2ebf93f	1280	720	4593.0	4.0	4885.0	9923.0	False	False	0.9895954469839732	0.99137768618318
dark720p_60f	dark720p_60f	svtav1	svtav1_20200714_14cbb4d_enc-mode0	60	55	0	108148.0	108.148	40.668833333333346	36.200833333333335	39.769499999999994	40.656853	36.199122	39.762029	86.09052813811574	767633.0	12.793883333333333	1223.32	1280	720	30.0	8	d43d7cd872675845cc6aab6da3d5c39a	63869ebd12e6bea76ebfad93ba022b93	1280	720	6943.0	5.0	3214.0	9752.0	False	False	0.9854525228341421	0.9882486641958328
dark720p_60f	dark720p_60f	svtav1	svtav1_20200714_14cbb4d_enc-mode0	60	59	0	72772.0	72.772	39.264500000000005	35.513999999999996	38.818333333333335	39.25612	35.512332	38.807494	80.90871719395834	675657.0	11.26095	1103.4	1280	720	30.0	8	f876eedebd1e2878715329918a5e5b59	f3c1fb4e936a9cb71bf4b45bf47b73e7	1280	720	5064.0	5.0	2568.0	10522.0	False	False	0.980470922589302	0.9844894038855592
kirland360p_60f	kirland360p_60f	svtav1	svtav1_20200714_14cbb4d_enc-mode0	60	20	0	278964.0	278.964	47.389333333333326	48.407999999999994	49.63699999999999	47.30815599999999	48.388399	49.617289	96.01077502370717	433657.0	7.227616666666667	722.28	640	360	30.0	8	69af58f101e7034435e2bd54261fd547	97959ae37b6ebf4f577d24ec64972216	640	360	1308.0	4.0	780.0	3253.0	False	False	0.990932959318161	0.9974089188297043
kirland360p_60f	kirland360p_60f	svtav1	svtav1_20200714_14cbb4d_enc-mode0	60	32	0	129640.0	129.64	46.01316666666666	47.940000000000005	48.87416666666668	45.873952	47.916201	48.842742	94.72016781237316	425243.0	7.087383333333333	686.46	640	360	30.0	8	cd378ccdd7475eec464d4dc13db53588	a6d1633900ca7a27bfbeb1d668f1efc2	640	360	1312.0	4.0	1164.0	3617.0	False	False	0.9896239697933197	0.996939675657753
kirland360p_60f	kirland360p_60f	svtav1	svtav1_20200714_14cbb4d_enc-mode0	60	43	0	71120.0	71.12000000000002	44.111833333333344	47.22433333333333	47.7075	43.870125	47.180626	47.601173	92.12711184486218	275944.0	4.599066666666666	454.52	640	360	30.0	8	8b81ad5191852dd6f55cb08102b87ac7	6fefd39ee7dbcbe3cdbb80b30e82f031	640	360	1341.0	3.0	507.0	2891.0	False	False	0.987197783589363	0.9960149184857571
kirland360p_60f	kirland360p_60f	svtav1	svtav1_20200714_14cbb4d_enc-mode0	60	55	0	37360.0	37.36	41.09683333333335	46.108	45.927666666666696	40.755636	45.999808	45.637679	84.57708104578339	263596.0	4.393266666666666	483.64	640	360	30.0	8	0e7c69f851b6f9b128f5965fa5ee396a	0bffa92c0e75cf466abbfea8d713eb7e	640	360	1320.0	3.0	471.0	2972.0	False	False	0.9808939745028814	0.9936290884359243
kirland360p_60f	kirland360p_60f	svtav1	svtav1_20200714_14cbb4d_enc-mode0	60	59	0	28260.0	28.26	39.3645	45.32349999999999	45.03266666666666	38.99313300000001	45.148139	44.692243	79.23089133543994	231174.0	3.8529	389.02	640	360	30.0	8	c3a165e0394b9d13e652a210066ef3b8	f77194e7d3672f17ef00f41a11989e66	640	360	1525.0	4.0	446.0	2815.0	False	False	0.9749141583840052	0.9910985153744972
niklas360p_60f	niklas360p_60f	svtav1	svtav1_20200714_14cbb4d_enc-mode0	60	20	0	1392232.0	1392.232	44.38200000000001	47.752499999999976	47.43699999999999	44.294944	47.678268	47.349606	98.33722299138716	964228.0	16.07046666666667	1733.91	640	360	30.0	8	53d95d58fdd00c71f2cb2cf64545d1f9	5d8d8c55d09985629568836d1639cdaf	640	360	1749.0	4.0	2017.0	3027.0	False	False	0.9865218957265218	0.9968520884631062
niklas360p_60f	niklas360p_60f	svtav1	svtav1_20200714_14cbb4d_enc-mode0	60	32	0	764336.0	764.336	41.92383333333335	46.310500000000005	45.78466666666667	41.832448	46.224297	45.685018	96.71406082303928	908718.0	15.1453	1617.64	640	360	30.0	8	1efd988194aa87a54bfb2ef16d8dc6b5	1c9edfd0708cefea081f2c5215a564b9	640	360	1757.0	5.0	1705.0	3027.0	False	False	0.9810504525899887	0.9951413588376972
niklas360p_60f	niklas360p_60f	svtav1	svtav1_20200714_14cbb4d_enc-mode0	60	43	0	407640.0	407.64	38.985333333333344	44.491500000000016	43.69933333333334	38.89868	44.450412	43.649794	93.02211030648617	681405.0	11.35675	1292.2	640	360	30.0	8	f724d5f9becb0b0f1cbb6d9072b63ab9	a3fed038924a1a8bf1fd8f9287f9686b	640	360	1671.0	5.0	1379.0	3019.0	False	False	0.9710600982109706	0.9917570193570898
niklas360p_60f	niklas360p_60f	svtav1	svtav1_20200714_14cbb4d_enc-mode0	60	55	0	200292.0	200.292	35.37800000000001	42.04950000000001	40.932166666666674	35.317863	42.016237	40.897314	85.25478382493885	470314.0	7.838566666666667	766.95	640	360	30.0	8	78b478dda2458354ed0fd7ab7cfdedad	66b6052970fed362ff4aca24d5136b8c	640	360	1701.0	4.0	1292.0	3804.0	False	False	0.9486851046482722	0.9829442879605145
niklas360p_60f	niklas360p_60f	svtav1	svtav1_20200714_14cbb4d_enc-mode0	60	59	0	137716.0	137.716	33.44416666666667	40.783500000000004	39.41266666666666	33.408468	40.765539	39.382681	79.08707823729948	405860.0	6.764333333333333	730.78	640	360	30.0	8	6775c96e68809015dc107c84c4272f29	2782e981faed05eae4c161b4b2a46bcf	640	360	1607.0	4.0	1159.0	2966.0	False	False	0.9289523800214131	0.9745742646247673
shields_640x360_60f	shields_640x360_60f	svtav1	svtav1_20200714_14cbb4d_enc-mode0	60	20	0	2274233.0	2274.233	42.415833333333325	45.52499999999999	47.19799999999999	42.277764	45.499002	47.122373	99.45735187063997	781253.0	13.020883333333334	1304.5	640	360	50.0	8	d6045212084d942cabf746f882972b0d	f10e587f89526bb50304d02163b4b883	640	360	2527.0	3.0	1582.0	2959.0	False	False	0.9857802758614223	0.9982899057158255
shields_640x360_60f	shields_640x360_60f	svtav1	svtav1_20200714_14cbb4d_enc-mode0	60	32	0	1209520.0	1209.52	40.61383333333336	43.94300000000002	45.503000000000014	40.410467	43.895444	45.38523	99.43734810320241	746253.0	12.43755	1204.69	640	360	50.0	8	e7aa72ab783ecf37b411cb511e1bd6b0	59501cba92cf8cce9a6f58cce3f97141	640	360	2542.0	22.0	1476.0	2894.0	False	False	0.9810429910818735	0.9976205931116569
shields_640x360_60f	shields_640x360_60f	svtav1	svtav1_20200714_14cbb4d_enc-mode0	60	43	0	637806.0	637.806	38.04000000000001	41.256166666666665	43.090833333333336	37.76045	41.168897	42.921099	99.37858947413689	462017.0	7.700283333333333	847.88	640	360	50.0	8	9b61e4652fb737b68b264ea66de5d4c7	5fb7a6b732ab998d59d3433c81d84a36	640	360	2558.0	3.0	1192.0	3153.0	False	False	0.9697397470474243	0.9957822659178693
shields_640x360_60f	shields_640x360_60f	svtav1	svtav1_20200714_14cbb4d_enc-mode0	60	55	0	324593.0	324.593	34.5995	38.14350000000001	40.27016666666667	34.247024	37.981438	40.023763	95.5766572495917	445910.0	7.4318333333333335	773.96	640	360	50.0	8	9bbcfaefe0f96c526ac3ebd229828078	25d50ce842d12f96d12b78f71e59e0ff	640	360	2448.0	3.0	1079.0	2968.0	False	False	0.9426868667205175	0.990403484633665
shields_640x360_60f	shields_640x360_60f	svtav1	svtav1_20200714_14cbb4d_enc-mode0	60	59	0	217800.0	217.8	32.346166666666676	36.577499999999986	38.556666666666665	31.939308	36.370288	38.318495	90.04569375016624	378714.0	6.3119	683.41	640	360	50.0	8	54cd9ebca88a4be8288c0248efb16bfa	768b583ac73ee1d9f391d4f10878d8c3	640	360	2462.0	6.0	950.0	3738.0	False	False	0.9110202590624491	0.9830232009241301
speed_bag_640x360_60f	speed_bag_640x360_60f	svtav1	svtav1_20200714_14cbb4d_enc-mode0	60	20	0	462504.0	462.504	46.98099999999999	49.683166666666665	51.0795	46.89732	49.608795	51.017543	98.28947663846694	574577.0	9.576283333333333	1027.2	640	360	29.97	8	c2eb69d5ffeeab84deb2841a4530ae13	6a87e93f2153d5e373af0c45dda9f954	640	360	1350.0	4.0	1607.0	3031.0	False	False	0.9888715634743372	0.997511114729993
speed_bag_640x360_60f	speed_bag_640x360_60f	svtav1	svtav1_20200714_14cbb4d_enc-mode0	60	32	0	239195.0	239.195	45.053833333333344	48.31349999999998	49.863333333333344	44.919792	48.201587	49.743888	97.22470730668103	530191.0	8.836516666666666	898.46	640	360	29.97	8	19b38b438b09261fe2d1655e3e941e55	1031169a95a9f61dd65f81973155b780	640	360	1437.0	5.0	1429.0	4421.0	False	False	0.9856353014707565	0.9960953911300319
speed_bag_640x360_60f	speed_bag_640x360_60f	svtav1	svtav1_20200714_14cbb4d_enc-mode0	60	43	0	131788.0	131.788	42.984500000000004	46.63533333333332	48.47066666666667	42.783066	46.520007	48.316684	94.63649499028755	277227.0	4.62045	516.12	640	360	29.97	8	df97cf8c1859568e229eacbd387a5955	75f51f0ca87a04f13767f225a4890a78	640	360	1386.0	4.0	1070.0	2711.0	False	False	0.9814755588769912	0.993820386344972
speed_bag_640x360_60f	speed_bag_640x360_60f	svtav1	svtav1_20200714_14cbb4d_enc-mode0	60	55	0	67222.0	67.222	39.89566666666666	44.00000000000001	46.36583333333333	39.624823	43.892714	46.178363	85.36710350050089	302280.0	5.038	520.07	640	360	29.97	8	1e0c4779dc9692a299dc019165bf23e3	e7edcc836870b9fbb953d9229feb3fd6	640	360	1373.0	3.0	1013.0	2970.0	False	False	0.9726493249336878	0.9882014028366257
speed_bag_640x360_60f	speed_bag_640x360_60f	svtav1	svtav1_20200714_14cbb4d_enc-mode0	60	59	0	48098.0	48.098	37.800333333333334	42.112	44.96	37.623969	42.056204	44.816778	76.80182994103552	293094.0	4.8849	531.25	640	360	29.97	8	5bf7017fdc1d818bc3ecd9f5ad812d87	d31c51fa9f70a33aa4bda525e511978e	640	360	1760.0	16.0	978.0	3052.0	False	False	0.9643145759900411	0.9822089189581432
thaloundeskmtg360p_60f	thaloundeskmtg360p_60f	svtav1	svtav1_20200714_14cbb4d_enc-mode0	60	20	0	918376.0	918.376	44.755499999999984	48.75866666666669	48.7855	44.572685	48.705146	48.74491	96.98317328136963	639873.0	10.66455	1042.63	640	360	30.0	8	8bf201ebeba02ff31338d4bb2fe0db54	507754fce33acfed2a6f123f4324af51	640	360	1865.0	4.0	1168.0	2878.0	False	False	0.9925744344790777	0.9984346324595205
thaloundeskmtg360p_60f	thaloundeskmtg360p_60f	svtav1	svtav1_20200714_14cbb4d_enc-mode0	60	32	0	478796.0	478.796	43.18900000000001	47.470833333333346	47.62349999999999	42.959403	47.419305	47.587072	95.85301601065159	604847.0	10.080783333333333	1028.65	640	360	30.0	8	1ea565c3a268c2cedfcb66371911d6d0	03e911e9d7906cab89c73e478804c805	640	360	1840.0	3.0	949.0	2978.0	False	False	0.9903017461299897	0.9977150537477989
thaloundeskmtg360p_60f	thaloundeskmtg360p_60f	svtav1	svtav1_20200714_14cbb4d_enc-mode0	60	43	0	257276.0	257.276	41.119499999999995	45.81616666666667	45.93833333333334	40.808161	45.785453	45.915289	93.6930201158437	410523.0	6.84205	661.24	640	360	30.0	8	e3ffef21d4062fe4313da6d205b41b90	be29167d9a85d253efb1dff7c0817164	640	360	1661.0	5.0	732.0	2857.0	False	False	0.9864764451980591	0.9963801000146933
thaloundeskmtg360p_60f	thaloundeskmtg360p_60f	svtav1	svtav1_20200714_14cbb4d_enc-mode0	60	55	0	127848.0	127.848	37.8145	42.96616666666667	43.05916666666666	37.5786	42.943874	43.046773	87.74238523443364	379652.0	6.327533333333333	689.46	640	360	30.0	8	e25fea0614e1954d275ccb1b056ffcc4	9c7ae30f5c797dee4d90e0df69ab542d	640	360	1778.0	4.0	617.0	3066.0	False	False	0.9768974383672079	0.9924752400796166
thaloundeskmtg360p_60f	thaloundeskmtg360p_60f	svtav1	svtav1_20200714_14cbb4d_enc-mode0	60	59	0	83860.0	83.86	35.50200000000002	40.93866666666667	40.972999999999985	35.179875	40.931647	40.960732	81.97461153418963	311706.0	5.1951	520.74	640	360	30.0	8	3ee126301de167741e30e80af3b0cda0	90d7022d3a322afcf5ce8cb86d9028e6	640	360	2049.0	4.0	659.0	3098.0	False	False	0.9665048201878865	0.9876070668089454
Sintel_Dragons_1920x816_24_10b	Sintel_Dragons_1920x816_24_10b	svtav1	svtav1_20200714_14cbb4d_enc-mode0	60	20	0	5062380.0	5062.38	46.92000000000001	51.24249999999999	51.37849999999998	46.864738	51.217875	51.336675	99.91441439464269	4837148.0	80.61913333333334	8368.24	1920	816	24.0	10	5875140c24b8e5093ddf38cf417952f0	e1328606450d89f1df4602632768741a	1920	816	11310.0	5.0	16203.0	16733.0	False	False	0.996727105975151	0.9968789950002884
Sintel_Dragons_1920x816_24_10b	Sintel_Dragons_1920x816_24_10b	svtav1	svtav1_20200714_14cbb4d_enc-mode0	60	32	0	2593052.0	2593.052	43.78099999999999	48.75466666666667	48.81133333333332	43.733278	48.716522000000005	48.740453	99.86949657390596	4567396.0	76.12326666666667	7519.35	1920	816	24.0	10	5c8017fa866bc48aed724c4bd6c98957	4b65320ba84e3eb8dac8cb6a6b9ae7ba	1920	816	10767.0	4.0	13562.0	15938.0	False	False	0.9939864536126455	0.9944250334251549
Sintel_Dragons_1920x816_24_10b	Sintel_Dragons_1920x816_24_10b	svtav1	svtav1_20200714_14cbb4d_enc-mode0	60	43	0	1370681.0	1370.681	40.85466666666667	46.390999999999984	46.418833333333325	40.792202	46.340082	46.330928	97.87830894308487	3434677.0	57.244616666666666	6032.38	1920	816	24.0	10	5b3e129a949f102891f074ed7956c8e3	7e4a48cc4e095176532aaaafe6ad5a88	1920	816	10341.0	3.0	12055.0	16414.0	False	False	0.9886049052079519	0.9898643339555011
Sintel_Dragons_1920x816_24_10b	Sintel_Dragons_1920x816_24_10b	svtav1	svtav1_20200714_14cbb4d_enc-mode0	60	55	0	671462.0	671.462	37.50116666666667	43.47900000000001	43.64616666666666	37.45234	43.429748	43.564611	85.28938943650688	2734847.0	45.580783333333336	4630.18	1920	816	24.0	10	cbe4d0d5275efcf4340e59d038b0d26a	42374c3f0ea7c09102ff9ccabc238c6a	1920	816	10755.0	3.0	11268.0	17394.0	False	False	0.9758205364147822	0.9794843357737579
Sintel_Dragons_1920x816_24_10b	Sintel_Dragons_1920x816_24_10b	svtav1	svtav1_20200714_14cbb4d_enc-mode0	60	59	0	480038.0	480.03799999999995	35.8905	42.06933333333333	42.26716666666666	35.857143	42.035679	42.203606	76.31665344434097	2477125.0	41.28541666666667	4091.33	1920	816	24.0	10	a16997f53cb9ffba9f0904f101faee1e	080884e9d4df864e46a5d36dc70000b8	1920	816	11902.0	3.0	10415.0	15993.0	False	False	0.9657851159572601	0.9714152022379582
Netflix_Crosswalk_1920x1080_60fp	Netflix_Crosswalk_1920x1080_60fp	svtav1	svtav1_20200714_14cbb4d_enc-mode0	60	20	0	7362664.0	7362.664	45.51416666666666	48.24133333333334	50.06766666666669	45.498134	48.234192	50.057193	99.04459419584343	4428919.0	73.81531666666666	7283.35	1920	1080	60.0	8	35bec82d3e228280e1d703124882bdea	0c724483de214304d3852639093a39ee	1920	1080	10071.0	32.0	17297.0	24564.0	False	False	0.9975822697083155	0.9956706267234977
Netflix_Crosswalk_1920x1080_60fp	Netflix_Crosswalk_1920x1080_60fp	svtav1	svtav1_20200714_14cbb4d_enc-mode0	60	32	0	3710040.0	3710.04	44.19666666666664	47.416333333333334	49.177499999999995	44.159822	47.402082	49.158458	95.61107609253999	3663492.0	61.0582	6090.16	1920	1080	60.0	8	034ff9a8feba061b7b1519c3c4686731	a4939a1c907e7f10c19990834c69231d	1920	1080	9472.0	2.0	15946.0	22962.0	False	False	0.9958360334237416	0.9937487049833869
Netflix_Crosswalk_1920x1080_60fp	Netflix_Crosswalk_1920x1080_60fp	svtav1	svtav1_20200714_14cbb4d_enc-mode0	60	43	0	1874088.0	1874.088	42.41666666666666	46.328833333333336	48.04633333333334	42.345185	46.313867	48.026969	89.24544897114126	2587771.0	43.12951666666667	4170.45	1920	1080	60.0	8	a0539e23d1e1be23e3e74bb20abf6c89	0f366ab44c100426ffa91456e0e336fb	1920	1080	9981.0	7.0	14036.0	23310.0	False	False	0.9918930212656657	0.9899336904754735
Netflix_Crosswalk_1920x1080_60fp	Netflix_Crosswalk_1920x1080_60fp	svtav1	svtav1_20200714_14cbb4d_enc-mode0	60	55	0	866976.0	866.976	39.67383333333333	44.49616666666666	46.08883333333333	39.596881	44.483577	46.073223	74.92484847105216	1925838.0	32.0973	3203.2	1920	1080	60.0	8	34376c0ee2860471f8ace1c819de01d9	0decfb58a53c14fa8aef3f19c5eed96d	1920	1080	9315.0	5.0	12527.0	23088.0	False	False	0.9806642363468806	0.9801286504306067
Netflix_Crosswalk_1920x1080_60fp	Netflix_Crosswalk_1920x1080_60fp	svtav1	svtav1_20200714_14cbb4d_enc-mode0	60	59	0	626008.0	626.008	38.30699999999999	43.51033333333335	45.02383333333333	38.239137	43.500336	45.009185	65.8887904827184	1897664.0	31.62773333333333	2996.51	1920	1080	60.0	8	b43268ae625a3e6cf724503b230f7db8	c2565a3c5c411085a5b86a4a66b045ae	1920	1080	25088.0	4.0	11973.0	23359.0	False	False	0.9715803841749827	0.9726309683000529
Netflix_PierSeaside_1920x1080_60	Netflix_PierSeaside_1920x1080_60	svtav1	svtav1_20200714_14cbb4d_enc-mode0	60	20	0	7471512.0	7471.512	45.40983333333333	47.41633333333333	45.492000000000004	45.380038	47.403589	45.476755	99.86792820896632	3009772.0	50.162866666666666	5474.26	1920	1080	60.0	8	a11a6738203c4a409cf138198ec7b919	9021c99b6e5cc631b047411a46aea40e	1920	1080	10465.0	5.0	10614.0	22338.0	False	False	0.9980630725622177	0.9968534091148012
Netflix_PierSeaside_1920x1080_60	Netflix_PierSeaside_1920x1080_60	svtav1	svtav1_20200714_14cbb4d_enc-mode0	60	32	0	3212952.0	3212.952	43.70083333333333	46.659499999999994	44.90916666666667	43.634909	46.642308	44.891442	99.38339360707666	2648672.0	44.144533333333335	4462.75	1920	1080	60.0	8	4e7ff20e270c6612bd1ebff1896d0fd0	0b497a027818463d536f060ed565cb1b	1920	1080	10790.0	3.0	9601.0	22573.0	False	False	0.9970474908749263	0.995285410913349
Netflix_PierSeaside_1920x1080_60	Netflix_PierSeaside_1920x1080_60	svtav1	svtav1_20200714_14cbb4d_enc-mode0	60	43	0	1399592.0	1399.592	41.557166666666674	45.35983333333334	44.03499999999999	41.476615	45.345045	44.021329	97.19170145570011	1875587.0	31.259783333333335	2840.83	1920	1080	60.0	8	ad8c1d1139dae376f9ce772889dae501	eb4ad224761fa08bfd0b18c116a274dd	1920	1080	10417.0	3.0	8688.0	22252.0	False	False	0.9947837998469671	0.9920495774717752
Netflix_PierSeaside_1920x1080_60	Netflix_PierSeaside_1920x1080_60	svtav1	svtav1_20200714_14cbb4d_enc-mode0	60	55	0	573224.0	573.224	38.77583333333335	43.08250000000001	42.32433333333334	38.707962	43.070064	42.315057	91.18181049068211	1525990.0	25.433166666666665	2296.8	1920	1080	60.0	8	06e8d4abb8fd6b196138680cde6350dd	7cde213e556d13a5949ebd72576ec0e6	1920	1080	10810.0	4.0	8358.0	23346.0	False	False	0.9893541157245636	0.9853747528594281
Netflix_PierSeaside_1920x1080_60	Netflix_PierSeaside_1920x1080_60	svtav1	svtav1_20200714_14cbb4d_enc-mode0	60	59	0	325296.0	325.296	36.720833333333346	41.23366666666666	40.76616666666667	36.67632	41.228456	40.760716	84.06499662966787	1449168.0	24.1528	2272.47	1920	1080	60.0	8	9c10b5e78587a6787c807ba7466800c3	03e517e84732292d683cb5a73ba2636d	1920	1080	11027.0	4.0	8181.0	24493.0	False	False	0.9836272219816844	0.9787640711356816
STARCRAFT_60f_420	STARCRAFT_60f_420	svtav1	svtav1_20200714_14cbb4d_enc-mode0	60	20	0	7600448.0	7600.448	50.454	53.34566666666667	53.36299999999999	50.438248	53.334167	53.355421	97.60774774849315	2065868.0	34.431133333333335	3557.33	1920	1080	60.0	8	3f6cf39a8304a37c2d3606216759f15e	8b2318d843caf65bca76ab2b82a75263	1920	1080	10918.0	5.0	2947.0	23074.0	False	False	0.9996307114760081	0.9992780506873938
STARCRAFT_60f_420	STARCRAFT_60f_420	svtav1	svtav1_20200714_14cbb4d_enc-mode0	60	32	0	4290560.0	4290.56	47.01483333333331	51.01516666666668	51.21000000000001	46.995659	50.994237	51.19932099999999	96.82605189008682	2069923.0	34.49871666666667	3495.75	1920	1080	60.0	8	dbcb0222773ca70c48a96a43bebfd20d	d6a0c853d64ed241ec248058c2291f2b	1920	1080	10672.0	4.0	2732.0	23728.0	False	False	0.9990775297085445	0.9983586776082622
STARCRAFT_60f_420	STARCRAFT_60f_420	svtav1	svtav1_20200714_14cbb4d_enc-mode0	60	43	0	2458568.0	2458.568	43.54066666666668	48.39833333333333	48.633500000000005	43.509197	48.365268	48.618569	95.14792424093415	1601424.0	26.6904	2555.55	1920	1080	60.0	8	02c31f70a92b8fdc15551241fc37667d	8bc1bfe2727c497086915e8d12cbf8ce	1920	1080	10556.0	5.0	3248.0	23683.0	False	False	0.997841277718544	0.9964516475056039
STARCRAFT_60f_420	STARCRAFT_60f_420	svtav1	svtav1_20200714_14cbb4d_enc-mode0	60	55	0	1048064.0	1048.064	38.5635	44.587666666666664	44.70600000000002	38.541197	44.559746	44.688358	89.75752290429467	1397529.0	23.29215	2270.01	1920	1080	60.0	8	853a529da3f6314308abcb68ea4b1f8e	0f5879778a4d20df0e97a689f32800c1	1920	1080	10852.0	6.0	2810.0	23273.0	False	False	0.9922131448984146	0.9889322173523394
STARCRAFT_60f_420	STARCRAFT_60f_420	svtav1	svtav1_20200714_14cbb4d_enc-mode0	60	59	0	614472.0	614.472	35.70516666666666	42.25649999999999	42.4065	35.69139499999999	42.240143	42.394729	83.15655125058167	1206834.0	20.1139	1908.67	1920	1080	60.0	8	01271eaae095a7ccdf37ebb55fba7002	01600c9afd6178ec6c8f0c2c70639d6f	1920	1080	10740.0	4.0	2750.0	25893.0	False	False	0.9838294605414073	0.9787588215656078
gipsrestat720p_60f	gipsrestat720p_60f	svtav1	svtav1_20200714_14cbb4d_enc-mode0	60	20	0	3268006.0	3268.006	44.817	47.39216666666666	49.0055	44.798757	47.386917	49.001621	96.94885902965704	1831766.0	30.529433333333333	3040.85	1280	720	50.0	8	c8731a14cd8c287637445fc6bc831872	40b7581cb584c0adccadfb03d1e9783c	1280	720	5517.0	2.0	3691.0	10208.0	False	False	0.9976049602031708	0.9969432020621538
gipsrestat720p_60f	gipsrestat720p_60f	svtav1	svtav1_20200714_14cbb4d_enc-mode0	60	32	0	1290266.0	1290.266	43.26466666666666	46.83166666666666	48.3595	43.233379	46.828166	48.355212	95.76244270460748	1169946.0	19.4991	2172.16	1280	720	50.0	8	b72fb975383f3bc21550d7250217e735	013cffd53aacf0c196054b87c72a5bd5	1280	720	5701.0	3.0	2487.0	9929.0	False	False	0.9966428418954213	0.9959733679180592
gipsrestat720p_60f	gipsrestat720p_60f	svtav1	svtav1_20200714_14cbb4d_enc-mode0	60	43	0	688666.0	688.666	41.67233333333333	46.04433333333334	47.36500000000001	41.619876	46.041563	47.360817	93.93181243307211	907857.0	15.13095	1571.2	1280	720	50.0	8	e864094b81a094af0b992eebc4102188	09ac48a8b84523a8e7e3a66a5367ed45	1280	720	5593.0	33.0	2341.0	9835.0	False	False	0.9950223058462143	0.9944776734585332
gipsrestat720p_60f	gipsrestat720p_60f	svtav1	svtav1_20200714_14cbb4d_enc-mode0	60	55	0	326566.0	326.566	38.88266666666667	44.07533333333335	45.034000000000006	38.846156	44.073066	45.032929	89.30418838359441	782839.0	13.047316666666667	1198.45	1280	720	50.0	8	d4d8f869256cbedcd8188b33a2b83444	a7c5ad93cb08812b7eaa93b1b8153fc7	1280	720	5528.0	4.0	1845.0	10289.0	False	False	0.9891887853542963	0.9894419918967254
gipsrestat720p_60f	gipsrestat720p_60f	svtav1	svtav1_20200714_14cbb4d_enc-mode0	60	59	0	203180.0	203.18	36.53033333333333	42.20983333333334	42.922	36.518147	42.2086	42.921081	83.54616586304807	725864.0	12.097733333333334	1245.72	1280	720	50.0	8	827a6345f1a3f789293692a52dd65d7b	7c9180d608569c1f72ae40de2bf186b8	1280	720	6558.0	4.0	1613.0	9845.0	False	False	0.9810358246167501	0.982509849899266
red_kayak_360p_60f	red_kayak_360p_60f	svtav1	svtav1_20200714_14cbb4d_enc-mode0	60	20	0	9079649.0	9079.649	41.101000000000006	44.67716666666666	49.277	41.066277	44.656711	49.26938400000001	99.8709793391361	2353157.0	39.21928333333334	4413.17	640	360	29.97	8	75965834c8a9d62cb6c6f84bfa5d837b	31d98ca8637291893803c332f48434d9	640	360	2057.0	4.0	3732.0	2874.0	False	False	0.9723152240117391	0.9942355394245062
red_kayak_360p_60f	red_kayak_360p_60f	svtav1	svtav1_20200714_14cbb4d_enc-mode0	60	32	0	5311782.0	5311.782	36.4805	42.186833333333325	48.0525	36.416777	42.164626	48.034889	99.67700238855278	2513093.0	41.884883333333335	4580.66	640	360	29.97	8	48829e0c6f6ebdfa44e541909e55f6e2	1b08d1e7b94029d8998dde497a66b9e3	640	360	1973.0	4.0	3345.0	2988.0	False	False	0.9396688014268875	0.98574506221333
red_kayak_360p_60f	red_kayak_360p_60f	svtav1	svtav1_20200714_14cbb4d_enc-mode0	60	43	0	2373325.0	2373.325	31.8745	39.752833333333335	46.627333333333354	31.787781	39.726359	46.601884	86.20203207700591	1822672.0	30.377866666666666	3055.19	640	360	29.97	8	56db6a2dfa3711efc8d913e0715eb5e8	4d35f093fe90910b9a0980f1f4dbd9c2	640	360	2125.0	4.0	2847.0	2956.0	False	False	0.8693328599135081	0.9651309141084885
red_kayak_360p_60f	red_kayak_360p_60f	svtav1	svtav1_20200714_14cbb4d_enc-mode0	60	55	0	716422.0	716.422	28.019833333333338	37.8505	45.33233333333333	27.94948	37.831971	45.258086	58.94354131064404	1307571.0	21.79285	2363.53	640	360	29.97	8	e2dc08978fa0fcc3e7d58e82d588d73e	112b3ed3b6597d5d19b9ab543c6c6096	640	360	2212.0	3.0	2408.0	3042.0	False	False	0.7532401710748673	0.9179622824328408
red_kayak_360p_60f	red_kayak_360p_60f	svtav1	svtav1_20200714_14cbb4d_enc-mode0	60	59	0	385355.0	385.3550000000001	26.84716666666667	37.260000000000005	44.79299999999999	26.793292	37.247044	44.693	44.26412956244936	1027219.0	17.120316666666668	1714.63	640	360	29.97	8	7b37758ffe2f7768e8a4e5cc90afde8d	a6ddf4b24b181b576d28325b4829732b	640	360	2107.0	4.0	2248.0	5182.0	False	False	0.7047747790813446	0.8867952322622049
vidyo1_720p_60fps_60f	vidyo1_720p_60fps_60f	svtav1	svtav1_20200714_14cbb4d_enc-mode0	60	20	0	3622976.0	3622.976	45.46616666666666	48.08433333333335	49.39933333333334	45.447753	48.078413	49.396746	96.4750980909471	1527951.0	25.46585	2567.12	1280	720	60.0	8	639b926470384eeb31b9efcfbbbdc5c5	50c7c8cc649a6819fcb119719f738792	1280	720	5312.0	19.0	3483.0	10448.0	False	False	0.997500815987587	0.9968855809916553
vidyo1_720p_60fps_60f	vidyo1_720p_60fps_60f	svtav1	svtav1_20200714_14cbb4d_enc-mode0	60	32	0	1400824.0	1400.824	43.96833333333335	47.57083333333334	48.74716666666667	43.960485	47.566791	48.744267	95.1504632198711	1124003.0	18.733383333333332	2092.69	1280	720	60.0	8	72f927b92abd5bdffefae679d3f03d6a	59fcc3b88dddaa77086c25e985214c0e	1280	720	5227.0	3.0	2660.0	10128.0	False	False	0.9960528085629146	0.995501655891747
vidyo1_720p_60fps_60f	vidyo1_720p_60fps_60f	svtav1	svtav1_20200714_14cbb4d_enc-mode0	60	43	0	686544.0	686.544	42.480333333333334	46.86466666666668	47.81566666666666	42.471537	46.861628	47.813935	93.01139882697662	958008.0	15.9668	1705.58	1280	720	60.0	8	444805cbd1564f7452af6e1248221e3c	e50a5e807b33d009d6920c008625251a	1280	720	5756.0	11.0	2414.0	9964.0	False	False	0.994005807240804	0.9937033456362304
vidyo1_720p_60fps_60f	vidyo1_720p_60fps_60f	svtav1	svtav1_20200714_14cbb4d_enc-mode0	60	55	0	313920.0	313.92	39.85783333333333	45.249500000000005	45.71033333333335	39.845253	45.247985	45.707317	87.02027434602239	782900.0	13.048333333333334	1382.02	1280	720	60.0	8	4527f76b80c70f942ed5fdaca5e23b55	8464cbc36a9fc1dc987dcdf1ac05923d	1280	720	5209.0	4.0	2183.0	9832.0	False	False	0.9874429523944854	0.9883753419555504
vidyo1_720p_60fps_60f	vidyo1_720p_60fps_60f	svtav1	svtav1_20200714_14cbb4d_enc-mode0	60	59	0	202440.0	202.44	37.79783333333334	43.7895	43.985166666666686	37.79063	43.788303	43.982881	80.0124667297666	587836.0	9.797266666666667	975.63	1280	720	60.0	8	085988b11b146996bfc892fcf7b5e635	c760cb6c2e0e83781647d45199021d2e	1280	720	5054.0	4.0	1919.0	10034.0	False	False	0.9783165355523428	0.9810883972560307
vidyo4_720p_60fps_60f	vidyo4_720p_60fps_60f	svtav1	svtav1_20200714_14cbb4d_enc-mode0	60	20	0	4993472.0	4993.472	44.21516666666666	49.96616666666667	50.25866666666668	44.174925	49.960715	50.253769	97.77005489002549	1765326.0	29.4221	3170.85	1280	720	60.0	8	8ece5485d9f74944d2435c9e22b60808	99951d9865e57f7b628ab427a899c870	1280	720	5069.0	4.0	4602.0	9797.0	False	False	0.9964210053284963	0.9956422785483298
vidyo4_720p_60fps_60f	vidyo4_720p_60fps_60f	svtav1	svtav1_20200714_14cbb4d_enc-mode0	60	32	0	1810272.0	1810.272	42.80200000000001	49.33433333333335	49.66566666666666	42.754069	49.326393	49.659225	96.45862680270962	1666469.0	27.774483333333333	2845.83	1280	720	60.0	8	31a55cd94467625c7961887abdcae39e	30b410fcc148d9cbd6866fbc4a7cdbdc	1280	720	5370.0	4.0	3719.0	10275.0	False	False	0.994660637776057	0.9938833070176685
vidyo4_720p_60fps_60f	vidyo4_720p_60fps_60f	svtav1	svtav1_20200714_14cbb4d_enc-mode0	60	43	0	908184.0	908.184	41.44483333333334	48.47766666666667	48.77483333333336	41.381303	48.463688	48.764772	94.43676934141278	1151721.0	19.19535	1960.69	1280	720	60.0	8	a2c22e39269c875ca9ffd3364d0e8fbb	64f68834e0834650808ab638c0dfcdbd	1280	720	5019.0	4.0	3143.0	10100.0	False	False	0.99188159207503	0.9914058722274006
vidyo4_720p_60fps_60f	vidyo4_720p_60fps_60f	svtav1	svtav1_20200714_14cbb4d_enc-mode0	60	55	0	414144.0	414.144	39.091	46.660333333333334	46.75233333333334	39.022866	46.64764	46.74021	89.219380137841	795170.0	13.252833333333333	1380.78	1280	720	60.0	8	ef60f8bdb14d136853c92bd5f8d23e7f	cbf0c83d28929e100310d2b0e0987492	1280	720	4906.0	3.0	2547.0	9652.0	False	False	0.9832383175690969	0.9844156688701808
vidyo4_720p_60fps_60f	vidyo4_720p_60fps_60f	svtav1	svtav1_20200714_14cbb4d_enc-mode0	60	59	0	267424.0	267.424	37.34816666666667	44.859500000000004	44.99216666666667	37.290654	44.852106	44.9827	83.04537748654768	748679.0	12.477983333333333	1276.72	1280	720	60.0	8	e6dd8075ee2f186906daff18fbc22b90	810f678474c5a4f3e82a780aa80a9903	1280	720	5032.0	4.0	2634.0	9888.0	False	False	0.9729861229658127	0.9764772367407074
Market3_1920x1080p_50_10b_pq_709	Market3_1920x1080p_50_10b_pq_709	svtav1	svtav1_20200714_14cbb4d_enc-mode0	60	20	0	12459680.0	12459.68	44.93233333333333	51.43183333333334	52.39833333333333	44.911098	51.42238	52.393437	99.83158412779984	4664247.0	77.73745	7930.94	1920	1080	50.0	10	1eaa733b91d3787b4df936c9c78bd72a	5ca1812167c760528c72530c3330d34f	1920	1080	20871.0	4.0	14058.0	22851.0	False	False	0.9992033849159877	0.9982021770507183
Market3_1920x1080p_50_10b_pq_709	Market3_1920x1080p_50_10b_pq_709	svtav1	svtav1_20200714_14cbb4d_enc-mode0	60	32	0	6225540.0	6225.54	42.18033333333334	49.21666666666667	50.357833333333325	42.148477	49.210907	50.355542	98.7961469356088	4340288.0	72.33813333333333	7575.49	1920	1080	50.0	10	9defe4e238b73a5ec86a026ae895b312	b07c7323a994cb5cef05e5ec161795c5	1920	1080	20202.0	5.0	12411.0	23101.0	False	False	0.9985028773546218	0.9966886398948612
Market3_1920x1080p_50_10b_pq_709	Market3_1920x1080p_50_10b_pq_709	svtav1	svtav1_20200714_14cbb4d_enc-mode0	60	43	0	3257493.0	3257.493	39.39633333333333	47.26066666666668	48.62216666666666	39.354362	47.25663	48.621154	95.5188709273294	3532160.0	58.86933333333333	6057.02	1920	1080	50.0	10	b47b5470bbf0c10e897aa64a90efa669	e475cdde1e8b46275253caff12632d65	1920	1080	20400.0	6.0	11567.0	23777.0	False	False	0.9967563261588415	0.9931651193082022
Market3_1920x1080p_50_10b_pq_709	Market3_1920x1080p_50_10b_pq_709	svtav1	svtav1_20200714_14cbb4d_enc-mode0	60	55	0	1307433.0	1307.433	35.53283333333333	44.523999999999994	46.10900000000001	35.505841	44.522818	46.107955999999994	86.39913883832592	2708937.0	45.14895	4263.87	1920	1080	50.0	10	d12d8795fd40df28999c5c07f64e74a6	4d4949bdde66f103f8aef6a124d8d6b4	1920	1080	21542.0	3.0	10918.0	23468.0	False	False	0.9889900594949722	0.9796785666214599
Market3_1920x1080p_50_10b_pq_709	Market3_1920x1080p_50_10b_pq_709	svtav1	svtav1_20200714_14cbb4d_enc-mode0	60	59	0	806853.0	806.853	33.66133333333334	43.10000000000001	44.773666666666664	33.647433	43.100129	44.770722	78.23084333649437	2511375.0	41.85625	3972.72	1920	1080	50.0	10	6bcd748d35caaff365bbca4f85334d88	da2da7577a898ffebd853f8ef26de69c	1920	1080	20001.0	10.0	10836.0	23262.0	False	False	0.9800558149814605	0.9670635393374762
Netflix_SquareAndTimelapse_1920x	Netflix_SquareAndTimelapse_1920x	svtav1	svtav1_20200714_14cbb4d_enc-mode0	60	20	0	19978376.0	19978.376	44.52016666666667	48.76366666666667	47.918000000000006	44.502386	48.752257	47.902257	99.9084718048776	6601150.0	110.01916666666666	10571.26	1920	1080	60.0	8	902cd4cc379738d6d4e9ce668a962457	6bc3b6e8591ff7bd3e68ae3d50eac24c	1920	1080	12658.0	3.0	16198.0	23311.0	False	False	0.9991609156131744	0.9978832306222339
Netflix_SquareAndTimelapse_1920x	Netflix_SquareAndTimelapse_1920x	svtav1	svtav1_20200714_14cbb4d_enc-mode0	60	32	0	11009848.0	11009.848	41.971166666666676	46.921	45.837666666666664	41.94286	46.908818	45.820148	99.87182859156034	5487504.0	91.4584	9459.04	1920	1080	60.0	8	be3379230777fa43298e2a5ec92ba37d	5432e62170bc13095b086c99113ecbc6	1920	1080	12512.0	6.0	15390.0	23556.0	False	False	0.9982465674479802	0.9960344394479297
Netflix_SquareAndTimelapse_1920x	Netflix_SquareAndTimelapse_1920x	svtav1	svtav1_20200714_14cbb4d_enc-mode0	60	43	0	6042296.0	6042.296	39.108333333333334	45.03383333333334	43.715333333333334	39.056176	45.017338	43.691756000000005	98.24911329313	4311972.0	71.8662	6942.67	1920	1080	60.0	8	d6bb9d1b9a1c8d9b425eb729d524299c	aff8f2c281f9fbdb732fb122f6a0eae0	1920	1080	12498.0	3.0	13315.0	22732.0	False	False	0.9959139893452327	0.9920376938954674
Netflix_SquareAndTimelapse_1920x	Netflix_SquareAndTimelapse_1920x	svtav1	svtav1_20200714_14cbb4d_enc-mode0	60	55	0	2809200.0	2809.2	35.329000000000015	42.1045	40.71866666666667	35.279681	42.089024	40.698231	87.60069506239621	3264538.0	54.408966666666664	5440.98	1920	1080	60.0	8	515a278bab629d3f9e1baa15933268a3	9323e84a0634c094ecd1a673db266528	1920	1080	12244.0	5.0	12622.0	23541.0	False	False	0.9874272763729095	0.9797687672976864
Netflix_SquareAndTimelapse_1920x	Netflix_SquareAndTimelapse_1920x	svtav1	svtav1_20200714_14cbb4d_enc-mode0	60	59	0	1846200.0	1846.2	33.275500000000015	40.16433333333335	38.879666666666665	33.247369	40.157071	38.867751	78.28024229439393	2983603.0	49.72671666666667	4833.41	1920	1080	60.0	8	cd7560426b59a84ce409eadc1fbef0bd	69404d1225d9ad609dd75d98326cd66b	1920	1080	12843.0	4.0	11635.0	23871.0	False	False	0.9769747227430343	0.9664101911276
aspen_1080p_60f	aspen_1080p_60f	svtav1	svtav1_20200714_14cbb4d_enc-mode0	60	20	0	7979620.0	7979.62	43.93633333333335	47.98250000000001	49.183	43.926878	47.97968	49.180079	97.80152442221532	5723924.0	95.39873333333334	10040.7	1920	1080	29.97	8	5a980ecf66a372b7b512492305223370	feb20fa6124f3fef3a68f6169f64678c	1920	1080	9170.0	33.0	17498.0	23298.0	False	False	0.996011174718539	0.9924306722063684
aspen_1080p_60f	aspen_1080p_60f	svtav1	svtav1_20200714_14cbb4d_enc-mode0	60	32	0	2324362.0	2324.362	42.05900000000001	46.964499999999994	48.09416666666665	42.048811	46.961664	48.090229	93.86354906594556	4450022.0	74.16703333333334	7485.12	1920	1080	29.97	8	cf4bf5721b400db1e6d98b260eea51c1	2e0dc5267e1cf0b05e9bcc95c362a61f	1920	1080	9522.0	12.0	12698.0	22308.0	False	False	0.9939047654469808	0.9895351923956085
aspen_1080p_60f	aspen_1080p_60f	svtav1	svtav1_20200714_14cbb4d_enc-mode0	60	43	0	1037901.0	1037.901	40.70399999999999	45.725166666666695	46.79666666666669	40.681205	45.719306	46.790866	88.85237994423152	2840148.0	47.3358	4862.25	1920	1080	29.97	8	db44b331a5384ab22c4dd82e137f329d	aa44c9109c896610a667e028777e9199	1920	1080	9389.0	2.0	10557.0	22656.0	False	False	0.9912552634874979	0.9865589086122358
aspen_1080p_60f	aspen_1080p_60f	svtav1	svtav1_20200714_14cbb4d_enc-mode0	60	55	0	447224.0	447.224	38.55766666666668	43.66049999999999	44.52566666666666	38.526948	43.654126	44.521137	78.76372201363208	2255589.0	37.59315	3580.82	1920	1080	29.97	8	9244dae4567182d11ebdcdf12eb35da4	9183b1855c97c3c27b72036452ca9152	1920	1080	9401.0	5.0	10094.0	23387.0	False	False	0.9844462901353837	0.9794503344663765
aspen_1080p_60f	aspen_1080p_60f	svtav1	svtav1_20200714_14cbb4d_enc-mode0	60	59	0	291492.0	291.492	36.916500000000006	42.162666666666674	42.841666666666676	36.888194	42.156123	42.838755	68.86872644469769	1956705.0	32.61175	3224.8	1920	1080	29.97	8	9e029277b4e4994274f18cce05f50cef	8bb446b609c46d0adef31359375810d8	1920	1080	10451.0	6.0	9706.0	24694.0	False	False	0.9750889569520951	0.9702958927677796
Cosmos1_1920x856_BT2100_PQ_24fps	Cosmos1_1920x856_BT2100_PQ_24fps	svtav1	svtav1_20200714_14cbb4d_enc-mode0	60	20	0	22237993.0	22237.993	41.771500000000024	44.80933333333336	47.504999999999995	41.727578	44.789335	47.494246	99.24493177281965	11347172.0	189.11953333333332	19598.01	1920	856	24.0	10	86d6cfd9c415568a5b5ff6159d632c3d	3bd2c70c4a866c4d0e21c2327e185b71	1920	856	17717.0	6.0	28548.0	19807.0	False	False	0.9966384659210841	0.9958880786254852
Cosmos1_1920x856_BT2100_PQ_24fps	Cosmos1_1920x856_BT2100_PQ_24fps	svtav1	svtav1_20200714_14cbb4d_enc-mode0	60	32	0	8337584.0	8337.584	37.888999999999996	42.75833333333334	45.84816666666666	37.856762	42.735481	45.83393	94.67396246747623	8523041.0	142.05068333333332	15484.69	1920	856	24.0	10	6a83c7cbc4631d7a57c9a5b29d7e1832	69c51e587fe8e02060105ad3fe941f45	1920	856	18166.0	6.0	26471.0	22987.0	False	False	0.9914918194214503	0.9904456418716117
Cosmos1_1920x856_BT2100_PQ_24fps	Cosmos1_1920x856_BT2100_PQ_24fps	svtav1	svtav1_20200714_14cbb4d_enc-mode0	60	43	0	3254697.0	3254.697	35.28916666666666	41.19816666666666	44.54850000000001	35.251272	41.17608	44.537961	84.13385860529071	6531226.0	108.85376666666667	10883.82	1920	856	24.0	10	9d4bd833c0ae213c4d09dc6722115bfc	e041a4924d5563f0298d66754fadcf97	1920	856	17829.0	7.0	15052.0	17870.0	False	False	0.9800437033176422	0.9799121337204081
Cosmos1_1920x856_BT2100_PQ_24fps	Cosmos1_1920x856_BT2100_PQ_24fps	svtav1	svtav1_20200714_14cbb4d_enc-mode0	60	55	0	1195632.0	1195.632	32.48966666666667	39.45583333333333	42.743	32.446095	39.440866	42.738802	63.77690086609269	4503850.0	75.06416666666667	7563.24	1920	856	24.0	10	5e04a8645e1e27bf707f4d01d9e169ee	31a2b9daf587fdcc29d06239097c983d	1920	856	18271.0	4.0	12707.0	19558.0	False	False	0.9467241028944652	0.951540058047611
Cosmos1_1920x856_BT2100_PQ_24fps	Cosmos1_1920x856_BT2100_PQ_24fps	svtav1	svtav1_20200714_14cbb4d_enc-mode0	60	59	0	718406.0	718.4060000000001	31.133166666666668	38.669999999999995	41.094	31.096177	38.656743	41.08975	51.5534352338443	3667084.0	61.118066666666664	5799.28	1920	856	24.0	10	cf2620185d1225b2c3684d9c8a27cd70	bab11339a8ca1853effeba53b53d6b73	1920	856	18270.0	5.0	11420.0	17687.0	False	False	0.9157851934432983	0.9260652941353444
Netflix_Aerial_1920x1080_60fps_8	Netflix_Aerial_1920x1080_60fps_8	svtav1	svtav1_20200714_14cbb4d_enc-mode0	60	20	0	20680648.0	20680.648	42.64166666666666	45.54899999999999	45.28666666666668	42.606261	45.534759	45.279324	96.61689825245435	5020422.0	83.6737	9057.89	1920	1080	60.0	8	9c021a1b6ad92b5aa09eb3e0f0ce01a3	1153de79aeed2eaff41daa814604fa63	1920	1080	13772.0	18.0	16438.0	23184.0	False	False	0.9978919148445129	0.9964465260188432
Netflix_Aerial_1920x1080_60fps_8	Netflix_Aerial_1920x1080_60fps_8	svtav1	svtav1_20200714_14cbb4d_enc-mode0	60	32	0	9645680.0	9645.68	40.50333333333333	44.218	44.30216666666665	40.425024	44.201992	44.297809	94.10974257304208	4094818.0	68.24696666666667	7609.73	1920	1080	60.0	8	2eac1335bb0af6752dcfa12afe0ffdcd	e85fea595448d67a5b497440929d5220	1920	1080	13224.0	5.0	13488.0	23658.0	False	False	0.9962867011626562	0.9939949478884826
Netflix_Aerial_1920x1080_60fps_8	Netflix_Aerial_1920x1080_60fps_8	svtav1	svtav1_20200714_14cbb4d_enc-mode0	60	43	0	4755296.0	4755.296	38.105166666666655	42.648833333333336	43.18633333333333	38.002794	42.640886	43.183413	90.36934804955673	3448365.0	57.47275	5457.85	1920	1080	60.0	8	3eb324beb89d840f2c63695791880865	25d87ee6ba626342bc003b51a03034c2	1920	1080	13551.0	3.0	11388.0	22747.0	False	False	0.9931773612896602	0.9890755250179646
Netflix_Aerial_1920x1080_60fps_8	Netflix_Aerial_1920x1080_60fps_8	svtav1	svtav1_20200714_14cbb4d_enc-mode0	60	55	0	1723584.0	1723.584	34.387833333333326	40.28533333333334	41.61433333333333	34.347256	40.279958	41.608092000000006	80.70865278384075	2694125.0	44.90208333333333	4401.28	1920	1080	60.0	8	d69613b1ac6cb3313123ae69f2d4234d	b240d09989f708f037e291e94d29be1b	1920	1080	13602.0	5.0	10896.0	24726.0	False	False	0.9823775539795557	0.9714534263993742
Netflix_Aerial_1920x1080_60fps_8	Netflix_Aerial_1920x1080_60fps_8	svtav1	svtav1_20200714_14cbb4d_enc-mode0	60	59	0	896504.0	896.504	32.11166666666666	38.970000000000006	40.823999999999984	32.101256	38.960338	40.81549400000001	70.27870530540882	2413189.0	40.21981666666667	3493.26	1920	1080	60.0	8	6494073ebb3fbda0ef427f76c3e75ac2	3894e7ecae88dc7c16519f3b0f131b4f	1920	1080	13332.0	3.0	9654.0	23265.0	False	False	0.9652534147103627	0.9454355750690105
Netflix_Boat_1920x1080_60fps_8bi	Netflix_Boat_1920x1080_60fps_8bi	svtav1	svtav1_20200714_14cbb4d_enc-mode0	60	20	0	28665712.0	28665.712	43.61416666666665	46.01400000000002	47.707499999999996	43.58841	45.979049	47.681505	99.9169429598087	5741684.0	95.69473333333333	9593.32	1920	1080	60.0	8	66d01b4d3fbaf1190bda0e4423b23382	d2ff8a9391dd4bf8d3535ffb9080a89c	1920	1080	14239.0	3.0	13980.0	22928.0	False	False	0.9993144899606705	0.9985743731876451
Netflix_Boat_1920x1080_60fps_8bi	Netflix_Boat_1920x1080_60fps_8bi	svtav1	svtav1_20200714_14cbb4d_enc-mode0	60	32	0	15814376.0	15814.376	41.087666666666664	44.49766666666666	45.93133333333334	41.035205	44.455735	45.904462	99.59565347081882	5830055.0	97.16758333333334	9584.9	1920	1080	60.0	8	db8d223b20dc9121adcdc1a90a349d54	9ba7cd2ee6e4daa3d53949bac2fb2cdd	1920	1080	14296.0	17.0	13164.0	23741.0	False	False	0.9987978041172028	0.9975740779211631
Netflix_Boat_1920x1080_60fps_8bi	Netflix_Boat_1920x1080_60fps_8bi	svtav1	svtav1_20200714_14cbb4d_enc-mode0	60	43	0	8490728.0	8490.728	37.97083333333334	42.717333333333315	43.69316666666666	37.873365	42.68294	43.680579	95.77824235533093	4446799.0	74.11331666666666	7339.1	1920	1080	60.0	8	02739d1c6869b02036e12d99a5c23eb3	fbb90a7524b4394458c4a0b05ae0c539	1920	1080	13838.0	4.0	11211.0	23022.0	False	False	0.9974355618158977	0.9949589732034543
Netflix_Boat_1920x1080_60fps_8bi	Netflix_Boat_1920x1080_60fps_8bi	svtav1	svtav1_20200714_14cbb4d_enc-mode0	60	55	0	3738008.0	3738.008	33.80316666666667	40.55400000000001	41.065333333333335	33.710276	40.519192	41.06139700000001	86.11014262037365	3108787.0	51.813116666666666	5227.26	1920	1080	60.0	8	2e5013ca01c285bec366c54d1167e165	c1c5f684b9eed94d086a3cb17469eb20	1920	1080	14277.0	4.0	10580.0	23812.0	False	False	0.9921483178933461	0.9854050862082921
Netflix_Boat_1920x1080_60fps_8bi	Netflix_Boat_1920x1080_60fps_8bi	svtav1	svtav1_20200714_14cbb4d_enc-mode0	60	59	0	2444632.0	2444.632	31.68166666666667	39.29883333333333	39.56766666666666	31.628345	39.280086	39.566675	78.45191657401128	2618276.0	43.637933333333336	4088.38	1920	1080	60.0	8	20a686d15269e46929e6a4449727ad35	4028baca3ac6bdf7b00e5236172a8723	1920	1080	13996.0	4.0	9500.0	23701.0	False	False	0.9853556255499522	0.9736119241562708
Netflix_FoodMarket_1920x1080_60f	Netflix_FoodMarket_1920x1080_60f	svtav1	svtav1_20200714_14cbb4d_enc-mode0	60	20	0	20168536.0	20168.536	40.975	44.82016666666667	45.57983333333333	40.966996	44.816085	45.578218	99.11191926480511	6936793.0	115.61321666666667	12128.96	1920	1080	60.0	8	f265df14d767120bb89c343c2f7bb981	56b8e5f8ba3926f496cc77b8aff4753c	1920	1080	12225.0	2.0	18786.0	23402.0	False	False	0.9951331029335658	0.9895949509678031
Netflix_FoodMarket_1920x1080_60f	Netflix_FoodMarket_1920x1080_60f	svtav1	svtav1_20200714_14cbb4d_enc-mode0	60	32	0	6615032.0	6615.032	39.66416666666667	43.9555	44.90583333333335	39.655709	43.950194	44.904016	95.88513878766457	5555421.0	92.59035	9784.16	1920	1080	60.0	8	db60659d8bed7670bc13084b440c9852	aebe8735c926117b5941b56290232598	1920	1080	12474.0	6.0	13726.0	23400.0	False	False	0.991799329717954	0.9848632307706232
Netflix_FoodMarket_1920x1080_60f	Netflix_FoodMarket_1920x1080_60f	svtav1	svtav1_20200714_14cbb4d_enc-mode0	60	43	0	3213448.0	3213.448	38.265333333333324	43.03950000000002	44.13166666666667	38.247668	43.031212	44.128343	90.68753068808739	4280575.0	71.34291666666667	6943.6	1920	1080	60.0	8	edd14b5a638c73137dd4ba1ce723a3e8	e3834c203589f2c2c55843222fd052c5	1920	1080	12687.0	6.0	14003.0	25528.0	False	False	0.9864150524139405	0.9780911711101725
Netflix_FoodMarket_1920x1080_60f	Netflix_FoodMarket_1920x1080_60f	svtav1	svtav1_20200714_14cbb4d_enc-mode0	60	55	0	1369376.0	1369.376	35.95783333333334	41.58099999999999	42.650666666666666	35.931874	41.572055	42.643937	78.08763369580797	2757572.0	45.95953333333333	4495.53	1920	1080	60.0	8	11ba51ce5b7dd624f12b7e0af3039fb9	88bca2b182de6fe2ef31b49848b58cf2	1920	1080	12028.0	3.0	10699.0	23453.0	False	False	0.9682291626930237	0.9588670998524865
Netflix_FoodMarket_1920x1080_60f	Netflix_FoodMarket_1920x1080_60f	svtav1	svtav1_20200714_14cbb4d_enc-mode0	60	59	0	872720.0	872.72	34.53333333333333	40.61866666666666	41.585833333333326	34.513183	40.611416	41.571495	67.58096278682557	2490442.0	41.50736666666667	4073.49	1920	1080	60.0	8	8649eab1705875941c7c53fe66cccc4c	51685a794ec7e5c416cb860ccbcb88bd	1920	1080	12387.0	3.0	9618.0	23358.0	False	False	0.9477571537097295	0.9396845645934774
ducks_1920x1080_50fps_10b	ducks_1920x1080_50fps_10b	svtav1	svtav1_20200714_14cbb4d_enc-mode0	60	20	0	110382366.0	110382.366	38.91416666666666	39.06449999999999	41.29216666666665	38.805012	39.044422000000004	41.28988	98.57558364048278	17628484.0	293.80806666666666	33519.61	1920	1080	50.0	10	47b6026df5d4d099249746023a3b218b	f99ef3bb722d4eba1f0a56d17565894d	1920	1080	22430.0	4.0	39462.0	23714.0	False	False	0.9987951974074046	0.9958040951656112
ducks_1920x1080_50fps_10b	ducks_1920x1080_50fps_10b	svtav1	svtav1_20200714_14cbb4d_enc-mode0	60	32	0	27111806.0	27111.806	34.9475	36.71483333333333	39.7745	34.940055	36.710195	39.771296	93.094224123845	14437691.0	240.62818333333334	24948.74	1920	1080	50.0	10	5f56716787b0d437a27c0b4c64406175	603eb70202dde8ce969b1b84f2c77305	1920	1080	25106.0	5.0	28033.0	23573.0	False	False	0.9964158564805985	0.989573372388793
ducks_1920x1080_50fps_10b	ducks_1920x1080_50fps_10b	svtav1	svtav1_20200714_14cbb4d_enc-mode0	60	43	0	9791373.0	9791.373	32.97483333333333	34.92050000000001	38.45516666666667	32.968431	34.897097	38.450931	84.15864567720686	7997776.0	133.29626666666667	13352.29	1920	1080	50.0	10	421ac53b533fd364f935f2dcc1ce2795	bcb68c5ad6f93e0013df0911b207aa77	1920	1080	21966.0	6.0	23113.0	24993.0	False	False	0.9908109575510025	0.9810704044887449
ducks_1920x1080_50fps_10b	ducks_1920x1080_50fps_10b	svtav1	svtav1_20200714_14cbb4d_enc-mode0	60	55	0	3565606.0	3565.606	30.474833333333336	33.020166666666675	37.25183333333332	30.456557	32.992925	37.249255	67.15857416225778	4735336.0	78.92226666666667	8298.66	1920	1080	50.0	10	a9acf46e139d8315d8deaec2e02807dd	a855885ae5364d24080e57eb8359bda9	1920	1080	22382.0	3.0	16667.0	23095.0	False	False	0.9741626232862473	0.9603294525492885
ducks_1920x1080_50fps_10b	ducks_1920x1080_50fps_10b	svtav1	svtav1_20200714_14cbb4d_enc-mode0	60	59	0	2304866.0	2304.866	29.29716666666666	32.1565	36.57883333333333	29.277442	32.136418	36.577142	57.69479675667434	4435490.0	73.92483333333334	7387.79	1920	1080	50.0	10	d1520d036ca1add242eae752f54376d3	ef839a58399c00bc1564766799669553	1920	1080	22285.0	5.0	15949.0	24167.0	False	False	0.9603999882936478	0.944698106263793
life_1080p30_60f	life_1080p30_60f	svtav1	svtav1_20200714_14cbb4d_enc-mode0	60	20	0	12234880.0	12234.88	44.25983333333331	49.547499999999985	49.148833333333314	44.248599	49.537822	49.14015	99.46390533681969	5646645.0	94.11075	10165.62	1920	1080	30.0	8	33ae79e221379dbed5af0ce926148567	f84fe9795528f74e0faa1a29ab21a0b4	1920	1080	12200.0	2.0	13455.0	22607.0	False	False	0.9991622656583786	0.997831907889551
life_1080p30_60f	life_1080p30_60f	svtav1	svtav1_20200714_14cbb4d_enc-mode0	60	32	0	5655408.0	5655.408	41.33183333333332	47.39849999999999	47.07450000000001	41.31777	47.381789	47.059007	97.64042615822702	4650429.0	77.50715	8714.55	1920	1080	30.0	8	c50ec79f3c2add66a6ed7668d691c1f0	9862912ce06ae3d403e79152a99fac15	1920	1080	12596.0	3.0	11852.0	22971.0	False	False	0.998396036028862	0.9961018036441359
life_1080p30_60f	life_1080p30_60f	svtav1	svtav1_20200714_14cbb4d_enc-mode0	60	43	0	2782272.0	2782.272	38.63333333333335	45.415166666666664	45.21700000000001	38.608936	45.385795	45.193835	94.40755167153024	4336378.0	72.27296666666666	7520.84	1920	1080	30.0	8	6fc44dd1c529f09a0fdd5a32f1c87fca	13ad6e6818089b0d1742a83a32f5cee7	1920	1080	12379.0	4.0	11209.0	23678.0	False	False	0.996604523062706	0.9924630710108562
life_1080p30_60f	life_1080p30_60f	svtav1	svtav1_20200714_14cbb4d_enc-mode0	60	55	0	1130612.0	1130.612	35.0275	42.474666666666664	42.29416666666666	35.011021	42.450169	42.271714	86.90372445977778	2918514.0	48.6419	4743.38	1920	1080	30.0	8	b6a8e98456c85ff86e6ec8d6468036d2	0f3186ff8acbcdfe6ea5835c080d65f3	1920	1080	12618.0	3.0	9417.0	23284.0	False	False	0.9891404022773107	0.9783235772618915
life_1080p30_60f	life_1080p30_60f	svtav1	svtav1_20200714_14cbb4d_enc-mode0	60	59	0	705812.0	705.812	33.33866666666667	40.88966666666669	40.50016666666667	33.328914	40.876906	40.489741	80.09849273324572	2907824.0	48.46373333333333	4548.3	1920	1080	30.0	8	f5543b2a466fb3c1fc0580e81800be3c	e9cef2a659de00fc113bc76148a2d9b3	1920	1080	12836.0	6.0	9730.0	24046.0	False	False	0.9789922187725703	0.9626451804129246
rush_hour_1080p25_60f	rush_hour_1080p25_60f	svtav1	svtav1_20200714_14cbb4d_enc-mode0	60	20	0	5269120.0	5269.12	43.033833333333355	46.84983333333332	48.86000000000001	43.027608	46.847397	48.857896	96.87949888264944	6729836.0	112.16393333333333	11859.51	1920	1080	25.0	8	fec23ce84410daccc213d2e0fc3c770e	84b097e14caec33f0fa2a9f152288723	1920	1080	9968.0	2.0	19040.0	22903.0	False	False	0.9964086910088857	0.992443730042123
rush_hour_1080p25_60f	rush_hour_1080p25_60f	svtav1	svtav1_20200714_14cbb4d_enc-mode0	60	32	0	2476420.0	2476.42	42.12483333333333	45.8735	47.633500000000005	42.121853	45.871662	47.629776	93.03897675624052	4377700.0	72.96166666666667	8160.33	1920	1080	25.0	8	4173a751ae99ed56c4d1cdab8ddab1f2	988c44e7dc4be179cefc34c68ef651b0	1920	1080	9482.0	3.0	15594.0	22567.0	False	False	0.9942484974861145	0.990344417898978
rush_hour_1080p25_60f	rush_hour_1080p25_60f	svtav1	svtav1_20200714_14cbb4d_enc-mode0	60	43	0	1186313.0	1186.3129999999999	40.77149999999998	44.710666666666654	46.18583333333334	40.765831	44.708353	46.178238	85.88530463621956	3806166.0	63.4361	6401.86	1920	1080	25.0	8	a5fb3ffcfa3207b88443f53c038f653a	35b19b9319dbc322f74ef8a08be33f63	1920	1080	10537.0	3.0	14142.0	29225.0	False	False	0.9901508678992589	0.9866882750518773
rush_hour_1080p25_60f	rush_hour_1080p25_60f	svtav1	svtav1_20200714_14cbb4d_enc-mode0	60	55	0	529683.0	529.683	38.65066666666669	43.039166666666674	44.164333333333325	38.629117	43.034688	44.15211	73.2611999224173	2806915.0	46.78191666666667	4398.01	1920	1080	25.0	8	2530a026bd3618ad1891b4f7694a3526	aac87afeed468d47297ca5081237f7a2	1920	1080	9990.0	3.0	10600.0	22637.0	False	False	0.9809950927893321	0.9789291460816617
rush_hour_1080p25_60f	rush_hour_1080p25_60f	svtav1	svtav1_20200714_14cbb4d_enc-mode0	60	59	0	366046.0	366.046	37.48683333333334	42.08316666666668	43.07733333333333	37.461355	42.078827	43.065725	65.86822283712478	2553779.0	42.562983333333335	4147.89	1920	1080	25.0	8	78d1b31e540df554ff020adce02295d4	5ff038bb88c8d1a180122a0e5d21875e	1920	1080	10216.0	3.0	9779.0	23417.0	False	False	0.9736818879842758	0.972906335289393
touchdown_pass_1080p_60f	touchdown_pass_1080p_60f	svtav1	svtav1_20200714_14cbb4d_enc-mode0	60	20	0	18182343.0	18182.343	40.524666666666654	48.037000000000006	48.201999999999984	40.491837	48.029691	48.195207	96.35860397693881	8005787.0	133.42978333333335	13640.04	1920	1080	29.97	8	0792049b2d0786daca17037c47757076	de7ba48977315471abe5f7b5f55b7008	1920	1080	12879.0	8.0	24327.0	23969.0	False	False	0.9957871615886689	0.9908259408423322
touchdown_pass_1080p_60f	touchdown_pass_1080p_60f	svtav1	svtav1_20200714_14cbb4d_enc-mode0	60	32	0	4369903.0	4369.903	38.64200000000001	47.329166666666666	47.4535	38.625448	47.322921	47.446715	94.30770566658178	5392369.0	89.87281666666667	9279.84	1920	1080	29.97	8	0cec1ff1047bce1c4111ec30116e8ec8	32eafa9e0c8444163f9b4466621f0d38	1920	1080	12506.0	3.0	13750.0	23609.0	False	False	0.9938287238279978	0.9866700336796993
touchdown_pass_1080p_60f	touchdown_pass_1080p_60f	svtav1	svtav1_20200714_14cbb4d_enc-mode0	60	43	0	1938194.0	1938.194	37.392833333333336	46.27083333333334	46.327666666666666	37.372493	46.267056	46.321049	91.20564665544798	3531552.0	58.8592	5793.54	1920	1080	29.97	8	4dfd044e8a4e8f660a665bae272962b7	6785e6c7c0b84b357565cf45b05c02aa	1920	1080	13090.0	4.0	11749.0	24111.0	False	False	0.9912498454252879	0.9820505213201071
touchdown_pass_1080p_60f	touchdown_pass_1080p_60f	svtav1	svtav1_20200714_14cbb4d_enc-mode0	60	55	0	801279.0	801.279	35.048	44.39400000000001	44.49750000000001	35.023801	44.390394	44.49088100000001	81.95714908561698	2622555.0	43.70925	4285.19	1920	1080	29.97	8	6157c33683e456097a19a9272ab8d656	61c0311adaa0655730adc8892da09aad	1920	1080	12301.0	4.0	9685.0	23562.0	False	False	0.9791647851467132	0.9635080610416465
touchdown_pass_1080p_60f	touchdown_pass_1080p_60f	svtav1	svtav1_20200714_14cbb4d_enc-mode0	60	59	0	479868.0	479.868	33.322500000000005	43.21683333333332	43.41416666666667	33.299563	43.21445099999999	43.409278	71.54372926270236	2414472.0	40.2412	3899.23	1920	1080	29.97	8	a6660567427c0c5fafbaf23965059705	85c659ca5eb255c8647207c258cd9e67	1920	1080	13125.0	4.0	9029.0	23605.0	False	False	0.9538712282975514	0.9337275213992602
Netflix_TunnelFlag_1920x1080_60f	Netflix_TunnelFlag_1920x1080_60f	svtav1	svtav1_20200714_14cbb4d_enc-mode0	60	20	0	27063864.0	27063.864	42.73800000000001	46.751333333333335	48.30666666666668	42.726015	46.744431	48.301712	99.91153316445282	8658198.0	144.3033	15094.64	1920	1080	60.0	8	07548d004208f66cc0957bb7f84ff41e	869319b8b1fe5fa3cf855dcdb05a7151	1920	1080	12686.0	6.0	25716.0	27666.0	False	False	0.9986226250727971	0.9965073638047761
Netflix_TunnelFlag_1920x1080_60f	Netflix_TunnelFlag_1920x1080_60f	svtav1	svtav1_20200714_14cbb4d_enc-mode0	60	32	0	13249696.0	13249.696	40.347500000000004	45.16683333333334	47.08783333333333	40.326755	45.15973999999999	47.07988	99.87264260923784	5993759.0	99.89598333333333	10549.11	1920	1080	60.0	8	70b831cdd04ce7963e3aa80b64bec968	2dadf5102de8f286f37a33b745d7cdd1	1920	1080	13287.0	3.0	17699.0	23229.0	False	False	0.99748794734478	0.9940894040872233
Netflix_TunnelFlag_1920x1080_60f	Netflix_TunnelFlag_1920x1080_60f	svtav1	svtav1_20200714_14cbb4d_enc-mode0	60	43	0	6626672.0	6626.672	37.88816666666667	43.27733333333334	45.629666666666665	37.847167	43.272252	45.622238	99.8481975285653	5161352.0	86.02253333333333	8551.48	1920	1080	60.0	8	9d7b59345607bba8995f57ee90d3568e	ecdec97cb703c7d84217015de890bdae	1920	1080	13006.0	5.0	16176.0	23617.0	False	False	0.9951355000336964	0.9898739462759486
Netflix_TunnelFlag_1920x1080_60f	Netflix_TunnelFlag_1920x1080_60f	svtav1	svtav1_20200714_14cbb4d_enc-mode0	60	55	0	3271544.0	3271.544	35.18616666666667	41.04883333333332	43.87983333333333	35.14068	41.043425	43.869032	99.80340847419697	3986396.0	66.43993333333333	6466.24	1920	1080	60.0	8	4a32b2171f2dbc72f50cb42981b43675	275435023383e519d3ee3629d6e5c515	1920	1080	12824.0	4.0	14260.0	23307.0	False	False	0.9908713340759278	0.9837272102445039
Netflix_TunnelFlag_1920x1080_60f	Netflix_TunnelFlag_1920x1080_60f	svtav1	svtav1_20200714_14cbb4d_enc-mode0	60	59	0	2357776.0	2357.776	33.7425	39.67966666666666	42.42100000000001	33.712965	39.677533	42.416226	99.62282489322972	3139782.0	52.3297	5298.08	1920	1080	60.0	8	7861e660eeb570b5be60cf2c30dab156	92124b0a79bc3487cf44bca16d558f65	1920	1080	14173.0	3.0	13634.0	23267.0	False	False	0.9876301010449727	0.9797287803258297
ducks_take_off_1080p50_60f	ducks_take_off_1080p50_60f	svtav1	svtav1_20200714_14cbb4d_enc-mode0	60	20	0	105952173.0	105952.173	38.632	38.83383333333333	41.10700000000001	38.539589	38.815588	41.104412	98.40558689399784	16743724.0	279.0620666666667	31030.6	1920	1080	50.0	8	5915b2498cd33a95c249938c447db9eb	7c9d4d4770b2b3c42398eaedd91c3bbe	1920	1080	17131.0	12.0	35485.0	24266.0	False	False	0.9987217883268992	0.9955679076777364
ducks_take_off_1080p50_60f	ducks_take_off_1080p50_60f	svtav1	svtav1_20200714_14cbb4d_enc-mode0	60	32	0	27904933.0	27904.933	34.943333333333335	36.68483333333332	39.69316666666667	34.933327	36.679532	39.689891	93.14022164862965	11199557.0	186.65928333333332	19879.74	1920	1080	50.0	8	f3b4a0e4705bf3e7fdac0fa3963ebdad	02fd764b3915bdce2d3b57d874d22a6b	1920	1080	16173.0	4.0	26172.0	22913.0	False	False	0.9964339594046275	0.9896115242078685
ducks_take_off_1080p50_60f	ducks_take_off_1080p50_60f	svtav1	svtav1_20200714_14cbb4d_enc-mode0	60	43	0	9801393.0	9801.393	32.94116666666666	34.86633333333334	38.34016666666666	32.934168	34.844124	38.335415	84.1556198218268	5869459.0	97.82431666666666	10607.52	1920	1080	50.0	8	3202de9faccaa7529e4b98d1d016d664	b784ab1c58b4b13fb6c72b49ae541563	1920	1080	16235.0	3.0	20080.0	23499.0	False	False	0.990786983569463	0.981016929841799
ducks_take_off_1080p50_60f	ducks_take_off_1080p50_60f	svtav1	svtav1_20200714_14cbb4d_enc-mode0	60	55	0	3545973.0	3545.973	30.441333333333326	32.970166666666664	37.12133333333334	30.424087	32.943244	37.118529	67.19220582904889	4237841.0	70.63068333333334	6803.73	1920	1080	50.0	8	b35baac8c1b4a1fccaae9d3dd5d34666	1544be9374b6176c1d7bbbc41dc9c77c	1920	1080	15909.0	5.0	16446.0	23647.0	False	False	0.9740658054749171	0.9601797592086948
ducks_take_off_1080p50_60f	ducks_take_off_1080p50_60f	svtav1	svtav1_20200714_14cbb4d_enc-mode0	60	59	0	2299786.0	2299.786	29.27583333333333	32.122666666666674	36.515833333333326	29.256219	32.101382	36.514989	57.70992959294817	3740566.0	62.34276666666667	5837.77	1920	1080	50.0	8	ba54fd3fceb7e3ea02584e0f9c2162aa	0a695e4a85c877c79f247e5a5a8a14f6	1920	1080	16088.0	4.0	14917.0	25611.0	False	False	0.9604762574036916	0.94471907682362
wikipedia_420	wikipedia_420	svtav1	svtav1_20200714_14cbb4d_enc-mode0	60	20	0	1116420.0	1116.4200000000003	52.307333333333354	52.8045	53.43899999999999	52.304392	52.578333	53.33079	99.83568862879413	4897004.0	81.61673333333333	8621.17	1920	1080	30.0	8	35fd41e8b101b2beacbc216a3a01ef74	e2805f10a534265f7d8ad2c356d6d576	1920	1080	8744.0	3.0	2027.0	22743.0	False	False	0.9991650094588598	0.9986532492023954
wikipedia_420	wikipedia_420	svtav1	svtav1_20200714_14cbb4d_enc-mode0	60	32	0	680616.0	680.616	49.51750000000002	50.11983333333333	51.247	49.514171	49.828206	51.147252	99.80391632764614	5262844.0	87.71406666666667	8818.27	1920	1080	30.0	8	816b9ca30812c1af505148c3ac0b7072	482bd280a8adcd2b130cffe35eba383a	1920	1080	8750.0	2.0	2504.0	22668.0	False	False	0.9987461169560751	0.9980159801816245
wikipedia_420	wikipedia_420	svtav1	svtav1_20200714_14cbb4d_enc-mode0	60	43	0	499552.0	499.552	46.82950000000001	47.6315	48.96616666666664	46.821457	47.520055	48.930402	99.74716357687181	4590616.0	76.51026666666667	7724.36	1920	1080	30.0	8	e85f9e54bc70b721827191928c0af3a5	0205e9462a4a669de0599114dc788a70	1920	1080	8512.0	8.0	2553.0	23308.0	False	False	0.9984998613595962	0.9977173332554103
wikipedia_420	wikipedia_420	svtav1	svtav1_20200714_14cbb4d_enc-mode0	60	55	0	361940.0	361.94	42.53833333333335	44.905833333333355	46.335833333333326	42.524368	44.865988	46.297166	99.49041792283525	4493376.0	74.8896	7145.86	1920	1080	30.0	8	406606304ae3ecfb8697744c89d46bc0	b264502dcdbdf0b2d9f2b753f156e53f	1920	1080	8712.0	6.0	2305.0	22634.0	False	False	0.9977799952030182	0.9968789081164311
wikipedia_420	wikipedia_420	svtav1	svtav1_20200714_14cbb4d_enc-mode0	60	59	0	316544.0	316.544	40.74900000000001	43.6875	44.87883333333333	40.735175	43.657029	44.839149	99.27222442017298	4118836.0	68.64726666666667	6565.5	1920	1080	30.0	8	e7048a5feb23a74296913e493e2e73cc	29d69d50b524bf5610ac728faa2500c0	1920	1080	8646.0	5.0	2642.0	23442.0	False	False	0.9970536549886068	0.9961360815034302
ToddlerFountn_1920x1080_2997_10b	ToddlerFountn_1920x1080_2997_10b	svtav1	svtav1_20200714_14cbb4d_enc-mode0	60	20	0	56193532.0	56193.532	41.13533333333333	46.26066666666666	43.68616666666666	41.128701	46.259635	43.683969	99.85312383111028	17476871.0	291.28118333333333	33654.41	1920	1080	29.97	10	73585d2265647c31d430c6a294d302e9	20e6005c8ef14755241157c784a90b2a	1920	1080	22535.0	7.0	32975.0	23569.0	False	False	0.9975910305976867	0.9948574608979412
ToddlerFountn_1920x1080_2997_10b	ToddlerFountn_1920x1080_2997_10b	svtav1	svtav1_20200714_14cbb4d_enc-mode0	60	32	0	27619979.0	27619.979	36.94316666666666	44.73683333333334	41.732333333333344	36.93405	44.735307	41.730951	99.72958475265087	17753362.0	295.88936666666666	32812.9	1920	1080	29.97	10	7523494077a4dfb907380398f3f5254e	76b499ad69a1ef97a0cceec148decb72	1920	1080	22870.0	4.0	28116.0	23575.0	False	False	0.9927472909291585	0.9859083302429332
ToddlerFountn_1920x1080_2997_10b	ToddlerFountn_1920x1080_2997_10b	svtav1	svtav1_20200714_14cbb4d_enc-mode0	60	43	0	12223495.0	12223.495	33.388666666666666	43.15583333333335	40.258833333333335	33.364221	43.152937	40.256168	89.8635178703846	12861907.0	214.36511666666667	24410.88	1920	1080	29.97	10	4f3985b8a1dec685db91aa88f536c685	d9af4783760e6e3b20a1c1fa5645295e	1920	1080	22372.0	2.0	24544.0	23695.0	False	False	0.9790855844815572	0.9650592617978586
ToddlerFountn_1920x1080_2997_10b	ToddlerFountn_1920x1080_2997_10b	svtav1	svtav1_20200714_14cbb4d_enc-mode0	60	55	0	4532065.0	4532.065	30.11716666666666	41.522333333333336	39.01999999999999	30.088442	41.520738	39.018797	67.86762314490504	8511429.0	141.85715	15085.55	1920	1080	29.97	10	bafe90b123e78d11fe1e0dcc55c345c7	10590358b7fd0c460b1a6efaf0420393	1920	1080	21533.0	3.0	19417.0	23334.0	False	False	0.939436087012291	0.917923243078214
ToddlerFountn_1920x1080_2997_10b	ToddlerFountn_1920x1080_2997_10b	svtav1	svtav1_20200714_14cbb4d_enc-mode0	60	59	0	2846581.0	2846.581	28.890166666666662	40.86500000000001	38.599666666666664	28.865305	40.863599	38.597834	56.44687072431625	7143397.0	119.05661666666667	12229.05	1920	1080	29.97	10	945e1f98a4c94a3f6aeb36f7d6a3d097	d92fd07f0e882e061aae2773a2b8e69d	1920	1080	21603.0	7.0	17670.0	23084.0	False	False	0.9114029397567113	0.8895390917186247
MINECRAFT_60f_420	MINECRAFT_60f_420	svtav1	svtav1_20200714_14cbb4d_enc-mode0	60	20	0	82540904.0	82540.904	44.993833333333335	46.24750000000003	46.692000000000014	44.705728	46.073084	46.537404	99.9574232607527	17104334.0	285.0722333333333	29861.49	1920	1080	60.0	8	183a27e3faab276c0711b091e0ecd820	8f625f7316ff7ee3ac5f672dcba49e4b	1920	1080	14032.0	12.0	28907.0	22874.0	False	False	0.9986375669638315	0.9978236830751818
MINECRAFT_60f_420	MINECRAFT_60f_420	svtav1	svtav1_20200714_14cbb4d_enc-mode0	60	32	0	48364624.0	48364.624	39.76716666666667	44.224333333333334	44.458	39.404232	44.089232	44.33845	99.93981631418846	15207068.0	253.45113333333333	26806.12	1920	1080	60.0	8	0e3abe3a6372f265a4bf6b6a66e2d93b	73824d001f4f927ffabe11978b23688c	1920	1080	13799.0	4.0	25601.0	23163.0	False	False	0.9957787682612737	0.993088151179266
MINECRAFT_60f_420	MINECRAFT_60f_420	svtav1	svtav1_20200714_14cbb4d_enc-mode0	60	43	0	20651616.0	20651.616	34.717333333333336	42.1655	42.209666666666664	34.398695	42.05769	42.101442	95.55585712722076	14172755.0	236.21258333333333	22540.72	1920	1080	60.0	8	841d8dd46e32f59616aeb9965e4ce429	d3c902c77319b6748bf80574e990e963	1920	1080	14031.0	2.0	18575.0	26544.0	False	False	0.9861369560162226	0.978075586163339
MINECRAFT_60f_420	MINECRAFT_60f_420	svtav1	svtav1_20200714_14cbb4d_enc-mode0	60	55	0	6782624.0	6782.624	30.963833333333344	39.921833333333325	39.76716666666667	30.765046	39.8314	39.65359	79.61637279041061	11362118.0	189.36863333333332	17991.77	1920	1080	60.0	8	68ae9217129e892aa190b1c966278c32	a1d7c2e9ef4552db371b12e5a6557dab	1920	1080	14458.0	4.0	12370.0	23572.0	False	False	0.9578504045804341	0.9405877981039145
MINECRAFT_60f_420	MINECRAFT_60f_420	svtav1	svtav1_20200714_14cbb4d_enc-mode0	60	59	0	4629376.0	4629.376	29.97500000000001	39.20233333333333	38.875	29.809719000000005	39.123739	38.768114	72.20835781880766	9332787.0	155.54645	16319.89	1920	1080	60.0	8	61d7daf1a1f309668880a92ff6d954fd	f4509ce4a35ca2be086a5e63ea03cabe	1920	1080	13924.0	3.0	10147.0	22601.0	False	False	0.9380468279123306	0.9185467468701953
