Netflix_DrivingPOV_1280x720_60fp	Netflix_DrivingPOV_1280x720_60fp	svtav1	svtav1_20190926_ea1f5ce	60	20	13337760.0	13337.76	43.17850000000002	46.78333333333334	45.42216666666666	43.117898	46.765981	45.401955	99.682405	1810434.0	30.1739	1280	720	60.0	8	b910c1f73d3801b4bcb81866a65b9fd7	b0baba2fa0e392850bb388e297a89363	1280	720	4791.0	5.0	5577.0	2514.0	False
Netflix_DrivingPOV_1280x720_60fp	Netflix_DrivingPOV_1280x720_60fp	svtav1	svtav1_20190926_ea1f5ce	60	32	6328176.0	6328.176	40.86666666666666	45.61883333333332	44.496166666666674	40.808458	45.611303	44.490339999999996	98.78773299999999	1822753.0	30.379216666666668	1280	720	60.0	8	e5636a0d0cde378de48663eeb8808eb6	e2a84e2bb1387992d8a90a4fb6e31ed7	1280	720	5822.0	20.0	9596.0	4330.0	False
Netflix_DrivingPOV_1280x720_60fp	Netflix_DrivingPOV_1280x720_60fp	svtav1	svtav1_20190926_ea1f5ce	60	43	3116840.0	3116.8400000000006	38.34083333333333	43.875833333333354	43.28716666666665	38.288448	43.869350000000004	43.284263	96.643831	4151803.0	69.19671666666666	1280	720	60.0	8	dbef5f65c959bddf185df380a0544ba1	7a03e1acddbc4d96fbd79e530acbbd2c	1280	720	5542.0	8.0	9559.0	3735.0	False
Netflix_DrivingPOV_1280x720_60fp	Netflix_DrivingPOV_1280x720_60fp	svtav1	svtav1_20190926_ea1f5ce	60	55	1566280.0	1566.28	35.74083333333335	41.949166666666656	42.05616666666668	35.686931	41.944352	42.052653	92.230276	3190704.0	53.1784	1280	720	60.0	8	466511ca1c5c5779af2d503b7c40c37d	3be6514d9f73e697a34979e422958b05	1280	720	7435.0	27.0	6072.0	3631.0	False
Netflix_DrivingPOV_1280x720_60fp	Netflix_DrivingPOV_1280x720_60fp	svtav1	svtav1_20190926_ea1f5ce	60	63	681120.0	681.12	32.441833333333335	39.37766666666667	40.24400000000001	32.411793	39.373087000000005	40.240369	81.489979	673576.0	11.226266666666668	1280	720	60.0	8	d3c4d36043a89043228d994810feee2a	f5ab12b20e575e158cc98b10f8de0414	1280	720	4679.0	2.0	3415.0	2390.0	False
niklas360p_60f	niklas360p_60f	svtav1	svtav1_20190926_ea1f5ce	60	20	1581796.0	1581.796	44.58033333333336	48.12450000000002	47.822833333333314	44.480631	48.063858	47.762964	98.365722	1403153.0	23.385883333333332	640	360	30.0	8	9f1bcc58e2a74e80e6502f49811f4dfd	4ed7eca5b2326326486fe61933f5e2a3	640	360	3844.0	26.0	2651.0	1052.0	False
niklas360p_60f	niklas360p_60f	svtav1	svtav1_20190926_ea1f5ce	60	32	857036.0	857.036	42.189666666666675	46.681000000000004	46.14400000000001	42.098898	46.642016	46.103396	96.802451	307272.0	5.1212	640	360	30.0	8	7cd04b1087c381d009838d47b3380a8b	f08b3e7270bd187bb01ae33d6c35d84e	640	360	1393.0	4.0	1185.0	545.0	False
niklas360p_60f	niklas360p_60f	svtav1	svtav1_20190926_ea1f5ce	60	43	462380.0	462.38	39.36333333333334	44.99066666666666	44.20616666666667	39.280404	44.96792	44.180242	93.716349	250589.0	4.1764833333333335	640	360	30.0	8	a5c22871ae19da2d6d1281fbd6b3550e	1dadf1dcedde80f2b39a822a87a174c3	640	360	1282.0	3.0	1015.0	576.0	False
niklas360p_60f	niklas360p_60f	svtav1	svtav1_20190926_ea1f5ce	60	55	247480.0	247.48	36.25783333333333	43.06716666666666	42.009499999999996	36.181833	43.048943	41.98448700000001	87.35311699999998	645483.0	10.75805	640	360	30.0	8	7ae91f7675afb3cf09ed9d67d367505e	b312522dfe2cf8f253b3bb71eac4f9e4	640	360	2535.0	11.0	1778.0	1509.0	False
niklas360p_60f	niklas360p_60f	svtav1	svtav1_20190926_ea1f5ce	60	63	119016.0	119.016	32.60816666666667	40.67550000000001	39.41199999999999	32.548849	40.65542	39.382175	75.006629	115365.0	1.92275	640	360	30.0	8	5df3d05d15cda6390accc356da24d23c	a7c0c41ca4fb7d0f6b8676e39439d6b5	640	360	1343.0	2.0	720.0	609.0	False
Market3_1920x1080p_50_10b_pq_709	Market3_1920x1080p_50_10b_pq_709	svtav1	svtav1_20190926_ea1f5ce	60	20	19827760.0	19827.76	45.852666666666686	52.5245	53.43366666666666	45.704548	52.498801	53.411747	99.849722	1194424.0	19.907066666666665	1920	1080	50.0	10	e9765bdc80e186649bb40ebecfd38a51	dbf4c0f254ba8dc7478ae258eae14ba5	1920	1080	14041.0	5.0	12085.0	6989.0	False
Market3_1920x1080p_50_10b_pq_709	Market3_1920x1080p_50_10b_pq_709	svtav1	svtav1_20190926_ea1f5ce	60	32	9727866.0	9727.866	43.41366666666666	50.45833333333333	51.52766666666665	43.317892	50.449899	51.518722	99.106615	1961318.0	32.688633333333335	1920	1080	50.0	10	6a9e7d1565d7d14af21f60dff79e4fef	0f025ee373a471df93ef869140aeeddf	1920	1080	15815.0	6.0	19604.0	7461.0	False
Market3_1920x1080p_50_10b_pq_709	Market3_1920x1080p_50_10b_pq_709	svtav1	svtav1_20190926_ea1f5ce	60	43	4634080.0	4634.08	40.38133333333334	48.01950000000002	49.32266666666666	40.319886	48.016249	49.320211	96.176136	1756086.0	29.2681	1920	1080	50.0	10	078a7fb8d1a7fd16a6af8b0842dc758e	7ef1fc3faf376514d4a0f44e063eb2cf	1920	1080	13926.0	8.0	12171.0	7831.0	False
Market3_1920x1080p_50_10b_pq_709	Market3_1920x1080p_50_10b_pq_709	svtav1	svtav1_20190926_ea1f5ce	60	55	2301753.0	2301.753	37.273833333333336	45.984	47.444999999999986	37.228424	45.983432	47.442598	90.424554	1426974.0	23.7829	1920	1080	50.0	10	07090c9072e88f8ed0e66c2b2d819d19	74251db297d2311f5e63aa273034ed24	1920	1080	16958.0	6.0	13800.0	6150.0	False
Market3_1920x1080p_50_10b_pq_709	Market3_1920x1080p_50_10b_pq_709	svtav1	svtav1_20190926_ea1f5ce	60	63	922673.0	922.673	33.586499999999994	43.50666666666665	45.08583333333332	33.570786	43.504596	45.075859	77.062114	603644.0	10.060733333333333	1920	1080	50.0	10	08c1dd83b77ed92a2e161537c5baacc3	61db40c61eba52c69921d87c6d850cf2	1920	1080	14196.0	4.0	8040.0	6413.0	False
vidyo4_720p_60fps_60f	vidyo4_720p_60fps_60f	svtav1	svtav1_20190926_ea1f5ce	60	20	6795632.0	6795.632	44.537833333333325	50.14666666666666	50.453	44.46856	50.137238	50.445012	97.814679	1353293.0	22.554883333333333	1280	720	60.0	8	2644fc022dced58bf0aac9aba2193756	6d8c38dce9ebb69f13ed3840d87f9aca	1280	720	3527.0	5.0	3776.0	2383.0	False
vidyo4_720p_60fps_60f	vidyo4_720p_60fps_60f	svtav1	svtav1_20190926_ea1f5ce	60	32	2270312.0	2270.312	42.98533333333333	49.5713333333333	49.8715	42.918748	49.562214	49.865075	96.579392	738511.0	12.308516666666666	1280	720	60.0	8	a4ab1171db7570d33a40c41c083ac87b	689af50a5c9d971030d46b24019d4155	1280	720	3735.0	4.0	2647.0	2516.0	False
vidyo4_720p_60fps_60f	vidyo4_720p_60fps_60f	svtav1	svtav1_20190926_ea1f5ce	60	43	1040808.0	1040.808	41.64116666666667	48.743166666666674	49.05916666666667	41.577001	48.73268	49.05031	94.637196	2727597.0	45.45995	1280	720	60.0	8	8a1bafe0185f534fd592c590f1af4cab	e27d1cb016adc0920fc2c64a7f138a4c	1280	720	5047.0	13.0	3047.0	2986.0	False
vidyo4_720p_60fps_60f	vidyo4_720p_60fps_60f	svtav1	svtav1_20190926_ea1f5ce	60	55	524544.0	524.544	39.73583333333333	47.469500000000004	47.72433333333336	39.659548	47.455532	47.710141	90.539214	1466260.0	24.437666666666665	1280	720	60.0	8	f8e02e8cf83775de23edb18afdbf47ae	be79cec031a13be3ea41f2fa60cdb482	1280	720	5340.0	24.0	4144.0	3624.0	False
vidyo4_720p_60fps_60f	vidyo4_720p_60fps_60f	svtav1	svtav1_20190926_ea1f5ce	60	63	241496.0	241.496	36.72733333333333	44.91783333333331	44.717166666666664	36.670195	44.909746	44.710765	80.374023	337770.0	5.6295	1280	720	60.0	8	6fe09d999ebc9a405f6d44ee36d51f4a	cc4347c7fd0038be177d449a96265544	1280	720	4719.0	4.0	1788.0	3014.0	False
KristenAndSara_1280x720_60f	KristenAndSara_1280x720_60f	svtav1	svtav1_20190926_ea1f5ce	60	20	4382416.0	4382.416	44.86483333333333	49.211	50.128333333333345	44.837704	49.205744	50.124959	97.034476	1202599.0	20.043316666666666	1280	720	60.0	8	4a23efc3ccbc608916257a7615b228e1	44134869e2f9a3d831566941f2734cdc	1280	720	3706.0	10.0	4436.0	2364.0	False
KristenAndSara_1280x720_60f	KristenAndSara_1280x720_60f	svtav1	svtav1_20190926_ea1f5ce	60	32	1662840.0	1662.84	43.73233333333335	48.60516666666667	49.53533333333335	43.711197	48.601402	49.532419	96.268639	2697913.0	44.96521666666667	1280	720	60.0	8	a1f9f222b2ec4f0bf9fe2201f80d7e17	34839826c055b8f775f15603bc26408d	1280	720	3575.0	14.0	5351.0	3675.0	False
KristenAndSara_1280x720_60f	KristenAndSara_1280x720_60f	svtav1	svtav1_20190926_ea1f5ce	60	43	825920.0	825.92	42.49333333333332	47.63366666666666	48.516000000000034	42.470321	47.629415	48.512834	94.876693	721928.0	12.032133333333332	1280	720	60.0	8	b2cd53d194aa629175dc268e24b2d33c	6f6902f9f0b17fad9870cf849443ac32	1280	720	4912.0	14.0	3158.0	3111.0	False
KristenAndSara_1280x720_60f	KristenAndSara_1280x720_60f	svtav1	svtav1_20190926_ea1f5ce	60	55	431128.0	431.128	40.608333333333334	46.01549999999999	47.017166666666675	40.580951	46.011665	47.014399	91.815685	1104436.0	18.40726666666667	1280	720	60.0	8	2d0cb87285df4ddf2fa9d5c3bf3ffc66	a82db2a3716d225530e06a1ff8addcb5	1280	720	3844.0	5.0	1850.0	2478.0	False
KristenAndSara_1280x720_60f	KristenAndSara_1280x720_60f	svtav1	svtav1_20190926_ea1f5ce	60	63	199912.0	199.912	37.39533333333332	43.214333333333336	44.08499999999999	37.382288	43.212791	44.084981	83.635078	891253.0	14.854216666666666	1280	720	60.0	8	8e7ad6162ef556e6f7b56dc5b1943317	bc42b2ffdb8aba65e15b9c15d767fc20	1280	720	4859.0	4.0	1331.0	2349.0	False
DOTA2_60f_420	DOTA2_60f_420	svtav1	svtav1_20190926_ea1f5ce	60	20	18654920.0	18654.92	45.96500000000001	49.85316666666667	49.919166666666655	45.914691999999995	49.80009400000001	49.887489	97.726074	2136730.0	35.61216666666667	1920	1080	60.0	8	6c18062bb81a214e907096ea0d373ba1	869d9307ec68a9c0d55950b9cfeed854	1920	1080	8253.0	3.0	6604.0	5917.0	False
DOTA2_60f_420	DOTA2_60f_420	svtav1	svtav1_20190926_ea1f5ce	60	32	9614896.0	9614.896	43.79883333333334	47.92366666666667	48.126166666666656	43.71183	47.833877	48.080875	96.201867	1661992.0	27.699866666666665	1920	1080	60.0	8	38f3b54798b4566d5c6a5b3327a149e3	bc176cead8b35a9c8d34f2826261c4d9	1920	1080	9397.0	7.0	9457.0	6805.0	False
DOTA2_60f_420	DOTA2_60f_420	svtav1	svtav1_20190926_ea1f5ce	60	43	4746912.0	4746.912	41.21116666666668	45.54466666666667	45.89066666666667	41.10228300000001	45.430379	45.840956	93.168839	1937497.0	32.29161666666667	1920	1080	60.0	8	b8137613ce5bbb1718bd95c65a3678f8	52548349995ca92e038d41961348fc1b	1920	1080	8429.0	15.0	8817.0	10012.0	False
DOTA2_60f_420	DOTA2_60f_420	svtav1	svtav1_20190926_ea1f5ce	60	55	2178136.0	2178.136	38.24750000000001	42.82916666666666	43.24249999999999	38.120712	42.710387	43.20087	86.976572	1196618.0	19.943633333333334	1920	1080	60.0	8	8e5137b882507a29b16b32e11f24a436	5710568960e9c7015e4fe473746b1363	1920	1080	11104.0	4.0	10422.0	8954.0	False
DOTA2_60f_420	DOTA2_60f_420	svtav1	svtav1_20190926_ea1f5ce	60	63	836272.0	836.272	34.48233333333333	39.33950000000001	39.668666666666674	34.427502	39.288941	39.658735	72.086414	1139589.0	18.99315	1920	1080	60.0	8	515133edb9445dbd4ca99fc73aeee2d6	7c9cfc5ec511bb44587039168bb54400	1920	1080	10725.0	9.0	5326.0	7047.0	False
Netflix_Aerial_1920x1080_60fps_8	Netflix_Aerial_1920x1080_60fps_8	svtav1	svtav1_20190926_ea1f5ce	60	20	28331496.0	28331.496	43.21816666666668	46.121	45.77283333333333	43.155959	46.094678	45.751271	96.92429	6156436.0	102.60726666666666	1920	1080	60.0	8	97bde8453863c0cba1a08ef8c5ac560e	28bb569a3fa1a4104cb546af1198cc37	1920	1080	9805.0	5.0	13432.0	6381.0	False
Netflix_Aerial_1920x1080_60fps_8	Netflix_Aerial_1920x1080_60fps_8	svtav1	svtav1_20190926_ea1f5ce	60	32	12990960.0	12990.96	41.27466666666668	44.85733333333334	44.717666666666666	41.210737	44.848161	44.71235	94.807838	2693088.0	44.8848	1920	1080	60.0	8	be65dec2b3ac83d6264f4b48c73dceba	1b2d4b3e24ff7d7d31354d59ec0ee4a1	1920	1080	9536.0	5.0	11406.0	6121.0	False
Netflix_Aerial_1920x1080_60fps_8	Netflix_Aerial_1920x1080_60fps_8	svtav1	svtav1_20190926_ea1f5ce	60	43	6243088.0	6243.088	38.87	43.2785	43.58666666666668	38.791057	43.271226	43.583426	91.535566	3156461.0	52.607683333333334	1920	1080	60.0	8	b478d4c2dc8063880f835b5f7983cfc2	a155031ad1fbfa65e58b52e036e38d1c	1920	1080	13047.0	18.0	9788.0	6619.0	False
Netflix_Aerial_1920x1080_60fps_8	Netflix_Aerial_1920x1080_60fps_8	svtav1	svtav1_20190926_ea1f5ce	60	55	2932168.0	2932.168	36.05783333333333	41.52499999999998	42.413666666666686	35.997719	41.519862	42.40797	85.612862	4261876.0	71.03126666666667	1920	1080	60.0	8	0fd15bf5fb219e3c3682dc7b7ce23180	a4881c5678303246eb0038a580422faf	1920	1080	10577.0	4.0	8188.0	5941.0	False
Netflix_Aerial_1920x1080_60fps_8	Netflix_Aerial_1920x1080_60fps_8	svtav1	svtav1_20190926_ea1f5ce	60	63	998808.0	998.8079999999999	32.25066666666665	39.30283333333333	40.997833333333325	32.23681	39.290272	40.985652	70.630749	806274.0	13.4379	1920	1080	60.0	8	69d72601c047ab7f556a44a58d836f39	55911adcdb8731beb175ae9972c288f6	1920	1080	9191.0	4.0	6722.0	6358.0	False
ducks_take_off_1080p50_60f	ducks_take_off_1080p50_60f	svtav1	svtav1_20190926_ea1f5ce	60	20	120442126.0	120442.126	39.1025	39.52116666666667	41.580499999999994	39.017276	39.448155	41.532007	98.794379	5993685.0	99.89475	1920	1080	50.0	8	9083c525e8be1fd76db257f115611a6f	d81a5ea240981851986b33b9796c3645	1920	1080	13578.0	10.0	26533.0	6112.0	False
ducks_take_off_1080p50_60f	ducks_take_off_1080p50_60f	svtav1	svtav1_20190926_ea1f5ce	60	32	35807946.0	35807.946	35.3555	37.09283333333334	40.01016666666667	35.294482	37.054463000000005	39.993395	93.94553	3938083.0	65.63471666666666	1920	1080	50.0	8	132e6b3d8368f6656960ad1858070801	3510ab775c9cba5c4f03ca107106492d	1920	1080	11670.0	4.0	22281.0	6289.0	False
ducks_take_off_1080p50_60f	ducks_take_off_1080p50_60f	svtav1	svtav1_20190926_ea1f5ce	60	43	11651946.0	11651.946	33.19516666666667	35.31316666666668	38.64050000000001	33.165865	35.27549	38.629662	85.109874	3875432.0	64.59053333333334	1920	1080	50.0	8	a1bbb290a8d6f6679c10ce6363096a9f	72d19eb02ded02452e8f9c4ef9db0776	1920	1080	13180.0	14.0	33677.0	8859.0	False
ducks_take_off_1080p50_60f	ducks_take_off_1080p50_60f	svtav1	svtav1_20190926_ea1f5ce	60	55	4546746.0	4546.746	30.91133333333334	33.61466666666667	37.45766666666667	30.863007	33.569275	37.450537000000004	69.85279800000002	1795362.0	29.9227	1920	1080	50.0	8	61cf7b47c7325d0db06dcfa8d0e0b005	ff10108594467d4edcaba22da593bbc2	1920	1080	11096.0	4.0	13024.0	6421.0	False
ducks_take_off_1080p50_60f	ducks_take_off_1080p50_60f	svtav1	svtav1_20190926_ea1f5ce	60	63	1711286.0	1711.286	28.231833333333345	31.825333333333326	36.32533333333333	28.145226	31.779728	36.32084	47.901217	2129320.0	35.48866666666667	1920	1080	50.0	8	fb39813608517315f78d1e2341eb2f91	36adb47ef7c2d816828c01f944d9b5cd	1920	1080	11205.0	4.0	9702.0	6400.0	False
touchdown_pass_1080p_60f	touchdown_pass_1080p_60f	svtav1	svtav1_20190926_ea1f5ce	60	20	25051255.0	25051.255	41.164666666666655	48.36050000000001	48.50333333333333	41.02306	48.336936	48.480235	96.51647	4130561.0	68.84268333333333	1920	1080	29.97	8	06583cfa9d709ce20437b7bd6a9a643b	cc031db1b5f685e5c5cb4975b9018c74	1920	1080	10897.0	4.0	20805.0	8614.0	False
touchdown_pass_1080p_60f	touchdown_pass_1080p_60f	svtav1	svtav1_20190926_ea1f5ce	60	32	6350329.0	6350.329	38.93100000000001	47.56433333333334	47.68450000000002	38.881545	47.555913	47.675121	94.21658899999998	2359253.0	39.320883333333335	1920	1080	29.97	8	32e5b70b453b3896578e6ef3db3d0f1f	fc286320355fa89e956278ac3e1286cd	1920	1080	9193.0	4.0	12580.0	6289.0	False
touchdown_pass_1080p_60f	touchdown_pass_1080p_60f	svtav1	svtav1_20190926_ea1f5ce	60	43	2371282.0	2371.282	37.5675	46.67216666666666	46.72466666666665	37.538743	46.666935	46.717866	91.281134	5087819.0	84.79698333333333	1920	1080	29.97	8	a8d15315897bf16bef57c85ec8a5e450	418beb07cff28f72020087dcd797b9ed	1920	1080	9978.0	3.0	9684.0	6214.0	False
touchdown_pass_1080p_60f	touchdown_pass_1080p_60f	svtav1	svtav1_20190926_ea1f5ce	60	55	1171211.0	1171.211	35.91933333333332	45.57816666666667	45.54750000000003	35.881205	45.572455	45.538773	85.440734	2204697.0	36.74495	1920	1080	29.97	8	46e1adc937326ec4bccbb49ba2a97feb	71434a6934c46aca32cbad9f690092e8	1920	1080	9000.0	4.0	7853.0	6309.0	False
touchdown_pass_1080p_60f	touchdown_pass_1080p_60f	svtav1	svtav1_20190926_ea1f5ce	60	63	458880.0	458.88	32.98316666666666	43.8195	43.84049999999999	32.938977	43.813798	43.829965	68.365253	1994810.0	33.246833333333335	1920	1080	29.97	8	0851257e10ea1957fb7c0bcc2a2ed204	ba78d19567b8a469bb096eaaebf64f1b	1920	1080	10210.0	5.0	6438.0	7487.0	False
vidyo1_720p_60fps_60f	vidyo1_720p_60fps_60f	svtav1	svtav1_20190926_ea1f5ce	60	20	4826152.0	4826.152	45.78483333333334	48.279	49.618166666666674	45.755755	48.2648	49.61142400000001	96.646673	908117.0	15.135283333333334	1280	720	60.0	8	bb6fca3db8ec3651ecf5710b350dffe4	59654e9780376eb53d384677cda060f9	1280	720	3724.0	5.0	2841.0	2508.0	False
vidyo1_720p_60fps_60f	vidyo1_720p_60fps_60f	svtav1	svtav1_20190926_ea1f5ce	60	32	1841560.0	1841.56	44.24166666666667	47.769833333333324	49.02516666666668	44.222609	47.762775	49.020314	95.413947	781429.0	13.023816666666667	1280	720	60.0	8	e724ce49d51e19d5e808a0cffdc4bb60	e7bf646de05de38edcc1e69a0f068522	1280	720	3647.0	14.0	3640.0	3850.0	False
vidyo1_720p_60fps_60f	vidyo1_720p_60fps_60f	svtav1	svtav1_20190926_ea1f5ce	60	43	835664.0	835.664	42.80766666666668	47.168833333333325	48.22183333333335	42.79730200000001	47.165518	48.219739	93.566335	2857248.0	47.6208	1280	720	60.0	8	eb1387a62a32baffadb9f63cfede6a3b	4958fc1aaea36ed70761ac5336079bcb	1280	720	6520.0	24.0	2840.0	3242.0	False
vidyo1_720p_60fps_60f	vidyo1_720p_60fps_60f	svtav1	svtav1_20190926_ea1f5ce	60	55	435464.0	435.464	40.89416666666668	46.05833333333335	46.78133333333333	40.878064	46.056013	46.779106	89.81683	409730.0	6.828833333333334	1280	720	60.0	8	be865781a856819a67de13edb569ed04	7d185d75d3d8c3d03671df11d5763ce9	1280	720	3793.0	9.0	1639.0	3235.0	False
vidyo1_720p_60fps_60f	vidyo1_720p_60fps_60f	svtav1	svtav1_20190926_ea1f5ce	60	63	205656.0	205.656	37.56466666666667	43.83683333333332	44.09083333333332	37.555618	43.836045	44.089648	79.628225	437386.0	7.289766666666667	1280	720	60.0	8	67814aa5d864147dbf9a30d673bd5223	1cb1ec4545101787919634a21b1773b9	1280	720	3600.0	3.0	1517.0	2441.0	False
Netflix_FoodMarket_1920x1080_60f	Netflix_FoodMarket_1920x1080_60f	svtav1	svtav1_20190926_ea1f5ce	60	20	33012392.0	33012.392	41.40016666666667	45.198499999999974	45.89516666666666	41.34075500000001	45.174181	45.880109	99.31574	9823611.0	163.72685	1920	1080	60.0	8	fafb1fa770f2f4fde891aa4c80ad1229	a4aceff8d9e9f076a1fd2390d4437f52	1920	1080	8440.0	4.0	17424.0	6141.0	False
Netflix_FoodMarket_1920x1080_60f	Netflix_FoodMarket_1920x1080_60f	svtav1	svtav1_20190926_ea1f5ce	60	32	9846864.0	9846.864	40.0295	44.433166666666665	45.297833333333344	40.00658	44.424867	45.294409	96.542162	2696956.0	44.94926666666667	1920	1080	60.0	8	dc092b1daebf527db7b1bb1c438e1fcd	b56dfc94a8ba57f2b92a2f15c30447a8	1920	1080	9548.0	5.0	11431.0	6180.0	False
Netflix_FoodMarket_1920x1080_60f	Netflix_FoodMarket_1920x1080_60f	svtav1	svtav1_20190926_ea1f5ce	60	43	4509864.0	4509.864	38.84883333333333	43.616666666666674	44.62233333333333	38.824498999999996	43.608507	44.620276	92.55637700000001	4999875.0	83.33125	1920	1080	60.0	8	806ba01732f7fcf75283454aed128b55	0d400a4f8ce249e1e4ccf9c41f73d82a	1920	1080	9554.0	4.0	9437.0	6218.0	False
Netflix_FoodMarket_1920x1080_60f	Netflix_FoodMarket_1920x1080_60f	svtav1	svtav1_20190926_ea1f5ce	60	55	2231640.0	2231.64	37.16583333333333	42.606166666666674	43.687166666666684	37.122406	42.594664	43.681432	84.452165	1738100.0	28.968333333333334	1920	1080	60.0	8	c2bfe51fe1d4d1d6e6b5989141890ddc	dadbf88580295bea4814cdad058874b8	1920	1080	8888.0	4.0	8031.0	6015.0	False
Netflix_FoodMarket_1920x1080_60f	Netflix_FoodMarket_1920x1080_60f	svtav1	svtav1_20190926_ea1f5ce	60	63	950448.0	950.448	34.6385	41.010166666666684	42.04833333333332	34.594426	40.998325	42.029496	68.136955	4089906.0	68.1651	1920	1080	60.0	8	92e9c56c44ff2e912eea31424f1a7248	2d1bd76e33dfe7eb822e98ebf0b23a8d	1920	1080	8711.0	13.0	14153.0	11355.0	False
rush_hour_1080p25_60f	rush_hour_1080p25_60f	svtav1	svtav1_20190926_ea1f5ce	60	20	8247590.0	8247.59	43.23883333333334	47.194499999999984	49.24633333333331	43.213703	47.176406	49.229783	97.273428	3286173.0	54.76955	1920	1080	25.0	8	f758e3e837e58cca0730e49df3969442	93805f8b1988b7e8af10e2cd649a0cb3	1920	1080	11812.0	14.0	24057.0	6149.0	False
rush_hour_1080p25_60f	rush_hour_1080p25_60f	svtav1	svtav1_20190926_ea1f5ce	60	32	3330883.0	3330.883	42.35383333333334	46.42250000000001	48.2748333333333	42.345286	46.416857	48.265826	93.973492	2552768.0	42.54613333333333	1920	1080	25.0	8	047c51723dcbccf9f09b518fb034aeb0	0dc5dfd45ce7568e3259ee36aa23241c	1920	1080	6893.0	4.0	13620.0	6301.0	False
rush_hour_1080p25_60f	rush_hour_1080p25_60f	svtav1	svtav1_20190926_ea1f5ce	60	43	1571306.0	1571.306	41.12016666666669	45.49216666666667	47.02499999999998	41.096193	45.486832	47.013344	87.578335	4733597.0	78.89328333333333	1920	1080	25.0	8	bf8a7e3aec798ade29b6fc4535632a37	dd683dc297b9153b57702f9df8504794	1920	1080	6909.0	17.0	10747.0	6155.0	False
rush_hour_1080p25_60f	rush_hour_1080p25_60f	svtav1	svtav1_20190926_ea1f5ce	60	55	747383.0	747.383	39.316500000000005	44.35133333333332	45.542	39.256545	44.342792	45.523025	77.149983	2602466.0	43.374433333333336	1920	1080	25.0	8	29eaa4cbb4b4455f5ce526d97faaae24	3df59988f76c6e709406be79922e4a60	1920	1080	7493.0	4.0	9234.0	6714.0	False
rush_hour_1080p25_60f	rush_hour_1080p25_60f	svtav1	svtav1_20190926_ea1f5ce	60	63	317710.0	317.71	36.73116666666666	42.52066666666668	43.31416666666668	36.613906	42.514975	43.2911	61.945058	751416.0	12.5236	1920	1080	25.0	8	ccd56a492c46b3ba7b6b1c62c2b10bb9	92f933af7ef28639207c3a78f2aa8bfe	1920	1080	8190.0	14.0	10704.0	8585.0	False
wikipedia_420	wikipedia_420	svtav1	svtav1_20190926_ea1f5ce	60	20	1742852.0	1742.852	55.80583333333335	53.246833333333356	54.16366666666665	55.78817	53.072803	54.104613	99.838441	1657652.0	27.627533333333332	1920	1080	30.0	8	922b4607d961b384fedbda044ba9ebd0	ea3cd3faa27dbacca0df4327d7f796dc	1920	1080	5886.0	4.0	1286.0	7876.0	False
wikipedia_420	wikipedia_420	svtav1	svtav1_20190926_ea1f5ce	60	32	939764.0	939.764	51.17899999999998	50.88183333333333	52.087666666666685	51.169458	50.63672	52.025993	99.82438500000002	3148014.0	52.4669	1920	1080	30.0	8	0ca43ad049bceef6c16600998d1e18d5	05ca42c0c64b5fcf02355e2e5500573b	1920	1080	6856.0	18.0	2265.0	9283.0	False
wikipedia_420	wikipedia_420	svtav1	svtav1_20190926_ea1f5ce	60	43	633212.0	633.212	48.716	48.95466666666667	50.34933333333333	48.698752	48.791663	50.302497	99.797876	1799227.0	29.987116666666665	1920	1080	30.0	8	b1f9de94d1ef9274b44acdfcf69afe54	7bd65b7596eb1da4638ea58193bc82e6	1920	1080	6165.0	5.0	1801.0	6451.0	False
wikipedia_420	wikipedia_420	svtav1	svtav1_20190926_ea1f5ce	60	55	461052.0	461.052	45.23616666666667	46.57449999999999	48.002166666666646	45.21536	46.510103	47.981123	99.687035	1370747.0	22.845783333333333	1920	1080	30.0	8	14aa09cb09cdcb5b535a454e6a07dc55	74ed87bf33750f32e2b0ac2d45ff9a84	1920	1080	10515.0	17.0	1753.0	6844.0	False
wikipedia_420	wikipedia_420	svtav1	svtav1_20190926_ea1f5ce	60	63	313604.0	313.604	38.58916666666666	43.25233333333333	44.47966666666667	38.53388499999999	43.189062	44.446295	98.892171	1411733.0	23.528883333333333	1920	1080	30.0	8	56f34499fcdfb7f503a5e9de0eaef99f	74e3c479c7af2b3bacac08865ff73e4b	1920	1080	8280.0	14.0	1818.0	5796.0	False
MINECRAFT_60f_420	MINECRAFT_60f_420	svtav1	svtav1_20190926_ea1f5ce	60	20	88245784.0	88245.784	43.546833333333325	46.33683333333333	46.82150000000001	43.358757	46.179501	46.696806	99.950986	9367336.0	156.12226666666666	1920	1080	60.0	8	958bec24fd95d3322617546cffe33aca	871c7e3683396e45108fcadfa3b37be5	1920	1080	9831.0	3.0	18518.0	6034.0	False
MINECRAFT_60f_420	MINECRAFT_60f_420	svtav1	svtav1_20190926_ea1f5ce	60	32	52706280.0	52706.28	39.26666666666667	44.48083333333333	44.80366666666667	39.011261	44.36006	44.711867	99.915449	5879200.0	97.98666666666666	1920	1080	60.0	8	d8a65f8b0dc867e71f4b2846319609f8	cb005b53a0aca9a20b8e48fa5b433d97	1920	1080	10142.0	4.0	16267.0	5988.0	False
MINECRAFT_60f_420	MINECRAFT_60f_420	svtav1	svtav1_20190926_ea1f5ce	60	43	24401216.0	24401.216	34.896166666666666	42.723833333333324	42.796000000000014	34.628834	42.642619	42.729606	96.632626	4964536.0	82.74226666666667	1920	1080	60.0	8	ac255cb1c4d0b91c4fdb3ff5a8ce773f	31b1e2093664ffd95e95a33a4f362902	1920	1080	12953.0	19.0	17684.0	7312.0	False
MINECRAFT_60f_420	MINECRAFT_60f_420	svtav1	svtav1_20190926_ea1f5ce	60	55	9884944.0	9884.944	31.67899999999999	40.85666666666667	40.82500000000002	31.494213	40.807969	40.77974	84.42757	1781260.0	29.687666666666665	1920	1080	60.0	8	79a24626ab8e66a0888081d770252ebb	860bdd64874e7ff5fad07a8f7300a954	1920	1080	9728.0	4.0	10018.0	7379.0	False
MINECRAFT_60f_420	MINECRAFT_60f_420	svtav1	svtav1_20190926_ea1f5ce	60	63	3361952.0	3361.952	28.771833333333344	38.349999999999994	38.587500000000006	28.652935	38.332388	38.567559	62.147228	3750491.0	62.508183333333335	1920	1080	60.0	8	d68adebd7e083acdf2cd0944adb710ba	58a598dcd3eec4dbcd3f0aaec0774d8a	1920	1080	11212.0	6.0	7383.0	6105.0	False
kirland360p_60f	kirland360p_60f	svtav1	svtav1_20190926_ea1f5ce	60	20	344068.0	344.068	47.55350000000001	48.56333333333332	49.84583333333333	47.47300400000001	48.53403	49.816883	96.056367	257616.0	4.2936	640	360	30.0	8	d94a5ff4924c7bb125881d2a1712caa5	4a240073c7483df5239276073de3d72d	640	360	1036.0	4.0	547.0	493.0	False
kirland360p_60f	kirland360p_60f	svtav1	svtav1_20190926_ea1f5ce	60	32	154412.0	154.412	46.215	48.06416666666666	49.02216666666666	46.08823300000001	48.042267	48.999624	94.923835	163558.0	2.725966666666667	640	360	30.0	8	8152dabdfe240e865e745b746bc28b67	52c4e6b30acb5e6bb1407a69b3dfc2e9	640	360	1218.0	8.0	433.0	474.0	False
kirland360p_60f	kirland360p_60f	svtav1	svtav1_20190926_ea1f5ce	60	43	84256.0	84.256	44.49783333333333	47.38083333333332	47.87866666666668	44.308634	47.352623	47.81571999999999	92.525993	244551.0	4.07585	640	360	30.0	8	cdd4acc18346cbe944c7583502afc653	8087f4666bd4a9292a64bcded18e9669	640	360	1107.0	6.0	392.0	499.0	False
kirland360p_60f	kirland360p_60f	svtav1	svtav1_20190926_ea1f5ce	60	55	49108.0	49.108	42.19566666666669	46.49466666666665	46.426333333333325	41.940035	46.442852	46.278238	87.988825	302908.0	5.048466666666667	640	360	30.0	8	ce69afe4c52ac60ec294ceb16b63dbd6	e1d9543f635d13009b55d40ecb4ad4d4	640	360	1056.0	3.0	321.0	476.0	False
kirland360p_60f	kirland360p_60f	svtav1	svtav1_20190926_ea1f5ce	60	63	28796.0	28.796	39.16983333333333	45.204666666666675	44.85649999999998	38.853419	45.069853	44.581916	78.342867	106942.0	1.7823666666666667	640	360	30.0	8	0f92cf329b8ab9ce4eb4da7f0ce07718	07ca598468b3339bccdb5159f67afb88	640	360	928.0	4.0	269.0	508.0	False
Starting_1920x1080p_50_10b_pq_70	Starting_1920x1080p_50_10b_pq_70	svtav1	svtav1_20190926_ea1f5ce	60	20	10201946.0	10201.946	47.07266666666666	50.05983333333334	51.88633333333333	46.914891	49.989221	51.83133	96.412836	756125.0	12.602083333333333	1920	1080	50.0	10	e2356a8427b294a851c6359b4e5eca37	9e102c3fb71983cb99f18621b7905988	1920	1080	11304.0	4.0	7869.0	5718.0	False
Starting_1920x1080p_50_10b_pq_70	Starting_1920x1080p_50_10b_pq_70	svtav1	svtav1_20190926_ea1f5ce	60	32	4056826.0	4056.826	45.65999999999999	48.84000000000002	50.250166666666665	45.597674	48.815015	50.220932	95.520255	987698.0	16.46163333333333	1920	1080	50.0	10	10cdc9a1c7fec5a739eec163a21e38d5	109a4c18cbdc81b16ea37e36e684dc9d	1920	1080	18772.0	17.0	13879.0	12534.0	False
Starting_1920x1080p_50_10b_pq_70	Starting_1920x1080p_50_10b_pq_70	svtav1	svtav1_20190926_ea1f5ce	60	43	1842540.0	1842.54	43.91683333333334	47.505333333333326	48.44533333333331	43.877086	47.496558	48.436867	93.688445	617547.0	10.29245	1920	1080	50.0	10	9e2b7905c13655eeb19620aa09480f02	2e894d2d5bf6bed3e875a30f8f5da623	1920	1080	11667.0	4.0	5831.0	7977.0	False
Starting_1920x1080p_50_10b_pq_70	Starting_1920x1080p_50_10b_pq_70	svtav1	svtav1_20190926_ea1f5ce	60	55	899380.0	899.38	41.34933333333335	45.70583333333336	46.13883333333333	41.326009	45.705341	46.138174	89.735253	1158144.0	19.3024	1920	1080	50.0	10	fc8559ddf7bea9e6fcb59d71e2050408	05e132eaf9a0c7e85052d0ea40713af1	1920	1080	11460.0	3.0	5676.0	5695.0	False
Starting_1920x1080p_50_10b_pq_70	Starting_1920x1080p_50_10b_pq_70	svtav1	svtav1_20190926_ea1f5ce	60	63	342073.0	342.073	36.43400000000001	43.03383333333333	43.24066666666668	36.432722	43.03397499999999	43.240408	74.903715	316479.0	5.27465	1920	1080	50.0	10	7c2f37018806fc6a36815b9a90d94ead	f3ede1a4c69a2abf6cafd1fb838a1d93	1920	1080	11603.0	4.0	5605.0	5921.0	False
red_kayak_360p_60f	red_kayak_360p_60f	svtav1	svtav1_20190926_ea1f5ce	60	20	9351002.0	9351.002	41.28183333333335	44.82183333333333	49.36066666666667	41.168009	44.766661	49.343287	99.904978	1364037.0	22.73395	640	360	29.97	8	7a5108bacc0d7e3ed505aa84712d3b9b	90644f2977e086cbb3a44382851bf7d6	640	360	2294.0	4.0	2720.0	654.0	False
red_kayak_360p_60f	red_kayak_360p_60f	svtav1	svtav1_20190926_ea1f5ce	60	32	5511798.0	5511.798	36.75766666666665	42.42116666666666	48.053666666666665	36.57769	42.358917	48.033187	99.813077	1398828.0	23.3138	640	360	29.97	8	7850617525ad58ab0987cb277b76400e	eb98b8203548fa8f8119bf5c9ca80da5	640	360	3700.0	22.0	5468.0	1379.0	False
red_kayak_360p_60f	red_kayak_360p_60f	svtav1	svtav1_20190926_ea1f5ce	60	43	2534033.0	2534.033	32.1135	40.135666666666665	46.86483333333333	31.927694	40.075223	46.833286	86.940539	532564.0	8.876066666666667	640	360	29.97	8	8b8ccec2a483845988fcf1d91163b06e	59a18c507b919eef6e5dd4f5694ea1bb	640	360	1815.0	5.0	2184.0	608.0	False
red_kayak_360p_60f	red_kayak_360p_60f	svtav1	svtav1_20190926_ea1f5ce	60	55	877623.0	877.623	28.391666666666662	38.189	45.32933333333336	28.237153	38.139199	45.270453	61.903026	598892.0	9.981533333333333	640	360	29.97	8	dd57c2c6913f3f39908e729e9203ce1b	1f623733cfaa90f7464bd4ab3a48f8ef	640	360	2068.0	14.0	1890.0	833.0	False
red_kayak_360p_60f	red_kayak_360p_60f	svtav1	svtav1_20190926_ea1f5ce	60	63	213375.0	213.375	25.760333333333328	36.46066666666666	43.95433333333333	25.644721	36.400767	43.753497	26.541457	210308.0	3.505133333333333	640	360	29.97	8	26c3a82802451179bc367e54e0078c77	0de0743fd3e009ac63ec5747aa8a51e7	640	360	1848.0	18.0	1582.0	778.0	False
aspen_1080p_60f	aspen_1080p_60f	svtav1	svtav1_20190926_ea1f5ce	60	20	10840386.0	10840.386	44.32299999999999	48.34183333333333	49.575999999999986	44.270673	48.327369	49.567076	98.185968	6175651.0	102.92751666666666	1920	1080	29.97	8	776fd02047f14353ccb8244505761db3	33a0ba2a4580f62c2644c637a4c5a418	1920	1080	7408.0	8.0	14950.0	5913.0	False
aspen_1080p_60f	aspen_1080p_60f	svtav1	svtav1_20190926_ea1f5ce	60	32	3479895.0	3479.895	42.45000000000001	47.43016666666666	48.649833333333326	42.41147	47.425249	48.645748	94.647498	4123034.0	68.71723333333334	1920	1080	29.97	8	a1fd932105ccf1fcfbc62f726820f29e	9e208a7e6704043e764d48ca7a4d1cb0	1920	1080	7237.0	4.0	16424.0	5877.0	False
aspen_1080p_60f	aspen_1080p_60f	svtav1	svtav1_20190926_ea1f5ce	60	43	1441910.0	1441.91	41.10616666666667	46.34516666666666	47.52183333333331	41.070241	46.338109	47.514468	90.093047	1723154.0	28.71923333333333	1920	1080	29.97	8	c378471fb7c385d5af000862f53dd188	5fb8daf18dd6af475bc218d41a99ad8c	1920	1080	6427.0	3.0	8261.0	6108.0	False
aspen_1080p_60f	aspen_1080p_60f	svtav1	svtav1_20190926_ea1f5ce	60	55	655489.0	655.489	39.349	44.733999999999995	45.75916666666667	39.30013900000001	44.722188	45.751374000000006	82.383907	3522172.0	58.702866666666665	1920	1080	29.97	8	1649ff15654a55ff7156dd8cd1a06f4c	7dd7d29874842f38dec6de48a9b175f0	1920	1080	8953.0	24.0	13584.0	8941.0	False
aspen_1080p_60f	aspen_1080p_60f	svtav1	svtav1_20190926_ea1f5ce	60	63	282418.0	282.418	36.50666666666667	42.26083333333331	43.01683333333331	36.447105	42.247903	43.011337	66.624472	712400.0	11.873333333333333	1920	1080	29.97	8	d7cecd200f9dcdb9b862c1dd435a4ca1	e898c03c01a92fc0bc0b499b59d21d62	1920	1080	8368.0	27.0	7764.0	7904.0	False
blue_sky_360p_60f	blue_sky_360p_60f	svtav1	svtav1_20190926_ea1f5ce	60	20	1450830.0	1450.8299999999997	44.55466666666666	45.90216666666666	47.603833333333334	44.453758	45.824787	47.551781	99.945266	917628.0	15.2938	640	360	25.0	8	94e31152920504e1098507bbc6273b40	d23b6564eb0999c4f7177df2dbb845fe	640	360	1515.0	4.0	1613.0	554.0	False
blue_sky_360p_60f	blue_sky_360p_60f	svtav1	svtav1_20190926_ea1f5ce	60	32	736643.0	736.643	41.65966666666667	43.69183333333332	45.32349999999998	41.52586800000001	43.639333	45.286332	99.930506	407861.0	6.7976833333333335	640	360	25.0	8	260eda94c3ec53f1d0725066c8e6fda2	adcaf69de59f11d9f806256902987486	640	360	1651.0	8.0	1634.0	776.0	False
blue_sky_360p_60f	blue_sky_360p_60f	svtav1	svtav1_20190926_ea1f5ce	60	43	381046.0	381.046	38.726833333333325	40.99766666666667	42.6335	38.588462	40.949056	42.60647000000001	99.543316	327408.0	5.4568	640	360	25.0	8	6a636a37b9dd9f5a52f27f3a8b1912c0	2da4bfd8bd37c2ebe0b7e65082b5169b	640	360	2616.0	17.0	2360.0	768.0	False
blue_sky_360p_60f	blue_sky_360p_60f	svtav1	svtav1_20190926_ea1f5ce	60	55	200560.0	200.56	35.64183333333334	38.034000000000006	39.910666666666664	35.515317	38.003971	39.897799	94.667702	184228.0	3.0704666666666665	640	360	25.0	8	ae5dfe228bcb4cabf7a2c8643c500a19	0376c6eb714a8e9e5d5609717c29d204	640	360	2563.0	23.0	2236.0	1029.0	False
blue_sky_360p_60f	blue_sky_360p_60f	svtav1	svtav1_20190926_ea1f5ce	60	63	98293.0	98.29299999999999	31.828000000000007	35.01066666666668	37.799333333333344	31.758783	35.005281	37.79451099999999	83.656297	140547.0	2.34245	640	360	25.0	8	d89556d71c471b63e20710a5647a337d	0586f8b0d8386e38c499145025208ffd	640	360	1414.0	15.0	952.0	504.0	False
Netflix_Crosswalk_1920x1080_60fp	Netflix_Crosswalk_1920x1080_60fp	svtav1	svtav1_20190926_ea1f5ce	60	20	10719264.0	10719.264	45.826333333333345	48.57366666666667	50.42483333333334	45.808825	48.559733	50.403609	99.388953	2091608.0	34.86013333333333	1920	1080	60.0	8	62abfd6a6d683f200362adb33a63ad6b	f40342d069aa052203698c6ec7901a9d	1920	1080	6125.0	4.0	13357.0	6060.0	False
Netflix_Crosswalk_1920x1080_60fp	Netflix_Crosswalk_1920x1080_60fp	svtav1	svtav1_20190926_ea1f5ce	60	32	5294616.0	5294.616	44.74683333333334	47.961333333333336	49.79133333333334	44.713097	47.951189	49.775361	96.841847	1883041.0	31.384016666666668	1920	1080	60.0	8	9e52419c26dbb1258e724a8cf3fe55cb	99a642279e6e1443742009c3e636505b	1920	1080	6329.0	3.0	12698.0	5859.0	False
Netflix_Crosswalk_1920x1080_60fp	Netflix_Crosswalk_1920x1080_60fp	svtav1	svtav1_20190926_ea1f5ce	60	43	2652224.0	2652.224	43.15099999999999	47.052499999999995	48.81133333333332	43.075074	47.040824	48.796945	91.681154	1304983.0	21.749716666666668	1920	1080	60.0	8	9d623a7d05380698c5f8eabd56c0a37a	a2a0463abdae67a8a0d1bc01fecad1a6	1920	1080	6677.0	4.0	15906.0	6216.0	False
Netflix_Crosswalk_1920x1080_60fp	Netflix_Crosswalk_1920x1080_60fp	svtav1	svtav1_20190926_ea1f5ce	60	55	1358864.0	1358.864	41.01500000000001	45.817833333333326	47.50666666666666	40.875252	45.797949	47.486725	82.336055	1105847.0	18.430783333333334	1920	1080	60.0	8	0b8106c29ab69006b0e0daab3b9047b1	c425f40129396893b4be67cf2215f0b4	1920	1080	7934.0	13.0	11097.0	6908.0	False
Netflix_Crosswalk_1920x1080_60fp	Netflix_Crosswalk_1920x1080_60fp	svtav1	svtav1_20190926_ea1f5ce	60	63	636360.0	636.36	38.12383333333334	44.06083333333334	45.662166666666664	37.958511	44.03873	45.640232	66.036523	639444.0	10.6574	1920	1080	60.0	8	75ab405decc5cf4615b4e5bae17bef00	947c8662ff022c04335228fbe9c4ae97	1920	1080	6635.0	4.0	8216.0	6025.0	False
Netflix_TunnelFlag_1920x1080_60f	Netflix_TunnelFlag_1920x1080_60f	svtav1	svtav1_20190926_ea1f5ce	60	20	33957840.0	33957.84	43.17250000000001	47.51916666666666	48.96833333333334	43.1262	47.497539	48.955833	99.920449	2975655.0	49.59425	1920	1080	60.0	8	a7c8cb6275db3642a22f706670e621b1	a668b15c65f692b8cfe826baaf4ed4dd	1920	1080	8999.0	3.0	16067.0	6076.0	False
Netflix_TunnelFlag_1920x1080_60f	Netflix_TunnelFlag_1920x1080_60f	svtav1	svtav1_20190926_ea1f5ce	60	32	17278424.0	17278.424	41.050999999999995	46.31466666666666	47.98466666666666	40.992302	46.299841	47.97467100000001	99.914414	6622836.0	110.3806	1920	1080	60.0	8	76a3fa947809a8cd755fe984a5469498	504817b83ef68c903535eaa8c2eb04c8	1920	1080	12361.0	13.0	13412.0	6195.0	False
Netflix_TunnelFlag_1920x1080_60f	Netflix_TunnelFlag_1920x1080_60f	svtav1	svtav1_20190926_ea1f5ce	60	43	8877536.0	8877.536	38.692999999999984	44.655833333333355	46.542	38.614126000000006	44.643045	46.529293	99.899486	7472034.0	124.5339	1920	1080	60.0	8	1d4544006a87aa751d8883805c754e30	22278a644cbad51136bc8d59a077b16e	1920	1080	9926.0	9.0	12916.0	6353.0	False
Netflix_TunnelFlag_1920x1080_60f	Netflix_TunnelFlag_1920x1080_60f	svtav1	svtav1_20190926_ea1f5ce	60	55	4574016.0	4574.016	36.150833333333324	42.56866666666668	44.84533333333332	36.05343	42.558342	44.837207	99.86252799999998	1576546.0	26.275766666666666	1920	1080	60.0	8	fb50e9e8f24a84f5f0429cfaf152be93	a2f922ab5031cf5555a018e182f680e8	1920	1080	10149.0	12.0	13500.0	10152.0	False
Netflix_TunnelFlag_1920x1080_60f	Netflix_TunnelFlag_1920x1080_60f	svtav1	svtav1_20190926_ea1f5ce	60	63	2270592.0	2270.592	33.16983333333333	39.705499999999994	41.72933333333333	33.091472	39.702016	41.723891	98.582828	890357.0	14.839283333333332	1920	1080	60.0	8	6ab63a13ef208a4c9b0007ed37b36eea	dc8c87b860a65dbdeb882d74c7b6cbbb	1920	1080	8659.0	2.0	9051.0	6109.0	False
Netflix_SquareAndTimelapse_1920x	Netflix_SquareAndTimelapse_1920x	svtav1	svtav1_20190926_ea1f5ce	60	20	23916512.0	23916.512	45.03600000000001	49.43583333333335	48.66416666666667	45.003157	49.426951	48.649909	99.913575	8691613.0	144.86021666666667	1920	1080	60.0	8	b8811d8c3761f0e644b313746f1caedd	c3f54c8169ce36c4478b197f99f0371b	1920	1080	8865.0	4.0	12612.0	6338.0	False
Netflix_SquareAndTimelapse_1920x	Netflix_SquareAndTimelapse_1920x	svtav1	svtav1_20190926_ea1f5ce	60	32	13454256.0	13454.256	42.71699999999999	47.836666666666666	46.85266666666666	42.672467	47.827125	46.837321	99.903941	4210682.0	70.17803333333333	1920	1080	60.0	8	9a374bc49a1d41f5af9d29539ae5c555	3c54636ac27edd4d1df87dace7c9c07b	1920	1080	8730.0	8.0	14572.0	6529.0	False
Netflix_SquareAndTimelapse_1920x	Netflix_SquareAndTimelapse_1920x	svtav1	svtav1_20190926_ea1f5ce	60	43	7446072.0	7446.072	39.936666666666675	45.833	44.609500000000004	39.87521	45.82139300000001	44.591973	99.261251	6984968.0	116.41613333333333	1920	1080	60.0	8	914ad1f4e5622e033bc5b669020f8cc7	572f18a09ba72e5b7857847fe3eab68a	1920	1080	13592.0	16.0	14712.0	10419.0	False
Netflix_SquareAndTimelapse_1920x	Netflix_SquareAndTimelapse_1920x	svtav1	svtav1_20190926_ea1f5ce	60	55	3989120.0	3989.12	36.77333333333332	43.52383333333333	42.202833333333345	36.695197	43.513647	42.184895	92.227115	1909094.0	31.818233333333332	1920	1080	60.0	8	a3dd1375f09ac1cacbe7d4716efa9334	7c4035fac6a0333708d8138cc69efb33	1920	1080	11334.0	6.0	9122.0	6196.0	False
Netflix_SquareAndTimelapse_1920x	Netflix_SquareAndTimelapse_1920x	svtav1	svtav1_20190926_ea1f5ce	60	63	1857232.0	1857.232	33.04366666666666	40.50366666666666	39.17550000000002	32.98636	40.499038	39.16488	76.416949	1814596.0	30.243266666666667	1920	1080	60.0	8	a211641431ca8e72bbf3560a07fcf949	f25da449e5093db001b68dc6eeb1b036	1920	1080	12628.0	28.0	16024.0	10579.0	False
dark720p_60f	dark720p_60f	svtav1	svtav1_20190926_ea1f5ce	60	20	8606092.0	8606.092	46.63266666666667	44.35299999999999	45.893333333333345	46.420172	44.002114	45.554159	96.479151	1896540.0	31.609	1280	720	30.0	8	1cffa93a84056b5b30a3137107e86917	69874c50f2d21c8ff56340cc2621fae7	1280	720	3381.0	4.0	8136.0	2469.0	False
dark720p_60f	dark720p_60f	svtav1	svtav1_20190926_ea1f5ce	60	32	2577192.0	2577.192	43.91966666666665	39.74100000000001	42.36066666666667	43.771307	39.476617	42.190429	93.533023	1425345.0	23.75575	1280	720	30.0	8	e33230b8f5480987183c5040b2c8829a	b4eed2e1fdf23168fbaed49ed5283bd0	1280	720	4378.0	24.0	16206.0	4062.0	False
dark720p_60f	dark720p_60f	svtav1	svtav1_20190926_ea1f5ce	60	43	626640.0	626.64	42.47099999999999	37.278999999999996	41.12783333333332	42.40329	37.138987	41.058634	90.878803	955191.0	15.91985	1280	720	30.0	8	d3e62a173226bfb8e2393876c2c84647	ce646e145cbd82d4f5082a1b23786ae1	1280	720	3952.0	10.0	4497.0	2715.0	False
dark720p_60f	dark720p_60f	svtav1	svtav1_20190926_ea1f5ce	60	55	197268.0	197.268	41.224833333333336	36.50050000000001	40.258000000000024	41.194236	36.471774	40.241522	87.561347	1062565.0	17.709416666666666	1280	720	30.0	8	a001c2338b544e3a29ffe98fe0ad79eb	2e11ebf0b2930da698882f7af63c628b	1280	720	8106.0	30.0	5641.0	3446.0	False
dark720p_60f	dark720p_60f	svtav1	svtav1_20190926_ea1f5ce	60	63	73664.0	73.664	38.910499999999985	35.49249999999999	38.87366666666665	38.893211	35.486626	38.861827999999996	78.933858	1890305.0	31.505083333333335	1280	720	30.0	8	47f2a841c61af077829737a7ee4390be	c1f1d9c0a63cbb34954692a44bc54308	1280	720	9009.0	19.0	3464.0	3266.0	False
STARCRAFT_60f_420	STARCRAFT_60f_420	svtav1	svtav1_20190926_ea1f5ce	60	20	8047960.0	8047.96	50.69983333333333	53.72116666666667	53.7155	50.684886	53.712445	53.71030699999999	97.655025	2191529.0	36.525483333333334	1920	1080	60.0	8	b1078fac23378c961f19d0601cc7d616	48af0764626976404cf974c564ab11e7	1920	1080	8376.0	7.0	1944.0	5916.0	False
STARCRAFT_60f_420	STARCRAFT_60f_420	svtav1	svtav1_20190926_ea1f5ce	60	32	5255376.0	5255.376	48.286166666666674	52.113666666666674	52.211166666666664	48.257198	52.094189	52.201606	97.166205	1190110.0	19.835166666666666	1920	1080	60.0	8	6cc82b493433ee03ff2e620fe598597c	b770cbf58e6d4a428b2644512868bb7f	1920	1080	7944.0	14.0	3156.0	8292.0	False
STARCRAFT_60f_420	STARCRAFT_60f_420	svtav1	svtav1_20190926_ea1f5ce	60	43	2961304.0	2961.3039999999996	44.641333333333336	49.48966666666667	49.65800000000001	44.611274	49.466966	49.647688	95.886015	1160820.0	19.347	1920	1080	60.0	8	0f0e6c22ba0fddd21d91dacbc93089dc	9831e10840034861582092bea05ff0a7	1920	1080	8596.0	5.0	1787.0	6568.0	False
STARCRAFT_60f_420	STARCRAFT_60f_420	svtav1	svtav1_20190926_ea1f5ce	60	55	1533616.0	1533.6159999999998	40.58916666666666	46.390833333333326	46.57516666666667	40.56621499999999	46.375799	46.567005	92.734537	1199674.0	19.994566666666667	1920	1080	60.0	8	71d2a75ad8d7108644f3fad9db2b3ca2	4881f4196925440db001b6d5a74f993f	1920	1080	7562.0	3.0	1786.0	5727.0	False
STARCRAFT_60f_420	STARCRAFT_60f_420	svtav1	svtav1_20190926_ea1f5ce	60	63	603944.0	603.944	35.257	42.284499999999994	42.53183333333332	35.251363	42.28059	42.5282	82.22147	637438.0	10.623966666666666	1920	1080	60.0	8	f31e99da701dd8b44502f23b94b1c1f8	6152f0f8b3dc8796e8b457a33c16839c	1920	1080	7792.0	4.0	1549.0	5907.0	False
shields_640x360_60f	shields_640x360_60f	svtav1	svtav1_20190926_ea1f5ce	60	20	2811560.0	2811.56	42.50716666666666	45.748166666666684	47.42016666666665	42.345103	45.709832	47.349064	99.485836	345281.0	5.754683333333333	640	360	50.0	8	aff4e0f7e8513bf96a3b9742d43f8fab	8583bdb6c76e01418516cdb014a919aa	640	360	2034.0	4.0	1170.0	581.0	False
shields_640x360_60f	shields_640x360_60f	svtav1	svtav1_20190926_ea1f5ce	60	32	1363426.0	1363.426	40.622499999999995	43.97966666666668	45.55583333333333	40.409387	43.943126	45.453841	99.431237	598007.0	9.966783333333334	640	360	50.0	8	ed6e1f96ba7b9b2137a1335a65a956ed	bf01783a8507e7dc9e74567344a5e264	640	360	2398.0	7.0	1013.0	605.0	False
shields_640x360_60f	shields_640x360_60f	svtav1	svtav1_20190926_ea1f5ce	60	43	704906.0	704.9060000000001	38.118000000000016	41.37166666666666	43.06733333333332	37.843858	41.291146	42.906387	99.395005	1353823.0	22.563716666666668	640	360	50.0	8	5a74838dfbbf935e5b6a5643840fc9c0	65a57ac353917875c9492c4fbc383ef1	640	360	2872.0	21.0	1543.0	1104.0	False
shields_640x360_60f	shields_640x360_60f	svtav1	svtav1_20190926_ea1f5ce	60	55	390026.0	390.026	35.29333333333333	38.817333333333345	40.748	34.948477	38.67479	40.519278	97.037178	216080.0	3.6013333333333333	640	360	50.0	8	b3060b4c57615a50c48b93d95a7b3a30	86a32979cb06d400684eb39ffbcbfc0a	640	360	1838.0	3.0	736.0	570.0	False
shields_640x360_60f	shields_640x360_60f	svtav1	svtav1_20190926_ea1f5ce	60	63	183806.0	183.806	31.1825	36.038	37.835666666666654	30.739313	35.812901	37.579082	85.46384199999999	344014.0	5.7335666666666665	640	360	50.0	8	1e0721c321c20988fadde99ec5bc9d35	ef0fc91dfe9313bf93211f6fdc099b26	640	360	1996.0	5.0	591.0	629.0	False
Netflix_RollerCoaster_1280x720_6	Netflix_RollerCoaster_1280x720_6	svtav1	svtav1_20190926_ea1f5ce	60	20	10111312.0	10111.312	45.23149999999998	47.23583333333333	47.25883333333333	45.19458	47.218849	47.244678	99.906727	1512207.0	25.20345	1280	720	60.0	8	fe5e70afd4cf819d15006956260fc604	6663c942328b4ebe99ba26c6d7495cbd	1280	720	4483.0	8.0	5836.0	2588.0	False
Netflix_RollerCoaster_1280x720_6	Netflix_RollerCoaster_1280x720_6	svtav1	svtav1_20190926_ea1f5ce	60	32	5053792.0	5053.792	43.06933333333334	45.679	46.01683333333332	43.010118	45.65641	46.006016	99.863797	3570730.0	59.512166666666666	1280	720	60.0	8	333879a7c082ac8c53e692de0b895d89	27a95a68f3b0fe761afc132cb0ed652a	1280	720	4288.0	4.0	4921.0	2360.0	False
Netflix_RollerCoaster_1280x720_6	Netflix_RollerCoaster_1280x720_6	svtav1	svtav1_20190926_ea1f5ce	60	43	2524184.0	2524.184	40.50483333333334	43.61016666666665	44.32133333333332	40.43845	43.583907	44.312254	98.163202	956694.0	15.9449	1280	720	60.0	8	e4de3e6731084981d009a74b330400aa	e7761010a62afeb99fe6f996babed770	1280	720	3859.0	3.0	4219.0	2301.0	False
Netflix_RollerCoaster_1280x720_6	Netflix_RollerCoaster_1280x720_6	svtav1	svtav1_20190926_ea1f5ce	60	55	1321264.0	1321.264	37.87083333333332	41.41466666666667	42.57766666666666	37.803016	41.385606	42.566471	91.772422	654220.0	10.903666666666666	1280	720	60.0	8	7d07f1ba9701034524ce3c8c6b487c39	652b033585a17eb5898ddb32852c986a	1280	720	4345.0	8.0	3928.0	2641.0	False
Netflix_RollerCoaster_1280x720_6	Netflix_RollerCoaster_1280x720_6	svtav1	svtav1_20190926_ea1f5ce	60	63	611912.0	611.912	34.414500000000004	38.55316666666668	40.297833333333344	34.344125	38.526285	40.28923	76.375538	606551.0	10.109183333333334	1280	720	60.0	8	d3d4da9ce47777dc9dff2b32d3035796	c01d8f892ebffbcdc9b57e3e420309f6	1280	720	3956.0	3.0	3072.0	2838.0	False
Netflix_PierSeaside_1920x1080_60	Netflix_PierSeaside_1920x1080_60	svtav1	svtav1_20190926_ea1f5ce	60	20	10684208.0	10684.208	45.77666666666665	47.696	45.73416666666666	45.739777	47.675559	45.70373200000001	99.892719	5173482.0	86.2247	1920	1080	60.0	8	9536489c79567bd91ea142d3f7d70b33	157ac1278e46265a4cc47f0a42f9b903	1920	1080	11804.0	21.0	16476.0	6152.0	False
Netflix_PierSeaside_1920x1080_60	Netflix_PierSeaside_1920x1080_60	svtav1	svtav1_20190926_ea1f5ce	60	32	4303736.0	4303.736	44.17100000000001	46.92999999999999	45.10499999999998	44.115258	46.915661	45.088177	99.55415	2937025.0	48.95041666666667	1920	1080	60.0	8	44dcbbdfa933a965a6e8992e83c1fe2e	5b8d19cc70b452ad59ea94361281b86e	1920	1080	7956.0	5.0	7746.0	5550.0	False
Netflix_PierSeaside_1920x1080_60	Netflix_PierSeaside_1920x1080_60	svtav1	svtav1_20190926_ea1f5ce	60	43	2006976.0	2006.976	42.35	45.88016666666666	44.35883333333333	42.271383	45.866779	44.345499	98.097376	1221647.0	20.360783333333334	1920	1080	60.0	8	6d96e39a0dc139d066cb76c74ae9caaa	d88ecccd5f28ce0b3ea00a8e6ae05e14	1920	1080	7130.0	14.0	7088.0	6058.0	False
Netflix_PierSeaside_1920x1080_60	Netflix_PierSeaside_1920x1080_60	svtav1	svtav1_20190926_ea1f5ce	60	55	899736.0	899.736	40.010666666666665	44.0045	42.964333333333336	39.941704	43.996469	42.95679	94.101419	841306.0	14.021766666666666	1920	1080	60.0	8	6f44b00ca839a65934829949361a17b0	2c5646b2cbc519324c0f7aa51c262d68	1920	1080	7444.0	5.0	6398.0	5473.0	False
Netflix_PierSeaside_1920x1080_60	Netflix_PierSeaside_1920x1080_60	svtav1	svtav1_20190926_ea1f5ce	60	63	347656.0	347.656	36.45399999999999	41.08549999999999	40.56949999999998	36.434079	41.083842	40.567474999999995	82.79095	860640.0	14.344	1920	1080	60.0	8	0de1174bbd0358bd530e663ab657072a	5f514c7d8d6eefc1173142f0ef177ebd	1920	1080	7459.0	3.0	6437.0	5383.0	False
ShowGirl2TeaserClip4000_1920x108	ShowGirl2TeaserClip4000_1920x108	svtav1	svtav1_20190926_ea1f5ce	60	20	11052273.0	11052.273	43.14200000000001	46.87883333333334	49.73433333333334	42.865535	46.810974	49.714203	95.453383	1961688.0	32.6948	1920	1080	25.0	10	039dffd039efbdadeed0e1f9acde95ad	3301c35dc4a5f31400082851ac05106a	1920	1080	12657.0	4.0	13509.0	7133.0	False
ShowGirl2TeaserClip4000_1920x108	ShowGirl2TeaserClip4000_1920x108	svtav1	svtav1_20190926_ea1f5ce	60	32	3446640.0	3446.64	41.94216666666667	46.32749999999998	48.99383333333333	41.866027	46.320469	48.99117	93.5914	998074.0	16.634566666666668	1920	1080	25.0	10	b38390ad6b239b9462168b27f41c963b	4389afa84f9433f496b501ce76cc9e5c	1920	1080	12573.0	2.0	9292.0	5908.0	False
ShowGirl2TeaserClip4000_1920x108	ShowGirl2TeaserClip4000_1920x108	svtav1	svtav1_20190926_ea1f5ce	60	43	1169910.0	1169.91	40.89883333333332	45.81666666666667	48.1815	40.872507	45.81517	48.180351	90.636502	1580872.0	26.34786666666667	1920	1080	25.0	10	3b30d54f1d6d2edc732ebd799323d2ae	fdccec19be4ba9cb21d4ce98ac22c9f1	1920	1080	13167.0	5.0	7842.0	6266.0	False
ShowGirl2TeaserClip4000_1920x108	ShowGirl2TeaserClip4000_1920x108	svtav1	svtav1_20190926_ea1f5ce	60	55	466310.0	466.31	39.36316666666666	45.02483333333332	47.01999999999998	39.327822	45.02402	47.018954	84.854169	518289.0	8.63815	1920	1080	25.0	10	6555f5c821fdb8bbf63027c3f281e8b4	16ef19cae0f27a697e8d887ff6e87507	1920	1080	14437.0	12.0	6398.0	7343.0	False
ShowGirl2TeaserClip4000_1920x108	ShowGirl2TeaserClip4000_1920x108	svtav1	svtav1_20190926_ea1f5ce	60	63	196916.0	196.916	36.597166666666666	43.29766666666663	45.11916666666669	36.562938	43.297366	45.11884	71.207951	510162.0	8.5027	1920	1080	25.0	10	20d457b2116dfdffa81ceb0593c22ae1	dd566edc333e66aa65f3d4c4e79c9d4c	1920	1080	13563.0	4.0	4782.0	6081.0	False
Cosmos1_1920x856_BT2100_PQ_24fps	Cosmos1_1920x856_BT2100_PQ_24fps	svtav1	svtav1_20190926_ea1f5ce	60	20	28516630.0	28516.63	42.81116666666667	45.51716666666667	47.98016666666667	42.553225	45.357085	47.892575	99.481489	1619276.0	26.987933333333334	1920	856	24.0	10	88b90266610bc0fbffbb1f07e4890f7b	3690e681d27c0af716fd2b7eee4aa28e	1920	856	12745.0	3.0	20071.0	4760.0	False
Cosmos1_1920x856_BT2100_PQ_24fps	Cosmos1_1920x856_BT2100_PQ_24fps	svtav1	svtav1_20190926_ea1f5ce	60	32	12384880.0	12384.88	38.88283333333332	43.40850000000001	46.272166666666685	38.605802	43.326683	46.236534	95.620671	2479337.0	41.32228333333333	1920	856	24.0	10	6f72682603d7f1257b3aa7dd08795360	bd046a57752ab09fa42a8402dc57e0d1	1920	856	13464.0	24.0	27775.0	6016.0	False
Cosmos1_1920x856_BT2100_PQ_24fps	Cosmos1_1920x856_BT2100_PQ_24fps	svtav1	svtav1_20190926_ea1f5ce	60	43	4747593.0	4747.593	35.80483333333335	41.64433333333332	44.61333333333334	35.633753	41.598655	44.589046	85.591882	1149490.0	19.158166666666666	1920	856	24.0	10	39f9a83164d73d6563e2aadd37c0f7d0	1f6a8319e1e9fb8cf9a5405e84a1fe85	1920	856	11175.0	12.0	12164.0	4515.0	False
Cosmos1_1920x856_BT2100_PQ_24fps	Cosmos1_1920x856_BT2100_PQ_24fps	svtav1	svtav1_20190926_ea1f5ce	60	55	1907318.0	1907.318	33.163666666666664	40.14133333333335	42.910000000000004	33.041738	40.104572	42.899088	68.431594	712140.0	11.869	1920	856	24.0	10	64cfd7e88ce5f8482e235cfc14faba4e	c875da348687b9119c3b91379b5f3317	1920	856	11022.0	4.0	10138.0	4454.0	False
Cosmos1_1920x856_BT2100_PQ_24fps	Cosmos1_1920x856_BT2100_PQ_24fps	svtav1	svtav1_20190926_ea1f5ce	60	63	642835.0	642.8350000000002	30.317999999999994	38.372	41.31233333333334	30.225651000000003	38.347026	41.308221	43.495013	1072912.0	17.881866666666667	1920	856	24.0	10	7b707af5bb095898857dd5f182733a03	c1e06a10d22eb8b5d0ed25f5c3d67488	1920	856	12712.0	12.0	9929.0	4894.0	False
life_1080p30_60f	life_1080p30_60f	svtav1	svtav1_20190926_ea1f5ce	60	20	14297864.0	14297.864	44.99049999999999	50.767666666666656	50.08900000000001	44.948683	50.74763599999999	50.071967	99.57447900000001	2917265.0	48.62108333333333	1920	1080	30.0	8	ad04cb31d6cc647ccdcd6ca961ce6e48	2d44c3a54dc76a0750d3e7df38ef37e6	1920	1080	10585.0	10.0	9233.0	5861.0	False
life_1080p30_60f	life_1080p30_60f	svtav1	svtav1_20190926_ea1f5ce	60	32	7038244.0	7038.244	42.246500000000005	48.357166666666686	48.065500000000014	42.195607	48.33251	48.046844	98.096348	5563012.0	92.71686666666666	1920	1080	30.0	8	2eeaafe6ec483dfeeaa9dd4568c9dc65	b515090c871fcfb3aed67aa8ee6e1053	1920	1080	12551.0	7.0	8895.0	6033.0	False
life_1080p30_60f	life_1080p30_60f	svtav1	svtav1_20190926_ea1f5ce	60	43	3440068.0	3440.068	39.470666666666666	45.983333333333356	45.851833333333346	39.420931	45.953798	45.830071	95.099543	1886629.0	31.443816666666667	1920	1080	30.0	8	7701d4fda0bbd62a0df1d5219a087e80	c5c91926563f138ecebe0b1fc43f487f	1920	1080	12320.0	8.0	7357.0	5885.0	False
life_1080p30_60f	life_1080p30_60f	svtav1	svtav1_20190926_ea1f5ce	60	55	1630640.0	1630.64	36.37	43.54783333333333	43.48150000000001	36.328757	43.516739	43.45883	89.477296	1878809.0	31.313483333333334	1920	1080	30.0	8	59ed0344e2507eaeb07f6dc8266aa379	1f88c49086724d275517c5e2eab16f49	1920	1080	9050.0	20.0	7522.0	7560.0	False
life_1080p30_60f	life_1080p30_60f	svtav1	svtav1_20190926_ea1f5ce	60	63	627196.0	627.196	32.87566666666667	40.566500000000005	40.337833333333336	32.849781	40.543452	40.326326	77.160664	1013802.0	16.8967	1920	1080	30.0	8	a09709d97af451cab08db95eb156daf9	d2205fa7b6a816e9a0d58d78ab4f87d8	1920	1080	9367.0	4.0	6038.0	6160.0	False
speed_bag_640x360_60f	speed_bag_640x360_60f	svtav1	svtav1_20190926_ea1f5ce	60	20	548405.0	548.405	47.20016666666667	50.01733333333334	51.39733333333332	47.12127	49.968024	51.340778	98.282504	352826.0	5.880433333333333	640	360	29.97	8	052919f1e49cfad8dd4026362254c278	4b5c458dd971983a790ea9504f5ee68b	640	360	1392.0	13.0	2456.0	770.0	False
speed_bag_640x360_60f	speed_bag_640x360_60f	svtav1	svtav1_20190926_ea1f5ce	60	32	283856.0	283.856	45.27099999999999	48.52983333333335	50.10166666666667	45.163167	48.472995	50.021804	97.392609	725946.0	12.0991	640	360	29.97	8	508905ee82d0c4d8161e3f8275d12945	10605d8bc0323b79c89e085336eb3de7	640	360	1377.0	4.0	1034.0	547.0	False
speed_bag_640x360_60f	speed_bag_640x360_60f	svtav1	svtav1_20190926_ea1f5ce	60	43	154724.0	154.724	43.02700000000001	46.566166666666646	48.447333333333326	42.862288	46.494014	48.329029	94.960403	475795.0	7.929916666666666	640	360	29.97	8	266666524643281ae7430bd5ec770d89	d8ec994193b1d4ded30112d313f53c99	640	360	1296.0	4.0	1153.0	606.0	False
speed_bag_640x360_60f	speed_bag_640x360_60f	svtav1	svtav1_20190926_ea1f5ce	60	55	86179.0	86.179	40.348333333333336	44.408	46.70083333333333	40.10937	44.325251	46.519575	87.976572	397763.0	6.629383333333333	640	360	29.97	8	19352b3a18bf38de3ad08dc75a6efa0b	20948a54a8278813f700f30eeaf89120	640	360	1274.0	5.0	792.0	551.0	False
speed_bag_640x360_60f	speed_bag_640x360_60f	svtav1	svtav1_20190926_ea1f5ce	60	63	45880.0	45.88	36.91899999999998	41.70833333333333	44.37066666666668	36.642155	41.623122	44.153005	74.251769	633728.0	10.562133333333334	640	360	29.97	8	7fe347a2c9aa1b9c471dba569a88ad6b	7f11cf6158df329e0f9c8d7620705c3c	640	360	1673.0	17.0	1378.0	2049.0	False
Netflix_Boat_1920x1080_60fps_8bi	Netflix_Boat_1920x1080_60fps_8bi	svtav1	svtav1_20190926_ea1f5ce	60	20	33238648.0	33238.648	44.077500000000015	46.57600000000001	48.379166666666684	44.021668	46.54162800000001	48.358244	99.92439	3342647.0	55.71078333333333	1920	1080	60.0	8	266bc6a8ee4c8cec8ffabb0c3585cfee	4d0d7cb244a488432597c06b8fb869a8	1920	1080	11917.0	6.0	10949.0	6231.0	False
Netflix_Boat_1920x1080_60fps_8bi	Netflix_Boat_1920x1080_60fps_8bi	svtav1	svtav1_20190926_ea1f5ce	60	32	18100304.0	18100.304	41.631833333333326	45.00466666666667	46.45483333333332	41.556855	44.981084	46.44297199999999	99.751177	2420368.0	40.33946666666667	1920	1080	60.0	8	f327a41f5653eaeacf580f4a289bf0d8	c461bd79d6ec4accb03c8ed7a6c49698	1920	1080	10060.0	3.0	9653.0	5983.0	False
Netflix_Boat_1920x1080_60fps_8bi	Netflix_Boat_1920x1080_60fps_8bi	svtav1	svtav1_20190926_ea1f5ce	60	43	10047480.0	10047.48	38.77016666666666	43.30649999999998	44.31833333333332	38.667728	43.284074	44.309244	96.865826	1712013.0	28.53355	1920	1080	60.0	8	c3e5a81324ff04593142c68bf282852c	2a75a96b7e1667b54d38e0209fbe8a7d	1920	1080	10290.0	7.0	9081.0	11466.0	False
Netflix_Boat_1920x1080_60fps_8bi	Netflix_Boat_1920x1080_60fps_8bi	svtav1	svtav1_20190926_ea1f5ce	60	55	5246976.0	5246.976	35.3525	41.4745	42.17866666666669	35.225766	41.455834	42.176056	90.064593	2205672.0	36.7612	1920	1080	60.0	8	c17f99425f91a92cead94438bf482af0	8fb07f89f2455c03b5123d03104b9c5d	1920	1080	16976.0	15.0	8198.0	7017.0	False
Netflix_Boat_1920x1080_60fps_8bi	Netflix_Boat_1920x1080_60fps_8bi	svtav1	svtav1_20190926_ea1f5ce	60	63	2349616.0	2349.616	31.312333333333346	38.92183333333332	39.492833333333316	31.249805	38.917669	39.492431	76.211478	1440850.0	24.014166666666668	1920	1080	60.0	8	ee2641ca82de931669e8a2a4f12dad74	b334d7d995dece3d334b79b04a1781ac	1920	1080	10094.0	8.0	6406.0	6480.0	False
thaloundeskmtg360p_60f	thaloundeskmtg360p_60f	svtav1	svtav1_20190926_ea1f5ce	60	20	1014540.0	1014.5399999999998	44.81750000000002	48.81249999999999	48.784	44.605523999999996	48.767502	48.753277	97.025295	240778.0	4.012966666666666	640	360	30.0	8	cd9cbb00562b16680849de130a9464e4	63cc2c2c2d9440ca382bcf2a970f5e86	640	360	1357.0	4.0	875.0	629.0	False
thaloundeskmtg360p_60f	thaloundeskmtg360p_60f	svtav1	svtav1_20190926_ea1f5ce	60	32	486940.0	486.94	43.11133333333334	47.47066666666665	47.54183333333335	42.805775	47.425586	47.505315	95.933784	219596.0	3.6599333333333335	640	360	30.0	8	6f097b5ca9f9c06b2d6c008d26c958ca	089dd5057ea3a6db19ed5619ce056de0	640	360	1332.0	3.0	721.0	582.0	False
thaloundeskmtg360p_60f	thaloundeskmtg360p_60f	svtav1	svtav1_20190926_ea1f5ce	60	43	263384.0	263.384	41.053833333333344	45.84733333333333	45.94966666666666	40.642914	45.773908	45.886647	94.02766	336685.0	5.611416666666667	640	360	30.0	8	27c36a210fa853016d3922702ff02316	f57215b8df9ac496af501ec2f3bc33e5	640	360	1382.0	5.0	592.0	594.0	False
thaloundeskmtg360p_60f	thaloundeskmtg360p_60f	svtav1	svtav1_20190926_ea1f5ce	60	55	144036.0	144.036	38.28766666666666	43.70199999999998	43.63133333333335	37.828666	43.599153	43.516878	90.045633	165052.0	2.7508666666666666	640	360	30.0	8	a6212ac99ee58aad1247c97ed03edf4e	e7fa7bda728bb6eb5f091e6c295b997f	640	360	1589.0	4.0	951.0	640.0	False
thaloundeskmtg360p_60f	thaloundeskmtg360p_60f	svtav1	svtav1_20190926_ea1f5ce	60	63	72868.0	72.868	34.415	40.50333333333332	40.620666666666686	33.819825	40.409272	40.488804	79.573197	663184.0	11.053066666666666	640	360	30.0	8	ee253f4b15ef3268ea9657498ae2fc99	b1cd7a7fa7b8e605d0e6b0279cf0083d	640	360	1899.0	23.0	1257.0	787.0	False
gipsrestat720p_60f	gipsrestat720p_60f	svtav1	svtav1_20190926_ea1f5ce	60	20	4115513.0	4115.513	45.06050000000001	47.56799999999999	49.17050000000001	45.031531	47.560236	49.164887	97.044462	4650477.0	77.50795	1280	720	50.0	8	8271861ee711d542231bef2169a804ef	661b55664462a20e94d6fb0888fc8bd0	1280	720	4647.0	4.0	3014.0	2934.0	False
gipsrestat720p_60f	gipsrestat720p_60f	svtav1	svtav1_20190926_ea1f5ce	60	32	1508480.0	1508.48	43.44583333333335	46.94666666666669	48.432833333333335	43.4066	46.943482	48.42446499999999	95.872255	884917.0	14.748616666666667	1280	720	50.0	8	3d90f3075aaab9b0ba21703a54e7df80	745302cbd41967bf6f6423afa94ca261	1280	720	4234.0	7.0	1920.0	2501.0	False
gipsrestat720p_60f	gipsrestat720p_60f	svtav1	svtav1_20190926_ea1f5ce	60	43	763053.0	763.053	41.788	46.137166666666666	47.42550000000001	41.72232	46.13522	47.419906	94.095092	704048.0	11.734133333333334	1280	720	50.0	8	d68457b0dc35f8d57cd7079b5c97516b	0f7a58777343e8480f957a31dd33f180	1280	720	5104.0	20.0	3204.0	3284.0	False
gipsrestat720p_60f	gipsrestat720p_60f	svtav1	svtav1_20190926_ea1f5ce	60	55	418206.0	418.206	39.690500000000014	44.71383333333333	45.73483333333332	39.638738	44.7115	45.731933	90.94336	1212609.0	20.21015	1280	720	50.0	8	8d4893208d8eef79c47fe0c97a912d9b	c1aebb0968066e9977688d2652f46a76	1280	720	4150.0	4.0	2230.0	2965.0	False
gipsrestat720p_60f	gipsrestat720p_60f	svtav1	svtav1_20190926_ea1f5ce	60	63	193593.0	193.593	35.99199999999999	42.04250000000002	42.55350000000001	35.976945	42.0414	42.552517	82.116473	1759720.0	29.328666666666667	1280	720	50.0	8	a8d5c715f01a64851372e46b632336c2	5a9608ea13028fb48c5c7f88cc6fef81	1280	720	5920.0	19.0	1867.0	4512.0	False
