RollerCoastPas_1920x1080_2997_10	RollerCoastPas_1920x1080_2997_10	svtav1	svtav1_20200416_8a13869_enc-mode0	60	20	0	3010117.0	3010.117	45.09816666666664	45.314333333333344	43.8495	45.096723	45.313055	43.846714	97.0997421613303	2980949.0	49.68248333333333	4085.25	1920	1080	29.97	10	095ef0aed3d3c75390ddc44a52096f14	120bcb3e7f494c1d22f44773b6a36970	1920	1080	21481.0	4.0	6196.0	24911.0	False	True	0.9986576358477275	0.9969250782263102
RollerCoastPas_1920x1080_2997_10	RollerCoastPas_1920x1080_2997_10	svtav1	svtav1_20200416_8a13869_enc-mode0	60	32	0	1456366.0	1456.3659999999998	44.08616666666665	44.72100000000002	43.170499999999976	44.082853	44.720333	43.169254	96.44690987917676	2301174.0	38.3529	3509.88	1920	1080	29.97	10	7683b876c0cd90d3f9b6a29d36e1ced3	5dba4b449a52d1d1c4f535112e9eaba6	1920	1080	21373.0	5.0	4619.0	23668.0	False	True	0.9981832156578699	0.9961343859755483
RollerCoastPas_1920x1080_2997_10	RollerCoastPas_1920x1080_2997_10	svtav1	svtav1_20200416_8a13869_enc-mode0	60	43	0	758805.0	758.805	42.29366666666665	43.62849999999999	42.23016666666669	42.283626	43.627207	42.22947	94.80538149502107	1571968.0	26.199466666666666	2490.89	1920	1080	29.97	10	5c7b81d79bfd9888d26d3d13f3004d6c	07458326009214ea95294d46b3eb5dd4	1920	1080	21476.0	4.0	4003.0	23319.0	False	True	0.9969133247931798	0.994199507308907
RollerCoastPas_1920x1080_2997_10	RollerCoastPas_1920x1080_2997_10	svtav1	svtav1_20200416_8a13869_enc-mode0	60	55	0	314902.0	314.902	38.72033333333333	41.065999999999995	39.90683333333332	38.709805	41.06504499999999	39.905592	88.98972906420731	1379098.0	22.984966666666665	2023.84	1920	1080	29.97	10	7943dd7bf346a4f6a0f63d7bc4754eea	12ddc41bbdf5d1bfdfe0f4af8a1b2ce4	1920	1080	20607.0	3.0	3540.0	23246.0	False	True	0.9916369636853536	0.9871701891929022
RollerCoastPas_1920x1080_2997_10	RollerCoastPas_1920x1080_2997_10	svtav1	svtav1_20200416_8a13869_enc-mode0	60	59	0	199931.0	199.931	36.44516666666666	39.391500000000015	38.38183333333333	36.432084	39.390237	38.380267	81.9725316668368	1507756.0	25.129266666666666	1947.91	1920	1080	29.97	10	78d57ec7e8adf0f2269f7164cabcc67e	ebddbd0108382b280d25e157c857548f	1920	1080	21848.0	2.0	3324.0	23176.0	False	True	0.9843425383170445	0.9784948247558488
BarScene1_1920x1080_2997_10b	BarScene1_1920x1080_2997_10b	svtav1	svtav1_20200416_8a13869_enc-mode0	60	20	0	1674768.0	1674.768	42.50316666666666	44.79533333333334	43.76516666666666	42.503467	44.79498	43.763739	93.21136686914784	2833078.0	47.21796666666667	4371.17	1920	1080	29.97	10	6812326c93a0ab5f75c082be2fd4096b	25971c6bf1bcfbdde797478b226fa5af	1920	1080	20765.0	4.0	8240.0	25727.0	False	True	0.9959295203288396	0.9911104955924428
BarScene1_1920x1080_2997_10b	BarScene1_1920x1080_2997_10b	svtav1	svtav1_20200416_8a13869_enc-mode0	60	32	0	439349.0	439.349	42.14733333333335	44.60516666666664	43.477666666666664	42.14668199999999	44.604685	43.477337	92.00765283728632	1784508.0	29.7418	2895.28	1920	1080	29.97	10	7beaa3e10efd2302342665d8d9b6cac6	cd9e1e5714678575e9e914598da4bb34	1920	1080	21978.0	4.0	3350.0	24945.0	False	True	0.9951783607403437	0.990087798622969
BarScene1_1920x1080_2997_10b	BarScene1_1920x1080_2997_10b	svtav1	svtav1_20200416_8a13869_enc-mode0	60	43	0	227292.0	227.292	41.65933333333336	44.42466666666668	43.32099999999999	41.658904	44.423985	43.320744	90.01922213455826	1285569.0	21.42615	2108.21	1920	1080	29.97	10	d21b5474ded76611c20da04b88616b7d	968208e6fcaf45eb4c0fceb829639411	1920	1080	22211.0	10.0	2947.0	23507.0	False	True	0.9939552893241247	0.988489752225467
BarScene1_1920x1080_2997_10b	BarScene1_1920x1080_2997_10b	svtav1	svtav1_20200416_8a13869_enc-mode0	60	55	0	93863.0	93.863	40.46583333333333	43.83966666666665	42.84166666666663	40.465195	43.840273	42.841312	83.6294671577868	1319191.0	21.986516666666667	1895.38	1920	1080	29.97	10	9da91c3b02c6888dc5432615f17fa9e2	54aff971b3e7f03d146d34688e2f05ec	1920	1080	20741.0	4.0	2868.0	24564.0	False	True	0.9891832828521728	0.9835010289373124
BarScene1_1920x1080_2997_10b	BarScene1_1920x1080_2997_10b	svtav1	svtav1_20200416_8a13869_enc-mode0	60	59	0	57750.0	57.75	39.387333333333316	43.16566666666669	42.38900000000001	39.386178	43.165168	42.388885	76.02821442577807	1036726.0	17.278766666666666	1672.24	1920	1080	29.97	10	f1378940a8628c68b8efb58618e2d556	f4b14a48a97eb2fb5959d5c0971fae4e	1920	1080	21324.0	11.0	2612.0	22932.0	False	True	0.9832290967305501	0.9781499267010857
KristenAndSara_1280x720_60f	KristenAndSara_1280x720_60f	svtav1	svtav1_20200416_8a13869_enc-mode0	60	20	0	2929864.0	2929.864	44.53449999999999	48.93533333333334	49.85316666666666	44.527526	48.932491	49.851171	96.88670160138999	1552105.0	25.86841666666667	2569.66	1280	720	60.0	8	16aea2fc3b6266d2e26ba0edc5942ffd	53d181dbe977de606d3f0534503ce911	1280	720	5568.0	5.0	4430.0	10316.0	False	False	0.9959273119767507	0.9953787989410279
KristenAndSara_1280x720_60f	KristenAndSara_1280x720_60f	svtav1	svtav1_20200416_8a13869_enc-mode0	60	32	0	1262288.0	1262.288	43.45099999999999	48.22083333333333	49.103500000000004	43.439971	48.218618	49.101735	96.03433285318702	1001582.0	16.693033333333332	1661.98	1280	720	60.0	8	14e1c1a35d85487348d7aa9a9b481265	32a36aef48fcf3a98ac564e4380caad3	1280	720	5053.0	4.0	3095.0	9917.0	False	False	0.9947201073169708	0.9942925974423373
KristenAndSara_1280x720_60f	KristenAndSara_1280x720_60f	svtav1	svtav1_20200416_8a13869_enc-mode0	60	43	0	649392.0	649.392	42.01183333333334	47.06666666666667	47.97866666666666	41.992966	47.06324	47.97489699999999	94.32887526492863	668586.0	11.1431	1131.28	1280	720	60.0	8	3ce5e37eb35f5854ecd0c18b505b123b	665a9959e8e263a68a69cf21bcbcb25f	1280	720	5338.0	3.0	2583.0	9605.0	False	False	0.9922826757033666	0.9922327754035118
KristenAndSara_1280x720_60f	KristenAndSara_1280x720_60f	svtav1	svtav1_20200416_8a13869_enc-mode0	60	55	0	298072.0	298.072	39.32049999999999	44.67933333333333	45.81866666666667	39.293073	44.67050299999999	45.812867	89.22729686493012	667989.0	11.13315	1061.57	1280	720	60.0	8	6c87b99440e4416d51a7bc00cbf7c02f	d1e9b67dd7977ee6b28d937e2a0a6770	1280	720	5346.0	5.0	2384.0	10371.0	False	False	0.9848564853270848	0.9862408436003839
KristenAndSara_1280x720_60f	KristenAndSara_1280x720_60f	svtav1	svtav1_20200416_8a13869_enc-mode0	60	59	0	194944.0	194.944	37.41916666666667	43.07583333333336	44.141499999999986	37.396562	43.070184	44.13487	83.43894750096374	556112.0	9.268533333333334	888.07	1280	720	60.0	8	75ead1af2c8ae29de90fe99a76fced86	bb4c93926dd1eafb18ed000749a4401d	1280	720	5842.0	4.0	1990.0	9696.0	False	False	0.9773192187150319	0.9801964131245062
KristenAndSara_1280x720_60_10b	KristenAndSara_1280x720_60_10b	svtav1	svtav1_20200416_8a13869_enc-mode0	60	20	0	3098416.0	3098.416	44.890166666666666	49.563500000000005	50.584666666666664	44.882931	49.560938	50.58359699999999	97.08177225569138	1615968.0	26.9328	2522.54	1280	720	60.0	10	9502fdcd44aed1ab261bf64b4c6d6901	7850ab0b24a3ebb11b5dffdf4be3882b	1280	720	9334.0	6.0	4296.0	9980.0	False	True	0.9963245908419291	0.99574686962036
KristenAndSara_1280x720_60_10b	KristenAndSara_1280x720_60_10b	svtav1	svtav1_20200416_8a13869_enc-mode0	60	32	0	1182896.0	1182.896	43.599000000000004	48.64466666666665	49.626833333333316	43.587819	48.641423	49.623465	96.08856028040451	1144408.0	19.07346666666667	1937.34	1280	720	60.0	10	fbfbdf6017ad727b99d21763e4212e1c	cfc95c850b50ab1491b00457a033549b	1280	720	8633.0	3.0	3321.0	9672.0	False	True	0.9950171093146006	0.9945501482077925
KristenAndSara_1280x720_60_10b	KristenAndSara_1280x720_60_10b	svtav1	svtav1_20200416_8a13869_enc-mode0	60	43	0	655688.0	655.688	42.23783333333333	47.57016666666667	48.56000000000002	42.216975	47.564206	48.555126	94.55292241782259	976552.0	16.275866666666666	1464.5	1280	720	60.0	10	6c0db0ba55924b8dc5b315364203579b	50c0138ea2b68772bf3ad7daa356d091	1280	720	8877.0	4.0	3063.0	10262.0	False	True	0.9927690029144287	0.9926712172550318
KristenAndSara_1280x720_60_10b	KristenAndSara_1280x720_60_10b	svtav1	svtav1_20200416_8a13869_enc-mode0	60	55	0	298920.0	298.92	39.4625	45.00633333333334	46.089000000000006	39.435808	44.999006	46.083607	89.29634378404727	716603.0	11.943383333333333	1098.55	1280	720	60.0	10	3abe1584dcec4ca69aecaf267f0db92f	2bb8ebef513b6328a9d7d7ab38bca518	1280	720	8250.0	3.0	2416.0	10165.0	False	True	0.9854495485623678	0.986744430157176
KristenAndSara_1280x720_60_10b	KristenAndSara_1280x720_60_10b	svtav1	svtav1_20200416_8a13869_enc-mode0	60	59	0	194608.0	194.608	37.49383333333334	43.198499999999996	44.379499999999986	37.46991	43.190532	44.37404	83.00957764054927	706497.0	11.77495	1074.93	1280	720	60.0	10	7f65981e8c49cec0041ff567d2a40972	62334446f1b9bdae4e81c83ad45021ca	1280	720	8202.0	3.0	2458.0	10212.0	False	True	0.9772906353076299	0.9802258509772052
Aerial_1920x1080_2997_10b	Aerial_1920x1080_2997_10b	svtav1	svtav1_20200416_8a13869_enc-mode0	60	20	0	9329627.0	9329.627	43.576333333333324	45.99133333333332	45.32316666666666	43.526895	45.971858	45.307139	96.42526609609082	3700765.0	61.67941666666667	5713.38	1920	1080	29.97	10	22b55b7c58935b6b84aff3c0f316ad37	d78670edd024f95dfa741a7069108d4e	1920	1080	24603.0	9.0	9905.0	24599.0	False	True	0.9989830027023952	0.9979601105950944
Aerial_1920x1080_2997_10b	Aerial_1920x1080_2997_10b	svtav1	svtav1_20200416_8a13869_enc-mode0	60	32	0	4777522.0	4777.522	41.65099999999999	44.551666666666684	44.09166666666668	41.596094	44.538873	44.083765	95.20425314630114	3365790.0	56.0965	5403.14	1920	1080	29.97	10	de1c995ff6d4d61a65f50fbbad85ea1e	63578a069089f1e9362d270705687db8	1920	1080	25664.0	4.0	8602.0	23985.0	False	True	0.9984182268381119	0.996972684460928
Aerial_1920x1080_2997_10b	Aerial_1920x1080_2997_10b	svtav1	svtav1_20200416_8a13869_enc-mode0	60	43	0	2778275.0	2778.275	39.41416666666668	42.91166666666665	42.79949999999999	39.356272	42.903765	42.796528	92.93914006381387	2286230.0	38.103833333333334	3552.84	1920	1080	29.97	10	9b1a8092a54cd8f17ae292d09ab3ef87	4ee6d0c6e239332d13c176a086fd40d1	1920	1080	24084.0	4.0	6282.0	23098.0	False	True	0.9973212858041127	0.995066163239994
Aerial_1920x1080_2997_10b	Aerial_1920x1080_2997_10b	svtav1	svtav1_20200416_8a13869_enc-mode0	60	55	0	1186834.0	1186.834	35.221999999999994	40.148666666666664	40.72033333333334	35.202508	40.14581	40.719822	85.88314113497128	1928939.0	32.148983333333334	2806.54	1920	1080	29.97	10	978b61d86d009b7f5ba779a1af64c3a7	b79fe3f05728564053ae383233c17a20	1920	1080	25964.0	4.0	5260.0	26688.0	False	True	0.9927931060393651	0.9870438663166148
Aerial_1920x1080_2997_10b	Aerial_1920x1080_2997_10b	svtav1	svtav1_20200416_8a13869_enc-mode0	60	59	0	606390.0	606.39	32.086999999999996	38.43083333333338	39.61899999999999	32.083596	38.430556	39.6188	76.64626100396826	1967617.0	32.793616666666665	2647.36	1920	1080	29.97	10	3e6ab4f956c78a4ad2c7028752b536d3	3c988937463089af9e9c0354b0f7b58c	1920	1080	23476.0	4.0	4868.0	23935.0	False	True	0.9839387426773707	0.9710267415845635
Starting_1920x1080p_50_10b_pq_70	Starting_1920x1080p_50_10b_pq_70	svtav1	svtav1_20200416_8a13869_enc-mode0	60	20	0	4171753.0	4171.753	46.796	49.65916666666669	51.32449999999998	46.74487	49.603434	51.24539	96.74274439148274	2166623.0	36.11038333333333	3198.54	1920	1080	50.0	10	3ce34aab67820b2e56599864a106498b	b85e25b0c863a9c3a1f884872af52d58	1920	1080	19202.0	7.0	8257.0	24399.0	False	True	0.9991738041241963	0.9980766819355646
Starting_1920x1080p_50_10b_pq_70	Starting_1920x1080p_50_10b_pq_70	svtav1	svtav1_20200416_8a13869_enc-mode0	60	32	0	2196253.0	2196.253	45.29566666666666	48.55133333333332	49.85900000000002	45.224914	48.515066	49.814614	95.5092355007068	1748547.0	29.14245	2779.62	1920	1080	50.0	10	3afc4ae0ac21860970ebad0a4476922c	406335f72ab2bc70984d014ee958cb22	1920	1080	18926.0	4.0	6962.0	23161.0	False	True	0.9986635913451513	0.9973240462540919
Starting_1920x1080p_50_10b_pq_70	Starting_1920x1080p_50_10b_pq_70	svtav1	svtav1_20200416_8a13869_enc-mode0	60	43	0	1223800.0	1223.8	43.29533333333333	47.14349999999999	47.945666666666654	43.225215	47.13614	47.936967	93.30595064974175	1582042.0	26.367366666666666	2344.0	1920	1080	50.0	10	2e0ec5d15821a48944887c0b723c284e	0bb4a8f4cd49e8590210636439dd192d	1920	1080	18637.0	18.0	6630.0	23642.0	False	True	0.9976267337799072	0.9959011789497311
Starting_1920x1080p_50_10b_pq_70	Starting_1920x1080p_50_10b_pq_70	svtav1	svtav1_20200416_8a13869_enc-mode0	60	55	0	551600.0	551.6	39.60816666666666	44.85	45.13133333333332	39.563971	44.848521	45.130731	86.37661288272292	1317280.0	21.954666666666668	1991.35	1920	1080	50.0	10	90fa6e62296b3bf8f087849496d239c9	305535ce1be8da7db7eb4823d64b98e6	1920	1080	19317.0	6.0	6263.0	23705.0	False	True	0.9937734186649323	0.99073763374115
Starting_1920x1080p_50_10b_pq_70	Starting_1920x1080p_50_10b_pq_70	svtav1	svtav1_20200416_8a13869_enc-mode0	60	59	0	316660.0	316.66	36.883	43.230999999999995	43.35349999999999	36.862423	43.23052	43.353531	77.64403623572557	1279749.0	21.32915	1880.27	1920	1080	50.0	10	f86ec15df8885268dac11b2774fb0cae	e308ea838e788704d774f7509445ed44	1920	1080	17932.0	5.0	5844.0	23270.0	False	True	0.9875516374905904	0.9826523400133802
blue_sky_360p_60f	blue_sky_360p_60f	svtav1	svtav1_20200416_8a13869_enc-mode0	60	20	0	1266480.0	1266.48	44.41116666666667	45.45	47.1885	44.304	45.364175	47.126137	99.95373470043712	626639.0	10.443983333333334	1048.93	640	360	25.0	8	31ca5f77ea69294c9286d896d795c9ab	82fa1771af0d0adf693bfc69b0c00d76	640	360	1808.0	4.0	2144.0	2832.0	False	False	0.9928342252969742	0.9985851705950256
blue_sky_360p_60f	blue_sky_360p_60f	svtav1	svtav1_20200416_8a13869_enc-mode0	60	32	0	607070.0	607.07	41.27599999999999	43.062000000000005	44.60333333333333	41.153682	42.997238	44.56770100000001	99.92421431696226	607346.0	10.122433333333333	1023.79	640	360	25.0	8	866c92da0ae01d1fff511857e5074a82	d3644036efba297eafe16bfa676e8e38	640	360	1910.0	4.0	1801.0	2812.0	False	False	0.9893066545327505	0.9977558664162846
blue_sky_360p_60f	blue_sky_360p_60f	svtav1	svtav1_20200416_8a13869_enc-mode0	60	43	0	348846.0	348.84600000000006	38.75	40.93166666666665	42.61233333333333	38.554726	40.835639	42.552189	99.44173942249067	455532.0	7.5922	774.31	640	360	25.0	8	4f118732dc7f52cd3f5a8703030e3145	1724d51f30f246577c49f8c007e1c9c1	640	360	1984.0	3.0	1651.0	2834.0	False	False	0.9843750864267349	0.9964995914060293
blue_sky_360p_60f	blue_sky_360p_60f	svtav1	svtav1_20200416_8a13869_enc-mode0	60	55	0	151490.0	151.49000000000004	34.843666666666664	37.10383333333333	39.31033333333333	34.71587	37.052983	39.28152	92.6351621292865	401654.0	6.694233333333333	650.29	640	360	25.0	8	cbe491e4f4d59f50ba8a0342fbd677f1	9fd1f688326a25accdddb80ac557985b	640	360	1754.0	3.0	1777.0	2952.0	False	False	0.9678329279025396	0.9920231305628399
blue_sky_360p_60f	blue_sky_360p_60f	svtav1	svtav1_20200416_8a13869_enc-mode0	60	59	0	97156.0	97.156	32.53249999999999	35.563833333333335	38.20016666666667	32.472323	35.545104	38.185514	86.06553193333188	339043.0	5.650716666666667	584.18	640	360	25.0	8	8ca39918dd03577638f7bb7a4fe13219	e68c564bdba8ee89450c967e058409de	640	360	1990.0	3.0	1490.0	2791.0	False	False	0.9506114244461059	0.9869967552961949
kirland360p_60f	kirland360p_60f	svtav1	svtav1_20200416_8a13869_enc-mode0	60	20	0	268376.0	268.376	47.27533333333333	48.42483333333336	49.58766666666667	47.202198	48.404271	49.568079	95.95210484112886	389560.0	6.492666666666667	609.23	640	360	30.0	8	f409d68919671c4967ce1a1bd830944b	13df13a3ce793b575634eb853f0e7b12	640	360	1363.0	3.0	802.0	2906.0	False	False	0.9908112396796545	0.9973611782458549
kirland360p_60f	kirland360p_60f	svtav1	svtav1_20200416_8a13869_enc-mode0	60	32	0	127572.0	127.57199999999999	45.90066666666667	47.84933333333333	48.73599999999999	45.7718	47.826761	48.712096	94.69601377104875	275531.0	4.592183333333334	487.26	640	360	30.0	8	3b509fa5fb075ab066266ea0c8719b40	6b7f4521a833fae27a77d744142098ef	640	360	1423.0	4.0	635.0	2877.0	False	False	0.989465519785881	0.9968664883321399
kirland360p_60f	kirland360p_60f	svtav1	svtav1_20200416_8a13869_enc-mode0	60	43	0	70832.0	70.83200000000001	44.121	47.22216666666666	47.70349999999999	43.872876	47.185977	47.593978	91.86222038766498	215233.0	3.5872166666666665	377.58	640	360	30.0	8	9417ab2da46564c787b01f658a768006	af37f9b0ee4ed0cca349eb43908fd29b	640	360	1349.0	2.0	514.0	2754.0	False	False	0.9872246225674947	0.9960461817559642
kirland360p_60f	kirland360p_60f	svtav1	svtav1_20200416_8a13869_enc-mode0	60	55	0	37472.0	37.472	41.036500000000004	46.063666666666656	45.94849999999999	40.698885	45.961283	45.672009	84.77514462776682	252542.0	4.209033333333333	404.11	640	360	30.0	8	47e3786a5b400267aeea7e35bed13fc8	88100bd7da5d87200e9a015282034fa3	640	360	1383.0	4.0	506.0	3146.0	False	False	0.9806943575541178	0.993552281653784
kirland360p_60f	kirland360p_60f	svtav1	svtav1_20200416_8a13869_enc-mode0	60	59	0	28296.0	28.296	39.28916666666667	44.99683333333333	44.81533333333335	38.917679	44.887053	44.487854	78.73327838682901	212255.0	3.5375833333333335	341.77	640	360	30.0	8	ff8032c103f68d93ed5b85cdb22e85c8	80df7a36ea74326415577f5a69d33d8e	640	360	1456.0	21.0	408.0	2920.0	False	False	0.9749036212762197	0.9910706145847334
niklas360p_60f	niklas360p_60f	svtav1	svtav1_20200416_8a13869_enc-mode0	60	20	0	1398872.0	1398.872	44.388166666666685	47.75333333333334	47.44466666666666	44.299267	47.678524	47.361357	98.3830215905588	909449.0	15.157483333333333	1521.52	640	360	30.0	8	c9760f12605cd36f47602eda4b6f52c6	fa89214f9e0f79550176206a82ec21b1	640	360	1648.0	3.0	1922.0	3003.0	False	False	0.986508525411288	0.9968553557141792
niklas360p_60f	niklas360p_60f	svtav1	svtav1_20200416_8a13869_enc-mode0	60	32	0	769592.0	769.592	41.935833333333335	46.34966666666666	45.8233333333333	41.843842	46.262748	45.729471	96.71696391034932	785730.0	13.0955	1231.4	640	360	30.0	8	0a354194a9c6611fa2f01566274f4187	bf905e0474367bc801a24cce86f3eb4c	640	360	1745.0	3.0	1623.0	3565.0	False	False	0.9811140656471252	0.9951682927912611
niklas360p_60f	niklas360p_60f	svtav1	svtav1_20200416_8a13869_enc-mode0	60	43	0	404008.0	404.008	38.928666666666665	44.48600000000001	43.6485	38.840632	44.443194	43.594737	93.0535206594876	459152.0	7.652533333333333	834.46	640	360	30.0	8	b9c831c3051afe0fa77401975e51975f	c2868afb1bdfb3ee3e0625fef1e97c6b	640	360	1784.0	4.0	1324.0	2845.0	False	False	0.970842769742012	0.9916450578796616
niklas360p_60f	niklas360p_60f	svtav1	svtav1_20200416_8a13869_enc-mode0	60	55	0	200052.0	200.052	35.39083333333333	42.06616666666665	41.05816666666666	35.32837	42.03072	41.026146	85.15111386204708	464611.0	7.743516666666666	770.13	640	360	30.0	8	0b3909171115d8bf29f68c05d02a22e6	aeb555d4e49043aca3bb4c8f3200fcf0	640	360	1734.0	4.0	1259.0	3016.0	False	False	0.9486986815929412	0.9829024043003052
niklas360p_60f	niklas360p_60f	svtav1	svtav1_20200416_8a13869_enc-mode0	60	59	0	134112.0	134.112	33.30716666666666	40.55016666666668	39.3305	33.272122	40.53146	39.30261699999999	77.90608215436941	430529.0	7.175483333333333	728.21	640	360	30.0	8	79413de4b959db48437e7b437f03c9a7	1a9858691dd0ede9f9559b1735b982f3	640	360	1729.0	5.0	1186.0	4036.0	False	False	0.9269679397344589	0.9734197541205887
shields_640x360_60f	shields_640x360_60f	svtav1	svtav1_20200416_8a13869_enc-mode0	60	20	0	2270773.0	2270.773	42.40266666666666	45.510000000000005	47.20833333333332	42.263186	45.484464	47.135634	99.45531328890911	815397.0	13.58995	1366.07	640	360	50.0	8	82469d1d9411a55945e75b90e24a4a6f	4e50360199b247179e662a7fc0dee268	640	360	2409.0	3.0	1671.0	3152.0	False	False	0.9857750793298086	0.9982901289547
shields_640x360_60f	shields_640x360_60f	svtav1	svtav1_20200416_8a13869_enc-mode0	60	32	0	1205653.0	1205.653	40.60716666666667	43.91316666666667	45.53833333333334	40.403923	43.865156	45.420134	99.43914996334931	730895.0	12.181583333333334	1231.01	640	360	50.0	8	b5220476eb695b1f30c089f5aef29158	08fdc53811df5f0f581e5dbb6369386a	640	360	2365.0	4.0	1502.0	3123.0	False	False	0.9810416042804718	0.9976263066983196
shields_640x360_60f	shields_640x360_60f	svtav1	svtav1_20200416_8a13869_enc-mode0	60	43	0	643406.0	643.4060000000001	38.083666666666666	41.304333333333325	43.087333333333326	37.804882	41.218384	42.917468	99.3974726536986	527127.0	8.78545	890.85	640	360	50.0	8	103ed2ce5a2d4e807fede1b25a013e5d	3650ebe9ad479cdeb9167677a9991d3e	640	360	2448.0	4.0	1207.0	3026.0	False	False	0.9700519333283106	0.9958451305378744
shields_640x360_60f	shields_640x360_60f	svtav1	svtav1_20200416_8a13869_enc-mode0	60	55	0	327733.0	327.733	34.6335	38.22866666666666	40.327833333333345	34.283232	38.06953	40.085141	95.81043147693572	362599.0	6.043316666666667	638.57	640	360	50.0	8	f832c48ab8bdc7f271243989f93cc22f	a995c556e26c0c6b224319c324746203	640	360	2495.0	4.0	1050.0	2994.0	False	False	0.9428913503885269	0.990418177415485
shields_640x360_60f	shields_640x360_60f	svtav1	svtav1_20200416_8a13869_enc-mode0	60	59	0	210606.0	210.60600000000002	32.12316666666666	36.39483333333332	38.49316666666667	31.710264	36.18324500000001	38.253167	88.89094352119665	338654.0	5.644233333333333	580.22	640	360	50.0	8	51ba9f60011475c360e7796c84980a2c	7df5f8b3b4e00a1ae6a2875960296e97	640	360	2422.0	4.0	933.0	2854.0	False	False	0.9070614745219548	0.9820962972204668
DinnerScene_1920x1080_2997_10b	DinnerScene_1920x1080_2997_10b	svtav1	svtav1_20200416_8a13869_enc-mode0	60	20	0	1279733.0	1279.733	41.79816666666666	42.65750000000002	47.52850000000001	41.796908	42.653215	47.528416	91.43443972069812	2643823.0	44.063716666666664	4509.95	1920	1080	29.97	10	ab6608aec93516e1d99ba4f9adae9297	84f8ca9df903e0a3c26cd073a5413c42	1920	1080	20470.0	3.0	15599.0	22470.0	False	True	0.9941522866487503	0.988236371516344
DinnerScene_1920x1080_2997_10b	DinnerScene_1920x1080_2997_10b	svtav1	svtav1_20200416_8a13869_enc-mode0	60	32	0	263194.0	263.194	41.61766666666667	42.28416666666665	47.363833333333346	41.617071	42.283025	47.363324	89.62409531255437	2340309.0	39.00515	3571.8	1920	1080	29.97	10	a2654480ce7d5ea0bc2a42020d6cb5e8	754110c406d9664a678208dfbeeb1556	1920	1080	20786.0	3.0	9284.0	22997.0	False	True	0.9934215098619461	0.9875019218186143
DinnerScene_1920x1080_2997_10b	DinnerScene_1920x1080_2997_10b	svtav1	svtav1_20200416_8a13869_enc-mode0	60	43	0	138297.0	138.297	41.337499999999984	42.195833333333354	47.1491666666667	41.337412	42.196134	47.149028	86.23898365703545	1894471.0	31.574516666666668	2743.07	1920	1080	29.97	10	626b86a62e60bed92a78f52fd698c5a3	b285f7246c405b75c871d8f7044f4182	1920	1080	21878.0	28.0	7829.0	24147.0	False	True	0.9923604985078176	0.9864654516232804
DinnerScene_1920x1080_2997_10b	DinnerScene_1920x1080_2997_10b	svtav1	svtav1_20200416_8a13869_enc-mode0	60	55	0	63538.0	63.538	40.45066666666665	41.80733333333332	46.31416666666664	40.446621	41.807149	46.311792	76.458841421308	1772691.0	29.54485	2494.87	1920	1080	29.97	10	d078731e35e2d950e93674f6fec73bcd	c66acaf22f2e3abf8498d2a7991ca107	1920	1080	21086.0	4.0	7768.0	24660.0	False	True	0.987938850124677	0.9824665730247237
DinnerScene_1920x1080_2997_10b	DinnerScene_1920x1080_2997_10b	svtav1	svtav1_20200416_8a13869_enc-mode0	60	59	0	47911.0	47.910999999999994	39.798666666666655	41.575	45.855666666666636	39.785909	41.574431	45.85128	68.57694006214466	1630504.0	27.175066666666666	2368.69	1920	1080	29.97	10	77c36d864f73a211a7db93620cbfd28e	778b325f08670aa1c120689162f69c3e	1920	1080	23052.0	8.0	8274.0	24486.0	False	True	0.9848065704107285	0.9797412138717747
ShowGirl2TeaserClip4000_1920x108	ShowGirl2TeaserClip4000_1920x108	svtav1	svtav1_20200416_8a13869_enc-mode0	60	20	0	2817983.0	2817.983	42.38116666666666	46.626666666666665	49.48533333333331	42.378868	46.623894	49.482221	95.35175584616682	3377721.0	56.29535	5711.91	1920	1080	25.0	10	f042362bee64123325c3445e30f4cffe	e8727efb601f30270561d6bddc830ddc	1920	1080	21504.0	9.0	10664.0	23464.0	False	True	0.9960990568002065	0.9914888384337319
ShowGirl2TeaserClip4000_1920x108	ShowGirl2TeaserClip4000_1920x108	svtav1	svtav1_20200416_8a13869_enc-mode0	60	32	0	1263943.0	1263.943	41.675500000000014	46.272333333333336	48.85949999999998	41.669753	46.269316	48.857607	93.45265835025872	3367042.0	56.11736666666667	5488.1	1920	1080	25.0	10	1cc648e007824060a3f6b4a75073dc28	5ffd7137cdcd9fb39afcbdfdd78bf55a	1920	1080	21153.0	6.0	9082.0	24484.0	False	True	0.9950690070788065	0.9901913928373561
ShowGirl2TeaserClip4000_1920x108	ShowGirl2TeaserClip4000_1920x108	svtav1	svtav1_20200416_8a13869_enc-mode0	60	43	0	672440.0	672.44	40.64849999999999	45.80533333333333	48.0833333333333	40.630358	45.802316	48.081161	90.0177615408126	2093542.0	34.89236666666667	3349.83	1920	1080	25.0	10	69110ff4bea5654bd7a66071659f9fad	3245250b74a4664365cc4350590e4235	1920	1080	19900.0	3.0	7547.0	23098.0	False	True	0.9931089172760645	0.9879888591998374
ShowGirl2TeaserClip4000_1920x108	ShowGirl2TeaserClip4000_1920x108	svtav1	svtav1_20200416_8a13869_enc-mode0	60	55	0	293630.0	293.63	38.49883333333333	44.71299999999999	46.467166666666664	38.46396	44.711361	46.4665	81.1858247215676	1847555.0	30.792583333333333	2771.29	1920	1080	25.0	10	03093a9a732eb9bdca7f60c811211dae	6f93b42f2a925baffd3819dff51ac9b9	1920	1080	21711.0	4.0	6906.0	24640.0	False	True	0.9867608974377314	0.98127350686494
ShowGirl2TeaserClip4000_1920x108	ShowGirl2TeaserClip4000_1920x108	svtav1	svtav1_20200416_8a13869_enc-mode0	60	59	0	177580.0	177.58	36.7465	43.491166666666665	45.23816666666665	36.724153	43.490846	45.237897	72.42236833125277	1587542.0	26.459033333333334	2378.08	1920	1080	25.0	10	1f52f78e7a6f190a587344272e4d4655	9bfda11f66b73b461c11d899386b3b0a	1920	1080	21733.0	3.0	7305.0	24248.0	False	True	0.9786650717258454	0.9729334559370556
DOTA2_60f_420	DOTA2_60f_420	svtav1	svtav1_20200416_8a13869_enc-mode0	60	20	0	14389376.0	14389.376	45.18966666666667	48.893166666666666	49.04833333333334	45.150229	48.835564	49.022333	97.51252735331416	3630907.0	60.515116666666664	5404.4	1920	1080	60.0	8	9241f8149e734bd7b1ec1405decbac64	c0f91e90d64e02a241cc4bb4e8940308	1920	1080	12451.0	25.0	8986.0	23358.0	False	False	0.9985323776801427	0.9971470319884097
DOTA2_60f_420	DOTA2_60f_420	svtav1	svtav1_20200416_8a13869_enc-mode0	60	32	0	7163568.0	7163.568	42.86516666666666	46.83816666666669	47.11033333333333	42.783136	46.736791	47.063493	95.60781172984959	2725368.0	45.4228	4726.86	1920	1080	60.0	8	549a829058b57a9c039490eb6eba4c8e	ac4a3938355b34b80f805cbc6e6ba2e9	1920	1080	12465.0	7.0	8546.0	24031.0	False	False	0.9971951186656952	0.9948867639908886
DOTA2_60f_420	DOTA2_60f_420	svtav1	svtav1_20200416_8a13869_enc-mode0	60	43	0	3363064.0	3363.064	40.048	44.25983333333331	44.64100000000003	39.950413	44.154178	44.5966	91.59589366179583	2323219.0	38.72031666666667	3446.77	1920	1080	60.0	8	ecddd39dc014bd038436e7270ce613ad	ce5dba61dbb7c7dc57f027ac811f6f67	1920	1080	12273.0	8.0	7546.0	24838.0	False	False	0.9933978378772735	0.9891419102479049
DOTA2_60f_420	DOTA2_60f_420	svtav1	svtav1_20200416_8a13869_enc-mode0	60	55	0	1300176.0	1300.176	36.42850000000001	40.883166666666654	41.19566666666667	36.35219399999999	40.810499	41.167613	80.90798887429736	1718532.0	28.6422	2528.63	1920	1080	60.0	8	c4a36030eeea659ed4cd659b3d91ede5	bbc255ca0a85f32338b9d9cd8e973760	1920	1080	12518.0	4.0	6704.0	24164.0	False	False	0.9787841965754827	0.972056865942567
DOTA2_60f_420	DOTA2_60f_420	svtav1	svtav1_20200416_8a13869_enc-mode0	60	59	0	823512.0	823.512	34.67966666666667	39.22416666666666	39.56400000000001	34.631522	39.180165	39.546654	72.42206792670137	1494960.0	24.916	2117.46	1920	1080	60.0	8	0e1f026488192e002aea2e5316a962b2	c7892c38e148dd8788710e30a58d1a15	1920	1080	12367.0	3.0	5526.0	22996.0	False	False	0.9650745213031768	0.958221941639381
Netflix_DrivingPOV_1280x720_60fp	Netflix_DrivingPOV_1280x720_60fp	svtav1	svtav1_20200416_8a13869_enc-mode0	60	20	0	10886488.0	10886.488	42.706333333333326	46.33783333333333	45.037499999999994	42.683237	46.328689000000004	45.030986	99.66538000078569	2808568.0	46.809466666666665	4478.27	1280	720	60.0	8	d4afe7f38f077ec3796c3eb52b77a6fe	5e8d89cc22f7c1da8f67856510362e89	1280	720	6540.0	3.0	7094.0	9861.0	False	False	0.9979598144690196	0.9973667432748418
Netflix_DrivingPOV_1280x720_60fp	Netflix_DrivingPOV_1280x720_60fp	svtav1	svtav1_20200416_8a13869_enc-mode0	60	32	0	5113136.0	5113.136	40.220000000000006	45.0275	44.09016666666666	40.181397	45.009717	44.083045	98.53926760060327	2271923.0	37.865383333333334	3550.91	1280	720	60.0	8	a2a8602048b31fac72ea8b47ae81f8ec	678a4772b5634b99b54a79b9e7708a39	1280	720	7277.0	20.0	5835.0	9715.0	False	False	0.9962399899959564	0.9952227776565957
Netflix_DrivingPOV_1280x720_60fp	Netflix_DrivingPOV_1280x720_60fp	svtav1	svtav1_20200416_8a13869_enc-mode0	60	43	0	2641224.0	2641.224	37.8695	43.586999999999996	43.145833333333336	37.80428100000001	43.564348	43.137478	96.05305016814536	1660103.0	27.668383333333335	2482.86	1280	720	60.0	8	d3c68a9ca00466af1eb2a2b35eb72c76	5581a1f9efb39605f1c5b6a81cf85b17	1280	720	6426.0	5.0	5854.0	11230.0	False	False	0.9919924606879552	0.9910044885062054
Netflix_DrivingPOV_1280x720_60fp	Netflix_DrivingPOV_1280x720_60fp	svtav1	svtav1_20200416_8a13869_enc-mode0	60	55	0	1094560.0	1094.56	34.554666666666655	41.182333333333325	41.49366666666666	34.505499	41.165197	41.48651	89.29891079614876	1200419.0	20.006983333333334	1846.35	1280	720	60.0	8	ad7d43060512644c07e22794f9442334	7a8354ab808ed34763e081251b69a5d1	1280	720	6763.0	3.0	5104.0	10574.0	False	False	0.984431478381157	0.9833066755141783
Netflix_DrivingPOV_1280x720_60fp	Netflix_DrivingPOV_1280x720_60fp	svtav1	svtav1_20200416_8a13869_enc-mode0	60	59	0	678640.0	678.64	32.618333333333325	39.54633333333332	40.217333333333336	32.594575	39.538627	40.213924	83.04719635079736	1090237.0	18.170616666666668	1712.32	1280	720	60.0	8	0a5d3e593039985fede9116de4135000	9743b45bf74e26d95d12533a7df027e1	1280	720	6368.0	5.0	5093.0	10282.0	False	False	0.9767215559879939	0.9752702612858555
Netflix_PierSeaside_1920x1080_60	Netflix_PierSeaside_1920x1080_60	svtav1	svtav1_20200416_8a13869_enc-mode0	60	20	0	7244096.0	7244.096	45.36366666666666	47.39233333333333	45.46883333333334	45.331566	47.377971	45.451645	99.86821497757224	2983884.0	49.7314	4514.78	1920	1080	60.0	8	8dd932446901b355b3fdd3265df7b580	f6822cb8e5e890101411ff14c0c4a7e1	1920	1080	10884.0	4.0	10336.0	22830.0	False	False	0.9980472107728322	0.9968328875414965
Netflix_PierSeaside_1920x1080_60	Netflix_PierSeaside_1920x1080_60	svtav1	svtav1_20200416_8a13869_enc-mode0	60	32	0	3126232.0	3126.2319999999995	43.639666666666685	46.63400000000001	44.905833333333334	43.578115	46.617662	44.888487000000005	99.357213935261	2224883.0	37.081383333333335	3380.98	1920	1080	60.0	8	04558bf2fcfbc8a770a4d9aa3e1d7092	a04f3322ab9d49867ca1c034723a77e9	1920	1080	11331.0	6.0	9639.0	24337.0	False	False	0.9969994386037191	0.9952170304886501
Netflix_PierSeaside_1920x1080_60	Netflix_PierSeaside_1920x1080_60	svtav1	svtav1_20200416_8a13869_enc-mode0	60	43	0	1423952.0	1423.952	41.59600000000002	45.37766666666667	44.02566666666667	41.512708	45.361332999999995	44.01093	97.25289381171828	1687452.0	28.1242	2586.0	1920	1080	60.0	8	a3b069657057b058c8e716a4e042b28a	2977bec5ce377906f6fc56815717fd2b	1920	1080	11376.0	4.0	8867.0	24693.0	False	False	0.9948516398668289	0.9921473626918408
Netflix_PierSeaside_1920x1080_60	Netflix_PierSeaside_1920x1080_60	svtav1	svtav1_20200416_8a13869_enc-mode0	60	55	0	540648.0	540.648	38.54916666666667	42.84383333333334	42.119166666666665	38.48813	42.83349	42.110722	90.59887815209868	1151624.0	19.193733333333334	1758.17	1920	1080	60.0	8	ee7c49b9f811aa63e2c6e43a528386cc	45585d1e118b609350e3f073af5ff8ff	1920	1080	10355.0	3.0	7749.0	22459.0	False	False	0.9889752219120661	0.9848902255692507
Netflix_PierSeaside_1920x1080_60	Netflix_PierSeaside_1920x1080_60	svtav1	svtav1_20200416_8a13869_enc-mode0	60	59	0	326288.0	326.28799999999995	36.71783333333334	41.34716666666667	40.831333333333355	36.67629	41.340787	40.826154	83.90030091127784	1078202.0	17.970033333333333	1577.42	1920	1080	60.0	8	ca25d735992733553bd882fb1987478f	425465779b49f733d32c680cc71fb74e	1920	1080	10351.0	4.0	8624.0	22894.0	False	False	0.9836849977572759	0.9788145258098658
Netflix_RollerCoaster_1280x720_6	Netflix_RollerCoaster_1280x720_6	svtav1	svtav1_20200416_8a13869_enc-mode0	60	20	0	7946248.0	7946.2480000000005	44.692833333333326	46.57533333333333	46.63416666666667	44.67543	46.563195	46.625797	99.89873278257613	2627241.0	43.78735	4036.67	1280	720	60.0	8	3ba80cfb55b6dced4abfdfaee0dd40b2	9bf09e9f27de56123e0b86517070d1eb	1280	720	6517.0	4.0	7499.0	10296.0	False	False	0.9978710820277532	0.9974741102733086
Netflix_RollerCoaster_1280x720_6	Netflix_RollerCoaster_1280x720_6	svtav1	svtav1_20200416_8a13869_enc-mode0	60	32	0	3935696.0	3935.6960000000004	42.37533333333333	44.835499999999996	45.25216666666668	42.350239	44.81547	45.242575	99.84045101590476	2202616.0	36.71026666666667	3567.55	1280	720	60.0	8	ac65993aac2ebf25c1879ec9f87d8f8a	13ab86e956e2a67e5f04038475ee6905	1280	720	5675.0	13.0	6608.0	11779.0	False	False	0.9962859402100245	0.9957878605593016
Netflix_RollerCoaster_1280x720_6	Netflix_RollerCoaster_1280x720_6	svtav1	svtav1_20200416_8a13869_enc-mode0	60	43	0	2075264.0	2075.264	40.02666666666667	42.982166666666664	43.76716666666667	39.985067	42.950187	43.750514	97.59884985482881	1602176.0	26.702933333333334	2545.9	1280	720	60.0	8	d8814cedbcf9e11d790d99407cea28f0	b68f2a38781d3b56163198e16c63ad47	1280	720	5631.0	4.0	6283.0	9823.0	False	False	0.9931497871875763	0.9926277138980099
Netflix_RollerCoaster_1280x720_6	Netflix_RollerCoaster_1280x720_6	svtav1	svtav1_20200416_8a13869_enc-mode0	60	55	0	939072.0	939.072	36.663999999999994	40.098	41.47933333333334	36.625227	40.059466	41.459112	87.99663411278408	1108525.0	18.475416666666668	1827.52	1280	720	60.0	8	14dad488149d806d6a2e6b1be18c940b	411036b5e6ca3110a61dec3860082507	1280	720	5510.0	9.0	5427.0	9716.0	False	False	0.9823554277420044	0.9826106727756708
Netflix_RollerCoaster_1280x720_6	Netflix_RollerCoaster_1280x720_6	svtav1	svtav1_20200416_8a13869_enc-mode0	60	59	0	637496.0	637.496	34.87766666666666	38.429666666666655	40.16183333333334	34.844659	38.394353	40.141955	79.69225731397319	1062141.0	17.70235	1673.47	1280	720	60.0	8	c26e103b343b5d1713f5ba84f42ae3cb	12315a058e615882af85623eb3b6ad8d	1280	720	5717.0	4.0	5379.0	10336.0	False	False	0.9711300690968832	0.9731023632489167
STARCRAFT_60f_420	STARCRAFT_60f_420	svtav1	svtav1_20200416_8a13869_enc-mode0	60	20	0	6965568.0	6965.568	49.86183333333333	52.870499999999986	52.93849999999999	49.85165	52.861916	52.93369599999999	97.51641124523026	1971127.0	32.85211666666667	2733.08	1920	1080	60.0	8	627d9bad731b5872dac583fd812728f2	2aa1c135e53a025555613df0ece6b032	1920	1080	11461.0	5.0	3128.0	26485.0	False	False	0.9995396902163823	0.9991168253860997
STARCRAFT_60f_420	STARCRAFT_60f_420	svtav1	svtav1_20200416_8a13869_enc-mode0	60	32	0	4314776.0	4314.776	47.02416666666667	50.9685	51.169	47.005173	50.946568	51.158572	96.84873928994648	1636425.0	27.27375	2615.76	1920	1080	60.0	8	7f07d482034dc83916f262cc31e5e0aa	2f9b5ef59ae152e22242f3dbf538dbda	1920	1080	11076.0	3.0	2911.0	23213.0	False	False	0.9990673840045929	0.9983462729228267
STARCRAFT_60f_420	STARCRAFT_60f_420	svtav1	svtav1_20200416_8a13869_enc-mode0	60	43	0	2422824.0	2422.824	43.43499999999998	48.320833333333354	48.5725	43.411636	48.296346	48.561304	95.19043202167778	1422795.0	23.71325	2151.36	1920	1080	60.0	8	0f64b7d51b4dc0edcfde9a1989039b64	952b7e4f126d3038d6f4c779f95b75c2	1920	1080	10752.0	2.0	2903.0	23721.0	False	False	0.9977293938398362	0.9962839226312041
STARCRAFT_60f_420	STARCRAFT_60f_420	svtav1	svtav1_20200416_8a13869_enc-mode0	60	55	0	1043680.0	1043.68	38.5305	44.5485	44.6655	38.508043	44.520894	44.648089	89.76635748994458	1168882.0	19.481366666666666	1730.31	1920	1080	60.0	8	c66ab65be0c7f7571dee6ec34f4ec8b8	26f536c11a1dc72abaea1ced19c39eda	1920	1080	11731.0	5.0	2890.0	25460.0	False	False	0.9921613405148189	0.9888643767411796
STARCRAFT_60f_420	STARCRAFT_60f_420	svtav1	svtav1_20200416_8a13869_enc-mode0	60	59	0	603776.0	603.776	35.61350000000001	42.2925	42.26799999999999	35.601074	42.273539	42.2577	82.70176064625453	939185.0	15.653083333333333	1395.99	1920	1080	60.0	8	7f0cd5db72baf3afd5eb4e7dc6bd11d7	2c7e901f0049946fbde28ed73d81fe5c	1920	1080	10834.0	5.0	2392.0	23269.0	False	False	0.9837365170319875	0.9785800137171502
dark720p_60f	dark720p_60f	svtav1	svtav1_20200416_8a13869_enc-mode0	60	20	0	6424008.0	6424.008	45.893499999999996	42.79399999999998	44.280666666666654	45.875512	42.671834	44.214812	96.13783437899717	2569547.0	42.825783333333334	4178.53	1280	720	30.0	8	282e3a70d3999ea243dbeb7f8c079308	a06dccc625abb76c769188c44ba2f709	1280	720	4885.0	6.0	10592.0	10035.0	False	False	0.9940382540225983	0.9948835279332667
dark720p_60f	dark720p_60f	svtav1	svtav1_20200416_8a13869_enc-mode0	60	32	0	1437584.0	1437.584	43.410999999999994	38.78416666666666	41.637499999999996	43.393295	38.756287	41.628226	93.17163966099419	1711194.0	28.5199	2851.5	1280	720	30.0	8	e9629fe1b77de963cac581bcb55c8583	a2254928f86c533209a45de24c6f5031	1280	720	4460.0	8.0	8117.0	9677.0	False	False	0.9911458243926367	0.9926026245878048
dark720p_60f	dark720p_60f	svtav1	svtav1_20200416_8a13869_enc-mode0	60	43	0	266428.0	266.428	42.22916666666665	36.903833333333324	40.812999999999995	42.217441	36.899115	40.806838	90.71080059061383	1035203.0	17.253383333333332	1589.73	1280	720	30.0	8	cdc700f13312ca3224b3d2391de26916	44167c7ec9a17a9ff164324652b17e5b	1280	720	4759.0	4.0	5109.0	10209.0	False	False	0.9896472722291947	0.991421701131767
dark720p_60f	dark720p_60f	svtav1	svtav1_20200416_8a13869_enc-mode0	60	55	0	108384.0	108.384	40.66833333333332	36.20100000000001	39.79633333333334	40.656965	36.198654	39.789545	86.2131713706481	609270.0	10.1545	929.74	1280	720	30.0	8	c53a3fe6fd0a1df65af357eddcfe8797	de9da92ad64d7d311a12ae6071d744e1	1280	720	5004.0	5.0	2950.0	9909.0	False	False	0.9854416767756145	0.9882272413677415
dark720p_60f	dark720p_60f	svtav1	svtav1_20200416_8a13869_enc-mode0	60	59	0	72736.0	72.736	39.27883333333334	35.537666666666645	38.80466666666666	39.270048	35.535681	38.792358	81.0953100183271	608177.0	10.136283333333333	886.1	1280	720	30.0	8	ef4fcb607472769072766711e77d9e04	d9cf50fea6f5d8b112d9873d9184df0b	1280	720	4888.0	19.0	2440.0	10214.0	False	False	0.9804420342048009	0.9844461115469454
gipsrestat720p_60f	gipsrestat720p_60f	svtav1	svtav1_20200416_8a13869_enc-mode0	60	20	0	3127340.0	3127.3400000000006	44.77483333333332	47.352166666666655	48.935000000000024	44.757766	47.348364999999994	48.932128	96.93362547837515	1616594.0	26.943233333333332	2459.57	1280	720	50.0	8	b2f9a815da5c131142ebaa8c17357b57	914412034a59e0c06ef115cfd7adf4ed	1280	720	5568.0	4.0	3691.0	10056.0	False	False	0.9975923677285512	0.9969269641402332
gipsrestat720p_60f	gipsrestat720p_60f	svtav1	svtav1_20200416_8a13869_enc-mode0	60	32	0	1291286.0	1291.286	43.25633333333332	46.848833333333324	48.35400000000001	43.22535	46.845014	48.349322	95.7911909338957	1237189.0	20.619816666666665	1814.81	1280	720	50.0	8	e44da8313271bcb0f82d59ffd2e98730	a6596bb43662a18f9fe99d5117349e36	1280	720	5780.0	3.0	2617.0	11061.0	False	False	0.9966307024161021	0.9959630042557043
gipsrestat720p_60f	gipsrestat720p_60f	svtav1	svtav1_20200416_8a13869_enc-mode0	60	43	0	689753.0	689.753	41.66366666666666	46.04683333333334	47.33466666666668	41.610984	46.044378	47.331903	94.08206515154693	890601.0	14.84335	1477.23	1280	720	50.0	8	6e279db55133663e507442371a7482f5	68d9b8c8e7922ea64ae4e3beefb186f6	1280	720	5714.0	4.0	2481.0	10817.0	False	False	0.9950403243303299	0.9944799752395609
gipsrestat720p_60f	gipsrestat720p_60f	svtav1	svtav1_20200416_8a13869_enc-mode0	60	55	0	327813.0	327.813	38.889833333333335	44.09633333333334	45.109	38.854901	44.095117	45.107498	89.29605816141175	545564.0	9.092733333333333	880.46	1280	720	50.0	8	0144b7ad613130b812fe41fd50eaf434	a4c359c3cf32ccfa283ccf64fc606713	1280	720	5557.0	4.0	1669.0	9857.0	False	False	0.9891644130150478	0.9894370852998189
gipsrestat720p_60f	gipsrestat720p_60f	svtav1	svtav1_20200416_8a13869_enc-mode0	60	59	0	203473.0	203.473	36.506499999999996	42.24216666666666	42.89133333333334	36.49425	42.241034	42.890014	83.14628760864139	632864.0	10.547733333333333	999.24	1280	720	50.0	8	b614e6aca6dec462dc488a2caf0ee221	71a0e090d8186a0d30d025e10f8cf1a7	1280	720	5619.0	3.0	1759.0	10348.0	False	False	0.980685223142306	0.9822395027576256
red_kayak_360p_60f	red_kayak_360p_60f	svtav1	svtav1_20200416_8a13869_enc-mode0	60	20	0	9088233.0	9088.233	41.118000000000016	44.696666666666665	49.254666666666665	41.08080499999999	44.674788	49.246038	99.87401790482599	1923705.0	32.06175	3445.21	640	360	29.97	8	730238fc0d9c895ddb843c8704cc26a0	ebde63b30ba97c001d1c0b2c844aaf69	640	360	2013.0	2.0	3718.0	2887.0	False	False	0.9724901894728343	0.994287828910864
red_kayak_360p_60f	red_kayak_360p_60f	svtav1	svtav1_20200416_8a13869_enc-mode0	60	32	0	5300796.0	5300.796	36.4775	42.20816666666666	47.90466666666667	36.41059	42.186383	47.890117	99.66369837479199	1959879.0	32.66465	3412.67	640	360	29.97	8	204330ca8c568d923311015d0d88ea48	b577f9a63cf7a630224fe484a11ce948	640	360	2009.0	4.0	3352.0	2937.0	False	False	0.9398729254802068	0.9857579923917784
red_kayak_360p_60f	red_kayak_360p_60f	svtav1	svtav1_20200416_8a13869_enc-mode0	60	43	0	2355424.0	2355.424	31.857666666666663	39.785833333333336	46.52366666666665	31.77053	39.76079	46.496111	86.03274856298168	1390678.0	23.177966666666666	2531.48	640	360	29.97	8	faaf612b23626cdf1e3b740ecc526d73	7f5acec1267028369187183739474f62	640	360	2008.0	3.0	2703.0	2995.0	False	False	0.8694573730230332	0.965146243308631
red_kayak_360p_60f	red_kayak_360p_60f	svtav1	svtav1_20200416_8a13869_enc-mode0	60	55	0	702759.0	702.759	27.997666666666678	37.82166666666668	45.37016666666666	27.926673	37.80235	45.298553	58.48115189853527	1162820.0	19.380333333333333	1939.35	640	360	29.97	8	42ea736f2f603dd922a7b3208b0b79d7	972ebf910a57a64f7ea4103cdcb1a330	640	360	2096.0	7.0	2737.0	3066.0	False	False	0.7530082156260808	0.9177974419355351
red_kayak_360p_60f	red_kayak_360p_60f	svtav1	svtav1_20200416_8a13869_enc-mode0	60	59	0	373724.0	373.724	26.802000000000003	37.27666666666666	44.741166666666686	26.745521	37.262452	44.618252	43.67113674569155	893064.0	14.8844	1496.15	640	360	29.97	8	d66adbc2caabcefde034b3559b737fdd	66b5df24d75f3610ad11a38984ad691d	640	360	2131.0	6.0	2243.0	3086.0	False	False	0.7035261621077855	0.8856213462027129
speed_bag_640x360_60f	speed_bag_640x360_60f	svtav1	svtav1_20200416_8a13869_enc-mode0	60	20	0	469734.0	469.734	46.954333333333324	49.68800000000002	51.10733333333333	46.866659	49.618109	51.042062	98.31034660753856	532698.0	8.8783	811.93	640	360	29.97	8	692c6b9d3c6b15c6f6c3c0c74172feff	cca7abf5263474241dd5269be66680e6	640	360	1370.0	4.0	1521.0	2936.0	False	False	0.9888391842444738	0.9975116018769484
speed_bag_640x360_60f	speed_bag_640x360_60f	svtav1	svtav1_20200416_8a13869_enc-mode0	60	32	0	250603.0	250.603	45.09766666666667	48.357833333333346	49.927666666666646	44.944659	48.237597	49.808754	97.25449221861255	524152.0	8.735866666666666	793.43	640	360	29.97	8	3ca6f182306a9fda1d9820748a782bfc	67d8f50cd42a416b87ec389f236264c1	640	360	1373.0	4.0	1544.0	3555.0	False	False	0.9857102235158285	0.9961484186852153
speed_bag_640x360_60f	speed_bag_640x360_60f	svtav1	svtav1_20200416_8a13869_enc-mode0	60	43	0	140416.0	140.416	43.03633333333332	46.652499999999996	48.409499999999994	42.816596	46.529595	48.250506	94.91300527428332	325100.0	5.418333333333333	534.41	640	360	29.97	8	0b1a5d4a1b5b5e2daff560591abba727	10ae7ef06c25475ddcb61cbd1e0de286	640	360	1364.0	4.0	1148.0	3044.0	False	False	0.9816208203633626	0.9939051762159913
speed_bag_640x360_60f	speed_bag_640x360_60f	svtav1	svtav1_20200416_8a13869_enc-mode0	60	55	0	70998.0	70.998	39.95716666666668	43.978500000000004	46.281833333333324	39.642642	43.838887	46.051557	85.77914408567656	258762.0	4.3127	448.88	640	360	29.97	8	ec72d52595dcbca80278e732f78b317e	931ff6f79b13da43ef8a31041d558bb4	640	360	1515.0	7.0	984.0	2842.0	False	False	0.9728052784999212	0.9883491238794542
speed_bag_640x360_60f	speed_bag_640x360_60f	svtav1	svtav1_20200416_8a13869_enc-mode0	60	59	0	51711.0	51.711	37.994	42.37533333333333	45.22149999999999	37.752121	42.271619	44.9848	78.06404342546944	308825.0	5.147083333333334	488.77	640	360	29.97	8	b24f0903ba9095bd4d94e88b9db22619	d407e5b6896412fa8834030f0e7f8356	640	360	1461.0	4.0	896.0	2895.0	False	False	0.9652066916227341	0.9829334206368442
thaloundeskmtg360p_60f	thaloundeskmtg360p_60f	svtav1	svtav1_20200416_8a13869_enc-mode0	60	20	0	876424.0	876.4240000000001	44.659	48.63616666666666	48.68533333333335	44.48327	48.576394	48.641893	96.9584660154369	733582.0	12.226366666666667	1274.1	640	360	30.0	8	7392e2463dc364a7e561584165b1a0ee	bdb26d887598f6f17733c8bca3f560c9	640	360	1723.0	6.0	2116.0	3745.0	False	False	0.9924019972483317	0.9983829821341577
thaloundeskmtg360p_60f	thaloundeskmtg360p_60f	svtav1	svtav1_20200416_8a13869_enc-mode0	60	32	0	450744.0	450.744	43.05016666666666	47.29833333333334	47.44483333333332	42.824927	47.252805	47.415643	95.78880153906297	604742.0	10.079033333333333	985.76	640	360	30.0	8	ae2be13076fdba7d497e38dcfeaa3a66	1d6283564d6acd7fd143d0285b5d3f2c	640	360	1783.0	2.0	989.0	3063.0	False	False	0.9900605052709579	0.9976483631224524
thaloundeskmtg360p_60f	thaloundeskmtg360p_60f	svtav1	svtav1_20200416_8a13869_enc-mode0	60	43	0	251648.0	251.648	41.03583333333335	45.73916666666666	45.86933333333332	40.725777	45.706606	45.8424	93.50804193747025	419372.0	6.989533333333333	704.2	640	360	30.0	8	fe1497e5b116e7b9e8ed3bc57e0ae681	cd9f51b9ddc2dbbd7b43220cb0595534	640	360	1744.0	4.0	753.0	3078.0	False	False	0.9862636456886927	0.9963271503067257
thaloundeskmtg360p_60f	thaloundeskmtg360p_60f	svtav1	svtav1_20200416_8a13869_enc-mode0	60	55	0	126092.0	126.092	37.73716666666667	42.847166666666666	42.7845	37.495016	42.831341	42.773489	88.04086929138838	361438.0	6.0239666666666665	543.45	640	360	30.0	8	42d826f5d30fc166d2362c9dbf47f8f9	d440369cf68d962a61edb552cc9ef457	640	360	1854.0	6.0	661.0	2990.0	False	False	0.9767613609631857	0.9924169416439651
thaloundeskmtg360p_60f	thaloundeskmtg360p_60f	svtav1	svtav1_20200416_8a13869_enc-mode0	60	59	0	87064.0	87.064	35.58983333333333	41.054666666666655	41.16750000000001	35.286216	41.041732	41.149198	82.42939509512385	261548.0	4.359133333333333	421.46	640	360	30.0	8	cfbc69bffd39271bd4be4828f4f58dab	2a1ccacdbefcca915608419720bf4d77	640	360	1611.0	2.0	674.0	3055.0	False	False	0.9667734901110331	0.9877721310245476
vidyo1_720p_60fps_60f	vidyo1_720p_60fps_60f	svtav1	svtav1_20200416_8a13869_enc-mode0	60	20	0	3620992.0	3620.992	45.46016666666665	48.08583333333332	49.4	45.440965	48.0797	49.397171	96.4734501954107	1198433.0	19.973883333333333	2095.74	1280	720	60.0	8	88380bd285f4aa5b64b4b413df153925	34cdc493ef176d4fc3b8bbf6d2f6c3c6	1280	720	5322.0	5.0	3350.0	9750.0	False	False	0.9975136568148931	0.9968967766262519
vidyo1_720p_60fps_60f	vidyo1_720p_60fps_60f	svtav1	svtav1_20200416_8a13869_enc-mode0	60	32	0	1408168.0	1408.168	43.96149999999998	47.57566666666666	48.78066666666666	43.953406	47.572057	48.77803099999999	95.13166250359102	1140619.0	19.010316666666668	1725.46	1280	720	60.0	8	95249220610718c6c8e7cf5326474d74	45b9e1ce384947c57682020a372d5baf	1280	720	5023.0	6.0	2809.0	9945.0	False	False	0.9960522164901098	0.9955021501604056
vidyo1_720p_60fps_60f	vidyo1_720p_60fps_60f	svtav1	svtav1_20200416_8a13869_enc-mode0	60	43	0	687584.0	687.584	42.47899999999998	46.85883333333333	47.83766666666668	42.469883	46.857117	47.835798	93.0133883360134	833181.0	13.88635	1243.28	1280	720	60.0	8	3c909a56e4da320a597658275ce1006e	7bd1b31a284653a2c06361ca428db0df	1280	720	5104.0	4.0	2341.0	10016.0	False	False	0.9940236965815227	0.993710635109768
vidyo1_720p_60fps_60f	vidyo1_720p_60fps_60f	svtav1	svtav1_20200416_8a13869_enc-mode0	60	55	0	320016.0	320.016	39.89650000000001	45.29933333333334	45.82799999999998	39.882166	45.298445	45.826072	87.14124937733368	580998.0	9.6833	948.76	1280	720	60.0	8	6796587a5a74247b5f45ef8d70cd38d3	671b3dfc75596edccf0fc05b580117e5	1280	720	5134.0	4.0	1930.0	10614.0	False	False	0.987448564171791	0.9883891343339263
vidyo1_720p_60fps_60f	vidyo1_720p_60fps_60f	svtav1	svtav1_20200416_8a13869_enc-mode0	60	59	0	209928.0	209.928	37.92116666666668	43.862166666666674	44.18466666666666	37.911289	43.861417	44.183836	80.81807750664517	665510.0	11.091833333333334	1015.57	1280	720	60.0	8	4a9b9f70ab363457f6a464e539d93e1d	b1b8667396d19af45e4f0a0f1cfe70c8	1280	720	5442.0	5.0	2260.0	10382.0	False	False	0.979020568728447	0.9816752375349359
vidyo4_720p_60fps_60f	vidyo4_720p_60fps_60f	svtav1	svtav1_20200416_8a13869_enc-mode0	60	20	0	5076656.0	5076.656	44.22533333333333	49.97650000000003	50.27883333333334	44.185219	49.971071	50.274374	97.75791313757347	1825318.0	30.421966666666666	2846.07	1280	720	60.0	8	5210b0022a6ef5cd5d7393c34dcd96d2	0efc71840bd388d6aab950fc184e159a	1280	720	5223.0	4.0	4711.0	9878.0	False	False	0.9964440544446309	0.9956663714403728
vidyo4_720p_60fps_60f	vidyo4_720p_60fps_60f	svtav1	svtav1_20200416_8a13869_enc-mode0	60	32	0	1778304.0	1778.304	42.75633333333334	49.32333333333334	49.626999999999995	42.708269	49.315793	49.620606	96.41303429856679	1380982.0	23.016366666666666	2241.39	1280	720	60.0	8	22f79cd1e44925505e83358dfcba2300	b3f0b8a7e1bf5fcaa89b170a6c2d1b66	1280	720	5133.0	3.0	3380.0	9742.0	False	False	0.9945850809415181	0.9938108521837262
vidyo4_720p_60fps_60f	vidyo4_720p_60fps_60f	svtav1	svtav1_20200416_8a13869_enc-mode0	60	43	0	892080.0	892.08	41.383	48.408333333333324	48.676666666666634	41.322347	48.396583	48.665399	94.33541781125244	804747.0	13.41245	1381.8	1280	720	60.0	8	5efb5a31951c49b11376f2fd885ed09a	27e68d77c72b482a43fdd20abee35a21	1280	720	4915.0	3.0	2846.0	9588.0	False	False	0.9917214671770732	0.9912559233380709
vidyo4_720p_60fps_60f	vidyo4_720p_60fps_60f	svtav1	svtav1_20200416_8a13869_enc-mode0	60	55	0	413968.0	413.968	39.07750000000001	46.64983333333331	46.80250000000001	39.010385	46.636961	46.790388	88.89286231161866	787523.0	13.125383333333334	1227.48	1280	720	60.0	8	400dd329c5d6a4fa7edc500daa29c714	39d58cb35ab61c0c6db864d3ea5b235c	1280	720	5318.0	18.0	2963.0	10381.0	False	False	0.9831880539655685	0.9843899927369459
vidyo4_720p_60fps_60f	vidyo4_720p_60fps_60f	svtav1	svtav1_20200416_8a13869_enc-mode0	60	59	0	268624.0	268.624	37.36166666666666	45.01550000000001	45.005	37.302037	45.005432	44.998331	83.24263401634691	643531.0	10.725516666666667	1061.41	1280	720	60.0	8	8a7498dae09fec84c762da66e18ac4a7	7caf0065f9a17ca16cebb17d316d900d	1280	720	5179.0	4.0	2424.0	9934.0	False	False	0.9730618456999461	0.9765330284526574
Sintel_Dragons_1920x816_24_10b	Sintel_Dragons_1920x816_24_10b	svtav1	svtav1_20200416_8a13869_enc-mode0	60	20	0	5095532.0	5095.532	46.91249999999999	51.23599999999999	51.37033333333334	46.858823	51.211429	51.328531	99.91555119494384	4545452.0	75.75753333333333	6997.25	1920	816	24.0	10	b25f6da8df7ed673d43c08d50ade5174	fbf1e42fcc0610a200ecb324c8430ef3	1920	816	10946.0	8.0	15684.0	16195.0	False	True	0.9967268317937851	0.9968762725453321
Sintel_Dragons_1920x816_24_10b	Sintel_Dragons_1920x816_24_10b	svtav1	svtav1_20200416_8a13869_enc-mode0	60	32	0	2578128.0	2578.128	43.70383333333335	48.678	48.72966666666666	43.661741	48.642324	48.66411	99.87017339106872	4124497.0	68.74161666666667	6526.92	1920	816	24.0	10	d7efa33122311f0b54b7120f913dadf5	4f0aca695247fb1e95ac110ca1e04e6a	1920	816	10731.0	9.0	13619.0	16558.0	False	True	0.9939075956741968	0.9943494334447974
Sintel_Dragons_1920x816_24_10b	Sintel_Dragons_1920x816_24_10b	svtav1	svtav1_20200416_8a13869_enc-mode0	60	43	0	1350825.0	1350.825	40.75400000000001	46.25583333333332	46.33166666666667	40.703988	46.208637	46.24824	97.77065959585524	3115720.0	51.928666666666665	5154.08	1920	816	24.0	10	ee8fd850e04f9ce4fda3201701fadf37	81a601c413f02950167052355613773e	1920	816	11123.0	5.0	12730.0	16250.0	False	True	0.9883107473452886	0.9896163431141903
Sintel_Dragons_1920x816_24_10b	Sintel_Dragons_1920x816_24_10b	svtav1	svtav1_20200416_8a13869_enc-mode0	60	55	0	660598.0	660.598	37.382	43.37083333333332	43.5055	37.343133	43.329385	43.434892	84.76024301733834	2497600.0	41.626666666666665	3717.04	1920	816	24.0	10	44e018215a37e1a8dc2fd7266f5dfed5	17e127df98bbfa4c96b40f21d0aabd42	1920	816	11228.0	4.0	11318.0	16293.0	False	True	0.9750196049610774	0.9788206153031797
Sintel_Dragons_1920x816_24_10b	Sintel_Dragons_1920x816_24_10b	svtav1	svtav1_20200416_8a13869_enc-mode0	60	59	0	465980.0	465.9800000000001	35.69533333333333	41.831166666666675	42.09066666666668	35.661973	41.794254	42.029467	75.03876767815967	2273305.0	37.888416666666664	3511.34	1920	816	24.0	10	48d598e793a164887ca71dd73ecf73b1	dc82a82cf0672e2c0cc4c265ab460f08	1920	816	11650.0	5.0	10345.0	17752.0	False	True	0.9641458799441656	0.9701121612486775
Market3_1920x1080p_50_10b_pq_709	Market3_1920x1080p_50_10b_pq_709	svtav1	svtav1_20200416_8a13869_enc-mode0	60	20	0	12492453.0	12492.453	44.913	51.44649999999999	52.421333333333344	44.892968	51.436172000000006	52.41482899999999	99.8268937685654	4275883.0	71.26471666666667	6682.37	1920	1080	50.0	10	b0b559f2a7198b9cbfed90d6076111b0	5b25197ce06d62118446c142ed19f0f9	1920	1080	20421.0	3.0	13694.0	22714.0	False	True	0.9992023179928462	0.9981959199724939
Market3_1920x1080p_50_10b_pq_709	Market3_1920x1080p_50_10b_pq_709	svtav1	svtav1_20200416_8a13869_enc-mode0	60	32	0	6232120.0	6232.12	42.170999999999985	49.25133333333335	50.36116666666667	42.137858	49.24564	50.358563	98.78877531593845	3551847.0	59.19745	5968.12	1920	1080	50.0	10	bd75e97646104f7c87bb78525e33dd42	5bf28c99a02f469d21567ef3b40d61de	1920	1080	21874.0	3.0	12345.0	23238.0	False	True	0.9984967192014058	0.996672239282722
Market3_1920x1080p_50_10b_pq_709	Market3_1920x1080p_50_10b_pq_709	svtav1	svtav1_20200416_8a13869_enc-mode0	60	43	0	3224240.0	3224.24	39.34483333333334	47.25383333333334	48.60249999999999	39.301032	47.2496	48.601164	95.39690981845821	3208876.0	53.48126666666667	4665.57	1920	1080	50.0	10	8e4786e1b48344642439964362424181	190ab1eec06013a9739bbf6ccb232066	1920	1080	20471.0	3.0	11464.0	23818.0	False	True	0.9967055559158325	0.9930720868457453
Market3_1920x1080p_50_10b_pq_709	Market3_1920x1080p_50_10b_pq_709	svtav1	svtav1_20200416_8a13869_enc-mode0	60	55	0	1306833.0	1306.833	35.50666666666667	44.563499999999976	46.167500000000004	35.481222	44.562408	46.16589	86.31564767079443	2255808.0	37.5968	3515.37	1920	1080	50.0	10	9066356f9830e82d0ab4394931bf4d84	7808cac732b9a696f658632fb9b8e512	1920	1080	20455.0	10.0	11483.0	23712.0	False	True	0.9889630873998007	0.9796192148801217
Market3_1920x1080p_50_10b_pq_709	Market3_1920x1080p_50_10b_pq_709	svtav1	svtav1_20200416_8a13869_enc-mode0	60	59	0	801673.0	801.673	33.62966666666667	43.13216666666669	44.57749999999999	33.615935	43.131218	44.57496	77.96218975127917	1854634.0	30.910566666666668	2936.22	1920	1080	50.0	10	74bae6495b8ff68d6fc43238bd59df24	b7dd3661d01478e6e85c5bfcad516b62	1920	1080	19867.0	7.0	10274.0	23290.0	False	True	0.9797846674919128	0.9667668828586724
Netflix_Aerial_1920x1080_60fps_8	Netflix_Aerial_1920x1080_60fps_8	svtav1	svtav1_20200416_8a13869_enc-mode0	60	20	0	20614744.0	20614.744	42.649499999999996	45.54733333333332	45.286333333333346	42.615564	45.532757999999994	45.278839	96.62670494646044	4392432.0	73.2072	7617.11	1920	1080	60.0	8	407f9d58d33838f82b3327b9cb1f95da	c9d5bdb9379e7abae59e3b1a1738d9f2	1920	1080	13432.0	6.0	15359.0	23066.0	False	False	0.9978910505771637	0.9964550698743977
Netflix_Aerial_1920x1080_60fps_8	Netflix_Aerial_1920x1080_60fps_8	svtav1	svtav1_20200416_8a13869_enc-mode0	60	32	0	9650496.0	9650.496000000001	40.5085	44.21966666666667	44.31966666666666	40.428666	44.203445	44.315059	94.21790820151321	4429640.0	73.82733333333333	6585.12	1920	1080	60.0	8	239902c8df5c3e849bcb1ae3600500cf	f42bd06c105ed3cad444c7bf3f5cd4d9	1920	1080	13763.0	5.0	13215.0	23646.0	False	False	0.996322974562645	0.9940259918982555
Netflix_Aerial_1920x1080_60fps_8	Netflix_Aerial_1920x1080_60fps_8	svtav1	svtav1_20200416_8a13869_enc-mode0	60	43	0	4755312.0	4755.312	38.09700000000001	42.64250000000002	43.1875	37.995520000000006	42.633538	43.184965	90.29525829616657	3215088.0	53.5848	4941.63	1920	1080	60.0	8	b3c68d227b0f21880be39e5b136e321f	018d5e654d2ba8d994bd5f584a3f446c	1920	1080	14989.0	4.0	11685.0	24799.0	False	False	0.993168502052625	0.98907570637069
Netflix_Aerial_1920x1080_60fps_8	Netflix_Aerial_1920x1080_60fps_8	svtav1	svtav1_20200416_8a13869_enc-mode0	60	55	0	1687920.0	1687.9200000000003	34.286666666666655	40.15516666666665	41.52100000000001	34.252472	40.149387	41.513925	80.33865483779961	2217120.0	36.952	3113.35	1920	1080	60.0	8	e922f804fa3793c14c2bc26d63794854	86fa127ea3217292a7d66ebb221a3e1e	1920	1080	13383.0	3.0	10316.0	23388.0	False	False	0.9818932960430781	0.9706328023866946
Netflix_Aerial_1920x1080_60fps_8	Netflix_Aerial_1920x1080_60fps_8	svtav1	svtav1_20200416_8a13869_enc-mode0	60	59	0	888664.0	888.664	32.094500000000004	38.92766666666668	40.81199999999999	32.085881	38.919145	40.802926	70.0493188482131	1882190.0	31.369833333333332	2752.55	1920	1080	60.0	8	a3f9a08b29b95d8e66949aaa925f70b9	3e9ca7a32a246fe94223734b72e9da64	1920	1080	13108.0	5.0	10475.0	25211.0	False	False	0.9650621026754379	0.9453034003553734
Netflix_Crosswalk_1920x1080_60fp	Netflix_Crosswalk_1920x1080_60fp	svtav1	svtav1_20200416_8a13869_enc-mode0	60	20	0	7332808.0	7332.808	45.4935	48.23200000000001	50.051166666666674	45.476874	48.225108	50.041625	98.99633622012932	3799722.0	63.3287	5947.58	1920	1080	60.0	8	6f711561796ecd9a01c8d45388d3662b	e12b6f4900b90a01962c3fcffe216707	1920	1080	9518.0	3.0	17576.0	23889.0	False	False	0.9975535949071248	0.9956453171225338
Netflix_Crosswalk_1920x1080_60fp	Netflix_Crosswalk_1920x1080_60fp	svtav1	svtav1_20200416_8a13869_enc-mode0	60	32	0	3663304.0	3663.3039999999996	44.13883333333331	47.376333333333356	49.14999999999999	44.105313	47.364866	49.132607	95.49471376603368	3476092.0	57.934866666666665	5312.61	1920	1080	60.0	8	ac584cf4321e240ae404c3f9e49deb8d	9b6591f26e2477401a4452370cef2585	1920	1080	10299.0	4.0	15690.0	23927.0	False	False	0.9957332919041316	0.9936509852985449
Netflix_Crosswalk_1920x1080_60fp	Netflix_Crosswalk_1920x1080_60fp	svtav1	svtav1_20200416_8a13869_enc-mode0	60	43	0	1836296.0	1836.296	42.31183333333333	46.225999999999985	47.93983333333333	42.253173	46.21485	47.926749	88.87626978096755	2484788.0	41.413133333333334	3624.9	1920	1080	60.0	8	9d17d8d7036d242767d4025fe4baedfe	c04a53dcad13c050133b2ebe9478bb77	1920	1080	9291.0	3.0	14528.0	23533.0	False	False	0.9915977249542872	0.9896621545097765
Netflix_Crosswalk_1920x1080_60fp	Netflix_Crosswalk_1920x1080_60fp	svtav1	svtav1_20200416_8a13869_enc-mode0	60	55	0	864576.0	864.5759999999999	39.655499999999996	44.463999999999984	46.063	39.5787	44.45085099999999	46.049679	74.85404215270303	1952027.0	32.53378333333333	2872.96	1920	1080	60.0	8	df5511cfa91929b1378522596eee3730	6a89f50ba1007b9a90beca85407cb696	1920	1080	9334.0	7.0	13010.0	25164.0	False	False	0.9805687516927719	0.9800534122493629
Netflix_Crosswalk_1920x1080_60fp	Netflix_Crosswalk_1920x1080_60fp	svtav1	svtav1_20200416_8a13869_enc-mode0	60	59	0	618728.0	618.728	38.249833333333335	43.46249999999999	44.98566666666666	38.179621	43.449901	44.974517	65.5492512962714	1871721.0	31.19535	2661.87	1920	1080	60.0	8	7bfa7c5a9f310e1d79d8f4baee516ed8	91df880f03d061e2d989995e998fce28	1920	1080	9427.0	4.0	11838.0	24720.0	False	False	0.9711126257975896	0.9722489820554842
Netflix_FoodMarket_1920x1080_60f	Netflix_FoodMarket_1920x1080_60f	svtav1	svtav1_20200416_8a13869_enc-mode0	60	20	0	19776248.0	19776.248	40.94916666666665	44.78466666666666	45.5455	40.941255	44.781154	45.544187	99.08095364329162	7089267.0	118.15445	11502.91	1920	1080	60.0	8	0454d5a3731a92efe312755f28bbab43	391f857d450c7e303832cbf28735b3d7	1920	1080	12446.0	9.0	19271.0	23559.0	False	False	0.9950305620829264	0.9894595473291867
Netflix_FoodMarket_1920x1080_60f	Netflix_FoodMarket_1920x1080_60f	svtav1	svtav1_20200416_8a13869_enc-mode0	60	32	0	6624144.0	6624.144	39.64716666666667	43.95000000000001	44.909500000000016	39.639015	43.94425	44.907498	95.78750294400449	5247706.0	87.46176666666666	8135.05	1920	1080	60.0	8	6ab299217e96762df63d8ed66947e485	eaf554a802e600bbbb327a594e4b9f65	1920	1080	12620.0	6.0	13545.0	23870.0	False	False	0.9917184591293335	0.9847672443324973
Netflix_FoodMarket_1920x1080_60f	Netflix_FoodMarket_1920x1080_60f	svtav1	svtav1_20200416_8a13869_enc-mode0	60	43	0	3204224.0	3204.224	38.23733333333332	43.018333333333345	44.12799999999998	38.219686	43.011119	44.12502299999999	90.56989608234034	3501195.0	58.35325	5363.79	1920	1080	60.0	8	68363d0047e01df180f802d7de8e6a8b	3e80deb33e4a82591a58ddd49683ddc5	1920	1080	13352.0	5.0	12172.0	23632.0	False	False	0.9862313280502956	0.977879986389678
Netflix_FoodMarket_1920x1080_60f	Netflix_FoodMarket_1920x1080_60f	svtav1	svtav1_20200416_8a13869_enc-mode0	60	55	0	1364200.0	1364.2	35.934000000000005	41.58383333333333	42.644499999999994	35.908059	41.574021	42.637245	77.89746496962997	2413578.0	40.2263	3613.78	1920	1080	60.0	8	55139e4f72c7d4cd13df35daf921eda7	79dc3c1e955ab3e6fdca11d6bd2f9821	1920	1080	12359.0	4.0	10527.0	23848.0	False	False	0.9678164154291153	0.9584911867112379
Netflix_FoodMarket_1920x1080_60f	Netflix_FoodMarket_1920x1080_60f	svtav1	svtav1_20200416_8a13869_enc-mode0	60	59	0	874920.0	874.92	34.530333333333324	40.627333333333354	41.585666666666654	34.511265	40.620766	41.569324	67.48214448118179	2127787.0	35.463116666666664	3037.58	1920	1080	60.0	8	723d1c7ede43540b44e4a443a41cf075	2e2423b48ec8d11a0aab69c7f99fa641	1920	1080	12221.0	8.0	9680.0	24175.0	False	False	0.9476844271024069	0.9396366150529839
aspen_1080p_60f	aspen_1080p_60f	svtav1	svtav1_20200416_8a13869_enc-mode0	60	20	0	7707447.0	7707.447	43.88666666666666	47.88433333333334	49.0115	43.877657	47.882538	49.0093	97.72447935869248	4133748.0	68.8958	7209.02	1920	1080	29.97	8	e8eb16024fec79e2dacc5444bd9285a5	6df04ae102796bc35f44f5fdb28e5333	1920	1080	9258.0	6.0	16557.0	23138.0	False	False	0.9959351380666097	0.9923265174681908
aspen_1080p_60f	aspen_1080p_60f	svtav1	svtav1_20200416_8a13869_enc-mode0	60	32	0	2322645.0	2322.645	42.04133333333332	46.930833333333325	48.07783333333334	42.031476	46.928147	48.073551	93.79801888222491	3619822.0	60.33036666666667	6150.95	1920	1080	29.97	8	3f6f280d3154878a8218164c3ba437a2	953cbc4573fb9e97f3a0036fabd93988	1920	1080	9418.0	3.0	12677.0	23234.0	False	False	0.9938729494810105	0.9894884948064315
aspen_1080p_60f	aspen_1080p_60f	svtav1	svtav1_20200416_8a13869_enc-mode0	60	43	0	1025939.0	1025.939	40.66049999999999	45.660166666666655	46.749333333333325	40.639318	45.654494	46.743307	88.6447917852184	2609666.0	43.49443333333333	4027.64	1920	1080	29.97	8	6e7ac6c06d68cc61fc8d2ff252d2d081	7485fe38f054d88963effbeb687ed6cf	1920	1080	9113.0	4.0	11343.0	22755.0	False	False	0.9911240289608637	0.986404517304589
aspen_1080p_60f	aspen_1080p_60f	svtav1	svtav1_20200416_8a13869_enc-mode0	60	55	0	443938.0	443.938	38.48916666666667	43.54483333333333	44.37116666666669	38.462041	43.536998	44.367888	78.39374976202036	2073297.0	34.55495	3033.68	1920	1080	29.97	8	b04695f2112df5388fbdb00914b4fdd6	6623046b8c89bbce40823d1e7a88cf08	1920	1080	9218.0	3.0	10482.0	23387.0	False	False	0.9841189275185267	0.9791160186442427
aspen_1080p_60f	aspen_1080p_60f	svtav1	svtav1_20200416_8a13869_enc-mode0	60	59	0	290620.0	290.62	36.86299999999999	42.06299999999999	42.771333333333324	36.834478	42.056307	42.768434	68.58569804609645	2002794.0	33.3799	2798.29	1920	1080	29.97	8	7bb4aafd473fc0b0dc53d145a107cf83	dea6d76700d7a56a77170ea37c6f92a5	1920	1080	9910.0	5.0	9219.0	25788.0	False	False	0.9747542917728425	0.9700049517118592
ducks_1920x1080_50fps_10b	ducks_1920x1080_50fps_10b	svtav1	svtav1_20200416_8a13869_enc-mode0	60	20	0	111022826.0	111022.82600000002	38.96883333333335	39.05650000000001	41.27899999999999	38.852522	39.036273	41.276275000000005	98.62423385751435	16234792.0	270.57986666666665	28769.66	1920	1080	50.0	10	bfb4eaa896b4608fc6f90bf64bc7a2a9	3199a241c0a3a33f5ccf7009d54f7234	1920	1080	22142.0	7.0	39146.0	22965.0	False	True	0.9988008260726928	0.9958401808564212
ducks_1920x1080_50fps_10b	ducks_1920x1080_50fps_10b	svtav1	svtav1_20200416_8a13869_enc-mode0	60	32	0	27226980.0	27226.98	34.95633333333333	36.69966666666665	39.762166666666666	34.948049	36.694552	39.758433	93.08992957017345	11195182.0	186.58636666666666	19285.59	1920	1080	50.0	10	1b0f036e31b365aaeb9eea9779eb3fc1	ee53b48f59cd089e66f649411b37d206	1920	1080	24120.0	5.0	27753.0	23362.0	False	True	0.9964052220185597	0.9895828299907145
ducks_1920x1080_50fps_10b	ducks_1920x1080_50fps_10b	svtav1	svtav1_20200416_8a13869_enc-mode0	60	43	0	9796040.0	9796.04	32.97516666666667	34.87950000000001	38.43299999999999	32.969292	34.855313	38.427451	84.1449458675543	6817268.0	113.62113333333333	11084.34	1920	1080	50.0	10	be3519217cd703a91f6db0018c45081b	886e17df2d25562ca26c212de8482f9d	1920	1080	24062.0	8.0	21123.0	23676.0	False	True	0.9907870997985204	0.9810513255443649
ducks_1920x1080_50fps_10b	ducks_1920x1080_50fps_10b	svtav1	svtav1_20200416_8a13869_enc-mode0	60	55	0	3485800.0	3485.8	30.420666666666666	32.83583333333333	37.200833333333335	30.401527	32.803411	37.198645000000006	66.76119150153959	4114048.0	68.56746666666666	6037.17	1920	1080	50.0	10	53d5198dbc7b6c676442bce280415b33	f68260e2963a6b3c070d988aaaf8b90d	1920	1080	22087.0	3.0	17145.0	24448.0	False	True	0.973682768146197	0.9597389697534158
ducks_1920x1080_50fps_10b	ducks_1920x1080_50fps_10b	svtav1	svtav1_20200416_8a13869_enc-mode0	60	59	0	2244900.0	2244.9	29.228833333333334	31.976999999999993	36.53499999999999	29.207358	31.951746	36.533786	57.14363662108521	3096518.0	51.60863333333333	5075.08	1920	1080	50.0	10	0c61ab2aa37a52996b8fbe563a4def39	e4f45a71996a8ea3ff653b00fb74a2dd	1920	1080	22320.0	6.0	15096.0	23730.0	False	True	0.9596273173888524	0.943811701349832
Cosmos1_1920x856_BT2100_PQ_24fps	Cosmos1_1920x856_BT2100_PQ_24fps	svtav1	svtav1_20200416_8a13869_enc-mode0	60	20	0	22281856.0	22281.855999999996	41.76066666666668	44.704166666666666	47.37533333333336	41.716654	44.68391	47.3645	99.2381282651913	9435271.0	157.25451666666666	16301.38	1920	856	24.0	10	90274737e92083232343246fdff19644	c8e0ee2b427645a945da13e514680e5f	1920	856	17858.0	4.0	25750.0	17500.0	False	True	0.9966263482968013	0.9958724686734326
Cosmos1_1920x856_BT2100_PQ_24fps	Cosmos1_1920x856_BT2100_PQ_24fps	svtav1	svtav1_20200416_8a13869_enc-mode0	60	32	0	8299987.0	8299.987	37.85433333333334	42.70516666666667	45.803000000000004	37.823054	42.680281	45.788202	94.60922089416123	7888992.0	131.4832	13101.81	1920	856	24.0	10	937099bb9c42b9c380c2daf536d70b32	e3e79d8454d0ca8e8cf349aa809791b6	1920	856	17861.0	4.0	19680.0	18063.0	False	True	0.9914311677217483	0.9903756467689123
Cosmos1_1920x856_BT2100_PQ_24fps	Cosmos1_1920x856_BT2100_PQ_24fps	svtav1	svtav1_20200416_8a13869_enc-mode0	60	43	0	3200076.0	3200.076	35.23683333333334	41.131333333333345	44.476	35.199869	41.109272	44.46475	83.83122091491467	4236227.0	70.60378333333334	7753.65	1920	856	24.0	10	ad823bd892c256643062402068d970b7	29b57583f81caba660222bc64a363e32	1920	856	17421.0	3.0	15024.0	27953.0	False	True	0.9797282606363297	0.9796299781694254
Cosmos1_1920x856_BT2100_PQ_24fps	Cosmos1_1920x856_BT2100_PQ_24fps	svtav1	svtav1_20200416_8a13869_enc-mode0	60	55	0	1149545.0	1149.5450000000003	32.371	39.387666666666654	42.75616666666667	32.331459	39.372431	42.752341	62.88815430834425	3562116.0	59.3686	5673.45	1920	856	24.0	10	8153a0940ad01cd1ff12b4b26d37c32d	e8cab0eebf4780d7479a2d54d85b1dcd	1920	856	17634.0	8.0	12313.0	18109.0	False	True	0.9449136803547541	0.9499525136815095
Cosmos1_1920x856_BT2100_PQ_24fps	Cosmos1_1920x856_BT2100_PQ_24fps	svtav1	svtav1_20200416_8a13869_enc-mode0	60	59	0	702995.0	702.995	31.0715	38.63400000000001	41.06499999999999	31.03796	38.623796	41.061519	51.11749286686835	3056443.0	50.94071666666667	4661.21	1920	856	24.0	10	959033ff51b85e622388c9c7a34f5ea8	5e45a0dbfb1bb3da088c3df0997fde98	1920	856	18332.0	5.0	11442.0	18829.0	False	True	0.9143197178840637	0.9248607892439659
Netflix_Boat_1920x1080_60fps_8bi	Netflix_Boat_1920x1080_60fps_8bi	svtav1	svtav1_20200416_8a13869_enc-mode0	60	20	0	28577752.0	28577.752	43.64250000000002	45.99366666666668	47.690666666666665	43.61651100000001	45.96003699999999	47.664835	99.91676023195492	4946627.0	82.44378333333333	8051.64	1920	1080	60.0	8	3cf16dd1ec711373309d7bfd2cf408e2	6d9525003ed7c3eb282a7358b3f9e09d	1920	1080	14044.0	3.0	13560.0	23498.0	False	False	0.9993157903353374	0.9985787983225387
Netflix_Boat_1920x1080_60fps_8bi	Netflix_Boat_1920x1080_60fps_8bi	svtav1	svtav1_20200416_8a13869_enc-mode0	60	32	0	15797224.0	15797.224	41.099500000000006	44.46099999999999	45.90266666666668	41.04844	44.418588	45.877936	99.58475699950297	4337471.0	72.29118333333334	7714.06	1920	1080	60.0	8	69d51162f216b73dcab688a9d725666d	93b0ca3bd103bebb7c27434b11b405f3	1920	1080	13677.0	3.0	12089.0	22912.0	False	False	0.998797458410263	0.9975779509838102
Netflix_Boat_1920x1080_60fps_8bi	Netflix_Boat_1920x1080_60fps_8bi	svtav1	svtav1_20200416_8a13869_enc-mode0	60	43	0	8495968.0	8495.968	37.980333333333334	42.70766666666667	43.69066666666665	37.884206999999996	42.671973	43.677731	95.73060931902961	3851955.0	64.19925	6010.53	1920	1080	60.0	8	65de545951e6df31241e773613bc3683	8cac3d88adc24da173e17c517e5c7560	1920	1080	14152.0	4.0	10836.0	23576.0	False	False	0.9974392304817835	0.9949634446525267
Netflix_Boat_1920x1080_60fps_8bi	Netflix_Boat_1920x1080_60fps_8bi	svtav1	svtav1_20200416_8a13869_enc-mode0	60	55	0	3641064.0	3641.064	33.65816666666666	40.41566666666666	40.886833333333314	33.575034	40.386603	40.88325	85.63269275002767	2341201.0	39.02001666666666	3594.75	1920	1080	60.0	8	0fbc4f9db97b4c688e3b04e118dbedb0	a2dc1236d09a352dc29caa9f3eb56afa	1920	1080	13930.0	7.0	9177.0	22054.0	False	False	0.9918091128269831	0.9846965231219198
Netflix_Boat_1920x1080_60fps_8bi	Netflix_Boat_1920x1080_60fps_8bi	svtav1	svtav1_20200416_8a13869_enc-mode0	60	59	0	2320000.0	2320.0	31.43399999999999	39.08683333333332	39.40866666666669	31.388238	39.065709	39.4076	77.32619484979077	2503721.0	41.728683333333336	3566.3	1920	1080	60.0	8	3f13e7dcf6a5a922bdde6ff07559233a	87b65690a38f0f6b131147606f52d751	1920	1080	14048.0	4.0	9931.0	23142.0	False	False	0.9842015326023101	0.9715668935627165
Netflix_SquareAndTimelapse_1920x	Netflix_SquareAndTimelapse_1920x	svtav1	svtav1_20200416_8a13869_enc-mode0	60	20	0	19461160.0	19461.16	44.41366666666666	48.59766666666666	47.73733333333333	44.398328	48.590239	47.725438000000004	99.9067506453826	5621071.0	93.68451666666667	9216.73	1920	1080	60.0	8	9ab44fee05ac3dfd2c5c40b905baed53	ebd5e378770fc0be17856dc5af43a756	1920	1080	12469.0	4.0	18296.0	25076.0	False	False	0.9991406500339508	0.9978204181782336
Netflix_SquareAndTimelapse_1920x	Netflix_SquareAndTimelapse_1920x	svtav1	svtav1_20200416_8a13869_enc-mode0	60	32	0	11025816.0	11025.816	41.95583333333333	46.922	45.82883333333335	41.926723	46.908681	45.809528	99.87226195767474	4910683.0	81.84471666666667	8133.41	1920	1080	60.0	8	13ed4731935ff49bdca64225c5e3bd5a	bb548c3f4b5af0548e62786dad6800b5	1920	1080	16208.0	4.0	15687.0	24756.0	False	False	0.9982325722773869	0.9960214426337701
Netflix_SquareAndTimelapse_1920x	Netflix_SquareAndTimelapse_1920x	svtav1	svtav1_20200416_8a13869_enc-mode0	60	43	0	6048456.0	6048.456	39.084500000000006	45.050000000000004	43.70350000000001	39.032294	45.03166	43.678945	98.15763109596953	3773980.0	62.89966666666667	6037.45	1920	1080	60.0	8	3d2464cd6ada9a16df21bc9ad9cf658c	5778c68c094de8c8c67b6f57a15ba85a	1920	1080	12911.0	3.0	13785.0	26855.0	False	False	0.9958524147669474	0.9919602433530401
Netflix_SquareAndTimelapse_1920x	Netflix_SquareAndTimelapse_1920x	svtav1	svtav1_20200416_8a13869_enc-mode0	60	55	0	2809544.0	2809.544	35.307833333333335	42.13383333333334	40.7215	35.258536	42.117641	40.699002	87.51609485743032	2896586.0	48.27643333333334	4301.53	1920	1080	60.0	8	9b8a16a3fd1db41d1b7cd08dfc7b35fb	83f0111cd41daaa49051872aedd068f3	1920	1080	12405.0	4.0	12489.0	24436.0	False	False	0.9873637527227401	0.979688097752118
Netflix_SquareAndTimelapse_1920x	Netflix_SquareAndTimelapse_1920x	svtav1	svtav1_20200416_8a13869_enc-mode0	60	59	0	1839976.0	1839.976	33.23216666666668	40.22833333333334	38.870499999999986	33.204043	40.223239	38.859818	78.03184869914564	2495476.0	41.59126666666667	3616.23	1920	1080	60.0	8	c3f0f8c209495dbc18663a0bc2947f19	f9a0ac50d079706ccfa35f8851d9e8ee	1920	1080	12760.0	4.0	11536.0	25037.0	False	False	0.9767653524875641	0.9660883509297109
life_1080p30_60f	life_1080p30_60f	svtav1	svtav1_20200416_8a13869_enc-mode0	60	20	0	12439840.0	12439.84	44.292833333333334	49.553999999999995	49.16466666666667	44.280799	49.544546	49.153665	99.48094951849127	5295175.0	88.25291666666666	9007.24	1920	1080	30.0	8	aaa921877fe8dfef751e38c61796404c	9360f89e202188b0738bb8b5db971cba	1920	1080	12610.0	5.0	13479.0	23117.0	False	False	0.9991657892862956	0.9978446372313081
life_1080p30_60f	life_1080p30_60f	svtav1	svtav1_20200416_8a13869_enc-mode0	60	32	0	5658080.0	5658.08	41.299166666666665	47.339166666666664	47.04516666666668	41.284834	47.321734	47.030563	97.63330214469302	5150390.0	85.83983333333333	8408.13	1920	1080	30.0	8	418e7123b78cf78a86ae31882835a2fd	dc31f83952237205d62a28984ab521d6	1920	1080	14036.0	5.0	12316.0	32266.0	False	False	0.998383954167366	0.9960683651668811
life_1080p30_60f	life_1080p30_60f	svtav1	svtav1_20200416_8a13869_enc-mode0	60	43	0	2762400.0	2762.4	38.5935	45.31700000000001	45.19533333333332	38.567769	45.288964	45.171064	94.36007222616905	3708917.0	61.81528333333333	5916.86	1920	1080	30.0	8	3a3d467ed44469cf8566670cf7d21b0a	bb3806ec559366986947ba7da973aec2	1920	1080	12593.0	4.0	10823.0	25335.0	False	False	0.9965822786092758	0.9924284515047187
life_1080p30_60f	life_1080p30_60f	svtav1	svtav1_20200416_8a13869_enc-mode0	60	55	0	1124364.0	1124.364	34.99249999999999	42.426166666666674	42.2365	34.974545	42.40322	42.21751299999999	86.7960346334592	2830333.0	47.172216666666664	4544.41	1920	1080	30.0	8	df8b1e2c5b3282478a9002bcae2fb8fc	7cf7d35d387878a3858aadf1165a2445	1920	1080	13481.0	3.0	9669.0	24069.0	False	False	0.98905075887839	0.9781783952152204
life_1080p30_60f	life_1080p30_60f	svtav1	svtav1_20200416_8a13869_enc-mode0	60	59	0	703736.0	703.736	33.31483333333334	40.83416666666667	40.4385	33.304913	40.820462	40.426813	79.98659800665051	1856740.0	30.945666666666668	3152.32	1920	1080	30.0	8	05cf535693301475beb013cce52396e6	688729ad2e8b5b391ca7b713c81953a2	1920	1080	12366.0	5.0	8833.0	22952.0	False	False	0.9789260019858678	0.9626093692817492
rush_hour_1080p25_60f	rush_hour_1080p25_60f	svtav1	svtav1_20200416_8a13869_enc-mode0	60	20	0	5232223.0	5232.223	43.01566666666668	46.83450000000002	48.8405	43.009219	46.832124	48.839287	96.82766974093609	6214106.0	103.56843333333333	10286.85	1920	1080	25.0	8	6ee6b9fe860395f911a1bea7215295c2	95480774858b3418aef26ad06d6ce9e2	1920	1080	10402.0	3.0	19373.0	23148.0	False	False	0.9963580052057902	0.9923962014768117
rush_hour_1080p25_60f	rush_hour_1080p25_60f	svtav1	svtav1_20200416_8a13869_enc-mode0	60	32	0	2487753.0	2487.753	42.11033333333334	45.89300000000001	47.65150000000001	42.106274	45.888087	47.643692	92.9507687046825	4517522.0	75.29203333333334	7790.78	1920	1080	25.0	8	d1295c5deeb20f33103bc3bd2d337cbd	f5388c244329863049d0b32bc975c172	1920	1080	10021.0	3.0	15909.0	23352.0	False	False	0.9942163020372391	0.9903168880080677
rush_hour_1080p25_60f	rush_hour_1080p25_60f	svtav1	svtav1_20200416_8a13869_enc-mode0	60	43	0	1184696.0	1184.696	40.748499999999986	44.695499999999996	46.14383333333331	40.742013	44.691508	46.135576	85.74323385992824	3479201.0	57.98668333333333	5563.23	1920	1080	25.0	8	117e4e3f36707c374e281407ff21d10d	3cb22f99ad0049371c12cd4a4b3b4372	1920	1080	9983.0	3.0	13660.0	23748.0	False	False	0.9900910526514053	0.9866342751190057
rush_hour_1080p25_60f	rush_hour_1080p25_60f	svtav1	svtav1_20200416_8a13869_enc-mode0	60	55	0	524803.0	524.803	38.61266666666669	43.043166666666664	44.12016666666666	38.591432000000005	43.037243	44.10645	73.01723435131473	2257862.0	37.631033333333335	3506.47	1920	1080	25.0	8	bce8c0f1ab5396674c8d7f9c91924d76	e8b741c028b660f7501993361cff6359	1920	1080	10126.0	5.0	10331.0	23415.0	False	False	0.9807686984539032	0.9787556264117778
rush_hour_1080p25_60f	rush_hour_1080p25_60f	svtav1	svtav1_20200416_8a13869_enc-mode0	60	59	0	359873.0	359.873	37.402	41.90783333333332	42.902333333333345	37.37918	41.904134	42.889941	65.36020795113589	2140930.0	35.68216666666667	3228.0	1920	1080	25.0	8	92fc7f9e27cbcaf5637c0cf5680a9dca	b3bc3f95b54804626965328a7f64cb31	1920	1080	10299.0	4.0	9470.0	23589.0	False	False	0.9730098813772201	0.9723604754316442
Netflix_TunnelFlag_1920x1080_60f	Netflix_TunnelFlag_1920x1080_60f	svtav1	svtav1_20200416_8a13869_enc-mode0	60	20	0	26950264.0	26950.264	42.70950000000001	46.69166666666665	48.24283333333335	42.698943	46.686079	48.237799	99.91155012332136	7692374.0	128.20623333333333	12157.82	1920	1080	60.0	8	39a176d6c1d0b4bca3b3bcb6e47c3200	df73fc9cf2745925cfc62444a9169969	1920	1080	12134.0	4.0	20680.0	23546.0	False	False	0.9986003865798314	0.9964568588724665
Netflix_TunnelFlag_1920x1080_60f	Netflix_TunnelFlag_1920x1080_60f	svtav1	svtav1_20200416_8a13869_enc-mode0	60	32	0	13267344.0	13267.344	40.33383333333334	45.13216666666666	47.040499999999994	40.31306200000001	45.125703	47.033107	99.8716274569554	6326433.0	105.44055	10308.22	1920	1080	60.0	8	3e1bd2e11b8401372da6cd8673f20348	4e9e5a894dfbddbb890f92f10775d09a	1920	1080	12458.0	5.0	17834.0	24254.0	False	False	0.9974476546049118	0.9940260884322639
Netflix_TunnelFlag_1920x1080_60f	Netflix_TunnelFlag_1920x1080_60f	svtav1	svtav1_20200416_8a13869_enc-mode0	60	43	0	6561560.0	6561.56	37.83900000000001	43.215	45.558333333333316	37.799518	43.20923	45.550534	99.84660067915004	4320988.0	72.01646666666667	6792.51	1920	1080	60.0	8	abc5d0a58e7c55ea6ab1efdb3b657330	992c2377293e5e4f3ef14e75de444045	1920	1080	12206.0	4.0	16201.0	23264.0	False	False	0.9950552662213643	0.9897362623505387
Netflix_TunnelFlag_1920x1080_60f	Netflix_TunnelFlag_1920x1080_60f	svtav1	svtav1_20200416_8a13869_enc-mode0	60	55	0	3121944.0	3121.944	34.970833333333324	40.425999999999995	43.246	34.936814	40.424165	43.240757	99.7599983210559	3258084.0	54.3014	4606.96	1920	1080	60.0	8	748165e9eecaff279a20404e6b8fb78e	4d932c9727427c52f7943b17cac65f63	1920	1080	12076.0	3.0	14071.0	23293.0	False	False	0.9905063023169836	0.9832160694064488
Netflix_TunnelFlag_1920x1080_60f	Netflix_TunnelFlag_1920x1080_60f	svtav1	svtav1_20200416_8a13869_enc-mode0	60	59	0	2308032.0	2308.032	33.578333333333326	39.34133333333332	42.03766666666668	33.555832	39.339969	42.033682	99.57411337100724	2652061.0	44.20101666666667	4075.44	1920	1080	60.0	8	24225684028b38fcb0e63ce54cbb46d2	c1851995ef22751bd0b4dda86f8365bd	1920	1080	12219.0	5.0	13785.0	23356.0	False	False	0.9872119963169098	0.9792170419661325
ducks_take_off_1080p50_60f	ducks_take_off_1080p50_60f	svtav1	svtav1_20200416_8a13869_enc-mode0	60	20	0	106701893.0	106701.893	38.690166666666656	38.81733333333332	41.091666666666676	38.590291	38.798955	41.088915	98.4259569256726	13709498.0	228.49163333333334	25405.83	1920	1080	50.0	8	ea84f49a68df6e457cc9022cd60b1329	392a948dc49ec1acbfda70fa058b2dbf	1920	1080	16586.0	5.0	32705.0	22404.0	False	False	0.9987278650204341	0.9956065662353237
ducks_take_off_1080p50_60f	ducks_take_off_1080p50_60f	svtav1	svtav1_20200416_8a13869_enc-mode0	60	32	0	28038126.0	28038.126	34.949666666666666	36.66799999999999	39.676666666666684	34.939319	36.662893000000004	39.673611	93.16478910628274	10384691.0	173.07818333333333	17571.1	1920	1080	50.0	8	cac9ab6bc662e96bc48805aeb2fdeaa9	2d76a00c1570954336880130b9132513	1920	1080	16160.0	10.0	25401.0	22709.0	False	False	0.9964230209589005	0.9896135717931324
ducks_take_off_1080p50_60f	ducks_take_off_1080p50_60f	svtav1	svtav1_20200416_8a13869_enc-mode0	60	43	0	9798420.0	9798.42	32.938500000000005	34.81516666666667	38.31616666666666	32.932955	34.790814	38.310117	84.17404935148775	6212277.0	103.53795	10147.76	1920	1080	50.0	8	5c513efb05318d36963a323484fa04ac	a0151229f355a0803926ccee7d0c32ec	1920	1080	17347.0	3.0	20146.0	23598.0	False	False	0.9907526880502701	0.9809846167478707
ducks_take_off_1080p50_60f	ducks_take_off_1080p50_60f	svtav1	svtav1_20200416_8a13869_enc-mode0	60	55	0	3466713.0	3466.713	30.391999999999992	32.80983333333334	37.07466666666666	30.372665	32.77729	37.071089	66.7771220311554	3839969.0	63.99948333333333	6168.42	1920	1080	50.0	8	853ee06adde23ee814c007799d96f11e	5a211dab4180d657eb549e9f74d63f5e	1920	1080	17450.0	5.0	16302.0	29232.0	False	False	0.9736508727073669	0.9596886272171247
ducks_take_off_1080p50_60f	ducks_take_off_1080p50_60f	svtav1	svtav1_20200416_8a13869_enc-mode0	60	59	0	2233606.0	2233.606	29.204500000000003	31.938833333333328	36.480666666666664	29.183117	31.914635	36.47918	57.20550501932137	3017125.0	50.28541666666667	4404.2	1920	1080	50.0	8	88ef188e58ecb3150de63c86e28dd744	a276e6870de66266ff895bfc20b11a40	1920	1080	16136.0	6.0	14831.0	23441.0	False	False	0.9596020648876826	0.9437338878664023
touchdown_pass_1080p_60f	touchdown_pass_1080p_60f	svtav1	svtav1_20200416_8a13869_enc-mode0	60	20	0	18457798.0	18457.798	40.60483333333333	48.01016666666667	48.1655	40.564778	48.00337	48.158998	96.36201511908061	6147948.0	102.4658	11068.84	1920	1080	29.97	8	8b79239b43848816375b7501fe16cb6d	0abd68d1f0a1688d231500d680569e33	1920	1080	12565.0	4.0	23318.0	23440.0	False	False	0.995733521382014	0.9907888145496402
touchdown_pass_1080p_60f	touchdown_pass_1080p_60f	svtav1	svtav1_20200416_8a13869_enc-mode0	60	32	0	4420022.0	4420.022	38.669833333333344	47.31516666666665	47.44050000000001	38.65509	47.30946000000001	47.434705	94.27969019245363	4961226.0	82.6871	7827.45	1920	1080	29.97	8	36b17e8829aab8d9aabd8dc50d07a67e	4812114e4035368ea804cd1ac144d9ca	1920	1080	13422.0	4.0	13644.0	24292.0	False	False	0.9939051657915116	0.9867876976325508
touchdown_pass_1080p_60f	touchdown_pass_1080p_60f	svtav1	svtav1_20200416_8a13869_enc-mode0	60	43	0	1980513.0	1980.513	37.41716666666668	46.33200000000001	46.380499999999984	37.397178000000004	46.327208	46.374511	91.23805758781323	3144841.0	52.41401666666667	4921.42	1920	1080	29.97	8	b615dff32196f9d6cdf87b79a19330c3	066e72362478e85bbcf6bee42809695c	1920	1080	12545.0	2.0	12112.0	24896.0	False	False	0.991294781366984	0.9821152569875142
touchdown_pass_1080p_60f	touchdown_pass_1080p_60f	svtav1	svtav1_20200416_8a13869_enc-mode0	60	55	0	802506.0	802.506	35.046	44.42349999999999	44.48916666666667	35.01965499999999	44.419132	44.482479	81.87432244211747	2164953.0	36.08255	3509.51	1920	1080	29.97	8	ef68b666da1b3bacdfcb1f8f7aa25673	b31997cf0cbe1a9013230f86c0f4971e	1920	1080	12648.0	3.0	9627.0	23258.0	False	False	0.9788298000892003	0.9631054900475184
touchdown_pass_1080p_60f	touchdown_pass_1080p_60f	svtav1	svtav1_20200416_8a13869_enc-mode0	60	59	0	491360.0	491.36	33.37016666666667	43.39933333333332	43.50883333333333	33.344421	43.397713	43.504077	72.01822821225495	2011269.0	33.52115	3111.09	1920	1080	29.97	8	ac2e6a158ad5f8eb807e7990b93f91fb	1da8eb03dea6cf6a3019ae160898ceea	1920	1080	12827.0	5.0	9241.0	24851.0	False	False	0.9538532803455989	0.9337012798383671
MINECRAFT_60f_420	MINECRAFT_60f_420	svtav1	svtav1_20200416_8a13869_enc-mode0	60	20	0	86189928.0	86189.928	43.329166666666666	45.74783333333332	46.32916666666666	43.058311	45.605372	46.205524	99.95716417550153	8790960.0	146.516	13014.61	1920	1080	60.0	8	e7f18f979c8604ba4ae31ac26e63104f	8c0522cc252024f5d9d59821e154b7dc	1920	1080	14075.0	3.0	25486.0	22770.0	False	False	0.9981699516375859	0.9969369608374407
MINECRAFT_60f_420	MINECRAFT_60f_420	svtav1	svtav1_20200416_8a13869_enc-mode0	60	32	0	45460968.0	45460.968	38.21099999999999	43.68016666666665	44.20099999999999	37.953924	43.566311	44.095358	99.88875843955717	8170208.0	136.17013333333333	13344.15	1920	1080	60.0	8	862ed6f60cba0ce2cc7794e788d270e1	fa183aa744dc604eb03e0819f06b220d	1920	1080	14058.0	5.0	21290.0	23466.0	False	False	0.9946208715438842	0.9908321342400075
MINECRAFT_60f_420	MINECRAFT_60f_420	svtav1	svtav1_20200416_8a13869_enc-mode0	60	43	0	18078688.0	18078.688	33.94833333333334	41.73316666666665	42.07466666666666	33.714482	41.632234	41.965772	94.43122522280183	6645600.0	110.76	10916.35	1920	1080	60.0	8	bd9d6d65cae58b85e694baed04ecccc9	3ae88d0408c5ac2ecbe1fc2361cdf91a	1920	1080	14383.0	4.0	15871.0	23200.0	False	False	0.984663634498914	0.975004045044641
MINECRAFT_60f_420	MINECRAFT_60f_420	svtav1	svtav1_20200416_8a13869_enc-mode0	60	55	0	6370016.0	6370.016	30.69933333333334	39.61766666666665	39.58483333333334	30.514845	39.524707	39.462942	77.98224997672288	6329240.0	105.48733333333334	9303.11	1920	1080	60.0	8	5684a241f316c1517cf91d3bed122300	969649592290397fef57839cb10531e5	1920	1080	14774.0	18.0	11600.0	23828.0	False	False	0.9550442367792129	0.9364032843775577
MINECRAFT_60f_420	MINECRAFT_60f_420	svtav1	svtav1_20200416_8a13869_enc-mode0	60	59	0	4421416.0	4421.416	29.728499999999993	38.76766666666666	38.7245	29.57496	38.688114	38.621388	70.29089219610827	5434307.0	90.57178333333333	8763.46	1920	1080	60.0	8	dbb8934f8e018bee7baf754ef4c052cc	8dadebe35fd3099477a503e33d862349	1920	1080	14104.0	39.0	10023.0	23078.0	False	False	0.9340052972237269	0.9133870294752822
wikipedia_420	wikipedia_420	svtav1	svtav1_20200416_8a13869_enc-mode0	60	20	0	1193056.0	1193.056	51.81633333333331	52.238333333333344	52.96966666666666	51.725771	52.115514	52.924333	99.83359421737427	4167212.0	69.45353333333334	6098.23	1920	1080	30.0	8	a7dbd5720a357891e8cf430ad8caa0e2	6e4b06c9cfd9ad8ba46bb6c7535be9e2	1920	1080	8602.0	2.0	2459.0	23930.0	False	False	0.9991580267747243	0.9986395501313299
wikipedia_420	wikipedia_420	svtav1	svtav1_20200416_8a13869_enc-mode0	60	32	0	723904.0	723.904	49.18516666666666	49.76883333333335	50.8885	49.152402	49.63209100000001	50.847321	99.79950818774994	4409161.0	73.48601666666667	6425.79	1920	1080	30.0	8	f9f9e65d2dc4839751110e9bba9c9772	c453ca7640467ad4b236e8d126288ba4	1920	1080	8695.0	4.0	3787.0	23297.0	False	False	0.9987338225046793	0.9980033264311132
wikipedia_420	wikipedia_420	svtav1	svtav1_20200416_8a13869_enc-mode0	60	43	0	517184.0	517.184	46.542	47.19033333333334	48.460166666666694	46.524146	47.11993	48.42436	99.73756630353904	4208899.0	70.14831666666667	5906.71	1920	1080	30.0	8	8993d24150f61fc6e41e1189a0a9d434	2214e1a988e8b99d7324e6d5f45e559e	1920	1080	9006.0	16.0	2071.0	24296.0	False	False	0.9984497795502345	0.9976736922649622
wikipedia_420	wikipedia_420	svtav1	svtav1_20200416_8a13869_enc-mode0	60	55	0	370228.0	370.228	42.14133333333334	44.602666666666664	45.96216666666666	42.122347	44.566493	45.920367000000006	99.47227251503662	3292609.0	54.87681666666667	5126.93	1920	1080	30.0	8	0ee48d1b242ed1aa4f0670f4488ba7d2	15842453ec3705e57d4a94d7e1ebc60e	1920	1080	8636.0	19.0	1781.0	22405.0	False	False	0.9977271378040313	0.9968262274248281
wikipedia_420	wikipedia_420	svtav1	svtav1_20200416_8a13869_enc-mode0	60	59	0	320756.0	320.756	40.1475	43.512499999999974	44.68483333333335	40.130373	43.477188	44.631013	99.19612171763747	4054752.0	67.5792	6305.95	1920	1080	30.0	8	1f80b6d1aa285167473de44a63ac86a9	29b5037cc8634042673d5b858f1caf61	1920	1080	8525.0	3.0	1802.0	22903.0	False	False	0.9969202140967052	0.9959731142911499
ToddlerFountn_1920x1080_2997_10b	ToddlerFountn_1920x1080_2997_10b	svtav1	svtav1_20200416_8a13869_enc-mode0	60	20	0	56547196.0	56547.196	41.13599999999999	46.278999999999996	43.695	41.129933	46.278422	43.692905	99.855625598879	14917047.0	248.61745	28338.24	1920	1080	29.97	10	6b767ccbc926991c67cc167b8abb2c03	d70d0f86fc8a8246f73f399f9072f177	1920	1080	22841.0	4.0	32530.0	23573.0	False	True	0.9975913415352503	0.994873807067812
ToddlerFountn_1920x1080_2997_10b	ToddlerFountn_1920x1080_2997_10b	svtav1	svtav1_20200416_8a13869_enc-mode0	60	32	0	27697773.0	27697.773	36.912500000000016	44.7675	41.755166666666675	36.902646	44.766665	41.753427	99.73746826322926	15082405.0	251.37341666666666	27091.5	1920	1080	29.97	10	09cac2659fad99053d250c75909e8e5f	0904e124489870f4bab5dd0e3eebb32b	1920	1080	23788.0	3.0	26980.0	23310.0	False	True	0.9926667809486389	0.985849019297955
ToddlerFountn_1920x1080_2997_10b	ToddlerFountn_1920x1080_2997_10b	svtav1	svtav1_20200416_8a13869_enc-mode0	60	43	0	12102665.0	12102.665	33.323333333333345	43.25533333333335	40.29233333333333	33.294774	43.252479	40.28991800000001	89.3711027409367	11173858.0	186.23096666666666	19255.58	1920	1080	29.97	10	3a7f0b0787e043a0e38265200d7e6f46	7e4efbb8b0d663dc87b2ae72d150e2fe	1920	1080	22796.0	3.0	22898.0	22772.0	False	True	0.9786572327216466	0.9646355237757027
ToddlerFountn_1920x1080_2997_10b	ToddlerFountn_1920x1080_2997_10b	svtav1	svtav1_20200416_8a13869_enc-mode0	60	55	0	4430279.0	4430.279	30.03666666666667	41.639499999999984	39.0445	30.006914	41.637503	39.042324	66.97634077052894	7012415.0	116.87358333333333	11951.03	1920	1080	29.97	10	78ac22b5842a00c61183171293776042	35ae92116f9d11c303de0862563b0fe6	1920	1080	22028.0	6.0	19480.0	25022.0	False	True	0.9380026261011759	0.9166049095292241
ToddlerFountn_1920x1080_2997_10b	ToddlerFountn_1920x1080_2997_10b	svtav1	svtav1_20200416_8a13869_enc-mode0	60	59	0	2788891.0	2788.891	28.81916666666667	40.92466666666667	38.62216666666667	28.794116999999996	40.923449	38.621921	55.63197170973657	5840183.0	97.33638333333333	9735.55	1920	1080	29.97	10	3bcff5dea71446fd42142216c4dd87c1	1e838e2c358e24f2143cce25cc3c86db	1920	1080	22814.0	2.0	18200.0	23771.0	False	True	0.9095692535241445	0.8878388316340697
