KristenAndSara_1280x720_60_10b	KristenAndSara_1280x720_60_10b	svtav1	svtav1_20200615_7104606_enc-mode0	60	20	0	3084768.0	3084.7680000000005	44.88950000000001	49.57483333333334	50.58433333333334	44.881967	49.572652	50.582755	97.07071613858417	1617129.0	26.95215	2978.8	1280	720	60.0	10	2f7a107097fe17ce239ddfb52525c840	0b5af0e796c9ee9d4d709c59b6774ed5	1280	720	8157.0	7.0	4360.0	9835.0	False	False	0.9963205635547638	0.9957439970314573
KristenAndSara_1280x720_60_10b	KristenAndSara_1280x720_60_10b	svtav1	svtav1_20200615_7104606_enc-mode0	60	32	0	1241960.0	1241.96	43.687999999999995	48.76800000000001	49.77300000000001	43.675016	48.76452	49.769976	96.22337178031053	1514043.0	25.23405	2537.56	1280	720	60.0	10	a82c15b2127c59ec68c272916c93c110	3e6156343f595baecbbe3e4c8d0ae051	1280	720	8140.0	11.0	3709.0	9834.0	False	False	0.9951203862826029	0.994643678057993
KristenAndSara_1280x720_60_10b	KristenAndSara_1280x720_60_10b	svtav1	svtav1_20200615_7104606_enc-mode0	60	43	0	661144.0	661.144	42.27083333333333	47.583333333333336	48.57383333333333	42.24868	47.578156	48.568859	94.59393198564422	1043575.0	17.392916666666668	1881.5	1280	720	60.0	10	23f7f4f9e914fa4dfb38227e8f2a96c9	6e92d138f5ceafd2ce9883269085a62c	1280	720	8002.0	7.0	2915.0	9785.0	False	False	0.9928717871507009	0.9927456327551171
KristenAndSara_1280x720_60_10b	KristenAndSara_1280x720_60_10b	svtav1	svtav1_20200615_7104606_enc-mode0	60	55	0	298344.0	298.344	39.474833333333336	44.864	46.10149999999999	39.445368	44.856059	46.094919	89.38878281771177	802061.0	13.367683333333334	1453.88	1280	720	60.0	10	29175aac90816cf5c81abb97a932acea	ee730d258200518c831548cede22483f	1280	720	8322.0	6.0	2455.0	9846.0	False	False	0.9854343543450038	0.9867287524561165
KristenAndSara_1280x720_60_10b	KristenAndSara_1280x720_60_10b	svtav1	svtav1_20200615_7104606_enc-mode0	60	59	0	191592.0	191.592	37.45016666666666	43.18233333333331	44.20133333333332	37.425641	43.175216	44.193655	83.26759047523949	994637.0	16.577283333333334	1770.91	1280	720	60.0	10	2331c35c99634c599428855a9aa46478	d3720803224af736db9e6c11148f67ce	1280	720	8313.0	5.0	2467.0	10186.0	False	False	0.9770520100990931	0.9800811967353251
BarScene1_1920x1080_2997_10b	BarScene1_1920x1080_2997_10b	svtav1	svtav1_20200615_7104606_enc-mode0	60	20	0	1383825.0	1383.825	42.459166666666675	44.768499999999996	43.75066666666666	42.458786	44.768023	43.749682	93.15718263257419	3138968.0	52.31613333333333	4941.12	1920	1080	29.97	10	56c0c5e3096a282802a793bb35273e4d	6750583993111f205f0b739806c99bb2	1920	1080	20831.0	3.0	9519.0	25339.0	False	False	0.9958558956782023	0.9909876187893404
BarScene1_1920x1080_2997_10b	BarScene1_1920x1080_2997_10b	svtav1	svtav1_20200615_7104606_enc-mode0	60	32	0	442010.0	442.01	42.15050000000001	44.599499999999985	43.47716666666667	42.150353	44.59926699999999	43.477344	92.07391298763547	2181869.0	36.36448333333333	3486.77	1920	1080	29.97	10	8cb8851a938df51c32ef7f7126af0479	ed6784ffce2d9f19a27ca9fd59cbecab	1920	1080	20997.0	6.0	4047.0	24106.0	False	False	0.9951731860637665	0.9900900608294133
BarScene1_1920x1080_2997_10b	BarScene1_1920x1080_2997_10b	svtav1	svtav1_20200615_7104606_enc-mode0	60	43	0	229686.0	229.686	41.674500000000016	44.42250000000002	43.325	41.67398	44.422905	43.325169	90.12903264193999	1506295.0	25.104916666666668	2665.14	1920	1080	29.97	10	2393c1576de685d597405d2b0862e46f	87a2e3b52a7df6a7ec94a4d853699d82	1920	1080	21013.0	5.0	3142.0	23931.0	False	False	0.9939618637164434	0.9885227208533185
BarScene1_1920x1080_2997_10b	BarScene1_1920x1080_2997_10b	svtav1	svtav1_20200615_7104606_enc-mode0	60	55	0	93492.0	93.492	40.43633333333335	43.84466666666664	42.870333333333335	40.435126	43.84453799999999	42.870123	83.21964561349908	1350975.0	22.51625	2341.11	1920	1080	29.97	10	dea3f5aec1857cf2f22a1e465fa90880	68546f909453920cba635370b85d7dba	1920	1080	21448.0	3.0	2792.0	23290.0	False	False	0.9889988074700038	0.9833374923509166
BarScene1_1920x1080_2997_10b	BarScene1_1920x1080_2997_10b	svtav1	svtav1_20200615_7104606_enc-mode0	60	59	0	57622.0	57.622	39.34033333333333	43.18783333333335	42.36816666666665	39.338094	43.187264	42.36813	75.90933575018394	1318640.0	21.977333333333334	2161.86	1920	1080	29.97	10	63844a69261f59114377d37adcfe82fd	b38920ea1c459a73997b95f45a0911cb	1920	1080	20798.0	4.0	2995.0	24174.0	False	False	0.9829175452391307	0.9779001511144451
Aerial_1920x1080_2997_10b	Aerial_1920x1080_2997_10b	svtav1	svtav1_20200615_7104606_enc-mode0	60	20	0	9262018.0	9262.018	43.563333333333325	45.99933333333335	45.324999999999974	43.513484	45.980263	45.308542	96.42888446935203	3920368.0	65.33946666666667	6928.0	1920	1080	29.97	10	63258c88e1b8f90b691f6ecf640a55e4	ac36d01d8eb6b800c1d814acb96f967b	1920	1080	23196.0	26.0	9773.0	24439.0	False	False	0.998981182773908	0.9979542198720676
Aerial_1920x1080_2997_10b	Aerial_1920x1080_2997_10b	svtav1	svtav1_20200615_7104606_enc-mode0	60	32	0	4716565.0	4716.565	41.611166666666655	44.54250000000001	44.08116666666668	41.55613	44.530089	44.072856	95.21827994303496	4025216.0	67.08693333333333	6506.13	1920	1080	29.97	10	fae5aaefd7c87be45674d97cca92b23f	24d12908bdba8a4cd0b7274b918e78e9	1920	1080	23982.0	4.0	7639.0	22990.0	False	False	0.9984077543020249	0.9969495540990996
Aerial_1920x1080_2997_10b	Aerial_1920x1080_2997_10b	svtav1	svtav1_20200615_7104606_enc-mode0	60	43	0	2887936.0	2887.936	39.570833333333326	43.097833333333334	42.96	39.504367	43.087223	42.956283	93.07122887427226	3381452.0	56.357533333333336	5483.45	1920	1080	29.97	10	9af7db8d09bee588384c85e67fb91797	45be3de095fde60884a1442ed2286a1a	1920	1080	23035.0	5.0	6476.0	23842.0	False	False	0.9973998347918193	0.9952126271086297
Aerial_1920x1080_2997_10b	Aerial_1920x1080_2997_10b	svtav1	svtav1_20200615_7104606_enc-mode0	60	55	0	1192068.0	1192.068	35.25233333333334	40.14516666666664	40.73266666666668	35.233959	40.142982	40.732532	86.03323485243139	2185776.0	36.4296	3866.91	1920	1080	29.97	10	9f98299bef2e8b935653eadbc07206e3	f0f12efcb5b4b579aca910199db205eb	1920	1080	22925.0	17.0	5721.0	23989.0	False	False	0.9928741991519928	0.987130465958063
Aerial_1920x1080_2997_10b	Aerial_1920x1080_2997_10b	svtav1	svtav1_20200615_7104606_enc-mode0	60	59	0	616476.0	616.476	32.14666666666667	38.45916666666669	39.60866666666664	32.142612	38.45819199999999	39.609094	77.16625251464141	1996280.0	33.27133333333333	3476.36	1920	1080	29.97	10	7da18bccfb24b52dbf418e9fae712a7f	6af498a29315f96f93f542c65f9220c1	1920	1080	24837.0	5.0	5607.0	25077.0	False	False	0.9843478242556254	0.9715551551573939
DinnerScene_1920x1080_2997_10b	DinnerScene_1920x1080_2997_10b	svtav1	svtav1_20200615_7104606_enc-mode0	60	20	0	1306377.0	1306.377	41.79666666666665	42.662333333333336	47.530666666666676	41.795757	42.659107	47.529625	91.43534155854066	3603662.0	60.061033333333334	5997.66	1920	1080	29.97	10	7caa1fd6ff960a6e9a77a34c40b4e871	db6166ca2791787c88cafa8020038d50	1920	1080	20603.0	3.0	16375.0	22802.0	False	False	0.994151712457339	0.9882335008432643
DinnerScene_1920x1080_2997_10b	DinnerScene_1920x1080_2997_10b	svtav1	svtav1_20200615_7104606_enc-mode0	60	32	0	262688.0	262.688	41.607666666666674	42.28266666666665	47.36083333333333	41.606916	42.282409	47.361304	89.63180402116362	2762472.0	46.0412	4842.89	1920	1080	29.97	10	53ba520520142b1676ca9af85274241d	c33ccee7970495a72c60e82bf52a064b	1920	1080	21649.0	5.0	8941.0	22717.0	False	False	0.9933627317349116	0.9874458689303701
DinnerScene_1920x1080_2997_10b	DinnerScene_1920x1080_2997_10b	svtav1	svtav1_20200615_7104606_enc-mode0	60	43	0	132111.0	132.111	41.29616666666664	42.16566666666668	47.05599999999999	41.295791	42.165294	47.055241	85.89905185147391	2043049.0	34.05081666666667	3574.36	1920	1080	29.97	10	e6a11e04f55bce9845b612eb3426d9c9	4cdf0aef3cf48caba4dc9c369e255778	1920	1080	21408.0	3.0	8000.0	24018.0	False	False	0.9921231796344121	0.9862478365002889
DinnerScene_1920x1080_2997_10b	DinnerScene_1920x1080_2997_10b	svtav1	svtav1_20200615_7104606_enc-mode0	60	55	0	66824.0	66.824	40.5645	41.89083333333333	46.54199999999996	40.559601	41.890747	46.53955800000001	77.55954239330845	2065968.0	34.4328	3250.11	1920	1080	29.97	10	cd52e7a3e969f7d81bf14f1ee0f7e3de	27609dd5f6723023200437fd98afd0c5	1920	1080	21670.0	7.0	7726.0	24510.0	False	False	0.9888860076665879	0.9832827542125399
DinnerScene_1920x1080_2997_10b	DinnerScene_1920x1080_2997_10b	svtav1	svtav1_20200615_7104606_enc-mode0	60	59	0	47493.0	47.493	39.797333333333334	41.58683333333334	45.87483333333331	39.787513	41.585727	45.870965	68.57980092604842	1819199.0	30.319983333333333	3114.82	1920	1080	29.97	10	8b0cc9d1619ddf84b19159ac1758bbee	4dccac3609c572fc3533550096d591e2	1920	1080	21241.0	3.0	7570.0	23196.0	False	False	0.9847656836112341	0.9796565712027994
RollerCoastPas_1920x1080_2997_10	RollerCoastPas_1920x1080_2997_10	svtav1	svtav1_20200615_7104606_enc-mode0	60	20	0	2979385.0	2979.385	45.102499999999985	45.31816666666667	43.86249999999997	45.100268	45.317401	43.860151	97.10429328786982	3211090.0	53.518166666666666	5780.08	1920	1080	29.97	10	92f68f4e3e67c58d54b8cf9e8f4ab75e	ad82183b593092a27c05100c59702b79	1920	1080	20920.0	7.0	6924.0	24236.0	False	False	0.9986573298772176	0.9969262901735276
RollerCoastPas_1920x1080_2997_10	RollerCoastPas_1920x1080_2997_10	svtav1	svtav1_20200615_7104606_enc-mode0	60	32	0	1353958.0	1353.958	43.96633333333336	44.612166666666646	43.10266666666666	43.963709	44.611835	43.101727	96.34882646049854	2812046.0	46.86743333333333	4522.15	1920	1080	29.97	10	d8fd73e983348e29610836eb4c88c076	32c3a597a3e50ca7fac4bbcec90a021e	1920	1080	20900.0	3.0	4618.0	23592.0	False	False	0.9981311887502671	0.9960446597346606
RollerCoastPas_1920x1080_2997_10	RollerCoastPas_1920x1080_2997_10	svtav1	svtav1_20200615_7104606_enc-mode0	60	43	0	796093.0	796.093	42.49316666666666	43.74983333333333	42.36516666666666	42.484762	43.749192	42.363695	94.92364261174704	1841207.0	30.686783333333334	3319.5	1920	1080	29.97	10	07e00c68f079ed69570fbdb9347fb6e2	6e7d752aee2ba86e4970884968e5f8a3	1920	1080	21712.0	10.0	4044.0	22929.0	False	False	0.9971030920743942	0.9944688616916812
RollerCoastPas_1920x1080_2997_10	RollerCoastPas_1920x1080_2997_10	svtav1	svtav1_20200615_7104606_enc-mode0	60	55	0	338475.0	338.475	39.07616666666666	41.39716666666668	40.213499999999996	39.057473	41.39513	40.210971	89.50030284979997	1782481.0	29.708016666666666	2886.96	1920	1080	29.97	10	5796bf9fd4ae04c7569cca5d744d8ac0	16b50fdce870bc44a61df591042a6b38	1920	1080	21284.0	23.0	3805.0	26073.0	False	False	0.9922130227088928	0.9880425173582557
RollerCoastPas_1920x1080_2997_10	RollerCoastPas_1920x1080_2997_10	svtav1	svtav1_20200615_7104606_enc-mode0	60	59	0	198429.0	198.429	36.46399999999999	39.399666666666675	38.38616666666666	36.449611	39.397924	38.38513	81.89642233758077	1748744.0	29.145733333333332	2684.91	1920	1080	29.97	10	c73037a61fcd1f812c1ad719533277c7	53179873d619ea94791bd41ea4cedaae	1920	1080	20570.0	5.0	4239.0	23885.0	False	False	0.9844712406396866	0.9786143170266044
Starting_1920x1080p_50_10b_pq_70	Starting_1920x1080p_50_10b_pq_70	svtav1	svtav1_20200615_7104606_enc-mode0	60	20	0	4157520.0	4157.52	46.80083333333334	49.66583333333334	51.32683333333332	46.74867299999999	49.611181	51.250676	96.72366879790084	2422156.0	40.36926666666667	3899.02	1920	1080	50.0	10	994bce4926e373bacd4afc48e31838ec	e343844285a9e1396bf66ff405721cdd	1920	1080	18064.0	8.0	8183.0	23647.0	False	False	0.9991734872261683	0.9980755839635919
Starting_1920x1080p_50_10b_pq_70	Starting_1920x1080p_50_10b_pq_70	svtav1	svtav1_20200615_7104606_enc-mode0	60	32	0	2200660.0	2200.6599999999994	45.32083333333334	48.564166666666665	49.85333333333334	45.252278	48.530679	49.812063	95.53810205621609	2503268.0	41.721133333333334	4251.52	1920	1080	50.0	10	fa5b4131ffffd5298c924db536ae6beb	ad98975b407a2692f796a09b64296b38	1920	1080	17925.0	6.0	7363.0	24068.0	False	False	0.9986702084541321	0.9973311863785203
Starting_1920x1080p_50_10b_pq_70	Starting_1920x1080p_50_10b_pq_70	svtav1	svtav1_20200615_7104606_enc-mode0	60	43	0	1294440.0	1294.44	43.49333333333334	47.327000000000005	48.18400000000001	43.411333	47.315955	48.172532	93.45361764546902	1899651.0	31.66085	3173.82	1920	1080	50.0	10	b0e3f96b2f87bccedadf4477bd8b2ec3	41509beae61373f9fd7df9dd54a8c014	1920	1080	18085.0	4.0	6788.0	23426.0	False	False	0.9977823585271836	0.9961071511451831
Starting_1920x1080p_50_10b_pq_70	Starting_1920x1080p_50_10b_pq_70	svtav1	svtav1_20200615_7104606_enc-mode0	60	55	0	552133.0	552.133	39.63916666666667	44.84883333333333	45.15116666666666	39.591006	44.84839	45.150178	86.33633045150908	1744221.0	29.07035	2876.87	1920	1080	50.0	10	a82c0eb1bd054c2b7f47b057306fe597	13fb3bbe710f1aba0848ca6b91aba0eb	1920	1080	18342.0	7.0	6566.0	23692.0	False	False	0.9938153753678004	0.9908083681167611
Starting_1920x1080p_50_10b_pq_70	Starting_1920x1080p_50_10b_pq_70	svtav1	svtav1_20200615_7104606_enc-mode0	60	59	0	318286.0	318.286	36.93599999999999	43.194500000000026	43.375666666666625	36.916171	43.1943	43.37524	77.89363615252897	1447614.0	24.1269	2325.28	1920	1080	50.0	10	471be353e2f88a27e385eb9c7d4568e1	1db4ef097424d21888d308e174e2babc	1920	1080	19414.0	7.0	5919.0	24929.0	False	False	0.9876474599043529	0.9827640953687733
DOTA2_60f_420	DOTA2_60f_420	svtav1	svtav1_20200615_7104606_enc-mode0	60	20	0	15162432.0	15162.432	45.4595	49.18083333333334	49.30899999999998	45.406375	49.103731	49.273117	97.55440773578175	4419833.0	73.66388333333333	7660.23	1920	1080	60.0	8	19d42f89f20e83cdef1d438a6ac4ca0c	ec753e65952c4b2834f3dc3486951ead	1920	1080	12421.0	3.0	9587.0	23116.0	False	False	0.9986210525035858	0.9973405008191917
DOTA2_60f_420	DOTA2_60f_420	svtav1	svtav1_20200615_7104606_enc-mode0	60	32	0	7230056.0	7230.056	42.932166666666674	46.91616666666666	47.181499999999986	42.846773	46.80998	47.132385	95.66507335469815	3239552.0	53.992533333333334	5875.19	1920	1080	60.0	8	129baba87bcf9e2bc330f15a925fc230	521744229b7c94e23b41c29bbb49fc92	1920	1080	12066.0	4.0	8019.0	23507.0	False	False	0.9972550908724467	0.9949961440229083
DOTA2_60f_420	DOTA2_60f_420	svtav1	svtav1_20200615_7104606_enc-mode0	60	43	0	3498344.0	3498.344	40.258166666666654	44.46183333333332	44.82283333333332	40.146049	44.339372	44.768477	91.90745885560492	2499776.0	41.662933333333335	4180.49	1920	1080	60.0	8	e8ef09bf25e97b9fa4616cf1ab90be61	89360ff65d3643173ad3a768d8e89e7d	1920	1080	11964.0	3.0	7594.0	23843.0	False	False	0.9938017159700394	0.9898250967478848
DOTA2_60f_420	DOTA2_60f_420	svtav1	svtav1_20200615_7104606_enc-mode0	60	55	0	1371512.0	1371.512	36.675	41.19033333333333	41.47249999999999	36.586321	41.102123	41.437213	81.93822149646198	1744009.0	29.066816666666668	3024.78	1920	1080	60.0	8	558d5afba806150e3869b601af1969a1	e442914abb9ecd7be9d80bad405d95b5	1920	1080	11923.0	3.0	6134.0	23135.0	False	False	0.9805167824029922	0.9738845679253796
DOTA2_60f_420	DOTA2_60f_420	svtav1	svtav1_20200615_7104606_enc-mode0	60	59	0	830344.0	830.3439999999999	34.7005	39.3035	39.56350000000001	34.652919	39.253674	39.545056	72.50077386567419	1593779.0	26.56298333333333	2565.36	1920	1080	60.0	8	7e6b1a1d9a21bea07187ed13dd99c0dc	0accd98b8e33486b4710f4708d1ca272	1920	1080	12474.0	4.0	5459.0	23088.0	False	False	0.9646564384301504	0.9579023508485204
KristenAndSara_1280x720_60f	KristenAndSara_1280x720_60f	svtav1	svtav1_20200615_7104606_enc-mode0	60	20	0	3046512.0	3046.512	44.581	48.956666666666656	49.86616666666668	44.574579	48.95413	49.863994	96.91848641434993	1528574.0	25.476233333333333	2843.1	1280	720	60.0	8	932b0671af95ee8edfdc28407b450f67	16747f49ea0422fa04ea3be14f9f8a69	1280	720	5556.0	3.0	4270.0	9664.0	False	False	0.9959733913342158	0.9954249835126652
KristenAndSara_1280x720_60f	KristenAndSara_1280x720_60f	svtav1	svtav1_20200615_7104606_enc-mode0	60	32	0	1309904.0	1309.904	43.523999999999994	48.31833333333334	49.20933333333335	43.511394	48.31511	49.206522	96.08347040239929	1218771.0	20.31285	2264.58	1280	720	60.0	8	1a3b49cb980b7153a18b973e4d1ff940	04811502728be1e709dd4d0c7d815805	1280	720	5218.0	8.0	3223.0	9912.0	False	False	0.9948032855987549	0.994365397063134
KristenAndSara_1280x720_60f	KristenAndSara_1280x720_60f	svtav1	svtav1_20200615_7104606_enc-mode0	60	43	0	674704.0	674.704	42.11683333333334	47.21716666666667	48.09933333333333	42.095496	47.212824	48.095233	94.45116038333147	965396.0	16.089933333333335	1594.05	1280	720	60.0	8	b4bad55f2e63be63580013b6af342340	f52bbdae17f8441abd14375fd7e3aa68	1280	720	5604.0	4.0	2726.0	9664.0	False	False	0.9924586762984594	0.992384390282627
KristenAndSara_1280x720_60f	KristenAndSara_1280x720_60f	svtav1	svtav1_20200615_7104606_enc-mode0	60	55	0	298144.0	298.144	39.349999999999994	44.763000000000005	45.80033333333335	39.320559	44.755074	45.794054	89.12566575315013	783959.0	13.065983333333334	1291.39	1280	720	60.0	8	088c96f3990e75419c0532b17fd3ff13	0a420c6e7cc15610ac1a5ccea99a3400	1280	720	5523.0	5.0	2436.0	9802.0	False	False	0.9848351756731669	0.986226209604849
KristenAndSara_1280x720_60f	KristenAndSara_1280x720_60f	svtav1	svtav1_20200615_7104606_enc-mode0	60	59	0	196072.0	196.072	37.47633333333336	43.08050000000001	44.21633333333333	37.456293	43.075146	44.211097	83.69055026413226	740971.0	12.349516666666666	1213.73	1280	720	60.0	8	a33ce4d7f4dba85f75daedc883c098c0	b505017b004e074c8d158ee733ea9fa9	1280	720	5146.0	4.0	2202.0	10284.0	False	False	0.977309716741244	0.9802151306742183
Netflix_RollerCoaster_1280x720_6	Netflix_RollerCoaster_1280x720_6	svtav1	svtav1_20200615_7104606_enc-mode0	60	20	0	8086752.0	8086.7519999999995	44.74666666666668	46.65516666666667	46.692833333333326	44.730803	46.644066	46.685816	99.90459454417086	2821635.0	47.02725	5018.53	1280	720	60.0	8	547ef0266502b9eac7d64ac7730787d2	402e8a2296dec33eeba7fead92b3d04a	1280	720	5456.0	4.0	7980.0	9833.0	False	False	0.9979035119215648	0.997512481940039
Netflix_RollerCoaster_1280x720_6	Netflix_RollerCoaster_1280x720_6	svtav1	svtav1_20200615_7104606_enc-mode0	60	32	0	4016968.0	4016.968	42.47216666666667	44.94616666666666	45.35800000000001	42.446883	44.922272	45.345647	99.85004736301691	2701133.0	45.018883333333335	4904.9	1280	720	60.0	8	37df984c2ac07a09ffbdcc3c25a19aca	b2722e826ca0b6100b5efef53b3bfa86	1280	720	5381.0	3.0	6885.0	10637.0	False	False	0.9963837246100108	0.995901555420088
Netflix_RollerCoaster_1280x720_6	Netflix_RollerCoaster_1280x720_6	svtav1	svtav1_20200615_7104606_enc-mode0	60	43	0	2095336.0	2095.336	40.08316666666668	43.02416666666664	43.788	40.042503	42.991783000000005	43.772872	97.61725103892566	1912798.0	31.879966666666668	3403.76	1280	720	60.0	8	00d858d4758a8e006c80502ef0e7b62d	ad0680fc010004fee685035c2f6ad30f	1280	720	5667.0	5.0	6242.0	9734.0	False	False	0.9932648221651713	0.9927485304818904
Netflix_RollerCoaster_1280x720_6	Netflix_RollerCoaster_1280x720_6	svtav1	svtav1_20200615_7104606_enc-mode0	60	55	0	952280.0	952.28	36.72666666666666	40.16466666666666	41.52583333333334	36.68707299999999	40.127244	41.507326	88.30840819610782	1355538.0	22.5923	2218.53	1280	720	60.0	8	78f18ee5270c0fd18f4f74e5fe2603dc	4dbe1d467fd9b3db4d3c4f8f227bfb61	1280	720	5588.0	5.0	5469.0	9825.0	False	False	0.9826699783404668	0.9828754131849193
Netflix_RollerCoaster_1280x720_6	Netflix_RollerCoaster_1280x720_6	svtav1	svtav1_20200615_7104606_enc-mode0	60	59	0	647048.0	647.048	34.969500000000004	38.50550000000001	40.2445	34.935002000000004	38.46214	40.222848	80.17972248950049	1584144.0	26.4024	2842.38	1280	720	60.0	8	53e27b1dedb99c2ceb1cb6e2476f9904	94ef8fea4b811db16ce552e824cba14f	1280	720	5678.0	4.0	5527.0	10197.0	False	False	0.9716576735178629	0.9735790053544421
blue_sky_360p_60f	blue_sky_360p_60f	svtav1	svtav1_20200615_7104606_enc-mode0	60	20	0	1282573.0	1282.573	44.46433333333335	45.52233333333333	47.276833333333336	44.355948	45.436122	47.214571	99.95579593850776	704479.0	11.741316666666666	1340.76	640	360	25.0	8	0ac361af4d03fd92e9e0a052e3680d6a	9612633ea62505e748bdd1f897c5a97a	640	360	1879.0	3.0	2097.0	2778.0	False	False	0.9929299165805181	0.9986144006627521
blue_sky_360p_60f	blue_sky_360p_60f	svtav1	svtav1_20200615_7104606_enc-mode0	60	32	0	643326.0	643.3259999999999	41.465333333333334	43.33949999999998	45.01900000000002	41.324202	43.23646	44.944543	99.93594858057811	769110.0	12.8185	1348.95	640	360	25.0	8	481e6cc2c08bf50cf6907bd6e4efa2d1	68149e505e048af6769e8fc7a65c12eb	640	360	1905.0	4.0	1846.0	4018.0	False	False	0.9897042115529379	0.9978611710173485
blue_sky_360p_60f	blue_sky_360p_60f	svtav1	svtav1_20200615_7104606_enc-mode0	60	43	0	348573.0	348.573	38.7085	40.96300000000001	42.73716666666667	38.515901	40.867321999999994	42.681895000000004	99.42912753821774	512071.0	8.534516666666667	971.33	640	360	25.0	8	0e31570ac261cf6fca81117697bee756	afac6909b14c152192607fa9aa82b6d5	640	360	1805.0	3.0	1623.0	2784.0	False	False	0.9843320419390996	0.9964838501276871
blue_sky_360p_60f	blue_sky_360p_60f	svtav1	svtav1_20200615_7104606_enc-mode0	60	55	0	152080.0	152.08	34.86716666666667	37.158500000000004	39.370333333333335	34.746326	37.116064	39.349186	92.57869762586054	522051.0	8.70085	924.73	640	360	25.0	8	29ee3556ead4c6dda3ca6daaffca479f	8ca9f0990ed1b3d4ab0b8b873403457a	640	360	1967.0	3.0	1879.0	2972.0	False	False	0.9680296341578166	0.9921658787324527
blue_sky_360p_60f	blue_sky_360p_60f	svtav1	svtav1_20200615_7104606_enc-mode0	60	59	0	95796.0	95.796	32.46766666666666	35.539999999999985	38.26483333333333	32.407982	35.523427	38.251557	85.75473880125244	428396.0	7.1399333333333335	753.03	640	360	25.0	8	2bc324a7cd850789f083b9daf6e2e726	a4225612efdbeb10128c6f7d2e652421	640	360	1939.0	4.0	1531.0	2861.0	False	False	0.9499739329020183	0.9869975462088907
dark720p_60f	dark720p_60f	svtav1	svtav1_20200615_7104606_enc-mode0	60	20	0	6766600.0	6766.6	45.936500000000024	42.952666666666666	44.38666666666667	45.92093	42.825167	44.316792	96.24296826020377	3070039.0	51.167316666666665	5364.64	1280	720	30.0	8	fb50e148d6b5bad6d516be4d36ac80b5	d556af5c5f2212c648daac10cb0a1603	1280	720	4804.0	4.0	11027.0	11324.0	False	False	0.9942144046227137	0.9949995403819102
dark720p_60f	dark720p_60f	svtav1	svtav1_20200615_7104606_enc-mode0	60	32	0	1534888.0	1534.888	43.49266666666664	38.831166666666654	41.69500000000001	43.474878	38.801907	41.684322	93.30172464921864	2303414.0	38.390233333333335	4048.61	1280	720	30.0	8	5d52539f5a1126a36f11f95c1cc87646	a8b4d5da403aa15b783d6e72eb8d47b9	1280	720	4761.0	4.0	8309.0	10306.0	False	False	0.9912680109341939	0.9927038672663734
dark720p_60f	dark720p_60f	svtav1	svtav1_20200615_7104606_enc-mode0	60	43	0	266512.0	266.512	42.214166666666664	36.89616666666666	40.801999999999985	42.202645	36.891844	40.795561	90.68966408102094	1157555.0	19.292583333333333	1955.16	1280	720	30.0	8	e40da39e8d5f86586322d5dd9698c65e	a515ba078af02a4d3e446fbbc2ebf93f	1280	720	4666.0	2.0	4808.0	9912.0	False	False	0.9895954469839732	0.99137768618318
dark720p_60f	dark720p_60f	svtav1	svtav1_20200615_7104606_enc-mode0	60	55	0	108148.0	108.148	40.668833333333346	36.200833333333335	39.769499999999994	40.656853	36.199122	39.762029	86.09052813811574	815033.0	13.583883333333333	1396.38	1280	720	30.0	8	d43d7cd872675845cc6aab6da3d5c39a	63869ebd12e6bea76ebfad93ba022b93	1280	720	5010.0	4.0	3128.0	9877.0	False	False	0.9854525228341421	0.9882486641958328
dark720p_60f	dark720p_60f	svtav1	svtav1_20200615_7104606_enc-mode0	60	59	0	72772.0	72.772	39.264500000000005	35.513999999999996	38.818333333333335	39.25612	35.512332	38.807494	80.90871719395834	793310.0	13.221833333333333	1324.83	1280	720	30.0	8	f876eedebd1e2878715329918a5e5b59	f3c1fb4e936a9cb71bf4b45bf47b73e7	1280	720	5317.0	6.0	2633.0	11316.0	False	False	0.980470922589302	0.9844894038855592
gipsrestat720p_60f	gipsrestat720p_60f	svtav1	svtav1_20200615_7104606_enc-mode0	60	20	0	3268006.0	3268.006	44.817	47.39216666666666	49.0055	44.798757	47.386917	49.001621	96.94885902965704	1867321.0	31.122016666666667	3417.21	1280	720	50.0	8	c8731a14cd8c287637445fc6bc831872	40b7581cb584c0adccadfb03d1e9783c	1280	720	5449.0	3.0	3779.0	9836.0	False	False	0.9976049602031708	0.9969432020621538
gipsrestat720p_60f	gipsrestat720p_60f	svtav1	svtav1_20200615_7104606_enc-mode0	60	32	0	1290266.0	1290.266	43.26466666666666	46.83166666666666	48.3595	43.233379	46.828166	48.355212	95.76244270460748	1381453.0	23.024216666666668	2207.89	1280	720	50.0	8	b72fb975383f3bc21550d7250217e735	013cffd53aacf0c196054b87c72a5bd5	1280	720	6295.0	9.0	2474.0	9963.0	False	False	0.9966428418954213	0.9959733679180592
gipsrestat720p_60f	gipsrestat720p_60f	svtav1	svtav1_20200615_7104606_enc-mode0	60	43	0	688666.0	688.666	41.67233333333333	46.04433333333334	47.36500000000001	41.619876	46.041563	47.360817	93.93181243307211	1033502.0	17.225033333333332	1835.01	1280	720	50.0	8	e864094b81a094af0b992eebc4102188	09ac48a8b84523a8e7e3a66a5367ed45	1280	720	5639.0	3.0	2182.0	10049.0	False	False	0.9950223058462143	0.9944776734585332
gipsrestat720p_60f	gipsrestat720p_60f	svtav1	svtav1_20200615_7104606_enc-mode0	60	55	0	326566.0	326.566	38.88266666666667	44.07533333333335	45.034000000000006	38.846156	44.073066	45.032929	89.30418838359441	640951.0	10.682516666666666	1124.66	1280	720	50.0	8	d4d8f869256cbedcd8188b33a2b83444	a7c5ad93cb08812b7eaa93b1b8153fc7	1280	720	5837.0	7.0	1725.0	10278.0	False	False	0.9891887853542963	0.9894419918967254
gipsrestat720p_60f	gipsrestat720p_60f	svtav1	svtav1_20200615_7104606_enc-mode0	60	59	0	203180.0	203.18	36.53033333333333	42.20983333333334	42.922	36.518147	42.2086	42.921081	83.54616586304807	766474.0	12.774566666666667	1292.08	1280	720	50.0	8	827a6345f1a3f789293692a52dd65d7b	7c9180d608569c1f72ae40de2bf186b8	1280	720	5619.0	4.0	1699.0	10429.0	False	False	0.9810358246167501	0.982509849899266
kirland360p_60f	kirland360p_60f	svtav1	svtav1_20200615_7104606_enc-mode0	60	20	0	278964.0	278.964	47.389333333333326	48.407999999999994	49.63699999999999	47.30815599999999	48.388399	49.617289	96.01077502370717	514417.0	8.573616666666666	926.1	640	360	30.0	8	69af58f101e7034435e2bd54261fd547	97959ae37b6ebf4f577d24ec64972216	640	360	1284.0	6.0	895.0	3159.0	False	False	0.990932959318161	0.9974089188297043
kirland360p_60f	kirland360p_60f	svtav1	svtav1_20200615_7104606_enc-mode0	60	32	0	129640.0	129.64	46.01316666666666	47.940000000000005	48.87416666666668	45.873952	47.916201	48.842742	94.72016781237316	447058.0	7.450966666666667	795.08	640	360	30.0	8	cd378ccdd7475eec464d4dc13db53588	a6d1633900ca7a27bfbeb1d668f1efc2	640	360	1409.0	6.0	686.0	2994.0	False	False	0.9896239697933197	0.996939675657753
kirland360p_60f	kirland360p_60f	svtav1	svtav1_20200615_7104606_enc-mode0	60	43	0	71120.0	71.12000000000002	44.111833333333344	47.22433333333333	47.7075	43.870125	47.180626	47.601173	92.12711184486218	277581.0	4.62635	523.51	640	360	30.0	8	8b81ad5191852dd6f55cb08102b87ac7	6fefd39ee7dbcbe3cdbb80b30e82f031	640	360	1277.0	4.0	482.0	2818.0	False	False	0.987197783589363	0.9960149184857571
kirland360p_60f	kirland360p_60f	svtav1	svtav1_20200615_7104606_enc-mode0	60	55	0	37360.0	37.36	41.09683333333335	46.108	45.927666666666696	40.755636	45.999808	45.637679	84.57708104578339	262076.0	4.367933333333333	440.57	640	360	30.0	8	0e7c69f851b6f9b128f5965fa5ee396a	0bffa92c0e75cf466abbfea8d713eb7e	640	360	1243.0	3.0	454.0	2877.0	False	False	0.9808939745028814	0.9936290884359243
kirland360p_60f	kirland360p_60f	svtav1	svtav1_20200615_7104606_enc-mode0	60	59	0	28260.0	28.26	39.3645	45.32349999999999	45.03266666666666	38.99313300000001	45.148139	44.692243	79.23089133543994	195975.0	3.26625	358.16	640	360	30.0	8	c3a165e0394b9d13e652a210066ef3b8	f77194e7d3672f17ef00f41a11989e66	640	360	1436.0	4.0	417.0	2820.0	False	False	0.9749141583840052	0.9910985153744972
niklas360p_60f	niklas360p_60f	svtav1	svtav1_20200615_7104606_enc-mode0	60	20	0	1392232.0	1392.232	44.38200000000001	47.752499999999976	47.43699999999999	44.294944	47.678268	47.349606	98.33722299138716	967195.0	16.119916666666665	1820.39	640	360	30.0	8	53d95d58fdd00c71f2cb2cf64545d1f9	5d8d8c55d09985629568836d1639cdaf	640	360	1686.0	4.0	1910.0	3086.0	False	False	0.9865218957265218	0.9968520884631062
niklas360p_60f	niklas360p_60f	svtav1	svtav1_20200615_7104606_enc-mode0	60	32	0	764336.0	764.336	41.92383333333335	46.310500000000005	45.78466666666667	41.832448	46.224297	45.685018	96.71406082303928	983724.0	16.3954	1695.81	640	360	30.0	8	1efd988194aa87a54bfb2ef16d8dc6b5	1c9edfd0708cefea081f2c5215a564b9	640	360	1835.0	4.0	1698.0	2985.0	False	False	0.9810504525899887	0.9951413588376972
niklas360p_60f	niklas360p_60f	svtav1	svtav1_20200615_7104606_enc-mode0	60	43	0	407640.0	407.64	38.985333333333344	44.491500000000016	43.69933333333334	38.89868	44.450412	43.649794	93.02211030648617	529213.0	8.820216666666667	977.14	640	360	30.0	8	f724d5f9becb0b0f1cbb6d9072b63ab9	a3fed038924a1a8bf1fd8f9287f9686b	640	360	1822.0	59.0	1327.0	2925.0	False	False	0.9710600982109706	0.9917570193570898
niklas360p_60f	niklas360p_60f	svtav1	svtav1_20200615_7104606_enc-mode0	60	55	0	200292.0	200.292	35.37800000000001	42.04950000000001	40.932166666666674	35.317863	42.016237	40.897314	85.25478382493885	576135.0	9.60225	1072.01	640	360	30.0	8	78b478dda2458354ed0fd7ab7cfdedad	66b6052970fed362ff4aca24d5136b8c	640	360	1690.0	3.0	1227.0	3055.0	False	False	0.9486851046482722	0.9829442879605145
niklas360p_60f	niklas360p_60f	svtav1	svtav1_20200615_7104606_enc-mode0	60	59	0	137716.0	137.716	33.44416666666667	40.783500000000004	39.41266666666666	33.408468	40.765539	39.382681	79.08707823729948	407378.0	6.789633333333334	686.78	640	360	30.0	8	6775c96e68809015dc107c84c4272f29	2782e981faed05eae4c161b4b2a46bcf	640	360	2055.0	4.0	1190.0	3150.0	False	False	0.9289523800214131	0.9745742646247673
red_kayak_360p_60f	red_kayak_360p_60f	svtav1	svtav1_20200615_7104606_enc-mode0	60	20	0	9079649.0	9079.649	41.101000000000006	44.67716666666666	49.277	41.066277	44.656711	49.26938400000001	99.8709793391361	2386521.0	39.77535	4405.18	640	360	29.97	8	75965834c8a9d62cb6c6f84bfa5d837b	31d98ca8637291893803c332f48434d9	640	360	2447.0	4.0	3767.0	2904.0	False	False	0.9723152240117391	0.9942355394245062
red_kayak_360p_60f	red_kayak_360p_60f	svtav1	svtav1_20200615_7104606_enc-mode0	60	32	0	5311782.0	5311.782	36.4805	42.186833333333325	48.0525	36.416777	42.164626	48.034889	99.67700238855278	2368196.0	39.46993333333333	4391.34	640	360	29.97	8	48829e0c6f6ebdfa44e541909e55f6e2	1b08d1e7b94029d8998dde497a66b9e3	640	360	2191.0	4.0	3427.0	3045.0	False	False	0.9396688014268875	0.98574506221333
red_kayak_360p_60f	red_kayak_360p_60f	svtav1	svtav1_20200615_7104606_enc-mode0	60	43	0	2373325.0	2373.325	31.8745	39.752833333333335	46.627333333333354	31.787781	39.726359	46.601884	86.20203207700591	1883371.0	31.389516666666665	3150.27	640	360	29.97	8	56db6a2dfa3711efc8d913e0715eb5e8	4d35f093fe90910b9a0980f1f4dbd9c2	640	360	2187.0	3.0	2794.0	3488.0	False	False	0.8693328599135081	0.9651309141084885
red_kayak_360p_60f	red_kayak_360p_60f	svtav1	svtav1_20200615_7104606_enc-mode0	60	55	0	716422.0	716.422	28.019833333333338	37.8505	45.33233333333333	27.94948	37.831971	45.258086	58.94354131064404	1037525.0	17.292083333333334	1968.78	640	360	29.97	8	e2dc08978fa0fcc3e7d58e82d588d73e	112b3ed3b6597d5d19b9ab543c6c6096	640	360	2003.0	4.0	2247.0	2866.0	False	False	0.7532401710748673	0.9179622824328408
red_kayak_360p_60f	red_kayak_360p_60f	svtav1	svtav1_20200615_7104606_enc-mode0	60	59	0	385355.0	385.3550000000001	26.84716666666667	37.260000000000005	44.79299999999999	26.793292	37.247044	44.693	44.26412956244936	1053607.0	17.560116666666666	1737.68	640	360	29.97	8	7b37758ffe2f7768e8a4e5cc90afde8d	a6ddf4b24b181b576d28325b4829732b	640	360	2119.0	5.0	2199.0	2945.0	False	False	0.7047747790813446	0.8867952322622049
shields_640x360_60f	shields_640x360_60f	svtav1	svtav1_20200615_7104606_enc-mode0	60	20	0	2274233.0	2274.233	42.415833333333325	45.52499999999999	47.19799999999999	42.277764	45.499002	47.122373	99.45735187063997	757035.0	12.61725	1378.69	640	360	50.0	8	d6045212084d942cabf746f882972b0d	f10e587f89526bb50304d02163b4b883	640	360	2530.0	7.0	1634.0	3736.0	False	False	0.9857802758614223	0.9982899057158255
shields_640x360_60f	shields_640x360_60f	svtav1	svtav1_20200615_7104606_enc-mode0	60	32	0	1209520.0	1209.52	40.61383333333336	43.94300000000002	45.503000000000014	40.410467	43.895444	45.38523	99.43734810320241	645588.0	10.7598	1210.15	640	360	50.0	8	e7aa72ab783ecf37b411cb511e1bd6b0	59501cba92cf8cce9a6f58cce3f97141	640	360	2724.0	3.0	1373.0	3041.0	False	False	0.9810429910818735	0.9976205931116569
shields_640x360_60f	shields_640x360_60f	svtav1	svtav1_20200615_7104606_enc-mode0	60	43	0	637806.0	637.806	38.04000000000001	41.256166666666665	43.090833333333336	37.76045	41.168897	42.921099	99.37858947413689	502445.0	8.374083333333333	898.19	640	360	50.0	8	9b61e4652fb737b68b264ea66de5d4c7	5fb7a6b732ab998d59d3433c81d84a36	640	360	2434.0	3.0	1263.0	3277.0	False	False	0.9697397470474243	0.9957822659178693
shields_640x360_60f	shields_640x360_60f	svtav1	svtav1_20200615_7104606_enc-mode0	60	55	0	324593.0	324.593	34.5995	38.14350000000001	40.27016666666667	34.247024	37.981438	40.023763	95.5766572495917	452297.0	7.538283333333333	663.78	640	360	50.0	8	9bbcfaefe0f96c526ac3ebd229828078	25d50ce842d12f96d12b78f71e59e0ff	640	360	2535.0	3.0	1053.0	2952.0	False	False	0.9426868667205175	0.990403484633665
shields_640x360_60f	shields_640x360_60f	svtav1	svtav1_20200615_7104606_enc-mode0	60	59	0	217800.0	217.8	32.346166666666676	36.577499999999986	38.556666666666665	31.939308	36.370288	38.318495	90.04569375016624	325078.0	5.417966666666667	602.67	640	360	50.0	8	54cd9ebca88a4be8288c0248efb16bfa	768b583ac73ee1d9f391d4f10878d8c3	640	360	2545.0	5.0	930.0	2969.0	False	False	0.9110202590624491	0.9830232009241301
speed_bag_640x360_60f	speed_bag_640x360_60f	svtav1	svtav1_20200615_7104606_enc-mode0	60	20	0	462504.0	462.504	46.98099999999999	49.683166666666665	51.0795	46.89732	49.608795	51.017543	98.28947663846694	456637.0	7.610616666666667	856.49	640	360	29.97	8	c2eb69d5ffeeab84deb2841a4530ae13	6a87e93f2153d5e373af0c45dda9f954	640	360	1472.0	29.0	1527.0	2858.0	False	False	0.9888715634743372	0.997511114729993
speed_bag_640x360_60f	speed_bag_640x360_60f	svtav1	svtav1_20200615_7104606_enc-mode0	60	32	0	239195.0	239.195	45.053833333333344	48.31349999999998	49.863333333333344	44.919792	48.201587	49.743888	97.22470730668103	455765.0	7.5960833333333335	849.16	640	360	29.97	8	19b38b438b09261fe2d1655e3e941e55	1031169a95a9f61dd65f81973155b780	640	360	1427.0	4.0	1365.0	2838.0	False	False	0.9856353014707565	0.9960953911300319
speed_bag_640x360_60f	speed_bag_640x360_60f	svtav1	svtav1_20200615_7104606_enc-mode0	60	43	0	131788.0	131.788	42.984500000000004	46.63533333333332	48.47066666666667	42.783066	46.520007	48.316684	94.63649499028755	377594.0	6.293233333333333	597.34	640	360	29.97	8	df97cf8c1859568e229eacbd387a5955	75f51f0ca87a04f13767f225a4890a78	640	360	1625.0	3.0	1140.0	3046.0	False	False	0.9814755588769912	0.993820386344972
speed_bag_640x360_60f	speed_bag_640x360_60f	svtav1	svtav1_20200615_7104606_enc-mode0	60	55	0	67222.0	67.222	39.89566666666666	44.00000000000001	46.36583333333333	39.624823	43.892714	46.178363	85.36710350050089	286737.0	4.77895	526.18	640	360	29.97	8	1e0c4779dc9692a299dc019165bf23e3	e7edcc836870b9fbb953d9229feb3fd6	640	360	1503.0	2.0	978.0	2885.0	False	False	0.9726493249336878	0.9882014028366257
speed_bag_640x360_60f	speed_bag_640x360_60f	svtav1	svtav1_20200615_7104606_enc-mode0	60	59	0	48098.0	48.098	37.800333333333334	42.112	44.96	37.623969	42.056204	44.816778	76.80182994103552	273368.0	4.556133333333333	467.88	640	360	29.97	8	5bf7017fdc1d818bc3ecd9f5ad812d87	d31c51fa9f70a33aa4bda525e511978e	640	360	1556.0	7.0	933.0	2906.0	False	False	0.9643145759900411	0.9822089189581432
thaloundeskmtg360p_60f	thaloundeskmtg360p_60f	svtav1	svtav1_20200615_7104606_enc-mode0	60	20	0	918376.0	918.376	44.755499999999984	48.75866666666669	48.7855	44.572685	48.705146	48.74491	96.98317328136963	557931.0	9.29885	1027.64	640	360	30.0	8	8bf201ebeba02ff31338d4bb2fe0db54	507754fce33acfed2a6f123f4324af51	640	360	1843.0	3.0	1142.0	2862.0	False	False	0.9925744344790777	0.9984346324595205
thaloundeskmtg360p_60f	thaloundeskmtg360p_60f	svtav1	svtav1_20200615_7104606_enc-mode0	60	32	0	478796.0	478.796	43.18900000000001	47.470833333333346	47.62349999999999	42.959403	47.419305	47.587072	95.85301601065159	514593.0	8.57655	914.19	640	360	30.0	8	1ea565c3a268c2cedfcb66371911d6d0	03e911e9d7906cab89c73e478804c805	640	360	1701.0	22.0	890.0	2870.0	False	False	0.9903017461299897	0.9977150537477989
thaloundeskmtg360p_60f	thaloundeskmtg360p_60f	svtav1	svtav1_20200615_7104606_enc-mode0	60	43	0	257276.0	257.276	41.119499999999995	45.81616666666667	45.93833333333334	40.808161	45.785453	45.915289	93.6930201158437	355180.0	5.919666666666667	667.16	640	360	30.0	8	e3ffef21d4062fe4313da6d205b41b90	be29167d9a85d253efb1dff7c0817164	640	360	1865.0	2.0	701.0	2949.0	False	False	0.9864764451980591	0.9963801000146933
thaloundeskmtg360p_60f	thaloundeskmtg360p_60f	svtav1	svtav1_20200615_7104606_enc-mode0	60	55	0	127848.0	127.848	37.8145	42.96616666666667	43.05916666666666	37.5786	42.943874	43.046773	87.74238523443364	322294.0	5.371566666666666	532.14	640	360	30.0	8	e25fea0614e1954d275ccb1b056ffcc4	9c7ae30f5c797dee4d90e0df69ab542d	640	360	1934.0	4.0	660.0	3082.0	False	False	0.9768974383672079	0.9924752400796166
thaloundeskmtg360p_60f	thaloundeskmtg360p_60f	svtav1	svtav1_20200615_7104606_enc-mode0	60	59	0	83860.0	83.86	35.50200000000002	40.93866666666667	40.972999999999985	35.179875	40.931647	40.960732	81.97461153418963	351731.0	5.862183333333333	650.79	640	360	30.0	8	3ee126301de167741e30e80af3b0cda0	90d7022d3a322afcf5ce8cb86d9028e6	640	360	1683.0	3.0	641.0	2889.0	False	False	0.9665048201878865	0.9876070668089454
vidyo1_720p_60fps_60f	vidyo1_720p_60fps_60f	svtav1	svtav1_20200615_7104606_enc-mode0	60	20	0	3622976.0	3622.976	45.46616666666666	48.08433333333335	49.39933333333334	45.447753	48.078413	49.396746	96.4750980909471	1354347.0	22.57245	2514.63	1280	720	60.0	8	639b926470384eeb31b9efcfbbbdc5c5	50c7c8cc649a6819fcb119719f738792	1280	720	5066.0	4.0	3372.0	9672.0	False	False	0.997500815987587	0.9968855809916553
vidyo1_720p_60fps_60f	vidyo1_720p_60fps_60f	svtav1	svtav1_20200615_7104606_enc-mode0	60	32	0	1400824.0	1400.824	43.96833333333335	47.57083333333334	48.74716666666667	43.960485	47.566791	48.744267	95.1504632198711	1318694.0	21.978233333333332	2293.33	1280	720	60.0	8	72f927b92abd5bdffefae679d3f03d6a	59fcc3b88dddaa77086c25e985214c0e	1280	720	4995.0	3.0	2607.0	10778.0	False	False	0.9960528085629146	0.995501655891747
vidyo1_720p_60fps_60f	vidyo1_720p_60fps_60f	svtav1	svtav1_20200615_7104606_enc-mode0	60	43	0	686544.0	686.544	42.480333333333334	46.86466666666668	47.81566666666666	42.471537	46.861628	47.813935	93.01139882697662	884356.0	14.739266666666667	1504.21	1280	720	60.0	8	444805cbd1564f7452af6e1248221e3c	e50a5e807b33d009d6920c008625251a	1280	720	5608.0	6.0	2283.0	10190.0	False	False	0.994005807240804	0.9937033456362304
vidyo1_720p_60fps_60f	vidyo1_720p_60fps_60f	svtav1	svtav1_20200615_7104606_enc-mode0	60	55	0	313920.0	313.92	39.85783333333333	45.249500000000005	45.71033333333335	39.845253	45.247985	45.707317	87.02027434602239	799185.0	13.31975	1349.82	1280	720	60.0	8	4527f76b80c70f942ed5fdaca5e23b55	8464cbc36a9fc1dc987dcdf1ac05923d	1280	720	5594.0	4.0	2473.0	10096.0	False	False	0.9874429523944854	0.9883753419555504
vidyo1_720p_60fps_60f	vidyo1_720p_60fps_60f	svtav1	svtav1_20200615_7104606_enc-mode0	60	59	0	202440.0	202.44	37.79783333333334	43.7895	43.985166666666686	37.79063	43.788303	43.982881	80.0124667297666	552061.0	9.201016666666666	964.69	1280	720	60.0	8	085988b11b146996bfc892fcf7b5e635	c760cb6c2e0e83781647d45199021d2e	1280	720	4899.0	11.0	1849.0	9846.0	False	False	0.9783165355523428	0.9810883972560307
vidyo4_720p_60fps_60f	vidyo4_720p_60fps_60f	svtav1	svtav1_20200615_7104606_enc-mode0	60	20	0	4993472.0	4993.472	44.21516666666666	49.96616666666667	50.25866666666668	44.174925	49.960715	50.253769	97.77005489002549	1699872.0	28.3312	3178.65	1280	720	60.0	8	8ece5485d9f74944d2435c9e22b60808	99951d9865e57f7b628ab427a899c870	1280	720	5411.0	6.0	4522.0	9961.0	False	False	0.9964210053284963	0.9956422785483298
vidyo4_720p_60fps_60f	vidyo4_720p_60fps_60f	svtav1	svtav1_20200615_7104606_enc-mode0	60	32	0	1810272.0	1810.272	42.80200000000001	49.33433333333335	49.66566666666666	42.754069	49.326393	49.659225	96.45862680270962	1517365.0	25.289416666666668	2714.66	1280	720	60.0	8	31a55cd94467625c7961887abdcae39e	30b410fcc148d9cbd6866fbc4a7cdbdc	1280	720	5430.0	3.0	3358.0	9966.0	False	False	0.994660637776057	0.9938833070176685
vidyo4_720p_60fps_60f	vidyo4_720p_60fps_60f	svtav1	svtav1_20200615_7104606_enc-mode0	60	43	0	908184.0	908.184	41.44483333333334	48.47766666666667	48.77483333333336	41.381303	48.463688	48.764772	94.43676934141278	985652.0	16.427533333333333	1759.49	1280	720	60.0	8	a2c22e39269c875ca9ffd3364d0e8fbb	64f68834e0834650808ab638c0dfcdbd	1280	720	4928.0	4.0	2922.0	9654.0	False	False	0.99188159207503	0.9914058722274006
vidyo4_720p_60fps_60f	vidyo4_720p_60fps_60f	svtav1	svtav1_20200615_7104606_enc-mode0	60	55	0	414144.0	414.144	39.091	46.660333333333334	46.75233333333334	39.022866	46.64764	46.74021	89.219380137841	870394.0	14.506566666666666	1508.59	1280	720	60.0	8	ef60f8bdb14d136853c92bd5f8d23e7f	cbf0c83d28929e100310d2b0e0987492	1280	720	4964.0	4.0	2729.0	9987.0	False	False	0.9832383175690969	0.9844156688701808
vidyo4_720p_60fps_60f	vidyo4_720p_60fps_60f	svtav1	svtav1_20200615_7104606_enc-mode0	60	59	0	267424.0	267.424	37.34816666666667	44.859500000000004	44.99216666666667	37.290654	44.852106	44.9827	83.04537748654768	706648.0	11.777466666666667	1241.15	1280	720	60.0	8	e6dd8075ee2f186906daff18fbc22b90	810f678474c5a4f3e82a780aa80a9903	1280	720	4886.0	4.0	2273.0	9577.0	False	False	0.9729861229658127	0.9764772367407074
ducks_1920x1080_50fps_10b	ducks_1920x1080_50fps_10b	svtav1	svtav1_20200615_7104606_enc-mode0	60	20	0	110368080.0	110368.08	38.91466666666666	39.062	41.29216666666665	38.804794	39.042289	41.289613	98.59007414348362	18181053.0	303.01755	33860.13	1920	1080	50.0	10	b087d6e02cbffcaf9bf31aed1dae8797	0d6ffb584767601585138c5322120664	1920	1080	22404.0	3.0	39381.0	23112.0	False	False	0.9987960537274678	0.9958043062954414
ducks_1920x1080_50fps_10b	ducks_1920x1080_50fps_10b	svtav1	svtav1_20200615_7104606_enc-mode0	60	32	0	27103346.0	27103.346	34.94783333333333	36.710833333333326	39.77250000000001	34.940139	36.705836	39.76939	93.0773528538416	13336975.0	222.28291666666667	23659.18	1920	1080	50.0	10	2d1a17e599d6a29b0dc3bb0a2d45a5c6	f57bc5afb46d6dff38b281236ff2a4b4	1920	1080	22307.0	3.0	27892.0	23678.0	False	False	0.9964132686456044	0.9895740984784758
ducks_1920x1080_50fps_10b	ducks_1920x1080_50fps_10b	svtav1	svtav1_20200615_7104606_enc-mode0	60	43	0	9793333.0	9793.333	32.97566666666667	34.922333333333334	38.45216666666667	32.969455	34.898946	38.447822	84.14484742640639	7954408.0	132.57346666666666	13170.74	1920	1080	50.0	10	a25f58e1b2a524c28e9599857d13cb16	ba06bcbdb6b78711d1033c4703cc0905	1920	1080	22990.0	5.0	21237.0	23980.0	False	False	0.990802651643753	0.981070141718152
ducks_1920x1080_50fps_10b	ducks_1920x1080_50fps_10b	svtav1	svtav1_20200615_7104606_enc-mode0	60	55	0	3566806.0	3566.806	30.476333333333336	33.02150000000001	37.25199999999999	30.457823	32.993942	37.248638	67.1399510043568	4609922.0	76.83203333333333	8217.89	1920	1080	50.0	10	e9b99808d49d417e2656661293afb912	6243ee43c1f770564ec875f19d9b0607	1920	1080	21889.0	4.0	16682.0	23187.0	False	False	0.9741571327050527	0.9603292661138884
ducks_1920x1080_50fps_10b	ducks_1920x1080_50fps_10b	svtav1	svtav1_20200615_7104606_enc-mode0	60	59	0	2304806.0	2304.806	29.29699999999999	32.1565	36.57866666666666	29.277339	32.136554	36.577351	57.72158325220296	3832116.0	63.8686	6810.64	1920	1080	50.0	10	0a57a9b75863f8d2fafc55230307187d	829ec13a0a746f2186c7bcbb202ef04c	1920	1080	21625.0	6.0	15134.0	24825.0	False	False	0.9604043155908585	0.9446996592281351
Sintel_Dragons_1920x816_24_10b	Sintel_Dragons_1920x816_24_10b	svtav1	svtav1_20200615_7104606_enc-mode0	60	20	0	5062182.0	5062.182	46.91983333333335	51.24233333333333	51.37849999999998	46.864691	51.217686	51.336693	99.91441439464269	4838842.0	80.64736666666667	8516.75	1920	816	24.0	10	3cbafdd4c7f757f6263714729ca39a39	064ce1179b3ff41827cfc4eb8627f295	1920	816	11545.0	4.0	15237.0	15816.0	False	False	0.9967271357774734	0.9968790016854979
Sintel_Dragons_1920x816_24_10b	Sintel_Dragons_1920x816_24_10b	svtav1	svtav1_20200615_7104606_enc-mode0	60	32	0	2594195.0	2594.195	43.77733333333333	48.761666666666656	48.81499999999998	43.730546	48.724907	48.745227	99.87103642432626	4205545.0	70.09241666666667	7644.99	1920	816	24.0	10	504569db0039a2e96a484b5cd11c1b4a	5ed9af4706a0c431f2f33902c7917e8b	1920	816	10453.0	2.0	13816.0	15832.0	False	False	0.9939891179402669	0.9944245598806435
Sintel_Dragons_1920x816_24_10b	Sintel_Dragons_1920x816_24_10b	svtav1	svtav1_20200615_7104606_enc-mode0	60	43	0	1371392.0	1371.392	40.85366666666667	46.383166666666654	46.41300000000001	40.790655	46.331282	46.321426	97.8881367162202	3192182.0	53.20303333333333	5865.95	1920	816	24.0	10	64d7aef2dcddf3dbd723246a36a22d7f	bc6ffe956d6cc5c63a8a47793ca4fadc	1920	816	12541.0	6.0	11792.0	16084.0	False	False	0.9885965824127197	0.9898568621336032
Sintel_Dragons_1920x816_24_10b	Sintel_Dragons_1920x816_24_10b	svtav1	svtav1_20200615_7104606_enc-mode0	60	55	0	670995.0	670.995	37.489999999999995	43.48800000000001	43.67	37.441568	43.439662	43.58391100000001	85.24519795521591	2988758.0	49.81263333333333	5120.69	1920	816	24.0	10	f0b0ca26663940f7ad82b36b95e6fe9c	c67c8c961630c4e19621632071d602ac	1920	816	11175.0	14.0	11339.0	16368.0	False	False	0.975761283437411	0.9794444946636286
Sintel_Dragons_1920x816_24_10b	Sintel_Dragons_1920x816_24_10b	svtav1	svtav1_20200615_7104606_enc-mode0	60	59	0	480768.0	480.768	35.900833333333345	42.039666666666655	42.24199999999999	35.867426	42.009494	42.176645	76.34782219672299	2824374.0	47.0729	4972.77	1920	816	24.0	10	daf395eff2977ce8d20876acc48a81e1	615d1ed187db67e09dc14c10e0e0f87e	1920	816	10738.0	3.0	10874.0	16254.0	False	False	0.9657909601926804	0.9714177615241332
Market3_1920x1080p_50_10b_pq_709	Market3_1920x1080p_50_10b_pq_709	svtav1	svtav1_20200615_7104606_enc-mode0	60	20	0	12450466.0	12450.465999999999	44.92983333333335	51.44066666666665	52.40266666666667	44.908599	51.432002	52.396992	99.83811272868289	4579889.0	76.33148333333334	8272.2	1920	1080	50.0	10	5435ea84f8d6832f73b12807864734c9	8258d1b272ce21e4517df090f577f1c8	1920	1080	21008.0	21.0	14201.0	24236.0	False	False	0.9992039879163106	0.9982027936733967
Market3_1920x1080p_50_10b_pq_709	Market3_1920x1080p_50_10b_pq_709	svtav1	svtav1_20200615_7104606_enc-mode0	60	32	0	6227906.0	6227.906	42.1805	49.22250000000001	50.36516666666664	42.148629	49.216824	50.361915	98.80136749684941	4854565.0	80.90941666666667	8421.62	1920	1080	50.0	10	36b6c0052e6729f7b031885e3d0d7d70	4ac929a411ba7bc29ac98f8a44828ff4	1920	1080	20205.0	17.0	12214.0	23021.0	False	False	0.9984996755917867	0.9966839935849818
Market3_1920x1080p_50_10b_pq_709	Market3_1920x1080p_50_10b_pq_709	svtav1	svtav1_20200615_7104606_enc-mode0	60	43	0	3257093.0	3257.093	39.399166666666666	47.25116666666669	48.60616666666667	39.357814	47.246715	48.605561	95.53705982671224	3091276.0	51.52126666666667	5628.96	1920	1080	50.0	10	3696c314ad84600ff518bc5a1629e19e	a9c23af3d2b5fc47592a71cd66b77f9c	1920	1080	20637.0	3.0	11315.0	25178.0	False	False	0.9967690775791804	0.9931768341450702
Market3_1920x1080p_50_10b_pq_709	Market3_1920x1080p_50_10b_pq_709	svtav1	svtav1_20200615_7104606_enc-mode0	60	55	0	1307433.0	1307.433	35.53283333333333	44.523999999999994	46.10900000000001	35.505841	44.522818	46.107955999999994	86.39913883832592	2667249.0	44.45415	4319.5	1920	1080	50.0	10	d12d8795fd40df28999c5c07f64e74a6	4d4949bdde66f103f8aef6a124d8d6b4	1920	1080	20227.0	5.0	11164.0	24015.0	False	False	0.9889900594949722	0.9796785666214599
Market3_1920x1080p_50_10b_pq_709	Market3_1920x1080p_50_10b_pq_709	svtav1	svtav1_20200615_7104606_enc-mode0	60	59	0	806853.0	806.853	33.66133333333334	43.10000000000001	44.773666666666664	33.647433	43.100129	44.770722	78.23084333649437	2829535.0	47.15891666666667	4615.73	1920	1080	50.0	10	6bcd748d35caaff365bbca4f85334d88	da2da7577a898ffebd853f8ef26de69c	1920	1080	21786.0	4.0	10663.0	25669.0	False	False	0.9800558149814605	0.9670635393374762
ShowGirl2TeaserClip4000_1920x108	ShowGirl2TeaserClip4000_1920x108	svtav1	svtav1_20200615_7104606_enc-mode0	60	20	0	2793576.0	2793.576	42.36899999999999	46.62483333333333	49.475	42.367442	46.622676	49.471782	95.34193311543888	4211484.0	70.1914	7267.29	1920	1080	25.0	10	5a47ccdd640458fc9335e7583cb84848	141c4197ec5489b29e1ad4a0648efc7c	1920	1080	19960.0	6.0	10996.0	23818.0	False	False	0.9960765441258749	0.9914624585030478
ShowGirl2TeaserClip4000_1920x108	ShowGirl2TeaserClip4000_1920x108	svtav1	svtav1_20200615_7104606_enc-mode0	60	32	0	1249726.0	1249.726	41.65900000000001	46.26183333333332	48.833999999999975	41.653474	46.258673	48.831824	93.43827993494098	3552391.0	59.206516666666666	6189.58	1920	1080	25.0	10	19611d2727a36703ada930863e47344b	e8d05947b24fc9902a5a50d6f8662927	1920	1080	20222.0	5.0	8978.0	24323.0	False	False	0.9950219700733821	0.9901453734886246
ShowGirl2TeaserClip4000_1920x108	ShowGirl2TeaserClip4000_1920x108	svtav1	svtav1_20200615_7104606_enc-mode0	60	43	0	673323.0	673.323	40.649	45.801666666666655	48.06599999999998	40.630747	45.799083	48.064813	90.07376482436688	2804132.0	46.735533333333336	4655.85	1920	1080	25.0	10	b4d3851624e72868d87b26ee9cc06f7a	6e93699728edbe433b0e1b30aca05c6b	1920	1080	20317.0	3.0	7635.0	23769.0	False	False	0.9931090950965882	0.9879925753928843
ShowGirl2TeaserClip4000_1920x108	ShowGirl2TeaserClip4000_1920x108	svtav1	svtav1_20200615_7104606_enc-mode0	60	55	0	285673.0	285.673	38.42066666666667	44.61266666666664	46.3315	38.389377	44.610574	46.33017499999999	80.9961675262768	2445353.0	40.75588333333334	4194.4	1920	1080	25.0	10	894f66108ca7243e5bb9aa8dd0c92b7e	b3aa22cfef8b254f603299e8dd9d581c	1920	1080	20764.0	3.0	6865.0	23605.0	False	False	0.9865720788637797	0.9810164186714058
ShowGirl2TeaserClip4000_1920x108	ShowGirl2TeaserClip4000_1920x108	svtav1	svtav1_20200615_7104606_enc-mode0	60	59	0	177196.0	177.196	36.75650000000001	43.52000000000001	45.139666666666685	36.734688	43.518595	45.138941	72.67759351071614	2179973.0	36.332883333333335	3656.01	1920	1080	25.0	10	e9b830c9991965ec681fa0ba45d7890b	015fb6549b491ea9531e4bd8110bbf20	1920	1080	20307.0	2.0	6542.0	25177.0	False	False	0.9787398457527161	0.9729625531505144
Netflix_Aerial_1920x1080_60fps_8	Netflix_Aerial_1920x1080_60fps_8	svtav1	svtav1_20200615_7104606_enc-mode0	60	20	0	20680648.0	20680.648	42.64166666666666	45.54899999999999	45.28666666666668	42.606261	45.534759	45.279324	96.61689825245435	5637989.0	93.96648333333333	9910.75	1920	1080	60.0	8	9c021a1b6ad92b5aa09eb3e0f0ce01a3	1153de79aeed2eaff41daa814604fa63	1920	1080	13741.0	27.0	15901.0	23633.0	False	False	0.9978919148445129	0.9964465260188432
Netflix_Aerial_1920x1080_60fps_8	Netflix_Aerial_1920x1080_60fps_8	svtav1	svtav1_20200615_7104606_enc-mode0	60	32	0	9645680.0	9645.68	40.50333333333333	44.218	44.30216666666665	40.425024	44.201992	44.297809	94.10974257304208	4734585.0	78.90975	8041.95	1920	1080	60.0	8	2eac1335bb0af6752dcfa12afe0ffdcd	e85fea595448d67a5b497440929d5220	1920	1080	13043.0	14.0	13348.0	22790.0	False	False	0.9962867011626562	0.9939949478884826
Netflix_Aerial_1920x1080_60fps_8	Netflix_Aerial_1920x1080_60fps_8	svtav1	svtav1_20200615_7104606_enc-mode0	60	43	0	4755296.0	4755.296	38.105166666666655	42.648833333333336	43.18633333333333	38.002794	42.640886	43.183413	90.36934804955673	3621959.0	60.36598333333333	5784.31	1920	1080	60.0	8	3eb324beb89d840f2c63695791880865	25d87ee6ba626342bc003b51a03034c2	1920	1080	13664.0	44.0	11583.0	24334.0	False	False	0.9931773612896602	0.9890755250179646
Netflix_Aerial_1920x1080_60fps_8	Netflix_Aerial_1920x1080_60fps_8	svtav1	svtav1_20200615_7104606_enc-mode0	60	55	0	1723584.0	1723.584	34.387833333333326	40.28533333333334	41.61433333333333	34.347256	40.279958	41.608092000000006	80.70865278384075	2699040.0	44.984	4524.52	1920	1080	60.0	8	d69613b1ac6cb3313123ae69f2d4234d	b240d09989f708f037e291e94d29be1b	1920	1080	14021.0	3.0	11107.0	23607.0	False	False	0.9823775539795557	0.9714534263993742
Netflix_Aerial_1920x1080_60fps_8	Netflix_Aerial_1920x1080_60fps_8	svtav1	svtav1_20200615_7104606_enc-mode0	60	59	0	896504.0	896.504	32.11166666666666	38.970000000000006	40.823999999999984	32.101256	38.960338	40.81549400000001	70.27870530540882	1950912.0	32.5152	3349.32	1920	1080	60.0	8	6494073ebb3fbda0ef427f76c3e75ac2	3894e7ecae88dc7c16519f3b0f131b4f	1920	1080	13339.0	4.0	9713.0	23267.0	False	False	0.9652534147103627	0.9454355750690105
Netflix_Crosswalk_1920x1080_60fp	Netflix_Crosswalk_1920x1080_60fp	svtav1	svtav1_20200615_7104606_enc-mode0	60	20	0	7362664.0	7362.664	45.51416666666666	48.24133333333334	50.06766666666669	45.498134	48.234192	50.057193	99.04459419584343	4141032.0	69.0172	6924.14	1920	1080	60.0	8	35bec82d3e228280e1d703124882bdea	0c724483de214304d3852639093a39ee	1920	1080	9020.0	4.0	16665.0	23109.0	False	False	0.9975822697083155	0.9956706267234977
Netflix_Crosswalk_1920x1080_60fp	Netflix_Crosswalk_1920x1080_60fp	svtav1	svtav1_20200615_7104606_enc-mode0	60	32	0	3710040.0	3710.04	44.19666666666664	47.416333333333334	49.177499999999995	44.159822	47.402082	49.158458	95.61107609253999	3212181.0	53.53635	5863.72	1920	1080	60.0	8	034ff9a8feba061b7b1519c3c4686731	a4939a1c907e7f10c19990834c69231d	1920	1080	9582.0	39.0	15518.0	23173.0	False	False	0.9958360334237416	0.9937487049833869
Netflix_Crosswalk_1920x1080_60fp	Netflix_Crosswalk_1920x1080_60fp	svtav1	svtav1_20200615_7104606_enc-mode0	60	43	0	1874088.0	1874.088	42.41666666666666	46.328833333333336	48.04633333333334	42.345185	46.313867	48.026969	89.24544897114126	2835037.0	47.250616666666666	4492.33	1920	1080	60.0	8	a0539e23d1e1be23e3e74bb20abf6c89	0f366ab44c100426ffa91456e0e336fb	1920	1080	9508.0	5.0	13853.0	23782.0	False	False	0.9918930212656657	0.9899336904754735
Netflix_Crosswalk_1920x1080_60fp	Netflix_Crosswalk_1920x1080_60fp	svtav1	svtav1_20200615_7104606_enc-mode0	60	55	0	866976.0	866.976	39.67383333333333	44.49616666666666	46.08883333333333	39.596881	44.483577	46.073223	74.92484847105216	2166744.0	36.1124	3446.18	1920	1080	60.0	8	34376c0ee2860471f8ace1c819de01d9	0decfb58a53c14fa8aef3f19c5eed96d	1920	1080	9272.0	2.0	12506.0	24200.0	False	False	0.9806642363468806	0.9801286504306067
Netflix_Crosswalk_1920x1080_60fp	Netflix_Crosswalk_1920x1080_60fp	svtav1	svtav1_20200615_7104606_enc-mode0	60	59	0	626008.0	626.008	38.30699999999999	43.51033333333335	45.02383333333333	38.239137	43.500336	45.009185	65.8887904827184	1890341.0	31.505683333333334	3212.32	1920	1080	60.0	8	b43268ae625a3e6cf724503b230f7db8	c2565a3c5c411085a5b86a4a66b045ae	1920	1080	9381.0	41.0	11843.0	24100.0	False	False	0.9715803841749827	0.9726309683000529
Netflix_DrivingPOV_1280x720_60fp	Netflix_DrivingPOV_1280x720_60fp	svtav1	svtav1_20200615_7104606_enc-mode0	60	20	0	11034136.0	11034.136	42.74666666666667	46.398166666666675	45.09583333333333	42.723217	46.389983	45.090019	99.68677298424119	2833234.0	47.22056666666667	5036.4	1280	720	60.0	8	8317dafcb4bac35c6b131cc2bcda214a	d62f34d2d017dcb6bea341b7acf361cb	1280	720	6731.0	5.0	7096.0	9788.0	False	False	0.99799491862456	0.9974193048563419
Netflix_DrivingPOV_1280x720_60fp	Netflix_DrivingPOV_1280x720_60fp	svtav1	svtav1_20200615_7104606_enc-mode0	60	32	0	5104008.0	5104.008	40.22533333333334	45.04316666666668	44.08933333333335	40.186822	45.025601	44.081618	98.54611994250118	2698547.0	44.97578333333333	4744.8	1280	720	60.0	8	c81c79e96ac453a8c3190ee6e62ffc0f	d369c042e84135e04d4326c93a16adc1	1280	720	6596.0	2.0	5849.0	9867.0	False	False	0.9962602357069651	0.995243345405422
Netflix_DrivingPOV_1280x720_60fp	Netflix_DrivingPOV_1280x720_60fp	svtav1	svtav1_20200615_7104606_enc-mode0	60	43	0	2634936.0	2634.936	37.861666666666665	43.59366666666667	43.14066666666668	37.796526	43.570948	43.132533	96.07919715045401	1792953.0	29.88255	2957.59	1280	720	60.0	8	a9cfea3620245c85380db6e78ccdc495	8c2f0e440a2e1526440e47c62fc5a386	1280	720	6574.0	4.0	5432.0	12005.0	False	False	0.9919364919265111	0.9909740925091782
Netflix_DrivingPOV_1280x720_60fp	Netflix_DrivingPOV_1280x720_60fp	svtav1	svtav1_20200615_7104606_enc-mode0	60	55	0	1115744.0	1115.744	34.648166666666675	41.18366666666666	41.5125	34.596404	41.167691	41.506714	89.48905556773397	1345420.0	22.423666666666666	2214.86	1280	720	60.0	8	e9a44ad2c31f57214b288f17726cd6d9	147dccc843b71755919396fc074e444a	1280	720	6471.0	6.0	4996.0	11629.0	False	False	0.984610382715861	0.9835202382495485
Netflix_DrivingPOV_1280x720_60fp	Netflix_DrivingPOV_1280x720_60fp	svtav1	svtav1_20200615_7104606_enc-mode0	60	59	0	688448.0	688.448	32.693000000000005	39.61299999999999	40.291333333333334	32.667427	39.605483	40.288049	83.12684626769204	1064817.0	17.74695	1858.23	1280	720	60.0	8	a54bf6907184fbff0d393385e8200b22	f573401b40fb30a00cb156497709da27	1280	720	6507.0	2.0	4713.0	10062.0	False	False	0.9769533256689708	0.9755667904528232
Netflix_FoodMarket_1920x1080_60f	Netflix_FoodMarket_1920x1080_60f	svtav1	svtav1_20200615_7104606_enc-mode0	60	20	0	20168536.0	20168.536	40.975	44.82016666666667	45.57983333333333	40.966996	44.816085	45.578218	99.11191926480511	8083571.0	134.72618333333332	13572.6	1920	1080	60.0	8	f265df14d767120bb89c343c2f7bb981	56b8e5f8ba3926f496cc77b8aff4753c	1920	1080	12107.0	4.0	19540.0	23742.0	False	False	0.9951331029335658	0.9895949509678031
Netflix_FoodMarket_1920x1080_60f	Netflix_FoodMarket_1920x1080_60f	svtav1	svtav1_20200615_7104606_enc-mode0	60	32	0	6615032.0	6615.032	39.66416666666667	43.9555	44.90583333333335	39.655709	43.950194	44.904016	95.88513878766457	5090501.0	84.84168333333334	9288.5	1920	1080	60.0	8	db60659d8bed7670bc13084b440c9852	aebe8735c926117b5941b56290232598	1920	1080	12432.0	4.0	13604.0	23845.0	False	False	0.991799329717954	0.9848632307706232
Netflix_FoodMarket_1920x1080_60f	Netflix_FoodMarket_1920x1080_60f	svtav1	svtav1_20200615_7104606_enc-mode0	60	43	0	3213448.0	3213.448	38.265333333333324	43.03950000000002	44.13166666666667	38.247668	43.031212	44.128343	90.68753068808739	3884957.0	64.74928333333334	6760.55	1920	1080	60.0	8	edd14b5a638c73137dd4ba1ce723a3e8	e3834c203589f2c2c55843222fd052c5	1920	1080	12760.0	5.0	11729.0	22956.0	False	False	0.9864150524139405	0.9780911711101725
Netflix_FoodMarket_1920x1080_60f	Netflix_FoodMarket_1920x1080_60f	svtav1	svtav1_20200615_7104606_enc-mode0	60	55	0	1369376.0	1369.376	35.95783333333334	41.58099999999999	42.650666666666666	35.931874	41.572055	42.643937	78.08763369580797	2964600.0	49.41	4570.68	1920	1080	60.0	8	11ba51ce5b7dd624f12b7e0af3039fb9	88bca2b182de6fe2ef31b49848b58cf2	1920	1080	12236.0	4.0	10392.0	23016.0	False	False	0.9682291626930237	0.9588670998524865
Netflix_FoodMarket_1920x1080_60f	Netflix_FoodMarket_1920x1080_60f	svtav1	svtav1_20200615_7104606_enc-mode0	60	59	0	872720.0	872.72	34.53333333333333	40.61866666666666	41.585833333333326	34.513183	40.611416	41.571495	67.58096278682557	2811301.0	46.855016666666664	4154.83	1920	1080	60.0	8	8649eab1705875941c7c53fe66cccc4c	51685a794ec7e5c416cb860ccbcb88bd	1920	1080	12513.0	4.0	11372.0	24843.0	False	False	0.9477571537097295	0.9396845645934774
Netflix_PierSeaside_1920x1080_60	Netflix_PierSeaside_1920x1080_60	svtav1	svtav1_20200615_7104606_enc-mode0	60	20	0	7471512.0	7471.512	45.40983333333333	47.41633333333333	45.492000000000004	45.380038	47.403589	45.476755	99.86792820896632	3156816.0	52.6136	5685.55	1920	1080	60.0	8	a11a6738203c4a409cf138198ec7b919	9021c99b6e5cc631b047411a46aea40e	1920	1080	10435.0	4.0	10656.0	22916.0	False	False	0.9980630725622177	0.9968534091148012
Netflix_PierSeaside_1920x1080_60	Netflix_PierSeaside_1920x1080_60	svtav1	svtav1_20200615_7104606_enc-mode0	60	32	0	3212952.0	3212.952	43.70083333333333	46.659499999999994	44.90916666666667	43.634909	46.642308	44.891442	99.38339360707666	2770459.0	46.17431666666667	4542.39	1920	1080	60.0	8	4e7ff20e270c6612bd1ebff1896d0fd0	0b497a027818463d536f060ed565cb1b	1920	1080	13706.0	4.0	9666.0	23610.0	False	False	0.9970474908749263	0.995285410913349
Netflix_PierSeaside_1920x1080_60	Netflix_PierSeaside_1920x1080_60	svtav1	svtav1_20200615_7104606_enc-mode0	60	43	0	1399592.0	1399.592	41.557166666666674	45.35983333333334	44.03499999999999	41.476615	45.345045	44.021329	97.19170145570011	2303906.0	38.39843333333334	3718.69	1920	1080	60.0	8	ad8c1d1139dae376f9ce772889dae501	eb4ad224761fa08bfd0b18c116a274dd	1920	1080	10917.0	7.0	8934.0	24131.0	False	False	0.9947837998469671	0.9920495774717752
Netflix_PierSeaside_1920x1080_60	Netflix_PierSeaside_1920x1080_60	svtav1	svtav1_20200615_7104606_enc-mode0	60	55	0	573224.0	573.224	38.77583333333335	43.08250000000001	42.32433333333334	38.707962	43.070064	42.315057	91.18181049068211	1672073.0	27.86788333333333	2609.08	1920	1080	60.0	8	06e8d4abb8fd6b196138680cde6350dd	7cde213e556d13a5949ebd72576ec0e6	1920	1080	10634.0	4.0	9179.0	23841.0	False	False	0.9893541157245636	0.9853747528594281
Netflix_PierSeaside_1920x1080_60	Netflix_PierSeaside_1920x1080_60	svtav1	svtav1_20200615_7104606_enc-mode0	60	59	0	325296.0	325.296	36.720833333333346	41.23366666666666	40.76616666666667	36.67632	41.228456	40.760716	84.06499662966787	1326109.0	22.101816666666668	1953.15	1920	1080	60.0	8	9c10b5e78587a6787c807ba7466800c3	03e517e84732292d683cb5a73ba2636d	1920	1080	10219.0	4.0	8084.0	22788.0	False	False	0.9836272219816844	0.9787640711356816
STARCRAFT_60f_420	STARCRAFT_60f_420	svtav1	svtav1_20200615_7104606_enc-mode0	60	20	0	7600448.0	7600.448	50.454	53.34566666666667	53.36299999999999	50.438248	53.334167	53.355421	97.60774774849315	2197393.0	36.623216666666664	3821.68	1920	1080	60.0	8	3f6cf39a8304a37c2d3606216759f15e	8b2318d843caf65bca76ab2b82a75263	1920	1080	11192.0	3.0	3082.0	24270.0	False	False	0.9996307114760081	0.9992780506873938
STARCRAFT_60f_420	STARCRAFT_60f_420	svtav1	svtav1_20200615_7104606_enc-mode0	60	32	0	4290560.0	4290.56	47.01483333333331	51.01516666666668	51.21000000000001	46.995659	50.994237	51.19932099999999	96.82605189008682	1964649.0	32.74415	3180.63	1920	1080	60.0	8	dbcb0222773ca70c48a96a43bebfd20d	d6a0c853d64ed241ec248058c2291f2b	1920	1080	11221.0	3.0	2628.0	24168.0	False	False	0.9990775297085445	0.9983586776082622
STARCRAFT_60f_420	STARCRAFT_60f_420	svtav1	svtav1_20200615_7104606_enc-mode0	60	43	0	2458568.0	2458.568	43.54066666666668	48.39833333333333	48.633500000000005	43.509197	48.365268	48.618569	95.14792424093415	1710128.0	28.502133333333333	2799.59	1920	1080	60.0	8	02c31f70a92b8fdc15551241fc37667d	8bc1bfe2727c497086915e8d12cbf8ce	1920	1080	12304.0	27.0	2804.0	22930.0	False	False	0.997841277718544	0.9964516475056039
STARCRAFT_60f_420	STARCRAFT_60f_420	svtav1	svtav1_20200615_7104606_enc-mode0	60	55	0	1048064.0	1048.064	38.5635	44.587666666666664	44.70600000000002	38.541197	44.559746	44.688358	89.75752290429467	1492279.0	24.871316666666665	2519.74	1920	1080	60.0	8	853a529da3f6314308abcb68ea4b1f8e	0f5879778a4d20df0e97a689f32800c1	1920	1080	11288.0	4.0	2828.0	23646.0	False	False	0.9922131448984146	0.9889322173523394
STARCRAFT_60f_420	STARCRAFT_60f_420	svtav1	svtav1_20200615_7104606_enc-mode0	60	59	0	614472.0	614.472	35.70516666666666	42.25649999999999	42.4065	35.69139499999999	42.240143	42.394729	83.15655125058167	1390686.0	23.1781	2183.16	1920	1080	60.0	8	01271eaae095a7ccdf37ebb55fba7002	01600c9afd6178ec6c8f0c2c70639d6f	1920	1080	10779.0	9.0	2563.0	23267.0	False	False	0.9838294605414073	0.9787588215656078
aspen_1080p_60f	aspen_1080p_60f	svtav1	svtav1_20200615_7104606_enc-mode0	60	20	0	7979620.0	7979.62	43.93633333333335	47.98250000000001	49.183	43.926878	47.97968	49.180079	97.80152442221532	5100506.0	85.00843333333333	9235.01	1920	1080	29.97	8	5a980ecf66a372b7b512492305223370	feb20fa6124f3fef3a68f6169f64678c	1920	1080	9223.0	4.0	20612.0	23027.0	False	False	0.996011174718539	0.9924306722063684
aspen_1080p_60f	aspen_1080p_60f	svtav1	svtav1_20200615_7104606_enc-mode0	60	32	0	2324362.0	2324.362	42.05900000000001	46.964499999999994	48.09416666666665	42.048811	46.961664	48.090229	93.86354906594556	3875560.0	64.59266666666667	7167.07	1920	1080	29.97	8	cf4bf5721b400db1e6d98b260eea51c1	2e0dc5267e1cf0b05e9bcc95c362a61f	1920	1080	9170.0	2.0	12299.0	22363.0	False	False	0.9939047654469808	0.9895351923956085
aspen_1080p_60f	aspen_1080p_60f	svtav1	svtav1_20200615_7104606_enc-mode0	60	43	0	1037901.0	1037.901	40.70399999999999	45.725166666666695	46.79666666666669	40.681205	45.719306	46.790866	88.85237994423152	3211577.0	53.52628333333333	5392.19	1920	1080	29.97	8	db44b331a5384ab22c4dd82e137f329d	aa44c9109c896610a667e028777e9199	1920	1080	9723.0	3.0	10531.0	22995.0	False	False	0.9912552634874979	0.9865589086122358
aspen_1080p_60f	aspen_1080p_60f	svtav1	svtav1_20200615_7104606_enc-mode0	60	55	0	447224.0	447.224	38.55766666666668	43.66049999999999	44.52566666666666	38.526948	43.654126	44.521137	78.76372201363208	2450700.0	40.845	4155.26	1920	1080	29.97	8	9244dae4567182d11ebdcdf12eb35da4	9183b1855c97c3c27b72036452ca9152	1920	1080	9397.0	3.0	10267.0	22977.0	False	False	0.9844462901353837	0.9794503344663765
aspen_1080p_60f	aspen_1080p_60f	svtav1	svtav1_20200615_7104606_enc-mode0	60	59	0	291492.0	291.492	36.916500000000006	42.162666666666674	42.841666666666676	36.888194	42.156123	42.838755	68.86872644469769	1968736.0	32.812266666666666	3379.61	1920	1080	29.97	8	9e029277b4e4994274f18cce05f50cef	8bb446b609c46d0adef31359375810d8	1920	1080	9538.0	6.0	9006.0	23132.0	False	False	0.9750889569520951	0.9702958927677796
Cosmos1_1920x856_BT2100_PQ_24fps	Cosmos1_1920x856_BT2100_PQ_24fps	svtav1	svtav1_20200615_7104606_enc-mode0	60	20	0	22237993.0	22237.993	41.771500000000024	44.80933333333336	47.504999999999995	41.727578	44.789335	47.494246	99.24493177281965	10896903.0	181.61505	18891.69	1920	856	24.0	10	86d6cfd9c415568a5b5ff6159d632c3d	3bd2c70c4a866c4d0e21c2327e185b71	1920	856	16966.0	5.0	25735.0	17541.0	False	False	0.9966384659210841	0.9958880786254852
Cosmos1_1920x856_BT2100_PQ_24fps	Cosmos1_1920x856_BT2100_PQ_24fps	svtav1	svtav1_20200615_7104606_enc-mode0	60	32	0	8334515.0	8334.515	37.89033333333334	42.752500000000005	45.852333333333334	37.857914	42.729743	45.83796	94.70404456561234	9076409.0	151.27348333333333	16567.65	1920	856	24.0	10	8b18f8c31b4575ed6192b73882b5f906	a368a2ca619542e74bb8b362d4dbfc16	1920	856	21083.0	4.0	19735.0	18164.0	False	False	0.9914880086978276	0.9904466950549745
Cosmos1_1920x856_BT2100_PQ_24fps	Cosmos1_1920x856_BT2100_PQ_24fps	svtav1	svtav1_20200615_7104606_enc-mode0	60	43	0	3253385.0	3253.385	35.28766666666666	41.19716666666666	44.54883333333334	35.249358	41.174894	44.538226	84.13267815082072	5838903.0	97.31505	10252.58	1920	856	24.0	10	9c514cbdb92bbe2633f4dc2340ac3e96	be4fe7120a01624c904a6ce549047942	1920	856	17767.0	4.0	14645.0	18600.0	False	False	0.9800352950890859	0.979907318207782
Cosmos1_1920x856_BT2100_PQ_24fps	Cosmos1_1920x856_BT2100_PQ_24fps	svtav1	svtav1_20200615_7104606_enc-mode0	60	55	0	1194608.0	1194.608	32.48733333333333	39.458999999999996	42.7425	32.443384	39.443972	42.738465	63.7762877445637	4562117.0	76.03528333333334	7937.93	1920	856	24.0	10	7735bcd1cba92b4764aaccd386a3aa3b	da57a3381be38c801ec71d6d179c4fc0	1920	856	18299.0	8.0	12610.0	21152.0	False	False	0.9467250555753708	0.9515420299324558
Cosmos1_1920x856_BT2100_PQ_24fps	Cosmos1_1920x856_BT2100_PQ_24fps	svtav1	svtav1_20200615_7104606_enc-mode0	60	59	0	720108.0	720.108	31.1405	38.66833333333334	41.111833333333344	31.103974	38.654432	41.10702	51.59794734904637	3345939.0	55.76565	5470.56	1920	856	24.0	10	8e8a91913562512c44a34d2de0272bf8	371b453ff4316a2b5c5721f9b45950c2	1920	856	16915.0	2.0	11232.0	17776.0	False	False	0.9160991261402766	0.9262954852763555
Netflix_Boat_1920x1080_60fps_8bi	Netflix_Boat_1920x1080_60fps_8bi	svtav1	svtav1_20200615_7104606_enc-mode0	60	20	0	28665712.0	28665.712	43.61416666666665	46.01400000000002	47.707499999999996	43.58841	45.979049	47.681505	99.9169429598087	6094639.0	101.57731666666666	10357.19	1920	1080	60.0	8	66d01b4d3fbaf1190bda0e4423b23382	d2ff8a9391dd4bf8d3535ffb9080a89c	1920	1080	14196.0	4.0	14663.0	24065.0	False	False	0.9993144899606705	0.9985743731876451
Netflix_Boat_1920x1080_60fps_8bi	Netflix_Boat_1920x1080_60fps_8bi	svtav1	svtav1_20200615_7104606_enc-mode0	60	32	0	15814376.0	15814.376	41.087666666666664	44.49766666666666	45.93133333333334	41.035205	44.455735	45.904462	99.59565347081882	5605984.0	93.43306666666666	9666.07	1920	1080	60.0	8	db8d223b20dc9121adcdc1a90a349d54	9ba7cd2ee6e4daa3d53949bac2fb2cdd	1920	1080	14159.0	3.0	12408.0	22873.0	False	False	0.9987978041172028	0.9975740779211631
Netflix_Boat_1920x1080_60fps_8bi	Netflix_Boat_1920x1080_60fps_8bi	svtav1	svtav1_20200615_7104606_enc-mode0	60	43	0	8490728.0	8490.728	37.97083333333334	42.717333333333315	43.69316666666666	37.873365	42.68294	43.680579	95.77824235533093	3717110.0	61.95183333333333	6761.78	1920	1080	60.0	8	02739d1c6869b02036e12d99a5c23eb3	fbb90a7524b4394458c4a0b05ae0c539	1920	1080	13684.0	2.0	10624.0	22652.0	False	False	0.9974355618158977	0.9949589732034543
Netflix_Boat_1920x1080_60fps_8bi	Netflix_Boat_1920x1080_60fps_8bi	svtav1	svtav1_20200615_7104606_enc-mode0	60	55	0	3738008.0	3738.008	33.80316666666667	40.55400000000001	41.065333333333335	33.710276	40.519192	41.06139700000001	86.11014262037365	3195471.0	53.25785	5238.77	1920	1080	60.0	8	2e5013ca01c285bec366c54d1167e165	c1c5f684b9eed94d086a3cb17469eb20	1920	1080	14177.0	3.0	9957.0	23630.0	False	False	0.9921483178933461	0.9854050862082921
Netflix_Boat_1920x1080_60fps_8bi	Netflix_Boat_1920x1080_60fps_8bi	svtav1	svtav1_20200615_7104606_enc-mode0	60	59	0	2444632.0	2444.632	31.68166666666667	39.29883333333333	39.56766666666666	31.628345	39.280086	39.566675	78.45191657401128	2947574.0	49.12623333333333	4824.81	1920	1080	60.0	8	20a686d15269e46929e6a4449727ad35	4028baca3ac6bdf7b00e5236172a8723	1920	1080	15163.0	7.0	9948.0	23589.0	False	False	0.9853556255499522	0.9736119241562708
Netflix_SquareAndTimelapse_1920x	Netflix_SquareAndTimelapse_1920x	svtav1	svtav1_20200615_7104606_enc-mode0	60	20	0	19978376.0	19978.376	44.52016666666667	48.76366666666667	47.918000000000006	44.502386	48.752257	47.902257	99.9084718048776	6433778.0	107.22963333333334	11269.65	1920	1080	60.0	8	902cd4cc379738d6d4e9ce668a962457	6bc3b6e8591ff7bd3e68ae3d50eac24c	1920	1080	12367.0	5.0	16490.0	24596.0	False	False	0.9991609156131744	0.9978832306222339
Netflix_SquareAndTimelapse_1920x	Netflix_SquareAndTimelapse_1920x	svtav1	svtav1_20200615_7104606_enc-mode0	60	32	0	11009848.0	11009.848	41.971166666666676	46.921	45.837666666666664	41.94286	46.908818	45.820148	99.87182859156034	5766005.0	96.10008333333333	10148.95	1920	1080	60.0	8	be3379230777fa43298e2a5ec92ba37d	5432e62170bc13095b086c99113ecbc6	1920	1080	12706.0	6.0	15440.0	23868.0	False	False	0.9982465674479802	0.9960344394479297
Netflix_SquareAndTimelapse_1920x	Netflix_SquareAndTimelapse_1920x	svtav1	svtav1_20200615_7104606_enc-mode0	60	43	0	6042296.0	6042.296	39.108333333333334	45.03383333333334	43.715333333333334	39.056176	45.017338	43.691756000000005	98.24911329313	4448731.0	74.14551666666667	7787.17	1920	1080	60.0	8	d6bb9d1b9a1c8d9b425eb729d524299c	aff8f2c281f9fbdb732fb122f6a0eae0	1920	1080	13766.0	3.0	13553.0	23234.0	False	False	0.9959139893452327	0.9920376938954674
Netflix_SquareAndTimelapse_1920x	Netflix_SquareAndTimelapse_1920x	svtav1	svtav1_20200615_7104606_enc-mode0	60	55	0	2809200.0	2809.2	35.329000000000015	42.1045	40.71866666666667	35.279681	42.089024	40.698231	87.60069506239621	3228940.0	53.815666666666665	5436.74	1920	1080	60.0	8	515a278bab629d3f9e1baa15933268a3	9323e84a0634c094ecd1a673db266528	1920	1080	12808.0	20.0	12422.0	23436.0	False	False	0.9874272763729095	0.9797687672976864
Netflix_SquareAndTimelapse_1920x	Netflix_SquareAndTimelapse_1920x	svtav1	svtav1_20200615_7104606_enc-mode0	60	59	0	1846200.0	1846.2	33.275500000000015	40.16433333333335	38.879666666666665	33.247369	40.157071	38.867751	78.28024229439393	2739201.0	45.65335	4662.21	1920	1080	60.0	8	cd7560426b59a84ce409eadc1fbef0bd	69404d1225d9ad609dd75d98326cd66b	1920	1080	11975.0	3.0	11260.0	23232.0	False	False	0.9769747227430343	0.9664101911276
Netflix_TunnelFlag_1920x1080_60f	Netflix_TunnelFlag_1920x1080_60f	svtav1	svtav1_20200615_7104606_enc-mode0	60	20	0	27063864.0	27063.864	42.73800000000001	46.751333333333335	48.30666666666668	42.726015	46.744431	48.301712	99.91153316445282	7152618.0	119.2103	12909.57	1920	1080	60.0	8	07548d004208f66cc0957bb7f84ff41e	869319b8b1fe5fa3cf855dcdb05a7151	1920	1080	12718.0	4.0	20986.0	24122.0	False	False	0.9986226250727971	0.9965073638047761
Netflix_TunnelFlag_1920x1080_60f	Netflix_TunnelFlag_1920x1080_60f	svtav1	svtav1_20200615_7104606_enc-mode0	60	32	0	13249696.0	13249.696	40.347500000000004	45.16683333333334	47.08783333333333	40.326755	45.15973999999999	47.07988	99.87264260923784	6476238.0	107.9373	11518.4	1920	1080	60.0	8	70b831cdd04ce7963e3aa80b64bec968	2dadf5102de8f286f37a33b745d7cdd1	1920	1080	12473.0	3.0	18128.0	23580.0	False	False	0.99748794734478	0.9940894040872233
Netflix_TunnelFlag_1920x1080_60f	Netflix_TunnelFlag_1920x1080_60f	svtav1	svtav1_20200615_7104606_enc-mode0	60	43	0	6626672.0	6626.672	37.88816666666667	43.27733333333334	45.629666666666665	37.847167	43.272252	45.622238	99.8481975285653	4808819.0	80.14698333333334	8075.65	1920	1080	60.0	8	9d7b59345607bba8995f57ee90d3568e	ecdec97cb703c7d84217015de890bdae	1920	1080	12802.0	12.0	15708.0	24489.0	False	False	0.9951355000336964	0.9898739462759486
Netflix_TunnelFlag_1920x1080_60f	Netflix_TunnelFlag_1920x1080_60f	svtav1	svtav1_20200615_7104606_enc-mode0	60	55	0	3271544.0	3271.544	35.18616666666667	41.04883333333332	43.87983333333333	35.14068	41.043425	43.869032	99.80340847419697	3866610.0	64.4435	6025.74	1920	1080	60.0	8	4a32b2171f2dbc72f50cb42981b43675	275435023383e519d3ee3629d6e5c515	1920	1080	12411.0	6.0	14163.0	22806.0	False	False	0.9908713340759278	0.9837272102445039
Netflix_TunnelFlag_1920x1080_60f	Netflix_TunnelFlag_1920x1080_60f	svtav1	svtav1_20200615_7104606_enc-mode0	60	59	0	2357776.0	2357.776	33.7425	39.67966666666666	42.42100000000001	33.712965	39.677533	42.416226	99.62282489322972	3240928.0	54.01546666666667	5311.99	1920	1080	60.0	8	7861e660eeb570b5be60cf2c30dab156	92124b0a79bc3487cf44bca16d558f65	1920	1080	12553.0	3.0	13350.0	23281.0	False	False	0.9876301010449727	0.9797287803258297
life_1080p30_60f	life_1080p30_60f	svtav1	svtav1_20200615_7104606_enc-mode0	60	20	0	12234880.0	12234.88	44.25983333333331	49.547499999999985	49.148833333333314	44.248599	49.537822	49.14015	99.46390533681969	6371093.0	106.18488333333333	11302.02	1920	1080	30.0	8	33ae79e221379dbed5af0ce926148567	f84fe9795528f74e0faa1a29ab21a0b4	1920	1080	12850.0	4.0	14450.0	24070.0	False	False	0.9991622656583786	0.997831907889551
life_1080p30_60f	life_1080p30_60f	svtav1	svtav1_20200615_7104606_enc-mode0	60	32	0	5655408.0	5655.408	41.33183333333332	47.39849999999999	47.07450000000001	41.31777	47.381789	47.059007	97.64042615822702	5374919.0	89.58198333333333	9212.16	1920	1080	30.0	8	c50ec79f3c2add66a6ed7668d691c1f0	9862912ce06ae3d403e79152a99fac15	1920	1080	13303.0	3.0	12177.0	23802.0	False	False	0.998396036028862	0.9961018036441359
life_1080p30_60f	life_1080p30_60f	svtav1	svtav1_20200615_7104606_enc-mode0	60	43	0	2782272.0	2782.272	38.63333333333335	45.415166666666664	45.21700000000001	38.608936	45.385795	45.193835	94.40755167153024	3735793.0	62.263216666666665	6858.96	1920	1080	30.0	8	6fc44dd1c529f09a0fdd5a32f1c87fca	13ad6e6818089b0d1742a83a32f5cee7	1920	1080	12406.0	3.0	10527.0	25419.0	False	False	0.996604523062706	0.9924630710108562
life_1080p30_60f	life_1080p30_60f	svtav1	svtav1_20200615_7104606_enc-mode0	60	55	0	1130612.0	1130.612	35.0275	42.474666666666664	42.29416666666666	35.011021	42.450169	42.271714	86.90372445977778	3031421.0	50.52368333333333	5028.62	1920	1080	30.0	8	b6a8e98456c85ff86e6ec8d6468036d2	0f3186ff8acbcdfe6ea5835c080d65f3	1920	1080	12648.0	8.0	9219.0	23137.0	False	False	0.9891404022773107	0.9783235772618915
life_1080p30_60f	life_1080p30_60f	svtav1	svtav1_20200615_7104606_enc-mode0	60	59	0	705812.0	705.812	33.33866666666667	40.88966666666669	40.50016666666667	33.328914	40.876906	40.489741	80.09849273324572	2361859.0	39.36431666666667	4070.51	1920	1080	30.0	8	f5543b2a466fb3c1fc0580e81800be3c	e9cef2a659de00fc113bc76148a2d9b3	1920	1080	12791.0	3.0	8700.0	23370.0	False	False	0.9789922187725703	0.9626451804129246
rush_hour_1080p25_60f	rush_hour_1080p25_60f	svtav1	svtav1_20200615_7104606_enc-mode0	60	20	0	5269120.0	5269.12	43.033833333333355	46.84983333333332	48.86000000000001	43.027608	46.847397	48.857896	96.87949888264944	5907236.0	98.45393333333334	10968.61	1920	1080	25.0	8	fec23ce84410daccc213d2e0fc3c770e	84b097e14caec33f0fa2a9f152288723	1920	1080	10267.0	3.0	18816.0	23636.0	False	False	0.9964086910088857	0.992443730042123
rush_hour_1080p25_60f	rush_hour_1080p25_60f	svtav1	svtav1_20200615_7104606_enc-mode0	60	32	0	2476420.0	2476.42	42.12483333333333	45.8735	47.633500000000005	42.121853	45.871662	47.629776	93.03897675624052	5153126.0	85.88543333333334	9613.15	1920	1080	25.0	8	4173a751ae99ed56c4d1cdab8ddab1f2	988c44e7dc4be179cefc34c68ef651b0	1920	1080	10091.0	6.0	16056.0	23099.0	False	False	0.9942484974861145	0.990344417898978
rush_hour_1080p25_60f	rush_hour_1080p25_60f	svtav1	svtav1_20200615_7104606_enc-mode0	60	43	0	1186313.0	1186.3129999999999	40.77149999999998	44.710666666666654	46.18583333333334	40.765831	44.708353	46.178238	85.88530463621956	3561852.0	59.3642	6281.94	1920	1080	25.0	8	a5fb3ffcfa3207b88443f53c038f653a	35b19b9319dbc322f74ef8a08be33f63	1920	1080	10581.0	3.0	13578.0	23382.0	False	False	0.9901508678992589	0.9866882750518773
rush_hour_1080p25_60f	rush_hour_1080p25_60f	svtav1	svtav1_20200615_7104606_enc-mode0	60	55	0	529683.0	529.683	38.65066666666669	43.039166666666674	44.164333333333325	38.629117	43.034688	44.15211	73.2611999224173	2750701.0	45.845016666666666	4668.1	1920	1080	25.0	8	2530a026bd3618ad1891b4f7694a3526	aac87afeed468d47297ca5081237f7a2	1920	1080	10270.0	5.0	10796.0	24144.0	False	False	0.9809950927893321	0.9789291460816617
rush_hour_1080p25_60f	rush_hour_1080p25_60f	svtav1	svtav1_20200615_7104606_enc-mode0	60	59	0	366046.0	366.046	37.48683333333334	42.08316666666668	43.07733333333333	37.461355	42.078827	43.065725	65.86822283712478	2900793.0	48.34655	5036.96	1920	1080	25.0	8	78d1b31e540df554ff020adce02295d4	5ff038bb88c8d1a180122a0e5d21875e	1920	1080	10579.0	4.0	9989.0	23450.0	False	False	0.9736818879842758	0.972906335289393
ducks_take_off_1080p50_60f	ducks_take_off_1080p50_60f	svtav1	svtav1_20200615_7104606_enc-mode0	60	20	0	105952173.0	105952.173	38.632	38.83383333333333	41.10700000000001	38.539589	38.815588	41.104412	98.40558689399784	17186851.0	286.4475166666667	31959.53	1920	1080	50.0	8	5915b2498cd33a95c249938c447db9eb	7c9d4d4770b2b3c42398eaedd91c3bbe	1920	1080	16621.0	4.0	34580.0	23809.0	False	False	0.9987217883268992	0.9955679076777364
ducks_take_off_1080p50_60f	ducks_take_off_1080p50_60f	svtav1	svtav1_20200615_7104606_enc-mode0	60	32	0	27904933.0	27904.933	34.943333333333335	36.68483333333332	39.69316666666667	34.933327	36.679532	39.689891	93.14022164862965	11127596.0	185.45993333333334	20929.77	1920	1080	50.0	8	f3b4a0e4705bf3e7fdac0fa3963ebdad	02fd764b3915bdce2d3b57d874d22a6b	1920	1080	15648.0	3.0	26753.0	23202.0	False	False	0.9964339594046275	0.9896115242078685
ducks_take_off_1080p50_60f	ducks_take_off_1080p50_60f	svtav1	svtav1_20200615_7104606_enc-mode0	60	43	0	9801393.0	9801.393	32.94116666666666	34.86633333333334	38.34016666666666	32.934168	34.844124	38.335415	84.1556198218268	5932295.0	98.87158333333333	11012.09	1920	1080	50.0	8	3202de9faccaa7529e4b98d1d016d664	b784ab1c58b4b13fb6c72b49ae541563	1920	1080	15841.0	8.0	19711.0	22749.0	False	False	0.990786983569463	0.981016929841799
ducks_take_off_1080p50_60f	ducks_take_off_1080p50_60f	svtav1	svtav1_20200615_7104606_enc-mode0	60	55	0	3545973.0	3545.973	30.441333333333326	32.970166666666664	37.12133333333334	30.424087	32.943244	37.118529	67.19220582904889	4026128.0	67.10213333333333	6710.1	1920	1080	50.0	8	b35baac8c1b4a1fccaae9d3dd5d34666	1544be9374b6176c1d7bbbc41dc9c77c	1920	1080	15777.0	2.0	15294.0	23049.0	False	False	0.9740658054749171	0.9601797592086948
ducks_take_off_1080p50_60f	ducks_take_off_1080p50_60f	svtav1	svtav1_20200615_7104606_enc-mode0	60	59	0	2299786.0	2299.786	29.27583333333333	32.122666666666674	36.515833333333326	29.256219	32.101382	36.514989	57.70992959294817	3333093.0	55.55155	5718.04	1920	1080	50.0	8	ba54fd3fceb7e3ea02584e0f9c2162aa	0a695e4a85c877c79f247e5a5a8a14f6	1920	1080	15980.0	14.0	14493.0	22830.0	False	False	0.9604762574036916	0.94471907682362
touchdown_pass_1080p_60f	touchdown_pass_1080p_60f	svtav1	svtav1_20200615_7104606_enc-mode0	60	20	0	18182343.0	18182.343	40.524666666666654	48.037000000000006	48.201999999999984	40.491837	48.029691	48.195207	96.35860397693881	7710813.0	128.51355	14521.53	1920	1080	29.97	8	0792049b2d0786daca17037c47757076	de7ba48977315471abe5f7b5f55b7008	1920	1080	12540.0	4.0	24410.0	23757.0	False	False	0.9957871615886689	0.9908259408423322
touchdown_pass_1080p_60f	touchdown_pass_1080p_60f	svtav1	svtav1_20200615_7104606_enc-mode0	60	32	0	4369903.0	4369.903	38.64200000000001	47.329166666666666	47.4535	38.625448	47.322921	47.446715	94.30770566658178	5644997.0	94.08328333333333	9725.66	1920	1080	29.97	8	0cec1ff1047bce1c4111ec30116e8ec8	32eafa9e0c8444163f9b4466621f0d38	1920	1080	12570.0	3.0	13722.0	23924.0	False	False	0.9938287238279978	0.9866700336796993
touchdown_pass_1080p_60f	touchdown_pass_1080p_60f	svtav1	svtav1_20200615_7104606_enc-mode0	60	43	0	1938194.0	1938.194	37.392833333333336	46.27083333333334	46.327666666666666	37.372493	46.267056	46.321049	91.20564665544798	3471853.0	57.864216666666664	5810.57	1920	1080	29.97	8	4dfd044e8a4e8f660a665bae272962b7	6785e6c7c0b84b357565cf45b05c02aa	1920	1080	12677.0	5.0	11330.0	24156.0	False	False	0.9912498454252879	0.9820505213201071
touchdown_pass_1080p_60f	touchdown_pass_1080p_60f	svtav1	svtav1_20200615_7104606_enc-mode0	60	55	0	801279.0	801.279	35.048	44.39400000000001	44.49750000000001	35.023801	44.390394	44.49088100000001	81.95714908561698	2799245.0	46.65408333333333	4835.35	1920	1080	29.97	8	6157c33683e456097a19a9272ab8d656	61c0311adaa0655730adc8892da09aad	1920	1080	12973.0	3.0	9970.0	38222.0	False	False	0.9791647851467132	0.9635080610416465
touchdown_pass_1080p_60f	touchdown_pass_1080p_60f	svtav1	svtav1_20200615_7104606_enc-mode0	60	59	0	479868.0	479.868	33.322500000000005	43.21683333333332	43.41416666666667	33.299563	43.21445099999999	43.409278	71.54372926270236	2608528.0	43.47546666666667	4086.28	1920	1080	29.97	8	a6660567427c0c5fafbaf23965059705	85c659ca5eb255c8647207c258cd9e67	1920	1080	12739.0	3.0	9382.0	23692.0	False	False	0.9538712282975514	0.9337275213992602
wikipedia_420	wikipedia_420	svtav1	svtav1_20200615_7104606_enc-mode0	60	20	0	1116420.0	1116.4200000000003	52.307333333333354	52.8045	53.43899999999999	52.304392	52.578333	53.33079	99.83568862879413	5542537.0	92.37561666666667	9498.59	1920	1080	30.0	8	35fd41e8b101b2beacbc216a3a01ef74	e2805f10a534265f7d8ad2c356d6d576	1920	1080	8303.0	10.0	2015.0	22706.0	False	False	0.9991650094588598	0.9986532492023954
wikipedia_420	wikipedia_420	svtav1	svtav1_20200615_7104606_enc-mode0	60	32	0	680616.0	680.616	49.51750000000002	50.11983333333333	51.247	49.514171	49.828206	51.147252	99.80391632764614	5190722.0	86.51203333333333	8737.59	1920	1080	30.0	8	816b9ca30812c1af505148c3ac0b7072	482bd280a8adcd2b130cffe35eba383a	1920	1080	9157.0	7.0	2395.0	23097.0	False	False	0.9987461169560751	0.9980159801816245
wikipedia_420	wikipedia_420	svtav1	svtav1_20200615_7104606_enc-mode0	60	43	0	499552.0	499.552	46.82950000000001	47.6315	48.96616666666664	46.821457	47.520055	48.930402	99.74716357687181	4702076.0	78.36793333333334	7681.99	1920	1080	30.0	8	e85f9e54bc70b721827191928c0af3a5	0205e9462a4a669de0599114dc788a70	1920	1080	8762.0	4.0	3178.0	23981.0	False	False	0.9984998613595962	0.9977173332554103
wikipedia_420	wikipedia_420	svtav1	svtav1_20200615_7104606_enc-mode0	60	55	0	361940.0	361.94	42.53833333333335	44.905833333333355	46.335833333333326	42.524368	44.865988	46.297166	99.49041792283525	3951806.0	65.86343333333333	6455.27	1920	1080	30.0	8	406606304ae3ecfb8697744c89d46bc0	b264502dcdbdf0b2d9f2b753f156e53f	1920	1080	8757.0	3.0	2225.0	22321.0	False	False	0.9977799952030182	0.9968789081164311
wikipedia_420	wikipedia_420	svtav1	svtav1_20200615_7104606_enc-mode0	60	59	0	316544.0	316.544	40.74900000000001	43.6875	44.87883333333333	40.735175	43.657029	44.839149	99.27222442017298	3740796.0	62.3466	6291.73	1920	1080	30.0	8	e7048a5feb23a74296913e493e2e73cc	29d69d50b524bf5610ac728faa2500c0	1920	1080	8700.0	2.0	2187.0	22774.0	False	False	0.9970536549886068	0.9961360815034302
ToddlerFountn_1920x1080_2997_10b	ToddlerFountn_1920x1080_2997_10b	svtav1	svtav1_20200615_7104606_enc-mode0	60	20	0	56205490.0	56205.49	41.13733333333333	46.264333333333326	43.68499999999998	41.130299	46.263265	43.682978	99.85312383111028	19909428.0	331.8238	35168.81	1920	1080	29.97	10	6db9ed554b1bc3a3552373d74c35feee	29178fe36b0b9e069a25855cfec27efe	1920	1080	22202.0	4.0	36110.0	23780.0	False	False	0.9975916028022767	0.9948581314367023
ToddlerFountn_1920x1080_2997_10b	ToddlerFountn_1920x1080_2997_10b	svtav1	svtav1_20200615_7104606_enc-mode0	60	32	0	27624109.0	27624.109	36.93999999999999	44.73850000000001	41.73283333333333	36.931709	44.736864	41.732116	99.72958475265087	18781413.0	313.02355	34296.25	1920	1080	29.97	10	726c460e300dae596de7923e6bb33afe	de2bd67c3d28706d6851ac7a1a244eec	1920	1080	22941.0	5.0	27853.0	23034.0	False	False	0.9927496780951818	0.9859097961897854
ToddlerFountn_1920x1080_2997_10b	ToddlerFountn_1920x1080_2997_10b	svtav1	svtav1_20200615_7104606_enc-mode0	60	43	0	12231334.0	12231.334	33.39216666666666	43.164666666666676	40.256166666666665	33.367672	43.16253	40.253394	89.90066056043062	13422363.0	223.70605	24432.47	1920	1080	29.97	10	8b430ca028b1ca68cb714ae716ff9bfe	6cd24ae3de65b67ea72be0761c32ef5e	1920	1080	22897.0	3.0	24146.0	24389.0	False	False	0.9791249801715215	0.9650721987707886
ToddlerFountn_1920x1080_2997_10b	ToddlerFountn_1920x1080_2997_10b	svtav1	svtav1_20200615_7104606_enc-mode0	60	55	0	4537152.0	4537.152	30.116333333333323	41.52466666666666	39.02933333333332	30.087794999999996	41.522797	39.028159	67.86453022776622	8417728.0	140.29546666666667	15448.21	1920	1080	29.97	10	9be872cc0aef363ecb66b5973e674317	4b21248eebe47f71a2a4b9393058a00b	1920	1080	21687.0	5.0	20182.0	24400.0	False	False	0.9394139130910237	0.9179033703619229
ToddlerFountn_1920x1080_2997_10b	ToddlerFountn_1920x1080_2997_10b	svtav1	svtav1_20200615_7104606_enc-mode0	60	59	0	2846211.0	2846.211	28.890333333333327	40.859833333333334	38.60016666666666	28.865095	40.858036	38.598124	56.43281355079127	6888333.0	114.80555	12705.55	1920	1080	29.97	10	ebfd9f09df3010e600950d6da67e5f21	da77efe9fd947cb2054983038feac692	1920	1080	22530.0	9.0	17883.0	37637.0	False	False	0.9113842735687891	0.8895230798847138
MINECRAFT_60f_420	MINECRAFT_60f_420	svtav1	svtav1_20200615_7104606_enc-mode0	60	20	0	82540904.0	82540.904	44.993833333333335	46.24750000000003	46.692000000000014	44.705728	46.073084	46.537404	99.9574232607527	16893157.0	281.55261666666667	29531.63	1920	1080	60.0	8	183a27e3faab276c0711b091e0ecd820	8f625f7316ff7ee3ac5f672dcba49e4b	1920	1080	14034.0	4.0	27885.0	22476.0	False	False	0.9986375669638315	0.9978236830751818
MINECRAFT_60f_420	MINECRAFT_60f_420	svtav1	svtav1_20200615_7104606_enc-mode0	60	32	0	48364624.0	48364.624	39.76716666666667	44.224333333333334	44.458	39.404232	44.089232	44.33845	99.93981631418846	17057143.0	284.28571666666664	28848.77	1920	1080	60.0	8	0e3abe3a6372f265a4bf6b6a66e2d93b	73824d001f4f927ffabe11978b23688c	1920	1080	14475.0	30.0	25898.0	23501.0	False	False	0.9957787682612737	0.993088151179266
MINECRAFT_60f_420	MINECRAFT_60f_420	svtav1	svtav1_20200615_7104606_enc-mode0	60	43	0	20651616.0	20651.616	34.717333333333336	42.1655	42.209666666666664	34.398695	42.05769	42.101442	95.55585712722076	13495947.0	224.93245	22029.06	1920	1080	60.0	8	841d8dd46e32f59616aeb9965e4ce429	d3c902c77319b6748bf80574e990e963	1920	1080	13905.0	6.0	17397.0	23376.0	False	False	0.9861369560162226	0.978075586163339
MINECRAFT_60f_420	MINECRAFT_60f_420	svtav1	svtav1_20200615_7104606_enc-mode0	60	55	0	6782624.0	6782.624	30.963833333333344	39.921833333333325	39.76716666666667	30.765046	39.8314	39.65359	79.61637279041061	11420514.0	190.3419	19105.71	1920	1080	60.0	8	68ae9217129e892aa190b1c966278c32	a1d7c2e9ef4552db371b12e5a6557dab	1920	1080	15361.0	4.0	12086.0	23108.0	False	False	0.9578504045804341	0.9405877981039145
MINECRAFT_60f_420	MINECRAFT_60f_420	svtav1	svtav1_20200615_7104606_enc-mode0	60	59	0	4629376.0	4629.376	29.97500000000001	39.20233333333333	38.875	29.809719000000005	39.123739	38.768114	72.20835781880766	10985542.0	183.09236666666666	18098.55	1920	1080	60.0	8	61d7daf1a1f309668880a92ff6d954fd	f4509ce4a35ca2be086a5e63ea03cabe	1920	1080	14232.0	4.0	11045.0	28550.0	False	False	0.9380468279123306	0.9185467468701953
