niklas360p_60f	niklas360p_60f	svtav1	svtav1_20190822_bb6f8f3	60	20	1613356.0	1613.356	44.61133333333334	48.14250000000002	47.837	44.500725	48.083052	47.775133	98.397458	5792260.0	96.53766666666667	640	360	30.0	8	11dfdc136b34050f0fb404642450c29e	996baf8b79ff41902b667e7588831d7b	640	360	4069.0	17.0	2656.0	1825.0	False
niklas360p_60f	niklas360p_60f	svtav1	svtav1_20190822_bb6f8f3	60	32	870284.0	870.284	42.205999999999996	46.66916666666668	46.127	42.11303	46.633454	46.090191	96.925719	1119999.0	18.66665	640	360	30.0	8	00830603761e71136d90c102f4507da0	0da52e0e8132cd99f7bf4185ad2ccf76	640	360	1226.0	16.0	1195.0	550.0	False
niklas360p_60f	niklas360p_60f	svtav1	svtav1_20190822_bb6f8f3	60	43	472628.0	472.628	39.35916666666665	44.96349999999999	44.175666666666665	39.273931999999995	44.943484	44.152742	93.644033	2902532.0	48.37553333333334	640	360	30.0	8	b5d19d6e7cbcdd2d315818576d695e78	4801485ba0f4af75d88620edaa5c52e8	640	360	3487.0	11.0	2051.0	997.0	False
niklas360p_60f	niklas360p_60f	svtav1	svtav1_20190822_bb6f8f3	60	55	252948.0	252.948	36.241666666666674	43.11666666666668	41.962500000000006	36.169882	43.103079	41.941317	87.338292	1907220.0	31.787	640	360	30.0	8	f0a1dcb462833bb58452f1782f5f3a0f	a5db980bdabcfadc94fdd9679ac2a753	640	360	3160.0	15.0	1898.0	892.0	False
niklas360p_60f	niklas360p_60f	svtav1	svtav1_20190822_bb6f8f3	60	63	119840.0	119.84	32.55383333333334	40.731500000000004	39.342333333333315	32.498847	40.715167	39.316511	74.711283	1513220.0	25.220333333333333	640	360	30.0	8	fa8da528dbcedde803544ac04d995f2a	d3eef6af08f578fb153585f9d47c627e	640	360	3536.0	22.0	744.0	787.0	False
kirland360p_60f	kirland360p_60f	svtav1	svtav1_20190822_bb6f8f3	60	20	379356.0	379.356	47.64433333333333	48.610833333333325	49.884333333333345	47.528181	48.561349	49.849999	96.107068	378258.0	6.3043	640	360	30.0	8	092f51159bfbf33ffc78d2ca24e1a093	376b3cda10e1dfaa3108482bd093eabd	640	360	930.0	2.0	554.0	516.0	False
kirland360p_60f	kirland360p_60f	svtav1	svtav1_20190822_bb6f8f3	60	32	162000.0	162.0	46.18700000000001	48.03983333333333	49.03866666666667	46.007746	48.014996	49.018688	94.867378	983925.0	16.39875	640	360	30.0	8	2c50782b1482a5f53a41c8747b3c52be	5bdedb8ed72b402d38185419db35322e	640	360	3529.0	20.0	877.0	2304.0	False
kirland360p_60f	kirland360p_60f	svtav1	svtav1_20190822_bb6f8f3	60	43	88504.0	88.504	44.48500000000001	47.38633333333335	47.93616666666667	44.27481	47.356667	47.89273	92.639605	2692414.0	44.87356666666667	640	360	30.0	8	225f8a30d1930ab9fbd47a9f965da1d9	b9a73ff4e2bc20545d0d8e70a229fdfe	640	360	2029.0	10.0	694.0	1012.0	False
kirland360p_60f	kirland360p_60f	svtav1	svtav1_20190822_bb6f8f3	60	55	51940.0	51.93999999999999	42.206	46.6095	46.580666666666666	41.934816	46.549888	46.437794000000004	88.734474	490021.0	8.167016666666667	640	360	30.0	8	ca3dab0363a19293460068e3857da3a4	0ac3c14dd3d265b2ee7d9bad09dbd201	640	360	977.0	3.0	310.0	592.0	False
kirland360p_60f	kirland360p_60f	svtav1	svtav1_20190822_bb6f8f3	60	63	30500.0	30.5	38.83666666666667	44.96183333333333	44.56116666666666	38.566554	44.845209	44.269336	78.398793	425236.0	7.087266666666666	640	360	30.0	8	b7afd261f8fb3fda965ecb85fde0d0e5	4fba87b531e752ac1ff6204258166757	640	360	2208.0	16.0	503.0	804.0	False
blue_sky_360p_60f	blue_sky_360p_60f	svtav1	svtav1_20190822_bb6f8f3	60	20	1494060.0	1494.06	44.671500000000016	45.952833333333324	47.647000000000006	44.544548	45.857853	47.584098	99.951325	1011292.0	16.854866666666666	640	360	25.0	8	e3751de31cb14d56ad5dd31de8f709f4	310bc65fbfd883e2bc91ec10a23eab1c	640	360	1309.0	13.0	2812.0	940.0	False
blue_sky_360p_60f	blue_sky_360p_60f	svtav1	svtav1_20190822_bb6f8f3	60	32	770803.0	770.803	41.793833333333346	43.77133333333332	45.381	41.648295	43.710721	45.332906	99.927977	775499.0	12.924983333333333	640	360	25.0	8	eba7dfa5dc9f1a348e8380f6d04a93b0	6aaff22b034ebc54a5b5371a2123697e	640	360	2900.0	15.0	2464.0	895.0	False
blue_sky_360p_60f	blue_sky_360p_60f	svtav1	svtav1_20190822_bb6f8f3	60	43	398420.0	398.42	38.78633333333334	41.02816666666666	42.583	38.641545	40.967572	42.549085	99.494221	603563.0	10.059383333333333	640	360	25.0	8	afeef359cf5e79d6279fe5b8bce432a2	9e8e099404c6c0ad1a8baceeac270826	640	360	1719.0	7.0	2156.0	594.0	False
blue_sky_360p_60f	blue_sky_360p_60f	svtav1	svtav1_20190822_bb6f8f3	60	55	214866.0	214.866	35.74433333333334	38.1315	40.01016666666666	35.606334	38.093612	39.996759	94.904151	502338.0	8.3723	640	360	25.0	8	d1428446525e129ff6e57a8a63c36af5	6d0f5c36361501f19967948c91c15df0	640	360	1574.0	3.0	1046.0	501.0	False
blue_sky_360p_60f	blue_sky_360p_60f	svtav1	svtav1_20190822_bb6f8f3	60	63	107180.0	107.18	31.861333333333324	35.05333333333332	37.76266666666667	31.784947	35.046567	37.757	83.500783	1343872.0	22.397866666666665	640	360	25.0	8	7385debe5d718a32f8fde5116b3c733e	ee0ba06b3c4a75e78b22623984960065	640	360	2356.0	14.0	994.0	555.0	False
Netflix_Aerial_1920x1080_60fps_8	Netflix_Aerial_1920x1080_60fps_8	svtav1	svtav1_20190822_bb6f8f3	60	20	29102032.0	29102.032	43.26499999999999	46.01333333333333	45.67966666666668	43.154173	45.962451	45.629665	96.955113	10771480.0	179.52466666666666	1920	1080	60.0	8	15195be061868241b494660fcf8202a7	9a1256069e1aa8494f86a171ab5cd685	1920	1080	16169.0	14.0	15510.0	6406.0	False
Netflix_Aerial_1920x1080_60fps_8	Netflix_Aerial_1920x1080_60fps_8	svtav1	svtav1_20190822_bb6f8f3	60	32	13380096.0	13380.096	41.24033333333333	44.69616666666666	44.59083333333334	41.16222	44.680086	44.577714	94.794703	14174664.0	236.2444	1920	1080	60.0	8	9f88a2ac1bf9941d5884f43bc6eb3ee8	7289409fd4c008c10bb887f4783fb791	1920	1080	9808.0	8.0	10617.0	5890.0	False
Netflix_Aerial_1920x1080_60fps_8	Netflix_Aerial_1920x1080_60fps_8	svtav1	svtav1_20190822_bb6f8f3	60	43	6363552.0	6363.552	38.69766666666667	43.040833333333346	43.416333333333334	38.630839	43.032706	43.40955999999999	91.350012	4163622.0	69.3937	1920	1080	60.0	8	894ef2865a2721eb7d8be70c33aad320	5d49c4161bfc183430f8aaee31a55495	1920	1080	9948.0	10.0	9431.0	6066.0	False
Netflix_Aerial_1920x1080_60fps_8	Netflix_Aerial_1920x1080_60fps_8	svtav1	svtav1_20190822_bb6f8f3	60	55	2959688.0	2959.688	35.85349999999998	41.275833333333345	42.26383333333333	35.807261	41.266069	42.254831	85.15921	13007346.0	216.7891	1920	1080	60.0	8	c5dfeb38203c9b08516a07861fa19d03	88df544abbfef1d264cfba4840dfd6e1	1920	1080	14001.0	3.0	8253.0	6089.0	False
Netflix_Aerial_1920x1080_60fps_8	Netflix_Aerial_1920x1080_60fps_8	svtav1	svtav1_20190822_bb6f8f3	60	63	1022928.0	1022.928	32.16116666666665	39.13099999999999	40.96816666666666	32.144389	39.116356	40.955284	69.674142	3740635.0	62.343916666666665	1920	1080	60.0	8	ef7b326ebf3db25652c0988d7d74ddc4	c190ee3469cba74fa9ce526a741f3d5d	1920	1080	9243.0	3.0	6923.0	7188.0	False
life_1080p30_60f	life_1080p30_60f	svtav1	svtav1_20190822_bb6f8f3	60	20	14654320.0	14654.32	44.94016666666668	50.2185	49.69666666666667	44.852134	50.19724899999999	49.674618	99.563741	13897166.0	231.61943333333335	1920	1080	30.0	8	67624353c57b03ef3a539a3c32c50bd2	44c2967f3492184f3dc5681ec8c6201a	1920	1080	12046.0	14.0	9953.0	6416.0	False
life_1080p30_60f	life_1080p30_60f	svtav1	svtav1_20190822_bb6f8f3	60	32	7048360.0	7048.36	41.89000000000001	47.784666666666645	47.5185	41.823452	47.765253	47.502394	97.923284	5090180.0	84.83633333333333	1920	1080	30.0	8	46f243ba2139d10fded9bd95819ec718	b43f1676264a4b39acfc86889c018aae	1920	1080	14604.0	17.0	10404.0	7277.0	False
life_1080p30_60f	life_1080p30_60f	svtav1	svtav1_20190822_bb6f8f3	60	43	3459400.0	3459.4	38.99816666666667	45.65916666666665	45.525999999999996	38.948166	45.6356	45.508654	94.783667	8541295.0	142.35491666666667	1920	1080	30.0	8	a32baad3b80d98acc9154db1d94678cc	fc40bc2b5134c939b1bd8a2553b8df7f	1920	1080	9974.0	15.0	14837.0	9975.0	False
life_1080p30_60f	life_1080p30_60f	svtav1	svtav1_20190822_bb6f8f3	60	55	1621736.0	1621.736	35.81316666666666	43.227833333333336	43.16716666666666	35.779844	43.201459	43.147841	88.95132200000002	7067713.0	117.79521666666666	1920	1080	30.0	8	ef70ec7a69ba8d22949764c56a69fc82	bfc48a4b64189048c5e71996952a517c	1920	1080	12872.0	8.0	8256.0	6268.0	False
life_1080p30_60f	life_1080p30_60f	svtav1	svtav1_20190822_bb6f8f3	60	63	675628.0	675.628	32.709500000000006	40.429833333333335	40.109500000000004	32.683763	40.409925	40.100376	76.09595800000001	7914395.0	131.90658333333334	1920	1080	30.0	8	6d83ee4bb8f09ed75a76d1e84413c212	86471f934e37fc50b2fe7009b2650d33	1920	1080	10840.0	12.0	8024.0	7323.0	False
MINECRAFT_60f_420	MINECRAFT_60f_420	svtav1	svtav1_20190822_bb6f8f3	60	20	89048040.0	89048.04	43.50850000000001	46.2055	46.478500000000004	43.327547	46.053496	44.603074	99.949639	25954866.0	432.5811	1920	1080	60.0	8	7afaa34f81f745d77583bb5dac341aa8	7064b2e287cb04ee30f0b0af60af6c07	1920	1080	10454.0	4.0	35571.0	9653.0	True
MINECRAFT_60f_420	MINECRAFT_60f_420	svtav1	svtav1_20190822_bb6f8f3	60	32	52585472.0	52585.472	39.1195	44.37233333333332	44.5085	38.872483	44.257225	43.26468	99.909059	30611652.0	510.1942	1920	1080	60.0	8	e272c6baa168e108151413ba58e004fd	b5817af8b1ae0766e78e6ff122b522dc	1920	1080	13506.0	13.0	17142.0	6005.0	True
MINECRAFT_60f_420	MINECRAFT_60f_420	svtav1	svtav1_20190822_bb6f8f3	60	43	24135136.0	24135.136	34.79066666666668	42.62666666666667	42.521666666666675	34.538789	42.552773	41.736156	96.605202	20119984.0	335.33306666666664	1920	1080	60.0	8	ba2b90123ea6d59234d49f71e5693edb	ac3eb7b96f54d6b1d2781c5e4b79cfc3	1920	1080	9874.0	4.0	12145.0	6114.0	True
MINECRAFT_60f_420	MINECRAFT_60f_420	svtav1	svtav1_20190822_bb6f8f3	60	55	9618776.0	9618.776	31.59333333333333	40.72299999999998	40.56433333333334	31.422779	40.678891	40.08218	84.314899	35176967.0	586.2827833333333	1920	1080	60.0	8	9d464a4183cdeee47cc070ec981131f6	e7e455f16e9584c4538daf22fd8ea088	1920	1080	18748.0	3.0	9128.0	6115.0	True
MINECRAFT_60f_420	MINECRAFT_60f_420	svtav1	svtav1_20190822_bb6f8f3	60	63	3326896.0	3326.896	28.767666666666667	38.31233333333331	38.3985	28.6553	38.295337	38.133483	62.663368	34450232.0	574.1705333333333	1920	1080	60.0	8	1acc49a9f8f0f6786bae7ac4e20d1c8b	21dfb41a2d64c24c8ccd2c70057c59a3	1920	1080	18750.0	6.0	6928.0	5860.0	True
Market3_1920x1080p_50_10b_pq_709	Market3_1920x1080p_50_10b_pq_709	svtav1	svtav1_20190822_bb6f8f3	60	20	19644733.0	19644.733	45.81633333333333	52.40616666666667	52.962999999999994	45.679471	52.384865	47.580545	99.854909	15466678.0	257.77796666666666	1920	1080	50.0	10	e4f737e5f93f4803d0fe2838ef28d520	1caabc8e645cb4735031c8f5a896605d	1920	1080	16438.0	8.0	11942.0	6139.0	True
Market3_1920x1080p_50_10b_pq_709	Market3_1920x1080p_50_10b_pq_709	svtav1	svtav1_20190822_bb6f8f3	60	32	9572513.0	9572.513	43.316	50.202166666666635	50.96116666666667	43.232533	50.194239	46.94427600000001	99.105151	2155904.0	35.931733333333334	1920	1080	50.0	10	e6e5bcbc0d94e7ba826697f8b776c5b7	e5ab15d3b3f4dd11025118239a37d39e	1920	1080	15304.0	14.0	17708.0	5876.0	True
Market3_1920x1080p_50_10b_pq_709	Market3_1920x1080p_50_10b_pq_709	svtav1	svtav1_20190822_bb6f8f3	60	43	4614906.0	4614.906	40.25266666666667	47.85466666666666	48.88250000000001	40.199759	47.852717	46.045008	96.090097	3220299.0	53.67165	1920	1080	50.0	10	4daf011108e5019f678b827474eee69f	47fa7d753a0dae4b3140776da9bb3136	1920	1080	14034.0	14.0	17045.0	13596.0	True
red_kayak_360p_60f	red_kayak_360p_60f	svtav1	svtav1_20190822_bb6f8f3	60	20	9428856.0	9428.856	41.373000000000005	44.87483333333334	49.371833333333335	41.232946	44.805099	49.347702	99.935162	1629388.0	27.156466666666667	640	360	29.97	8	88057bf306141c09be0b566bd206f05b	42bc705934d6127b4a126b42841fddae	640	360	1558.0	4.0	2678.0	565.0	False
red_kayak_360p_60f	red_kayak_360p_60f	svtav1	svtav1_20190822_bb6f8f3	60	32	5516434.0	5516.434	36.77083333333333	42.41416666666667	47.845833333333324	36.582581	42.343273	47.815051	99.807214	1203131.0	20.052183333333332	640	360	29.97	8	b23b82e3533885b1f0e99f6f094961df	a7d067fb7c43f1907346a19801234a95	640	360	2086.0	3.0	2531.0	595.0	False
red_kayak_360p_60f	red_kayak_360p_60f	svtav1	svtav1_20190822_bb6f8f3	60	43	2583287.0	2583.287	32.18083333333332	40.17216666666666	46.654	31.984119	40.106299	46.623705	87.214538	4789585.0	79.82641666666666	640	360	29.97	8	e3b5c8eda0eb0c175898f2de27ac05a4	28a2c02960ed1e76d0179fde6e25ae33	640	360	1874.0	27.0	5258.0	1665.0	False
red_kayak_360p_60f	red_kayak_360p_60f	svtav1	svtav1_20190822_bb6f8f3	60	55	886247.0	886.247	28.383166666666668	38.08916666666665	45.285666666666685	28.227641	38.029706	45.235136	61.913735	5267709.0	87.79515	640	360	29.97	8	c5d0f6de9e3eb2474058337dda71150f	e09e19c381ca4d10a24f7974c5c4b6e2	640	360	1794.0	10.0	3004.0	726.0	False
red_kayak_360p_60f	red_kayak_360p_60f	svtav1	svtav1_20190822_bb6f8f3	60	63	224174.0	224.174	25.80816666666667	36.49366666666666	43.91283333333333	25.68986	36.437889	43.717019	27.245382	2040263.0	34.00438333333334	640	360	29.97	8	672184746be654cc096903d96a99f7d0	60c1200cd20f1525d4273263f7b6a015	640	360	1732.0	15.0	2862.0	1037.0	False
Starting_1920x1080p_50_10b_pq_70	Starting_1920x1080p_50_10b_pq_70	svtav1	svtav1_20190822_bb6f8f3	60	20	10284386.0	10284.386	47.135166666666684	50.07650000000002	51.55849999999999	46.976389	50.006456	47.034763	96.495739	16358021.0	272.63368333333335	1920	1080	50.0	10	4e61f7896963bf77ef9bb58c85148374	467ddad4676226838b32e93ed93553ea	1920	1080	28199.0	15.0	15336.0	7289.0	True
Starting_1920x1080p_50_10b_pq_70	Starting_1920x1080p_50_10b_pq_70	svtav1	svtav1_20190822_bb6f8f3	60	32	4074440.0	4074.44	45.69583333333332	48.86216666666668	49.94816666666669	45.633829	48.83737	46.43338099999999	95.545051	1684777.0	28.079616666666666	1920	1080	50.0	10	39a7906592033d57b44cb98ae1a053cd	ab23e013721708ce809d0c84e1bc2fe1	1920	1080	13508.0	3.0	7726.0	7111.0	True
Starting_1920x1080p_50_10b_pq_70	Starting_1920x1080p_50_10b_pq_70	svtav1	svtav1_20190822_bb6f8f3	60	43	1830900.0	1830.9	43.89400000000001	47.46849999999999	48.098333333333336	43.85602000000001	47.460435	45.562295999999996	93.743106	2789536.0	46.492266666666666	1920	1080	50.0	10	eaf36692ddaca23fb7bd3532d4cf3b40	e4a3eb1fd9f2dd907a7dd0868d818f1e	1920	1080	20429.0	9.0	11012.0	9960.0	True
Starting_1920x1080p_50_10b_pq_70	Starting_1920x1080p_50_10b_pq_70	svtav1	svtav1_20190822_bb6f8f3	60	55	877153.0	877.153	41.18066666666667	45.58966666666665	45.70783333333335	41.160309	45.58954000000001	44.1326	89.378215	5215487.0	86.92478333333334	1920	1080	50.0	10	8cb4e00b0cd878d53ba84361ce5f2881	c1f1e42aaecc954a523aa3006455de55	1920	1080	13567.0	16.0	9873.0	9560.0	True
Starting_1920x1080p_50_10b_pq_70	Starting_1920x1080p_50_10b_pq_70	svtav1	svtav1_20190822_bb6f8f3	60	63	352753.0	352.753	36.52116666666666	43.10083333333336	43.02883333333337	36.519333	43.100745	42.167228	75.404895	1293565.0	21.559416666666667	1920	1080	50.0	10	5aaea8ae659987311ca6c7c131fc0b12	9eb1c652f307699fee767e0d02d0b98b	1920	1080	23113.0	14.0	5861.0	10113.0	True
ShowGirl2TeaserClip4000_1920x108	ShowGirl2TeaserClip4000_1920x108	svtav1	svtav1_20190822_bb6f8f3	60	20	11351220.0	11351.22	43.183833333333354	46.88233333333335	49.415166666666686	42.911454	46.816876	46.368093	95.520815	7941231.0	132.35385	1920	1080	25.0	10	0b2a2e9c88a42bb194d8bf266bde072a	659e259c29d64575e7fb16d9076a80bc	1920	1080	17480.0	14.0	14044.0	6042.0	True
ShowGirl2TeaserClip4000_1920x108	ShowGirl2TeaserClip4000_1920x108	svtav1	svtav1_20190822_bb6f8f3	60	32	3345983.0	3345.983	41.93333333333335	46.29383333333331	48.60166666666668	41.86469	46.290306	45.974661	93.622429	3007928.0	50.132133333333336	1920	1080	25.0	10	77e41afc4638c6a7adacc91e034409e3	02ecfadbcd2e5470897db760c626886f	1920	1080	15400.0	15.0	16460.0	10491.0	True
ShowGirl2TeaserClip4000_1920x108	ShowGirl2TeaserClip4000_1920x108	svtav1	svtav1_20190822_bb6f8f3	60	43	1081096.0	1081.096	40.84666666666666	45.695666666666654	47.703500000000005	40.825948	45.693894	45.485006	90.541001	6406511.0	106.77518333333333	1920	1080	25.0	10	54e952d9491073cda290a9ef4b46ad03	0f4cb8d01c6c85a9479aa35a45921810	1920	1080	14003.0	12.0	9462.0	7941.0	True
ShowGirl2TeaserClip4000_1920x108	ShowGirl2TeaserClip4000_1920x108	svtav1	svtav1_20190822_bb6f8f3	60	55	445943.0	445.943	39.219833333333334	44.83716666666665	46.454500000000024	39.188156	44.836288	44.726288	84.495856	11025204.0	183.7534	1920	1080	25.0	10	adec21a4da4647c31828f600b0e703ca	285995f78a064db58f36ac4a014dea19	1920	1080	26552.0	8.0	9996.0	9331.0	True
ShowGirl2TeaserClip4000_1920x108	ShowGirl2TeaserClip4000_1920x108	svtav1	svtav1_20190822_bb6f8f3	60	63	195203.0	195.203	36.45716666666667	43.138500000000036	44.520999999999994	36.426827	43.137776	43.385218	70.536857	5878003.0	97.96671666666667	1920	1080	25.0	10	51de547988ef417c3ec77f09b5a242a7	540e20f519a8cdec65aa65ea0995d15e	1920	1080	16829.0	11.0	5210.0	6991.0	True
gipsrestat720p_60f	gipsrestat720p_60f	svtav1	svtav1_20190822_bb6f8f3	60	20	5114053.0	5114.053	45.09016666666666	47.52483333333335	49.081500000000005	45.019864	47.495222	49.063541	97.03906	4266036.0	71.1006	1280	720	50.0	8	7308f56cc3e8d0c434b8b6e9a98deea4	ea33acb2b53b716f3d02accbe9adc0b5	1280	720	7140.0	21.0	7120.0	10015.0	False
gipsrestat720p_60f	gipsrestat720p_60f	svtav1	svtav1_20190822_bb6f8f3	60	32	1831453.0	1831.453	43.284666666666666	46.673333333333325	48.11833333333334	43.231353	46.66659	48.103461	95.798239	7928451.0	132.14085	1280	720	50.0	8	18252dabd3c598a59630e783bde717af	269f32f7c34929511e6e21016ec23c92	1280	720	4005.0	9.0	2426.0	2633.0	False
gipsrestat720p_60f	gipsrestat720p_60f	svtav1	svtav1_20190822_bb6f8f3	60	43	798813.0	798.813	41.359166666666646	45.796666666666674	47.029	41.278491	45.793269	47.013644	93.727898	17255712.0	287.5952	1280	720	50.0	8	11e8a2dc0359a22bd6a2137216c3d739	52f620e1504ddede1d28bc5acc12003d	1280	720	6049.0	12.0	2512.0	4083.0	False
gipsrestat720p_60f	gipsrestat720p_60f	svtav1	svtav1_20190822_bb6f8f3	60	55	401640.0	401.64	39.14666666666666	44.380000000000024	45.276999999999994	39.086532	44.378294	45.269993	90.001031	1873162.0	31.219366666666666	1280	720	50.0	8	61e5c17360c96952625088c471d7be60	3782c151f064a3297bb328b60592dfb5	1280	720	7074.0	16.0	2857.0	2887.0	False
gipsrestat720p_60f	gipsrestat720p_60f	svtav1	svtav1_20190822_bb6f8f3	60	63	187526.0	187.526	35.54349999999998	41.73233333333332	42.28800000000002	35.528959	41.732161	42.286576	80.625055	1955915.0	32.59858333333333	1280	720	50.0	8	bf6f2f97fbfc043ede409e9490c89211	4a41ebdf46947da0a0662649f66b1611	1280	720	5256.0	8.0	985.0	2536.0	False
vidyo1_720p_60fps_60f	vidyo1_720p_60fps_60f	svtav1	svtav1_20190822_bb6f8f3	60	20	5754824.0	5754.824	45.95033333333333	48.33383333333334	49.64283333333334	45.809228	48.260336	49.598645	96.621441	2908768.0	48.47946666666667	1280	720	60.0	8	831c1243c939d0e18851c1da4f920d72	3f76272507281b5849533491cfaa7f6d	1280	720	3746.0	4.0	3837.0	2882.0	False
vidyo1_720p_60fps_60f	vidyo1_720p_60fps_60f	svtav1	svtav1_20190822_bb6f8f3	60	32	2139160.0	2139.16	44.235833333333325	47.64933333333335	48.86099999999999	44.174264	47.626642999999994	48.847642	95.351242	5893974.0	98.2329	1280	720	60.0	8	ee1d128456d25c90a47f226e1c7909e4	fd58fc738b54427dc88ae837251c70ae	1280	720	7170.0	10.0	2271.0	3024.0	False
vidyo1_720p_60fps_60f	vidyo1_720p_60fps_60f	svtav1	svtav1_20190822_bb6f8f3	60	43	938360.0	938.36	42.68316666666667	47.00183333333335	48.05716666666665	42.65966	46.996121	48.051541	93.326225	1898468.0	31.641133333333332	1280	720	60.0	8	a8c8fd9cd903bf44e00fef9b73e9e168	23b0cfb48ec853609bcd6029a1f07da1	1280	720	3710.0	4.0	1821.0	2474.0	False
vidyo1_720p_60fps_60f	vidyo1_720p_60fps_60f	svtav1	svtav1_20190822_bb6f8f3	60	55	441960.0	441.96	40.69933333333333	45.90333333333331	46.616333333333344	40.681978	45.901805	46.613948	89.311613	5324924.0	88.74873333333333	1280	720	60.0	8	576efc28bf2db890f1c49118b5e0e888	2e3618eb765dafb0ac83b130abdea52d	1280	720	4228.0	22.0	2705.0	3784.0	False
vidyo1_720p_60fps_60f	vidyo1_720p_60fps_60f	svtav1	svtav1_20190822_bb6f8f3	60	63	212056.0	212.056	37.425	43.742333333333335	44.052833333333325	37.415225	43.74097100000001	44.052429	78.955373	3009982.0	50.16636666666667	1280	720	60.0	8	08db488e790b536131b362dccdf32397	46ad981a9e552291fd094b8cf2c4a262	1280	720	3565.0	15.0	2848.0	5172.0	False
rush_hour_1080p25_60f	rush_hour_1080p25_60f	svtav1	svtav1_20190822_bb6f8f3	60	20	9227583.0	9227.583	43.37766666666666	47.290333333333336	49.34149999999999	43.289312	47.234855	49.29529	97.413531	6506020.0	108.43366666666667	1920	1080	25.0	8	28bada5d0a0d536d18e407f3384f6b8e	4e0e83b900a3e76033c16a04dd2da4c1	1920	1080	8240.0	9.0	16718.0	7332.0	False
rush_hour_1080p25_60f	rush_hour_1080p25_60f	svtav1	svtav1_20190822_bb6f8f3	60	32	3683493.0	3683.493	42.387166666666694	46.433166666666665	48.27983333333332	42.362795	46.416338	48.259977	94.02116099999999	8538238.0	142.30396666666667	1920	1080	25.0	8	25a2ae2d5a979caad1babbbc266ee631	88075116c21c02386216ee2f0b7bf62c	1920	1080	10741.0	14.0	27065.0	10257.0	False
rush_hour_1080p25_60f	rush_hour_1080p25_60f	svtav1	svtav1_20190822_bb6f8f3	60	43	1639810.0	1639.81	41.12166666666667	45.449166666666684	47.00616666666667	41.090634	45.440027	46.988873	87.639559	12941289.0	215.68815	1920	1080	25.0	8	d0a52531765bbc7c5534ae2aa43bd35e	1edc411987f29b7182f8fde678a590f1	1920	1080	7520.0	8.0	10645.0	6469.0	False
rush_hour_1080p25_60f	rush_hour_1080p25_60f	svtav1	svtav1_20190822_bb6f8f3	60	55	763913.0	763.913	39.26633333333334	44.264833333333335	45.439	39.199266	44.256722	45.418528	76.891364	5364136.0	89.40226666666666	1920	1080	25.0	8	0964538a558a0005fd89bb2a08f1f3a6	1f67a59bc219f9f50b42821844f7ca23	1920	1080	7873.0	7.0	10022.0	6921.0	False
rush_hour_1080p25_60f	rush_hour_1080p25_60f	svtav1	svtav1_20190822_bb6f8f3	60	63	333803.0	333.803	36.7055	42.415833333333346	43.26700000000001	36.582816	42.409456	43.245052	61.642676	4203697.0	70.06161666666667	1920	1080	25.0	8	6e67053dd8ad76e2042b3d350f4d34f1	7f44be30308a74a77673ab097431d064	1920	1080	7061.0	3.0	6059.0	7152.0	False
Netflix_SquareAndTimelapse_1920x	Netflix_SquareAndTimelapse_1920x	svtav1	svtav1_20190822_bb6f8f3	60	20	23891808.0	23891.808	45.01883333333334	49.2665	48.50483333333332	44.97773	49.249401	48.481697000000004	99.938425	9953278.0	165.88796666666667	1920	1080	60.0	8	6f8996998b05b4c3858b506a884008bd	84fdbfaf41cfd34ebb205cfc3bebee40	1920	1080	8937.0	5.0	16636.0	8187.0	False
Netflix_SquareAndTimelapse_1920x	Netflix_SquareAndTimelapse_1920x	svtav1	svtav1_20190822_bb6f8f3	60	32	13345208.0	13345.208	42.60966666666666	47.507999999999996	46.53149999999998	42.559234	47.488856000000006	46.504972	99.906323	12929588.0	215.49313333333333	1920	1080	60.0	8	9ee29a9fd48c71dae865a1f4418491a5	ab312436938cebe343bc38cf605693e1	1920	1080	23210.0	5.0	11247.0	6140.0	False
Netflix_SquareAndTimelapse_1920x	Netflix_SquareAndTimelapse_1920x	svtav1	svtav1_20190822_bb6f8f3	60	43	7320592.0	7320.592	39.708	45.269666666666666	44.13216666666666	39.648036	45.249161	44.105103	99.104366	12743086.0	212.38476666666668	1920	1080	60.0	8	4a26f3e0b4b13856b7512c8e5681d684	2301f66259b401c65c719e2d214b31f2	1920	1080	9637.0	4.0	11141.0	6177.0	False
Netflix_SquareAndTimelapse_1920x	Netflix_SquareAndTimelapse_1920x	svtav1	svtav1_20190822_bb6f8f3	60	55	3947304.0	3947.3039999999996	36.572500000000005	43.013333333333335	41.78849999999999	36.495403	42.99142100000001	41.75802	91.814711	9629743.0	160.49571666666668	1920	1080	60.0	8	910ae08e14660e96b99be4efe1d925f5	ef58ef75aff87d602b0af38b6f860991	1920	1080	8514.0	7.0	16979.0	9200.0	False
Netflix_SquareAndTimelapse_1920x	Netflix_SquareAndTimelapse_1920x	svtav1	svtav1_20190822_bb6f8f3	60	63	1861360.0	1861.36	32.8625	40.10750000000001	38.87866666666667	32.797428	40.092915999999995	38.857591	75.597298	11080728.0	184.6788	1920	1080	60.0	8	493623837f82ab34c36c69e2a687bdae	534fb64e30c43b1e804bdc1c5623ec34	1920	1080	21868.0	20.0	14220.0	10036.0	False
KristenAndSara_1280x720_60f	KristenAndSara_1280x720_60f	svtav1	svtav1_20190822_bb6f8f3	60	20	4998296.0	4998.296	44.977000000000004	49.18866666666666	50.09816666666668	44.881091	49.164855	50.085451	97.01817	11356250.0	189.27083333333334	1280	720	60.0	8	87248b411c803c0c92520dcb2c38192d	30d076fbdd1608f8b63c2dd1300d24ba	1280	720	6172.0	13.0	7296.0	3351.0	False
KristenAndSara_1280x720_60f	KristenAndSara_1280x720_60f	svtav1	svtav1_20190822_bb6f8f3	60	32	1700976.0	1700.976	43.606833333333334	48.27283333333334	49.19816666666665	43.570573	48.268218	49.194614	96.066364	4598843.0	76.64738333333334	1280	720	60.0	8	aed99b6fce3a7594fff0224abe26f25d	27a5c60e41c99acd7182913d0258891c	1280	720	3691.0	4.0	5076.0	2827.0	False
KristenAndSara_1280x720_60f	KristenAndSara_1280x720_60f	svtav1	svtav1_20190822_bb6f8f3	60	43	803904.0	803.904	42.20683333333332	47.179	48.09266666666666	42.182481	47.175798	48.089878	94.454372	1928688.0	32.1448	1280	720	60.0	8	13f88c1909c4b3545bccee7ad20104d3	7db07bce9ebbdc4c244e893c67d35f1b	1280	720	5162.0	3.0	2401.0	2928.0	False
KristenAndSara_1280x720_60f	KristenAndSara_1280x720_60f	svtav1	svtav1_20190822_bb6f8f3	60	55	409232.0	409.232	40.225333333333346	45.40166666666667	46.53683333333333	40.204374	45.399493	46.534958	91.05432	4641540.0	77.359	1280	720	60.0	8	77beef8ff94ceab79a65ee72bc6ef9a0	853c29173e1f56da346bbd39120cadca	1280	720	4194.0	4.0	1905.0	2498.0	False
KristenAndSara_1280x720_60f	KristenAndSara_1280x720_60f	svtav1	svtav1_20190822_bb6f8f3	60	63	195304.0	195.304	37.024499999999996	42.896000000000036	43.855000000000025	37.016306	42.894337	43.854059	82.187351	2172943.0	36.215716666666665	1280	720	60.0	8	7acba40030c2212700b7c7ea20951fbd	b625ec593d4ded8b23ef47cc0626a5be	1280	720	4455.0	16.0	2730.0	3237.0	False
aspen_1080p_60f	aspen_1080p_60f	svtav1	svtav1_20190822_bb6f8f3	60	20	11609910.0	11609.91	44.49933333333333	48.42066666666666	49.608500000000014	44.373325	48.37101599999999	49.572715	98.297116	12589074.0	209.8179	1920	1080	29.97	8	131d3be25234027c68151fe62e67ec3e	10a62ce615d281a01e7cb3663ed4095c	1920	1080	12670.0	6.0	13449.0	5377.0	False
aspen_1080p_60f	aspen_1080p_60f	svtav1	svtav1_20190822_bb6f8f3	60	32	3887506.0	3887.506	42.541500000000006	47.41666666666668	48.62833333333333	42.457054	47.397005	48.61358	94.763313	13681958.0	228.03263333333334	1920	1080	29.97	8	e66fa4ce1c331313a986d91ceb44c7e2	aac96d470d58b7f2a96d63275b6c5232	1920	1080	11044.0	8.0	11292.0	6877.0	False
aspen_1080p_60f	aspen_1080p_60f	svtav1	svtav1_20190822_bb6f8f3	60	43	1547708.0	1547.708	41.108999999999995	46.25350000000001	47.4175	41.055457	46.240957	47.407133	90.099306	8227648.0	137.12746666666666	1920	1080	29.97	8	352bcd7e3a1d7e39c146b2e0503e6549	06051d6c80d6c55b102ad1e110b27daf	1920	1080	27239.0	3.0	7791.0	5382.0	False
aspen_1080p_60f	aspen_1080p_60f	svtav1	svtav1_20190822_bb6f8f3	60	55	680974.0	680.974	39.32733333333333	44.668000000000006	45.68916666666667	39.270811	44.653462	45.680284	82.115533	12008810.0	200.14683333333332	1920	1080	29.97	8	a5b09de6e8e1ed5c68ab4c2fbe253750	c53b8be93ad00fe52d5b1eba295ad9ad	1920	1080	8220.0	6.0	7425.0	5731.0	False
aspen_1080p_60f	aspen_1080p_60f	svtav1	svtav1_20190822_bb6f8f3	60	63	290942.0	290.942	36.539999999999985	42.26383333333334	42.980500000000006	36.479449	42.252092	42.973597	66.622223	3269710.0	54.49516666666667	1920	1080	29.97	8	6e68bf2312cf697f6f94a2f7b10866bd	15fb850ce8433f26097544cc201254c4	1920	1080	6825.0	6.0	6327.0	6269.0	False
dark720p_60f	dark720p_60f	svtav1	svtav1_20190822_bb6f8f3	60	20	8659412.0	8659.412	46.57616666666667	44.401166666666654	45.92066666666666	46.424166	44.090506	45.626852	96.475641	4611293.0	76.85488333333333	1280	720	30.0	8	f322842a3d312762e759d43c25eeffd6	ab1330245bb7707fb7c975dfa555f4a7	1280	720	4034.0	3.0	9016.0	2381.0	False
dark720p_60f	dark720p_60f	svtav1	svtav1_20190822_bb6f8f3	60	32	2530400.0	2530.4	43.86633333333332	39.69416666666667	42.305166666666665	43.776836	39.47147499999999	42.185845	93.577997	12758099.0	212.63498333333334	1280	720	30.0	8	6279d511fc9e9ba567f6366051278239	3e4b50f8d3f5302148c03c90aed02afd	1280	720	8728.0	19.0	14124.0	3887.0	False
dark720p_60f	dark720p_60f	svtav1	svtav1_20190822_bb6f8f3	60	43	519172.0	519.172	42.40233333333332	37.1865	41.02766666666667	42.370764	37.123595	41.014164	90.814466	9087822.0	151.4637	1280	720	30.0	8	dd92667357f6c9e0d9ed7d6f9e1437ea	c9e4230ebb3e61452c10c488eb661542	1280	720	3261.0	4.0	4658.0	2972.0	False
dark720p_60f	dark720p_60f	svtav1	svtav1_20190822_bb6f8f3	60	55	167700.0	167.7	41.09583333333333	36.44049999999999	40.185500000000005	41.07909200000001	36.430905	40.176683	87.133649	5477478.0	91.2913	1280	720	30.0	8	b2143e76ae44f9e028aec2bcde859484	77ec52ad303c12e48eb2af5724d3fd76	1280	720	4192.0	24.0	4914.0	4771.0	False
dark720p_60f	dark720p_60f	svtav1	svtav1_20190822_bb6f8f3	60	63	73348.0	73.348	38.742333333333335	35.38450000000001	38.71816666666666	38.731287	35.381562	38.70994699999999	78.46031	8048254.0	134.13756666666666	1280	720	30.0	8	046035f7ad7d8c892bfc79e24fcf5e6b	689f435cd5f9441f76c4f7e82a3a13de	1280	720	4120.0	19.0	3671.0	3019.0	False
Netflix_Crosswalk_1920x1080_60fp	Netflix_Crosswalk_1920x1080_60fp	svtav1	svtav1_20190822_bb6f8f3	60	20	12369504.0	12369.503999999999	45.91616666666666	48.6345	50.49266666666666	45.871277	48.613486	50.478909	99.505044	9603195.0	160.05325	1920	1080	60.0	8	899fa3a7579aa4566e25ead86c38a912	a7fbcbc264ef63683787e4ee72409659	1920	1080	8456.0	14.0	16780.0	6812.0	False
Netflix_Crosswalk_1920x1080_60fp	Netflix_Crosswalk_1920x1080_60fp	svtav1	svtav1_20190822_bb6f8f3	60	32	5571736.0	5571.736	44.76549999999998	47.984166666666674	49.805833333333325	44.723055	47.973928	49.795383	96.870877	15137876.0	252.29793333333333	1920	1080	60.0	8	ce8db6531e38136a3bf5d9e03ded586a	1e69d83f5ea92c45e572ba1d66cca1c3	1920	1080	10559.0	20.0	17904.0	10372.0	False
Netflix_Crosswalk_1920x1080_60fp	Netflix_Crosswalk_1920x1080_60fp	svtav1	svtav1_20190822_bb6f8f3	60	43	2755168.0	2755.168	43.135833333333345	47.05733333333333	48.845166666666664	43.054289	47.043203	48.829649	91.497503	14095316.0	234.92193333333333	1920	1080	60.0	8	24035292e87efaa9231299828b0759cb	414c727975d87b1170ab6c245a45b4b2	1920	1080	9288.0	24.0	18154.0	6835.0	False
Netflix_Crosswalk_1920x1080_60fp	Netflix_Crosswalk_1920x1080_60fp	svtav1	svtav1_20190822_bb6f8f3	60	55	1404776.0	1404.776	40.954666666666654	45.794166666666655	47.50149999999999	40.81305	45.769218	47.473499	81.91156100000002	5746590.0	95.7765	1920	1080	60.0	8	695ec11a084ac0a9e928044ffc3b0fe1	5521cd0b4f53165bef0f120368ee3745	1920	1080	6544.0	3.0	9789.0	6153.0	False
Netflix_Crosswalk_1920x1080_60fp	Netflix_Crosswalk_1920x1080_60fp	svtav1	svtav1_20190822_bb6f8f3	60	63	666952.0	666.952	38.03683333333333	43.988833333333325	45.58433333333335	37.878391	43.968434	45.556162	65.47966	12575778.0	209.5963	1920	1080	60.0	8	87b20047d0ff7e1e22120e1447ce232e	53775b5141a48a4a1b00e8e7e9eee854	1920	1080	7160.0	10.0	8384.0	7033.0	False
shields_640x360_60f	shields_640x360_60f	svtav1	svtav1_20190822_bb6f8f3	60	20	2845313.0	2845.313	42.531666666666666	45.75616666666667	47.431333333333335	42.373168	45.717525	47.360816	99.455392	2880817.0	48.013616666666664	640	360	50.0	8	f55d50932d89aa847153898fc690648b	04110607e047d86e3fe95e8ae7416b20	640	360	2394.0	11.0	2291.0	1177.0	False
shields_640x360_60f	shields_640x360_60f	svtav1	svtav1_20190822_bb6f8f3	60	32	1388060.0	1388.06	40.65266666666668	43.98833333333334	45.53133333333333	40.445346	43.95233700000001	45.428411	99.434123	1509192.0	25.1532	640	360	50.0	8	f0aa9d02a7777c2aca869387122ee666	b9c19e7fc645768a6ba05c47023c574f	640	360	1767.0	2.0	981.0	567.0	False
shields_640x360_60f	shields_640x360_60f	svtav1	svtav1_20190822_bb6f8f3	60	43	719086.0	719.086	38.15	41.3555	43.03483333333334	37.880501	41.276509	42.874894	99.387478	2805324.0	46.7554	640	360	50.0	8	cb375bbef1ca541ae382f37cdf615d09	47c28b4890005e265e9032342d7206d4	640	360	2535.0	5.0	868.0	664.0	False
shields_640x360_60f	shields_640x360_60f	svtav1	svtav1_20190822_bb6f8f3	60	55	398246.0	398.246	35.31166666666666	38.81250000000001	40.74900000000001	34.96976	38.669845	40.519433	97.118269	1487565.0	24.79275	640	360	50.0	8	82de75f256ab6eb4ce9302f4a2e9590b	0f4a0aee48dbadcaf4ee32a30384caba	640	360	5437.0	17.0	2532.0	1168.0	False
shields_640x360_60f	shields_640x360_60f	svtav1	svtav1_20190822_bb6f8f3	60	63	187026.0	187.026	31.1975	35.98100000000001	37.839666666666666	30.754051	35.756196	37.583582	85.704643	986551.0	16.442516666666666	640	360	50.0	8	dd7e08411317a8cb38ef008fb66bae92	d193c54a67dc7aae1c730a8b60af7580	640	360	2966.0	14.0	1102.0	1128.0	False
speed_bag_640x360_60f	speed_bag_640x360_60f	svtav1	svtav1_20190822_bb6f8f3	60	20	576276.0	576.276	47.23383333333334	50.03499999999998	51.38233333333333	47.146377	49.982413	51.324375	98.324957	1062948.0	17.7158	640	360	29.97	8	d9ea04debedb07b759e1b93217448a04	9b1fa11c8567f6b15465709ec716645f	640	360	1872.0	20.0	1294.0	1004.0	False
speed_bag_640x360_60f	speed_bag_640x360_60f	svtav1	svtav1_20190822_bb6f8f3	60	32	296845.0	296.845	45.28100000000001	48.52783333333335	50.10716666666666	45.16925	48.460913	50.030718	97.432159	3445382.0	57.423033333333336	640	360	29.97	8	ec314aaf1e2cd515609ce4e20f28e04c	a90be70245fa01a6f56f81d50a7fc6ce	640	360	1782.0	8.0	1415.0	700.0	False
speed_bag_640x360_60f	speed_bag_640x360_60f	svtav1	svtav1_20190822_bb6f8f3	60	43	160779.0	160.779	42.95766666666665	46.586499999999994	48.43683333333333	42.796964	46.512366	48.3239	94.934955	918330.0	15.3055	640	360	29.97	8	6e19b1feb4e8ba48c431ca6b6ae10c4f	92f2cb869071932ba905c8293990f054	640	360	1014.0	3.0	899.0	547.0	False
speed_bag_640x360_60f	speed_bag_640x360_60f	svtav1	svtav1_20190822_bb6f8f3	60	55	88780.0	88.78	40.11466666666668	44.11533333333332	46.53166666666667	39.887471	44.025004	46.349122	87.728618	685499.0	11.424983333333333	640	360	29.97	8	7c68ba85a09955c4a57ef565c12a0c90	16dbf4125a34772642b64cef61a5ce1d	640	360	1807.0	12.0	851.0	589.0	False
speed_bag_640x360_60f	speed_bag_640x360_60f	svtav1	svtav1_20190822_bb6f8f3	60	63	48118.0	48.118	36.7615	41.54483333333333	44.285500000000006	36.484941	41.450523	44.068935	73.318591	1586577.0	26.44295	640	360	29.97	8	d71a43981735b3d57918a7e0598e88c1	ec4466e2a1e07ea00a60d7e442c3744c	640	360	1436.0	4.0	629.0	612.0	False
Netflix_RollerCoaster_1280x720_6	Netflix_RollerCoaster_1280x720_6	svtav1	svtav1_20190822_bb6f8f3	60	20	10483440.0	10483.44	45.396833333333326	47.25866666666666	47.26850000000001	45.341037	47.23299	47.24428	99.948421	4202804.0	70.04673333333334	1280	720	60.0	8	87f687327880c0e4d83968ee5c126a16	2439e3d8f86d1b20912651a80a070d79	1280	720	5908.0	23.0	6649.0	3247.0	False
Netflix_RollerCoaster_1280x720_6	Netflix_RollerCoaster_1280x720_6	svtav1	svtav1_20190822_bb6f8f3	60	32	5185736.0	5185.736	43.14816666666665	45.67750000000001	46.014833333333335	43.07828299999999	45.653547	46.00244	99.904043	3601240.0	60.02066666666666	1280	720	60.0	8	6daef884fc48a83d242248cd110aff53	a1894eb43c76404149571cd59787cbf0	1280	720	5486.0	12.0	5694.0	2477.0	False
Netflix_RollerCoaster_1280x720_6	Netflix_RollerCoaster_1280x720_6	svtav1	svtav1_20190822_bb6f8f3	60	43	2591376.0	2591.3759999999997	40.56816666666667	43.58183333333333	44.28233333333334	40.492956	43.554918	44.272117	98.199825	9307804.0	155.13006666666666	1280	720	60.0	8	b394ab1b79e885d2bfc16f52f6df7f78	8ad1a3a69d7849e9a423858e99c40f2c	1280	720	7000.0	20.0	10708.0	4880.0	False
Netflix_RollerCoaster_1280x720_6	Netflix_RollerCoaster_1280x720_6	svtav1	svtav1_20190822_bb6f8f3	60	55	1342456.0	1342.456	37.88316666666666	41.39549999999999	42.59849999999999	37.812638	41.364747	42.586957	91.672962	2817252.0	46.9542	1280	720	60.0	8	da73af8a9c0abdd03851053c307a497b	94c61202ae996c20ba40e7878b28a046	1280	720	8441.0	6.0	4746.0	3195.0	False
Netflix_RollerCoaster_1280x720_6	Netflix_RollerCoaster_1280x720_6	svtav1	svtav1_20190822_bb6f8f3	60	63	623832.0	623.832	34.40583333333334	38.53483333333335	40.32666666666667	34.335167	38.509392	40.316571	76.364563	2112994.0	35.216566666666665	1280	720	60.0	8	439daac7d8ff356945984710d854d5be	db1672e18845a189fad68c4de5af1335	1280	720	4115.0	16.0	3224.0	2612.0	False
Netflix_FoodMarket_1920x1080_60f	Netflix_FoodMarket_1920x1080_60f	svtav1	svtav1_20190822_bb6f8f3	60	20	33823040.0	33823.04	41.48933333333333	45.17983333333332	45.86566666666668	41.407891	45.144944	45.843408	99.42344	15635186.0	260.58643333333333	1920	1080	60.0	8	a2e58c292d51fce4527ce3c996b9ba76	d2395cb429612124823610188195d5cd	1920	1080	11378.0	4.0	16644.0	5834.0	False
Netflix_FoodMarket_1920x1080_60f	Netflix_FoodMarket_1920x1080_60f	svtav1	svtav1_20190822_bb6f8f3	60	32	10004312.0	10004.312	40.03916666666667	44.365833333333335	45.22633333333333	40.010435	44.353832	45.222471	96.607528	14133320.0	235.55533333333332	1920	1080	60.0	8	c5f16c7a6f6e8d8cb718c2479ae198e9	4a2f52d768394b9818eed539df6b8736	1920	1080	13096.0	20.0	12151.0	7093.0	False
Netflix_FoodMarket_1920x1080_60f	Netflix_FoodMarket_1920x1080_60f	svtav1	svtav1_20190822_bb6f8f3	60	43	4365792.0	4365.792	38.794999999999995	43.46433333333333	44.45733333333333	38.770081	43.454103	44.451868	92.424006	9323082.0	155.3847	1920	1080	60.0	8	5bfd0b848b96db531e3d7f8b291578e7	b7268458c5ad0d75f44f4607fb708f63	1920	1080	8114.0	4.0	15895.0	10120.0	False
Netflix_FoodMarket_1920x1080_60f	Netflix_FoodMarket_1920x1080_60f	svtav1	svtav1_20190822_bb6f8f3	60	55	2127928.0	2127.928	37.04233333333333	42.37666666666666	43.45233333333335	37.000125	42.360258	43.438547	83.881139	6849469.0	114.15781666666666	1920	1080	60.0	8	1c65d9d535a70df56d540def27ef48b8	eaf9c0d9ab1035b921067a83df3fd429	1920	1080	12592.0	14.0	8635.0	6432.0	False
Netflix_FoodMarket_1920x1080_60f	Netflix_FoodMarket_1920x1080_60f	svtav1	svtav1_20190822_bb6f8f3	60	63	943072.0	943.072	34.58083333333334	40.90083333333334	41.899833333333326	34.532186	40.883474	41.868894	67.561856	3325073.0	55.417883333333336	1920	1080	60.0	8	87a7e8813de020ca4fad5873471e2333	87ef820986085aa3bde9468766b6e559	1920	1080	9759.0	3.0	7188.0	7351.0	False
Cosmos1_1920x856_BT2100_PQ_24fps	Cosmos1_1920x856_BT2100_PQ_24fps	svtav1	svtav1_20190822_bb6f8f3	60	20	28882358.0	28882.358	42.87399999999999	45.56250000000001	47.748500000000014	42.612283	45.397799	45.102089	99.510335	6890288.0	114.83813333333333	1920	856	24.0	10	52ef9a61a84795a044b8b96df4fd7a89	eeb824aa7207e7df7962051f90ba3543	1920	856	16665.0	24.0	42268.0	5770.0	True
Cosmos1_1920x856_BT2100_PQ_24fps	Cosmos1_1920x856_BT2100_PQ_24fps	svtav1	svtav1_20190822_bb6f8f3	60	32	12577350.0	12577.35	38.93183333333332	43.45783333333334	46.076	38.650173	43.376951	44.171111	95.768644	1735619.0	28.926983333333332	1920	856	24.0	10	705a44682175fed1d891eb3d7fc2af56	59d2eb5291cbc06d9edc275f148dbd43	1920	856	11278.0	3.0	14433.0	4333.0	True
Cosmos1_1920x856_BT2100_PQ_24fps	Cosmos1_1920x856_BT2100_PQ_24fps	svtav1	svtav1_20190822_bb6f8f3	60	55	1942025.0	1942.025	33.21200000000001	40.158833333333334	42.741	33.091597	40.123645	41.830541	68.826084	2730093.0	45.50155	1920	856	24.0	10	c4fbd02f35d947aa0ec0eaa479a958a7	2423dd0f656d90754e762a6e76fe28de	1920	856	13440.0	10.0	13646.0	6518.0	True
Cosmos1_1920x856_BT2100_PQ_24fps	Cosmos1_1920x856_BT2100_PQ_24fps	svtav1	svtav1_20190822_bb6f8f3	60	63	663686.0	663.686	30.400833333333324	38.407000000000004	41.097833333333334	30.308802	38.380338	40.490965	44.36869	2694284.0	44.90473333333333	1920	856	24.0	10	2a596de7d2eb86e746ce589cd04c56e4	2b05be0a6ec319487ec64067833dfde6	1920	856	27290.0	13.0	12850.0	7189.0	True
Netflix_TunnelFlag_1920x1080_60f	Netflix_TunnelFlag_1920x1080_60f	svtav1	svtav1_20190822_bb6f8f3	60	20	33800096.0	33800.096	43.21166666666667	47.421833333333346	48.87966666666668	43.152126	47.39804	48.869132	99.948848	8979756.0	149.6626	1920	1080	60.0	8	1ea1255fff97507c42b661849e00b1ec	1e41cdd25a019c44585284453a6551d2	1920	1080	10134.0	13.0	18458.0	6166.0	False
Netflix_TunnelFlag_1920x1080_60f	Netflix_TunnelFlag_1920x1080_60f	svtav1	svtav1_20190822_bb6f8f3	60	32	17330080.0	17330.08	41.07299999999999	46.14649999999998	47.79099999999999	41.011667	46.131511	47.78329	99.926689	8598487.0	143.30811666666668	1920	1080	60.0	8	afe0e23f44cf250df01ee885eb7e22ad	d3d7c63770128fa081ac5a984e44504c	1920	1080	14608.0	10.0	15079.0	7070.0	False
Netflix_TunnelFlag_1920x1080_60f	Netflix_TunnelFlag_1920x1080_60f	svtav1	svtav1_20190822_bb6f8f3	60	43	8708120.0	8708.12	38.598333333333336	44.30583333333334	46.21899999999999	38.528219	44.287863	46.210719	99.888778	14441700.0	240.695	1920	1080	60.0	8	7eb85183707bbc479d8d4faf06795ecf	9fae2ee50cc7a1c9cd49823971357aa4	1920	1080	19040.0	17.0	22128.0	9445.0	False
Netflix_TunnelFlag_1920x1080_60f	Netflix_TunnelFlag_1920x1080_60f	svtav1	svtav1_20190822_bb6f8f3	60	55	4548304.0	4548.304	36.062999999999995	42.16933333333335	44.259666666666654	35.981349	42.145788	44.242927	99.812631	3346643.0	55.77738333333333	1920	1080	60.0	8	4e0785ba79ed864482225c62bb16f82d	8880ff0a780c1768dbee6589d26245f1	1920	1080	8644.0	3.0	9975.0	5895.0	False
Netflix_TunnelFlag_1920x1080_60f	Netflix_TunnelFlag_1920x1080_60f	svtav1	svtav1_20190822_bb6f8f3	60	63	2304992.0	2304.992	33.06750000000001	39.32716666666667	41.218666666666664	32.997313	39.31154	41.206517	98.361567	11392062.0	189.8677	1920	1080	60.0	8	e03c62a84a970817e122c8ea2fabba37	bdb882f6c2b1690252bdfc3c385d8b9e	1920	1080	17241.0	9.0	9493.0	7007.0	False
touchdown_pass_1080p_60f	touchdown_pass_1080p_60f	svtav1	svtav1_20190822_bb6f8f3	60	20	26362349.0	26362.349	41.359	48.34950000000002	48.4915	41.16307	48.315813	48.45864199999999	96.516801	15518884.0	258.6480666666667	1920	1080	29.97	8	1f12802a398620726e4eac560f277d15	84ab02ed5dbcb294daaf8d259b8c03dd	1920	1080	17239.0	18.0	20456.0	6048.0	False
touchdown_pass_1080p_60f	touchdown_pass_1080p_60f	svtav1	svtav1_20190822_bb6f8f3	60	32	6824103.0	6824.103	38.93133333333334	47.470333333333315	47.594500000000004	38.85086	47.461791	47.587204	93.939054	8725995.0	145.43325	1920	1080	29.97	8	740369fa749b072909b803ed13c89fc4	ce55ee9a9152778fa857aa60117c60ab	1920	1080	10762.0	3.0	13350.0	6326.0	False
touchdown_pass_1080p_60f	touchdown_pass_1080p_60f	svtav1	svtav1_20190822_bb6f8f3	60	43	2436664.0	2436.664	37.43366666666667	46.44350000000001	46.50350000000001	37.400113	46.437029	46.496222	90.46396	11129007.0	185.48345	1920	1080	29.97	8	d55e0f697543c10c0cb6122a18841af3	9be36fabbdd417080cc9c61b56059cfd	1920	1080	9158.0	8.0	11236.0	6882.0	False
touchdown_pass_1080p_60f	touchdown_pass_1080p_60f	svtav1	svtav1_20190822_bb6f8f3	60	55	1132409.0	1132.409	35.592499999999994	45.2695	45.288666666666664	35.546794	45.260267	45.27740099999999	83.550131	8111646.0	135.1941	1920	1080	29.97	8	e8b8cc495ef79193d0467ed6dcdfc52a	c0ab7c003a1871507d3c52ed7a0c1836	1920	1080	20208.0	3.0	7744.0	6020.0	False
touchdown_pass_1080p_60f	touchdown_pass_1080p_60f	svtav1	svtav1_20190822_bb6f8f3	60	63	466496.0	466.496	32.85233333333335	43.586000000000006	43.654500000000006	32.802008	43.574876	43.640253	66.714484	10659148.0	177.65246666666667	1920	1080	29.97	8	c72b379ac9e3c76b8468deedf4c45bef	604e2291a40e2b570b78a5e9686f63b4	1920	1080	10116.0	4.0	6309.0	6311.0	False
vidyo4_720p_60fps_60f	vidyo4_720p_60fps_60f	svtav1	svtav1_20190822_bb6f8f3	60	20	7031072.0	7031.072	44.638999999999996	50.05366666666667	50.33349999999999	44.516881	50.038237	50.319387	97.820393	11674920.0	194.582	1280	720	60.0	8	9a94d1c8436d4da3ffcef3d115e1468e	c45ac622129084b483aebbf8aedead76	1280	720	7991.0	6.0	4014.0	2476.0	False
vidyo4_720p_60fps_60f	vidyo4_720p_60fps_60f	svtav1	svtav1_20190822_bb6f8f3	60	32	2298896.0	2298.896	42.89683333333333	49.301833333333335	49.57533333333331	42.826055	49.2954	49.568643	96.447162	2765308.0	46.08846666666667	1280	720	60.0	8	ee93c96ea15948153091a5142a63cacd	62d257cca59394ab8e6b94fa3f64abdb	1280	720	4208.0	13.0	5556.0	2752.0	False
vidyo4_720p_60fps_60f	vidyo4_720p_60fps_60f	svtav1	svtav1_20190822_bb6f8f3	60	43	1020832.0	1020.832	41.33883333333334	48.34683333333334	48.545666666666655	41.287413	48.340629	48.537782	94.112871	3810556.0	63.50926666666667	1280	720	60.0	8	8c3b94e6cacf85328e78a0092f87b607	a8246ad19e58c97f9dfeb797a2e290a0	1280	720	3719.0	3.0	2657.0	2599.0	False
vidyo4_720p_60fps_60f	vidyo4_720p_60fps_60f	svtav1	svtav1_20190822_bb6f8f3	60	55	506792.0	506.792	39.35383333333334	46.92066666666666	47.05050000000001	39.30227	46.912932	47.042209	89.649296	3987313.0	66.45521666666667	1280	720	60.0	8	cb79e21d3727d4d2e2e7054e93218e58	0cb61c3f38281748aa445ea2a85d8134	1280	720	3400.0	3.0	2195.0	2424.0	False
vidyo4_720p_60fps_60f	vidyo4_720p_60fps_60f	svtav1	svtav1_20190822_bb6f8f3	60	63	237624.0	237.624	36.355999999999995	44.57266666666668	44.546499999999995	36.316268	44.567618	44.538248	78.410949	1859896.0	30.998266666666666	1280	720	60.0	8	8efd017f3d6a29d27ec6ce3fe064617e	5940aec83699ca4317b7f7189914efc7	1280	720	4132.0	11.0	2548.0	3610.0	False
STARCRAFT_60f_420	STARCRAFT_60f_420	svtav1	svtav1_20190822_bb6f8f3	60	20	8566528.0	8566.528	50.654	53.67333333333333	53.62933333333334	50.614552	53.658436	53.616047	97.669699	11480612.0	191.34353333333334	1920	1080	60.0	8	8bc895797d666f160f8421f6698e9f5a	d454f8cabd093274b7858bcbe97eeea7	1920	1080	16824.0	25.0	3422.0	8239.0	False
STARCRAFT_60f_420	STARCRAFT_60f_420	svtav1	svtav1_20190822_bb6f8f3	60	32	5165248.0	5165.2480000000005	47.987833333333334	51.93199999999999	52.013166666666656	47.95468	51.91316	52.001855	97.090566	7946874.0	132.4479	1920	1080	60.0	8	b64584f432577c8749856e789b76a5c3	a35ee7d2968c0d06c8eb80711ea7da90	1920	1080	8855.0	5.0	1874.0	6634.0	False
STARCRAFT_60f_420	STARCRAFT_60f_420	svtav1	svtav1_20190822_bb6f8f3	60	43	3002392.0	3002.392	44.624833333333335	49.48300000000002	49.6675	44.592843	49.462028	49.656986	95.827596	3661344.0	61.0224	1920	1080	60.0	8	75fded201c34c56337d6f3db4faa7bde	cf649f246ecaef01590cbf3168286887	1920	1080	12480.0	20.0	3545.0	7267.0	False
STARCRAFT_60f_420	STARCRAFT_60f_420	svtav1	svtav1_20190822_bb6f8f3	60	55	1542784.0	1542.784	40.536333333333346	46.34466666666666	46.54866666666666	40.512786	46.328612	46.539476	92.735009	9131748.0	152.1958	1920	1080	60.0	8	e26e83aa31dc3f9703b20fb5da4138ca	03b3136075883c5d65ba8d230b32b9d8	1920	1080	16527.0	13.0	2118.0	8243.0	False
STARCRAFT_60f_420	STARCRAFT_60f_420	svtav1	svtav1_20190822_bb6f8f3	60	63	616904.0	616.904	35.380166666666675	42.3575	42.54899999999999	35.373826	42.352536	42.546297	82.377782	3522366.0	58.7061	1920	1080	60.0	8	4ee996a6bc34166f69373d3f417a02c7	9a0cbc5c512f74e8220647f546eed6f0	1920	1080	20112.0	11.0	2077.0	7436.0	False
Netflix_DrivingPOV_1280x720_60fp	Netflix_DrivingPOV_1280x720_60fp	svtav1	svtav1_20190822_bb6f8f3	60	20	13637128.0	13637.128	43.22516666666668	46.74733333333334	45.397499999999994	43.137185	46.720185	45.36472	99.689676	2447167.0	40.786116666666665	1280	720	60.0	8	e9e356aae7be16bc192830765a2b9f51	b17591e951c824d96463ea5f0c5d3165	1280	720	4432.0	3.0	5381.0	2351.0	False
Netflix_DrivingPOV_1280x720_60fp	Netflix_DrivingPOV_1280x720_60fp	svtav1	svtav1_20190822_bb6f8f3	60	32	6519200.0	6519.2	40.92616666666667	45.582333333333324	44.48116666666669	40.859368	45.571204	44.474435	98.8096	5936291.0	98.93818333333333	1280	720	60.0	8	ae01d98e42b58eb6cb51f84df9340558	6f11d3631696d53d1864bf4c558eb179	1280	720	5080.0	6.0	4736.0	2528.0	False
Netflix_DrivingPOV_1280x720_60fp	Netflix_DrivingPOV_1280x720_60fp	svtav1	svtav1_20190822_bb6f8f3	60	43	3193656.0	3193.656	38.36533333333333	43.84416666666668	43.26949999999998	38.31025	43.838014	43.265726	96.661869	7119490.0	118.65816666666667	1280	720	60.0	8	495de97aec970f3f8530555da9d9638d	3d041835673a7db3ffc6b0ca35294123	1280	720	7550.0	4.0	4243.0	2589.0	False
Netflix_DrivingPOV_1280x720_60fp	Netflix_DrivingPOV_1280x720_60fp	svtav1	svtav1_20190822_bb6f8f3	60	55	1583312.0	1583.3120000000001	35.719666666666676	41.91566666666666	42.01749999999999	35.664003	41.909611	42.013793	92.183745	5537339.0	92.28898333333333	1280	720	60.0	8	392f126c580f9840e668ccb0ca0418c3	70916cdc72994cb0c3b525091294811d	1280	720	5876.0	23.0	7671.0	4984.0	False
Netflix_DrivingPOV_1280x720_60fp	Netflix_DrivingPOV_1280x720_60fp	svtav1	svtav1_20190822_bb6f8f3	60	63	696952.0	696.952	32.45716666666666	39.43766666666666	40.2675	32.424143	39.433193	40.26394	81.715036	4407228.0	73.4538	1280	720	60.0	8	e814232db19bd55af177e20871ce7e4f	06d7bcac0dd79f544a12d339c25fa698	1280	720	8508.0	10.0	7364.0	4830.0	False
Netflix_Boat_1920x1080_60fps_8bi	Netflix_Boat_1920x1080_60fps_8bi	svtav1	svtav1_20190822_bb6f8f3	60	20	33664328.0	33664.328	44.06000000000001	46.397666666666666	48.14499999999998	43.973856	46.358622	48.127159	99.952131	5858624.0	97.64373333333333	1920	1080	60.0	8	634cf4195aefc9ae71b72d7fbbc3b6f8	48aff7ede3d15c83bf292141ecf8ce80	1920	1080	12361.0	7.0	11513.0	6506.0	False
Netflix_Boat_1920x1080_60fps_8bi	Netflix_Boat_1920x1080_60fps_8bi	svtav1	svtav1_20190822_bb6f8f3	60	32	18187752.0	18187.752	41.425999999999995	44.57799999999999	45.93049999999999	41.348091	44.560784	45.922456	99.700586	6133751.0	102.22918333333334	1920	1080	60.0	8	52bba84901d3d7f2d705032ab564fe1e	3cc031c3adf246584640faa5bc39949e	1920	1080	9773.0	14.0	19352.0	9559.0	False
Netflix_Boat_1920x1080_60fps_8bi	Netflix_Boat_1920x1080_60fps_8bi	svtav1	svtav1_20190822_bb6f8f3	60	43	9750728.0	9750.728	38.26116666666667	42.599000000000004	43.64233333333334	38.178422	42.584409	43.638951	96.23518399999999	2986801.0	49.78001666666667	1920	1080	60.0	8	d15bacf606292a2deed1118de8814b39	d95dfd2d914d6cc0efe75fb12997e8b8	1920	1080	9689.0	3.0	8685.0	5908.0	False
Netflix_Boat_1920x1080_60fps_8bi	Netflix_Boat_1920x1080_60fps_8bi	svtav1	svtav1_20190822_bb6f8f3	60	55	5138136.0	5138.136	34.82550000000002	40.785166666666676	41.53083333333334	34.732759	40.773588	41.528666	89.058306	8394229.0	139.90381666666667	1920	1080	60.0	8	3f6d002d62be5ac963d6b645ba234ec8	f6b9a2a68bcc8b6a9f8c10026eabfac9	1920	1080	11083.0	3.0	7943.0	8746.0	False
Netflix_Boat_1920x1080_60fps_8bi	Netflix_Boat_1920x1080_60fps_8bi	svtav1	svtav1_20190822_bb6f8f3	60	63	2374808.0	2374.808	31.06416666666667	38.47816666666668	39.16033333333334	31.007867	38.475626	39.159441	75.10811399999999	4033600.0	67.22666666666667	1920	1080	60.0	8	e2ec3dcc986d1514a97cc91f290e2bf4	58fb3a926c6b25acb2a861ba71df85f5	1920	1080	14798.0	24.0	9636.0	7106.0	False
Netflix_PierSeaside_1920x1080_60	Netflix_PierSeaside_1920x1080_60	svtav1	svtav1_20190822_bb6f8f3	60	20	12378552.0	12378.552	45.835166666666645	47.65150000000002	45.7415	45.753022	47.600688	45.661532	99.921212	10943163.0	182.38605	1920	1080	60.0	8	3a4036b65abcf488dfa865623a0e54a0	6a597a25f735b413798949b883fc7b24	1920	1080	14260.0	14.0	9228.0	5683.0	False
Netflix_PierSeaside_1920x1080_60	Netflix_PierSeaside_1920x1080_60	svtav1	svtav1_20190822_bb6f8f3	60	32	4806240.0	4806.24	44.151500000000006	46.73550000000001	44.91999999999998	44.07733700000001	46.713502	44.88983799999999	99.501579	9512785.0	158.54641666666666	1920	1080	60.0	8	afebb50884bf3e3aeb04a8d2a9f90778	4ad5fc021380ed00a86fdbc60bcd77bf	1920	1080	18146.0	3.0	7113.0	5355.0	False
Netflix_PierSeaside_1920x1080_60	Netflix_PierSeaside_1920x1080_60	svtav1	svtav1_20190822_bb6f8f3	60	43	2104944.0	2104.944	42.28466666666666	45.654666666666664	44.09616666666667	42.204175	45.640678	44.081004	97.701589	7745792.0	129.09653333333333	1920	1080	60.0	8	eb0447de1db7ef2d1f28d03f214a1801	e752ef530f920effc00ed126a5e2fa80	1920	1080	11384.0	18.0	9938.0	8864.0	False
Netflix_PierSeaside_1920x1080_60	Netflix_PierSeaside_1920x1080_60	svtav1	svtav1_20190822_bb6f8f3	60	55	926344.0	926.3439999999999	39.901666666666664	43.90950000000001	42.87283333333335	39.8376	43.902154	42.865753	93.691087	10215133.0	170.25221666666667	1920	1080	60.0	8	db6b453c4acf8ba994ef80d29aafe611	fa1785b2a2e9c3cf8b3a944498f7b3e6	1920	1080	7802.0	2.0	5017.0	5552.0	False
Netflix_PierSeaside_1920x1080_60	Netflix_PierSeaside_1920x1080_60	svtav1	svtav1_20190822_bb6f8f3	60	63	352776.0	352.776	36.358	41.045999999999985	40.53333333333334	36.338598	41.04404	40.532106	82.111958	5660637.0	94.34395	1920	1080	60.0	8	80f3351f29091150df377391470e0fa7	992d41491bbba313d7a67b197503c4df	1920	1080	11323.0	4.0	4165.0	5094.0	False
DOTA2_60f_420	DOTA2_60f_420	svtav1	svtav1_20190822_bb6f8f3	60	20	19816872.0	19816.872	45.956666666666656	49.791333333333334	49.84699999999998	45.835289	49.719617	49.795153	97.648668	9163336.0	152.72226666666666	1920	1080	60.0	8	64d2fdbd20dda3f9ce3edaeb5b75fd5a	1fc8f024bdb62f0f147b6917b365eaa6	1920	1080	11088.0	14.0	7729.0	8663.0	False
DOTA2_60f_420	DOTA2_60f_420	svtav1	svtav1_20190822_bb6f8f3	60	32	9934520.0	9934.52	43.63816666666665	47.77666666666666	47.98050000000001	43.526033	47.686706	47.931835	96.023893	5346032.0	89.10053333333333	1920	1080	60.0	8	67ba95e0d43b90d5fdd4ef100144474d	2df4e1afb28d5b26100908301b52639a	1920	1080	10875.0	8.0	10323.0	7175.0	False
DOTA2_60f_420	DOTA2_60f_420	svtav1	svtav1_20190822_bb6f8f3	60	43	4941184.0	4941.184	41.147333333333314	45.51416666666666	45.8065	41.029779	45.398493	45.7563	93.094777	3671140.0	61.18566666666667	1920	1080	60.0	8	6e6daa30adf4a25f5ab5035b4f49415c	a7ec61e942f1478f37b462e7d566475b	1920	1080	12688.0	24.0	10584.0	7686.0	False
DOTA2_60f_420	DOTA2_60f_420	svtav1	svtav1_20190822_bb6f8f3	60	55	2187432.0	2187.432	38.103	42.706500000000005	43.08883333333332	37.985369	42.590219	43.050632	86.701212	10131425.0	168.85708333333332	1920	1080	60.0	8	257477f146839e5df87c85bd4a90ef97	822c881f3d99f09cbc7483a50469a2bd	1920	1080	12588.0	4.0	5735.0	7763.0	False
DOTA2_60f_420	DOTA2_60f_420	svtav1	svtav1_20190822_bb6f8f3	60	63	852216.0	852.216	34.447333333333326	39.35366666666666	39.66250000000001	34.391032	39.304293	39.652102	71.8103	4132498.0	68.87496666666667	1920	1080	60.0	8	be257622c2668dcb10d5d51577007036	8e9a8b9ad21a8638f5690ec262435f61	1920	1080	9895.0	3.0	9308.0	9066.0	False
thaloundeskmtg360p_60f	thaloundeskmtg360p_60f	svtav1	svtav1_20190822_bb6f8f3	60	20	1081812.0	1081.812	44.663833333333336	48.677333333333344	48.66383333333333	44.373286	48.610915	48.608478	96.954057	1058960.0	17.649333333333335	640	360	30.0	8	27258eddb66ecf4233d087c9dc47b9df	fc24a0e6f3861a0e0d17b4e3a0e94062	640	360	2660.0	18.0	1946.0	818.0	False
thaloundeskmtg360p_60f	thaloundeskmtg360p_60f	svtav1	svtav1_20190822_bb6f8f3	60	32	490296.0	490.296	42.704666666666675	47.239166666666684	47.268666666666675	42.328449	47.156628	47.195205	95.759591	2300532.0	38.3422	640	360	30.0	8	2da15311c54e52d421c7bf47cc937137	eb7e0946e212b0415267fd042db1fbd5	640	360	3316.0	10.0	1305.0	1541.0	False
thaloundeskmtg360p_60f	thaloundeskmtg360p_60f	svtav1	svtav1_20190822_bb6f8f3	60	43	255484.0	255.484	40.53550000000002	45.53533333333335	45.50083333333332	40.056202	45.421074	45.373465	93.461229	1239316.0	20.655266666666666	640	360	30.0	8	c7f9247c9d5bd16a384291661fd771b1	3229e9672a0d55c906b0d37f4a8cf440	640	360	2178.0	20.0	1121.0	1072.0	False
thaloundeskmtg360p_60f	thaloundeskmtg360p_60f	svtav1	svtav1_20190822_bb6f8f3	60	55	138004.0	138.004	37.727833333333336	43.28816666666666	43.256499999999996	37.130056	43.108702	43.082055	89.022835	2566580.0	42.77633333333333	640	360	30.0	8	5ff06293d80177eb53c2c5872e1681bc	90d384fd551f8541ea05022d7a4c7d9d	640	360	3043.0	17.0	1344.0	1389.0	False
thaloundeskmtg360p_60f	thaloundeskmtg360p_60f	svtav1	svtav1_20190822_bb6f8f3	60	63	71900.0	71.9	33.94966666666668	40.23799999999999	40.45683333333333	33.196944	40.076079	40.311742	78.246711	4889792.0	81.49653333333333	640	360	30.0	8	95ada72813225cd8623f80c731e6d321	3b27d0890f4bead9e4d0430368c3d1a1	640	360	2138.0	5.0	610.0	731.0	False
ducks_take_off_1080p50_60f	ducks_take_off_1080p50_60f	svtav1	svtav1_20190822_bb6f8f3	60	20	122458873.0	122458.873	39.27033333333334	39.622666666666674	41.62983333333333	39.121653	39.506945	41.565718	98.888207	14299404.0	238.3234	1920	1080	50.0	8	a852905b767b8c17c8f09ec2c24e99eb	c661e7f0108f8ac703a4195709689b6c	1920	1080	11719.0	7.0	27086.0	7193.0	False
ducks_take_off_1080p50_60f	ducks_take_off_1080p50_60f	svtav1	svtav1_20190822_bb6f8f3	60	32	36547253.0	36547.253	35.374500000000005	37.02033333333334	39.9935	35.288462	36.967896	39.973755	94.014009	16528632.0	275.4772	1920	1080	50.0	8	7b52cfa3845757b5c08731d70e73cd31	68d6c9ab9f1a410cf6b0b99291581526	1920	1080	17584.0	20.0	39696.0	9260.0	False
ducks_take_off_1080p50_60f	ducks_take_off_1080p50_60f	svtav1	svtav1_20190822_bb6f8f3	60	43	12171173.0	12171.173	33.21766666666665	35.16083333333334	38.61	33.183223	35.118439	38.598801	85.197221	14892666.0	248.2111	1920	1080	50.0	8	f2e316193a3695ad9682b01818b8d50c	03202301874a32bad82af3f2c694e059	1920	1080	18585.0	19.0	16865.0	8072.0	False
ducks_take_off_1080p50_60f	ducks_take_off_1080p50_60f	svtav1	svtav1_20190822_bb6f8f3	60	55	4658853.0	4658.853	30.89950000000001	33.37433333333334	37.390833333333326	30.851197	33.328186	37.383707	69.861503	6739714.0	112.32856666666666	1920	1080	50.0	8	112746a050a9e458bd9ffcb250457702	0268e7c9db5569aec3f8e45a493943a2	1920	1080	18670.0	20.0	17854.0	7052.0	False
ducks_take_off_1080p50_60f	ducks_take_off_1080p50_60f	svtav1	svtav1_20190822_bb6f8f3	60	63	1793680.0	1793.68	28.307333333333343	31.743666666666662	36.347833333333334	28.227612	31.706384	36.343514	48.41484	4322563.0	72.04271666666666	1920	1080	50.0	8	fd4f58ed86173c586572f60bfe26828e	1d44bf228826f492cb25171408c6e77e	1920	1080	21001.0	21.0	10279.0	7664.0	False
wikipedia_420	wikipedia_420	svtav1	svtav1_20190822_bb6f8f3	60	20	1624632.0	1624.632	55.111166666666655	53.13066666666666	53.61666666666667	55.098357	52.996013999999995	48.623494	99.839878	25011460.0	416.85766666666666	1920	1080	30.0	8	7fc078172136c89a189c8fb058a8b19b	fb1be4e69f246fb110da737f10032d2f	1920	1080	8440.0	23.0	1440.0	7692.0	True
wikipedia_420	wikipedia_420	svtav1	svtav1_20190822_bb6f8f3	60	32	907520.0	907.52	50.98183333333332	50.83700000000001	51.66116666666665	50.972907	50.61478	47.935078	99.825178	20098832.0	334.9805333333333	1920	1080	30.0	8	81633d1d22419857fcc41a4e5819a79a	b2c7ce8b0a8087e0425ce7cf0100d4f5	1920	1080	11260.0	10.0	1286.0	5600.0	True
wikipedia_420	wikipedia_420	svtav1	svtav1_20190822_bb6f8f3	60	43	620664.0	620.664	48.59816666666668	48.83500000000002	49.86149999999999	48.581917	48.683723	47.116804	99.792376	29313942.0	488.5657	1920	1080	30.0	8	d982bf11386c21b1c069bd46f335680a	9a79402b5ca294678e3c04d4e5d31ec6	1920	1080	6096.0	7.0	2436.0	7074.0	True
wikipedia_420	wikipedia_420	svtav1	svtav1_20190822_bb6f8f3	60	55	448556.0	448.556	45.09716666666668	46.384666666666675	47.45499999999998	45.077035	46.330622999999996	45.73749	99.667476	32357749.0	539.2958166666666	1920	1080	30.0	8	cd5923416044d2488afdb23e79118ffd	fa4510828cb067a8370f86f032d0ae9d	1920	1080	8521.0	5.0	1344.0	5521.0	True
wikipedia_420	wikipedia_420	svtav1	svtav1_20190822_bb6f8f3	60	63	309708.0	309.708	38.49733333333334	43.15383333333333	44.25999999999998	38.440419	43.090649	43.39447	98.847225	34485730.0	574.7621666666666	1920	1080	30.0	8	581fd4af6f4e1d24877eb32cab2436d2	c8d1b10f2dc14bbebf4fad57c06e7193	1920	1080	13503.0	17.0	1472.0	5502.0	True
