BarScene1_1920x1080_2997_10b	BarScene1_1920x1080_2997_10b	libaom	libaom_20200103_10cdc99_enc-mode0	60	20	0	2259111.0	2259.111	42.569999999999986	44.82066666666667	43.77316666666665	42.567887	44.81855	43.767392	93.21279436675523	20929596.0	348.8266	20586.75	1920	1080	29.97	10	c8039a51b613a46c4de3441c9c7019a4	27e6cc5778940fa1ca15d970e43cefe3	1920	1080	21667.0	638.0	2310.0	26329.0	False	False	0.9960393975178401	0.9912944404467638
BarScene1_1920x1080_2997_10b	BarScene1_1920x1080_2997_10b	libaom	libaom_20200103_10cdc99_enc-mode0	60	32	0	530305.0	530.305	42.26633333333334	44.63850000000001	43.51283333333335	42.266124	44.638198	43.51258	92.30815748238274	5588727.0	93.14545	5496.54	1920	1080	29.97	10	21159bef0a890dcd9261e4b0c1af90c7	0fc312d941ebdd1963ff93a55cdeb5a7	1920	1080	23057.0	538.0	1641.0	46895.0	False	False	0.995413938164711	0.9904424047106262
BarScene1_1920x1080_2997_10b	BarScene1_1920x1080_2997_10b	libaom	libaom_20200103_10cdc99_enc-mode0	60	43	0	282207.0	282.207	41.89583333333335	44.497	43.38400000000003	41.895454	44.497149	43.38384899999999	90.94962897784126	2209793.0	36.829883333333335	2165.46	1920	1080	29.97	10	5e775bea2de63d51a1f029cd59470e05	694991fc77891860cd0d53a4599c16fd	1920	1080	20438.0	1139.0	2098.0	31238.0	False	False	0.9945856978495916	0.9893048784681505
BarScene1_1920x1080_2997_10b	BarScene1_1920x1080_2997_10b	libaom	libaom_20200103_10cdc99_enc-mode0	60	55	0	140380.0	140.38	41.172166666666655	44.16516666666667	43.09166666666667	41.170888	44.16547	43.091736	87.9765931012699	1158257.0	19.304283333333334	1149.3	1920	1080	29.97	10	752dabdce2a2effb78bc99a52799f733	0cdb054ba0f87fd855447e3bb189f3b5	1920	1080	24780.0	543.0	1369.0	38101.0	False	False	0.9921064436435699	0.9864194918902297
BarScene1_1920x1080_2997_10b	BarScene1_1920x1080_2997_10b	libaom	libaom_20200103_10cdc99_enc-mode0	60	63	0	71106.0	71.106	39.85716666666666	43.214166666666664	42.40433333333333	39.845992	43.212397	42.403519	79.28454129262145	807815.0	13.463583333333334	795.3	1920	1080	29.97	10	58f5bc56916607e8fe22a6567963cb89	254336bff6c421fe9a5a967850e2ffb2	1920	1080	22081.0	534.0	1343.0	26219.0	False	False	0.9848272055387497	0.9797900980023262
KristenAndSara_1280x720_60_10b	KristenAndSara_1280x720_60_10b	libaom	libaom_20200103_10cdc99_enc-mode0	60	20	0	3558304.0	3558.3039999999996	44.98633333333331	49.56750000000002	50.58700000000001	44.968872	49.56297299999999	50.583914	97.07944800997899	5495592.0	91.5932	5475.31	1280	720	60.0	10	a5b19ce837da4e560644278b099c6cd0	613d9695ae2bfde1f38f3a30f40be59a	1280	720	14726.0	264.0	1173.0	20254.0	False	False	0.9964011768500011	0.9958191085641073
KristenAndSara_1280x720_60_10b	KristenAndSara_1280x720_60_10b	libaom	libaom_20200103_10cdc99_enc-mode0	60	32	0	1330248.0	1330.248	43.79083333333334	48.8455	49.83766666666666	43.776627	48.843293	49.83563	96.3273507605554	2316652.0	38.610866666666666	2218.71	1280	720	60.0	10	49a7f1656588df8f8655490cd41ecabe	e5c061acadd668ff84ce884f5b564a04	1280	720	8646.0	294.0	1133.0	10755.0	False	False	0.9952290753523508	0.9947291666928156
KristenAndSara_1280x720_60_10b	KristenAndSara_1280x720_60_10b	libaom	libaom_20200103_10cdc99_enc-mode0	60	43	0	765016.0	765.016	42.66849999999998	47.869166666666665	48.77416666666665	42.654316	47.867182	48.771748	95.12106288890992	1213324.0	20.222066666666667	1200.74	1280	720	60.0	10	d1dc20e1cf1dd001510bd7414fefd0f0	962a6b8a808c995685a8a869487276cb	1280	720	13886.0	353.0	1369.0	38864.0	False	False	0.9936199406782786	0.9933547471446909
KristenAndSara_1280x720_60_10b	KristenAndSara_1280x720_60_10b	libaom	libaom_20200103_10cdc99_enc-mode0	60	55	0	433672.0	433.67199999999997	40.895166666666654	46.05283333333332	47.12200000000002	40.884691	46.052006	47.12081	92.41158145135248	682441.0	11.374016666666666	677.86	1280	720	60.0	10	86e8e23c1f5625f60b08f3a84c1eafd8	5aab15866ed4d64c7875419e93641a4b	1280	720	9978.0	240.0	810.0	16373.0	False	False	0.9901525060335795	0.990473490435501
KristenAndSara_1280x720_60_10b	KristenAndSara_1280x720_60_10b	libaom	libaom_20200103_10cdc99_enc-mode0	60	63	0	243104.0	243.104	38.233666666666664	43.62283333333334	44.59650000000001	38.217256	43.609254	44.580646	86.14850266978928	536500.0	8.941666666666666	525.78	1280	720	60.0	10	e0cc3eadb8a50547bc90525d00ca7df5	45fe1079be87afc97a223f2dbc8c2fd4	1280	720	8358.0	280.0	829.0	10756.0	False	False	0.98138827085495	0.9834331143245669
RollerCoastPas_1920x1080_2997_10	RollerCoastPas_1920x1080_2997_10	libaom	libaom_20200103_10cdc99_enc-mode0	60	20	0	3415549.0	3415.549	45.26666666666667	45.416999999999966	43.97466666666667	45.264595	45.414764	43.962284	97.21282265032619	9663290.0	161.05483333333333	9561.76	1920	1080	29.97	10	14f2e9a8938cc6101bb9b35b86d49536	aeeead0825b98dc2c9c7c2fe0ac5b15a	1920	1080	20888.0	504.0	2225.0	23067.0	False	False	0.9987263987461726	0.9970425952006792
RollerCoastPas_1920x1080_2997_10	RollerCoastPas_1920x1080_2997_10	libaom	libaom_20200103_10cdc99_enc-mode0	60	32	0	1542529.0	1542.529	44.31983333333334	44.79733333333333	43.25333333333335	44.318816	44.797252	43.251776	96.59964417356723	4396819.0	73.28031666666666	4324.09	1920	1080	29.97	10	b0b0376ecaac23ef68ec81546f2603a7	92a41e9824f4b9bd976d61d4a082f226	1920	1080	21669.0	573.0	3051.0	29053.0	False	False	0.9983242491881053	0.9963596505734262
RollerCoastPas_1920x1080_2997_10	RollerCoastPas_1920x1080_2997_10	libaom	libaom_20200103_10cdc99_enc-mode0	60	43	0	884550.0	884.55	42.95900000000001	43.97133333333336	42.53933333333334	42.957687	43.971267	42.538655	95.41810837964876	2537017.0	42.28361666666667	2474.1	1920	1080	29.97	10	74123191a609b1f8fb7b780392be6059	93e4116ae62886f0f322b55487a022f7	1920	1080	20963.0	595.0	1811.0	24076.0	False	False	0.9975653578837712	0.9951211604995251
RollerCoastPas_1920x1080_2997_10	RollerCoastPas_1920x1080_2997_10	libaom	libaom_20200103_10cdc99_enc-mode0	60	55	0	480784.0	480.784	40.74966666666667	42.46833333333334	41.241333333333344	40.74791	42.46796299999999	41.241131	92.75350040724476	2587634.0	43.127233333333336	2518.88	1920	1080	29.97	10	f87da01effd65124846bcf36c2a4e527	ce8e0b941f0f3559becb55131efdbd58	1920	1080	24005.0	854.0	2733.0	45843.0	False	False	0.9954620063304901	0.9920560385676253
RollerCoastPas_1920x1080_2997_10	RollerCoastPas_1920x1080_2997_10	libaom	libaom_20200103_10cdc99_enc-mode0	60	63	0	260486.0	260.486	37.552666666666674	40.06183333333333	39.09599999999999	37.525915000000005	40.048983	39.083453	85.61107518549416	1247199.0	20.78665	1225.11	1920	1080	29.97	10	0ed78d260c42d5cbb59e0e188ecce773	128ac554381ff94f84df607025196295	1920	1080	20146.0	607.0	1694.0	24298.0	False	False	0.9888611694176992	0.9836698147012807
STARCRAFT_60f_420	STARCRAFT_60f_420	libaom	libaom_20200103_10cdc99_enc-mode0	60	20	0	7172640.0	7172.64	50.22649999999998	53.19883333333332	53.24366666666668	50.21467599999999	53.1893	53.237526	97.58116308864602	1611850.0	26.864166666666666	1606.03	1920	1080	60.0	8	3ed104ba987b6147af6783bba4c2cdc7	7cecc5d2d2adba93c84b1d266d70370a	1920	1080	11741.0	282.0	1151.0	26113.0	False	False	0.9996000607808431	0.9992239466888713
STARCRAFT_60f_420	STARCRAFT_60f_420	libaom	libaom_20200103_10cdc99_enc-mode0	60	32	0	4292704.0	4292.704	47.15766666666666	51.02099999999998	51.211499999999994	47.142973	51.006854	51.204446	96.8984868727308	1492733.0	24.878883333333334	1486.45	1920	1080	60.0	8	7fcc4abeb27f6d61d9bcfc5428956ba1	d8e5d40bef8f8f97aaf0a0b0f448a7bf	1920	1080	21569.0	300.0	1221.0	48367.0	False	False	0.9991432329018911	0.9984344510257924
STARCRAFT_60f_420	STARCRAFT_60f_420	libaom	libaom_20200103_10cdc99_enc-mode0	60	43	0	2500712.0	2500.712	43.790666666666674	48.45999999999997	48.76133333333334	43.775367	48.447486	48.757358	95.4848154892094	1195013.0	19.916883333333335	1174.05	1920	1080	60.0	8	e4dfd64d3d6d01f0391fe338b1c756d0	732362c02efec3f4a18cc97e4db2afa9	1920	1080	10571.0	262.0	972.0	25299.0	False	False	0.9979953706264496	0.9965895385803134
STARCRAFT_60f_420	STARCRAFT_60f_420	libaom	libaom_20200103_10cdc99_enc-mode0	60	55	0	1338656.0	1338.656	40.067	45.685666666666656	45.98033333333335	40.055793	45.679413	45.977053	92.22822647250597	863000.0	14.383333333333333	859.87	1920	1080	60.0	8	f8fa79261989ffd6e018560f93a6a986	9629a60a2abcb9579706c2942b5f4bae	1920	1080	12037.0	272.0	975.0	26575.0	False	False	0.9948331753412882	0.9921413581105765
STARCRAFT_60f_420	STARCRAFT_60f_420	libaom	libaom_20200103_10cdc99_enc-mode0	60	63	0	673592.0	673.592	35.834666666666664	42.249999999999986	42.46183333333333	35.809616	42.241752	42.453216	83.72318029249399	710957.0	11.849283333333334	705.54	1920	1080	60.0	8	ccfae094e2b12cc4fa231e63120b6198	160954c008ebffb60d8079890c63fc1c	1920	1080	12183.0	276.0	862.0	26300.0	False	False	0.9850363274415334	0.9801278170750662
gipsrestat720p_60f	gipsrestat720p_60f	libaom	libaom_20200103_10cdc99_enc-mode0	60	20	0	3570186.0	3570.186	44.932	47.48766666666667	49.13033333333333	44.905104	47.476601	49.120487	96.96941157277791	4038946.0	67.31576666666666	3981.96	1280	720	50.0	8	4d4b56c5c6a56ff289b1e7ad590afbaa	086b5da0f68c57df2cde87626b026337	1280	720	7061.0	219.0	1374.0	14175.0	False	False	0.99767151872317	0.9970143382263427
gipsrestat720p_60f	gipsrestat720p_60f	libaom	libaom_20200103_10cdc99_enc-mode0	60	32	0	1526513.0	1526.513	43.5835	47.03400000000002	48.589000000000006	43.548202999999994	47.02726	48.579258	95.94657101706622	1756357.0	29.272616666666668	1751.1	1280	720	50.0	8	7319cadf1804b618867d957173d8043e	5620b9f450221d6d38ed2c58dbca5e0a	1280	720	13488.0	185.0	776.0	36134.0	False	False	0.9968484898408254	0.9961847411127258
gipsrestat720p_60f	gipsrestat720p_60f	libaom	libaom_20200103_10cdc99_enc-mode0	60	43	0	850546.0	850.546	42.293000000000006	46.489999999999995	47.85666666666666	42.241526	46.486861	47.850395	94.54676249182921	684452.0	11.407533333333333	681.18	1280	720	50.0	8	80334440d17eec46a0c4ee2dba85f728	53115a73886befb594dd3220373fd2be	1280	720	7437.0	178.0	655.0	36044.0	False	False	0.995730213324229	0.9951420057960344
gipsrestat720p_60f	gipsrestat720p_60f	libaom	libaom_20200103_10cdc99_enc-mode0	60	55	0	449780.0	449.78	40.20183333333333	45.065166666666656	46.12666666666664	40.153513	45.064113	46.123575	91.6462116291266	497305.0	8.288416666666667	489.31	1280	720	50.0	8	a4976aff9e3bac88cae28786dc71c541	281f66f1d5d676dd644516ae2f158bdf	1280	720	11048.0	264.0	486.0	21790.0	False	False	0.9926983147859574	0.9923950333567757
gipsrestat720p_60f	gipsrestat720p_60f	libaom	libaom_20200103_10cdc99_enc-mode0	60	63	0	222906.0	222.906	36.74999999999999	42.21433333333333	42.96800000000001	36.725102	42.206861	42.960169	84.17213240498229	331569.0	5.52615	324.57	1280	720	50.0	8	21e16919e4867e29ebb99414e2b6f24d	b75a0a5bba1cb8b7dfe2e35b6dc93526	1280	720	5887.0	141.0	375.0	19941.0	False	False	0.9824296136697134	0.9836008881502185
speed_bag_640x360_60f	speed_bag_640x360_60f	libaom	libaom_20200103_10cdc99_enc-mode0	60	20	0	452578.0	452.57800000000003	46.874333333333325	49.61883333333331	51.05083333333332	46.83028	49.586545	51.011104	98.24109589011655	473411.0	7.890183333333334	463.43	640	360	29.97	8	6542ac6f57225504adbbff92641cbfdd	df50dfeff0b5cb5b2ce5b7f648b54cef	640	360	2465.0	1900.0	365.0	3690.0	False	False	0.9887870361407598	0.9975089325842653
speed_bag_640x360_60f	speed_bag_640x360_60f	libaom	libaom_20200103_10cdc99_enc-mode0	60	32	0	251623.0	251.623	45.044000000000004	48.15366666666667	49.81949999999999	44.94112	48.084761	49.735459	97.36385619836012	305725.0	5.095416666666667	300.97	640	360	29.97	8	8e2d62c5b9e9fb55d442bd7fda212d29	eeb6f511855abc75774b472f35811da1	640	360	1595.0	75.0	220.0	2977.0	False	False	0.9855605781078338	0.9961696376291618
speed_bag_640x360_60f	speed_bag_640x360_60f	libaom	libaom_20200103_10cdc99_enc-mode0	60	43	0	144495.0	144.495	42.95966666666666	46.331999999999994	48.3265	42.787163	46.250209	48.200339	94.67497774492634	139571.0	2.3261833333333333	137.27	640	360	29.97	8	61acd4e18c4d84b3a5bbec4643cde54f	08ec5fcb10cca464806f69a957d940d9	640	360	2075.0	67.0	181.0	3436.0	False	False	0.98141068816185	0.9939260210363855
speed_bag_640x360_60f	speed_bag_640x360_60f	libaom	libaom_20200103_10cdc99_enc-mode0	60	55	0	80041.0	80.041	40.20850000000002	44.018666666666654	46.40716666666666	39.955034	43.939281	46.258284	87.22620354334694	109289.0	1.8214833333333333	107.96	640	360	29.97	8	bb965d0a1589fa53015333f7015548ad	56ab88368958a44df971b253d3252b16	640	360	2190.0	76.0	150.0	6166.0	False	False	0.9736181646585464	0.9889743161819415
speed_bag_640x360_60f	speed_bag_640x360_60f	libaom	libaom_20200103_10cdc99_enc-mode0	60	63	0	46875.0	46.875	37.144166666666685	41.56050000000001	44.19733333333333	36.795017	41.45553	43.963156	74.80443076203073	81489.0	1.35815	76.29	640	360	29.97	8	f27bdc94c24b2b7b1733118459a09b9b	08975f8190d9f53a74e8e97b4d0a402f	640	360	2331.0	64.0	124.0	5788.0	False	False	0.9614079306523006	0.9792882243853127
Starting_1920x1080p_50_10b_pq_70	Starting_1920x1080p_50_10b_pq_70	libaom	libaom_20200103_10cdc99_enc-mode0	60	20	0	4826973.0	4826.973	47.20099999999999	49.91383333333333	51.650666666666666	47.156557	49.867588	51.58529	97.011931851517	11920447.0	198.67411666666666	11854.66	1920	1080	50.0	10	d32e47c3b50069c059b9f680626a119e	5374e3855b5f1ef7c9ccdf0453c70ff0	1920	1080	28764.0	624.0	2602.0	49524.0	False	False	0.9992835044860839	0.9982559052926182
Starting_1920x1080p_50_10b_pq_70	Starting_1920x1080p_50_10b_pq_70	libaom	libaom_20200103_10cdc99_enc-mode0	60	32	0	2492193.0	2492.193	45.83616666666668	48.75316666666667	50.07133333333331	45.797247	48.730368	50.043104	96.0933139804643	3490459.0	58.17431666666667	3428.56	1920	1080	50.0	10	d41ea492db6d0b966b5f8963aea0fdac	fec806f73a5fa7bac1e1607fe0511e81	1920	1080	17609.0	496.0	1872.0	22967.0	False	False	0.9988083491722742	0.9975253873271694
Starting_1920x1080p_50_10b_pq_70	Starting_1920x1080p_50_10b_pq_70	libaom	libaom_20200103_10cdc99_enc-mode0	60	43	0	1472326.0	1472.326	44.19216666666667	47.39333333333331	48.290500000000016	44.159612	47.387723	48.283917	94.4609371920113	3577300.0	59.62166666666667	3539.72	1920	1080	50.0	10	fead0c4bdc382a05dde19e15d2eb9657	7962830594febd93e370b46e9726a619	1920	1080	30747.0	564.0	2045.0	48274.0	False	False	0.998074421286583	0.9965009246679682
Starting_1920x1080p_50_10b_pq_70	Starting_1920x1080p_50_10b_pq_70	libaom	libaom_20200103_10cdc99_enc-mode0	60	55	0	778313.0	778.313	41.38216666666668	45.429500000000026	45.82700000000002	41.368339	45.429749	45.826531	90.39874918478499	1887335.0	31.455583333333333	1837.52	1920	1080	50.0	10	73ea77b3460f19642392fafdace65612	43fe5e457712b55dcdf7f630305e1d6f	1920	1080	20103.0	641.0	2108.0	32099.0	False	False	0.9958548158407211	0.9934661485785615
Starting_1920x1080p_50_10b_pq_70	Starting_1920x1080p_50_10b_pq_70	libaom	libaom_20200103_10cdc99_enc-mode0	60	63	0	376786.0	376.786	37.18666666666668	42.864999999999995	43.14449999999998	37.16523	42.856826	43.137421	79.03256692216263	1319204.0	21.986733333333333	1304.5	1920	1080	50.0	10	0e04e50c3a50b3b5e791a099e0073d95	3babcead0f8300bbcfb33615fd9c5a9c	1920	1080	21834.0	537.0	1709.0	37681.0	False	False	0.987868066628774	0.9830627344661702
KristenAndSara_1280x720_60f	KristenAndSara_1280x720_60f	libaom	libaom_20200103_10cdc99_enc-mode0	60	20	0	3251800.0	3251.8	44.695499999999996	49.077166666666685	49.98366666666667	44.684637	49.073397	49.980928999999996	96.96711038626596	3488809.0	58.146816666666666	3460.48	1280	720	60.0	8	2ad8650ca852bd827a18fd0f83394097	ad52c66d0ecee18c21cdb7de6ca29132	1280	720	5374.0	124.0	726.0	9798.0	False	False	0.9960561732451121	0.995506486638915
KristenAndSara_1280x720_60f	KristenAndSara_1280x720_60f	libaom	libaom_20200103_10cdc99_enc-mode0	60	32	0	1372512.0	1372.512	43.643166666666666	48.43233333333332	49.32199999999999	43.631935	48.429466	49.320779	96.21811899118266	2291804.0	38.196733333333334	2269.46	1280	720	60.0	8	a45b8bc5a8014dc99b326b9b96590ed9	f82c9946dd560009a47727dda619d77c	1280	720	13438.0	215.0	861.0	21286.0	False	False	0.9949023346106212	0.9944550539484461
KristenAndSara_1280x720_60f	KristenAndSara_1280x720_60f	libaom	libaom_20200103_10cdc99_enc-mode0	60	43	0	775232.0	775.232	42.56333333333334	47.5485	48.423166666666674	42.551052	47.545323	48.421194	94.97694056837636	704523.0	11.74205	695.25	1280	720	60.0	8	88c333c257a276487e6df09832fd6823	e7bc5425fd555e00fcd3e9fea76cec47	1280	720	5523.0	174.0	681.0	9957.0	False	False	0.9932548989852269	0.9930433579670205
KristenAndSara_1280x720_60f	KristenAndSara_1280x720_60f	libaom	libaom_20200103_10cdc99_enc-mode0	60	55	0	426064.0	426.064	40.81199999999999	45.849833333333336	46.87200000000003	40.801055	45.849071	46.871043	92.16243409713628	553755.0	9.22925	542.86	1280	720	60.0	8	3d706be0de14f75b0bf60c645df9d961	311d21b71bf4cbde32db3965ac11880d	1280	720	6633.0	170.0	509.0	13599.0	False	False	0.9897591789563497	0.9901221878616216
KristenAndSara_1280x720_60f	KristenAndSara_1280x720_60f	libaom	libaom_20200103_10cdc99_enc-mode0	60	63	0	230776.0	230.776	38.1025	43.484833333333334	44.533333333333324	38.0845	43.475224	44.520111	85.6979026172523	280092.0	4.6682	279.15	1280	720	60.0	8	f1ea25c19954e64152d4d2a2054bb707	f7de41574a1a0d5d48973d15faeb3426	1280	720	6466.0	138.0	376.0	15976.0	False	False	0.9809779783089956	0.9830467870025484
Netflix_DrivingPOV_1280x720_60fp	Netflix_DrivingPOV_1280x720_60fp	libaom	libaom_20200103_10cdc99_enc-mode0	60	20	0	9917368.0	9917.368	42.639	45.98833333333333	44.76983333333335	42.61891	45.982121	44.76555799999999	99.73222835007661	5010806.0	83.51343333333334	4942.82	1280	720	60.0	8	1fb36c1fe0d96cdc04f27090c9b8ded4	2b070f5c2ca676390bb71237e42f5600	1280	720	6488.0	141.0	1437.0	10279.0	False	False	0.9980129887660344	0.997434608210544
Netflix_DrivingPOV_1280x720_60fp	Netflix_DrivingPOV_1280x720_60fp	libaom	libaom_20200103_10cdc99_enc-mode0	60	32	0	5007512.0	5007.512	40.29700000000001	44.66850000000001	43.830000000000005	40.270386	44.660501	43.826992	98.72601284485187	3117870.0	51.9645	3103.53	1280	720	60.0	8	8a390b93f730bd8bbbbd1ef963378a5f	32009cf422b7c2775fffd27679f367fb	1280	720	9990.0	138.0	1000.0	19789.0	False	False	0.9965060075124105	0.9955161332291341
Netflix_DrivingPOV_1280x720_60fp	Netflix_DrivingPOV_1280x720_60fp	libaom	libaom_20200103_10cdc99_enc-mode0	60	43	0	2743920.0	2743.92	38.097666666666676	43.330333333333314	42.93166666666668	38.067402	43.321848	42.927501	96.62632523200998	2507220.0	41.787	2467.75	1280	720	60.0	8	96e1fab525245a4fb80cfe76b997d535	0e1db6effa7970b20a4a9bbc77e6ccad	1280	720	6599.0	176.0	860.0	12865.0	False	False	0.9933004001776378	0.9920769045185763
Netflix_DrivingPOV_1280x720_60fp	Netflix_DrivingPOV_1280x720_60fp	libaom	libaom_20200103_10cdc99_enc-mode0	60	55	0	1395648.0	1395.648	35.50999999999999	41.50233333333333	41.75249999999999	35.477263	41.493879	41.748559	92.05432207764403	1410173.0	23.502883333333333	1373.01	1280	720	60.0	8	7e6eecaa627aed0b024a3c9740b8913d	2bbab2c60863487d57a53855de6c0f3f	1280	720	8462.0	206.0	939.0	23894.0	False	False	0.9875313937664032	0.9863617478554952
Netflix_DrivingPOV_1280x720_60fp	Netflix_DrivingPOV_1280x720_60fp	libaom	libaom_20200103_10cdc99_enc-mode0	60	63	0	705856.0	705.856	32.741666666666674	39.424666666666674	40.36000000000001	32.689374	39.400842	40.341784	83.11252283970094	857021.0	14.283683333333334	851.89	1280	720	60.0	8	e643322db3377ae495ef406f62806e79	57c7ca87b97b8a657ddf7acbcb724b41	1280	720	10792.0	165.0	598.0	10901.0	False	False	0.9783617814381917	0.9768533743858291
Netflix_PierSeaside_1920x1080_60	Netflix_PierSeaside_1920x1080_60	libaom	libaom_20200103_10cdc99_enc-mode0	60	20	0	7475832.0	7475.832	45.56949999999999	47.53783333333334	45.58283333333334	45.545425	47.527546	45.569523	99.92383875849988	7982722.0	133.04536666666667	7963.05	1920	1080	60.0	8	7c57e190245f9228cba16999a7bd0291	6a3dbc331a2d798c646bcbc6f3b515b2	1920	1080	12060.0	355.0	1832.0	24685.0	False	False	0.9980133901039759	0.9968209874032863
Netflix_PierSeaside_1920x1080_60	Netflix_PierSeaside_1920x1080_60	libaom	libaom_20200103_10cdc99_enc-mode0	60	32	0	3537656.0	3537.656	44.000833333333325	46.73833333333335	44.990999999999985	43.965146	46.730015	44.981484	99.68032362022208	4315875.0	71.93125	4242.49	1920	1080	60.0	8	912291c2a92e39ac5c9b8d089395b022	71d0183cba7dc1a085eb5de12c992176	1920	1080	10207.0	265.0	1539.0	23020.0	False	False	0.9971595207850138	0.9954960999185152
Netflix_PierSeaside_1920x1080_60	Netflix_PierSeaside_1920x1080_60	libaom	libaom_20200103_10cdc99_enc-mode0	60	43	0	1769208.0	1769.208	42.13733333333334	45.52183333333334	44.10316666666669	42.101446	45.518357	44.099124	98.07548031949418	2744458.0	45.740966666666665	2665.3	1920	1080	60.0	8	6704c5886c49ae26dae1e191b5f41b22	29f7b8b18a8c2f27ce859d89e05b7efd	1920	1080	13549.0	684.0	1576.0	25629.0	False	False	0.9955597470204035	0.9931638697346623
Netflix_PierSeaside_1920x1080_60	Netflix_PierSeaside_1920x1080_60	libaom	libaom_20200103_10cdc99_enc-mode0	60	55	0	858840.0	858.84	39.88149999999999	43.71616666666666	42.763500000000015	39.854317	43.714486	42.761632	94.04751120154899	1894376.0	31.572933333333335	1848.13	1920	1080	60.0	8	3803fdadb47e2d6b490b6d28572c5b65	572cf850899e760eae3cb2ee8e502762	1920	1080	12046.0	331.0	1249.0	24633.0	False	False	0.9922353426615397	0.9887903379593967
Netflix_PierSeaside_1920x1080_60	Netflix_PierSeaside_1920x1080_60	libaom	libaom_20200103_10cdc99_enc-mode0	60	63	0	440632.0	440.632	37.178666666666665	41.30949999999999	40.84749999999999	37.156157	41.28829699999999	40.83453	85.7927427909627	1297290.0	21.6215	1267.29	1920	1080	60.0	8	c20e9eec5990273ac45c2b8fa62209e4	1561d955ab53711c333d0b5275abefef	1920	1080	11098.0	461.0	2059.0	48997.0	False	False	0.9855466643969218	0.9808184802996063
dark720p_60f	dark720p_60f	libaom	libaom_20200103_10cdc99_enc-mode0	60	20	0	6642204.0	6642.204	45.81549999999999	43.478500000000004	45.089500000000015	45.738777	43.264461	44.905676	95.99456755434699	5772152.0	96.20253333333334	5718.19	1280	720	30.0	8	1b5de7643f95664c7df045f3d0011329	00e031e15b8550e790dba1077403edb2	1280	720	5029.0	133.0	1707.0	9994.0	False	False	0.9939316262801489	0.9948228291871072
dark720p_60f	dark720p_60f	libaom	libaom_20200103_10cdc99_enc-mode0	60	32	0	1707164.0	1707.164	43.52066666666666	39.21133333333334	41.92533333333333	43.49551	39.113907	41.895039	93.2111238117236	3034009.0	50.56681666666667	3000.09	1280	720	30.0	8	fc9b52c1e16179a499f4b7b4661aa813	f1f12d5d53aaa4ad463cd29bab4bbf8d	1280	720	5083.0	152.0	1192.0	10575.0	False	False	0.9913157314062119	0.9927353651574794
dark720p_60f	dark720p_60f	libaom	libaom_20200103_10cdc99_enc-mode0	60	43	0	385280.0	385.28	42.43666666666666	37.15116666666666	41.03566666666667	42.428439	37.122974	41.032847	90.9653795269176	1215904.0	20.265066666666666	1210.26	1280	720	30.0	8	f4502d35497b91e8cc6549b107c7a85c	65b1e6d0e2721b24cb40e64300810576	1280	720	8098.0	165.0	925.0	19474.0	False	False	0.9897946357727051	0.9915479478791827
dark720p_60f	dark720p_60f	libaom	libaom_20200103_10cdc99_enc-mode0	60	55	0	155324.0	155.324	41.360833333333325	36.542666666666655	40.29783333333334	41.355188	36.53639	40.293091	88.13285419773516	676662.0	11.2777	655.67	1280	720	30.0	8	7f995b36bc18ee0ac65f3a34da0fb4d8	d91e76ff505383ae58d15e0c981f421a	1280	720	5253.0	170.0	531.0	21823.0	False	False	0.9871898502111435	0.9895512587911923
dark720p_60f	dark720p_60f	libaom	libaom_20200103_10cdc99_enc-mode0	60	63	0	85404.0	85.404	39.622666666666674	35.756	39.17783333333334	39.597691000000005	35.749948	39.161656	82.1528371281979	388538.0	6.475633333333334	382.85	1280	720	30.0	8	cd40ccb8e44ede7e4d08796d70f46d20	99953d2f9a845825d72f0873e7a32710	1280	720	4497.0	142.0	412.0	10131.0	False	False	0.9814873804648717	0.9851741475367041
kirland360p_60f	kirland360p_60f	libaom	libaom_20200103_10cdc99_enc-mode0	60	20	0	285544.0	285.544	47.435166666666674	48.5775	49.7845	47.378799	48.529573	49.742526	96.0168311008086	322859.0	5.380983333333333	319.68	640	360	30.0	8	974a8796910967120d704be897ddd0eb	dcdc6927249f95ea2ffe20696e485407	640	360	1361.0	95.0	202.0	3222.0	False	False	0.9910094966491063	0.9973788703335901
kirland360p_60f	kirland360p_60f	libaom	libaom_20200103_10cdc99_enc-mode0	60	32	0	151240.0	151.24000000000004	46.25649999999999	48.097333333333346	49.067833333333326	46.152025	48.070148	49.047418	95.04545413941663	165552.0	2.7592	163.96	640	360	30.0	8	17811c13f64d9f7e8045ea0150fb8020	bbadef82ee571580a7749fe8e3b29443	640	360	1983.0	67.0	133.0	5662.0	False	False	0.9899219234784444	0.9968915114012246
kirland360p_60f	kirland360p_60f	libaom	libaom_20200103_10cdc99_enc-mode0	60	43	0	93496.0	93.496	44.779666666666664	47.42333333333334	48.074166666666684	44.635399	47.391759	48.032261	92.90379389155204	108332.0	1.8055333333333334	107.12	640	360	30.0	8	f589f8af5f647f8600e94ea66c4cbabc	278de9783a1a6cd33b2ac52ae5bc878f	640	360	1365.0	75.0	128.0	3116.0	False	False	0.9882288684447607	0.9962104209223585
kirland360p_60f	kirland360p_60f	libaom	libaom_20200103_10cdc99_enc-mode0	60	55	0	56220.0	56.22	42.778166666666685	46.599833333333336	46.69133333333332	42.53274	46.516717	46.58638899999999	89.36882236415158	75921.0	1.26535	73.46	640	360	30.0	8	0168d15f5dc72cfb8301a17ce50b3e34	066194b620a3681d05a168d86beeb29e	640	360	1879.0	57.0	107.0	2989.0	False	False	0.9849409550428391	0.9948735407543696
kirland360p_60f	kirland360p_60f	libaom	libaom_20200103_10cdc99_enc-mode0	60	63	0	32756.0	32.756	39.92850000000001	45.2395	45.06166666666666	39.522187	45.04029	44.739718	81.6477114839662	65292.0	1.0882	64.32	640	360	30.0	8	e27e5ab6134556e64422274c0e98ae28	f15f9b0be659eb75940a1bd4b559ff0d	640	360	1302.0	99.0	117.0	3850.0	False	False	0.9768569697936376	0.9916680294353302
niklas360p_60f	niklas360p_60f	libaom	libaom_20200103_10cdc99_enc-mode0	60	20	0	1325972.0	1325.972	44.30916666666665	47.77516666666668	47.4125	44.25071	47.726603	47.363064	98.37265232287982	962666.0	16.044433333333334	959.0	640	360	30.0	8	87a68d6ea83f51f60c83e838c5a6b07e	bb5a8a4540bf3ad57e48ce5e7f058c24	640	360	2890.0	79.0	421.0	6140.0	False	False	0.9864549934864044	0.9968323186707743
niklas360p_60f	niklas360p_60f	libaom	libaom_20200103_10cdc99_enc-mode0	60	32	0	743636.0	743.636	41.95483333333333	46.290666666666674	45.70516666666666	41.901193	46.258636	45.670737	96.72175922128845	523067.0	8.717783333333333	521.78	640	360	30.0	8	b075bbc1b755b6d032ea4cca0ef7fa46	89d20fbca9fec87ee0a5941db59547da	640	360	2612.0	53.0	296.0	2837.0	False	False	0.9812042454878489	0.995204052033842
niklas360p_60f	niklas360p_60f	libaom	libaom_20200103_10cdc99_enc-mode0	60	43	0	426244.0	426.244	39.324	44.87933333333333	44.029	39.269798	44.855689	44.004808	93.54811306327441	410481.0	6.84135	405.3	640	360	30.0	8	21dd2857c0c2f692d84644ef6633719e	a5daa327c534aeb002055ccecc80f9ab	640	360	3856.0	1901.0	379.0	6536.0	False	False	0.9726509600877762	0.9922842058838037
niklas360p_60f	niklas360p_60f	libaom	libaom_20200103_10cdc99_enc-mode0	60	55	0	236064.0	236.064	36.329833333333326	43.137499999999996	41.93816666666667	36.280453	43.120613	41.922885	87.44481281777286	229641.0	3.82735	229.34	640	360	30.0	8	498125e17ac246d735bafa59cbc50a02	23ed55739d120debe225ed2ade5a9c1f	640	360	2093.0	62.0	204.0	4692.0	False	False	0.9565194288889567	0.9859395472797161
niklas360p_60f	niklas360p_60f	libaom	libaom_20200103_10cdc99_enc-mode0	60	63	0	124276.0	124.276	33.00333333333334	41.118166666666674	39.719833333333334	32.932941	41.10133600000001	39.705213	76.82560438944783	161686.0	2.6947666666666668	160.88	640	360	30.0	8	07242b3598f36145e6902e20b3091a52	34031698152b1354695c89d0577e2019	640	360	2877.0	90.0	168.0	4267.0	False	False	0.9271841198205948	0.9723470478870643
DinnerScene_1920x1080_2997_10b	DinnerScene_1920x1080_2997_10b	libaom	libaom_20200103_10cdc99_enc-mode0	60	20	0	1936453.0	1936.453	41.87233333333333	42.64683333333335	47.57166666666664	41.868391	42.633108	47.571847	91.51859506145101	31412572.0	523.5428666666667	31076.39	1920	1080	29.97	10	709b05ba14d91f167d3fb8d2ea653a57	463b4394d013868ea58e28fdea371ca7	1920	1080	30208.0	661.0	2968.0	26676.0	False	False	0.9943744460741679	0.9885410721947471
DinnerScene_1920x1080_2997_10b	DinnerScene_1920x1080_2997_10b	libaom	libaom_20200103_10cdc99_enc-mode0	60	32	0	319029.0	319.02899999999994	41.66366666666667	42.299833333333325	47.4525	41.663338	42.298998	47.452349	90.11820570983271	9485151.0	158.08585	9440.92	1920	1080	29.97	10	07012dd4d76573bc1cba694787fe09aa	8c14e9db5ed27833d0edd713f37d560e	1920	1080	24057.0	608.0	2622.0	49067.0	False	False	0.9935852785905203	0.98767035952501
DinnerScene_1920x1080_2997_10b	DinnerScene_1920x1080_2997_10b	libaom	libaom_20200103_10cdc99_enc-mode0	60	43	0	175497.0	175.497	41.439833333333326	42.23383333333333	47.248833333333316	41.439468	42.234094	47.248821	87.80315432672047	4172825.0	69.54708333333333	4091.6	1920	1080	29.97	10	e4d28c85083b7ae79978eb052a7f1661	07241b6b80a3d9e052b9eee7beaadca5	1920	1080	22524.0	559.0	2162.0	46801.0	False	False	0.99269597530365	0.9867911739189473
DinnerScene_1920x1080_2997_10b	DinnerScene_1920x1080_2997_10b	libaom	libaom_20200103_10cdc99_enc-mode0	60	55	0	102841.0	102.841	41.023999999999994	42.11216666666665	46.897166666666706	41.023857	42.112256	46.89704	83.69785957812164	3473019.0	57.88365	3361.99	1920	1080	29.97	10	bb66a2bdcf8e0835dc5da1640abfb4fe	ce665790477b76a6efbb0187d482b530	1920	1080	23661.0	632.0	2414.0	48889.0	False	False	0.9908849676450093	0.9850957211131903
DinnerScene_1920x1080_2997_10b	DinnerScene_1920x1080_2997_10b	libaom	libaom_20200103_10cdc99_enc-mode0	60	63	0	61618.0	61.618	40.21233333333334	41.73233333333332	46.18083333333331	40.208554	41.73094	46.17924	74.45342367668023	2249614.0	37.493566666666666	2171.7	1920	1080	29.97	10	a9d4b8f4e6b89e4520f21890b3924ff8	666a55a29bfb4ed8b759ea01a26aa4ca	1920	1080	22146.0	750.0	2769.0	73448.0	False	False	0.9864175299803416	0.9811778018089377
Netflix_FoodMarket_1920x1080_60f	Netflix_FoodMarket_1920x1080_60f	libaom	libaom_20200103_10cdc99_enc-mode0	60	20	0	19906224.0	19906.224	40.96683333333333	44.786666666666676	45.558500000000016	40.946094	44.782241	45.556726	98.95323424618077	20369835.0	339.49725	20328.31	1920	1080	60.0	8	e68ec88ea29e296a9d2519eace240f63	5ee463fe078d106a29b4814d613e07a4	1920	1080	22971.0	255.0	3201.0	46806.0	False	False	0.9950848271449407	0.9895495838788203
Netflix_FoodMarket_1920x1080_60f	Netflix_FoodMarket_1920x1080_60f	libaom	libaom_20200103_10cdc99_enc-mode0	60	32	0	6924904.0	6924.904	39.76283333333332	43.94666666666667	44.91516666666664	39.75578600000001	43.944586	44.914103	95.94505138442523	11062143.0	184.36905	11008.75	1920	1080	60.0	8	39f23878924898500ec2b4b96d2fbab3	fb30da7c348d998e63b5184ed1a2d887	1920	1080	33074.0	259.0	2138.0	46797.0	False	False	0.9921450734138488	0.9853296905481053
Netflix_FoodMarket_1920x1080_60f	Netflix_FoodMarket_1920x1080_60f	libaom	libaom_20200103_10cdc99_enc-mode0	60	43	0	3492904.0	3492.904	38.57899999999999	43.15766666666669	44.23883333333332	38.569337	43.152926	44.237602	91.5750722458026	4102723.0	68.37871666666666	4093.48	1920	1080	60.0	8	2dba723ec99908bf30e26ce96fbdf9d7	a4350483fd74bb8139b7f1d5cda150f4	1920	1080	21866.0	317.0	2303.0	49111.0	False	False	0.988086019953092	0.9801241086074727
Netflix_FoodMarket_1920x1080_60f	Netflix_FoodMarket_1920x1080_60f	libaom	libaom_20200103_10cdc99_enc-mode0	60	55	0	1741984.0	1741.984	36.85483333333334	42.05633333333334	43.2085	36.837065	42.049863	43.199291	82.9140512183724	2417252.0	40.287533333333336	2400.02	1920	1080	60.0	8	9221507014d082a86e5455efa07bf586	8f74b03fb508670247427d3f81bfcbc2	1920	1080	22869.0	307.0	1648.0	47930.0	False	False	0.9778027057647705	0.9686699046678466
Netflix_FoodMarket_1920x1080_60f	Netflix_FoodMarket_1920x1080_60f	libaom	libaom_20200103_10cdc99_enc-mode0	60	63	0	856112.0	856.112	34.72066666666665	40.79766666666668	41.81249999999999	34.679182	40.782874	41.767787	68.45162330150357	1516882.0	25.281366666666667	1504.6	1920	1080	60.0	8	d8e3fadc65562c7ec2de404f1a40a9e1	8b3b2b7d497d5544631e41cc0399218d	1920	1080	21865.0	274.0	1143.0	47110.0	False	False	0.9541575034459432	0.9457562302214861
red_kayak_360p_60f	red_kayak_360p_60f	libaom	libaom_20200103_10cdc99_enc-mode0	60	20	0	8937998.0	8937.998	40.9575	44.478666666666676	49.13866666666666	40.847681	44.427071	49.123825	99.88152650727875	2624294.0	43.73823333333333	2592.59	640	360	29.97	8	0811c8f858680b624a5d67dc7f031d26	a8b3dc6b2324d2e375e34657d34f7378	640	360	3026.0	63.0	962.0	5751.0	False	False	0.9711210787296295	0.9940566585300675
red_kayak_360p_60f	red_kayak_360p_60f	libaom	libaom_20200103_10cdc99_enc-mode0	60	32	0	5218190.0	5218.19	36.41816666666667	41.90833333333332	48.04683333333333	36.203392	41.833925	48.035178	99.51242746142042	3092098.0	51.53496666666667	3088.86	640	360	29.97	8	1fb25135cf9f04ddea2e88c17bec182a	1bc7c9e4faa5357b155a4eaed85ded8c	640	360	3732.0	112.0	1279.0	11693.0	False	False	0.9378199110428492	0.985634628324081
red_kayak_360p_60f	red_kayak_360p_60f	libaom	libaom_20200103_10cdc99_enc-mode0	60	43	0	2411617.0	2411.617	31.912166666666675	39.70966666666668	47.20266666666667	31.669357	39.64174	47.177916	86.20567361823115	2812845.0	46.88075	2765.89	640	360	29.97	8	3d3b88357500178e80ac426a5c641dac	cafe7a9ba1a2a527313c9ae6985102da	640	360	2754.0	119.0	981.0	5296.0	False	False	0.8672127415736516	0.9649344030387376
red_kayak_360p_60f	red_kayak_360p_60f	libaom	libaom_20200103_10cdc99_enc-mode0	60	55	0	830158.0	830.158	28.277833333333334	38.30133333333333	46.64283333333333	28.081167	38.265769	46.545653	60.21623377408233	1207581.0	20.12635	1202.27	640	360	29.97	8	627fb8e33bcc00f166bd2e42188e0d9f	4500be7f584258e9225d84f4e9510131	640	360	3383.0	98.0	396.0	5976.0	False	False	0.7598636984825134	0.9203288567258683
red_kayak_360p_60f	red_kayak_360p_60f	libaom	libaom_20200103_10cdc99_enc-mode0	60	63	0	214737.0	214.737	25.771166666666666	36.855500000000006	44.67366666666667	25.630553	36.819705	44.597258	26.82557586140289	404384.0	6.739733333333334	398.74	640	360	29.97	8	bdb8441227f1ff36b5527d913aed812c	fd42e5a87d8d81a4df4e5d1bfb676b91	640	360	3651.0	71.0	236.0	5970.0	False	False	0.6619405885537465	0.8357654968941707
wikipedia_420	wikipedia_420	libaom	libaom_20200103_10cdc99_enc-mode0	60	20	0	1388228.0	1388.228	52.96066666666668	52.563166666666646	53.47566666666666	52.936566	52.391766	53.405062	99.8185625504439	1699812.0	28.3302	1665.21	1920	1080	30.0	8	13b84555b2837e0571dd5d2f5c2426fc	e88ff8d7b5da1791b7e930ab4d754005	1920	1080	16959.0	269.0	1308.0	45729.0	False	False	0.9992476830879847	0.9988307998330698
wikipedia_420	wikipedia_420	libaom	libaom_20200103_10cdc99_enc-mode0	60	32	0	888080.0	888.08	49.706166666666654	50.378999999999984	51.55283333333334	49.663871	50.115261	51.470794	99.79785273597987	1407318.0	23.4553	1381.4	1920	1080	30.0	8	ae057eff2ace3ef076ec6dc0819c9af6	a1dba1553a6f0e0b60da4f361bc0fb11	1920	1080	9560.0	278.0	978.0	24299.0	False	False	0.9988541821638743	0.9981620065393845
wikipedia_420	wikipedia_420	libaom	libaom_20200103_10cdc99_enc-mode0	60	43	0	671412.0	671.412	47.272333333333336	48.44183333333333	49.65616666666666	47.19418	48.236398	49.580629	99.74575698621541	1308944.0	21.815733333333334	1277.59	1920	1080	30.0	8	e39b5ec61da83f5b99311a0b14b11484	ddef38f3de619ebe23f22d78b7d470f3	1920	1080	10962.0	434.0	1674.0	30722.0	False	False	0.9985730816920598	0.997822076033484
wikipedia_420	wikipedia_420	libaom	libaom_20200103_10cdc99_enc-mode0	60	55	0	510396.0	510.396	43.779333333333334	45.941666666666656	47.356166666666695	43.635342	45.778389	47.276734	99.61071204449131	716716.0	11.945266666666667	710.56	1920	1080	30.0	8	7c635a5b3078ccc5678297c1b3c384ae	99b29eeb3d735e0ebf506073a8537da3	1920	1080	10719.0	276.0	1012.0	37450.0	False	False	0.9980695853630702	0.9972680696321341
wikipedia_420	wikipedia_420	libaom	libaom_20200103_10cdc99_enc-mode0	60	63	0	386484.0	386.484	39.27583333333334	43.25450000000001	44.5045	38.952793	43.052573	44.379823	98.87789978436811	627739.0	10.462316666666666	620.21	1920	1080	30.0	8	77fa57bb7fd189fe57636a71393c8d5d	aa04fe4226d8919a6bef6a89c691f096	1920	1080	13455.0	246.0	944.0	37999.0	False	False	0.9964198937018712	0.9955709719517397
Netflix_Aerial_1920x1080_60fps_8	Netflix_Aerial_1920x1080_60fps_8	libaom	libaom_20200103_10cdc99_enc-mode0	60	20	0	19854024.0	19854.024	42.7625	45.47499999999999	45.19866666666667	42.727943	45.468059	45.19496	96.79455927270445	15881326.0	264.68876666666665	15569.38	1920	1080	60.0	8	2a5dc6ffefd4a7c2dac8684aa821bf7f	db3e45547ed207acd880b8078d9e71e4	1920	1080	15782.0	285.0	3026.0	23847.0	False	False	0.9979667107264201	0.9965597395503714
Netflix_Aerial_1920x1080_60fps_8	Netflix_Aerial_1920x1080_60fps_8	libaom	libaom_20200103_10cdc99_enc-mode0	60	32	0	10300200.0	10300.2	40.8825	44.26500000000001	44.26966666666668	40.824744	44.257915	44.266109	94.6246907084566	6965626.0	116.09376666666667	6935.66	1920	1080	60.0	8	4d73fcced288506600da81733f243a9e	dc837e11a7a39017d8817ae81aff9f86	1920	1080	26845.0	256.0	2155.0	46523.0	False	False	0.9966110994418462	0.994524023355444
Netflix_Aerial_1920x1080_60fps_8	Netflix_Aerial_1920x1080_60fps_8	libaom	libaom_20200103_10cdc99_enc-mode0	60	43	0	5355392.0	5355.392000000001	38.59166666666667	42.714000000000006	43.17949999999998	38.534246	42.709033	43.174282999999996	91.34297687306005	4272852.0	71.2142	4195.18	1920	1080	60.0	8	c7134982ecbc3bbdcac9802d0b8b3cb9	426dbfb1f80b9e5ecaa64f770cf560ea	1920	1080	13104.0	257.0	1606.0	23003.0	False	False	0.9942194441954295	0.9905622181333944
Netflix_Aerial_1920x1080_60fps_8	Netflix_Aerial_1920x1080_60fps_8	libaom	libaom_20200103_10cdc99_enc-mode0	60	55	0	2579040.0	2579.04	35.84533333333333	40.97133333333333	42.03816666666668	35.809271	40.962973	42.027275	85.3248333716338	2783593.0	46.39321666666667	2778.67	1920	1080	60.0	8	86508f178387e8335ea75c5676605c79	90cb3a2dde9b4cf7106ef7e8b1a2d81c	1920	1080	23913.0	263.0	1336.0	46923.0	False	False	0.988732056816419	0.9811557783655579
Netflix_Aerial_1920x1080_60fps_8	Netflix_Aerial_1920x1080_60fps_8	libaom	libaom_20200103_10cdc99_enc-mode0	60	63	0	1113584.0	1113.584	32.655166666666666	39.11066666666665	40.87816666666667	32.604431	39.076848	40.854815	71.36135828120123	2052336.0	34.2056	2039.25	1920	1080	60.0	8	25f98ff0203d5ae1a62471de65604590	b8e7d37bdbd9a84abb109ece4c15c95e	1920	1080	13784.0	283.0	1197.0	48597.0	False	False	0.971301931142807	0.9539808511295474
Netflix_Crosswalk_1920x1080_60fp	Netflix_Crosswalk_1920x1080_60fp	libaom	libaom_20200103_10cdc99_enc-mode0	60	20	0	7418024.0	7418.024	45.57166666666665	48.35066666666667	50.21566666666666	45.544181	48.344139	50.205961	99.0598049401891	7819146.0	130.3191	7775.8	1920	1080	60.0	8	c1f767395c8c682c80dc65423fd05f56	2b4defd085a16c38c6063139c2970972	1920	1080	15949.0	276.0	2072.0	46639.0	False	False	0.9976576785246531	0.9957735215439171
Netflix_Crosswalk_1920x1080_60fp	Netflix_Crosswalk_1920x1080_60fp	libaom	libaom_20200103_10cdc99_enc-mode0	60	32	0	3865264.0	3865.264	44.36566666666666	47.60133333333333	49.42750000000001	44.325382	47.594061	49.418626	96.01455131938015	3588935.0	59.815583333333336	3569.87	1920	1080	60.0	8	7156e3f105dcba1005bee8e537755617	aa1b96b25e86a166684d5023c8c8b91b	1920	1080	15620.0	291.0	2058.0	44271.0	False	False	0.9961294591426849	0.9940965853434949
Netflix_Crosswalk_1920x1080_60fp	Netflix_Crosswalk_1920x1080_60fp	libaom	libaom_20200103_10cdc99_enc-mode0	60	43	0	2085136.0	2085.136	42.77433333333332	46.680333333333316	48.42233333333333	42.701984	46.669311	48.41032499999999	90.43441734053835	2194717.0	36.57861666666667	2156.19	1920	1080	60.0	8	f88219e0ba3f4ee521bb737732abf192	b2b110689a5240c742f25ce0c65545db	1920	1080	10020.0	316.0	1916.0	25142.0	False	False	0.992935965458552	0.9909888617683376
Netflix_Crosswalk_1920x1080_60fp	Netflix_Crosswalk_1920x1080_60fp	libaom	libaom_20200103_10cdc99_enc-mode0	60	55	0	1092560.0	1092.56	40.619166666666665	45.37	47.03466666666666	40.515172	45.355613	47.022158	80.3867629768091	2987196.0	49.7866	2967.4	1920	1080	60.0	8	b2d630fff3c9232a67bcd86763c344a1	f8d62af191933e1595f068c87488ecfc	1920	1080	18244.0	321.0	1668.0	49065.0	False	False	0.9857879847288131	0.9846238343225905
Netflix_Crosswalk_1920x1080_60fp	Netflix_Crosswalk_1920x1080_60fp	libaom	libaom_20200103_10cdc99_enc-mode0	60	63	0	575832.0	575.832	37.98	43.672166666666676	45.269	37.837039	43.64722	45.241139	64.85757817653734	976009.0	16.266816666666667	967.83	1920	1080	60.0	8	dbea67d477929af644241c173fea79a8	632c5242b40ee1cc7020bf1f431382e9	1920	1080	9800.0	278.0	1188.0	27660.0	False	False	0.9704008479913075	0.9719089606195832
shields_640x360_60f	shields_640x360_60f	libaom	libaom_20200103_10cdc99_enc-mode0	60	20	0	1991620.0	1991.62	42.20700000000001	44.92299999999999	46.39833333333334	42.093085	44.903485	46.357664	99.4728446250804	1016231.0	16.937183333333333	1004.51	640	360	50.0	8	467026ac589868fde64112119b9c0059	aa523e0529f21afcaafa145cdc73348e	640	360	2516.0	77.0	367.0	2998.0	False	False	0.9849732448657353	0.9981732583643342
shields_640x360_60f	shields_640x360_60f	libaom	libaom_20200103_10cdc99_enc-mode0	60	32	0	1087946.0	1087.946	40.33049999999999	43.23133333333333	44.77883333333334	40.154989	43.190052	44.71379	99.45263674969841	571284.0	9.5214	565.28	640	360	50.0	8	ddac1f3f804e41b7ea7cddb02bc0fd3f	94e548cf91829749db3a4342dba6776a	640	360	2589.0	189.0	313.0	3094.0	False	False	0.9797287086645762	0.997407279910668
shields_640x360_60f	shields_640x360_60f	libaom	libaom_20200103_10cdc99_enc-mode0	60	43	0	641800.0	641.8	38.03783333333333	41.07249999999999	42.779500000000006	37.790756	40.991942	42.68539	99.42112029782659	403118.0	6.718633333333333	395.94	640	360	50.0	8	b0fae670be691fc041a57d18a9885e72	9250d3fe855d7a68c58e7b2f53f5a99c	640	360	3230.0	232.0	447.0	4071.0	False	False	0.9693866262833277	0.9957364198851398
shields_640x360_60f	shields_640x360_60f	libaom	libaom_20200103_10cdc99_enc-mode0	60	55	0	382040.0	382.04	35.26199999999999	38.66399999999999	40.635333333333314	34.92784100000001	38.515531	40.488887	97.32527024809197	269306.0	4.488433333333333	266.75	640	360	50.0	8	329b71bf6d96866ba4dc6ad26ee0093b	0bf0550f984a44a651392144724eafcf	640	360	5431.0	115.0	303.0	4557.0	False	False	0.9491188983122508	0.9918748646078878
shields_640x360_60f	shields_640x360_60f	libaom	libaom_20200103_10cdc99_enc-mode0	60	63	0	221606.0	221.60600000000002	31.804666666666673	36.180166666666665	37.99483333333334	31.32007	35.941637	37.821516	88.3430455803506	205836.0	3.4306	204.27	640	360	50.0	8	59404311b8f8523b219dd4b4040275ab	3d6238654f2fdb60082e0ba59cf3ed23	640	360	4289.0	96.0	168.0	4637.0	False	False	0.9007096300522487	0.9803440021479386
Aerial_1920x1080_2997_10b	Aerial_1920x1080_2997_10b	libaom	libaom_20200103_10cdc99_enc-mode0	60	20	0	8238887.0	8238.887	43.67333333333335	45.6135	44.93500000000002	43.640274	45.604756	44.925781	96.55978114095502	14647438.0	244.12396666666666	14409.15	1920	1080	29.97	10	3a9f2932b076fe280b5c79790be17c9c	e3bbf24ceb96acd95c44558a03b457a6	1920	1080	23384.0	574.0	3381.0	24362.0	False	False	0.9990057428677876	0.9979776550341278
Aerial_1920x1080_2997_10b	Aerial_1920x1080_2997_10b	libaom	libaom_20200103_10cdc99_enc-mode0	60	32	0	4536940.0	4536.94	41.727000000000004	44.05033333333333	43.64566666666668	41.697764	44.047054	43.644196	95.35106577551787	8158313.0	135.97188333333332	8012.23	1920	1080	29.97	10	b4a8817fcf69270e5fdaf2c996998846	2b8abacd7e835c2454baa2b6e573ce8d	1920	1080	22188.0	572.0	2760.0	24796.0	False	False	0.9984574049711228	0.9969957349409138
Aerial_1920x1080_2997_10b	Aerial_1920x1080_2997_10b	libaom	libaom_20200103_10cdc99_enc-mode0	60	43	0	2607147.0	2607.147	39.21766666666666	42.19866666666669	42.212166666666675	39.201398	42.197139	42.21172	92.94973931115707	5501657.0	91.69428333333333	5432.42	1920	1080	29.97	10	0f3c30f4e33c76fcef615dd262fd5e00	d1300acb8879e068f15ce817f3c2ba4b	1920	1080	31546.0	553.0	2281.0	46557.0	False	False	0.9973238964875539	0.9949417042357435
Aerial_1920x1080_2997_10b	Aerial_1920x1080_2997_10b	libaom	libaom_20200103_10cdc99_enc-mode0	60	55	0	1379340.0	1379.34	35.95033333333333	40.21016666666669	40.74716666666665	35.943706	40.209549	40.746647	87.92892214107603	4138597.0	68.97661666666667	4037.13	1920	1080	29.97	10	a67d0a21f34a9714fb799f53a0f605c3	8ec249d068d54e0acac256df871e927b	1920	1080	23765.0	793.0	2283.0	25196.0	False	False	0.9942692240079244	0.9893381430635189
Aerial_1920x1080_2997_10b	Aerial_1920x1080_2997_10b	libaom	libaom_20200103_10cdc99_enc-mode0	60	63	0	679807.0	679.807	32.08233333333334	38.04933333333334	39.370333333333306	32.024068	38.041106	39.365735	76.10198466631215	3540641.0	59.01068333333333	3520.68	1920	1080	29.97	10	5851dec18e2ce2edcab76b4a02f8c09d	9c7a398d7c132e50efbd9b9513ddb448	1920	1080	32521.0	588.0	1928.0	47927.0	False	False	0.9832466671864192	0.9703349195995419
DOTA2_60f_420	DOTA2_60f_420	libaom	libaom_20200103_10cdc99_enc-mode0	60	20	0	14995736.0	14995.736	45.469333333333324	48.99166666666665	49.1865	45.418423	48.941136	49.170394	97.56744833380345	7344201.0	122.40335	7243.07	1920	1080	60.0	8	e26fea3371c950a735faf7bb69540d31	14770da4df47a5e709dd3153ad582b43	1920	1080	12713.0	275.0	2268.0	47404.0	False	False	0.9986861864725749	0.9974136729333516
DOTA2_60f_420	DOTA2_60f_420	libaom	libaom_20200103_10cdc99_enc-mode0	60	32	0	7420616.0	7420.616	42.95799999999999	46.747333333333344	47.106166666666674	42.893618	46.687225	47.090033	95.71021407625166	5702349.0	95.03915	5596.33	1920	1080	60.0	8	53834a36315d8264cd45ab6b22ea6cc4	b2efb4e017ac08d97c4fa259bf8320a9	1920	1080	13968.0	503.0	1693.0	22933.0	False	False	0.9974617530902227	0.9951677740101822
DOTA2_60f_420	DOTA2_60f_420	libaom	libaom_20200103_10cdc99_enc-mode0	60	43	0	3779248.0	3779.248	40.41683333333332	44.465166666666654	44.881833333333326	40.353771	44.402434	44.86684	92.37897272223815	4390395.0	73.17325	4263.73	1920	1080	60.0	8	f200c65ba1ac7d3a4b14d5e2add26cf7	b63b4c27ab186bb8015537b69d80afda	1920	1080	13525.0	287.0	1633.0	47862.0	False	False	0.9946539223194122	0.9906348110362208
DOTA2_60f_420	DOTA2_60f_420	libaom	libaom_20200103_10cdc99_enc-mode0	60	55	0	1873688.0	1873.6879999999999	37.75483333333332	42.101166666666664	42.47283333333334	37.686821	42.02997	42.460675	86.07964352130925	1972932.0	32.8822	1955.17	1920	1080	60.0	8	d3f7376412713b0626f90c56c8220cf9	be0996a4b0e841da775b1c958c6330b7	1920	1080	21243.0	287.0	1414.0	50454.0	False	False	0.9874391237894694	0.9812280777032696
DOTA2_60f_420	DOTA2_60f_420	libaom	libaom_20200103_10cdc99_enc-mode0	60	63	0	933600.0	933.6	34.93449999999999	39.338666666666676	39.774	34.845392	39.263033	39.743458	74.1736253867892	1921125.0	32.01875	1907.88	1920	1080	60.0	8	ae465fbfb104855ac53c83ac438a7e6a	416d1044701b326b2770cf5eab08aef9	1920	1080	23358.0	312.0	1135.0	49594.0	False	False	0.9690516551335653	0.9618789037417984
aspen_1080p_60f	aspen_1080p_60f	libaom	libaom_20200103_10cdc99_enc-mode0	60	20	0	7039693.0	7039.693	43.86833333333335	48.03049999999999	49.21383333333334	43.839038	48.027322	49.211196	97.71336663510104	9268171.0	154.46951666666666	9141.65	1920	1080	29.97	8	e76a715e885e7a8c392865a803ac810a	8e20620099632a4226014fa32a09318d	1920	1080	9015.0	252.0	2483.0	22599.0	False	False	0.9959634135166804	0.9923466575445611
aspen_1080p_60f	aspen_1080p_60f	libaom	libaom_20200103_10cdc99_enc-mode0	60	32	0	2263927.0	2263.927	42.269833333333324	47.04399999999998	48.08950000000001	42.255467	47.041378	48.085808	94.41114463973503	4555867.0	75.93111666666667	4474.68	1920	1080	29.97	8	91f8e465789652611ad98a1ec4bd299d	5850eba81e7c53f7e5494b7130c1a6ec	1920	1080	9424.0	263.0	1896.0	23612.0	False	False	0.9942974150180817	0.9900285012849719
aspen_1080p_60f	aspen_1080p_60f	libaom	libaom_20200103_10cdc99_enc-mode0	60	43	0	1051038.0	1051.038	41.01450000000001	45.83416666666666	46.78933333333334	40.999777	45.830786	46.785284	90.09897751563517	3607230.0	60.1205	3585.69	1920	1080	29.97	8	f89200117db4b530dde5c9518a0d11ad	70e7cbc8c50e64d7483952c9edd8ce35	1920	1080	9906.0	292.0	1910.0	43508.0	False	False	0.9919544706741968	0.987338602176099
aspen_1080p_60f	aspen_1080p_60f	libaom	libaom_20200103_10cdc99_enc-mode0	60	55	0	530480.0	530.48	39.272000000000006	44.309999999999995	44.980500000000006	39.245362	44.305061	44.973062	82.63212687449878	1414100.0	23.56833333333333	1403.57	1920	1080	29.97	8	5750c07d2e69420168a3f336a7ac76b3	2b26d0c8ec4f23a03e78295578448a5b	1920	1080	9963.0	308.0	1426.0	48137.0	False	False	0.98680981695652	0.9819354465604389
aspen_1080p_60f	aspen_1080p_60f	libaom	libaom_20200103_10cdc99_enc-mode0	60	63	0	275085.0	275.085	36.85633333333333	42.273999999999994	42.77133333333333	36.801855	42.260998	42.750622	69.4777761078447	1261229.0	21.020483333333335	1249.04	1920	1080	29.97	8	201e043f8b6084cae28960769cf70c73	89b70df80b90640b62790fdabb3cebf0	1920	1080	15621.0	275.0	1186.0	46364.0	False	False	0.9738950709501902	0.9696457199778111
thaloundeskmtg360p_60f	thaloundeskmtg360p_60f	libaom	libaom_20200103_10cdc99_enc-mode0	60	20	0	844968.0	844.968	44.68249999999998	48.54766666666668	48.578500000000005	44.461103	48.492214	48.541492	97.0190607940606	536795.0	8.946583333333333	528.74	640	360	30.0	8	00e5a7a1e135eff9136c0754bb3f60a6	f692c49abc216bbdc5a6d0901ab924b0	640	360	2897.0	113.0	288.0	5941.0	False	False	0.9924475868542989	0.9983861413720605
thaloundeskmtg360p_60f	thaloundeskmtg360p_60f	libaom	libaom_20200103_10cdc99_enc-mode0	60	32	0	438916.0	438.916	43.12183333333333	47.31516666666668	47.428499999999985	42.798824	47.251128	47.379595	96.05042574098691	276811.0	4.6135166666666665	275.57	640	360	30.0	8	35c104cd995d06b82d597e8bac76eaa6	4716a6a00bd2d0cfa8b957a302732315	640	360	2909.0	80.0	212.0	5990.0	False	False	0.9903607388337453	0.9977293121964627
thaloundeskmtg360p_60f	thaloundeskmtg360p_60f	libaom	libaom_20200103_10cdc99_enc-mode0	60	43	0	250128.0	250.128	41.16733333333333	45.7535	45.77083333333332	40.741088	45.675997	45.700058	94.09677694545897	158092.0	2.6348666666666665	157.45	640	360	30.0	8	35bea63905354892cfd268004260dd3a	3335ce69fe6050401adaa10c1f729628	640	360	2577.0	106.0	168.0	3250.0	False	False	0.9867688367764155	0.9964854710246395
thaloundeskmtg360p_60f	thaloundeskmtg360p_60f	libaom	libaom_20200103_10cdc99_enc-mode0	60	55	0	142708.0	142.708	38.48933333333333	43.71099999999999	43.76350000000001	37.960862	43.604695	43.659427	90.17099566461758	122645.0	2.0440833333333335	121.04	640	360	30.0	8	bae3343b5cfda4b5d7abff3152b1e27d	3c160673bc1c15cfeffe89c9da544566	640	360	1893.0	78.0	148.0	3010.0	False	False	0.9793718447287877	0.9936280887061667
thaloundeskmtg360p_60f	thaloundeskmtg360p_60f	libaom	libaom_20200103_10cdc99_enc-mode0	60	63	0	77184.0	77.184	34.82533333333333	40.87983333333332	40.91283333333334	33.972225	40.65314	40.709635	81.02112980413659	93532.0	1.5588666666666666	92.09	640	360	30.0	8	b3c759b47dec04a49cea60dd6dc2729d	6fd64d21f181a2e325ecc1078dd60ff7	640	360	1873.0	75.0	125.0	3173.0	False	False	0.9606900562842687	0.9852557832060588
Sintel_Dragons_1920x816_24_10b	Sintel_Dragons_1920x816_24_10b	libaom	libaom_20200103_10cdc99_enc-mode0	60	20	0	5067542.0	5067.542	47.087666666666685	51.65433333333335	51.74416666666668	47.020286000000006	51.62164500000001	51.690412	99.9217893434594	7405116.0	123.4186	7371.04	1920	816	24.0	10	3cb428447d124377c8a1f8891b445a0f	2f83f2990f84d32b237599002ca27117	1920	816	11695.0	391.0	3121.0	20519.0	False	False	0.9969018489122391	0.9970424941512188
Sintel_Dragons_1920x816_24_10b	Sintel_Dragons_1920x816_24_10b	libaom	libaom_20200103_10cdc99_enc-mode0	60	32	0	2670089.0	2670.089	44.09066666666667	49.40233333333334	49.31066666666667	44.033952	49.36121	49.24101699999999	99.90113937175093	7254198.0	120.9033	7104.22	1920	816	24.0	10	2194ace619aa826fae3d5995fa96185c	b19798813090c655cf67beed171d89e5	1920	816	12286.0	470.0	3548.0	34142.0	False	False	0.9945581406354904	0.9949093700898691
Sintel_Dragons_1920x816_24_10b	Sintel_Dragons_1920x816_24_10b	libaom	libaom_20200103_10cdc99_enc-mode0	60	43	0	1453788.0	1453.788	41.214833333333324	47.100500000000004	46.97366666666665	41.165883	47.047676	46.889427	98.18753021956964	4871555.0	81.19258333333333	4738.6	1920	816	24.0	10	9e5767822048457f2e7f0cde4413a092	0052842fcef4ad346ea4074eb54f9df7	1920	816	11362.0	413.0	2524.0	32541.0	False	False	0.9897725413242976	0.9908208344972587
Sintel_Dragons_1920x816_24_10b	Sintel_Dragons_1920x816_24_10b	libaom	libaom_20200103_10cdc99_enc-mode0	60	55	0	791923.0	791.923	38.291166666666676	44.73299999999999	44.628166666666665	38.247531	44.687701	44.540151	89.11471348247674	2950243.0	49.170716666666664	2904.57	1920	816	24.0	10	11531a0af65f69f1f167592f5e6e08ca	67cbef227ed252b94a42a65cd2be7789	1920	816	9950.0	411.0	2267.0	18007.0	False	False	0.9802912890911102	0.9830365815573222
Sintel_Dragons_1920x816_24_10b	Sintel_Dragons_1920x816_24_10b	libaom	libaom_20200103_10cdc99_enc-mode0	60	63	0	409718.0	409.718	35.023166666666675	42.14533333333335	42.028833333333324	34.964893	42.121524	41.94874	71.54463077145797	2340637.0	39.010616666666664	2329.13	1920	816	24.0	10	de1380b6536c8c656b66d96d072102c1	87e9977962acb03c3b134e5ebdc37622	1920	816	25218.0	464.0	2148.0	51617.0	False	False	0.9608665863672893	0.9672762461171635
ShowGirl2TeaserClip4000_1920x108	ShowGirl2TeaserClip4000_1920x108	libaom	libaom_20200103_10cdc99_enc-mode0	60	20	0	3190816.0	3190.816	42.48899999999999	46.5875	49.33999999999998	42.480468	46.586752	49.339046	95.4210223177517	20504287.0	341.73811666666666	20350.49	1920	1080	25.0	10	12426654ed8e41ff4a9947041c461e89	10d0da4322242d2363ac4d8e0d6c882b	1920	1080	22621.0	553.0	2975.0	28554.0	False	False	0.9962791899840037	0.9917427136854057
ShowGirl2TeaserClip4000_1920x108	ShowGirl2TeaserClip4000_1920x108	libaom	libaom_20200103_10cdc99_enc-mode0	60	32	0	1233423.0	1233.423	41.68033333333334	46.12216666666665	48.53616666666664	41.67582	46.121217	48.536439	93.50460672737425	8209085.0	136.81808333333333	8169.27	1920	1080	25.0	10	e7938bb224ef06952a28643e01f3f522	bd397f9a11152b3346ad5048287ffe8d	1920	1080	36475.0	518.0	2511.0	46880.0	False	False	0.9951252698898315	0.9902031158118907
ShowGirl2TeaserClip4000_1920x108	ShowGirl2TeaserClip4000_1920x108	libaom	libaom_20200103_10cdc99_enc-mode0	60	43	0	691730.0	691.73	40.70716666666668	45.592499999999994	47.73933333333334	40.694671	45.59129	47.73928	90.54141480690434	4087605.0	68.12675	3988.23	1920	1080	25.0	10	23f17e97f9930d7d67284554018aa151	65dd3c03701bfb5bb33eb93509c2db44	1920	1080	22817.0	600.0	2436.0	25217.0	False	False	0.993356520930926	0.9881586927198424
ShowGirl2TeaserClip4000_1920x108	ShowGirl2TeaserClip4000_1920x108	libaom	libaom_20200103_10cdc99_enc-mode0	60	55	0	378956.0	378.956	39.16900000000001	44.77349999999999	46.54633333333334	39.143762	44.772608	46.546069	84.86108207732754	3241586.0	54.02643333333334	3155.21	1920	1080	25.0	10	7012577c2f3859816d5821ba0bb38318	5ae093a3c7b790fbe344f67ddbf77295	1920	1080	22408.0	612.0	2281.0	24989.0	False	False	0.9894119501113892	0.9838617043810687
ShowGirl2TeaserClip4000_1920x108	ShowGirl2TeaserClip4000_1920x108	libaom	libaom_20200103_10cdc99_enc-mode0	60	63	0	213706.0	213.706	37.055166666666665	43.11349999999997	45.03883333333335	36.998624	43.10340800000001	45.018268	74.65386987149621	2182129.0	36.36881666666667	2166.22	1920	1080	25.0	10	5033ee7b6ecc7f9cb4f3e811e2dfb03c	a980d91ec0004661b8d1bfcb4cd4701c	1920	1080	23681.0	587.0	2029.0	49668.0	False	False	0.9803438266118367	0.9746465885656203
Netflix_RollerCoaster_1280x720_6	Netflix_RollerCoaster_1280x720_6	libaom	libaom_20200103_10cdc99_enc-mode0	60	20	0	7224472.0	7224.472	44.697833333333314	46.366000000000014	46.38083333333332	44.679159	46.360122	46.377072	99.89962592902519	4197158.0	69.95263333333334	4168.85	1280	720	60.0	8	df228c9e5316d205312151e7c30ceaf6	329eda8883ce984a589ca2852549a202	1280	720	10779.0	159.0	1529.0	21183.0	False	False	0.9978579779465994	0.9974720529974673
Netflix_RollerCoaster_1280x720_6	Netflix_RollerCoaster_1280x720_6	libaom	libaom_20200103_10cdc99_enc-mode0	60	32	0	3713528.0	3713.528	42.41049999999999	44.63300000000001	44.97516666666666	42.386717	44.624592	44.970876	99.84639154846435	3599774.0	59.996233333333336	3529.68	1280	720	60.0	8	aab381cb883616a39b231568d25159ca	0f0279ecbbe7ff9375f11ac44d5708ab	1280	720	6964.0	151.0	1163.0	10282.0	False	False	0.9962575991948446	0.9957655156205643
Netflix_RollerCoaster_1280x720_6	Netflix_RollerCoaster_1280x720_6	libaom	libaom_20200103_10cdc99_enc-mode0	60	43	0	2030456.0	2030.456	40.16166666666666	42.87366666666667	43.678499999999985	40.130329	42.861287	43.671822	97.63063847750685	1674157.0	27.902616666666667	1649.17	1280	720	60.0	8	f29b80718ad64bdf4a02716f709841a7	20a2af095aefc40466a3188eabd348ca	1280	720	6548.0	1042.0	1704.0	15696.0	False	False	0.9933396438757579	0.992849221717583
Netflix_RollerCoaster_1280x720_6	Netflix_RollerCoaster_1280x720_6	libaom	libaom_20200103_10cdc99_enc-mode0	60	55	0	1084880.0	1084.88	37.530166666666666	40.72966666666667	42.01416666666669	37.496952	40.713824	42.007067	90.64729724350398	1041005.0	17.350083333333334	1030.05	1280	720	60.0	8	0244e8d8f949a80e6ca1ba92234b30a6	0a29d21ddedc14f6aca4dcb17489b137	1280	720	10511.0	205.0	1091.0	20285.0	False	False	0.9863423357407252	0.986220796342206
Netflix_RollerCoaster_1280x720_6	Netflix_RollerCoaster_1280x720_6	libaom	libaom_20200103_10cdc99_enc-mode0	60	63	0	566496.0	566.496	34.55216666666667	38.31433333333333	40.18550000000001	34.49135	38.283772	40.172955	77.19504512417079	718178.0	11.969633333333332	708.31	1280	720	60.0	8	d54ac92be110cc4c70ca47b6e1be0254	c22cdf159e53da6b53f7983b0b54cdee	1280	720	9951.0	2085.0	1319.0	22410.0	False	False	0.969805829723676	0.9720824534459064
vidyo1_720p_60fps_60f	vidyo1_720p_60fps_60f	libaom	libaom_20200103_10cdc99_enc-mode0	60	20	0	3635936.0	3635.936	45.52583333333333	48.108999999999966	49.43516666666666	45.511293	48.101424	49.430485	96.52102146385207	3668118.0	61.1353	3658.79	1280	720	60.0	8	bddad4d8c45b084dce32a338e5c84aa8	c9faa6ec4f568916f7d29391416425e3	1280	720	13275.0	158.0	856.0	21286.0	False	False	0.9975129346052806	0.9968979511505579
vidyo1_720p_60fps_60f	vidyo1_720p_60fps_60f	libaom	libaom_20200103_10cdc99_enc-mode0	60	32	0	1431688.0	1431.6879999999999	44.12333333333334	47.59033333333333	48.78616666666665	44.118587	47.588427	48.784697	95.39587415226751	1619232.0	26.9872	1593.87	1280	720	60.0	8	5569206aac8ad7b3cb059b6bf576e3ce	3a71b62e9e9a788edb491b78c7183684	1280	720	7997.0	669.0	696.0	10513.0	False	False	0.9961375017960866	0.9955744467255538
vidyo1_720p_60fps_60f	vidyo1_720p_60fps_60f	libaom	libaom_20200103_10cdc99_enc-mode0	60	43	0	755288.0	755.288	42.81216666666667	46.927000000000014	47.921666666666674	42.807978	46.925228	47.919575	93.63004273845858	778763.0	12.979383333333333	765.83	1280	720	60.0	8	177db0c671c3f43fba0b48f78cfede09	955d6a127f7e5f538c02288e0ca50dbd	1280	720	5212.0	166.0	597.0	10476.0	False	False	0.9943735808134079	0.9940204092317023
vidyo1_720p_60fps_60f	vidyo1_720p_60fps_60f	libaom	libaom_20200103_10cdc99_enc-mode0	60	55	0	413656.0	413.656	40.97033333333334	45.827999999999996	46.523499999999984	40.962865	45.827806	46.523229	90.03786372066006	449951.0	7.499183333333334	447.21	1280	720	60.0	8	63698ae95893c19f0826031fbf00cc70	b3e2a8228ccecfb3a563055e899be771	1280	720	7020.0	168.0	455.0	19114.0	False	False	0.9905978520711263	0.9908812399774909
vidyo1_720p_60fps_60f	vidyo1_720p_60fps_60f	libaom	libaom_20200103_10cdc99_enc-mode0	60	63	0	230784.0	230.784	38.204000000000015	43.810333333333325	44.34983333333335	38.171968	43.796040999999995	44.335578000000005	81.99474594295732	310112.0	5.168533333333333	307.87	1280	720	60.0	8	8480e55ed095bfd0b8a39ed1978ad096	f66ffe096f3c93844f1483f9a808c408	1280	720	8561.0	153.0	434.0	21571.0	False	False	0.9797735283772151	0.9822729257312978
Netflix_SquareAndTimelapse_1920x	Netflix_SquareAndTimelapse_1920x	libaom	libaom_20200103_10cdc99_enc-mode0	60	20	0	18511928.0	18511.928	44.384000000000015	48.47466666666666	47.59450000000002	44.37427	48.472279	47.59102599999999	99.90397171049726	8469648.0	141.1608	8437.75	1920	1080	60.0	8	b004b737ed661606be884947c5c3a25b	362525a3c49d929aaa46250359004ee8	1920	1080	19572.0	253.0	3088.0	44975.0	False	False	0.999159398674965	0.9978431149598513
Netflix_SquareAndTimelapse_1920x	Netflix_SquareAndTimelapse_1920x	libaom	libaom_20200103_10cdc99_enc-mode0	60	32	0	10649504.0	10649.503999999999	41.98566666666667	46.67349999999998	45.612166666666674	41.971321	46.669636	45.606157	99.88133250904802	5450888.0	90.84813333333334	5418.29	1920	1080	60.0	8	d988705da2c2de52a9cf213721a5d576	f2b9d9ea1d30bdf9bed9f45f739dae0f	1920	1080	15211.0	263.0	2694.0	37675.0	False	False	0.9983300517002741	0.9961118128489136
Netflix_SquareAndTimelapse_1920x	Netflix_SquareAndTimelapse_1920x	libaom	libaom_20200103_10cdc99_enc-mode0	60	43	0	6288440.0	6288.44	39.459666666666664	44.965499999999984	43.78383333333334	39.432288	44.957517	43.773446	98.94743261936347	4684777.0	78.07961666666667	4612.73	1920	1080	60.0	8	848e778a5e3ca1d78555d1c60cfcc61f	48c7d677cd957c08dc312b6d5c245f18	1920	1080	36030.0	353.0	2656.0	48365.0	False	False	0.9964829633633295	0.9928369253918633
Netflix_SquareAndTimelapse_1920x	Netflix_SquareAndTimelapse_1920x	libaom	libaom_20200103_10cdc99_enc-mode0	60	55	0	3481064.0	3481.064	36.50066666666667	42.94333333333334	41.58316666666668	36.459738	42.929144	41.563946	91.70696208221437	3649937.0	60.832283333333336	3585.88	1920	1080	60.0	8	87dd4548bc183d902bc1f71c9a7a09d7	d7372ec8cdcacf48574edc40c9430075	1920	1080	13616.0	307.0	2933.0	29863.0	False	False	0.9915736456712086	0.9852968587039934
Netflix_SquareAndTimelapse_1920x	Netflix_SquareAndTimelapse_1920x	libaom	libaom_20200103_10cdc99_enc-mode0	60	63	0	1842088.0	1842.088	33.32033333333333	40.45166666666666	39.12633333333333	33.249479	40.403892	39.069293	77.98506105059988	3585845.0	59.76408333333333	3496.24	1920	1080	60.0	8	59ff510e1873eb9f2b935081a7cd53c0	fc360c83e677177bdf3a516a898a5b41	1920	1080	15512.0	319.0	1713.0	32388.0	False	False	0.9785677959521611	0.9684486113794233
Netflix_TunnelFlag_1920x1080_60f	Netflix_TunnelFlag_1920x1080_60f	libaom	libaom_20200103_10cdc99_enc-mode0	60	20	0	25735240.0	25735.24	42.68233333333333	46.6955	48.23050000000001	42.665746	46.693018	48.226044	99.9163389030332	10675848.0	177.9308	10538.18	1920	1080	60.0	8	4caca3c02a5faceeb85250a4af8d1fa4	ce098bc0a43779faa55ce4779c530c8f	1920	1080	12575.0	288.0	4075.0	23883.0	False	False	0.9986618548631668	0.9965926859402854
Netflix_TunnelFlag_1920x1080_60f	Netflix_TunnelFlag_1920x1080_60f	libaom	libaom_20200103_10cdc99_enc-mode0	60	32	0	13302352.0	13302.352	40.489999999999995	45.12033333333334	47.05066666666665	40.475596	45.119431	47.046821	99.90163221651945	6804530.0	113.40883333333333	6727.2	1920	1080	60.0	8	f56829fcda7480cf400c4004d77e384f	fc8666f2138494c36437ef4dcc551c5e	1920	1080	13695.0	225.0	2776.0	46131.0	False	False	0.9976363360881806	0.9943896461146482
Netflix_TunnelFlag_1920x1080_60f	Netflix_TunnelFlag_1920x1080_60f	libaom	libaom_20200103_10cdc99_enc-mode0	60	43	0	6966408.0	6966.408	38.18750000000001	43.32600000000001	45.811833333333325	38.16826	43.324826	45.808075	99.87378353332547	3831686.0	63.86143333333333	3746.68	1920	1080	60.0	8	f6bf9b8aff3dc6d52e2b6e5252e2d770	cf7686afb30f7c92089d2cf5896e8112	1920	1080	23459.0	300.0	2763.0	48819.0	False	False	0.9956151604652405	0.9906953449064521
Netflix_TunnelFlag_1920x1080_60f	Netflix_TunnelFlag_1920x1080_60f	libaom	libaom_20200103_10cdc99_enc-mode0	60	55	0	3695728.0	3695.728	35.803	41.31583333333333	44.12016666666667	35.78043	41.31457	44.117468	99.81434067317299	2278637.0	37.97728333333333	2270.61	1920	1080	60.0	8	fb59b0689a03d4dd00cdd97055b36709	c1006670049c92a1a6de8020ea96d03c	1920	1080	23020.0	277.0	2239.0	37498.0	False	False	0.9920449544986089	0.9853348772763446
Netflix_TunnelFlag_1920x1080_60f	Netflix_TunnelFlag_1920x1080_60f	libaom	libaom_20200103_10cdc99_enc-mode0	60	63	0	2025568.0	2025.568	33.03900000000001	39.27866666666667	42.17216666666665	32.99975	39.27384300000001	42.161437	98.30973206867237	1607193.0	26.78655	1586.32	1920	1080	60.0	8	c8e202f9f0de2a81f53a66e60b45db38	2c3956885b51e89dda8dc74c79268b93	1920	1080	13368.0	261.0	1676.0	22896.0	False	False	0.9854827851057053	0.9775439539212454
blue_sky_360p_60f	blue_sky_360p_60f	libaom	libaom_20200103_10cdc99_enc-mode0	60	20	0	1131246.0	1131.246	44.04549999999999	45.0345	46.56516666666664	43.983952	44.99133	46.533677	99.94610612268785	854507.0	14.241783333333334	843.92	640	360	25.0	8	ea3054a41166b2ef942cf67c6a2a598e	51ff7753ec4dc8b70a288bb34ad38225	640	360	2646.0	84.0	467.0	3912.0	False	False	0.9924210826555888	0.9984993447136016
blue_sky_360p_60f	blue_sky_360p_60f	libaom	libaom_20200103_10cdc99_enc-mode0	60	32	0	575486.0	575.486	41.0905	42.45050000000001	43.86466666666667	41.023508	42.420617	43.84854	99.92660204156886	532836.0	8.8806	525.64	640	360	25.0	8	9655798b092ddfa4d59412e3dd7ffb10	00a13097c0bd1209bf3ad470daa111f6	640	360	4718.0	971.0	447.0	7989.0	False	False	0.9889144053061804	0.9977077098141222
blue_sky_360p_60f	blue_sky_360p_60f	libaom	libaom_20200103_10cdc99_enc-mode0	60	43	0	331963.0	331.963	38.580999999999996	40.35016666666666	41.898666666666664	38.498264	40.313952	41.884983	99.5793079522742	379118.0	6.3186333333333335	377.56	640	360	25.0	8	375e722eec6b61cf9bc9724aa35354a2	4bd645711b72ec25bfac35e1d70dfef8	640	360	2908.0	94.0	289.0	6285.0	False	False	0.9839358041683833	0.9965096051513151
blue_sky_360p_60f	blue_sky_360p_60f	libaom	libaom_20200103_10cdc99_enc-mode0	60	55	0	189346.0	189.346	35.92783333333334	37.91616666666666	39.76283333333332	35.838898	37.890365	39.754547	95.13375145437297	216943.0	3.6157166666666667	214.4	640	360	25.0	8	e0b788f507481dd109283383d44ef8f1	dc0aa4c7f81e3b635980c6e65861c12c	640	360	2332.0	92.0	261.0	3212.0	False	False	0.974217086037	0.9938724648256269
blue_sky_360p_60f	blue_sky_360p_60f	libaom	libaom_20200103_10cdc99_enc-mode0	60	63	0	105710.0	105.71	32.762166666666666	35.4345	37.964666666666666	32.668479	35.421354	37.959927	87.13960458212888	254095.0	4.234916666666667	250.13	640	360	25.0	8	27e27285b64f0d5c4b448461a70bb056	b060b4305372cb804e1d6b0da78d7399	640	360	2114.0	83.0	335.0	3765.0	False	False	0.9537812680006027	0.9880278008196569
vidyo4_720p_60fps_60f	vidyo4_720p_60fps_60f	libaom	libaom_20200103_10cdc99_enc-mode0	60	20	0	4820856.0	4820.856	44.212999999999994	49.926500000000026	50.24583333333333	44.150678	49.918819	50.239221	97.6964162021988	4257620.0	70.96033333333334	4237.56	1280	720	60.0	8	078e1ce3e08315c45ac06013cc8491fa	25f91cf3d75e6370c680ba6993b2ee1f	1280	720	6322.0	132.0	942.0	19614.0	False	False	0.9964069128036499	0.9956252142093647
vidyo4_720p_60fps_60f	vidyo4_720p_60fps_60f	libaom	libaom_20200103_10cdc99_enc-mode0	60	32	0	1784824.0	1784.824	42.83400000000001	49.297	49.604333333333315	42.777577	49.289324	49.599388	96.48408770488862	2164851.0	36.08085	2134.14	1280	720	60.0	8	227dc88db9deb3034086a6847c9127fd	25da07b1d1ec0565f2501edb41a80f39	1280	720	6177.0	233.0	1148.0	13744.0	False	False	0.9946719119946162	0.9938948929166458
vidyo4_720p_60fps_60f	vidyo4_720p_60fps_60f	libaom	libaom_20200103_10cdc99_enc-mode0	60	43	0	958336.0	958.336	41.639333333333326	48.57116666666666	48.830333333333336	41.585647	48.562017	48.823744	94.72833459563243	842104.0	14.035066666666667	833.85	1280	720	60.0	8	a31c9e5ab382ef89f5534ab5cafb1b03	784a1cfe2930a4bdb2c24af54efa4b03	1280	720	5063.0	243.0	468.0	9838.0	False	False	0.9922441532214482	0.9917210582815891
vidyo4_720p_60fps_60f	vidyo4_720p_60fps_60f	libaom	libaom_20200103_10cdc99_enc-mode0	60	55	0	502104.0	502.104	39.848166666666664	47.24283333333333	47.40866666666667	39.794652	47.23546	47.40077899999999	90.87359767393514	598219.0	9.970316666666667	589.86	1280	720	60.0	8	859e7287e24fdc4a323ec74e68e6b2e5	8003c4bd6ffcb2bf66c33e7f542f745a	1280	720	5848.0	177.0	694.0	12856.0	False	False	0.9863454182942708	0.9868960921234835
vidyo4_720p_60fps_60f	vidyo4_720p_60fps_60f	libaom	libaom_20200103_10cdc99_enc-mode0	60	63	0	265136.0	265.136	37.27733333333335	45.042	44.963166666666666	37.241531	45.025262	44.941763	82.51255333172733	337685.0	5.6280833333333335	333.74	1280	720	60.0	8	ee55ce281486448f739cf7b7853172f4	4cc8ae90e3044cf570a208d7303c2a9d	1280	720	5189.0	140.0	455.0	9903.0	False	False	0.9725998351971309	0.9762178979365526
Cosmos1_1920x856_BT2100_PQ_24fps	Cosmos1_1920x856_BT2100_PQ_24fps	libaom	libaom_20200103_10cdc99_enc-mode0	60	20	0	21914873.0	21914.873	41.99666666666666	44.774499999999996	47.46583333333331	41.863715	44.72494100000001	47.444055	99.3562188023907	22286924.0	371.44873333333334	22032.99	1920	856	24.0	10	1c0d83a7b668833d4c5148b9998f7e44	c1a65263b230bb6cf297d78b86d7db4e	1920	856	18933.0	397.0	7219.0	17890.0	False	False	0.9968349655469259	0.9960694118652179
Cosmos1_1920x856_BT2100_PQ_24fps	Cosmos1_1920x856_BT2100_PQ_24fps	libaom	libaom_20200103_10cdc99_enc-mode0	60	32	0	8622086.0	8622.086	38.11416666666667	42.81283333333335	45.90466666666665	37.964074	42.778006	45.885112	94.80813568992995	14778724.0	246.31206666666668	14663.4	1920	856	24.0	10	782d65c6cfe19c1b598882982747107c	5ec3640123599ebc5864358f6db15142	1920	856	19786.0	369.0	4569.0	19262.0	False	False	0.991714267929395	0.9906785601262204
Cosmos1_1920x856_BT2100_PQ_24fps	Cosmos1_1920x856_BT2100_PQ_24fps	libaom	libaom_20200103_10cdc99_enc-mode0	60	43	0	3377660.0	3377.6599999999994	35.44116666666668	41.302666666666674	44.592666666666666	35.355629	41.273553	44.577827	84.48104800459322	13263413.0	221.05688333333333	12893.68	1920	856	24.0	10	ff4f77bb0f3c3f5e57358e11e65cefc9	4b4241ff5490843f3d02df6161236ba7	1920	856	17843.0	540.0	4267.0	21102.0	False	False	0.9808112889528274	0.9806165967426133
Cosmos1_1920x856_BT2100_PQ_24fps	Cosmos1_1920x856_BT2100_PQ_24fps	libaom	libaom_20200103_10cdc99_enc-mode0	60	55	0	1412560.0	1412.56	33.01666666666666	39.92000000000003	43.32966666666667	32.943157	39.90064	43.322938	67.38575148954554	8011848.0	133.5308	7807.22	1920	856	24.0	10	a0a22598eced38a9ab3b463740d225d4	9b7d29580c1effe7d3693fb6d5797988	1920	856	18580.0	482.0	3043.0	18633.0	False	False	0.9550499945878983	0.9586851563449151
Cosmos1_1920x856_BT2100_PQ_24fps	Cosmos1_1920x856_BT2100_PQ_24fps	libaom	libaom_20200103_10cdc99_enc-mode0	60	63	0	531568.0	531.568	30.419166666666676	38.39666666666669	41.285833333333336	30.361428	38.392065	41.283419	44.68127395545984	3578547.0	59.64245	3525.3	1920	856	24.0	10	b7b64f0b3fec453f2677161f3fb7dc4e	a04b6444becd78d92b793f3e246b5bb6	1920	856	20862.0	386.0	1943.0	35588.0	False	False	0.894294782479604	0.9087081803314028
Market3_1920x1080p_50_10b_pq_709	Market3_1920x1080p_50_10b_pq_709	libaom	libaom_20200103_10cdc99_enc-mode0	60	20	0	11743873.0	11743.873	45.18183333333332	50.96866666666664	51.84166666666667	45.158491	50.965326	51.838759	99.86943448500705	11065507.0	184.42511666666667	10835.53	1920	1080	50.0	10	1d5b24d94e62dd7e615e54cbdb17aa16	73033e73e0ed0b77f9ae4535a9622113	1920	1080	21006.0	548.0	3725.0	24345.0	False	False	0.9992764383554459	0.9983407222229823
Market3_1920x1080p_50_10b_pq_709	Market3_1920x1080p_50_10b_pq_709	libaom	libaom_20200103_10cdc99_enc-mode0	60	32	0	6243560.0	6243.56	42.45966666666667	48.8955	49.98866666666665	42.435122	48.89331	49.987015	99.05122873572263	7827473.0	130.45788333333334	7793.01	1920	1080	50.0	10	cadfb498f15cdc6e8fd3f23cbc7277c7	c1825dee2311db86cc8158cc0494a762	1920	1080	36775.0	525.0	3315.0	49049.0	False	False	0.9986657828092576	0.9969881280990814
Market3_1920x1080p_50_10b_pq_709	Market3_1920x1080p_50_10b_pq_709	libaom	libaom_20200103_10cdc99_enc-mode0	60	43	0	3586813.0	3586.813	39.90983333333334	47.26500000000001	48.52816666666666	39.886764	47.260057	48.520714	96.14048975486953	5473826.0	91.23043333333334	5331.34	1920	1080	50.0	10	63bc2574b32234778f974e7d6ddb7313	1107356016b965d0604b94cb69d80ac2	1920	1080	23863.0	835.0	4553.0	88054.0	False	False	0.9973640511433284	0.9943022147312871
Market3_1920x1080p_50_10b_pq_709	Market3_1920x1080p_50_10b_pq_709	libaom	libaom_20200103_10cdc99_enc-mode0	60	55	0	1935113.0	1935.113	37.07816666666667	45.47000000000001	46.90866666666668	37.056486	45.462832	46.898322	90.73513879651931	4203868.0	70.06446666666666	4133.07	1920	1080	50.0	10	d8033eef700b796c0b7a498f4aa202ef	715f3ed0f9bf0d3d891235ed2456491a	1920	1080	56400.0	839.0	4407.0	88297.0	False	False	0.9938555618127187	0.9877591514144227
Market3_1920x1080p_50_10b_pq_709	Market3_1920x1080p_50_10b_pq_709	libaom	libaom_20200103_10cdc99_enc-mode0	60	63	0	950026.0	950.026	34.03483333333334	43.34083333333333	44.99249999999999	33.997967	43.30564	44.939963	80.06458316379596	4570082.0	76.16803333333333	4422.07	1920	1080	50.0	10	8dce52e24c3579b5585ecd2854f7f9ec	f9f7620879a938e1a0caae23dbdc50c5	1920	1080	21475.0	571.0	2458.0	30682.0	False	False	0.9839309761921565	0.9723926839970666
Netflix_Boat_1920x1080_60fps_8bi	Netflix_Boat_1920x1080_60fps_8bi	libaom	libaom_20200103_10cdc99_enc-mode0	60	20	0	25801552.0	25801.552	43.53733333333333	45.684499999999986	47.102999999999994	43.517723	45.671281	47.09441	99.914094629032	10298876.0	171.64793333333333	10201.45	1920	1080	60.0	8	cbdff6d73a81bebe8f82a780b4ee3b8b	6c4e7f8cce410cfe5b5b8b0bd250523b	1920	1080	14451.0	224.0	2584.0	22218.0	False	False	0.9993142684300741	0.9985674972989064
Netflix_Boat_1920x1080_60fps_8bi	Netflix_Boat_1920x1080_60fps_8bi	libaom	libaom_20200103_10cdc99_enc-mode0	60	32	0	14430568.0	14430.568	40.90333333333332	43.95666666666667	44.90116666666666	40.875128	43.941844999999994	44.894612	99.57952488105713	6512243.0	108.53738333333334	6379.37	1920	1080	60.0	8	a461d66c2396c06e43faa4bf13179cc9	0cd54de34ed9c46c8f97e847016c4af8	1920	1080	23666.0	281.0	2558.0	47511.0	False	False	0.9988148520390193	0.9974730195931728
Netflix_Boat_1920x1080_60fps_8bi	Netflix_Boat_1920x1080_60fps_8bi	libaom	libaom_20200103_10cdc99_enc-mode0	60	43	0	8462584.0	8462.584	38.12866666666666	42.52516666666667	43.17050000000001	38.088778	42.512692	43.167454	96.25501043377966	6602720.0	110.04533333333333	6539.8	1920	1080	60.0	8	3d3e2ea044a25d15b5749a98afd549f7	ea8f8b47c229191c7f95a9879c1357fb	1920	1080	27557.0	335.0	2272.0	49850.0	False	False	0.9976977159579595	0.9951438364103774
Netflix_Boat_1920x1080_60fps_8bi	Netflix_Boat_1920x1080_60fps_8bi	libaom	libaom_20200103_10cdc99_enc-mode0	60	55	0	4709952.0	4709.952	35.011	40.89500000000001	41.35533333333333	34.955789	40.881539	41.352706	89.61912147404392	3386563.0	56.44271666666667	3341.53	1920	1080	60.0	8	364f8d9e8fd9645117bfe74dc82a1310	a9bd6dda9f41b567ad17172cf3912623	1920	1080	12868.0	286.0	1785.0	23886.0	False	False	0.9946656266848246	0.9894454382288338
Netflix_Boat_1920x1080_60fps_8bi	Netflix_Boat_1920x1080_60fps_8bi	libaom	libaom_20200103_10cdc99_enc-mode0	60	63	0	2541624.0	2541.6240000000003	31.85816666666666	39.087166666666675	39.54166666666667	31.787305	39.082079	39.517303	78.90603841519194	2614486.0	43.57476666666667	2560.99	1920	1080	60.0	8	85d269675f5945d67ce4298bef7ca1cc	7c2206c144a0334392c4d95519413f7d	1920	1080	14184.0	266.0	1320.0	23577.0	False	False	0.9867345412572225	0.9761201201134568
ducks_1920x1080_50fps_10b	ducks_1920x1080_50fps_10b	libaom	libaom_20200103_10cdc99_enc-mode0	60	20	0	118531066.0	118531.066	39.517166666666675	39.58349999999999	41.647333333333336	39.288535	39.377538	41.558063999999995	99.02047754069014	52525025.0	875.4170833333334	52171.12	1920	1080	50.0	10	ad5a1e8ff6a6f7932fc8f2d43f5392f2	32c9e9ae0f49e39f68cb95f25e05e93f	1920	1080	25109.0	501.0	9605.0	23697.0	False	False	0.9989838381608327	0.9962870072391473
ducks_1920x1080_50fps_10b	ducks_1920x1080_50fps_10b	libaom	libaom_20200103_10cdc99_enc-mode0	60	32	0	33568400.0	33568.4	35.39450000000001	37.11350000000001	40.13816666666666	35.271385	37.058376	40.119676	93.91486687359384	31856910.0	530.9485	31659.83	1920	1080	50.0	10	49d3f174de651fc92091abb2490765b9	f6cfc637e53bf59efc62acb67b4e14b1	1920	1080	43560.0	578.0	6286.0	32838.0	False	False	0.9967992812395096	0.9904588333822147
ducks_1920x1080_50fps_10b	ducks_1920x1080_50fps_10b	libaom	libaom_20200103_10cdc99_enc-mode0	60	43	0	11505373.0	11505.373	33.318	35.47783333333334	38.906166666666664	33.271058	35.435318	38.893635	85.4648312115343	15939204.0	265.6534	15751.64	1920	1080	50.0	10	497ff817532a9d42d1bb30d6c2304e58	e2feac16e0466d28093d5a09904111f4	1920	1080	20806.0	533.0	4069.0	24240.0	False	False	0.9918137888113657	0.982709640847144
ducks_1920x1080_50fps_10b	ducks_1920x1080_50fps_10b	libaom	libaom_20200103_10cdc99_enc-mode0	60	55	0	4911813.0	4911.813	31.24716666666669	33.88333333333332	37.917833333333334	31.186736	33.83137	37.911979	71.96637379662828	12686712.0	211.4452	12521.48	1920	1080	50.0	10	6e13aca7c9a2f920c03d7c63f3e5596d	4d6c4be28d95b3e188ddf9949fa14b66	1920	1080	27113.0	569.0	3766.0	65507.0	False	False	0.9798324545224507	0.9676176920043748
ducks_1920x1080_50fps_10b	ducks_1920x1080_50fps_10b	libaom	libaom_20200103_10cdc99_enc-mode0	60	63	0	2187513.0	2187.513	28.980999999999998	32.33916666666667	37.04849999999999	28.89369	32.296083	37.044082	54.18860212848458	5978297.0	99.63828333333333	5899.25	1920	1080	50.0	10	445866ced30b5e0c7c8c9e2b86ae4645	8ce454fb5ddbd0bcbb0b50f1ad7516bb	1920	1080	23724.0	512.0	2592.0	24552.0	False	False	0.9536819726228714	0.9384519179192873
rush_hour_1080p25_60f	rush_hour_1080p25_60f	libaom	libaom_20200103_10cdc99_enc-mode0	60	20	0	5112426.0	5112.426	43.01883333333332	46.89533333333334	48.89266666666668	43.007794	46.892222999999994	48.886933	96.81829423158918	16105322.0	268.42203333333333	16045.17	1920	1080	25.0	8	b19135dd0391cffa4a91d1878e9f31a1	f2014b60bec339fb8bd192330eac05e4	1920	1080	26500.0	345.0	4882.0	82044.0	False	False	0.9964171320199966	0.9924487097860006
rush_hour_1080p25_60f	rush_hour_1080p25_60f	libaom	libaom_20200103_10cdc99_enc-mode0	60	32	0	2441833.0	2441.833	42.14766666666665	45.98583333333334	47.73066666666668	42.14042200000001	45.98403799999999	47.726373	93.09422107205425	6225628.0	103.76046666666667	6151.68	1920	1080	25.0	8	206f97334c84cbc1cdd935b34d03efa0	5aed24d9f2e7bbb95c27813219d75f39	1920	1080	13981.0	267.0	2257.0	37358.0	False	False	0.9943585793177286	0.9904398834133384
rush_hour_1080p25_60f	rush_hour_1080p25_60f	libaom	libaom_20200103_10cdc99_enc-mode0	60	43	0	1204600.0	1204.6	40.85583333333332	44.99	46.41949999999997	40.84368299999999	44.988188	46.415076	86.19362125879267	4311298.0	71.85496666666667	4303.26	1920	1080	25.0	8	c36fe29b75eacc3a1c99fccee3c7304a	37736efa58dc4fc74f06a8d4220434a0	1920	1080	17280.0	285.0	1872.0	48242.0	False	False	0.9906185209751129	0.9871002819827368
rush_hour_1080p25_60f	rush_hour_1080p25_60f	libaom	libaom_20200103_10cdc99_enc-mode0	60	55	0	593476.0	593.476	39.02516666666667	43.66116666666667	44.83416666666667	38.990576	43.658496	44.826108	75.18288050997418	1571208.0	26.1868	1557.0	1920	1080	25.0	8	f70d443a92a64bec087cee464f8fdecd	fc054ce5c351280eb56aa3289ec2b884	1920	1080	11274.0	242.0	1219.0	23378.0	False	False	0.9834915935993195	0.9810248249141079
rush_hour_1080p25_60f	rush_hour_1080p25_60f	libaom	libaom_20200103_10cdc99_enc-mode0	60	63	0	280326.0	280.326	36.56366666666668	42.07199999999999	42.8815	36.472659	42.068783	42.86695	59.97997411453139	990594.0	16.5099	987.03	1920	1080	25.0	8	50272d36fb3566a40e5bb37ce11acec2	0db281e4fc35f06d3b2052dc138a7c7f	1920	1080	11261.0	248.0	1404.0	34426.0	False	False	0.9696581731239955	0.9695335243563972
life_1080p30_60f	life_1080p30_60f	libaom	libaom_20200103_10cdc99_enc-mode0	60	20	0	11828680.0	11828.68	44.432166666666674	49.573833333333305	48.962833333333336	44.40568799999999	49.569466	48.958923	99.46280953573999	8167608.0	136.1268	8042.08	1920	1080	30.0	8	63536fea60a43c6ff8e6c9eb100d1eb4	b63f4cfcef294c54c3f1845bc40ffdd2	1920	1080	12805.0	245.0	3488.0	25342.0	False	False	0.9992171198129653	0.9979558079047252
life_1080p30_60f	life_1080p30_60f	libaom	libaom_20200103_10cdc99_enc-mode0	60	32	0	5586684.0	5586.684	41.51716666666667	47.21283333333334	46.8865	41.49407800000001	47.206682	46.880801	97.65091297331858	5846383.0	97.43971666666667	5746.31	1920	1080	30.0	8	b2ae6e0de33056f32593c7d4bc98c4c0	f0d5b5d7a0dd72b3dd2409cb807f3a6d	1920	1080	13210.0	288.0	2948.0	23959.0	False	False	0.9984992961088817	0.9963297428206057
life_1080p30_60f	life_1080p30_60f	libaom	libaom_20200103_10cdc99_enc-mode0	60	43	0	2901344.0	2901.344	38.975333333333325	45.29933333333335	45.133166666666675	38.954526	45.291567	45.126252	94.63726965169441	4737480.0	78.958	4648.69	1920	1080	30.0	8	f428b7325d8ac1b3113d18749708d91d	716ecd9f2d9bf33470a0603b4dfb9013	1920	1080	14183.0	313.0	2571.0	24742.0	False	False	0.9970434159040451	0.9933143111416872
life_1080p30_60f	life_1080p30_60f	libaom	libaom_20200103_10cdc99_enc-mode0	60	55	0	1468072.0	1468.072	36.18866666666668	43.044500000000006	42.948833333333326	36.168695	43.033791	42.939147	89.14852784226682	2727303.0	45.45505	2714.84	1920	1080	30.0	8	0894b52d6c3982c9299884d4e5c14652	969edf56de25daa5ac3b5c9a5b4f0618	1920	1080	24011.0	644.0	3819.0	100714.0	False	False	0.9931070705254873	0.9858245626957978
life_1080p30_60f	life_1080p30_60f	libaom	libaom_20200103_10cdc99_enc-mode0	60	63	0	688560.0	688.56	33.31816666666666	40.473833333333324	40.251333333333335	33.285555	40.448791	40.229147	78.76088383183973	1735019.0	28.916983333333334	1704.8	1920	1080	30.0	8	714f8ba1fcbb03fb5f6cfdc361004f23	75a73738204e2b873840cea0954840e8	1920	1080	12046.0	339.0	1439.0	23195.0	False	False	0.9818337539831797	0.9679414411165072
touchdown_pass_1080p_60f	touchdown_pass_1080p_60f	libaom	libaom_20200103_10cdc99_enc-mode0	60	20	0	17274210.0	17274.21	40.56133333333333	47.84349999999999	47.97216666666667	40.470743	47.83836	47.966764	96.3038654118872	19429215.0	323.82025	19108.29	1920	1080	29.97	8	85f5b257082ac30cf43a97ba149688f2	b92f23fbca21851b262199ebd61cd5ca	1920	1080	14981.0	248.0	4382.0	22910.0	False	False	0.9956937710444133	0.9906721648781323
touchdown_pass_1080p_60f	touchdown_pass_1080p_60f	libaom	libaom_20200103_10cdc99_enc-mode0	60	32	0	4301235.0	4301.235	38.58950000000002	46.95816666666668	47.0865	38.567644	46.956578	47.084852	93.91103618934402	10453607.0	174.22678333333334	10290.56	1920	1080	29.97	8	99e6b64ab006962212c52dc24e0fd8c6	35649c03c73adada8c4378a0e7307a7e	1920	1080	13455.0	276.0	2229.0	24165.0	False	False	0.993713574608167	0.9863235900670755
touchdown_pass_1080p_60f	touchdown_pass_1080p_60f	libaom	libaom_20200103_10cdc99_enc-mode0	60	43	0	1911984.0	1911.984	37.33549999999999	46.08783333333333	46.12533333333335	37.310979	46.083021	46.121202	90.66699398882777	5314159.0	88.56931666666667	5289.98	1920	1080	29.97	8	b73b5db0b111e91f634853ab35ec2e3a	f416ef81fe97af128fbd4a1f2084dd8a	1920	1080	26507.0	269.0	1685.0	44667.0	False	False	0.9908777991930644	0.9811069866187287
touchdown_pass_1080p_60f	touchdown_pass_1080p_60f	libaom	libaom_20200103_10cdc99_enc-mode0	60	55	0	953068.0	953.068	35.537333333333336	44.83000000000001	44.93766666666667	35.495266	44.813561	44.923693	83.50452421894869	2316749.0	38.61248333333333	2279.65	1920	1080	29.97	8	ec04acbed963a95d99414e2844e7f7e9	77e5c177339610d9bcf027a401f64fca	1920	1080	12561.0	227.0	1233.0	23033.0	False	False	0.9818910896778107	0.9670731745776445
touchdown_pass_1080p_60f	touchdown_pass_1080p_60f	libaom	libaom_20200103_10cdc99_enc-mode0	60	63	0	456645.0	456.6449999999999	33.27233333333334	43.24999999999999	43.35450000000001	33.209044	43.205368	43.309199	69.24599558873946	1527987.0	25.46645	1504.46	1920	1080	29.97	8	f48e920dc6e5b9d191add5c1d4816813	129bbd45e0d30e616415da1b69782b11	1920	1080	13625.0	265.0	1143.0	23920.0	False	False	0.954166246453921	0.9340745812236158
ducks_take_off_1080p50_60f	ducks_take_off_1080p50_60f	libaom	libaom_20200103_10cdc99_enc-mode0	60	20	0	109264440.0	109264.44	38.973499999999994	39.049999999999976	41.297500000000014	38.868406	38.984961	41.276427	98.79717780379308	40957401.0	682.62335	40889.91	1920	1080	50.0	8	5de8558bc0be9e8bccbe3a1ebc9a77bf	47b9f022459db5af25a39cf6df5d528a	1920	1080	15441.0	271.0	8549.0	25116.0	False	False	0.9988688558340073	0.9958972726533749
ducks_take_off_1080p50_60f	ducks_take_off_1080p50_60f	libaom	libaom_20200103_10cdc99_enc-mode0	60	32	0	32432013.0	32432.013	35.282500000000006	36.995333333333356	39.97683333333335	35.201302000000005	36.964751	39.966625	93.80379245181274	21614261.0	360.23768333333334	21417.78	1920	1080	50.0	8	af543644b3f71bc44ad71de31b273ff0	1c9936bd3a55d54e111fca5e6d62dd8a	1920	1080	16526.0	251.0	4389.0	23715.0	False	False	0.9967515577872594	0.9903230877792593
ducks_take_off_1080p50_60f	ducks_take_off_1080p50_60f	libaom	libaom_20200103_10cdc99_enc-mode0	60	43	0	11493300.0	11493.3	33.29816666666667	35.42733333333334	38.78149999999999	33.257282	35.391479	38.772799	85.51190047210892	13256242.0	220.93736666666666	13058.04	1920	1080	50.0	8	c3873eec801f82f30f4a29a2a5c13c2a	5943232aa1967f2293f727fb017527d8	1920	1080	23783.0	273.0	2984.0	23805.0	False	False	0.9918995479742686	0.9827924583576849
ducks_take_off_1080p50_60f	ducks_take_off_1080p50_60f	libaom	libaom_20200103_10cdc99_enc-mode0	60	55	0	4924573.0	4924.573	31.244166666666676	33.849999999999994	37.79716666666668	31.184925	33.800982	37.792023	72.1195092085398	6166994.0	102.78323333333333	6138.35	1920	1080	50.0	8	677b625da0378f2c1dcc5c6c4293f0b2	7dcd5afd93494c0abfd836c822479f29	1920	1080	30848.0	262.0	2170.0	47046.0	False	False	0.9802266558011373	0.9679828653468844
ducks_take_off_1080p50_60f	ducks_take_off_1080p50_60f	libaom	libaom_20200103_10cdc99_enc-mode0	60	63	0	2219360.0	2219.36	29.0215	32.32216666666667	36.953500000000005	28.937796	32.279614	36.95003	54.12189143302016	4260291.0	71.00485	4171.53	1920	1080	50.0	8	3ab1e5cc72b68ab51d40570efb399d6c	fa8160a80bf4dc9a7490facc4a43aed0	1920	1080	18612.0	330.0	1869.0	33169.0	False	False	0.9551571975151698	0.9397939232893934
MINECRAFT_60f_420	MINECRAFT_60f_420	libaom	libaom_20200103_10cdc99_enc-mode0	60	20	0	75722376.0	75722.376	42.89750000000001	45.67466666666665	46.01716666666667	42.739404	45.55426	45.92117	99.92398921825303	18475679.0	307.9279833333333	18274.48	1920	1080	60.0	8	1634e4153fe5cfa1e44f5aeb13eeccd1	5315b7102faec748485d98e136e6f6b7	1920	1080	14350.0	293.0	9051.0	24775.0	False	False	0.998003962635994	0.9966663077951318
MINECRAFT_60f_420	MINECRAFT_60f_420	libaom	libaom_20200103_10cdc99_enc-mode0	60	32	0	42759928.0	42759.928	38.488666666666674	43.91266666666668	44.119333333333344	38.240997	43.817516	44.041949	99.85046552053245	14080544.0	234.67573333333334	13905.1	1920	1080	60.0	8	093f550e71cf4f64ae3d252128571a50	6ac5a99ed75938c3973eeb8cb12e0865	1920	1080	25481.0	315.0	8632.0	74239.0	False	False	0.9947939644257228	0.9912459824495403
MINECRAFT_60f_420	MINECRAFT_60f_420	libaom	libaom_20200103_10cdc99_enc-mode0	60	43	0	18847336.0	18847.336	34.40033333333335	42.39833333333335	42.400499999999994	34.155401	42.33039	42.337659	95.25334023159529	10835939.0	180.59898333333334	10735.26	1920	1080	60.0	8	1d467b201a95da92ff5c94ed056d22ca	2f61d100be480b1e626d4bc81e493a79	1920	1080	14364.0	253.0	4481.0	23251.0	False	False	0.9861852496862411	0.9779733560540895
MINECRAFT_60f_420	MINECRAFT_60f_420	libaom	libaom_20200103_10cdc99_enc-mode0	60	55	0	7469608.0	7469.607999999999	31.396833333333348	40.65600000000001	40.50983333333333	31.242987000000003	40.616375	40.458748	81.93688643817778	7742445.0	129.04075	7632.18	1920	1080	60.0	8	e30334cf6508035ffe4901fcbc0ec2d1	dd5912cb946ed83aa4c3e89512a1bf56	1920	1080	12734.0	259.0	2844.0	23657.0	False	False	0.966223939259847	0.9513542558069266
MINECRAFT_60f_420	MINECRAFT_60f_420	libaom	libaom_20200103_10cdc99_enc-mode0	60	63	0	2659632.0	2659.632	28.707500000000007	38.72416666666666	38.62366666666666	28.600762999999997	38.706469	38.59314	60.95064823377576	7312105.0	121.86841666666666	7268.0	1920	1080	60.0	8	affab5397bb0c79b5688cee85c7e2faf	5d8ec2a0ab9ed276e262082ecabc1eb0	1920	1080	26437.0	263.0	1786.0	46750.0	False	False	0.9181406329075495	0.8990073687280203
ToddlerFountn_1920x1080_2997_10b	ToddlerFountn_1920x1080_2997_10b	libaom	libaom_20200103_10cdc99_enc-mode0	60	20	0	55480958.0	55480.958	41.35483333333334	46.288833333333336	43.759166666666665	41.228573	46.278727	43.734787	99.87116093471644	50301456.0	838.3576	49752.38	1920	1080	29.97	10	5026da360f9b2a7e8b4cbb528844385e	d571ea5ae530bed95c9a570a985e0d48	1920	1080	26524.0	853.0	10322.0	41809.0	False	False	0.9979312320550283	0.9953292600996869
ToddlerFountn_1920x1080_2997_10b	ToddlerFountn_1920x1080_2997_10b	libaom	libaom_20200103_10cdc99_enc-mode0	60	32	0	28236758.0	28236.757999999998	37.25099999999999	44.94783333333332	41.924	37.098851	44.937176	41.899952	99.85896558199086	36579500.0	609.6583333333333	36174.65	1920	1080	29.97	10	a7dbd11afdb0127a06097d5e8fe2107a	a6a07020fa07fe06d653f3c9bd6ed3e8	1920	1080	56144.0	549.0	7811.0	24686.0	False	False	0.9935516665379206	0.9871837055367491
ToddlerFountn_1920x1080_2997_10b	ToddlerFountn_1920x1080_2997_10b	libaom	libaom_20200103_10cdc99_enc-mode0	60	43	0	12710597.0	12710.597	33.59400000000001	43.58449999999998	40.54033333333335	33.457164	43.575437	40.528853	90.06969334591099	19810282.0	330.17136666666664	19711.09	1920	1080	29.97	10	0349935161ed2d512837b900943dfcf1	756a32fab46e9eb2a6415a03037ca1ec	1920	1080	33853.0	528.0	5668.0	26743.0	False	False	0.9803611844778061	0.9672287850400949
ToddlerFountn_1920x1080_2997_10b	ToddlerFountn_1920x1080_2997_10b	libaom	libaom_20200103_10cdc99_enc-mode0	60	55	0	5158026.0	5158.026	30.478	42.54816666666667	39.665833333333325	30.360666	42.544799	39.661707	69.81563912749878	13915296.0	231.9216	13838.19	1920	1080	29.97	10	ec3e15760dc327287a1ad55f9711433a	a3b4ed4556742c6a650719ef491c0ed1	1920	1080	39685.0	506.0	4463.0	46450.0	False	False	0.9470093429088593	0.9270526175689766
ToddlerFountn_1920x1080_2997_10b	ToddlerFountn_1920x1080_2997_10b	libaom	libaom_20200103_10cdc99_enc-mode0	60	63	0	1733921.0	1733.921	27.61066666666666	41.3495	38.822166666666654	27.478106	41.343724	38.81481	43.24366588970339	10494308.0	174.90513333333334	10289.94	1920	1080	29.97	10	9e2649bc9f99f7fa83e6f57976fdc021	25ffb2bdc615cab85dcd16b04f749a42	1920	1080	25365.0	548.0	3100.0	43479.0	False	False	0.8764190763235092	0.8572828809025294
