Netflix_RollerCoaster_1280x720_6	Netflix_RollerCoaster_1280x720_6	svtav1	svtav1_20190817_d0f64ff	60	20	10704456.0	10704.456	45.31166666666665	47.19266666666665	47.21316666666668	45.255473	47.16572899999999	47.188482	99.948421	4907894.0	81.79823333333333	9358.11	1280	720	60.0	8	df255162ebc68f459ed90bf935e0a354	07680e4acd3c44b439914b4ed3fcf22e	1280	720	7286.0	4.0	7454.0	9899.0	False	True	0.998132	0.997783
Netflix_RollerCoaster_1280x720_6	Netflix_RollerCoaster_1280x720_6	svtav1	svtav1_20190817_d0f64ff	60	32	5262432.0	5262.432	43.052	45.60399999999998	45.967999999999996	42.981183	45.577435	45.954836	99.898201	7684546.0	128.07576666666668	15024.48	1280	720	60.0	8	39ebbac70e659f5a05a832d4f4bf21ac	0fa66582c72062c74d17a8d0ad2b4eec	1280	720	7786.0	11.0	6681.0	10250.0	False	True	0.996837	0.996401
Netflix_RollerCoaster_1280x720_6	Netflix_RollerCoaster_1280x720_6	svtav1	svtav1_20190817_d0f64ff	60	43	2613416.0	2613.416	40.477000000000004	43.51	44.24216666666666	40.398605	43.481923	44.231939	98.025983	11037996.0	183.9666	21403.15	1280	720	60.0	8	952af283e42c596f121f0418ef887f30	317febd663b6401f3daf5dd3da76104a	1280	720	15375.0	36.0	10374.0	33387.0	False	True	0.993896	0.9934169999999999
Netflix_RollerCoaster_1280x720_6	Netflix_RollerCoaster_1280x720_6	svtav1	svtav1_20190817_d0f64ff	60	55	1349728.0	1349.728	37.78166666666667	41.35266666666666	42.544999999999995	37.705955	41.321855	42.533405	91.305955	3791196.0	63.1866	6334.91	1280	720	60.0	8	73436f729f02d7dc458785722cf8694b	795f81e58f091ac92ada623f38b17f1e	1280	720	7619.0	3.0	5549.0	10210.0	False	True	0.98732	0.9872220000000002
Netflix_RollerCoaster_1280x720_6	Netflix_RollerCoaster_1280x720_6	svtav1	svtav1_20190817_d0f64ff	60	63	629432.0	629.432	34.33949999999998	38.47083333333332	40.275499999999994	34.265238	38.440978	40.265131	76.058003	3476711.0	57.94518333333333	6386.38	1280	720	60.0	8	b9d26fee305c93603ef66283536cc869	1c1b3f80179d67989a5aa694e91d168e	1280	720	7845.0	6.0	4574.0	10136.0	False	True	0.967731	0.970432
STARCRAFT_60f_420	STARCRAFT_60f_420	svtav1	svtav1_20190817_d0f64ff	60	20	8651168.0	8651.168	50.616833333333346	53.638000000000005	53.59650000000002	50.577676	53.622188	53.582783	97.664496	6390987.0	106.51645	12092.17	1920	1080	60.0	8	7762f21f6c8d6b0255cee0d88eabec71	efc7040d2dfb1ead27cfee822ba9b697	1920	1080	15186.0	4.0	3771.0	23404.0	False	True	0.999649	0.999289
STARCRAFT_60f_420	STARCRAFT_60f_420	svtav1	svtav1_20190817_d0f64ff	60	32	5214152.0	5214.152	47.95033333333333	51.88299999999999	51.97733333333333	47.916897	51.863317	51.966672	97.085923	5414177.0	90.23628333333333	10105.35	1920	1080	60.0	8	5df07045d7efc010d18c4c4a32c5a0ec	403bbe9d748c6df0181b2664cc079b85	1920	1080	15500.0	5.0	3682.0	23019.0	False	True	0.999321	0.99873
STARCRAFT_60f_420	STARCRAFT_60f_420	svtav1	svtav1_20190817_d0f64ff	60	43	3027328.0	3027.328	44.57966666666665	49.42166666666665	49.629166666666656	44.546294	49.398328	49.618659	95.807618	5405342.0	90.08903333333333	9962.68	1920	1080	60.0	8	8eba3622363610f6ff95e47fc1e3ee50	c117a6ae8fafd409b9f19c926613288e	1920	1080	16983.0	4.0	3779.0	23129.0	False	True	0.99842	0.997285
STARCRAFT_60f_420	STARCRAFT_60f_420	svtav1	svtav1_20190817_d0f64ff	60	55	1545952.0	1545.952	40.48383333333333	46.30133333333332	46.478666666666655	40.459987	46.28536	46.468824	92.703478	5490627.0	91.51045	10174.19	1920	1080	60.0	8	cf54fc2a318a6aedd9a5f4195d444290	a004d88253166b4f3873798875b5d959	1920	1080	15528.0	5.0	4543.0	23613.0	False	True	0.995392	0.992939
STARCRAFT_60f_420	STARCRAFT_60f_420	svtav1	svtav1_20190817_d0f64ff	60	63	617624.0	617.624	35.35933333333333	42.35166666666667	42.53100000000001	35.352979	42.347204	42.528064	82.315659	5617037.0	93.61728333333333	9959.35	1920	1080	60.0	8	1b6aa70c4cf8b65ee678440797e028a0	d6a0701a0291f5d98a08be85ee689bd3	1920	1080	14852.0	6.0	3324.0	23883.0	False	True	0.982678	0.977112
speed_bag_640x360_60f	speed_bag_640x360_60f	svtav1	svtav1_20190817_d0f64ff	60	20	591301.0	591.301	47.15316666666667	49.92583333333332	51.299999999999976	47.068507	49.875748	51.238872	98.320175	1405836.0	23.4306	2514.99	640	360	29.97	8	3a14ee5a0803d158d20545a6566cbf8d	da3dc7a8b1395890c3d2685c82681e27	640	360	1925.0	3.0	1897.0	2967.0	False	True	0.989235	0.997615
speed_bag_640x360_60f	speed_bag_640x360_60f	svtav1	svtav1_20190817_d0f64ff	60	32	301088.0	301.088	45.19849999999999	48.444833333333335	50.02933333333332	45.088642	48.383306999999995	49.951898	97.356043	1232764.0	20.54606666666667	2145.68	640	360	29.97	8	5eec7da271fc0eba8962c0770edbee64	d17961d601d093cbbeb25e4dd2ff4838	640	360	1850.0	24.0	1662.0	2993.0	False	True	0.98588	0.996302
speed_bag_640x360_60f	speed_bag_640x360_60f	svtav1	svtav1_20190817_d0f64ff	60	43	162348.0	162.348	42.8545	46.49633333333334	48.34533333333334	42.693959	46.423015	48.225581	94.830049	1743327.0	29.05545	3360.3	640	360	29.97	8	2a97a614614802b3e03977b4ac7f8d14	a1a1a4772e820b064dcf6fb2ab980ff4	640	360	2068.0	10.0	1417.0	3838.0	False	True	0.981237	0.993955
speed_bag_640x360_60f	speed_bag_640x360_60f	svtav1	svtav1_20190817_d0f64ff	60	55	89162.0	89.162	40.067	44.095166666666664	46.50199999999999	39.840413	44.014416	46.334877	87.46343899999998	939442.0	15.657366666666666	1749.61	640	360	29.97	8	61b9b04bbe205cef99bbb169659444ec	5a62ecf2de088c0730bbcd751a365eb8	640	360	1992.0	4.0	1185.0	2907.0	False	True	0.97344	0.989179
speed_bag_640x360_60f	speed_bag_640x360_60f	svtav1	svtav1_20190817_d0f64ff	60	63	47768.0	47.768	36.64333333333332	41.365833333333335	44.227166666666676	36.363501	41.264262	43.988417	73.52574	981574.0	16.359566666666666	1744.7	640	360	29.97	8	3d657988d265440bc72027f58b548059	c37ba9e5375c9ed023925d488db43688	640	360	2344.0	3.0	929.0	3687.0	False	True	0.959068	0.978266
Netflix_DrivingPOV_1280x720_60fp	Netflix_DrivingPOV_1280x720_60fp	svtav1	svtav1_20190817_d0f64ff	60	20	14158008.0	14158.008	43.11816666666665	46.71483333333333	45.378	43.027094	46.687923	45.344232	99.623858	7163147.0	119.38578333333334	12845.36	1280	720	60.0	8	950e3cac4f8ef0f36ea4781916b4a4cc	ec35b5b7c7267d512b244721e0e284ae	1280	720	9003.0	18.0	7270.0	10359.0	False	True	0.998109	0.997593
Netflix_DrivingPOV_1280x720_60fp	Netflix_DrivingPOV_1280x720_60fp	svtav1	svtav1_20190817_d0f64ff	60	32	6629008.0	6629.008	40.772499999999994	45.55983333333334	44.46316666666667	40.701181	45.549077	44.45692	98.610716	4738218.0	78.9703	7541.26	1280	720	60.0	8	2fbba3f153ca9e990beb599c5af82784	2e9682a6e5ce255a10f99e3bca0d82d8	1280	720	8948.0	4.0	6342.0	10043.0	False	True	0.996822	0.995956
Netflix_DrivingPOV_1280x720_60fp	Netflix_DrivingPOV_1280x720_60fp	svtav1	svtav1_20190817_d0f64ff	60	43	3205336.0	3205.336	38.24366666666667	43.822833333333364	43.25733333333332	38.185532	43.816193	43.25425499999999	96.393061	4159976.0	69.33293333333333	7638.18	1280	720	60.0	8	5eec94b9e6478a250a9e0f5e4ff214ab	fe2a7d29bed8ccbf30cc415eccd22fe4	1280	720	9128.0	6.0	5805.0	10267.0	False	True	0.993043	0.991931
Netflix_DrivingPOV_1280x720_60fp	Netflix_DrivingPOV_1280x720_60fp	svtav1	svtav1_20190817_d0f64ff	60	55	1583560.0	1583.56	35.62083333333332	41.88833333333332	42.010999999999974	35.562407	41.882486	42.007807	91.83470199999998	3499899.0	58.33165	6025.01	1280	720	60.0	8	60be70f15bd5b19a13fa409e8df2083e	84f8975741ccaefc0a56c8f6103aa234	1280	720	12918.0	14.0	4804.0	10109.0	False	True	0.987359	0.986371
Netflix_DrivingPOV_1280x720_60fp	Netflix_DrivingPOV_1280x720_60fp	svtav1	svtav1_20190817_d0f64ff	60	63	694528.0	694.528	32.35350000000001	39.41483333333331	40.23233333333333	32.320154	39.410199	40.228671	81.212565	3424463.0	57.07438333333333	6179.47	1280	720	60.0	8	d39917c4c7b29d6b73ce7e85415374c3	5f9ccce50d7578406f727728b72125e3	1280	720	8439.0	3.0	4663.0	10249.0	False	True	0.9757	0.974273
vidyo4_720p_60fps_60f	vidyo4_720p_60fps_60f	svtav1	svtav1_20190817_d0f64ff	60	20	7123888.0	7123.888	44.62433333333332	50.02150000000002	50.30499999999999	44.501949	50.005763	50.29029	97.822614	5072877.0	84.54795	8442.24	1280	720	60.0	8	edaa4f75d356b73d476aa6b77eb1c3ad	e127acdb3a78ba7dc65a800a6edb4540	1280	720	6432.0	15.0	5295.0	9942.0	False	True	0.996722	0.995995
vidyo4_720p_60fps_60f	vidyo4_720p_60fps_60f	svtav1	svtav1_20190817_d0f64ff	60	32	2322872.0	2322.872	42.86000000000001	49.27733333333334	49.5695	42.789009	49.271374	49.56243	96.376901	3104549.0	51.74248333333333	6049.17	1280	720	60.0	8	7f9b4b12ecf6d75cca26cbf8f574850c	b9cbe8b14f4b4dc0326bffa130db7728	1280	720	6758.0	5.0	3985.0	9862.0	False	True	0.99461	0.993867
vidyo4_720p_60fps_60f	vidyo4_720p_60fps_60f	svtav1	svtav1_20190817_d0f64ff	60	43	1027920.0	1027.92	41.30800000000001	48.32183333333334	48.53599999999998	41.255626	48.315101	48.528048	94.07806	3880793.0	64.67988333333334	7421.78	1280	720	60.0	8	6b2c4aae36e612f7a29d321317cf3e24	af5a690aa57019261f97f91ced4ebdba	1280	720	7343.0	7.0	3501.0	13000.0	False	True	0.991482	0.991062
vidyo4_720p_60fps_60f	vidyo4_720p_60fps_60f	svtav1	svtav1_20190817_d0f64ff	60	55	509264.0	509.264	39.301333333333325	46.921	47.04216666666666	39.247853	46.913976	47.032102	89.509041	2859539.0	47.65898333333333	5247.96	1280	720	60.0	8	2d18010f4f5ab8e42172a63367f60743	9ed25144352571bf76b18653c5a4d4a8	1280	720	6822.0	9.0	3043.0	10108.0	False	True	0.984495	0.985374
vidyo4_720p_60fps_60f	vidyo4_720p_60fps_60f	svtav1	svtav1_20190817_d0f64ff	60	63	239472.0	239.472	36.346	44.60366666666665	44.56316666666667	36.303364	44.600383	44.556674	78.395781	2492571.0	41.54285	4523.97	1280	720	60.0	8	914c1c5687baa191cf90d1cecac1f71d	e3a921e5fdfc13e5c348e43ad1b751ea	1280	720	6801.0	3.0	2626.0	9725.0	False	True	0.965911	0.971108
ducks_take_off_1080p50_60f	ducks_take_off_1080p50_60f	svtav1	svtav1_20190817_d0f64ff	60	20	122800700.0	122800.7	39.225833333333334	39.6055	41.62850000000002	39.076339	39.489082	41.563821	98.828282	21848080.0	364.13466666666665	37969.82	1920	1080	50.0	8	6a3b752ac846a3c76fb4e73f00980773	420f78f6d76e9257a75d1e8301793977	1920	1080	23023.0	16.0	34140.0	23594.0	False	True	0.998946	0.99619
ducks_take_off_1080p50_60f	ducks_take_off_1080p50_60f	svtav1	svtav1_20190817_d0f64ff	60	32	36568360.0	36568.36	35.35116666666667	37.008166666666675	39.97666666666667	35.264496	36.955561	39.956118	93.910691	16395811.0	273.26351666666665	30964.43	1920	1080	50.0	8	206b55eef292d4b57581ab99339b9783	1e79e72a64708b8b4b1bcdf05542f61c	1920	1080	22143.0	6.0	26727.0	24145.0	False	True	0.996856	0.990502
ducks_take_off_1080p50_60f	ducks_take_off_1080p50_60f	svtav1	svtav1_20190817_d0f64ff	60	43	12123240.0	12123.24	33.18966666666666	35.14533333333335	38.593833333333336	33.153916	35.101923000000006	38.582304	85.030235	14462877.0	241.04795	25185.85	1920	1080	50.0	8	8e3a701c618ffc452a370976cf0e7fbd	6e22b66c44679f1a7a15da5510f6c742	1920	1080	21777.0	4.0	20471.0	24037.0	False	True	0.99161	0.982303
ducks_take_off_1080p50_60f	ducks_take_off_1080p50_60f	svtav1	svtav1_20190817_d0f64ff	60	55	4629573.0	4629.573	30.855833333333347	33.33866666666667	37.37266666666667	30.804635	33.290756	37.365623	69.449218	12180375.0	203.00625	22853.39	1920	1080	50.0	8	8d5e0072ff9a002101b5756654c43295	19f43fa67115d08ca656f5450c14014d	1920	1080	22640.0	6.0	16547.0	23952.0	False	True	0.977415	0.964442
ducks_take_off_1080p50_60f	ducks_take_off_1080p50_60f	svtav1	svtav1_20190817_d0f64ff	60	63	1777306.0	1777.306	28.261666666666656	31.708333333333332	36.28316666666669	28.178698	31.667478	36.278514	48.120892	9724569.0	162.07615	16369.07	1920	1080	50.0	8	a83f7e9eb735481f9b73ca653444be17	6a029994a9a9e33ac74f3a74c9ed4199	1920	1080	22559.0	6.0	10890.0	23856.0	False	True	0.942781	0.926501
Netflix_FoodMarket_1920x1080_60f	Netflix_FoodMarket_1920x1080_60f	svtav1	svtav1_20190817_d0f64ff	60	20	34072240.0	34072.24	41.48550000000001	45.177333333333344	45.86133333333332	41.404593	45.142347	45.839214	99.424637	18141422.0	302.35703333333333	31428.88	1920	1080	60.0	8	8df26df5095d1e9b4b6783549ec9a33f	7db696f366a50e1a08b17b9da8bc27e4	1920	1080	16283.0	4.0	21682.0	23982.0	False	True	0.995927	0.990963
Netflix_FoodMarket_1920x1080_60f	Netflix_FoodMarket_1920x1080_60f	svtav1	svtav1_20190817_d0f64ff	60	32	10082912.0	10082.912	40.008833333333335	44.34516666666668	45.21283333333334	39.979326	44.332066000000005	45.207548	96.472462	12499854.0	208.3309	22326.34	1920	1080	60.0	8	7a9f23184a38b7def45d6a63899a2f4d	111a7aa24157f841fcddd13b0b01059e	1920	1080	17140.0	7.0	14592.0	25427.0	False	True	0.992542	0.986082
Netflix_FoodMarket_1920x1080_60f	Netflix_FoodMarket_1920x1080_60f	svtav1	svtav1_20190817_d0f64ff	60	43	4411936.0	4411.936	38.74733333333333	43.445499999999996	44.44200000000001	38.720359	43.434436	44.43581	92.234997	9781188.0	163.0198	17384.74	1920	1080	60.0	8	93d65d9e35918c85cd1ae1ff679307c1	1c783df69890bc4b40c68dc0ed8f0a28	1920	1080	16392.0	6.0	12775.0	24037.0	False	True	0.988418	0.980696
Netflix_FoodMarket_1920x1080_60f	Netflix_FoodMarket_1920x1080_60f	svtav1	svtav1_20190817_d0f64ff	60	55	2146592.0	2146.592	36.970833333333324	42.34866666666666	43.43349999999998	36.925215	42.331941	43.418644	83.403688	8320860.0	138.681	15000.2	1920	1080	60.0	8	c67ca6c4c5cd035d6daf50f2d7aa790a	80195da6f5e450e386671386c2ede6dd	1920	1080	16012.0	7.0	10770.0	23834.0	False	True	0.978041	0.969141
Netflix_FoodMarket_1920x1080_60f	Netflix_FoodMarket_1920x1080_60f	svtav1	svtav1_20190817_d0f64ff	60	63	947392.0	947.392	34.501999999999995	40.89883333333333	41.90966666666667	34.45139000000001	40.881855	41.874462	67.080161	7920835.0	132.01391666666666	13375.2	1920	1080	60.0	8	52b16636378bf31c0d7ed247e6054815	cbdbd25b52e455963f5bf14d0caa6855	1920	1080	20161.0	8.0	9551.0	23162.0	False	True	0.948918	0.941102
niklas360p_60f	niklas360p_60f	svtav1	svtav1_20190817_d0f64ff	60	20	1666852.0	1666.852	44.54149999999999	48.07366666666667	47.757666666666665	44.426213	48.011896	47.694409	98.35383	1726897.0	28.781616666666668	3383.14	640	360	30.0	8	b059542f592eb9c03c61db18aa5ae870	e3e76f84e5a82c29317b51c693e7c842	640	360	2306.0	15.0	2205.0	3083.0	False	True	0.986815	0.996948
niklas360p_60f	niklas360p_60f	svtav1	svtav1_20190817_d0f64ff	60	32	899476.0	899.476	42.10283333333334	46.620666666666665	46.05633333333334	42.005031	46.582778	46.019536	96.739489	2115990.0	35.2665	4027.29	640	360	30.0	8	91619f29501a338476089a9c19cee369	1d4fb55e3d7232ba85d9fdc7f6cbac81	640	360	3581.0	6.0	1962.0	3111.0	False	True	0.981616	0.9953489999999999
niklas360p_60f	niklas360p_60f	svtav1	svtav1_20190817_d0f64ff	60	43	481420.0	481.42	39.208	44.94233333333332	44.097833333333334	39.115381	44.920834	44.071995	93.416049	961731.0	16.02885	1673.55	640	360	30.0	8	2a09d4e46e7f0245e468e57f01cb9362	c49b0cc65b757539e1824641eadf1f9a	640	360	2246.0	6.0	1662.0	3597.0	False	True	0.971932	0.992006
niklas360p_60f	niklas360p_60f	svtav1	svtav1_20190817_d0f64ff	60	55	256388.0	256.388	36.12033333333333	43.015333333333324	41.920166666666674	36.038543	43.000103	41.89729	87.129203	903371.0	15.056183333333333	1670.6	640	360	30.0	8	2356fb7ea6f8aee0f3b2006d66c8a5b1	f397a6de38cc076d9b31a0c8670a0169	640	360	2192.0	4.0	1433.0	2887.0	False	True	0.954959	0.985299
niklas360p_60f	niklas360p_60f	svtav1	svtav1_20190817_d0f64ff	60	63	120984.0	120.984	32.44716666666666	40.66333333333334	39.21383333333333	32.385232	40.641663	39.186497	74.172522	581037.0	9.68395	1123.93	640	360	30.0	8	565bcaa19d7a1967c6b6eda6feeefbf3	09a9fafff7fd6eba967db33523edbee0	640	360	2339.0	3.0	1130.0	2900.0	False	True	0.9202360000000002	0.969365
aspen_1080p_60f	aspen_1080p_60f	svtav1	svtav1_20190817_d0f64ff	60	20	11680682.0	11680.682	44.490500000000004	48.40066666666668	49.59416666666667	44.364818	48.35124	49.556835	98.313899	13854552.0	230.9092	24188.57	1920	1080	29.97	8	8894e8f7514d14eebaf71c5bc1b05485	f58b3e19f5e1cb8199713843e1e7f635	1920	1080	12635.0	2.0	17199.0	22850.0	False	True	0.99634	0.993017
aspen_1080p_60f	aspen_1080p_60f	svtav1	svtav1_20190817_d0f64ff	60	32	3943468.0	3943.468	42.52683333333335	47.39716666666668	48.59916666666667	42.441954	47.377921	48.584328	94.733415	11253839.0	187.56398333333334	19301.08	1920	1080	29.97	8	21f73b90aea8480fe914e2880506ba1a	43be1fc9675cbb8e3f328d2ed1f77b0c	1920	1080	12358.0	3.0	14385.0	23398.0	False	True	0.994414	0.990273
aspen_1080p_60f	aspen_1080p_60f	svtav1	svtav1_20190817_d0f64ff	60	43	1573532.0	1573.532	41.07949999999999	46.23716666666666	47.38983333333332	41.024155	46.223223	47.378918	90.042726	9771027.0	162.85045	17059.12	1920	1080	29.97	8	935de37b52727e24d972a74a4f749209	24cd39aef3a7a96cf2352194b3b3cc2e	1920	1080	12848.0	5.0	11261.0	24037.0	False	True	0.991907	0.987346
aspen_1080p_60f	aspen_1080p_60f	svtav1	svtav1_20190817_d0f64ff	60	55	689040.0	689.0399999999998	39.26933333333333	44.61900000000001	45.63149999999999	39.210459	44.603533	45.622689	81.881464	8229200.0	137.15333333333334	13918.31	1920	1080	29.97	8	282010abb6702966fff9b13522c3663a	8474fe9cef11f83309e0b13b33b5b226	1920	1080	13608.0	4.0	10202.0	23197.0	False	True	0.987021	0.982165
aspen_1080p_60f	aspen_1080p_60f	svtav1	svtav1_20190817_d0f64ff	60	63	291846.0	291.84600000000006	36.47483333333332	42.192499999999995	42.939833333333326	36.411052	42.180181999999995	42.933477	66.352891	6777040.0	112.95066666666666	12361.1	1920	1080	29.97	8	611d8a3c0cef467419aae220e7fc8be8	035f2d25b757a008151b5534eb94f282	1920	1080	13009.0	19.0	7968.0	23143.0	False	True	0.971877	0.967504
Netflix_Boat_1920x1080_60fps_8bi	Netflix_Boat_1920x1080_60fps_8bi	svtav1	svtav1_20190817_d0f64ff	60	20	34136072.0	34136.072	43.93283333333333	46.307500000000005	48.07083333333332	43.843673	46.266705	48.051362	99.952131	12549013.0	209.15021666666667	20535.67	1920	1080	60.0	8	264a63edcd9b5763c506dba2a9eff819	c7d4e1b6967c45f24a9bd5ee79e6549d	1920	1080	19929.0	4.0	14323.0	23684.0	False	True	0.999348	0.998642
Netflix_Boat_1920x1080_60fps_8bi	Netflix_Boat_1920x1080_60fps_8bi	svtav1	svtav1_20190817_d0f64ff	60	32	18244904.0	18244.904	41.30416666666666	44.50000000000001	45.880666666666656	41.22431100000001	44.48129099999999	45.872266	99.581601	9753163.0	162.55271666666667	17582.66	1920	1080	60.0	8	4effec5f681fa0121026086f7c021886	dc929b22af4bfa6698f243df4f03c084	1920	1080	19238.0	6.0	13496.0	23869.0	False	True	0.9988499999999999	0.9976
Netflix_Boat_1920x1080_60fps_8bi	Netflix_Boat_1920x1080_60fps_8bi	svtav1	svtav1_20190817_d0f64ff	60	43	9745952.0	9745.952	38.16683333333334	42.566500000000005	43.61900000000001	38.081206	42.551494	43.616044	96.031856	8539292.0	142.32153333333332	14556.25	1920	1080	60.0	8	e62796ee167c1856f1d9767d97c6ff0c	8564c889002c15e20f63db20045f59ff	1920	1080	21711.0	4.0	11116.0	23534.0	False	True	0.997556	0.994934
Netflix_Boat_1920x1080_60fps_8bi	Netflix_Boat_1920x1080_60fps_8bi	svtav1	svtav1_20190817_d0f64ff	60	55	5117152.0	5117.152	34.750499999999995	40.75800000000001	41.50483333333334	34.654176	40.745698999999995	41.503168	88.826159	7388498.0	123.14163333333333	13819.52	1920	1080	60.0	8	a21dedc90e17adbc28ba27502655eef9	d92a80a1cd96d1becc7d0a3eb2c24260	1920	1080	26748.0	10.0	10301.0	23695.0	False	True	0.9938300000000001	0.9879459999999999
Netflix_Boat_1920x1080_60fps_8bi	Netflix_Boat_1920x1080_60fps_8bi	svtav1	svtav1_20190817_d0f64ff	60	63	2369760.0	2369.76	31.0155	38.47066666666667	39.16150000000001	30.957812	38.468894	39.159766	74.946476	6329345.0	105.48908333333334	11802.8	1920	1080	60.0	8	7a1aa41fe35cdbed076ac4268c56dddb	7123fa72ac47fd57c14177458925078f	1920	1080	19693.0	5.0	8602.0	23076.0	False	True	0.981631	0.967453
ShowGirl2TeaserClip4000_1920x108	ShowGirl2TeaserClip4000_1920x108	svtav1	svtav1_20190817_d0f64ff	60	20	11437636.0	11437.636	43.19016666666669	46.880333333333354	49.407833333333336	42.918862	46.814338	46.364625	95.515709	18178266.0	302.9711	34835.13	1920	1080	25.0	10	64c897e6ce0d1b3b4f5a6176ba3c1f3f	0e0f2848a89f849be43877cb05a12ede	1920	1080	45692.0	6.0	15039.0	24385.0	True	True	0.996689	0.992699
ShowGirl2TeaserClip4000_1920x108	ShowGirl2TeaserClip4000_1920x108	svtav1	svtav1_20190817_d0f64ff	60	32	3347163.0	3347.163	41.9245	46.28916666666666	48.60183333333335	41.85622	46.284419	45.974096	93.609528	8718577.0	145.30961666666667	14801.38	1920	1080	25.0	10	7552a59f63428ed8bacb05b2cc1f9e8c	84fbc52faf07a545f03f48ff56e7faae	1920	1080	27302.0	3.0	9780.0	23669.0	True	True	0.9953300000000002	0.990599
ShowGirl2TeaserClip4000_1920x108	ShowGirl2TeaserClip4000_1920x108	svtav1	svtav1_20190817_d0f64ff	60	43	1081173.0	1081.173	40.834999999999994	45.69166666666668	47.69933333333335	40.812505	45.690154	45.482519	90.545804	7172810.0	119.54683333333334	12834.01	1920	1080	25.0	10	45583627a1bd97bfc31fd82468f3feb5	79503899b412a26fa119b4dd636dc235	1920	1080	26542.0	5.0	8483.0	23811.0	True	True	0.9935570000000001	0.988407
ShowGirl2TeaserClip4000_1920x108	ShowGirl2TeaserClip4000_1920x108	svtav1	svtav1_20190817_d0f64ff	60	55	445820.0	445.82	39.195000000000014	44.838499999999975	46.457666666666675	39.162475	44.837448	44.728844	84.361722	6971291.0	116.18818333333333	11366.7	1920	1080	25.0	10	0caeda638efdbae20d9ae06d12cea1ee	93c957c5d8eb52a170e24279a82652a1	1920	1080	25849.0	8.0	7082.0	24259.0	True	True	0.989547	0.984018
ShowGirl2TeaserClip4000_1920x108	ShowGirl2TeaserClip4000_1920x108	svtav1	svtav1_20190817_d0f64ff	60	63	194886.0	194.886	36.43866666666666	43.134166666666694	44.50666666666665	36.40654	43.133458	43.374566	70.376629	6505087.0	108.41811666666666	11170.65	1920	1080	25.0	10	e9002f5d10753a106306b0b8c679f816	c327c34d1cfaf0b33640651b9cc8191f	1920	1080	26791.0	9.0	5482.0	23857.0	True	True	0.977555	0.971619
life_1080p30_60f	life_1080p30_60f	svtav1	svtav1_20190817_d0f64ff	60	20	14832976.0	14832.976	44.8985	50.157833333333336	49.6345	44.809165	50.136387	49.610888	99.519478	11573896.0	192.89826666666667	20830.49	1920	1080	30.0	8	120b3d4ae90fd723f0ac2628f4764455	8145462cde246bcc0f6fe27944b91b5f	1920	1080	17441.0	3.0	13068.0	23771.0	False	True	0.999261	0.998093
life_1080p30_60f	life_1080p30_60f	svtav1	svtav1_20190817_d0f64ff	60	32	7120400.0	7120.4	41.83883333333333	47.7345	47.45733333333332	41.769156	47.714439	47.44077	97.851035	10313262.0	171.8877	18541.08	1920	1080	30.0	8	c4f8f66dbd0050a93739c7bf6844ea5b	2fbec53c6b13823615ef5f4b94565969	1920	1080	17643.0	5.0	12526.0	24077.0	False	True	0.998544	0.996484
life_1080p30_60f	life_1080p30_60f	svtav1	svtav1_20190817_d0f64ff	60	43	3494720.0	3494.72	38.926833333333335	45.60166666666667	45.4745	38.874729	45.576027	45.455659	94.667075	8925828.0	148.7638	15985.14	1920	1080	30.0	8	99b958a4469594859bd47bbbc3298d25	e3fc361e9dbcf00c6ce9df70fe6ff274	1920	1080	17392.0	6.0	11363.0	24781.0	False	True	0.996871	0.993046
life_1080p30_60f	life_1080p30_60f	svtav1	svtav1_20190817_d0f64ff	60	55	1626552.0	1626.552	35.73466666666666	43.16116666666668	43.09183333333335	35.698741	43.132623	43.072809	88.674642	8880272.0	148.00453333333334	14897.28	1920	1080	30.0	8	fe0d5532e7a84322227f392ffacc6364	ad76a7824f3e7c55e0f9288412e040a5	1920	1080	45920.0	6.0	9459.0	24215.0	False	True	0.99177	0.9831039999999999
life_1080p30_60f	life_1080p30_60f	svtav1	svtav1_20190817_d0f64ff	60	63	679360.0	679.36	32.64316666666667	40.39316666666666	40.08166666666666	32.614887	40.370386	40.071958	75.765389	6441214.0	107.35356666666667	11729.47	1920	1080	30.0	8	9a3c596e85f6e87f3b6cb6c9ff7780ef	52dbee00b616a92e28f74663cce7b1b0	1920	1080	17393.0	3.0	7208.0	22632.0	False	True	0.97407	0.95748
blue_sky_360p_60f	blue_sky_360p_60f	svtav1	svtav1_20190817_d0f64ff	60	20	1547090.0	1547.09	44.523833333333336	45.893	47.60850000000001	44.39314	45.795373	47.543924	99.951325	1163220.0	19.387	2180.35	640	360	25.0	8	bcef3a763b064e0a55183cfa64376d65	4466524599dd1c4f3a4aee9a1f62d008	640	360	3967.0	10.0	2584.0	3152.0	False	True	0.993026	0.998629
blue_sky_360p_60f	blue_sky_360p_60f	svtav1	svtav1_20190817_d0f64ff	60	32	792043.0	792.043	41.61383333333334	43.756499999999996	45.35349999999998	41.462597	43.693595	45.30403	99.927977	1053089.0	17.551483333333334	1980.41	640	360	25.0	8	65eb65992146eafc79a9df28c0846ae7	0338df8d19c88a62049dae6fcebc6dcc	640	360	2759.0	4.0	2219.0	2940.0	False	True	0.989974	0.997924
blue_sky_360p_60f	blue_sky_360p_60f	svtav1	svtav1_20190817_d0f64ff	60	43	411986.0	411.986	38.66083333333333	41.036666666666676	42.629166666666656	38.515203	40.973001	42.5923	99.43233	847180.0	14.119666666666667	1562.47	640	360	25.0	8	2db8fd75327bc80fabe2274ab434a082	ca60689f74b41b7644ec414dfeb18458	640	360	2347.0	9.0	2052.0	3022.0	False	True	0.983952	0.996493
blue_sky_360p_60f	blue_sky_360p_60f	svtav1	svtav1_20190817_d0f64ff	60	55	224833.0	224.833	35.652166666666666	38.15666666666666	39.974	35.50628199999999	38.11279	39.958036	94.689144	702331.0	11.705516666666666	1259.14	640	360	25.0	8	ab1e087ca1cd26f9065364162c91a7c7	594407c3e7112239a79aee046177a9cb	640	360	2418.0	4.0	1878.0	2870.0	False	True	0.972553	0.993464
blue_sky_360p_60f	blue_sky_360p_60f	svtav1	svtav1_20190817_d0f64ff	60	63	112106.0	112.106	31.80383333333334	35.137166666666666	37.80033333333335	31.721964	35.127355	37.79498	83.486833	661529.0	11.025483333333334	1173.68	640	360	25.0	8	36a3639a7f756354f4a8777cff429af2	8f1329a7408c1b06febe14e328e9bd48	640	360	2565.0	3.0	1703.0	2956.0	False	True	0.943792	0.985258
Netflix_SquareAndTimelapse_1920x	Netflix_SquareAndTimelapse_1920x	svtav1	svtav1_20190817_d0f64ff	60	20	24163864.0	24163.864	44.89949999999999	49.19716666666668	48.42949999999999	44.855531	49.178913	48.404397	99.938425	12210625.0	203.51041666666666	21468.76	1920	1080	60.0	8	1d6eb906544a8fa02ee6adee366b5890	781f43665db7ee5e439f76eae6f59a99	1920	1080	16400.0	6.0	16114.0	23752.0	False	True	0.999262	0.998106
Netflix_SquareAndTimelapse_1920x	Netflix_SquareAndTimelapse_1920x	svtav1	svtav1_20190817_d0f64ff	60	32	13465424.0	13465.424	42.50399999999999	47.441	46.443500000000014	42.450315	47.420208	46.417087	99.906323	11064511.0	184.40851666666666	18144.18	1920	1080	60.0	8	2755ddde522c51dac3fc6f979e4a337c	a9a74005ab884f6cef8ef3b43c6aa76b	1920	1080	16904.0	5.0	15152.0	24577.0	False	True	0.998547	0.996599
Netflix_SquareAndTimelapse_1920x	Netflix_SquareAndTimelapse_1920x	svtav1	svtav1_20190817_d0f64ff	60	43	7353408.0	7353.408	39.605833333333344	45.20683333333334	44.06683333333334	39.542234	45.187084	44.040116	98.935524	16905405.0	281.75675	32030.71	1920	1080	60.0	8	794d9a12ac9ebf7782a91e388112a63e	8bc25f8e66e8c254a1c51a61688b7dca	1920	1080	38231.0	6.0	13213.0	24152.0	False	True	0.996574	0.992992
Netflix_SquareAndTimelapse_1920x	Netflix_SquareAndTimelapse_1920x	svtav1	svtav1_20190817_d0f64ff	60	55	3947456.0	3947.456	36.467499999999994	42.974333333333334	41.752166666666675	36.384628	42.952462	41.721573	91.4821	8072090.0	134.53483333333332	14210.47	1920	1080	60.0	8	c6dbb50b286b1455024643349d36806a	9d114e922e7606a0255ba94a74b474a4	1920	1080	16521.0	5.0	12146.0	23824.0	False	True	0.9912	0.984879
Netflix_SquareAndTimelapse_1920x	Netflix_SquareAndTimelapse_1920x	svtav1	svtav1_20190817_d0f64ff	60	63	1861272.0	1861.272	32.780166666666666	40.078	38.82133333333334	32.711456	40.064076	38.799416	75.093627	8659520.0	144.32533333333333	15154.38	1920	1080	60.0	8	dd3ce87464cf0728ce1ff4556e5170a3	e1c370edbc9bd9e42336d4643b44f609	1920	1080	18777.0	5.0	9903.0	24255.0	False	True	0.974143	0.963092
Netflix_Crosswalk_1920x1080_60fp	Netflix_Crosswalk_1920x1080_60fp	svtav1	svtav1_20190817_d0f64ff	60	20	12417648.0	12417.648	45.88883333333333	48.61266666666666	50.44733333333333	45.842868	48.592008	50.433619	99.447151	13935711.0	232.26185	23262.6	1920	1080	60.0	8	4c6a1f3dcb35b765d16d409697721920	aa39da17391a6fa4c1c49f91506f3120	1920	1080	12198.0	6.0	16745.0	24288.0	False	True	0.997874	0.996063
Netflix_Crosswalk_1920x1080_60fp	Netflix_Crosswalk_1920x1080_60fp	svtav1	svtav1_20190817_d0f64ff	60	32	5579616.0	5579.616	44.73	47.955833333333345	49.75816666666663	44.687476	47.945689	49.748314	96.741733	12277583.0	204.62638333333334	21429.58	1920	1080	60.0	8	392b134c16a06f776f9174a742e01d41	1558703b8366f30ab7e084043e7d38bc	1920	1080	12801.0	6.0	15905.0	24081.0	False	True	0.996581	0.994624
Netflix_Crosswalk_1920x1080_60fp	Netflix_Crosswalk_1920x1080_60fp	svtav1	svtav1_20190817_d0f64ff	60	43	2759896.0	2759.896	43.08883333333332	47.01983333333333	48.770166666666654	43.007955	47.005907	48.756654	91.409579	8990444.0	149.84073333333333	16853.28	1920	1080	60.0	8	12a055bd5a8d6dc14547a4405604fd1e	263d8450c06c51915afee7d19c5a852e	1920	1080	12966.0	5.0	18686.0	29093.0	False	True	0.993624	0.991685
Netflix_Crosswalk_1920x1080_60fp	Netflix_Crosswalk_1920x1080_60fp	svtav1	svtav1_20190817_d0f64ff	60	55	1409568.0	1409.568	40.9035	45.782166666666676	47.43183333333335	40.760407	45.759858	47.406427	81.767727	8671402.0	144.52336666666667	16627.46	1920	1080	60.0	8	7d36d8066addd154ce6efbdeca80b71c	7b840809795044dbe04262d83b0bb061	1920	1080	12489.0	5.0	10991.0	23985.0	False	True	0.986864	0.9856269999999999
Netflix_Crosswalk_1920x1080_60fp	Netflix_Crosswalk_1920x1080_60fp	svtav1	svtav1_20190817_d0f64ff	60	63	664512.0	664.512	37.96133333333332	43.953	45.60883333333335	37.798457	43.931247	45.580284	64.985651	7502217.0	125.03695	13491.82	1920	1080	60.0	8	deeb9fd9b6233c6dbeff3f4a3b7bdb71	a14117f541e8b12a6506f0a2cc4af8c2	1920	1080	12584.0	5.0	9737.0	23304.0	False	True	0.970479	0.971868
KristenAndSara_1280x720_60_10b	KristenAndSara_1280x720_60_10b	svtav1	svtav1_20190817_d0f64ff	60	20	8196056.0	8196.056	45.3325	49.73316666666668	50.705833333333345	45.099573	49.670204	50.668853	96.996979	5192131.0	86.53551666666667	9797.14	1280	720	60.0	10	a0713fa2ff9b1f08734501fc000c187e	25c14cf523077956a501570f64df4aff	1280	720	11600.0	4.0	5533.0	9883.0	True	True	0.99649	0.995994
KristenAndSara_1280x720_60_10b	KristenAndSara_1280x720_60_10b	svtav1	svtav1_20190817_d0f64ff	60	32	2571072.0	2571.072	43.834500000000006	48.88933333333333	49.86716666666668	43.745953	48.877384	49.861461	96.144129	4460653.0	74.34421666666667	8342.41	1280	720	60.0	10	79226bdaa8a9509c7371cadcd504c37a	68558870cee9d01cfd73b1ee1e1cbc1f	1280	720	11116.0	5.0	4249.0	10682.0	True	True	0.995263	0.994808
KristenAndSara_1280x720_60_10b	KristenAndSara_1280x720_60_10b	svtav1	svtav1_20190817_d0f64ff	60	43	1014608.0	1014.608	42.42066666666666	47.745	48.721	42.380179	47.741121	48.717485	94.67165	3552621.0	59.21035	5662.4	1280	720	60.0	10	2002b5d0b416989af0552aa6904d3c00	b8d65a47ed3ecc8e44419992a42ac7cc	1280	720	11846.0	5.0	3487.0	10450.0	True	True	0.993344	0.993145
KristenAndSara_1280x720_60_10b	KristenAndSara_1280x720_60_10b	svtav1	svtav1_20190817_d0f64ff	60	55	481216.0	481.216	40.47299999999999	45.95866666666669	47.044333333333334	40.444694	45.955907	47.042623	91.359276	2935999.0	48.93331666666667	4813.62	1280	720	60.0	10	36ed5a3583e8918f0ffb745191edf80a	17d565513a6b02a089b2b9ae34794068	1280	720	11472.0	8.0	2964.0	10058.0	True	True	0.989317	0.989821
KristenAndSara_1280x720_60_10b	KristenAndSara_1280x720_60_10b	svtav1	svtav1_20190817_d0f64ff	60	63	223592.0	223.592	37.21283333333335	43.235499999999995	44.28949999999998	37.202288	43.234592	44.288782	82.635318	4318813.0	71.98021666666666	4368.45	1280	720	60.0	10	535cf7fab63b7906f621d5f25c55853e	3f353a1dfb1b6a8c75ebb0d1035ae9da	1280	720	14016.0	7.0	2135.0	20317.0	True	True	0.978246	0.980957
Market3_1920x1080p_50_10b_pq_709	Market3_1920x1080p_50_10b_pq_709	svtav1	svtav1_20190817_d0f64ff	60	20	19833266.0	19833.266	45.79916666666668	52.396333333333345	52.94349999999998	45.660779	52.375085	47.575372	99.856388	10568838.0	176.1473	17633.53	1920	1080	50.0	10	99e3afb0619e9bad4c66f52b357ceed1	6c6caf9962d8f2068c3c3dea17248454	1920	1080	26578.0	4.0	12815.0	23948.0	True	True	0.999323	0.998473
Market3_1920x1080p_50_10b_pq_709	Market3_1920x1080p_50_10b_pq_709	svtav1	svtav1_20190817_d0f64ff	60	32	9714746.0	9714.746000000001	43.278333333333315	50.18449999999998	50.93950000000002	43.193655	50.177214	46.933609	99.070494	11449726.0	190.82876666666667	21171.55	1920	1080	50.0	10	13ef1a79b57d1cf278232f9b4dac4a91	42b55329503b07a92ac914f17b041cd2	1920	1080	32159.0	7.0	10886.0	30214.0	True	True	0.998813	0.997403
Market3_1920x1080p_50_10b_pq_709	Market3_1920x1080p_50_10b_pq_709	svtav1	svtav1_20190817_d0f64ff	60	43	4684306.0	4684.306	40.194999999999986	47.84066666666665	48.876999999999995	40.14006200000001	47.838721	46.042111	96.020844	7466870.0	124.44783333333334	13972.93	1920	1080	50.0	10	f563ee5a3afca3cad3b5b728d3f22105	80be1eec84af6020f65e933ce2bf0194	1920	1080	26978.0	4.0	9710.0	23458.0	True	True	0.997227	0.994232
Market3_1920x1080p_50_10b_pq_709	Market3_1920x1080p_50_10b_pq_709	svtav1	svtav1_20190817_d0f64ff	60	55	2300193.0	2300.193	37.019333333333336	45.8235	47.01600000000001	36.977887	45.822039	45.020524	89.948062	7192767.0	119.87945	13127.95	1920	1080	50.0	10	9a96049ca9aba7c9c00910eff2749bdd	a7a7a66dae81b35b55530e448317bf79	1920	1080	26933.0	5.0	9292.0	23976.0	True	True	0.992841	0.986405
Market3_1920x1080p_50_10b_pq_709	Market3_1920x1080p_50_10b_pq_709	svtav1	svtav1_20190817_d0f64ff	60	63	932566.0	932.566	33.43616666666666	43.43433333333332	44.71983333333332	33.417795	43.43139	43.488114	76.43376000000002	7104314.0	118.40523333333333	12922.84	1920	1080	50.0	10	e962cdabfd66e6e8a3f0246f64564b43	5d20fe359dda92dbe303247daa4687a5	1920	1080	26375.0	5.0	8627.0	25324.0	True	True	0.978172	0.965149
DOTA2_60f_420	DOTA2_60f_420	svtav1	svtav1_20190817_d0f64ff	60	20	20004920.0	20004.92	45.91816666666667	49.75916666666667	49.81116666666666	45.796066	49.687577	49.758746	97.621103	10880910.0	181.3485	17481.07	1920	1080	60.0	8	7ac59c0e5722f682bcfc95af46f0cc6e	b152dc1c36004965d39b452e4b6d3849	1920	1080	17269.0	7.0	9824.0	23933.0	False	True	0.998759	0.997575
DOTA2_60f_420	DOTA2_60f_420	svtav1	svtav1_20190817_d0f64ff	60	32	10004088.0	10004.088	43.590999999999994	47.731333333333346	47.9235	43.478515	47.641118	47.873866	95.999201	8747333.0	145.78888333333333	14856.37	1920	1080	60.0	8	de9482e63a18b142d7af592d821c5f91	06cf57542119c1ca65a3ce6e25d37bf1	1920	1080	16896.0	24.0	8853.0	23751.0	False	True	0.997705	0.995815
DOTA2_60f_420	DOTA2_60f_420	svtav1	svtav1_20190817_d0f64ff	60	43	4964672.0	4964.672	41.096666666666664	45.46416666666667	45.76116666666666	40.976223	45.349857	45.711289	93.03210800000001	7534452.0	125.5742	12564.9	1920	1080	60.0	8	25a9e664dd3da3dc6dfe7b968ad5fab0	357bb963723f0f31facda1fbaae9f435	1920	1080	16627.0	4.0	7677.0	23525.0	False	True	0.995392	0.992202
DOTA2_60f_420	DOTA2_60f_420	svtav1	svtav1_20190817_d0f64ff	60	55	2187824.0	2187.824	38.0465	42.657000000000004	43.053333333333335	37.925894	42.54359	43.015081	86.475982	7014607.0	116.91011666666667	12420.68	1920	1080	60.0	8	1c8bc1b52c2397d12380b7548c88fb7b	d0a444df0d24ba076f1d315349377d94	1920	1080	17006.0	9.0	7640.0	24162.0	False	True	0.987972	0.982313
DOTA2_60f_420	DOTA2_60f_420	svtav1	svtav1_20190817_d0f64ff	60	63	848448.0	848.448	34.396666666666675	39.30183333333333	39.62683333333333	34.339522	39.251985	39.615988	71.426478	5961335.0	99.35558333333333	11409.71	1920	1080	60.0	8	0d6ccbb4bb1b8001f4e1be760973f0d1	bf6af46015eedf4ebead4d73e5dbd1c1	1920	1080	18282.0	5.0	5138.0	23792.0	False	True	0.962083	0.955297
gipsrestat720p_60f	gipsrestat720p_60f	svtav1	svtav1_20190817_d0f64ff	60	20	5201353.0	5201.353	45.06899999999999	47.510499999999986	49.0565	44.998357000000006	47.481239	49.039655	97.048624	4873001.0	81.21668333333334	8358.48	1280	720	50.0	8	d4e98fddc840f73bda4d1a462fdb086d	6f79e7307429d21ce4ebe2693b9a9f4d	1280	720	7237.0	34.0	4813.0	10053.0	False	True	0.997719	0.997062
gipsrestat720p_60f	gipsrestat720p_60f	svtav1	svtav1_20190817_d0f64ff	60	32	1859426.0	1859.426	43.24366666666668	46.659499999999994	48.09550000000001	43.193474	46.652338	48.081423	95.779491	3437409.0	57.29015	6211.2	1280	720	50.0	8	7c5f36c423442253a76471b132554b3a	0a53662c8d4c826994429b56719ec133	1280	720	7477.0	5.0	3534.0	10172.0	False	True	0.996603	0.995917
gipsrestat720p_60f	gipsrestat720p_60f	svtav1	svtav1_20190817_d0f64ff	60	43	801700.0	801.7	41.3095	45.77833333333333	47.016333333333336	41.230105	45.776164	47.001525	93.674153	2837938.0	47.298966666666665	5211.22	1280	720	50.0	8	2ec2f15bfba5f3782aee7bc4160fe951	3a63bf56d35af6954cfd4d146175fea5	1280	720	7624.0	4.0	3281.0	10311.0	False	True	0.994831	0.994244
gipsrestat720p_60f	gipsrestat720p_60f	svtav1	svtav1_20190817_d0f64ff	60	55	400613.0	400.613	39.11400000000001	44.368500000000026	45.267999999999994	39.055596	44.366986	45.261554	89.875263	3139305.0	52.32175	5765.53	1280	720	50.0	8	1aa3dc484fda9ac862b6df8c1b196ac3	64d9655f83c64572830df240b2705ddb	1280	720	10698.0	10.0	2737.0	10091.0	False	True	0.9909	0.9907799999999999
gipsrestat720p_60f	gipsrestat720p_60f	svtav1	svtav1_20190817_d0f64ff	60	63	186953.0	186.953	35.52116666666666	41.72516666666666	42.26633333333335	35.506127	41.724298	42.26509	80.490356	3397129.0	56.61881666666667	6344.28	1280	720	50.0	8	97957a60a9f602f0cdcb6dcbd98d83a8	71d4ac64091f23d5bb871d7e6d87fa4b	1280	720	8402.0	6.0	2123.0	13478.0	False	True	0.977571	0.97949
touchdown_pass_1080p_60f	touchdown_pass_1080p_60f	svtav1	svtav1_20190817_d0f64ff	60	20	26524562.0	26524.562	41.35383333333333	48.33250000000001	48.48650000000001	41.160315	48.298173	48.45376	96.513265	16052162.0	267.5360333333333	28596.34	1920	1080	29.97	8	edd9107b680df47325c92038a9d157b7	a2999f0a7fee5c07c8322772bb60e123	1920	1080	17107.0	28.0	25869.0	23126.0	False	True	0.996319	0.992133
touchdown_pass_1080p_60f	touchdown_pass_1080p_60f	svtav1	svtav1_20190817_d0f64ff	60	32	6886283.0	6886.283	38.90750000000001	47.432333333333325	47.588000000000015	38.82622	47.42354	47.57874	94.022617	12355807.0	205.93011666666666	22860.21	1920	1080	29.97	8	8b180e5498ed1f5c0f49190f4acef5f4	b4e20fd69629d04536c492c0c3861bd4	1920	1080	21495.0	5.0	16982.0	24480.0	False	True	0.994068	0.987127
touchdown_pass_1080p_60f	touchdown_pass_1080p_60f	svtav1	svtav1_20190817_d0f64ff	60	43	2443587.0	2443.587	37.410833333333336	46.39483333333333	46.486166666666676	37.376437	46.387252	46.477986	90.538936	9809614.0	163.49356666666668	16650.34	1920	1080	29.97	8	3bc0e6be5fac07f5cbb4bfd7a74f9b98	5f6fcf1114d9c1d602d00acf8df73f90	1920	1080	16805.0	4.0	12514.0	23760.0	False	True	0.991045	0.981429
touchdown_pass_1080p_60f	touchdown_pass_1080p_60f	svtav1	svtav1_20190817_d0f64ff	60	55	1134871.0	1134.871	35.5635	45.219333333333346	45.24283333333334	35.516875	45.208661	45.230725	83.609921	8614506.0	143.5751	14213.64	1920	1080	29.97	8	c325861122bebdef8c70b89c87cc5743	874487163314241b2f58d3c47dda519d	1920	1080	17813.0	5.0	11792.0	24546.0	False	True	0.981818	0.967419
touchdown_pass_1080p_60f	touchdown_pass_1080p_60f	svtav1	svtav1_20190817_d0f64ff	60	63	466520.0	466.5199999999999	32.83366666666667	43.55033333333334	43.655666666666676	32.780986	43.532496	43.639263	66.704414	7542579.0	125.70965	14259.23	1920	1080	29.97	8	bcf8e55741cfea4e0ee3e5a424998a37	df5e170e882937c457a9358224aac6e6	1920	1080	17161.0	6.0	9341.0	25966.0	False	True	0.940991	0.920868
dark720p_60f	dark720p_60f	svtav1	svtav1_20190817_d0f64ff	60	20	8700968.0	8700.968	46.57716666666666	44.39683333333334	45.932166666666674	46.4241	44.085299	45.637815	96.481182	7038418.0	117.30696666666667	12063.21	1280	720	30.0	8	c4a3c6be353f112b3b69e62016b66844	7a786b340e28faa4bf8eb6d786273958	1280	720	6251.0	7.0	11732.0	10160.0	False	True	0.995003	0.995628
dark720p_60f	dark720p_60f	svtav1	svtav1_20190817_d0f64ff	60	32	2542928.0	2542.928	43.86199999999999	39.684833333333344	42.303333333333335	43.77148	39.464198	42.184642000000004	93.594091	9813808.0	163.56346666666667	18363.3	1280	720	30.0	8	c2e41fa42ced028725cfc3f7fa90e02e	97dad834f8368b34adeb0d13fa4a48e6	1280	720	6533.0	6.0	9385.0	9931.0	False	True	0.991604	0.992972
dark720p_60f	dark720p_60f	svtav1	svtav1_20190817_d0f64ff	60	43	524928.0	524.928	42.37433333333333	37.18966666666666	41.0165	42.341983	37.125666	41.00167	90.826205	4798515.0	79.97525	8602.95	1280	720	30.0	8	06d9e0503a95e62065ce8c30eb315370	c8d2dcb455ba73d9c6d7b5e07e6d0e69	1280	720	7105.0	5.0	5712.0	10352.0	False	True	0.989589	0.991397
dark720p_60f	dark720p_60f	svtav1	svtav1_20190817_d0f64ff	60	55	168336.0	168.33599999999998	41.083499999999994	36.45033333333333	40.178000000000004	41.064807	36.440575	40.169486	87.35795	4048834.0	67.48056666666666	7498.46	1280	720	30.0	8	1e25908ad11bd20e59efa0414cfcf8e2	ffec5da0fe30daaee5292eacc8f7dfa9	1280	720	7398.0	8.0	4083.0	13027.0	False	True	0.986468	0.989039
dark720p_60f	dark720p_60f	svtav1	svtav1_20190817_d0f64ff	60	63	74220.0	74.22	38.69550000000001	35.3895	38.7095	38.681298	35.386404	38.700779	78.524228	3042388.0	50.706466666666664	5510.98	1280	720	30.0	8	50c47008aeaa3af14f1ac37e7410a3ed	291b83912f298274a45a225364cf426f	1280	720	6381.0	6.0	2954.0	9914.0	False	True	0.97789	0.982526
Cosmos1_1920x856_BT2100_PQ_24fps	Cosmos1_1920x856_BT2100_PQ_24fps	svtav1	svtav1_20190817_d0f64ff	60	20	29626086.0	29626.086	42.90999999999998	45.64249999999999	47.83949999999997	42.606857	45.449331	45.140717	99.495164	15834485.0	263.9080833333333	26308.2	1920	856	24.0	10	5eae5f682114b0754d230087929b9eb6	1dc05837574397be61ba2153f3248f18	1920	856	23393.0	5.0	20885.0	23340.0	True	True	0.99728	0.996641
Cosmos1_1920x856_BT2100_PQ_24fps	Cosmos1_1920x856_BT2100_PQ_24fps	svtav1	svtav1_20190817_d0f64ff	60	32	12983996.0	12983.996000000001	38.95349999999999	43.57616666666666	46.22416666666666	38.626457	43.477888	44.261648	95.715582	12102573.0	201.70955	19133.27	1920	856	24.0	10	611e7bdf6f2dc530131a0129546c2530	3b9a8e6a7ac14d93eb019841c76257b6	1920	856	23037.0	3.0	19095.0	17973.0	True	True	0.99288	0.991951
Cosmos1_1920x856_BT2100_PQ_24fps	Cosmos1_1920x856_BT2100_PQ_24fps	svtav1	svtav1_20190817_d0f64ff	60	43	5012198.0	5012.198	35.89083333333334	41.83216666666666	44.65616666666665	35.688331	41.789202	43.250507	85.960566	9259028.0	154.31713333333335	16879.97	1920	856	24.0	10	f7a9bdcc407e5a2b58de88b40e7a967f	e5ed6b167acc17800664a281b8d1d5a8	1920	856	22819.0	5.0	12576.0	17892.0	True	True	0.982629	0.9823350000000001
Cosmos1_1920x856_BT2100_PQ_24fps	Cosmos1_1920x856_BT2100_PQ_24fps	svtav1	svtav1_20190817_d0f64ff	60	55	2004608.0	2004.608	33.27733333333333	40.28316666666667	42.84816666666667	33.145706	40.253626000000004	41.917541	68.96265	6691316.0	111.52193333333334	12621.77	1920	856	24.0	10	74e4f9ea2fbbe5d6f88a047987c1ad9b	91dfea6b27278c77ebd70784936757fb	1920	856	22518.0	20.0	10532.0	17533.0	True	True	0.957504	0.960997
Cosmos1_1920x856_BT2100_PQ_24fps	Cosmos1_1920x856_BT2100_PQ_24fps	svtav1	svtav1_20190817_d0f64ff	60	63	689984.0	689.984	30.570666666666664	38.598	41.17800000000001	30.47473	38.577183	40.560649	45.881185	6472855.0	107.88091666666666	11250.74	1920	856	24.0	10	01031819af03055610f85ff14eefe2e3	5a0f7f215097d28daed7e69f39975bcf	1920	856	23942.0	7.0	8742.0	18727.0	True	True	0.898372	0.912312
ducks_1920x1080_50fps_10b	ducks_1920x1080_50fps_10b	svtav1	svtav1_20190817_d0f64ff	60	20	137338926.0	137338.926	39.80799999999999	39.97799999999999	41.75099999999999	39.622731	39.802361	41.233398	99.01779	19880375.0	331.33958333333334	35930.73	1920	1080	50.0	10	23b92edf26a625e33f8ede820cc33372	523676b3e24aa7f2a2541d86d5caf1b2	1920	1080	35669.0	30.0	33561.0	23980.0	True	True	0.999036	0.9966449999999999
ducks_1920x1080_50fps_10b	ducks_1920x1080_50fps_10b	svtav1	svtav1_20190817_d0f64ff	60	32	42976660.0	42976.66	35.66	37.10866666666667	39.98433333333333	35.543938	37.040797	39.695361	93.938732	17458599.0	290.97665	29181.89	1920	1080	50.0	10	7fee60fd92343d6e084df5b335fab889	c316285dcabb7fea40ad3a4605500620	1920	1080	33533.0	4.0	25393.0	24036.0	True	True	0.996931	0.990998
ducks_1920x1080_50fps_10b	ducks_1920x1080_50fps_10b	svtav1	svtav1_20190817_d0f64ff	60	43	13257726.0	13257.726	33.31166666666667	35.213499999999996	38.62466666666667	33.27189	35.166594	38.434754	85.030591	14386433.0	239.77388333333334	22883.82	1920	1080	50.0	10	d467bc3af01a003dc84f282805a79849	d8310f43fa7fb77c30ea702f3717ff4c	1920	1080	30955.0	4.0	18598.0	24184.0	True	True	0.991767	0.982719
ducks_1920x1080_50fps_10b	ducks_1920x1080_50fps_10b	svtav1	svtav1_20190817_d0f64ff	60	55	4793173.0	4793.173	30.9005	33.36749999999999	37.39866666666665	30.850279	33.318197	37.2707	69.272626	14518367.0	241.97278333333333	24928.59	1920	1080	50.0	10	01ec907234e1c84c738ffd1806c704b4	bdc9df523397046cca2c8fe9ff03f5ba	1920	1080	47555.0	6.0	15042.0	43155.0	True	True	0.977357	0.964608
ducks_1920x1080_50fps_10b	ducks_1920x1080_50fps_10b	svtav1	svtav1_20190817_d0f64ff	60	63	1810586.0	1810.586	28.26933333333334	31.655166666666673	36.35416666666666	28.197371	31.615944	36.26427	47.947178	8719836.0	145.3306	13976.93	1920	1080	50.0	10	a6fdd22800fd68b6dd6b93a1761bd81e	33112adc2991dd5791f63ab8fe7f9e58	1920	1080	29614.0	4.0	11363.0	24064.0	True	True	0.942239	0.926214
RollerCoastPas_1920x1080_2997_10	RollerCoastPas_1920x1080_2997_10	svtav1	svtav1_20190817_d0f64ff	60	20	10952876.0	10952.876	45.30850000000001	45.47566666666667	43.95800000000001	45.127346	45.291297	42.785517	96.978275	11346963.0	189.11605	20183.16	1920	1080	29.97	10	bc32c68d39dd1d94a9e256923cccadc8	d085efed84a6b3c7d9b37b67ae526375	1920	1080	28288.0	4.0	9447.0	24644.0	True	True	0.998662	0.996967
RollerCoastPas_1920x1080_2997_10	RollerCoastPas_1920x1080_2997_10	svtav1	svtav1_20190817_d0f64ff	60	32	3529348.0	3529.348	44.14783333333335	44.58799999999997	42.84716666666668	44.105895	44.549095	42.047277	96.28235	8767300.0	146.12166666666667	16452.33	1920	1080	29.97	10	c716f8ea632e6d356aaca7283fc0f457	c3c780228e6a8494b67b689e605e596b	1920	1080	31281.0	7.0	9985.0	30474.0	True	True	0.998195	0.9961940000000001
RollerCoastPas_1920x1080_2997_10	RollerCoastPas_1920x1080_2997_10	svtav1	svtav1_20190817_d0f64ff	60	43	1305485.0	1305.485	42.70100000000001	43.67183333333333	42.030499999999996	42.690446	43.665707	41.414397	95.076665	6334128.0	105.5688	12168.15	1920	1080	29.97	10	9957faa931317737294e9b77076a26ab	c750dbe159e812176c86f5d09d5d75c4	1920	1080	26624.0	3.0	4529.0	23550.0	True	True	0.9972930000000001	0.994807
RollerCoastPas_1920x1080_2997_10	RollerCoastPas_1920x1080_2997_10	svtav1	svtav1_20190817_d0f64ff	60	55	564569.0	564.569	40.47233333333334	42.278000000000006	40.86666666666667	40.465469	42.277179	40.418033	91.960379	8569763.0	142.82938333333334	10891.24	1920	1080	29.97	10	e1f376bc4b6f885c749932bc2f8998fb	bc62c862a0067151a7988a1b8fb3b5ed	1920	1080	31783.0	4.0	4132.0	24060.0	True	True	0.994928	0.991472
RollerCoastPas_1920x1080_2997_10	RollerCoastPas_1920x1080_2997_10	svtav1	svtav1_20190817_d0f64ff	60	63	241023.0	241.023	36.71783333333334	39.56733333333332	38.48716666666665	36.714479	39.567343	38.256242	82.229221	6351243.0	105.85405	11156.11	1920	1080	29.97	10	41c697a8768e3c55ef03081ff0e38a13	6440985de0ff02873f62a49a59f95f68	1920	1080	29124.0	5.0	3793.0	24986.0	True	True	0.985686	0.980112
red_kayak_360p_60f	red_kayak_360p_60f	svtav1	svtav1_20190817_d0f64ff	60	20	9416942.0	9416.942	41.377833333333335	44.87033333333334	49.392166666666675	41.238774	44.800394	49.366789	99.935162	2914993.0	48.583216666666665	5280.45	640	360	29.97	8	95e3bc8e24948dce8cd5bbb33601b3d5	dcd421db6b2adf3787aab5e4185c8771	640	360	3308.0	3.0	3708.0	3080.0	False	True	0.973782	0.994747
red_kayak_360p_60f	red_kayak_360p_60f	svtav1	svtav1_20190817_d0f64ff	60	32	5524891.0	5524.891	36.76033333333333	42.41866666666667	47.902833333333334	36.569432	42.348203	47.875927	99.794183	2884802.0	48.08003333333333	5410.13	640	360	29.97	8	e1d4f15e917ba885a1682a9e4d8a384b	e80cbf3849de1ed623437240b9a7e2cf	640	360	2884.0	19.0	3420.0	3172.0	False	True	0.942643	0.986958
red_kayak_360p_60f	red_kayak_360p_60f	svtav1	svtav1_20190817_d0f64ff	60	43	2584498.0	2584.498	32.176500000000004	40.168000000000006	46.482	31.979094999999997	40.100927	46.450418	87.069395	6154904.0	102.58173333333333	6111.04	640	360	29.97	8	09665b9f811415a6007e7d0232d2208e	77424cc2e86598104c32351520c4ca1a	640	360	6710.0	8.0	5172.0	10312.0	False	True	0.87539	0.967453
red_kayak_360p_60f	red_kayak_360p_60f	svtav1	svtav1_20190817_d0f64ff	60	55	887414.0	887.414	28.383166666666668	38.108166666666655	45.1865	28.22768	38.047416	45.121381	61.80215	1515482.0	25.258033333333334	2708.52	640	360	29.97	8	bc62da5aa1b709556da8849622001e43	88a61fb8e36bb495e38f4c5d829d832e	640	360	2655.0	3.0	2199.0	3050.0	False	True	0.765712	0.923886
red_kayak_360p_60f	red_kayak_360p_60f	svtav1	svtav1_20190817_d0f64ff	60	63	222401.0	222.401	25.786999999999995	36.523	43.942833333333354	25.667961	36.469298	43.750672	27.101252	1149569.0	19.159483333333334	2074.31	640	360	29.97	8	8cf3cb303daebed8b6ac6779c391db01	9b5a4464ae1d25d85e52520fd293fe77	640	360	2693.0	3.0	1943.0	2968.0	False	True	0.661882	0.837038
ToddlerFountn_1920x1080_2997_10b	ToddlerFountn_1920x1080_2997_10b	svtav1	svtav1_20190817_d0f64ff	60	20	64120505.0	64120.505	41.48216666666665	46.65183333333334	43.912166666666685	41.342332000000006	46.619666	42.833151	99.933583	19564833.0	326.08055	33304.39	1920	1080	29.97	10	0cb2055530295e81a5d6fd41d8e70631	6d85a6297d375b4473b29d9c838787fc	1920	1080	55380.0	7.0	25889.0	24752.0	True	True	0.997856	0.995405
ToddlerFountn_1920x1080_2997_10b	ToddlerFountn_1920x1080_2997_10b	svtav1	svtav1_20190817_d0f64ff	60	32	32171212.0	32171.212	37.286999999999985	45.120999999999995	41.95283333333334	37.148819	45.105541	41.281264	99.891465	15287840.0	254.79733333333334	27417.33	1920	1080	29.97	10	3f35c9399e9f8ae7adbaad2db07056f8	5edf016679659c05ad2384bbf4212a88	1920	1080	28914.0	4.0	22864.0	23851.0	True	True	0.993323	0.9872029999999999
ToddlerFountn_1920x1080_2997_10b	ToddlerFountn_1920x1080_2997_10b	svtav1	svtav1_20190817_d0f64ff	60	43	14322676.0	14322.676	33.57283333333333	43.652333333333324	40.47716666666667	33.461432	43.641125	40.023204	89.24819	14305817.0	238.43028333333334	23495.65	1920	1080	29.97	10	096898939dcfaa6af86d89cd067f24f4	45ae1d048c90ba06965d7a70d3fbb99a	1920	1080	29188.0	4.0	19594.0	24025.0	True	True	0.979917	0.967006
ToddlerFountn_1920x1080_2997_10b	ToddlerFountn_1920x1080_2997_10b	svtav1	svtav1_20190817_d0f64ff	60	55	5378555.0	5378.555000000001	30.275	42.12949999999999	39.3315	30.184772	42.120282	39.002125	67.849076	11948655.0	199.14425	21302.92	1920	1080	29.97	10	4e415c306af9bee921d5d81ae93f5a45	2cbb50380afd946a97ac046eb8f94b43	1920	1080	30160.0	4.0	16303.0	24024.0	True	True	0.943345	0.922725
ToddlerFountn_1920x1080_2997_10b	ToddlerFountn_1920x1080_2997_10b	svtav1	svtav1_20190817_d0f64ff	60	63	1734172.0	1734.172	27.432166666666664	40.88849999999999	38.50883333333332	27.343702	40.884234	38.252234	40.995401	10360719.0	172.67865	18080.03	1920	1080	29.97	10	e0f4351b78cb47ee26648c0069b1bbbf	dee1095b92c5f7b3248b8345d0a467a3	1920	1080	28196.0	7.0	13528.0	24006.0	True	True	0.86805	0.8497609999999999
rush_hour_1080p25_60f	rush_hour_1080p25_60f	svtav1	svtav1_20190817_d0f64ff	60	20	9226356.0	9226.356	43.365833333333335	47.2805	49.329333333333345	43.277748	47.224831	49.282499	97.400175	14706250.0	245.10416666666666	26768.8	1920	1080	25.0	8	bd3c0a12688393df6ce07fb8bf7226f4	f648d8953414787d5684ae2d14809629	1920	1080	13360.0	4.0	19422.0	23927.0	False	True	0.996772	0.992953
rush_hour_1080p25_60f	rush_hour_1080p25_60f	svtav1	svtav1_20190817_d0f64ff	60	32	3700010.0	3700.01	42.377500000000026	46.40266666666666	48.25083333333331	42.353865	46.386158	48.2301	94.006238	12282887.0	204.71478333333334	21850.99	1920	1080	25.0	8	df332e7ad1a4c075bf4b54ef16a66007	003326138aeac8adb88532fc409abec8	1920	1080	14196.0	19.0	16490.0	23274.0	False	True	0.994803	0.990907
rush_hour_1080p25_60f	rush_hour_1080p25_60f	svtav1	svtav1_20190817_d0f64ff	60	43	1643166.0	1643.166	41.10216666666667	45.419166666666676	46.96516666666666	41.06961	45.409517	46.947077	87.550497	10211500.0	170.19166666666666	18159.64	1920	1080	25.0	8	83f59ab7e7ce2f49ecbb610369a956fb	68c0b2ea7fc398fd40d36f8997ec6dc1	1920	1080	13135.0	4.0	13879.0	23330.0	False	True	0.991275	0.987701
rush_hour_1080p25_60f	rush_hour_1080p25_60f	svtav1	svtav1_20190817_d0f64ff	60	55	762490.0	762.49	39.21816666666667	44.2345	45.42066666666666	39.147614	44.225038	45.398931999999995	76.672933	9391331.0	156.52218333333334	17443.73	1920	1080	25.0	8	c0149849d39886b54085353d1de662e0	3326b0e987c4e3fe62c78e06f70e5793	1920	1080	14543.0	7.0	10554.0	24216.0	False	True	0.984382	0.981776
rush_hour_1080p25_60f	rush_hour_1080p25_60f	svtav1	svtav1_20190817_d0f64ff	60	63	331533.0	331.533	36.65633333333334	42.38716666666667	43.22583333333334	36.533366	42.380795	43.2032	61.473928	6980056.0	116.33426666666666	12839.4	1920	1080	25.0	8	fe6bbd21c1e88590de47d937e393ad3a	d6a5337fa194b849d8df613eb48a6d1e	1920	1080	13309.0	4.0	7507.0	23199.0	False	True	0.969956	0.969758
thaloundeskmtg360p_60f	thaloundeskmtg360p_60f	svtav1	svtav1_20190817_d0f64ff	60	20	1106204.0	1106.204	44.626999999999995	48.65733333333334	48.60883333333333	44.334918	48.584705	48.549025	96.93569	1537685.0	25.628083333333333	2950.58	640	360	30.0	8	8043c21aa7b8c1c0616eb04a5467ba1a	a762d1f7d4438f4db5cfaf32bde07388	640	360	2320.0	6.0	1508.0	2987.0	False	True	0.992285	0.998345
thaloundeskmtg360p_60f	thaloundeskmtg360p_60f	svtav1	svtav1_20190817_d0f64ff	60	32	498764.0	498.764	42.65399999999999	47.19833333333335	47.22833333333333	42.269497	47.11326	47.14768	95.756017	902077.0	15.034616666666667	1554.65	640	360	30.0	8	d1bfff17119e3c816b9d197e9feb0323	a040930880332bef5006b712c0452784	640	360	2315.0	3.0	1092.0	2997.0	False	True	0.98976	0.997534
thaloundeskmtg360p_60f	thaloundeskmtg360p_60f	svtav1	svtav1_20190817_d0f64ff	60	43	258904.0	258.904	40.46566666666667	45.49800000000001	45.47716666666666	39.974648	45.377059	45.349385	93.449334	794306.0	13.238433333333333	1471.45	640	360	30.0	8	93c6e6f7d57cfda3a4e624039845a4c2	fff22c81b2103b08cce8aff518066d7f	640	360	2256.0	5.0	963.0	3037.0	False	True	0.985412	0.996034
thaloundeskmtg360p_60f	thaloundeskmtg360p_60f	svtav1	svtav1_20190817_d0f64ff	60	55	137388.0	137.388	37.60833333333334	43.287666666666645	43.232499999999995	36.998359	43.095354	43.058841	88.62758	677255.0	11.287583333333334	1155.32	640	360	30.0	8	01f56a162090bdf7db27715f5a59de26	c5ed2b04a9a6eaf66b83aeb26a0dccab	640	360	2469.0	5.0	928.0	3109.0	False	True	0.976194	0.992436
thaloundeskmtg360p_60f	thaloundeskmtg360p_60f	svtav1	svtav1_20190817_d0f64ff	60	63	71396.0	71.396	33.86683333333333	40.168499999999995	40.514999999999986	33.088472	40.025211	40.35366	77.622415	717515.0	11.958583333333333	1257.03	640	360	30.0	8	fb80baedd0d1b1ad71ceeff21cf250c6	8bdc22443e1547f61ce02bfc87e5c06e	640	360	2492.0	3.0	698.0	2950.0	False	True	0.954066	0.982231
Netflix_Aerial_1920x1080_60fps_8	Netflix_Aerial_1920x1080_60fps_8	svtav1	svtav1_20190817_d0f64ff	60	20	29866552.0	29866.552	43.1795	45.98633333333333	45.66033333333334	43.070054	45.936207	45.610567999999994	96.845267	15261558.0	254.3593	26973.54	1920	1080	60.0	8	41444bd8ad845bfd5955f944db27f282	fee77bee3698612ed6031e1f13b9de72	1920	1080	35638.0	5.0	17607.0	23740.0	False	True	0.998102	0.996773
Netflix_Aerial_1920x1080_60fps_8	Netflix_Aerial_1920x1080_60fps_8	svtav1	svtav1_20190817_d0f64ff	60	32	13559880.0	13559.88	41.14516666666667	44.66883333333332	44.577333333333335	41.066543	44.652324	44.563741	94.599122	9502726.0	158.37876666666668	17795.18	1920	1080	60.0	8	8b270f008051ba59e9654d1ca40b8732	c685f5039b4869cb8fd59055adc6c00d	1920	1080	17972.0	12.0	14086.0	23499.0	False	True	0.996706	0.994754
Netflix_Aerial_1920x1080_60fps_8	Netflix_Aerial_1920x1080_60fps_8	svtav1	svtav1_20190817_d0f64ff	60	43	6421664.0	6421.664	38.63216666666667	43.02566666666666	43.41083333333332	38.563412	43.017935	43.404404	91.119295	15921881.0	265.36468333333335	16893.32	1920	1080	60.0	8	685ce9430c6e651d8ad050226b15ff2e	2debf2ab963d2e30e873ee144de36f9c	1920	1080	18551.0	6.0	16487.0	27079.0	False	True	0.994123	0.990568
Netflix_Aerial_1920x1080_60fps_8	Netflix_Aerial_1920x1080_60fps_8	svtav1	svtav1_20190817_d0f64ff	60	55	2974416.0	2974.416	35.800000000000004	41.26416666666668	42.23866666666666	35.751237999999994	41.255379999999995	42.230611	84.754095	9284555.0	154.74258333333333	18198.32	1920	1080	60.0	8	f9161f41512c524d33bf516714b7bb48	87320559a4f6a986dc02b635d5a2b288	1920	1080	33745.0	4.0	10361.0	23358.0	False	True	0.98838	0.980948
Netflix_Aerial_1920x1080_60fps_8	Netflix_Aerial_1920x1080_60fps_8	svtav1	svtav1_20190817_d0f64ff	60	63	1019760.0	1019.76	32.113166666666665	39.1245	40.95366666666668	32.096119	39.108784	40.941744	69.220628	8437980.0	140.633	13001.28	1920	1080	60.0	8	607a8cd9031a483adda44c1fbeaa3340	b852e1e3cf12aabad07ea96fce634b78	1920	1080	19425.0	4.0	8152.0	24622.0	False	True	0.966387	0.946379
KristenAndSara_1280x720_60f	KristenAndSara_1280x720_60f	svtav1	svtav1_20190817_d0f64ff	60	20	5053168.0	5053.168	44.95833333333334	49.16866666666667	50.076	44.86171	49.144589	50.062484	97.00316	7388787.0	123.14645	8971.73	1280	720	60.0	8	d0a8f09d4a62b620873e99adac4fa871	11115e9d88c5f9cf010ad378cd4b312f	1280	720	13420.0	6.0	5507.0	19725.0	False	True	0.996242	0.995712
KristenAndSara_1280x720_60f	KristenAndSara_1280x720_60f	svtav1	svtav1_20190817_d0f64ff	60	32	1705672.0	1705.672	43.57433333333333	48.25399999999999	49.169	43.537708	48.248405	49.165704	96.049681	5517188.0	91.95313333333333	6016.5	1280	720	60.0	8	bee112ad8417256b86720b124451b09c	99024215f621cecc81ecabb07543aa54	1280	720	9523.0	5.0	3600.0	19968.0	False	True	0.994927	0.994474
KristenAndSara_1280x720_60f	KristenAndSara_1280x720_60f	svtav1	svtav1_20190817_d0f64ff	60	43	804624.0	804.624	42.167333333333346	47.16116666666666	48.080166666666656	42.142141	47.157461	48.077501	94.357944	3793087.0	63.21811666666667	7030.11	1280	720	60.0	8	dc2425fdd06353c9dce519bb94d298cf	e84d45989356167f5a669fe969516d80	1280	720	6843.0	6.0	3043.0	10253.0	False	True	0.992854	0.992691
KristenAndSara_1280x720_60f	KristenAndSara_1280x720_60f	svtav1	svtav1_20190817_d0f64ff	60	55	409320.0	409.32	40.197166666666675	45.401500000000006	46.514	40.174718	45.398594	46.511839	90.927652	2832873.0	47.21455	4756.02	1280	720	60.0	8	c36da2b64ba47439102dd8393c13284c	f3771b76af45998c9df0d1ef1b2a25b4	1280	720	6972.0	5.0	3157.0	10021.0	False	True	0.9884800000000001	0.989082
KristenAndSara_1280x720_60f	KristenAndSara_1280x720_60f	svtav1	svtav1_20190817_d0f64ff	60	63	196016.0	196.016	36.99433333333334	42.82683333333331	43.85450000000002	36.985322	42.826491	43.853507	82.156509	2640726.0	44.0121	4751.51	1280	720	60.0	8	13e96ad127b08de85d14a0cbd1b672e4	adf9ba0181ae4e8e116a6aed98aba32b	1280	720	7011.0	5.0	1943.0	9923.0	False	True	0.9770680000000002	0.979956
MINECRAFT_60f_420	MINECRAFT_60f_420	svtav1	svtav1_20190817_d0f64ff	60	20	91390592.0	91390.592	43.37900000000001	46.1665	46.421	43.19245	46.011835	44.564496	99.949639	154218218.0	2570.3036333333334	293227.2	1920	1080	60.0	8	7ef81bc47efd0c2a2aa5423a69364530	f4460a29999cd292bf31627b70767bc5	1920	1080	19138.0	5.0	18020.0	22845.0	True	True	0.998197	0.996992
MINECRAFT_60f_420	MINECRAFT_60f_420	svtav1	svtav1_20190817_d0f64ff	60	32	53823936.0	53823.936	38.99366666666666	44.30716666666668	44.41933333333334	38.738008	44.186961	43.196696	99.900523	163001819.0	2716.6969833333333	305059.86	1920	1080	60.0	8	2676a2d5dc7907121d264509bd37b686	2a2b15867ae03692fbf4ee372348cc5a	1920	1080	19165.0	5.0	19520.0	27202.0	True	True	0.995418	0.992209
MINECRAFT_60f_420	MINECRAFT_60f_420	svtav1	svtav1_20190817_d0f64ff	60	43	24325328.0	24325.328	34.633666666666656	42.548166666666674	42.438999999999986	34.376098	42.470564	41.665925	96.132621	161623671.0	2693.72785	301854.37	1920	1080	60.0	8	4424ce42d27b5030b3bba9ebeac90312	3fd81133e6816785ac3b9e1d2bce06ab	1920	1080	20261.0	6.0	12917.0	24645.0	True	True	0.98741	0.9794630000000001
MINECRAFT_60f_420	MINECRAFT_60f_420	svtav1	svtav1_20190817_d0f64ff	60	55	9611872.0	9611.872	31.458166666666656	40.64266666666668	40.492333333333335	31.282839	40.594637	40.018489	83.518085	155508472.0	2591.8078666666665	290676.46	1920	1080	60.0	8	12f3f350fef2ee8ee38a276edb6e1c54	a3d3c226d86d5e817f91aa5c722c6911	1920	1080	20978.0	5.0	11912.0	23356.0	True	True	0.96815	0.953161
MINECRAFT_60f_420	MINECRAFT_60f_420	svtav1	svtav1_20190817_d0f64ff	60	63	3307552.0	3307.552	28.669500000000006	38.26533333333332	38.377500000000005	28.552607	38.248178	38.11633199999999	61.720687	149717733.0	2495.29555	288270.38	1920	1080	60.0	8	bee9305bf4003cd7b027814aa94b3c4d	00ed17125e30c5eab1ad9acffdfb53c1	1920	1080	19168.0	4.0	8467.0	25300.0	True	True	0.918416	0.8981359999999999
Sintel_Dragons_1920x816_24_10b	Sintel_Dragons_1920x816_24_10b	svtav1	svtav1_20190817_d0f64ff	60	20	7557996.0	7557.996	47.96566666666668	52.18683333333333	52.02650000000003	47.72277	52.032876	47.392817	99.949408	16153533.0	269.22555	20555.25	1920	816	24.0	10	0f8de9f162fd4d7d9fd353a608da64d0	cf7cc13ce56d259b6cf6ac64c2531d0e	1920	816	30811.0	8.0	17691.0	20517.0	True	True	0.9972550000000001	0.997387
Sintel_Dragons_1920x816_24_10b	Sintel_Dragons_1920x816_24_10b	svtav1	svtav1_20190817_d0f64ff	60	32	3975385.0	3975.385	44.90016666666666	49.917833333333334	49.65483333333332	44.699111	49.772641	46.439582	99.924047	8689540.0	144.82566666666668	13742.29	1920	816	24.0	10	7fc1abbc9131fbd4b6b27171257a531f	9f5b27e129a362ed291b8c9145d7315b	1920	816	14226.0	3.0	11150.0	18395.0	True	True	0.995337	0.995628
Sintel_Dragons_1920x816_24_10b	Sintel_Dragons_1920x816_24_10b	svtav1	svtav1_20190817_d0f64ff	60	43	2064352.0	2064.352	41.793	47.48299999999998	47.18099999999999	41.643908	47.370992	45.10665099999999	98.73707	7789561.0	129.82601666666667	12919.59	1920	816	24.0	10	ee8a608389b9c0e1e8710b55974cb8fc	df61ba23685da0fb9e04f2cd791f2a8a	1920	816	14792.0	5.0	10647.0	16231.0	True	True	0.991001	0.991893
Sintel_Dragons_1920x816_24_10b	Sintel_Dragons_1920x816_24_10b	svtav1	svtav1_20190817_d0f64ff	60	55	1066188.0	1066.188	38.56783333333333	44.92833333333333	44.69833333333331	38.433079	44.828589	43.41496399999999	89.700869	6501240.0	108.354	11594.35	1920	816	24.0	10	bfa023b824e01a4f41246c2cbf1ebaca	c35e49f24cd257ae3ed35199f405eb1b	1920	816	14670.0	5.0	9877.0	16764.0	True	True	0.98143	0.984045
Sintel_Dragons_1920x816_24_10b	Sintel_Dragons_1920x816_24_10b	svtav1	svtav1_20190817_d0f64ff	60	63	510889.0	510.889	35.03849999999999	42.065833333333316	41.88966666666667	34.910668	41.995234	41.192929	71.38233	13401719.0	223.36198333333334	15031.22	1920	816	24.0	10	c09662cbe7d925be8498ba20044a9d50	4c8bf0a8277001b5b85a499b8ab296c8	1920	816	26457.0	5.0	8116.0	17513.0	True	True	0.960771	0.967336
Netflix_TunnelFlag_1920x1080_60f	Netflix_TunnelFlag_1920x1080_60f	svtav1	svtav1_20190817_d0f64ff	60	20	34530376.0	34530.376	43.12466666666666	47.348166666666664	48.8085	43.062205	47.322522	48.796205	99.948848	15615576.0	260.2596	27803.31	1920	1080	60.0	8	0a3e1ef75bddbc55daa06333e2f3bdad	0fba86a74db447fe2af3e65c772f05da	1920	1080	17158.0	6.0	19633.0	24351.0	False	True	0.998721	0.996744
Netflix_TunnelFlag_1920x1080_60f	Netflix_TunnelFlag_1920x1080_60f	svtav1	svtav1_20190817_d0f64ff	60	32	17578136.0	17578.136	40.964666666666666	46.07216666666666	47.724666666666664	40.899663	46.056216	47.71620599999999	99.926689	13052066.0	217.53443333333334	23026.85	1920	1080	60.0	8	7e5eacb617eb06b167b621d182923d0e	1f219d3128b61e0a101056c588a0b7dc	1920	1080	17132.0	13.0	17330.0	25312.0	False	True	0.997806	0.994789
Netflix_TunnelFlag_1920x1080_60f	Netflix_TunnelFlag_1920x1080_60f	svtav1	svtav1_20190817_d0f64ff	60	43	8813760.0	8813.76	38.489833333333344	44.233166666666655	46.15666666666666	38.415088	44.216457	46.149209	99.888778	11436831.0	190.61385	19217.11	1920	1080	60.0	8	40fd44cb8fe48975f8ac1699c84a9714	5e6411bbe15cf198b58343745b66a759	1920	1080	17033.0	17.0	14551.0	24054.0	False	True	0.9957809999999999	0.991005
Netflix_TunnelFlag_1920x1080_60f	Netflix_TunnelFlag_1920x1080_60f	svtav1	svtav1_20190817_d0f64ff	60	55	4571680.0	4571.680000000001	35.916500000000006	42.10516666666668	44.21366666666669	35.828187	42.080119	44.197125	99.812631	11195846.0	186.59743333333333	18269.84	1920	1080	60.0	8	66bbbc1f43edbe30529fe4234a564add	0fc59c72a17914ead5fb2300221a2952	1920	1080	17234.0	27.0	14020.0	24836.0	False	True	0.992185	0.985554
Netflix_TunnelFlag_1920x1080_60f	Netflix_TunnelFlag_1920x1080_60f	svtav1	svtav1_20190817_d0f64ff	60	63	2313392.0	2313.392	32.904166666666676	39.28666666666667	41.20733333333333	32.826746	39.271028	41.191298	97.877918	8770547.0	146.17578333333333	15024.16	1920	1080	60.0	8	a5e4f96274d5b7d1c31ad189f061b893	e122f7cabcc486cbfc0e410695f0920b	1920	1080	17638.0	4.0	11010.0	23086.0	False	True	0.985066	0.976953
Netflix_PierSeaside_1920x1080_60	Netflix_PierSeaside_1920x1080_60	svtav1	svtav1_20190817_d0f64ff	60	20	12668592.0	12668.592	45.77316666666666	47.616	45.719833333333334	45.68968499999999	47.56549400000001	45.639345	99.899892	11883886.0	198.06476666666666	20474.81	1920	1080	60.0	8	ef815430163a2dcf2ca20b49df0783ff	3585dff4a91563cc19ddaa77d27108c0	1920	1080	14676.0	5.0	11845.0	23953.0	False	True	0.998151	0.997021
Netflix_PierSeaside_1920x1080_60	Netflix_PierSeaside_1920x1080_60	svtav1	svtav1_20190817_d0f64ff	60	32	4878464.0	4878.463999999999	44.08716666666667	46.711000000000006	44.90583333333333	44.013714	46.68887	44.875764	99.426729	7791379.0	129.85631666666666	14744.28	1920	1080	60.0	8	40dbd4c171ca719c49a12f21f1c2304c	9e4b6086e0d08d8ec240ef8a017786e0	1920	1080	15897.0	4.0	9469.0	23108.0	False	True	0.997327	0.995728
Netflix_PierSeaside_1920x1080_60	Netflix_PierSeaside_1920x1080_60	svtav1	svtav1_20190817_d0f64ff	60	43	2123496.0	2123.496	42.23333333333333	45.65016666666667	44.08966666666666	42.152782	45.636452	44.075432	97.545994	7601393.0	126.68988333333333	13070.56	1920	1080	60.0	8	7e8907bd76f79eef392bc970ea63aa2f	6976a3285b463912db9d419b5d22f919	1920	1080	14713.0	6.0	7951.0	23232.0	False	True	0.995765	0.99344
Netflix_PierSeaside_1920x1080_60	Netflix_PierSeaside_1920x1080_60	svtav1	svtav1_20190817_d0f64ff	60	55	931032.0	931.032	39.865999999999985	43.893333333333324	42.86816666666666	39.801184	43.886258	42.860926	93.439996	6266758.0	104.44596666666666	11228.37	1920	1080	60.0	8	c5919154728eb14396210c911019cf19	89c49a1902e09483b18f5fe8dfa1343a	1920	1080	19271.0	5.0	6653.0	22722.0	False	True	0.992521	0.989115
Netflix_PierSeaside_1920x1080_60	Netflix_PierSeaside_1920x1080_60	svtav1	svtav1_20190817_d0f64ff	60	63	354416.0	354.416	36.341166666666666	41.058666666666646	40.56016666666665	36.32179	41.057767	40.559403	82.029081	6959663.0	115.99438333333333	12881.92	1920	1080	60.0	8	9210c14dcd5cc99e035c32b86d306307	3c0d51e66edf1afcb1a7868955e7abbf	1920	1080	14231.0	21.0	6013.0	23314.0	False	True	0.984405	0.979121
Starting_1920x1080p_50_10b_pq_70	Starting_1920x1080p_50_10b_pq_70	svtav1	svtav1_20190817_d0f64ff	60	20	10295260.0	10295.26	47.133999999999986	50.07833333333335	51.556333333333335	46.975123	50.008182	47.033914	96.488747	8192396.0	136.53993333333332	15369.1	1920	1080	50.0	10	d3efde4f8752d0bccf6b18ca3a600a2e	b26888512f18180e10590e5d7acd65a6	1920	1080	24284.0	3.0	9028.0	25071.0	True	True	0.99919	0.99814
Starting_1920x1080p_50_10b_pq_70	Starting_1920x1080p_50_10b_pq_70	svtav1	svtav1_20190817_d0f64ff	60	32	4076526.0	4076.526	45.68866666666668	48.850166666666674	49.94566666666666	45.626096	48.825218	46.432271	95.53853	6363712.0	106.06186666666666	12152.35	1920	1080	50.0	10	395a5564de038e1a23e1e7bb9874417f	c8c0f55e022eb1c6ad0daf02a28c0e8a	1920	1080	22901.0	3.0	7601.0	23162.0	True	True	0.99879	0.997494
Starting_1920x1080p_50_10b_pq_70	Starting_1920x1080p_50_10b_pq_70	svtav1	svtav1_20190817_d0f64ff	60	43	1833706.0	1833.706	43.880166666666675	47.46450000000001	48.09133333333334	43.842229	47.456706000000004	45.55878500000001	93.741323	6616603.0	110.27671666666667	10683.55	1920	1080	50.0	10	d4aafedaadb48f6354b2b99b0698f5e7	b9d7644dd8ce9f00e1b408c09c02ff92	1920	1080	23711.0	3.0	6381.0	23662.0	True	True	0.997913	0.996278
Starting_1920x1080p_50_10b_pq_70	Starting_1920x1080p_50_10b_pq_70	svtav1	svtav1_20190817_d0f64ff	60	55	878106.0	878.106	41.165499999999994	45.589166666666664	45.70216666666669	41.143798	45.587809	44.127782	89.318417	6155412.0	102.5902	11766.0	1920	1080	50.0	10	88d1f462e624fbabb18fa1be71b224f3	7cb1630c4564995eee08227a94ac1d4c	1920	1080	27390.0	5.0	5966.0	23775.0	True	True	0.995682	0.993305
Starting_1920x1080p_50_10b_pq_70	Starting_1920x1080p_50_10b_pq_70	svtav1	svtav1_20190817_d0f64ff	60	63	351633.0	351.633	36.498999999999995	43.09933333333335	43.032000000000025	36.496279	43.097956	42.170288	75.283512	6329693.0	105.49488333333333	10925.0	1920	1080	50.0	10	8fba9cee0c225a4ad5953b3e7103723b	837d43789cb7ac765acccfae0d3772dc	1920	1080	23773.0	4.0	5714.0	24416.0	True	True	0.985679	0.980419
DinnerScene_1920x1080_2997_10b	DinnerScene_1920x1080_2997_10b	svtav1	svtav1_20190817_d0f64ff	60	20	15511263.0	15511.263	42.62366666666666	43.40533333333336	47.520500000000006	42.365696	43.17401	45.277765	91.910264	17341737.0	289.02895	30205.13	1920	1080	29.97	10	91ee1c46490d5bf241a2de6edd8174a0	75b9469f3861c5fdee62a4cdeaf57f62	1920	1080	27565.0	5.0	16419.0	24475.0	True	True	0.995085	0.989984
DinnerScene_1920x1080_2997_10b	DinnerScene_1920x1080_2997_10b	svtav1	svtav1_20190817_d0f64ff	60	32	3424862.0	3424.862	41.8295	42.44433333333335	47.174166666666686	41.781405	42.388944	45.116838	90.141418	10111711.0	168.52851666666666	17102.84	1920	1080	29.97	10	a1a146add7fd0a0cd31bc733b20168f6	933e492ad2a1d1a3d791797c4b470e34	1920	1080	27328.0	8.0	10563.0	23561.0	True	True	0.99376	0.988045
DinnerScene_1920x1080_2997_10b	DinnerScene_1920x1080_2997_10b	svtav1	svtav1_20190817_d0f64ff	60	43	557893.0	557.893	41.50633333333333	42.20283333333336	47.002333333333326	41.504315	42.199093999999995	45.017107	88.200948	8186020.0	136.43366666666665	15610.13	1920	1080	29.97	10	9d5fdc6961e24fe5551ee876a801a8d7	a9548691a3d251135926ac4ceb133785	1920	1080	26988.0	6.0	10042.0	23964.0	True	True	0.993003	0.987109
DinnerScene_1920x1080_2997_10b	DinnerScene_1920x1080_2997_10b	svtav1	svtav1_20190817_d0f64ff	60	55	136524.0	136.524	41.09799999999999	42.10799999999999	46.692499999999995	41.095732	42.10728000000001	44.824795	83.73897000000001	7211445.0	120.19075	12198.84	1920	1080	29.97	10	1229c89a8ed940481a319ee4f3f37869	4c65b92e0c7636a34e49a138b9102213	1920	1080	27062.0	5.0	9254.0	23636.0	True	True	0.991446	0.985612
DinnerScene_1920x1080_2997_10b	DinnerScene_1920x1080_2997_10b	svtav1	svtav1_20190817_d0f64ff	60	63	66326.0	66.326	40.15966666666667	41.782999999999994	46.016499999999986	40.153015	41.783001	44.39132299999999	73.061418	6742920.0	112.382	12729.13	1920	1080	29.97	10	4272ebca09361144d668fa72e2e8e757	d92ca56e391c68b6684495701c3d3b8a	1920	1080	26855.0	3.0	7663.0	23685.0	True	True	0.986424	0.981189
BarScene1_1920x1080_2997_10b	BarScene1_1920x1080_2997_10b	svtav1	svtav1_20190817_d0f64ff	60	20	12630763.0	12630.763	43.02100000000003	45.145166666666675	44.00699999999997	42.783159	44.981495	42.76377	92.991043	15339856.0	255.66426666666666	24179.33	1920	1080	29.97	10	651469434b46d53236773106e9fdd1bc	4c8a6e229a164bf88fef36ee916a105a	1920	1080	28490.0	5.0	13773.0	24906.0	True	True	0.9961299999999998	0.991683
BarScene1_1920x1080_2997_10b	BarScene1_1920x1080_2997_10b	svtav1	svtav1_20190817_d0f64ff	60	32	3079491.0	3079.491	42.28516666666667	44.592	43.31166666666666	42.243706	44.564769	42.356385	91.594648	7768174.0	129.46956666666668	13446.58	1920	1080	29.97	10	e791597fb25205dfe83cf584248f908f	8894652ecf8921bd259de10d9b2ab9af	1920	1080	27269.0	4.0	6695.0	23597.0	True	True	0.995146	0.990247
BarScene1_1920x1080_2997_10b	BarScene1_1920x1080_2997_10b	svtav1	svtav1_20190817_d0f64ff	60	43	566091.0	566.091	41.72516666666664	44.30699999999999	43.01033333333333	41.72165499999999	44.305303	42.149573	89.880287	7387561.0	123.12601666666667	13010.54	1920	1080	29.97	10	d99c8a3ee0e64f5a58ebc5041d36b4e1	9ad6fa605cde93b72756c3fda321157a	1920	1080	27075.0	4.0	4946.0	25079.0	True	True	0.9938680000000001	0.988559
BarScene1_1920x1080_2997_10b	BarScene1_1920x1080_2997_10b	svtav1	svtav1_20190817_d0f64ff	60	55	156082.0	156.082	40.92483333333333	43.99916666666666	42.737833333333334	40.922948	43.998804	41.933616	86.183009	6341488.0	105.69146666666667	11731.53	1920	1080	29.97	10	a7b2008cae95e415a2bd93b5cb0a352b	a59c002c465313b49aff9e2f21007a89	1920	1080	26998.0	4.0	3211.0	24668.0	True	True	0.990835	0.985268
BarScene1_1920x1080_2997_10b	BarScene1_1920x1080_2997_10b	svtav1	svtav1_20190817_d0f64ff	60	63	65653.0	65.653	39.34416666666667	43.050999999999995	42.06633333333333	39.341573	43.051105	41.38452	75.157303	6228888.0	103.8148	10469.25	1920	1080	29.97	10	89074ce99aea236becfecdea34c12950	f72a8707f8a0c4a962d11e22c9df149d	1920	1080	26265.0	4.0	2679.0	23646.0	True	True	0.981993	0.977248
vidyo1_720p_60fps_60f	vidyo1_720p_60fps_60f	svtav1	svtav1_20190817_d0f64ff	60	20	5823336.0	5823.336	45.91233333333333	48.3265	49.61916666666668	45.769747	48.252102	49.574941	96.614678	6006230.0	100.10383333333333	7086.87	1280	720	60.0	8	937d89fe2309b5248df5245d54c6bbd3	dd1dc7368b8a6c36a2ba529ece5de943	1280	720	11317.0	7.0	4899.0	10069.0	False	True	0.997711	0.997125
vidyo1_720p_60fps_60f	vidyo1_720p_60fps_60f	svtav1	svtav1_20190817_d0f64ff	60	32	2156176.0	2156.176	44.1775	47.638000000000005	48.861166666666655	44.114398	47.61453100000001	48.847622	95.23378	3495734.0	58.262233333333334	6100.77	1280	720	60.0	8	cde384f48bfd800517d8cdc7d2427da4	206b5dda429356ee24d3ba5a0b6c303d	1280	720	6618.0	3.0	3340.0	9928.0	False	True	0.996231	0.99569
vidyo1_720p_60fps_60f	vidyo1_720p_60fps_60f	svtav1	svtav1_20190817_d0f64ff	60	43	937784.0	937.784	42.615833333333306	46.98333333333335	48.05066666666666	42.590753	46.976526	48.044791	93.2394	2648821.0	44.147016666666666	5058.86	1280	720	60.0	8	84dff829c2f7a7e0de0759b6a8609bf1	9574d6bf70da4766aa0e825364ed7876	1280	720	6979.0	4.0	2691.0	10002.0	False	True	0.994289	0.993948
vidyo1_720p_60fps_60f	vidyo1_720p_60fps_60f	svtav1	svtav1_20190817_d0f64ff	60	55	443032.0	443.032	40.65516666666665	45.891333333333336	46.590333333333334	40.637137	45.889773	46.588677	89.29790900000002	3454343.0	57.572383333333335	6664.8	1280	720	60.0	8	3b8cd25faa3a28645955be82e642cb98	072da494041d2bca6988fe2dc375906d	1280	720	10977.0	35.0	4476.0	12565.0	False	True	0.990254	0.990605
vidyo1_720p_60fps_60f	vidyo1_720p_60fps_60f	svtav1	svtav1_20190817_d0f64ff	60	63	211880.0	211.88	37.37800000000001	43.724166666666676	44.063833333333335	37.367247	43.723789	44.063344	78.696254	2718710.0	45.31183333333333	5107.94	1280	720	60.0	8	c4a3cb5e0e8659876a938b4d250e4151	8d075d8fb592e3bcb5f28a63ae7da38c	1280	720	6755.0	4.0	2245.0	10135.0	False	True	0.976475	0.979696
wikipedia_420	wikipedia_420	svtav1	svtav1_20190817_d0f64ff	60	20	1623476.0	1623.476	55.10616666666668	53.13683333333335	53.61149999999999	55.092039	53.001858	48.621734	99.839666	154491122.0	2574.852033333333	288659.0	1920	1080	30.0	8	e886c6ad8afc7ac30ddd7850702a5439	48b1d4bca1ce7726197148a202119460	1920	1080	11683.0	5.0	3022.0	23138.0	True	True	0.9993840000000002	0.999119
wikipedia_420	wikipedia_420	svtav1	svtav1_20190817_d0f64ff	60	32	908352.0	908.352	50.981333333333296	50.82700000000001	51.67000000000001	50.972904	50.60606	47.939068	99.82347	153805390.0	2563.4231666666665	291637.64	1920	1080	30.0	8	4bcfc1aef01a9e7224cae64984f98918	dae6ca3c8d82353acfd02faa5847fe16	1920	1080	15498.0	5.0	1424.0	23658.0	True	True	0.999019	0.998414
wikipedia_420	wikipedia_420	svtav1	svtav1_20190817_d0f64ff	60	43	620856.0	620.856	48.6015	48.81233333333334	49.873666666666644	48.584335	48.666092	47.123756	99.784319	151022233.0	2517.0372166666666	282597.18	1920	1080	30.0	8	798addb47fa23bd6146c12d565ad6a11	8a24e2f90590c863de154d6750dfbf8b	1920	1080	13957.0	5.0	1554.0	22451.0	True	True	0.998678	0.997934
wikipedia_420	wikipedia_420	svtav1	svtav1_20190817_d0f64ff	60	55	449584.0	449.584	45.08833333333333	46.381499999999996	47.481	45.067222	46.32496	45.753216	99.667818	146853280.0	2447.554666666667	288257.67	1920	1080	30.0	8	1555ac1c4c94770eb8a2ddc8b4f3589d	3603071e5602730757b41c279540f9b1	1920	1080	12884.0	3.0	1596.0	22501.0	True	True	0.9982400000000001	0.99742
wikipedia_420	wikipedia_420	svtav1	svtav1_20190817_d0f64ff	60	63	309772.0	309.772	38.47299999999999	43.17616666666666	44.26966666666666	38.414187	43.115714	43.403416	98.868625	159689714.0	2661.4952333333335	291223.54	1920	1080	30.0	8	9d50f0f429d64725ba0f81f93acfe9e9	18c348fe6e9fd4a7bd5c0b6bfd5de62c	1920	1080	15681.0	4.0	3299.0	22951.0	True	True	0.996159	0.995225
Aerial_1920x1080_2997_10b	Aerial_1920x1080_2997_10b	svtav1	svtav1_20190817_d0f64ff	60	20	15294187.0	15294.187	43.61383333333334	45.56116666666665	44.71016666666666	43.381609	45.41284	43.218621	95.936334	10725559.0	178.75931666666668	17579.04	1920	1080	29.97	10	c75ab0ec07305bb1939b0c1d8444c6ce	238477dbbaf7f277641f3ad5b0e2b940	1920	1080	31332.0	29.0	10670.0	24050.0	True	True	0.998885	0.997802
Aerial_1920x1080_2997_10b	Aerial_1920x1080_2997_10b	svtav1	svtav1_20190817_d0f64ff	60	32	6821693.0	6821.693	41.60483333333334	44.20733333333335	43.530333333333346	41.516261	44.175246	42.448811	94.687071	7955633.0	132.59388333333334	13142.41	1920	1080	29.97	10	2ea08006a641fc2aa73a809f75bd8d0f	c73f8860638260b9157a7e7989ead0a8	1920	1080	29347.0	4.0	8714.0	23772.0	True	True	0.998313	0.996812
Aerial_1920x1080_2997_10b	Aerial_1920x1080_2997_10b	svtav1	svtav1_20190817_d0f64ff	60	43	3271308.0	3271.308	39.09883333333335	42.57766666666665	42.289833333333355	39.055988	42.569722	41.498697	92.108897	6801989.0	113.36648333333333	11720.06	1920	1080	29.97	10	ca7014e0a78ca1569756e437cc92685f	9e84e85b6076631733ea9a881c4f665d	1920	1080	30805.0	5.0	6943.0	23521.0	True	True	0.997048	0.994636
Aerial_1920x1080_2997_10b	Aerial_1920x1080_2997_10b	svtav1	svtav1_20190817_d0f64ff	60	55	1588840.0	1588.84	35.85933333333333	40.56066666666665	40.859333333333325	35.843393	40.558146	40.308873999999996	86.63801	6648654.0	110.8109	10542.03	1920	1080	29.97	10	572ba676d1694372a23a0c536ce352dc	d4ba24dbb0debf8f307bc1777e82d0b4	1920	1080	31145.0	3.0	6047.0	23745.0	True	True	0.993579	0.988752
Aerial_1920x1080_2997_10b	Aerial_1920x1080_2997_10b	svtav1	svtav1_20190817_d0f64ff	60	63	544226.0	544.226	30.982000000000006	38.03299999999998	39.216833333333355	30.980801	38.032538	38.861942	70.289821	6181100.0	103.01833333333333	10187.12	1920	1080	29.97	10	26f69a09ec29c225d958b4a4f16962ce	96d9f1c38730c71cb9460d5e5e1569fd	1920	1080	29547.0	3.0	4719.0	24272.0	True	True	0.976307	0.960114
shields_640x360_60f	shields_640x360_60f	svtav1	svtav1_20190817_d0f64ff	60	20	2976693.0	2976.693	42.38783333333333	45.665166666666664	47.33799999999999	42.230133	45.628351	47.2669	99.455392	1620229.0	27.003816666666665	3096.4	640	360	50.0	8	16aa98bafe800a2a8b3fd88738fdd060	1a540c1eeae8952c2d976017f4ce7017	640	360	3574.0	5.0	2062.0	2947.0	False	True	0.98581	0.998281
shields_640x360_60f	shields_640x360_60f	svtav1	svtav1_20190817_d0f64ff	60	32	1428760.0	1428.76	40.50999999999999	43.934	45.490500000000004	40.303058	43.896732	45.387308	99.434123	1289702.0	21.495033333333332	2379.75	640	360	50.0	8	2782cf825d7ac0ab818ab4538722edec	08ba1d6e2ac9d260461f1b96ca463479	640	360	3743.0	4.0	1661.0	3027.0	False	True	0.980542	0.997532
shields_640x360_60f	shields_640x360_60f	svtav1	svtav1_20190817_d0f64ff	60	43	728853.0	728.853	38.060500000000005	41.337166666666675	43.04150000000002	37.789717	41.257373	42.881047	99.3829	755813.0	12.596883333333333	1426.16	640	360	50.0	8	8ee8e7415f44831a9df2f37566a6d0ad	7aa1946af6b3ece6b6cf6010e25f31c2	640	360	3229.0	3.0	1362.0	3129.0	False	True	0.969619	0.995778
shields_640x360_60f	shields_640x360_60f	svtav1	svtav1_20190817_d0f64ff	60	55	397500.0	397.5	35.25033333333332	38.804833333333356	40.76733333333332	34.907195	38.66139	40.539706	97.021195	866194.0	14.436566666666666	1588.96	640	360	50.0	8	89a1ad04c6cb40fa87fe51b4aea0fa6a	f2730e576ea4d5f48f3c2048d55da4ad	640	360	3431.0	8.0	1593.0	3017.0	False	True	0.949536	0.991915
shields_640x360_60f	shields_640x360_60f	svtav1	svtav1_20190817_d0f64ff	60	63	183913.0	183.913	31.152999999999984	35.94933333333335	37.771666666666675	30.707845	35.724074	37.5123	85.408339	665501.0	11.091683333333334	1280.56	640	360	50.0	8	0b0c3d05940417fca1f181df9dd92489	2fde3248aef751a95970d27f6446a870	640	360	3689.0	4.0	1097.0	2941.0	False	True	0.8884519999999999	0.977276
kirland360p_60f	kirland360p_60f	svtav1	svtav1_20190817_d0f64ff	60	20	401740.0	401.74	47.61233333333334	48.5895	49.845166666666664	47.496527	48.540039	49.807624	96.139352	1030552.0	17.175866666666668	1951.78	640	360	30.0	8	a58d7a5b8b5cebe743c3dd058df39493	1c82593862467ceb93a9e431c6fb87e5	640	360	1634.0	4.0	1033.0	3011.0	False	True	0.991105	0.99745
kirland360p_60f	kirland360p_60f	svtav1	svtav1_20190817_d0f64ff	60	32	171856.0	171.85600000000002	46.119000000000014	48.03983333333333	49.0245	45.935684	48.014574	48.997039	94.746809	804874.0	13.414566666666667	1450.25	640	360	30.0	8	31649e4bca8a624ca6678a949cb7692b	3ce194900c6dff29ce5ad2cdaa7703d5	640	360	1647.0	5.0	861.0	2926.0	False	True	0.989698	0.99696
kirland360p_60f	kirland360p_60f	svtav1	svtav1_20190817_d0f64ff	60	43	93812.0	93.812	44.40883333333333	47.4095	47.91116666666666	44.173028	47.371776	47.854135	92.6419	602194.0	10.036566666666667	1119.98	640	360	30.0	8	1f77113954f08b65363c90f2e23f4155	f99f5dfd73013118ed7c3c31742ce71c	640	360	1616.0	3.0	683.0	2894.0	False	True	0.987496	0.996102
kirland360p_60f	kirland360p_60f	svtav1	svtav1_20190817_d0f64ff	60	55	54688.0	54.688	42.067166666666644	46.559999999999995	46.52766666666667	41.773685	46.497155	46.37772	88.19354	630261.0	10.50435	1194.63	640	360	30.0	8	f061ce97455004cdb5cd8483346382a7	efb0c463d640b297c16c58035564c65f	640	360	1833.0	4.0	590.0	2901.0	False	True	0.983038	0.994324
kirland360p_60f	kirland360p_60f	svtav1	svtav1_20190817_d0f64ff	60	63	31660.0	31.66	38.77566666666667	44.96933333333335	44.70816666666668	38.49276	44.84075599999999	44.402005	78.414811	588423.0	9.80705	1142.36	640	360	30.0	8	efbd1332cf5dc07693c3bd5355bf9a0d	3fbc6706918e2ee7fe6bcd971f3c7c64	640	360	1663.0	25.0	499.0	2893.0	False	True	0.971763	0.989777
