Netflix_DrivingPOV_1280x720_60fp	Netflix_DrivingPOV_1280x720_60fp	svtav1	svtav1_20190914_4f180cc	60	20	13281816.0	13281.816	43.153833333333374	46.78183333333334	45.42083333333333	43.091585	46.764932	45.400323	99.668018	1805884.0	30.098066666666668	1280	720	60.0	8	62512663ad50accc33e30751c4b963ea	511e58971f5b83efad2b7704a9fc5af7	1280	720	4347.0	3.0	5613.0	2487.0	False
Netflix_DrivingPOV_1280x720_60fp	Netflix_DrivingPOV_1280x720_60fp	svtav1	svtav1_20190914_4f180cc	60	32	6313944.0	6313.944	40.84816666666666	45.61716666666667	44.49633333333335	40.789036	45.609648	44.491038	98.768982	2410964.0	40.18273333333333	1280	720	60.0	8	60e05bb70269ac8f8b6fd31c34abefb7	d06245875e07b39cde30839d14f2579b	1280	720	6660.0	21.0	7988.0	3992.0	False
Netflix_DrivingPOV_1280x720_60fp	Netflix_DrivingPOV_1280x720_60fp	svtav1	svtav1_20190914_4f180cc	60	43	3115224.0	3115.224	38.33566666666668	43.87450000000002	43.28683333333331	38.283932	43.868548	43.284216	96.633175	982807.0	16.380116666666666	1280	720	60.0	8	9ee37a35d795b8db7a0188121b1719e8	da7c5d95902da4be9d46382b0969ae3c	1280	720	4609.0	6.0	4542.0	3237.0	False
Netflix_DrivingPOV_1280x720_60fp	Netflix_DrivingPOV_1280x720_60fp	svtav1	svtav1_20190914_4f180cc	60	55	1565792.0	1565.792	35.73816666666668	41.94849999999999	42.05550000000002	35.684367	41.944125	42.052355	92.219656	667464.0	11.1244	1280	720	60.0	8	6f2c5872bdb36ec5b30442613628f1fb	428f9205159817e3e435a0d210764f77	1280	720	4747.0	3.0	3790.0	2457.0	False
Netflix_DrivingPOV_1280x720_60fp	Netflix_DrivingPOV_1280x720_60fp	svtav1	svtav1_20190914_4f180cc	60	63	681240.0	681.24	32.4405	39.376	40.243833333333335	32.410423	39.37191	40.240448	81.504164	780977.0	13.016283333333334	1280	720	60.0	8	cceea187e6f0ecd12744bb77d382acf4	f6568cadc5f4954347efd957f37156d1	1280	720	5948.0	14.0	3442.0	2516.0	False
niklas360p_60f	niklas360p_60f	svtav1	svtav1_20190914_4f180cc	60	20	1579868.0	1579.868	44.57866666666668	48.127500000000026	47.82266666666666	44.479877	48.06837	47.762657	98.36981	485964.0	8.0994	640	360	30.0	8	e3e016ac050d615cd55adbfc1afd82f8	38453642612550e9d3e2dd5a9951cd79	640	360	1467.0	13.0	1520.0	704.0	False
niklas360p_60f	niklas360p_60f	svtav1	svtav1_20190914_4f180cc	60	32	854492.0	854.492	42.174333333333344	46.68116666666667	46.14466666666668	42.084906	46.641625	46.10372399999999	96.761119	317507.0	5.291783333333333	640	360	30.0	8	f5f6f18481d6c8bb49319c8236d59fc6	d13b9172275ed308b953e52e420ec557	640	360	1320.0	4.0	1177.0	692.0	False
niklas360p_60f	niklas360p_60f	svtav1	svtav1_20190914_4f180cc	60	43	462648.0	462.648	39.356	44.98649999999999	44.20233333333333	39.274511	44.963317	44.175227	93.643795	266903.0	4.448383333333333	640	360	30.0	8	e1c0525cf335a3d9fec59b5422080fa8	3c55d37450730550ac67b20f9d22d2d4	640	360	1262.0	4.0	1018.0	584.0	False
niklas360p_60f	niklas360p_60f	svtav1	svtav1_20190914_4f180cc	60	55	248064.0	248.064	36.253	43.06716666666666	42.000499999999995	36.179769	43.048954	41.975352	87.34235599999998	279882.0	4.6647	640	360	30.0	8	1fe7a83b03704920206a0629819da477	77256dcb95dd25564a947ccb315efdd6	640	360	2308.0	21.0	1928.0	851.0	False
niklas360p_60f	niklas360p_60f	svtav1	svtav1_20190914_4f180cc	60	63	119184.0	119.184	32.61683333333333	40.676333333333346	39.41033333333333	32.558834	40.656647	39.379902	75.056463	154712.0	2.578533333333333	640	360	30.0	8	e61af19feb84b033d2944305232980fd	bcbddf7d8d3ecf91543f2b6a69fcc8c0	640	360	1554.0	4.0	774.0	694.0	False
Market3_1920x1080p_50_10b_pq_709	Market3_1920x1080p_50_10b_pq_709	svtav1	svtav1_20190914_4f180cc	60	20	19844386.0	19844.386	45.85466666666668	52.52666666666666	53.43483333333333	45.708214	52.501409	53.412941	99.851136	1512641.0	25.210683333333332	1920	1080	50.0	10	2d304228f130020a319d10fcccd1e306	aaa3e03a5a0195e8a348db04cd5c50f9	1920	1080	20156.0	20.0	12112.0	9763.0	False
Market3_1920x1080p_50_10b_pq_709	Market3_1920x1080p_50_10b_pq_709	svtav1	svtav1_20190914_4f180cc	60	32	9728626.0	9728.626	43.41416666666666	50.45916666666667	51.52833333333333	43.31987	50.451026	51.520171	99.106557	2346843.0	39.11405	1920	1080	50.0	10	5fff06f410f00488101042c94df7396c	1e8c0c16cea47f169f4d051bfe5c715f	1920	1080	16019.0	11.0	18542.0	7588.0	False
Market3_1920x1080p_50_10b_pq_709	Market3_1920x1080p_50_10b_pq_709	svtav1	svtav1_20190914_4f180cc	60	43	4634913.0	4634.913	40.37933333333332	48.02050000000002	49.32233333333333	40.319053000000004	48.017605	49.31963699999999	96.172983	664549.0	11.075816666666666	1920	1080	50.0	10	f979dc9f07133fbb140a3627d251ab12	dcd492042166fe3c24233eec591884c0	1920	1080	13293.0	7.0	8975.0	7099.0	False
Market3_1920x1080p_50_10b_pq_709	Market3_1920x1080p_50_10b_pq_709	svtav1	svtav1_20190914_4f180cc	60	55	2305120.0	2305.12	37.274166666666666	45.99200000000001	47.43633333333332	37.229928	45.990915	47.434374	90.44345	1274678.0	21.244633333333333	1920	1080	50.0	10	c9e1a2083f582a7edb74f939850b3d96	82cf60a80ca275621fec4bbc6e3d391a	1920	1080	15098.0	14.0	12608.0	8532.0	False
Market3_1920x1080p_50_10b_pq_709	Market3_1920x1080p_50_10b_pq_709	svtav1	svtav1_20190914_4f180cc	60	63	921686.0	921.686	33.58866666666667	43.50599999999999	45.08466666666665	33.573227	43.504151	45.07521	77.062815	455171.0	7.5861833333333335	1920	1080	50.0	10	111e92ae54bc540b27b7e017d4cbaecd	f76a65955d5f22c638a2d72f3c1b9c76	1920	1080	13552.0	3.0	8514.0	8744.0	False
vidyo4_720p_60fps_60f	vidyo4_720p_60fps_60f	svtav1	svtav1_20190914_4f180cc	60	20	6847968.0	6847.968	44.54549999999998	50.147166666666664	50.452000000000005	44.476043	50.137561	50.444354	97.820658	2194680.0	36.578	1280	720	60.0	8	720fe094087238a712226dd682b38c17	6a83da67344d706490302f2ba6047c89	1280	720	5466.0	14.0	4382.0	2936.0	False
vidyo4_720p_60fps_60f	vidyo4_720p_60fps_60f	svtav1	svtav1_20190914_4f180cc	60	32	2278232.0	2278.2319999999995	42.983166666666655	49.57199999999997	49.87016666666668	42.917371	49.563054	49.863829	96.551112	1728016.0	28.800266666666666	1280	720	60.0	8	e1fb9852beaeda89c77a4c8ee3ffca8c	60e932901c5342ada4d23a6d16c1e3b8	1280	720	4520.0	6.0	2702.0	2517.0	False
vidyo4_720p_60fps_60f	vidyo4_720p_60fps_60f	svtav1	svtav1_20190914_4f180cc	60	43	1041856.0	1041.856	41.63616666666667	48.74266666666667	49.05850000000001	41.57158	48.73157	49.050001	94.609504	706821.0	11.78035	1280	720	60.0	8	a2afd9ce9e3f74eaa7e6b574d3980a05	14d7c39e6058336d42cbbd303933dbe9	1280	720	3177.0	3.0	2408.0	2470.0	False
vidyo4_720p_60fps_60f	vidyo4_720p_60fps_60f	svtav1	svtav1_20190914_4f180cc	60	55	524352.0	524.352	39.732666666666674	47.46999999999999	47.72533333333335	39.656769000000004	47.45544	47.710213	90.529207	601504.0	10.025066666666667	1280	720	60.0	8	2ba6e6745e1ee511015f0c79a385b7b7	02d4a262c7af2ae02fff60fc1b3add15	1280	720	3830.0	9.0	2331.0	2737.0	False
vidyo4_720p_60fps_60f	vidyo4_720p_60fps_60f	svtav1	svtav1_20190914_4f180cc	60	63	241528.0	241.528	36.729833333333325	44.91766666666664	44.71799999999999	36.673904	44.909349	44.711502	80.404256	404764.0	6.746066666666667	1280	720	60.0	8	73fc8a355bf5cb9adc320037d40a85ba	b251a99886a5ea3cb8dac741083c5ce0	1280	720	3688.0	3.0	1862.0	2739.0	False
KristenAndSara_1280x720_60f	KristenAndSara_1280x720_60f	svtav1	svtav1_20190914_4f180cc	60	20	4381536.0	4381.536000000001	44.86016666666665	49.21116666666667	50.12650000000001	44.833646	49.205673	50.12307	97.035116	1005541.0	16.759016666666668	1280	720	60.0	8	6dd583d1ac50cdae73c64f8264a76198	9e9dabcf8602abb32d79e57d7c98089a	1280	720	4427.0	8.0	3727.0	2736.0	False
KristenAndSara_1280x720_60f	KristenAndSara_1280x720_60f	svtav1	svtav1_20190914_4f180cc	60	32	1661664.0	1661.664	43.7295	48.605500000000006	49.53250000000002	43.70832	48.600786	49.530222	96.268824	1464180.0	24.403	1280	720	60.0	8	e862b30597fc86621b3e2939781e914d	a7de92b76c0d26139e7af15194515855	1280	720	4615.0	16.0	5844.0	4927.0	False
KristenAndSara_1280x720_60f	KristenAndSara_1280x720_60f	svtav1	svtav1_20190914_4f180cc	60	43	826040.0	826.0399999999998	42.49416666666665	47.63150000000001	48.51566666666668	42.471658	47.627631	48.512119	94.878527	599324.0	9.988733333333334	1280	720	60.0	8	7afb3b2017dadcf8678896f9ac8652a2	6a5e9678199a3b1183a97d7c50cea14c	1280	720	3709.0	2.0	2040.0	2466.0	False
KristenAndSara_1280x720_60f	KristenAndSara_1280x720_60f	svtav1	svtav1_20190914_4f180cc	60	55	430496.0	430.496	40.6055	46.013833333333324	47.01666666666668	40.578184	46.010517	47.014307	91.812369	717589.0	11.959816666666667	1280	720	60.0	8	8b9dd1f85574e7d700c3b3a7a397565a	1d1fbe21593419d7c2c0035e0bfa68e9	1280	720	4190.0	9.0	1912.0	2391.0	False
KristenAndSara_1280x720_60f	KristenAndSara_1280x720_60f	svtav1	svtav1_20190914_4f180cc	60	63	199976.0	199.976	37.397333333333314	43.21450000000001	44.085999999999984	37.385287	43.21271	44.085596	83.637867	342218.0	5.703633333333333	1280	720	60.0	8	86f37f0fef75d9983e44c4ffb9f838b6	ac93831c5370d57a6b17b46d5e970ee0	1280	720	3516.0	4.0	1425.0	2404.0	False
DOTA2_60f_420	DOTA2_60f_420	svtav1	svtav1_20190914_4f180cc	60	20	18636592.0	18636.592	45.9605	49.848	49.91483333333334	45.910186	49.795228	49.883164	97.723897	2310183.0	38.50305	1920	1080	60.0	8	2eb68b2ee243941053d9fe86eb6684ca	db687063661b5db8ab421744f1907d94	1920	1080	8097.0	4.0	6625.0	5942.0	False
DOTA2_60f_420	DOTA2_60f_420	svtav1	svtav1_20190914_4f180cc	60	32	9594008.0	9594.008	43.79150000000001	47.91933333333335	48.125666666666675	43.704794	47.83009	48.080821	96.203115	2025235.0	33.75391666666667	1920	1080	60.0	8	d611c5d199b6846e7c01a69a2cb2c16b	e658fc3822d35f23fe959d7308bc8892	1920	1080	9789.0	4.0	5978.0	6314.0	False
DOTA2_60f_420	DOTA2_60f_420	svtav1	svtav1_20190914_4f180cc	60	43	4740168.0	4740.168	41.20616666666667	45.53849999999999	45.88533333333332	41.097711	45.425464	45.835591	93.160397	1345381.0	22.423016666666665	1920	1080	60.0	8	9d6e3d7b54e6db8271c7f429617858fa	5aee21dea7785fbdb56fb4e842189296	1920	1080	8774.0	3.0	6301.0	6182.0	False
DOTA2_60f_420	DOTA2_60f_420	svtav1	svtav1_20190914_4f180cc	60	55	2176912.0	2176.912	38.246	42.82683333333331	43.241499999999995	38.120112	42.708619	43.199923	86.960503	1147143.0	19.11905	1920	1080	60.0	8	30874401db170ba8ed566e8788df1c4b	84f26b8ba73db968dc061de8ecb4d5c5	1920	1080	9490.0	6.0	5686.0	6261.0	False
DOTA2_60f_420	DOTA2_60f_420	svtav1	svtav1_20190914_4f180cc	60	63	835512.0	835.512	34.47733333333333	39.333833333333345	39.66816666666667	34.423605	39.284029	39.658238	72.039426	871190.0	14.519833333333333	1920	1080	60.0	8	54b2e0d1f095e9c9eb9e691f1fab3ebb	57b4cc843f9ac3e38cdecd1a6c88ae3b	1920	1080	9523.0	6.0	4891.0	7485.0	False
Netflix_Aerial_1920x1080_60fps_8	Netflix_Aerial_1920x1080_60fps_8	svtav1	svtav1_20190914_4f180cc	60	20	28329304.0	28329.304	43.21733333333334	46.12066666666667	45.773	43.156297	46.094715	45.752219	96.919643	2852924.0	47.54873333333333	1920	1080	60.0	8	c63be1cf390184689ca6e0c61549e849	e8eaba7fbe84f4e665445b4e3c5196bd	1920	1080	9396.0	7.0	13607.0	7282.0	False
Netflix_Aerial_1920x1080_60fps_8	Netflix_Aerial_1920x1080_60fps_8	svtav1	svtav1_20190914_4f180cc	60	32	12984608.0	12984.608	41.27300000000001	44.857499999999995	44.71733333333334	41.209331	44.847637	44.711939	94.794582	2090091.0	34.83485	1920	1080	60.0	8	81a3ee86b170c997a381a29d671d30ec	05293c35572cd2f73ebc6cdfcc0a5c58	1920	1080	9812.0	3.0	11171.0	6085.0	False
Netflix_Aerial_1920x1080_60fps_8	Netflix_Aerial_1920x1080_60fps_8	svtav1	svtav1_20190914_4f180cc	60	43	6240448.0	6240.448	38.86833333333333	43.27750000000001	43.585666666666675	38.790223	43.270327	43.582607	91.518724	2252224.0	37.53706666666667	1920	1080	60.0	8	33d1b8a539a8cc9b4bcc0ebe418fdae7	3862519fc80a93ba583a089924898117	1920	1080	12609.0	14.0	16880.0	6857.0	False
Netflix_Aerial_1920x1080_60fps_8	Netflix_Aerial_1920x1080_60fps_8	svtav1	svtav1_20190914_4f180cc	60	55	2930400.0	2930.4	36.05616666666667	41.52549999999998	42.41350000000001	35.996493	41.520596	42.407814	85.570499	1953185.0	32.55308333333333	1920	1080	60.0	8	2f98c11d03497d19e2617a1ee8d67b12	8c9c0f55796e044cd99cb9853cd3d9e0	1920	1080	14624.0	10.0	8205.0	6139.0	False
Netflix_Aerial_1920x1080_60fps_8	Netflix_Aerial_1920x1080_60fps_8	svtav1	svtav1_20190914_4f180cc	60	63	1000304.0	1000.304	32.25983333333332	39.3035	40.99749999999998	32.245171	39.290926	40.985183	70.729464	1472752.0	24.545866666666665	1920	1080	60.0	8	49b44c4c0fd9ae2d8f27bef56c471eb9	871871a95f517ae1366d8a2a32ed1a96	1920	1080	13056.0	24.0	9836.0	10994.0	False
ducks_take_off_1080p50_60f	ducks_take_off_1080p50_60f	svtav1	svtav1_20190914_4f180cc	60	20	120360560.0	120360.56	39.10100000000003	39.516	41.57516666666666	39.015281	39.442445	41.52715	98.81286299999998	5370539.0	89.50898333333333	1920	1080	50.0	8	41c675c3e99eec5e851138a6b7625ec8	57f46ecd90ce06452d6cb8bf12aa656d	1920	1080	11782.0	3.0	27473.0	7801.0	False
ducks_take_off_1080p50_60f	ducks_take_off_1080p50_60f	svtav1	svtav1_20190914_4f180cc	60	32	35592960.0	35592.96	35.337333333333326	37.088166666666666	40.01033333333335	35.274797	37.049758	39.993388	93.9438	4507734.0	75.1289	1920	1080	50.0	8	431ef6725f1c6efb55a63ed2a30de159	892f55eb1e8d333120e0c47bd5a5e739	1920	1080	12444.0	5.0	22152.0	6637.0	False
ducks_take_off_1080p50_60f	ducks_take_off_1080p50_60f	svtav1	svtav1_20190914_4f180cc	60	43	11621066.0	11621.066	33.18433333333334	35.31316666666668	38.64016666666668	33.154538	35.275835	38.628771	85.074249	3311187.0	55.18645	1920	1080	50.0	8	ad27fc94a699035f047df851ac2f506c	aaa2abb1d896d81439126ae3c3e6feea	1920	1080	18410.0	9.0	26833.0	8653.0	False
ducks_take_off_1080p50_60f	ducks_take_off_1080p50_60f	svtav1	svtav1_20190914_4f180cc	60	55	4543826.0	4543.826	30.905500000000007	33.6135	37.45816666666666	30.857676	33.568152	37.450451	69.784572	3286826.0	54.780433333333335	1920	1080	50.0	8	de7b89bb4265e046c81d652ce2e7deb3	b82169c4e19a6805e40715e2f8efae78	1920	1080	13464.0	6.0	13495.0	7295.0	False
ducks_take_off_1080p50_60f	ducks_take_off_1080p50_60f	svtav1	svtav1_20190914_4f180cc	60	63	1714513.0	1714.513	28.235000000000014	31.82599999999999	36.32566666666666	28.149402	31.780805	36.321532	47.978277	1447719.0	24.12865	1920	1080	50.0	8	d845282aadc7c6c1fe60a116b4b5a896	5375f83a52fd250e26498d11d0cf87a2	1920	1080	15174.0	7.0	9347.0	6318.0	False
touchdown_pass_1080p_60f	touchdown_pass_1080p_60f	svtav1	svtav1_20190914_4f180cc	60	20	24825766.0	24825.766	41.152166666666666	48.35666666666666	48.501333333333335	41.008441	48.333222	48.478293	96.543972	4498707.0	74.97845	1920	1080	29.97	8	3aa3f6677b2fedaeb6ff913453c037ae	4da7d35924b9e24f03474813379b06cd	1920	1080	8711.0	3.0	21293.0	7614.0	False
touchdown_pass_1080p_60f	touchdown_pass_1080p_60f	svtav1	svtav1_20190914_4f180cc	60	32	6330683.0	6330.683	38.92216666666666	47.564333333333344	47.68366666666669	38.872587	47.555704	47.674775	94.176759	2915269.0	48.58781666666667	1920	1080	29.97	8	a029d4985d40ba23752f1397aee3c84d	b3d359144cb8256aedc69c0c221f9a46	1920	1080	10298.0	8.0	12727.0	6424.0	False
touchdown_pass_1080p_60f	touchdown_pass_1080p_60f	svtav1	svtav1_20190914_4f180cc	60	43	2371067.0	2371.067	37.564166666666665	46.67566666666666	46.72449999999999	37.534865	46.671252	46.717722	91.252409	2292722.0	38.21203333333333	1920	1080	29.97	8	de77db4de66618f37950ad5e616b1f8a	92ab4e3650ca992d2d7f560f420743fb	1920	1080	12364.0	3.0	13631.0	6505.0	False
touchdown_pass_1080p_60f	touchdown_pass_1080p_60f	svtav1	svtav1_20190914_4f180cc	60	55	1171649.0	1171.649	35.91649999999999	45.57933333333335	45.547833333333344	35.87886	45.57352	45.539185	85.432313	1149467.0	19.157783333333334	1920	1080	29.97	8	62a1e2c8417ea6a63a9fb56e332574a8	a68379f523bbcf29f50d8568df5a9e11	1920	1080	8679.0	3.0	7850.0	6518.0	False
touchdown_pass_1080p_60f	touchdown_pass_1080p_60f	svtav1	svtav1_20190914_4f180cc	60	63	459497.0	459.497	32.984833333333334	43.82066666666666	43.8345	32.940986	43.814934	43.823913	68.431344	1472961.0	24.54935	1920	1080	29.97	8	4f77feba54be3a3c5c21883087857afc	a500e0fc31b3b5866942785b34fa12f6	1920	1080	8725.0	4.0	6577.0	6763.0	False
vidyo1_720p_60fps_60f	vidyo1_720p_60fps_60f	svtav1	svtav1_20190914_4f180cc	60	20	4845168.0	4845.168	45.78566666666667	48.27866666666667	49.618500000000026	45.756376	48.26479	49.61214	96.644332	1280480.0	21.341333333333335	1280	720	60.0	8	082cfad48f40d8fe0b5f7320a826d37d	0217a53bf5820e9573474bae446452e6	1280	720	3804.0	2.0	2974.0	2555.0	False
vidyo1_720p_60fps_60f	vidyo1_720p_60fps_60f	svtav1	svtav1_20190914_4f180cc	60	32	1842488.0	1842.488	44.23516666666668	47.76933333333332	49.02166666666667	44.216232	47.762241	49.01656	95.406811	670592.0	11.176533333333333	1280	720	60.0	8	2ff8bcd90a8f076e3400abcc41ffb4bd	944b3b3e038c97ade988dfc783fbe5a4	1280	720	4179.0	3.0	2124.0	2525.0	False
vidyo1_720p_60fps_60f	vidyo1_720p_60fps_60f	svtav1	svtav1_20190914_4f180cc	60	43	833744.0	833.744	42.79766666666668	47.168166666666664	48.218166666666676	42.787292	47.164891	48.215896	93.560363	851881.0	14.198016666666666	1280	720	60.0	8	df394e7fe070b4fcc558828951fb1c31	9fe58b7f0633fe66eaaa3871051ff47e	1280	720	3468.0	3.0	3504.0	3222.0	False
vidyo1_720p_60fps_60f	vidyo1_720p_60fps_60f	svtav1	svtav1_20190914_4f180cc	60	55	435016.0	435.016	40.893666666666675	46.058833333333354	46.781	40.878474	46.056748	46.779041	89.811292	528462.0	8.8077	1280	720	60.0	8	0283264d7396a9027d0aaf4a301fec1a	f1d9749b58c55402104d7e3310720d33	1280	720	3929.0	10.0	2164.0	3768.0	False
vidyo1_720p_60fps_60f	vidyo1_720p_60fps_60f	svtav1	svtav1_20190914_4f180cc	60	63	205608.0	205.608	37.567499999999995	43.83699999999998	44.09099999999999	37.558844	43.836182	44.089736	79.63705	390143.0	6.502383333333333	1280	720	60.0	8	4a12fd54a27d8cb135980918a59c949f	4a8ac7073439060fa2f0faabdd38bf9a	1280	720	5220.0	14.0	3708.0	3282.0	False
Netflix_FoodMarket_1920x1080_60f	Netflix_FoodMarket_1920x1080_60f	svtav1	svtav1_20190914_4f180cc	60	20	32994008.0	32994.008	41.40033333333335	45.198833333333326	45.89516666666665	41.341573	45.174713	45.880658	99.312464	3460173.0	57.66955	1920	1080	60.0	8	9923bb88c3ae7dcc800ca198e1bbd477	2d73421168133492f9e46f0e6ea295e6	1920	1080	11082.0	11.0	17066.0	6308.0	False
Netflix_FoodMarket_1920x1080_60f	Netflix_FoodMarket_1920x1080_60f	svtav1	svtav1_20190914_4f180cc	60	32	9833712.0	9833.712	40.024833333333326	44.43250000000001	45.29866666666668	40.00227	44.423828	45.294979	96.503805	2657546.0	44.292433333333335	1920	1080	60.0	8	3f5aad9b7b5610fdfc340aa495b00267	86319c23820de1512f6ed2394f37bb23	1920	1080	8185.0	3.0	14674.0	6325.0	False
Netflix_FoodMarket_1920x1080_60f	Netflix_FoodMarket_1920x1080_60f	svtav1	svtav1_20190914_4f180cc	60	43	4501288.0	4501.288	38.84116666666666	43.615666666666684	44.62166666666667	38.817193	43.607879	44.618738	92.531846	3431696.0	57.19493333333333	1920	1080	60.0	8	17050df9f6140f53ecc8f538b7f9ebb7	ee3ccbab1be675abc3542368211e42ce	1920	1080	13032.0	24.0	11852.0	9048.0	False
Netflix_FoodMarket_1920x1080_60f	Netflix_FoodMarket_1920x1080_60f	svtav1	svtav1_20190914_4f180cc	60	55	2229360.0	2229.36	37.16166666666666	42.60699999999999	43.689	37.118889	42.59487	43.683301	84.418224	1460646.0	24.3441	1920	1080	60.0	8	dda939df6e49add3ac5256589e7d8599	2579d1ef090f3644255e8fccc3e6ac46	1920	1080	9088.0	13.0	9634.0	6778.0	False
Netflix_FoodMarket_1920x1080_60f	Netflix_FoodMarket_1920x1080_60f	svtav1	svtav1_20190914_4f180cc	60	63	950744.0	950.744	34.63583333333334	41.009666666666675	42.04483333333331	34.592082	40.998437	42.026868	68.143893	813071.0	13.551183333333332	1920	1080	60.0	8	b3f4788b6dee05585b695e2a5495e3fb	2260ff91f59d1f2371354fe0a4c3e5df	1920	1080	8686.0	13.0	7193.0	6328.0	False
rush_hour_1080p25_60f	rush_hour_1080p25_60f	svtav1	svtav1_20190914_4f180cc	60	20	8223636.0	8223.636	43.23283333333334	47.19583333333332	49.2465	43.206971	47.177832	49.23047	97.236365	2968062.0	49.4677	1920	1080	25.0	8	35cbfdbf27fff8fe4a0da9a41e9b3964	b8429fb4d02aaf3351ef7a340fe0c0e7	1920	1080	7837.0	4.0	16091.0	6226.0	False
rush_hour_1080p25_60f	rush_hour_1080p25_60f	svtav1	svtav1_20190914_4f180cc	60	32	3308680.0	3308.68	42.34000000000002	46.42083333333334	48.26766666666665	42.330565	46.415531	48.258925	93.918682	1991471.0	33.191183333333335	1920	1080	25.0	8	2a0d129ccc1281ad79551ac79305146e	1d6078698939c1a0afbc0d6e5dbd8075	1920	1080	7386.0	2.0	13420.0	6068.0	False
rush_hour_1080p25_60f	rush_hour_1080p25_60f	svtav1	svtav1_20190914_4f180cc	60	43	1562853.0	1562.853	41.10383333333334	45.48816666666665	47.01949999999999	41.079631	45.48216	47.00848899999999	87.511631	1874045.0	31.234083333333334	1920	1080	25.0	8	79e0ffb5a46df5417ededf3b313910ea	44db81a583f9e3d83b0b80e1f7d4257c	1920	1080	7005.0	3.0	10962.0	6045.0	False
rush_hour_1080p25_60f	rush_hour_1080p25_60f	svtav1	svtav1_20190914_4f180cc	60	55	744086.0	744.086	39.30416666666667	44.345499999999994	45.53450000000001	39.24344800000001	44.337631	45.515646	77.145116	1460200.0	24.336666666666666	1920	1080	25.0	8	4acc7fb0ab1b45bcfde1dc26a51aaa9c	5e3f8a64f8cfd40ac04875ad5d6b0488	1920	1080	9010.0	7.0	8509.0	6190.0	False
rush_hour_1080p25_60f	rush_hour_1080p25_60f	svtav1	svtav1_20190914_4f180cc	60	63	317460.0	317.46	36.727333333333334	42.51966666666667	43.31433333333336	36.611455	42.513321	43.292584	61.867572	1852143.0	30.86905	1920	1080	25.0	8	36f6757d43055b63e4b60789583d9da8	6a256b119021dfd7d3708c87f72a7dfd	1920	1080	10135.0	6.0	6489.0	6499.0	False
wikipedia_420	wikipedia_420	svtav1	svtav1_20190914_4f180cc	60	20	1736192.0	1736.192	55.805000000000035	53.294833333333344	54.17233333333331	55.786694	53.133032	54.115216	99.839013	3686649.0	61.44415	1920	1080	30.0	8	09e5c4c475430fd7911cf4e330496ae8	bd23d067e3a224e8094eac768e151a6c	1920	1080	10583.0	7.0	1510.0	7331.0	False
wikipedia_420	wikipedia_420	svtav1	svtav1_20190914_4f180cc	60	32	938648.0	938.648	51.1743333333333	50.913333333333334	52.09833333333334	51.164211	50.677291	52.03842	99.824529	1296631.0	21.610516666666665	1920	1080	30.0	8	06bac967dca639a229fcc2afae2d62ae	6b95632e672258489a464ed8ca1908d2	1920	1080	6876.0	10.0	2180.0	7860.0	False
wikipedia_420	wikipedia_420	svtav1	svtav1_20190914_4f180cc	60	43	632164.0	632.164	48.71566666666666	48.95633333333334	50.35216666666665	48.69787899999999	48.794676	50.305459	99.798075	1428985.0	23.816416666666665	1920	1080	30.0	8	b6073a88748ed037f4e476fc467bdf33	9256a659c81d43b0e995724021517224	1920	1080	7268.0	4.0	1483.0	5679.0	False
wikipedia_420	wikipedia_420	svtav1	svtav1_20190914_4f180cc	60	55	461112.0	461.112	45.22966666666668	46.574500000000015	48.00266666666667	45.208413	46.510325	47.982	99.684538	1258367.0	20.972783333333332	1920	1080	30.0	8	61a3a768f92577d1da1970ff91d4a0c3	e00a410ad79b312777f1ff90fd238e1b	1920	1080	6197.0	5.0	1508.0	6304.0	False
wikipedia_420	wikipedia_420	svtav1	svtav1_20190914_4f180cc	60	63	313680.0	313.68	38.58633333333332	43.25483333333333	44.46300000000001	38.531885	43.192239	44.431321	98.882467	2908731.0	48.47885	1920	1080	30.0	8	d3d69b500886ced74eb41b17a2de0c03	b827b95dab70a43ae7ed43b81a0d8632	1920	1080	7821.0	10.0	1960.0	6996.0	False
MINECRAFT_60f_420	MINECRAFT_60f_420	svtav1	svtav1_20190914_4f180cc	60	20	88336888.0	88336.888	43.53916666666667	46.336000000000006	46.81833333333334	43.352349	46.179253	46.693711	99.950986	2870072.0	47.83453333333333	1920	1080	60.0	8	c496dc541e2b2bfecd0fb11383285267	e4b7d799dfc2dba22d4f6c5e752297dc	1920	1080	10272.0	4.0	18497.0	6040.0	False
MINECRAFT_60f_420	MINECRAFT_60f_420	svtav1	svtav1_20190914_4f180cc	60	32	52578272.0	52578.272	39.23400000000001	44.476000000000006	44.79466666666667	38.978756	44.356135	44.70293	99.911865	2912447.0	48.54078333333333	1920	1080	60.0	8	fec12449296d3797efb5ce547e0c1189	7bee8cb5f70d6786a11a91d893c14d84	1920	1080	10352.0	9.0	22335.0	7671.0	False
MINECRAFT_60f_420	MINECRAFT_60f_420	svtav1	svtav1_20190914_4f180cc	60	43	24313664.0	24313.664	34.87250000000001	42.71716666666666	42.79133333333334	34.603297	42.635636	42.72531	96.602593	2425746.0	40.4291	1920	1080	60.0	8	c7dbefc3efd6620cd690e6babbb2fb21	d0d7d34283687c542e30349552b087c5	1920	1080	10121.0	14.0	22514.0	7925.0	False
MINECRAFT_60f_420	MINECRAFT_60f_420	svtav1	svtav1_20190914_4f180cc	60	55	9867960.0	9867.96	31.66716666666667	40.84	40.81750000000001	31.482901000000002	40.791386	40.772907	84.377612	1615318.0	26.921966666666666	1920	1080	60.0	8	34f8ed68d7adb05a6d3db51acb435eb0	e5c7b200047be5c8d454c73882c564ff	1920	1080	10218.0	5.0	9962.0	6378.0	False
MINECRAFT_60f_420	MINECRAFT_60f_420	svtav1	svtav1_20190914_4f180cc	60	63	3351056.0	3351.056	28.75733333333334	38.34166666666666	38.57683333333335	28.637809	38.324326	38.556841	61.975318	1402195.0	23.369916666666665	1920	1080	60.0	8	5a373545ee9d02a925c8c4c84e9b890b	5605ab3f2a0f7bffc6cfd038281dc96d	1920	1080	10310.0	8.0	7442.0	6163.0	False
kirland360p_60f	kirland360p_60f	svtav1	svtav1_20190914_4f180cc	60	20	343740.0	343.74	47.55199999999999	48.565666666666665	49.846	47.471708	48.536133	49.817558	96.049069	307131.0	5.11885	640	360	30.0	8	187fe1a8135d13e1cca199f70a0ea232	2378b3ad826a94efc6f4845bac9458ef	640	360	1005.0	6.0	542.0	468.0	False
kirland360p_60f	kirland360p_60f	svtav1	svtav1_20190914_4f180cc	60	32	154328.0	154.328	46.20950000000001	48.06633333333333	49.0225	46.08314	48.044815	49.000145	94.885232	121952.0	2.0325333333333333	640	360	30.0	8	e25a909384264e7185bb2c328582d01d	e517ec130c9a060b326e817dd25c8442	640	360	1206.0	2.0	418.0	468.0	False
kirland360p_60f	kirland360p_60f	svtav1	svtav1_20190914_4f180cc	60	43	84060.0	84.06	44.48183333333331	47.38349999999999	47.87583333333334	44.294935	47.355395	47.81316	92.498887	163286.0	2.721433333333333	640	360	30.0	8	02ca27cc92ba3f0e4d07fa945259e91a	6a95905c2e837a9782350ce9142feee5	640	360	1691.0	6.0	551.0	896.0	False
kirland360p_60f	kirland360p_60f	svtav1	svtav1_20190914_4f180cc	60	55	48984.0	48.984	42.193666666666694	46.49349999999999	46.42583333333334	41.939216	46.441013	46.277712	87.977641	109335.0	1.82225	640	360	30.0	8	49f04938b52f27ba9d8721daedb33d36	5728e05f26e4ff9b9fda78c48b66c8d7	640	360	1094.0	10.0	338.0	614.0	False
kirland360p_60f	kirland360p_60f	svtav1	svtav1_20190914_4f180cc	60	63	28740.0	28.74	39.16283333333333	45.20516666666667	44.85749999999999	38.843808	45.070699	44.583276	78.349872	233060.0	3.884333333333333	640	360	30.0	8	896e315d00e8113d62a6999d180d9c9f	5511b7e380d7b7a594702eec95cb74bf	640	360	1157.0	15.0	356.0	712.0	False
Starting_1920x1080p_50_10b_pq_70	Starting_1920x1080p_50_10b_pq_70	svtav1	svtav1_20190914_4f180cc	60	20	10207940.0	10207.94	47.07483333333332	50.060833333333335	51.88850000000002	46.918178	49.990646	51.833701	96.4326	1488323.0	24.80538333333333	1920	1080	50.0	10	c560c1b6244fa13ed0757e88cac20f64	942d6dfd9aa600a22dc238bfef48c1cb	1920	1080	17017.0	4.0	12065.0	6212.0	False
Starting_1920x1080p_50_10b_pq_70	Starting_1920x1080p_50_10b_pq_70	svtav1	svtav1_20190914_4f180cc	60	32	4055953.0	4055.953	45.66049999999998	48.83983333333335	50.25266666666665	45.59866	48.815272	50.222697	95.518486	836179.0	13.936316666666666	1920	1080	50.0	10	831654999d179eae57d3728790769fd4	04bf26edc5bf782023e8f79f51be101f	1920	1080	12820.0	10.0	7116.0	6316.0	False
Starting_1920x1080p_50_10b_pq_70	Starting_1920x1080p_50_10b_pq_70	svtav1	svtav1_20190914_4f180cc	60	43	1841740.0	1841.74	43.91466666666667	47.50499999999999	48.44399999999999	43.874892	47.496177	48.4359	93.689598	688884.0	11.4814	1920	1080	50.0	10	847f890e6ac5bae37c339d555f230e8a	59f42bddb856f21a37c77be16d7326a3	1920	1080	12602.0	3.0	6943.0	8209.0	False
Starting_1920x1080p_50_10b_pq_70	Starting_1920x1080p_50_10b_pq_70	svtav1	svtav1_20190914_4f180cc	60	55	899653.0	899.653	41.350333333333346	45.70583333333335	46.139	41.326518	45.705062	46.138264	89.73203200000002	589576.0	9.826266666666667	1920	1080	50.0	10	4150c75a7fb9295e1957f00befef6757	e701991e2100ff73bf2b2da5560967bb	1920	1080	12727.0	3.0	9192.0	6393.0	False
Starting_1920x1080p_50_10b_pq_70	Starting_1920x1080p_50_10b_pq_70	svtav1	svtav1_20190914_4f180cc	60	63	341780.0	341.78	36.434000000000005	43.03383333333333	43.24066666666668	36.43255	43.034023	43.240365	74.892916	328070.0	5.467833333333333	1920	1080	50.0	10	b100f8f560c3bf9b4d4afe47d182a583	f8576dbb0e717de794330d557e04b856	1920	1080	12225.0	3.0	5562.0	6117.0	False
red_kayak_360p_60f	red_kayak_360p_60f	svtav1	svtav1_20190914_4f180cc	60	20	9340482.0	9340.482	41.25149999999999	44.823499999999996	49.3495	41.134225	44.768896	49.333029	99.904978	2406122.0	40.10203333333333	640	360	29.97	8	5a3cc672119ce529005d228ef24bd92d	1bf98d74b3db1ebc44d36e9cb2038139	640	360	3298.0	16.0	4479.0	1231.0	False
red_kayak_360p_60f	red_kayak_360p_60f	svtav1	svtav1_20190914_4f180cc	60	32	5494406.0	5494.406	36.719166666666666	42.41783333333332	47.97483333333334	36.534659	42.354843	47.950958	99.767249	347367.0	5.78945	640	360	29.97	8	bea5f82275ae15a8d80fbc7a3681f4f4	09910070f8440eeeb488cadf01ad7b3f	640	360	1498.0	5.0	2472.0	710.0	False
red_kayak_360p_60f	red_kayak_360p_60f	svtav1	svtav1_20190914_4f180cc	60	43	2528707.0	2528.707	32.086499999999994	40.126666666666665	46.876166666666656	31.897899	40.066013	46.842012	86.707083	578813.0	9.646883333333333	640	360	29.97	8	ebf769b6cbf694cc146044fe0d8aa879	9a4d77c0be7fe523f83c4316b868ff88	640	360	1452.0	3.0	2105.0	586.0	False
red_kayak_360p_60f	red_kayak_360p_60f	svtav1	svtav1_20190914_4f180cc	60	55	876906.0	876.9060000000001	28.380999999999993	38.15966666666667	45.30983333333335	28.225164	38.110097	45.247315	61.804181	397457.0	6.6242833333333335	640	360	29.97	8	5cf8f3125a958846a090abd7389be85c	42fa36682fa177b5e289520aa84885d5	640	360	2028.0	24.0	2305.0	856.0	False
red_kayak_360p_60f	red_kayak_360p_60f	svtav1	svtav1_20190914_4f180cc	60	63	215291.0	215.291	25.750499999999995	36.44983333333334	43.95166666666666	25.633053	36.394492	43.742516	26.398917	613708.0	10.228466666666666	640	360	29.97	8	b5c2b670cb7b0a436b9dbe2c67047e84	7687ae693153403a70e703abd1a09751	640	360	2755.0	21.0	3749.0	821.0	False
aspen_1080p_60f	aspen_1080p_60f	svtav1	svtav1_20190914_4f180cc	60	20	10800748.0	10800.748	44.31683333333333	48.339000000000006	49.57283333333333	44.264525	48.32517	49.564681	98.184507	5735348.0	95.58913333333334	1920	1080	29.97	8	a0f25954beef0a521fabd2b7099557e3	def28cca1274a9e1820dd391709db9e6	1920	1080	9233.0	8.0	16399.0	6679.0	False
aspen_1080p_60f	aspen_1080p_60f	svtav1	svtav1_20190914_4f180cc	60	32	3462030.0	3462.03	42.447333333333354	47.427333333333344	48.648500000000006	42.40872	47.422683	48.644575	94.623674	2164559.0	36.07598333333333	1920	1080	29.97	8	9e2894b87d15c8442dd5154a359221b9	e3585f2fce23637344b107220023d9bb	1920	1080	6152.0	4.0	10678.0	6442.0	False
aspen_1080p_60f	aspen_1080p_60f	svtav1	svtav1_20190914_4f180cc	60	43	1437760.0	1437.76	41.10416666666668	46.340999999999994	47.515333333333324	41.068954	46.334288	47.508697	90.093	1628576.0	27.142933333333332	1920	1080	29.97	8	5413e37cf68d5299b7fcdca0c9a9cf3f	f870b86c220c435d40a51e9241440a19	1920	1080	7498.0	6.0	14334.0	6580.0	False
aspen_1080p_60f	aspen_1080p_60f	svtav1	svtav1_20190914_4f180cc	60	55	653410.0	653.41	39.353666666666655	44.727499999999985	45.75483333333333	39.30457	44.715656	45.746853	82.422946	918073.0	15.301216666666667	1920	1080	29.97	8	fcde039e02901a4d1a444bdc025283ac	1a999b6a92456a48266b4ee967ac9211	1920	1080	6242.0	4.0	7474.0	7377.0	False
aspen_1080p_60f	aspen_1080p_60f	svtav1	svtav1_20190914_4f180cc	60	63	281832.0	281.832	36.50116666666668	42.25499999999999	43.00983333333331	36.442984	42.242235	43.005469999999995	66.564206	884165.0	14.736083333333333	1920	1080	29.97	8	d12307e0f1656a6cf7f55e050324f19c	eb2fe29fb5b5a81fecd450d5cbdd283a	1920	1080	6862.0	2.0	6594.0	7287.0	False
blue_sky_360p_60f	blue_sky_360p_60f	svtav1	svtav1_20190914_4f180cc	60	20	1456726.0	1456.726	44.56533333333334	45.901166666666654	47.61049999999999	44.468178	45.824868	47.559941	99.945266	396378.0	6.6063	640	360	25.0	8	5e1bedacd64a0aef904c1b93235d930b	a4ca680a7b41f3203a966718fbbec793	640	360	1462.0	4.0	1622.0	502.0	False
blue_sky_360p_60f	blue_sky_360p_60f	svtav1	svtav1_20190914_4f180cc	60	32	736996.0	736.996	41.654999999999994	43.691333333333326	45.32216666666666	41.522374	43.639115	45.284589	99.930506	367404.0	6.1234	640	360	25.0	8	b773df0684c1b288ebb0686cdebdc5a7	1f78e2ba98b8515df49bfbb8336f379a	640	360	1707.0	16.0	1988.0	696.0	False
blue_sky_360p_60f	blue_sky_360p_60f	svtav1	svtav1_20190914_4f180cc	60	43	381253.0	381.253	38.72016666666665	40.99666666666666	42.63666666666667	38.583644	40.948838	42.61020799999999	99.547026	301332.0	5.0222	640	360	25.0	8	8981e9aba12a2327cf69bb24893b72f1	ed088d2791740c26f0ea52f20f756e0c	640	360	1364.0	4.0	1161.0	496.0	False
blue_sky_360p_60f	blue_sky_360p_60f	svtav1	svtav1_20190914_4f180cc	60	55	200536.0	200.536	35.64116666666667	38.035166666666676	39.91183333333333	35.514831	38.004284	39.898304	94.66023	211244.0	3.5207333333333333	640	360	25.0	8	9b0d738f90376fe11d22057167991476	fdf27f3f81062a7302e7cb4d61193cc4	640	360	1597.0	16.0	2124.0	740.0	False
blue_sky_360p_60f	blue_sky_360p_60f	svtav1	svtav1_20190914_4f180cc	60	63	98376.0	98.376	31.83150000000001	35.01300000000001	37.80183333333334	31.762225	35.007297	37.796844	83.704835	157427.0	2.6237833333333334	640	360	25.0	8	94fe9543e3026ea5afc6bce49132ebfc	4c4e4eb68514327fa8245b234c5f9c34	640	360	1553.0	6.0	933.0	546.0	False
Netflix_Crosswalk_1920x1080_60fp	Netflix_Crosswalk_1920x1080_60fp	svtav1	svtav1_20190914_4f180cc	60	20	10694192.0	10694.192	45.82100000000002	48.57200000000001	50.42533333333334	45.803797	48.55749	50.403925	99.383629	3063994.0	51.06656666666667	1920	1080	60.0	8	85df36166aa0fa3ce8e4ffc165a17e48	55ea9af2896168efb43ae2a662501c13	1920	1080	6670.0	5.0	13664.0	7471.0	False
Netflix_Crosswalk_1920x1080_60fp	Netflix_Crosswalk_1920x1080_60fp	svtav1	svtav1_20190914_4f180cc	60	32	5281808.0	5281.808	44.7385	47.961000000000006	49.7905	44.704757	47.950674	49.774664	96.793417	2302464.0	38.3744	1920	1080	60.0	8	e7a42a792e5ad377621dd9449b8d994e	7a4d5e019a40f2fc9e396c2bf67d1ecb	1920	1080	8454.0	14.0	18822.0	6361.0	False
Netflix_Crosswalk_1920x1080_60fp	Netflix_Crosswalk_1920x1080_60fp	svtav1	svtav1_20190914_4f180cc	60	43	2647592.0	2647.592	43.144666666666666	47.047	48.807	43.068935	47.035282	48.79262000000001	91.631628	1650556.0	27.509266666666665	1920	1080	60.0	8	b38d27752d4db0c3defdb4b4bfcc321e	70572f2f6e1c375c15ce5b0f66a00fdc	1920	1080	6737.0	8.0	21681.0	6277.0	False
Netflix_Crosswalk_1920x1080_60fp	Netflix_Crosswalk_1920x1080_60fp	svtav1	svtav1_20190914_4f180cc	60	55	1358376.0	1358.376	41.013333333333335	45.81933333333332	47.50766666666666	40.873572	45.799318	47.487701	82.323518	1234279.0	20.571316666666668	1920	1080	60.0	8	92846fc82d931266d4f28b4d24049a05	2cc8e35f7af5224b9e64b559930f8921	1920	1080	6387.0	14.0	11161.0	9445.0	False
Netflix_Crosswalk_1920x1080_60fp	Netflix_Crosswalk_1920x1080_60fp	svtav1	svtav1_20190914_4f180cc	60	63	636040.0	636.0399999999998	38.11883333333333	44.05966666666667	45.66383333333332	37.95481	44.038548	45.641488	66.020038	621841.0	10.364016666666666	1920	1080	60.0	8	656815f1c17c6710db3886ef80c04f21	9034ed9ae210fa1e5b76391e3c45d95b	1920	1080	6427.0	3.0	7894.0	5935.0	False
Netflix_TunnelFlag_1920x1080_60f	Netflix_TunnelFlag_1920x1080_60f	svtav1	svtav1_20190914_4f180cc	60	20	33921784.0	33921.784	43.162166666666664	47.518666666666654	48.967333333333315	43.116624	47.497401	48.955055	99.920449	2969040.0	49.484	1920	1080	60.0	8	3683490cb85428d5a42f6481cac7c706	c11bf14bde3c055fae416a90d0e4434d	1920	1080	8844.0	3.0	15375.0	5969.0	False
Netflix_TunnelFlag_1920x1080_60f	Netflix_TunnelFlag_1920x1080_60f	svtav1	svtav1_20190914_4f180cc	60	32	17267664.0	17267.664	41.041000000000004	46.31483333333333	47.98333333333333	40.983435	46.300305	47.972813	99.914414	2383613.0	39.72688333333333	1920	1080	60.0	8	8b7ac23e5aaee180f3d8ab90944a0fc4	62f337d87ae74e8d67140afc5ef2f8c3	1920	1080	9164.0	3.0	13733.0	6287.0	False
Netflix_TunnelFlag_1920x1080_60f	Netflix_TunnelFlag_1920x1080_60f	svtav1	svtav1_20190914_4f180cc	60	43	8867528.0	8867.528	38.68183333333332	44.65366666666667	46.53833333333333	38.603622	44.64136	46.526813	99.899486	2391522.0	39.8587	1920	1080	60.0	8	500c3761a1e2474b1291a0b63bab8eb7	1cf369292b67668671eb2075b131d777	1920	1080	8997.0	5.0	13310.0	7340.0	False
Netflix_TunnelFlag_1920x1080_60f	Netflix_TunnelFlag_1920x1080_60f	svtav1	svtav1_20190914_4f180cc	60	55	4572624.0	4572.624	36.14183333333334	42.569500000000026	44.84816666666667	36.045860999999995	42.559707	44.839422	99.86252799999998	1889946.0	31.4991	1920	1080	60.0	8	26cd123fc7753c9f10b0d7c33a58a324	5e9aa85005c302dcd5940ef7d62cde77	1920	1080	10136.0	10.0	11128.0	7759.0	False
Netflix_TunnelFlag_1920x1080_60f	Netflix_TunnelFlag_1920x1080_60f	svtav1	svtav1_20190914_4f180cc	60	63	2275184.0	2275.184	33.17083333333334	39.706	41.731833333333334	33.094414	39.702332	41.725839	98.624853	1191592.0	19.859866666666665	1920	1080	60.0	8	d15ea8cb8f9b6fa322e5da8eeb4b704c	ea4c6c857d104f649aaf8546516dfec6	1920	1080	8975.0	8.0	12126.0	6213.0	False
Netflix_SquareAndTimelapse_1920x	Netflix_SquareAndTimelapse_1920x	svtav1	svtav1_20190914_4f180cc	60	20	23881560.0	23881.56	45.02766666666667	49.43566666666666	48.664999999999985	44.994916	49.426718	48.65045	99.913575	3295627.0	54.92711666666667	1920	1080	60.0	8	b468075af9eb6a88778c394fa6e8f278	512440f2ba3068b5367687c3fe48f5c9	1920	1080	9564.0	4.0	17323.0	6356.0	False
Netflix_SquareAndTimelapse_1920x	Netflix_SquareAndTimelapse_1920x	svtav1	svtav1_20190914_4f180cc	60	32	13439272.0	13439.272	42.70666666666666	47.835000000000015	46.852833333333336	42.663115	47.826082	46.83705	99.903941	2590580.0	43.17633333333333	1920	1080	60.0	8	b8f12fc2299ec69603229e8ed2495824	4293b0ccb70bc64705350268f5f73fcb	1920	1080	10871.0	13.0	11603.0	6882.0	False
Netflix_SquareAndTimelapse_1920x	Netflix_SquareAndTimelapse_1920x	svtav1	svtav1_20190914_4f180cc	60	43	7442008.0	7442.008	39.92999999999999	45.832333333333324	44.609666666666676	39.869614	45.821915	44.592041	99.25739	1590724.0	26.512066666666666	1920	1080	60.0	8	f6d9f206f7e45d888ceb6dcc3d0704f5	a4e247ad5bd511328bf78af63ed40775	1920	1080	8831.0	8.0	10226.0	6229.0	False
Netflix_SquareAndTimelapse_1920x	Netflix_SquareAndTimelapse_1920x	svtav1	svtav1_20190914_4f180cc	60	55	3988080.0	3988.08	36.76516666666666	43.52083333333332	42.201333333333345	36.688354	43.51134	42.183573	92.217235	1395728.0	23.262133333333335	1920	1080	60.0	8	dd021c3645d7ae9ac113b41b2b317a6f	f219e743b031792d18be9a2b3193283b	1920	1080	9900.0	24.0	11446.0	8990.0	False
Netflix_SquareAndTimelapse_1920x	Netflix_SquareAndTimelapse_1920x	svtav1	svtav1_20190914_4f180cc	60	63	1858200.0	1858.2	33.0425	40.5035	39.17700000000001	32.985957	40.499215	39.166012	76.416397	1021168.0	17.019466666666666	1920	1080	60.0	8	4e3577b1cd69f7d1a41ab2400ff3867b	0ba0254632a10e70ddd458f69cf329a7	1920	1080	8250.0	3.0	7479.0	6765.0	False
dark720p_60f	dark720p_60f	svtav1	svtav1_20190914_4f180cc	60	20	8601916.0	8601.916	46.624833333333335	44.35349999999999	45.897333333333336	46.412056	44.004243	45.559571	96.471628	2031078.0	33.8513	1280	720	30.0	8	36b16fba841c99cd9aa8a9f059163cf9	f2b0a11cd40815ba1745c177fe7a0375	1280	720	3422.0	3.0	10657.0	2377.0	False
dark720p_60f	dark720p_60f	svtav1	svtav1_20190914_4f180cc	60	32	2564172.0	2564.172	43.91133333333332	39.71516666666669	42.34816666666667	43.762741	39.446272	42.176689	93.535729	1809641.0	30.160683333333335	1280	720	30.0	8	43ac048e6efc61d7f42bc4cc6af68ee1	1ce95d755c51a20263d59e652d9fd6ac	1280	720	3371.0	3.0	8473.0	3244.0	False
dark720p_60f	dark720p_60f	svtav1	svtav1_20190914_4f180cc	60	43	626712.0	626.712	42.47033333333333	37.275166666666664	41.130333333333326	42.402622	37.135045	41.061055	90.87552	3253050.0	54.2175	1280	720	30.0	8	94af5a8541974ac9a4a945d431273131	833c3ce9ea8711ba88143d0daf673d1a	1280	720	4888.0	13.0	7348.0	3196.0	False
dark720p_60f	dark720p_60f	svtav1	svtav1_20190914_4f180cc	60	55	196948.0	196.948	41.2215	36.496500000000005	40.25566666666667	41.191061	36.468077	40.2387	87.53606800000001	616916.0	10.281933333333333	1280	720	30.0	8	230791e0c480a4cfd8f770815d113ea3	415325a03c3b5b9b5c092ddb8f55c2d5	1280	720	3895.0	20.0	3047.0	2940.0	False
dark720p_60f	dark720p_60f	svtav1	svtav1_20190914_4f180cc	60	63	73560.0	73.56	38.91483333333334	35.49416666666666	38.8735	38.898464	35.48858499999999	38.861658	78.938496	461862.0	7.6977	1280	720	30.0	8	a32560405040f5eb75bcb7012c5c262f	eefda362af2f08ac1d0eb56026030a07	1280	720	3584.0	3.0	1888.0	3477.0	False
STARCRAFT_60f_420	STARCRAFT_60f_420	svtav1	svtav1_20190914_4f180cc	60	20	8048712.0	8048.712	50.69916666666667	53.71700000000001	53.713	50.684256	53.708269	53.7079	97.653237	1993072.0	33.217866666666666	1920	1080	60.0	8	a36a8251c552ad53b0ae2cb6cef7c50a	e191e1fae05b0d5309409531e8d994c2	1920	1080	9972.0	20.0	3020.0	8656.0	False
STARCRAFT_60f_420	STARCRAFT_60f_420	svtav1	svtav1_20190914_4f180cc	60	32	5246488.0	5246.488	48.275500000000015	52.11300000000001	52.205999999999996	48.2462	52.09332200000001	52.196487	97.163761	1432308.0	23.8718	1920	1080	60.0	8	bdbdda43e17237db73311c09cfca9df6	2735f79729c9c10dde9f88bfe4657205	1920	1080	7575.0	8.0	1988.0	7304.0	False
STARCRAFT_60f_420	STARCRAFT_60f_420	svtav1	svtav1_20190914_4f180cc	60	43	2955960.0	2955.96	44.63516666666668	49.48649999999999	49.65583333333333	44.604965	49.464002	49.645479	95.882909	1098840.0	18.314	1920	1080	60.0	8	d6e73892c3829d667a2719196705e232	97cd40191f6744b292f00feef4e40187	1920	1080	8074.0	3.0	1710.0	5701.0	False
STARCRAFT_60f_420	STARCRAFT_60f_420	svtav1	svtav1_20190914_4f180cc	60	55	1531240.0	1531.24	40.58466666666665	46.38833333333333	46.57633333333335	40.562052	46.373004	46.568014	92.72912	824354.0	13.739233333333333	1920	1080	60.0	8	260bf719ca06f0b5861fd1bef74e6e96	e18e8c31135aa2851c6c7ce6f3a8833a	1920	1080	8025.0	2.0	1928.0	5716.0	False
STARCRAFT_60f_420	STARCRAFT_60f_420	svtav1	svtav1_20190914_4f180cc	60	63	603856.0	603.856	35.259499999999996	42.28483333333333	42.533999999999985	35.25393	42.280646	42.530478	82.229155	659755.0	10.995916666666666	1920	1080	60.0	8	4f9b02e82341f88ae5dd661ab87ea57c	61b594c91cea874f8315262bbe152f9e	1920	1080	8184.0	3.0	1761.0	9013.0	False
shields_640x360_60f	shields_640x360_60f	svtav1	svtav1_20190914_4f180cc	60	20	2811740.0	2811.74	42.51299999999999	45.74700000000002	47.42016666666665	42.352721	45.709202	47.349075	99.485836	509990.0	8.499833333333333	640	360	50.0	8	d8d9fcb952a462cd9504fcf084c793d2	f80bb737b4abe9d80f78bad528018855	640	360	1882.0	24.0	2300.0	832.0	False
shields_640x360_60f	shields_640x360_60f	svtav1	svtav1_20190914_4f180cc	60	32	1364546.0	1364.546	40.630833333333314	43.98350000000001	45.56099999999999	40.419463	43.946429	45.459463	99.431237	312328.0	5.205466666666666	640	360	50.0	8	633c8b57027edbb44955667862863294	315c1efffe2ecdf602ba7daac73ad9a3	640	360	1896.0	3.0	969.0	705.0	False
shields_640x360_60f	shields_640x360_60f	svtav1	svtav1_20190914_4f180cc	60	43	706486.0	706.486	38.12916666666667	41.371833333333335	43.06883333333332	37.857059	41.292253	42.908477999999995	99.398833	264785.0	4.413083333333334	640	360	50.0	8	57953466b0e78f43f3bb494f4da1d3e7	98a1aa8f94adac71b0163f1160614fa5	640	360	1808.0	3.0	813.0	558.0	False
shields_640x360_60f	shields_640x360_60f	svtav1	svtav1_20190914_4f180cc	60	55	391453.0	391.45300000000003	35.29933333333334	38.818166666666684	40.74733333333334	34.954682	38.675881	40.518343	97.042163	421031.0	7.0171833333333336	640	360	50.0	8	8781df2cd777874f8abf4d00b5ba1202	668f279d57e524426ac96a92360f59e7	640	360	1871.0	9.0	1344.0	764.0	False
shields_640x360_60f	shields_640x360_60f	svtav1	svtav1_20190914_4f180cc	60	63	184613.0	184.613	31.190999999999992	36.040166666666664	37.836499999999994	30.749165	35.81625900000001	37.579699	85.494588	156300.0	2.605	640	360	50.0	8	5ab75af5c2477c65e2056802ef144e8d	bdd7d4db696f2d6f5a4d20a57ff44a8a	640	360	2062.0	11.0	615.0	775.0	False
Netflix_RollerCoaster_1280x720_6	Netflix_RollerCoaster_1280x720_6	svtav1	svtav1_20190914_4f180cc	60	20	10150432.0	10150.432	45.22249999999999	47.23100000000001	47.25899999999999	45.186172000000006	47.214802	47.245035	99.906727	1941723.0	32.36205	1280	720	60.0	8	79f726b718d8088bc6545fabb40339c2	8f80c228af5be0ef3962bfd6b13aaf2b	1280	720	3955.0	8.0	11704.0	2807.0	False
Netflix_RollerCoaster_1280x720_6	Netflix_RollerCoaster_1280x720_6	svtav1	svtav1_20190914_4f180cc	60	32	5056824.0	5056.824	43.052833333333325	45.67600000000001	46.013999999999974	42.995608	45.653792	46.003188	99.867773	3612403.0	60.206716666666665	1280	720	60.0	8	f8d4900ac773be602006b3fc3497f1d2	b207efcaf1401a624fd7f3f664d3f0bb	1280	720	6723.0	23.0	7725.0	4815.0	False
Netflix_RollerCoaster_1280x720_6	Netflix_RollerCoaster_1280x720_6	svtav1	svtav1_20190914_4f180cc	60	43	2523296.0	2523.296	40.487333333333346	43.6085	44.318666666666665	40.422612	43.583019	44.30963	98.103753	1087629.0	18.12715	1280	720	60.0	8	aa2853a31d169c15b9b685f122bc7cfb	8292fdcba9cc1e4edcc5720834987f56	1280	720	3862.0	4.0	4590.0	2333.0	False
Netflix_RollerCoaster_1280x720_6	Netflix_RollerCoaster_1280x720_6	svtav1	svtav1_20190914_4f180cc	60	55	1317208.0	1317.208	37.84666666666667	41.395999999999994	42.57483333333332	37.779717	41.366454	42.563058	91.66588	861351.0	14.35585	1280	720	60.0	8	9e30a53ecb5b246e8e5ff9eadb6104bc	39e2420e0cc6aabe5fede97ad1479419	1280	720	3958.0	9.0	5232.0	2626.0	False
Netflix_RollerCoaster_1280x720_6	Netflix_RollerCoaster_1280x720_6	svtav1	svtav1_20190914_4f180cc	60	63	611016.0	611.016	34.39766666666665	38.544166666666676	40.29350000000001	34.326606	38.516196	40.284221	76.284565	658009.0	10.966816666666666	1280	720	60.0	8	0f63164f74aef0d29e8607b9032f0bb8	f5269b9f8f5aa4aca3809af4f8b2fa91	1280	720	4866.0	12.0	5707.0	3905.0	False
Netflix_PierSeaside_1920x1080_60	Netflix_PierSeaside_1920x1080_60	svtav1	svtav1_20190914_4f180cc	60	20	10701536.0	10701.536	45.772333333333336	47.69783333333332	45.73800000000001	45.735845	47.677838	45.708353	99.893434	1847538.0	30.7923	1920	1080	60.0	8	78b78ab444c1a366cde288e62cea77dd	e97f0a0a7351fa2f2bf2dfd82f419aa8	1920	1080	7052.0	4.0	8809.0	6355.0	False
Netflix_PierSeaside_1920x1080_60	Netflix_PierSeaside_1920x1080_60	svtav1	svtav1_20190914_4f180cc	60	32	4301840.0	4301.84	44.167666666666676	46.93216666666667	45.10616666666667	44.111909	46.918027	45.089567	99.547375	1764346.0	29.40576666666667	1920	1080	60.0	8	93a5e3670f0548508f99ce7db99fe55e	fa5d9ecc9dbecc94d3465c0850564717	1920	1080	7920.0	13.0	13396.0	7061.0	False
Netflix_PierSeaside_1920x1080_60	Netflix_PierSeaside_1920x1080_60	svtav1	svtav1_20190914_4f180cc	60	43	2009048.0	2009.048	42.349500000000006	45.88083333333332	44.35816666666667	42.271422	45.866856	44.345782	98.096511	973638.0	16.2273	1920	1080	60.0	8	a8a7fcf2923b85c318f987eeafdc062c	1bf9dc59868a14ed32ca33ac9ce450e6	1920	1080	6976.0	3.0	6212.0	5380.0	False
Netflix_PierSeaside_1920x1080_60	Netflix_PierSeaside_1920x1080_60	svtav1	svtav1_20190914_4f180cc	60	55	899840.0	899.84	40.01016666666666	44.007333333333335	42.96633333333333	39.941846000000005	43.999503	42.958586	94.10878699999999	1019783.0	16.996383333333334	1920	1080	60.0	8	75fdf343a6ca1219fd57ca607feec47e	7d5319996c4f7b5535a4c76df10a2eae	1920	1080	7583.0	3.0	6349.0	5508.0	False
Netflix_PierSeaside_1920x1080_60	Netflix_PierSeaside_1920x1080_60	svtav1	svtav1_20190914_4f180cc	60	63	347840.0	347.84	36.456666666666656	41.085499999999996	40.569833333333314	36.436752	41.084086	40.567648	82.821639	1252584.0	20.8764	1920	1080	60.0	8	f3269a82b9442258b6a1240d1e071969	8e5997c332d19c542452bd7936b566a0	1920	1080	7849.0	18.0	13352.0	6678.0	False
ShowGirl2TeaserClip4000_1920x108	ShowGirl2TeaserClip4000_1920x108	svtav1	svtav1_20190914_4f180cc	60	20	11087066.0	11087.066	43.13999999999999	46.877000000000024	49.731166666666674	42.863662	46.80946099999999	49.711462	95.437785	3474591.0	57.90985	1920	1080	25.0	10	9c2592d4664f57f19d6ffcc8cd2bb8a8	fe5a4a23699e71fea11be99023e2bc03	1920	1080	16087.0	3.0	21052.0	7483.0	False
ShowGirl2TeaserClip4000_1920x108	ShowGirl2TeaserClip4000_1920x108	svtav1	svtav1_20190914_4f180cc	60	32	3444610.0	3444.61	41.94050000000001	46.32783333333331	48.99466666666667	41.864887	46.321042	48.992049	93.58562	796451.0	13.274183333333333	1920	1080	25.0	10	71a3e78d1a6e6a21ce3537c69b3a9a03	3d0aa7eda401805a9fb18090c40eef09	1920	1080	12781.0	3.0	9555.0	6423.0	False
ShowGirl2TeaserClip4000_1920x108	ShowGirl2TeaserClip4000_1920x108	svtav1	svtav1_20190914_4f180cc	60	43	1170383.0	1170.383	40.90066666666666	45.819166666666646	48.18383333333333	40.874658	45.817114999999994	48.182051	90.636614	785337.0	13.08895	1920	1080	25.0	10	6406ba7a8fc70e6b6ce73ce65360f3f5	0f19cf44d76ff6724fac1836c97e3254	1920	1080	14153.0	10.0	8975.0	8720.0	False
ShowGirl2TeaserClip4000_1920x108	ShowGirl2TeaserClip4000_1920x108	svtav1	svtav1_20190914_4f180cc	60	55	466640.0	466.64	39.364499999999985	45.02566666666666	47.01899999999998	39.329564	45.02437	47.018621	84.85784	402431.0	6.707183333333333	1920	1080	25.0	10	44ceb1c32a13b457d21431c1af4327f4	be2a26b3282cb8771514fb4ef8365541	1920	1080	13185.0	3.0	6328.0	6074.0	False
ShowGirl2TeaserClip4000_1920x108	ShowGirl2TeaserClip4000_1920x108	svtav1	svtav1_20190914_4f180cc	60	63	197056.0	197.056	36.601166666666664	43.298166666666624	45.1186666666667	36.567301	43.297187	45.118393	71.2557	351304.0	5.855066666666667	1920	1080	25.0	10	810106df4d7c29b6f1c8180f6dbd6854	e87aa95a5569d0c10f118920d336ab05	1920	1080	18757.0	24.0	9514.0	9265.0	False
Cosmos1_1920x856_BT2100_PQ_24fps	Cosmos1_1920x856_BT2100_PQ_24fps	svtav1	svtav1_20190914_4f180cc	60	20	28540640.0	28540.64	42.8095	45.51733333333334	47.976333333333336	42.551261	45.358106	47.889398	99.478093	1997057.0	33.284283333333335	1920	856	24.0	10	c258ad05fec25b89a269e5355a143063	7ab38efefc8f8d2f369ce63a1237039c	1920	856	11632.0	5.0	39776.0	6472.0	False
Cosmos1_1920x856_BT2100_PQ_24fps	Cosmos1_1920x856_BT2100_PQ_24fps	svtav1	svtav1_20190914_4f180cc	60	32	12347849.0	12347.849	38.86416666666665	43.40416666666668	46.27266666666669	38.585155	43.32229300000001	46.238104	95.603462	1678359.0	27.97265	1920	856	24.0	10	eb38690f673b850fffb9abfea9818ba0	28936007f1f44b004d9296219cc47102	1920	856	11347.0	3.0	15554.0	5920.0	False
Cosmos1_1920x856_BT2100_PQ_24fps	Cosmos1_1920x856_BT2100_PQ_24fps	svtav1	svtav1_20190914_4f180cc	60	43	4745088.0	4745.088	35.79950000000001	41.64566666666667	44.609	35.628909	41.600439	44.585175	85.497214	1202510.0	20.041833333333333	1920	856	24.0	10	f3846c71541cb6ef7dfa82b0d9d0b79c	8f4d9723aa4e68e25a55e3880e879186	1920	856	11706.0	15.0	17032.0	4908.0	False
Cosmos1_1920x856_BT2100_PQ_24fps	Cosmos1_1920x856_BT2100_PQ_24fps	svtav1	svtav1_20190914_4f180cc	60	55	1902355.0	1902.355	33.14883333333332	40.140666666666675	42.91283333333334	33.027451	40.10394899999999	42.901827	68.30206	623934.0	10.3989	1920	856	24.0	10	17e4f1b2e207366e9244dbbc3e6015a5	dfb4d170675e19d85645090171b5c4b1	1920	856	10569.0	10.0	10530.0	5086.0	False
Cosmos1_1920x856_BT2100_PQ_24fps	Cosmos1_1920x856_BT2100_PQ_24fps	svtav1	svtav1_20190914_4f180cc	60	63	643520.0	643.52	30.314166666666665	38.37166666666667	41.313	30.222313	38.346386	41.309444	43.440082	471874.0	7.864566666666667	1920	856	24.0	10	eaffe618cef789a4e8599d293935e38b	02436863fca1f7927779fc03aa44a21a	1920	856	11043.0	2.0	8509.0	4838.0	False
life_1080p30_60f	life_1080p30_60f	svtav1	svtav1_20190914_4f180cc	60	20	14293144.0	14293.144	44.98749999999999	50.769	50.092999999999996	44.945668	50.749024	50.076776	99.579264	2346144.0	39.1024	1920	1080	30.0	8	5f89e71901d37176f4ce0e4e1e38fcf6	66c8dc8c940bd4dbaaa15ab545bfdc7f	1920	1080	9836.0	2.0	9723.0	6063.0	False
life_1080p30_60f	life_1080p30_60f	svtav1	svtav1_20190914_4f180cc	60	32	7015472.0	7015.472	42.23533333333332	48.35933333333335	48.070666666666675	42.184134	48.334571	48.052783	98.078407	2074535.0	34.575583333333334	1920	1080	30.0	8	27871747a4f335bbd899d2fe2b9817fc	a941c64aa56012acc29f292a2fa1052c	1920	1080	9434.0	4.0	9077.0	6337.0	False
life_1080p30_60f	life_1080p30_60f	svtav1	svtav1_20190914_4f180cc	60	43	3437432.0	3437.432	39.46950000000001	45.97716666666667	45.85366666666668	39.420381	45.948261	45.832273	95.098177	1946914.0	32.448566666666665	1920	1080	30.0	8	36b067900b7c63b6904d1b02a8f2f251	4d7770e4d9d842c94674a65ee56aadee	1920	1080	9363.0	14.0	15912.0	9530.0	False
life_1080p30_60f	life_1080p30_60f	svtav1	svtav1_20190914_4f180cc	60	55	1627892.0	1627.892	36.362500000000004	43.538333333333334	43.479500000000016	36.321863	43.508637	43.457228	89.465789	1309198.0	21.819966666666666	1920	1080	30.0	8	183d55820111404851fa87680aa53c59	fa8d93e658473c9f8d17f2b08b413d71	1920	1080	9790.0	14.0	7170.0	6237.0	False
life_1080p30_60f	life_1080p30_60f	svtav1	svtav1_20190914_4f180cc	60	63	626876.0	626.876	32.87383333333334	40.55516666666668	40.337833333333336	32.848853	40.532512	40.327399	77.160065	1242076.0	20.701266666666665	1920	1080	30.0	8	9c15afc405f01df332586828c289e508	fa17fdd92404c3ec4acda0227a2988bd	1920	1080	12916.0	20.0	6328.0	6140.0	False
speed_bag_640x360_60f	speed_bag_640x360_60f	svtav1	svtav1_20190914_4f180cc	60	20	550166.0	550.166	47.20300000000002	50.01616666666667	51.39416666666666	47.12355	49.966914	51.3378	98.311773	234664.0	3.9110666666666667	640	360	29.97	8	ec80e56316c95f89f8fd20db2af89c44	c91c5f009fe9c91634e5f5d7e96e2282	640	360	1135.0	3.0	1487.0	555.0	False
speed_bag_640x360_60f	speed_bag_640x360_60f	svtav1	svtav1_20190914_4f180cc	60	32	283438.0	283.438	45.261166666666654	48.53116666666668	50.10466666666667	45.151381	48.475139	50.025064	97.389081	329505.0	5.49175	640	360	29.97	8	5db5284b2b7b0553a2faa3690d2ef4e3	294b4c96a50c89b5593e46126b760524	640	360	1314.0	4.0	1145.0	734.0	False
speed_bag_640x360_60f	speed_bag_640x360_60f	svtav1	svtav1_20190914_4f180cc	60	43	154461.0	154.46099999999998	43.02783333333333	46.56666666666664	48.450833333333335	42.86244	46.494759	48.334329	94.959939	165484.0	2.7580666666666667	640	360	29.97	8	4f147ab51eace0bb8ad997c384789996	b051d64a90d27b4d8e41e82af74f57f2	640	360	1182.0	3.0	1027.0	772.0	False
speed_bag_640x360_60f	speed_bag_640x360_60f	svtav1	svtav1_20190914_4f180cc	60	55	85980.0	85.98	40.33833333333333	44.411666666666655	46.699333333333335	40.100727	44.32795	46.514779	87.900629	147533.0	2.4588833333333335	640	360	29.97	8	e84ee3a7ea54759271c3e7a3233c8b09	d0cc52ae68869952a9310ba70eca1d69	640	360	1064.0	3.0	808.0	533.0	False
speed_bag_640x360_60f	speed_bag_640x360_60f	svtav1	svtav1_20190914_4f180cc	60	63	45748.0	45.748	36.90916666666666	41.71083333333333	44.39916666666668	36.626774	41.626899	44.192075	74.165532	114873.0	1.91455	640	360	29.97	8	61d6c7ff12bc5d0ce0784e149a900e38	8a8fc60bd7a59a5e9eeaffe4609dfcfe	640	360	1082.0	4.0	658.0	546.0	False
Netflix_Boat_1920x1080_60fps_8bi	Netflix_Boat_1920x1080_60fps_8bi	svtav1	svtav1_20190914_4f180cc	60	20	33223608.0	33223.608	44.072666666666684	46.5765	48.37833333333334	44.018594	46.543724	48.357724	99.92439	6132884.0	102.21473333333333	1920	1080	60.0	8	f15a143904d514e1953e6014c9e570d0	9ae910b7cde09d5e9fa27d8628e419a8	1920	1080	11279.0	6.0	12104.0	7087.0	False
Netflix_Boat_1920x1080_60fps_8bi	Netflix_Boat_1920x1080_60fps_8bi	svtav1	svtav1_20190914_4f180cc	60	32	18089288.0	18089.288	41.626166666666656	45.005166666666675	46.455166666666656	41.552543	44.981225	46.442908	99.755465	2362321.0	39.37201666666667	1920	1080	60.0	8	22d2d13cf0b0b294c09fd667b1260d04	9dbf875ce614949da1a41084c61d63e7	1920	1080	10147.0	5.0	9636.0	5988.0	False
Netflix_Boat_1920x1080_60fps_8bi	Netflix_Boat_1920x1080_60fps_8bi	svtav1	svtav1_20190914_4f180cc	60	43	10044032.0	10044.032	38.76516666666666	43.30666666666665	44.31849999999999	38.66355	43.283665	44.309527	96.857705	1459680.0	24.328	1920	1080	60.0	8	4dba6705dfb462591a212576c515d35b	340a79aa2e1977899bb1fa9ccb917afd	1920	1080	10308.0	8.0	10296.0	7319.0	False
Netflix_Boat_1920x1080_60fps_8bi	Netflix_Boat_1920x1080_60fps_8bi	svtav1	svtav1_20190914_4f180cc	60	55	5249648.0	5249.648	35.34966666666666	41.47516666666668	42.1796666666667	35.224995	41.455949	42.17666	90.069393	1561504.0	26.025066666666667	1920	1080	60.0	8	82c385d646aab67d9aaa889d42b10563	58bf7b53b681ea28df2de95ffe8540e4	1920	1080	9906.0	3.0	7643.0	6089.0	False
Netflix_Boat_1920x1080_60fps_8bi	Netflix_Boat_1920x1080_60fps_8bi	svtav1	svtav1_20190914_4f180cc	60	63	2350816.0	2350.816	31.313833333333342	38.921666666666646	39.49383333333331	31.251662	38.917654	39.492748	76.233826	2343179.0	39.05298333333333	1920	1080	60.0	8	51988e9d41cd11bee694e847221425e5	aa66cede323a8962da508c770f14cfef	1920	1080	11174.0	16.0	13022.0	8399.0	False
thaloundeskmtg360p_60f	thaloundeskmtg360p_60f	svtav1	svtav1_20190914_4f180cc	60	20	1020140.0	1020.14	44.82116666666666	48.80033333333332	48.78283333333332	44.60962299999999	48.753504	48.751487	97.01287900000001	248107.0	4.135116666666667	640	360	30.0	8	d74a2cbab0af84d41feeab0ac6168eee	4518d2f532b2da5f4526dc2d6e2f497f	640	360	1162.0	3.0	872.0	635.0	False
thaloundeskmtg360p_60f	thaloundeskmtg360p_60f	svtav1	svtav1_20190914_4f180cc	60	32	489736.0	489.736	43.11083333333333	47.459500000000006	47.5331666666667	42.804303	47.411846	47.496204	95.905971	180949.0	3.015816666666667	640	360	30.0	8	2e73c23fadcec5b8cb9a681cf6fc4194	db52220e4654b7755a3fcc5ea108835c	640	360	1307.0	3.0	688.0	616.0	False
thaloundeskmtg360p_60f	thaloundeskmtg360p_60f	svtav1	svtav1_20190914_4f180cc	60	43	264028.0	264.028	41.034833333333346	45.84016666666667	45.95466666666665	40.618621	45.764027000000006	45.891428	93.937961	430205.0	7.170083333333333	640	360	30.0	8	b50d3705c7f72ad5d65d2a8821768367	b133e0d163f9c5cc92fd482449c96fbd	640	360	1376.0	4.0	584.0	598.0	False
thaloundeskmtg360p_60f	thaloundeskmtg360p_60f	svtav1	svtav1_20190914_4f180cc	60	55	144444.0	144.444	38.27399999999999	43.696333333333314	43.65083333333336	37.812717	43.595035	43.534074	89.915505	154819.0	2.5803166666666666	640	360	30.0	8	509ed465c19ca736cb8a8c09a108d5cc	6b3130ee193cc7dae0835a26fa449788	640	360	1506.0	3.0	486.0	711.0	False
thaloundeskmtg360p_60f	thaloundeskmtg360p_60f	svtav1	svtav1_20190914_4f180cc	60	63	73052.0	73.052	34.414500000000004	40.513	40.624666666666684	33.822434	40.418481	40.492054	79.522453	87886.0	1.4647666666666668	640	360	30.0	8	052d8c80730deb05938a075549d591c8	1bb48b0aa4c1096e2127a4f319e5cec2	640	360	1266.0	3.0	420.0	542.0	False
gipsrestat720p_60f	gipsrestat720p_60f	svtav1	svtav1_20190914_4f180cc	60	20	4607533.0	4607.533	45.07783333333335	47.56966666666666	49.15733333333335	45.050336	47.561314	49.151500000000006	97.0508	799561.0	13.326016666666666	1280	720	50.0	8	eaea01c7eb9b4631baae62cf1c7f41b2	61318c1ac7897c40b80b6e03f4fcd046	1280	720	4015.0	3.0	3194.0	2590.0	False
gipsrestat720p_60f	gipsrestat720p_60f	svtav1	svtav1_20190914_4f180cc	60	32	1731693.0	1731.693	43.452333333333335	46.94166666666668	48.41933333333335	43.41474	46.939127	48.411131	95.8813	923584.0	15.393066666666666	1280	720	50.0	8	9716abe190c58e18c9bd3c5417501592	3b628f9e27fcabc7713633db2b26fc0f	1280	720	5940.0	18.0	4424.0	3613.0	False
gipsrestat720p_60f	gipsrestat720p_60f	svtav1	svtav1_20190914_4f180cc	60	43	799413.0	799.413	41.759999999999984	46.134833333333326	47.41783333333332	41.689436	46.132656	47.412544	94.069194	803728.0	13.395466666666668	1280	720	50.0	8	db211a8dc84a5b86cb25dfb5d9fbd64a	7e52c7d3b5d0f8871aebfcbee08e0963	1280	720	3874.0	3.0	1664.0	2440.0	False
gipsrestat720p_60f	gipsrestat720p_60f	svtav1	svtav1_20190914_4f180cc	60	55	420326.0	420.326	39.668	44.711500000000015	45.726333333333315	39.614286	44.709516	45.723657	90.892409	512616.0	8.5436	1280	720	50.0	8	7288e2a1790f92a7f9bb0b2c072440c8	c9eb606eb1cd5eb7f3f1a4fdfe496e71	1280	720	3988.0	4.0	1349.0	2466.0	False
gipsrestat720p_60f	gipsrestat720p_60f	svtav1	svtav1_20190914_4f180cc	60	63	193280.0	193.28	35.98283333333333	42.04250000000002	42.55233333333333	35.966824	42.041117	42.55051	82.091386	270138.0	4.5023	1280	720	50.0	8	0489ef6c85f15b2bedadc9d1d50d368e	2688371f89db141e72945a9b0c16c3a1	1280	720	3874.0	2.0	937.0	2474.0	False
