KristenAndSara_1280x720_60_10b	KristenAndSara_1280x720_60_10b	libaom	libaom_20210423_faa02f0_enc-mode0	60	20	0	2745360.0	2745.36	44.67100000000002	49.67966666666667	50.724833333333336	44.662456	49.675464	50.721683	96.97789665	5804096.0	96.73493333333333	5786.71	1280	720	60.0	10	c46b5867dd3c762f40401772f00009cf	5fe691bf9d887f7eada6457d69316ad3	1280	720	13855.0	205.0	808.0	11115.0	False	False	0.9962992333333334	0.9957048666666667
KristenAndSara_1280x720_60_10b	KristenAndSara_1280x720_60_10b	libaom	libaom_20210423_faa02f0_enc-mode0	60	32	0	1294752.0	1294.752	43.783333333333324	49.10616666666666	50.0973333333333	43.774515	49.102445	50.094289	96.32130909999998	4044800.0	67.41333333333333	4011.66	1280	720	60.0	10	d7de6f552103ecd6d2f7c410a502e1bb	98a3cad66507432f10717b5c3d114932	1280	720	10191.0	259.0	884.0	18685.0	False	False	0.9952782333333334	0.9947937833333333
KristenAndSara_1280x720_60_10b	KristenAndSara_1280x720_60_10b	libaom	libaom_20210423_faa02f0_enc-mode0	60	43	0	749304.0	749.304	42.665166666666664	48.15583333333334	49.12099999999998	42.653424	48.151346	49.116828000000005	94.96353498333335	2305701.0	38.42835	2295.28	1280	720	60.0	10	d20b36ac73ddfa1265e37a466dbcd8ee	1b6d4e11245d7ee08df67a7ee8a8de64	1280	720	10608.0	274.0	831.0	19008.0	False	False	0.9936006	0.9933684833333333
KristenAndSara_1280x720_60_10b	KristenAndSara_1280x720_60_10b	libaom	libaom_20210423_faa02f0_enc-mode0	60	55	0	406808.0	406.808	40.796	46.27299999999998	47.278333333333336	40.781168	46.268128	47.274086	91.9728769	1194340.0	19.905666666666665	1191.2	1280	720	60.0	10	afe14e3eaf3e090b0ae22cde2b96f28b	13644e4fdd9fdedc55a71914cdb0bf2e	1280	720	10263.0	219.0	647.0	17670.0	False	False	0.9899984	0.9903432
KristenAndSara_1280x720_60_10b	KristenAndSara_1280x720_60_10b	libaom	libaom_20210423_faa02f0_enc-mode0	60	63	0	205016.0	205.016	37.79266666666667	43.37049999999999	44.49033333333332	37.785976	43.366639	44.486997	84.76901225	838478.0	13.974633333333333	835.57	1280	720	60.0	10	fde6eb9469f40d72f5164ac6bde76ef3	53dc5db44c4733e6cc7a9e6a70ed4f91	1280	720	8184.0	240.0	577.0	18114.0	False	False	0.9806874666666665	0.9827980333333334
BarScene1_1920x1080_2997_10b	BarScene1_1920x1080_2997_10b	libaom	libaom_20210423_faa02f0_enc-mode0	60	20	0	1465312.0	1465.3120000000001	42.532333333333334	44.79733333333334	43.67366666666668	42.532198	44.796884	43.672823	93.13568910000001	9409898.0	156.83163333333334	9389.22	1920	1080	29.97	10	e681f6a9c529477f69f56b34d5ee7d88	a5098a0b1a0c4b8bb9a8b6f633a2dc1e	1920	1080	24495.0	518.0	1531.0	39629.0	False	False	0.9959586333333333	0.9911894166666666
BarScene1_1920x1080_2997_10b	BarScene1_1920x1080_2997_10b	libaom	libaom_20210423_faa02f0_enc-mode0	60	32	0	573938.0	573.938	42.318166666666656	44.69150000000001	43.56533333333332	42.31738	44.69143999999999	43.565117	92.35039556666666	6353651.0	105.89418333333333	6327.92	1920	1080	29.97	10	24dbce03c7588863e1cc4d12699402cb	b1051c26ded67925e0d3abeeacab9928	1920	1080	27493.0	472.0	1076.0	38776.0	False	False	0.9955905333333332	0.9906548333333333
BarScene1_1920x1080_2997_10b	BarScene1_1920x1080_2997_10b	libaom	libaom_20210423_faa02f0_enc-mode0	60	43	0	296105.0	296.1050000000001	41.946499999999986	44.544	43.42800000000002	41.945916	44.543307	43.427614999999996	91.00597783333333	3685870.0	61.43116666666667	3677.32	1920	1080	29.97	10	e16491ee553e9112f4ab45ece323a849	93043c9b39499fa8f43f93a5ffd2ef3f	1920	1080	25837.0	529.0	1016.0	38498.0	False	False	0.99482315	0.9895681333333333
BarScene1_1920x1080_2997_10b	BarScene1_1920x1080_2997_10b	libaom	libaom_20210423_faa02f0_enc-mode0	60	55	0	136341.0	136.341	41.170666666666676	44.18550000000001	43.117499999999986	41.170174	44.185722000000005	43.117831	87.63206941666665	2206409.0	36.77348333333333	2183.95	1920	1080	29.97	10	ab5dd1a9ce9e6df56303bd3b828c5b6d	b963414d80335a5b3aad447d6ec81ffc	1920	1080	25267.0	582.0	1345.0	27567.0	False	False	0.9922795333333334	0.98655685
BarScene1_1920x1080_2997_10b	BarScene1_1920x1080_2997_10b	libaom	libaom_20210423_faa02f0_enc-mode0	60	63	0	60004.0	60.004	39.70566666666668	43.17399999999999	42.36216666666668	39.702385	43.173704	42.361495	78.22918366666666	1255399.0	20.92331666666667	1243.31	1920	1080	29.97	10	150f924589244db9b4f2f275cd2b8a07	d9b6211082f0728cf2fa7e04dd79e62f	1920	1080	25730.0	541.0	1105.0	40030.0	False	False	0.9844002333333335	0.9792872
blue_sky_360p_60f	blue_sky_360p_60f	libaom	libaom_20210423_faa02f0_enc-mode0	60	20	0	958653.0	958.653	43.26066666666668	44.732333333333344	46.319166666666675	43.208114	44.695062	46.294471	99.93644276666667	901364.0	15.022733333333333	900.4	640	360	25.0	8	054da0d5d454734ecd22f0f8c7571951	81e38d70cff7f4c967c48ab681ddc9a8	640	360	2225.0	65.0	371.0	5250.0	False	False	0.9922804666666666	0.9983860999999999
blue_sky_360p_60f	blue_sky_360p_60f	libaom	libaom_20210423_faa02f0_enc-mode0	60	32	0	510650.0	510.65	40.5755	42.257333333333314	43.73666666666667	40.518544	42.226693	43.72058	99.9202002	701513.0	11.691883333333333	700.9	640	360	25.0	8	8fbe1192e4b3adf6f2a86670c0492aad	73ff8c20718070de0e1db8189f386011	640	360	2371.0	59.0	312.0	5625.0	False	False	0.9884446666666665	0.9975279499999999
blue_sky_360p_60f	blue_sky_360p_60f	libaom	libaom_20210423_faa02f0_enc-mode0	60	43	0	294286.0	294.286	38.054833333333335	39.937	41.540166666666664	37.981318	39.909732	41.531209	99.00448695	513556.0	8.559266666666666	512.82	640	360	25.0	8	f3d460aab9b83074d319c45c75d96111	0825a2c5f903671f0dea2b851285ba06	640	360	1973.0	54.0	239.0	3419.0	False	False	0.9825395666666666	0.9960437666666666
blue_sky_360p_60f	blue_sky_360p_60f	libaom	libaom_20210423_faa02f0_enc-mode0	60	55	0	155093.0	155.093	34.93083333333334	37.01000000000001	39.19383333333333	34.876704	36.99652	39.189599	93.18130506666668	293933.0	4.898883333333333	293.6	640	360	25.0	8	7f52f9bfc00e52faf28c29110fde5195	a8120abc36a0b3800de94b7f759d6cae	640	360	1840.0	46.0	180.0	5314.0	False	False	0.9692761	0.9925398
blue_sky_360p_60f	blue_sky_360p_60f	libaom	libaom_20210423_faa02f0_enc-mode0	60	63	0	89146.0	89.146	31.818	34.94766666666667	37.66499999999999	31.730168	34.937681	37.660752	83.73797065000001	223363.0	3.7227166666666665	223.08	640	360	25.0	8	c6baf79547fdc9acc0f72dda34da9ef8	2b65d100ef4facbd3127b6572850638c	640	360	2289.0	55.0	186.0	5258.0	False	False	0.9453772666666667	0.9853026166666667
kirland360p_60f	kirland360p_60f	libaom	libaom_20210423_faa02f0_enc-mode0	60	20	0	268560.0	268.56	47.21249999999999	48.50566666666666	49.742833333333316	47.153369	48.465413	49.704386	95.89605529999999	462065.0	7.701083333333333	460.42	640	360	30.0	8	6062a853cb5b8814fcaabe071322c737	936486715ac6c58307e3c66b5007c50b	640	360	1482.0	47.0	131.0	5060.0	False	False	0.9916387333333333	0.99771965
kirland360p_60f	kirland360p_60f	libaom	libaom_20210423_faa02f0_enc-mode0	60	32	0	159132.0	159.132	46.202000000000005	48.01766666666668	49.007166666666684	46.139894	47.983959	48.977613	94.91384148333333	332438.0	5.540633333333333	331.62	640	360	30.0	8	3885e0849073ca25499c003eb405ce51	357842a0f63541a21248b8a7d86860ea	640	360	1829.0	59.0	140.0	5530.0	False	False	0.9906525666666666	0.9972917166666667
kirland360p_60f	kirland360p_60f	libaom	libaom_20210423_faa02f0_enc-mode0	60	43	0	109260.0	109.26	45.06699999999999	47.59733333333334	48.30316666666668	44.994319	47.562818	48.279498	93.64468161666666	225947.0	3.7657833333333333	225.05	640	360	30.0	8	efb0f2432163150bf1d59c7088464dd2	7a80c2af1b16d5b8a90b9af169a057ff	640	360	1575.0	58.0	140.0	5327.0	False	False	0.9894474666666667	0.99674465
kirland360p_60f	kirland360p_60f	libaom	libaom_20210423_faa02f0_enc-mode0	60	55	0	70580.0	70.58	43.51983333333332	46.830999999999996	47.326999999999984	43.355509	46.787968	47.243218	90.84257865	166552.0	2.7758666666666665	164.29	640	360	30.0	8	d941be03feb4907955f1c9630ee440ac	b44fa20d740f31427217311d94887a99	640	360	1721.0	75.0	183.0	5584.0	False	False	0.9872769833333334	0.9958882666666665
kirland360p_60f	kirland360p_60f	libaom	libaom_20210423_faa02f0_enc-mode0	60	63	0	51420.0	51.42	41.71199999999998	46.14750000000001	46.49766666666667	41.116307	45.945135	46.05792	87.16643718333331	102865.0	1.7144166666666667	102.6	640	360	30.0	8	74781c231bcf6c975e1515904baa56cf	90292a04dd6a7fe3f18740d44d57e26d	640	360	1541.0	52.0	86.0	5184.0	False	False	0.9836555	0.9944643333333333
niklas360p_60f	niklas360p_60f	libaom	libaom_20210423_faa02f0_enc-mode0	60	20	0	1126120.0	1126.12	43.814499999999995	47.578666666666656	47.147666666666666	43.772639	47.531539	47.114211	98.06266473333332	2004429.0	33.40715	1959.68	640	360	30.0	8	e7a6aa14707d97f61621cb60e7c00288	e61ec161e7259c20900dbc99c9cf66fc	640	360	2157.0	60.0	370.0	5304.0	False	False	0.9862248333333331	0.9968626833333334
niklas360p_60f	niklas360p_60f	libaom	libaom_20210423_faa02f0_enc-mode0	60	32	0	641488.0	641.488	41.44033333333333	46.087500000000006	45.41666666666666	41.38638	46.048588	45.388735	96.40242846666668	1276959.0	21.28265	1275.35	640	360	30.0	8	1eb1d638268d48189b92a55da1a1d0ec	fa47f64b9ac030929579566ac8dac19c	640	360	2144.0	48.0	267.0	5101.0	False	False	0.9804850500000002	0.9951125333333333
niklas360p_60f	niklas360p_60f	libaom	libaom_20210423_faa02f0_enc-mode0	60	43	0	368192.0	368.192	38.839499999999994	44.607833333333346	43.74366666666666	38.767973	44.580299	43.720779	92.97270339999999	1044961.0	17.416016666666668	1042.05	640	360	30.0	8	ad46a798d2afdbc97d235e3484ae37ce	b8a08da02e191290fb6f183bcd528e56	640	360	2328.0	80.0	375.0	5295.0	False	False	0.9711693333333333	0.9919531
niklas360p_60f	niklas360p_60f	libaom	libaom_20210423_faa02f0_enc-mode0	60	55	0	201440.0	201.44	35.78416666666667	42.83316666666668	41.56883333333334	35.72070999999999	42.810331	41.549926	86.0733593	554002.0	9.233366666666667	553.29	640	360	30.0	8	5f726eb9a49a38061b0308263a65c878	e21b3fbf2491278a7b7f6b559edbc651	640	360	2141.0	58.0	202.0	5524.0	False	False	0.9530447166666668	0.9849012833333332
niklas360p_60f	niklas360p_60f	libaom	libaom_20210423_faa02f0_enc-mode0	60	63	0	104588.0	104.588	32.391666666666666	40.70883333333335	39.21083333333333	32.317602	40.694469	39.193372	74.44349304999999	370783.0	6.179716666666667	369.53	640	360	30.0	8	a606e82f7b0d97f4705fae2f80f4180f	df2a6e4cf72728042c79db8e27944ca2	640	360	2160.0	62.0	176.0	3312.0	False	False	0.9197423666666666	0.9695650166666667
shields_640x360_60f	shields_640x360_60f	libaom	libaom_20210423_faa02f0_enc-mode0	60	20	0	1659953.0	1659.953	41.70883333333334	44.451833333333326	45.984000000000016	41.574851	44.425483	45.903871	99.46464323333333	1197878.0	19.96463333333333	1196.88	640	360	50.0	8	6e9f82c6347b35ac0eff9d9e27bab043	47bd0ee6d8619fe182e4be2597183a45	640	360	2738.0	51.0	279.0	5317.0	False	False	0.9836587	0.9980264666666667
shields_640x360_60f	shields_640x360_60f	libaom	libaom_20210423_faa02f0_enc-mode0	60	32	0	944153.0	944.153	39.65650000000001	42.55249999999999	44.18500000000001	39.458146000000006	42.499512	44.06189200000001	99.441226	986708.0	16.445133333333334	984.3	640	360	50.0	8	63346bb7055ffeaafba068bbcbe46ef0	2ad57cd05937e8da8f53bede3c919b61	640	360	2827.0	62.0	309.0	5544.0	False	False	0.9768211666666666	0.9969933833333333
shields_640x360_60f	shields_640x360_60f	libaom	libaom_20210423_faa02f0_enc-mode0	60	43	0	576193.0	576.193	37.467833333333346	40.636	42.446499999999986	37.19523	40.534587	42.269381	99.36438369999999	615750.0	10.2625	615.23	640	360	50.0	8	3c62b4338468254f5f80096b44a0cbdc	4e384df754f4144021b75743618380f1	640	360	3053.0	61.0	208.0	5109.0	False	False	0.9658805666666667	0.9951741666666667
shields_640x360_60f	shields_640x360_60f	libaom	libaom_20210423_faa02f0_enc-mode0	60	55	0	334560.0	334.56	34.47783333333333	38.075166666666654	40.12450000000002	34.123663	37.902088	39.874788	96.07627561666665	453482.0	7.558033333333333	452.9	640	360	50.0	8	83b8d6890b50d7e6686691eb61b8ad52	073eafe116145d87dbc4c868ddaaa92d	640	360	3090.0	57.0	189.0	5378.0	False	False	0.9413964166666667	0.9903561
shields_640x360_60f	shields_640x360_60f	libaom	libaom_20210423_faa02f0_enc-mode0	60	63	0	194313.0	194.313	31.16933333333333	35.83583333333334	37.685500000000005	30.675815	35.593856	37.41233	85.82803701666666	362425.0	6.040416666666666	353.38	640	360	50.0	8	dc5c8c3cc8367e66e87c69b2201cd465	edc80165840c605c98258cb2fa0a6ef8	640	360	3170.0	57.0	159.0	5518.0	False	False	0.8883335166666665	0.9768085166666665
KristenAndSara_1280x720_60f	KristenAndSara_1280x720_60f	libaom	libaom_20210423_faa02f0_enc-mode0	60	20	0	2662040.0	2662.04	44.35133333333331	49.075500000000005	50.00066666666668	44.343793	49.070182	49.996763	96.7964128	4121052.0	68.6842	4073.71	1280	720	60.0	8	27f62e8d1427f8a891bef90d3f96290d	f69a334bdca2bd717c7eacf5d45acb21	1280	720	6961.0	141.0	737.0	19514.0	False	False	0.9959019333333333	0.9953316833333333
KristenAndSara_1280x720_60f	KristenAndSara_1280x720_60f	libaom	libaom_20210423_faa02f0_enc-mode0	60	32	0	1364248.0	1364.248	43.55816666666667	48.61966666666665	49.52433333333334	43.549832	48.614679	49.520868	96.14928783333332	2184727.0	36.41211666666667	2169.49	1280	720	60.0	8	f232ef7a03e1e54f08b661738362f651	c2bdd97beb70417e158cf0bc79d8fd2a	1280	720	7413.0	118.0	474.0	17395.0	False	False	0.99486285	0.9944251333333334
KristenAndSara_1280x720_60f	KristenAndSara_1280x720_60f	libaom	libaom_20210423_faa02f0_enc-mode0	60	43	0	774240.0	774.24	42.50050000000001	47.77266666666669	48.65633333333335	42.487267	47.768225	48.652813	94.90556346666666	1195346.0	19.922433333333334	1193.39	1280	720	60.0	8	fed6f59b0526598f4e50c0c3b8daf5f0	28f9ac1fb1ff76a4d6c4b0de2fd8e755	1280	720	6212.0	123.0	396.0	10793.0	False	False	0.9931808166666668	0.9929936166666667
KristenAndSara_1280x720_60f	KristenAndSara_1280x720_60f	libaom	libaom_20210423_faa02f0_enc-mode0	60	55	0	414120.0	414.12	40.6935	46.073166666666665	47.06283333333332	40.678769	46.069602	47.060196	91.84834478333333	641035.0	10.683916666666667	639.3	1280	720	60.0	8	7c64f4bf7eec5eaf2b9e21a99bbaeb1f	cbe5af019eb52fccca55dd60748366d2	1280	720	5527.0	143.0	346.0	13478.0	False	False	0.98956495	0.9899516666666667
KristenAndSara_1280x720_60f	KristenAndSara_1280x720_60f	libaom	libaom_20210423_faa02f0_enc-mode0	60	63	0	205216.0	205.216	37.71583333333332	43.20850000000001	44.289166666666674	37.709402	43.205223	44.28545900000001	84.57471601666666	513148.0	8.552466666666668	509.8	1280	720	60.0	8	66ab3436cb249b0ae1025fff717f1204	978ae45cda9f1435f8c09b3be21fe473	1280	720	6761.0	128.0	366.0	18559.0	False	False	0.98002095	0.9822114333333334
STARCRAFT_60f_420	STARCRAFT_60f_420	libaom	libaom_20210423_faa02f0_enc-mode0	60	20	0	7481352.0	7481.352	50.216333333333324	53.46649999999999	53.50100000000001	50.19860099999999	53.450631	53.490816	97.55154458333331	1433731.0	23.895516666666666	1426.68	1920	1080	60.0	8	1909e180d49ebce409f7debac63062a2	f87f1b5565023b9ec8cd0c5b1cf33cb0	1920	1080	14718.0	242.0	1010.0	26468.0	False	False	0.9996278833333333	0.9992880000000002
STARCRAFT_60f_420	STARCRAFT_60f_420	libaom	libaom_20210423_faa02f0_enc-mode0	60	32	0	4686008.0	4686.008	47.59366666666667	51.6455	51.74433333333334	47.562442	51.6141	51.729507	96.96682065	1493229.0	24.88715	1485.95	1920	1080	60.0	8	19fa52b08b8378eaeb3b90728628de48	108927a8def5de6ca0ab46897c9a24bd	1920	1080	14189.0	298.0	945.0	25373.0	False	False	0.9993153833333336	0.9987597666666665
STARCRAFT_60f_420	STARCRAFT_60f_420	libaom	libaom_20210423_faa02f0_enc-mode0	60	43	0	2789848.0	2789.848	44.43699999999999	49.33333333333333	49.54083333333334	44.400375000000004	49.298241	49.529926	95.84127586666665	1643418.0	27.3903	1619.63	1920	1080	60.0	8	07d264f2b7abdd77b6376631cab366e1	7144c99a72c8394c76e66da26a0bd540	1920	1080	11894.0	268.0	1046.0	25809.0	False	False	0.9985195166666666	0.9974588333333333
STARCRAFT_60f_420	STARCRAFT_60f_420	libaom	libaom_20210423_faa02f0_enc-mode0	60	55	0	1405064.0	1405.064	40.42100000000001	46.04283333333334	46.29966666666667	40.400024	46.026500000000006	46.292678	92.52797841666666	1293194.0	21.553233333333335	1288.77	1920	1080	60.0	8	862293595088a6672cb7ddd347ffe895	d8c64ed5bb6fd451f128c459a55cd95a	1920	1080	15501.0	245.0	803.0	24099.0	False	False	0.9955712333333333	0.9931706833333334
STARCRAFT_60f_420	STARCRAFT_60f_420	libaom	libaom_20210423_faa02f0_enc-mode0	60	63	0	573872.0	573.872	35.53883333333333	42.16950000000002	42.352833333333336	35.533146	42.162335	42.349763	82.98538391666666	1168303.0	19.471716666666666	1163.21	1920	1080	60.0	8	d9bec3f25d3ec3876ddfaaed31dc18a3	4dd551233103e7cc3bc1468666bfa160	1920	1080	13834.0	239.0	782.0	39173.0	False	False	0.9841725333333332	0.9788648500000001
gipsrestat720p_60f	gipsrestat720p_60f	libaom	libaom_20210423_faa02f0_enc-mode0	60	20	0	2644626.0	2644.6259999999997	44.46900000000001	47.440333333333335	49.09949999999999	44.450937	47.432353	49.092677	96.59118063333335	3470270.0	57.837833333333336	3453.79	1280	720	50.0	8	d9dcc776b05b134abdf1a3ebd43bf855	552aa648dd62f1b5a106e6c61bd31846	1280	720	7244.0	122.0	692.0	18783.0	False	False	0.9974225499999998	0.9967693333333333
gipsrestat720p_60f	gipsrestat720p_60f	libaom	libaom_20210423_faa02f0_enc-mode0	60	32	0	1334046.0	1334.046	43.363499999999995	47.07933333333333	48.61550000000002	43.330987	47.074097	48.60977	95.68042581666667	1936702.0	32.27836666666666	1930.55	1280	720	50.0	8	15e76004879721e73ea37ac95ea5eea4	d6cbb64bc6a8e992794bd3b85ca515c4	1280	720	7350.0	125.0	461.0	17468.0	False	False	0.9966618666666666	0.9960548166666668
gipsrestat720p_60f	gipsrestat720p_60f	libaom	libaom_20210423_faa02f0_enc-mode0	60	43	0	787813.0	787.813	42.08266666666667	46.45433333333335	47.837666666666685	42.02824	46.449432	47.832498	94.1871278	1015604.0	16.926733333333335	1013.06	1280	720	50.0	8	94303dd8dd2a3d2d74aa2d048d040810	dd44425969b1cb061004cb348878db06	1280	720	6794.0	121.0	377.0	17381.0	False	False	0.9953778500000001	0.9948835
gipsrestat720p_60f	gipsrestat720p_60f	libaom	libaom_20210423_faa02f0_enc-mode0	60	55	0	422786.0	422.786	40.0005	44.95816666666666	46.05233333333334	39.953301	44.954708	46.048305	91.27617338333334	701642.0	11.694033333333334	697.87	1280	720	50.0	8	2074d4c4b7304926b30400896d41e42a	fcc5ff2c9ab5dde8ce13474f33389d08	1280	720	8558.0	135.0	418.0	19081.0	False	False	0.9921325666666666	0.9919602333333334
gipsrestat720p_60f	gipsrestat720p_60f	libaom	libaom_20210423_faa02f0_enc-mode0	60	63	0	198506.0	198.506	36.37500000000001	42.00549999999999	42.7791666666667	36.356036	42.004783	42.776616	82.64542665000002	675623.0	11.260383333333333	669.83	1280	720	50.0	8	e93e5938eef2a0e67ee2db4836b9e59b	d962604a1c164ca3e1917e71abaf74f4	1280	720	7106.0	175.0	468.0	19813.0	False	False	0.9810492833333332	0.9823965833333334
DinnerScene_1920x1080_2997_10b	DinnerScene_1920x1080_2997_10b	libaom	libaom_20210423_faa02f0_enc-mode0	60	20	0	703365.0	703.365	41.782999999999994	42.40316666666668	47.58083333333332	41.781611	42.399364	47.580035	91.13917906666666	16441238.0	274.0206333333333	16401.72	1920	1080	29.97	10	68c9a3a60f505d50f018d0eb411dbda8	7887554b0cc83cfa51dadd0f22998dac	1920	1080	22403.0	511.0	1992.0	24361.0	False	False	0.99406995	0.9881808499999999
DinnerScene_1920x1080_2997_10b	DinnerScene_1920x1080_2997_10b	libaom	libaom_20210423_faa02f0_enc-mode0	60	32	0	258251.0	258.251	41.64083333333336	42.303499999999985	47.444166666666646	41.640561	42.303136	47.444193	89.68777430000002	13902569.0	231.70948333333334	13815.16	1920	1080	29.97	10	340a942040a70be61e7a7c02fb8600d1	c28c79d391ac4e2cd826d0635be650ab	1920	1080	21429.0	523.0	1704.0	25208.0	False	False	0.9935295666666666	0.9876263166666666
DinnerScene_1920x1080_2997_10b	DinnerScene_1920x1080_2997_10b	libaom	libaom_20210423_faa02f0_enc-mode0	60	43	0	148940.0	148.94	41.42250000000001	42.23383333333334	47.255999999999965	41.421919	42.233083	47.255959	86.90864066666667	7761534.0	129.3589	7750.37	1920	1080	29.97	10	e3eff346566d0bb5f604f36e480c9b52	d3baa5deaf9fb88f2f6ad4c6860fcc59	1920	1080	25901.0	480.0	1407.0	38906.0	False	False	0.9927401333333333	0.9868385666666668
DinnerScene_1920x1080_2997_10b	DinnerScene_1920x1080_2997_10b	libaom	libaom_20210423_faa02f0_enc-mode0	60	55	0	87159.0	87.159	40.98583333333335	42.10133333333332	46.876500000000036	40.98379	42.100672	46.876158	81.94726068333335	3714949.0	61.915816666666665	3703.0	1920	1080	29.97	10	b14a02f813052e3127ad4a2d3cf1aa36	0d0053f7a65eb6ab65b38e35f75283e0	1920	1080	24356.0	492.0	1383.0	39549.0	False	False	0.9909052666666668	0.9851175833333335
DinnerScene_1920x1080_2997_10b	DinnerScene_1920x1080_2997_10b	libaom	libaom_20210423_faa02f0_enc-mode0	60	63	0	51986.0	51.986	40.104	41.68666666666665	46.159166666666664	40.098319	41.686309	46.157695	71.36946021666667	1665180.0	27.753	1643.52	1920	1080	29.97	10	f29bfc1be0cda1fe6d0592ef94389358	d65bc80a32c66fb5659e4c0a123d42a7	1920	1080	25466.0	702.0	2217.0	28463.0	False	False	0.9863749833333333	0.9811006999999999
Netflix_RollerCoaster_1280x720_6	Netflix_RollerCoaster_1280x720_6	libaom	libaom_20210423_faa02f0_enc-mode0	60	20	0	6035744.0	6035.744	44.13016666666668	46.0975	46.17816666666666	44.110582	46.091826	46.174165	99.89539413333334	4372221.0	72.87035	4349.48	1280	720	60.0	8	5d366859b066b099675a384e96c61ac7	51073c98ea622391bfc5bd8e48b6ad9b	1280	720	7014.0	120.0	1209.0	17432.0	False	False	0.99765865	0.9972516666666666
Netflix_RollerCoaster_1280x720_6	Netflix_RollerCoaster_1280x720_6	libaom	libaom_20210423_faa02f0_enc-mode0	60	32	0	3108376.0	3108.3759999999997	41.78383333333334	44.16949999999999	44.646	41.756639	44.15783	44.639644	99.74597250000001	2885313.0	48.08855	2878.05	1280	720	60.0	8	a8631ba9fb6c2bc286e8a4b4a8a84d19	fd9d4ea343545a2a7083c0ee4b8faa0d	1280	720	7105.0	145.0	994.0	17914.0	False	False	0.9957445333333335	0.9952324333333333
Netflix_RollerCoaster_1280x720_6	Netflix_RollerCoaster_1280x720_6	libaom	libaom_20210423_faa02f0_enc-mode0	60	43	0	1722912.0	1722.912	39.50583333333335	42.374	43.23366666666667	39.46670099999999	42.351705	43.22326	96.08301809999998	2073882.0	34.5647	2067.85	1280	720	60.0	8	590abb26ea29ff531416fbd454aa0ef4	cc02fa5b503be322d20b499987279d2a	1280	720	7369.0	143.0	888.0	18002.0	False	False	0.9921850999999999	0.9917240333333334
Netflix_RollerCoaster_1280x720_6	Netflix_RollerCoaster_1280x720_6	libaom	libaom_20210423_faa02f0_enc-mode0	60	55	0	915664.0	915.664	36.78449999999998	40.05016666666666	41.51450000000001	36.747052000000004	40.012312	41.500632	87.86236821666665	1695409.0	28.256816666666666	1685.04	1280	720	60.0	8	469889aebaa949aa33625a0a11268380	388ce968b000e23263f2811c04994a7a	1280	720	5866.0	140.0	771.0	11675.0	False	False	0.9835304333333335	0.9837121500000001
Netflix_RollerCoaster_1280x720_6	Netflix_RollerCoaster_1280x720_6	libaom	libaom_20210423_faa02f0_enc-mode0	60	63	0	478296.0	478.296	33.74583333333332	37.65149999999999	39.68933333333334	33.690779	37.613302	39.673346	72.32218228333335	1144746.0	19.0791	1143.32	1280	720	60.0	8	7226846d036c4ec093f712f4787b33c2	6602d0e8f1935b6cbe7257945a597647	1280	720	7286.0	128.0	587.0	18068.0	False	False	0.9634235666666666	0.9667964333333334
vidyo4_720p_60fps_60f	vidyo4_720p_60fps_60f	libaom	libaom_20210423_faa02f0_enc-mode0	60	20	0	3721536.0	3721.536	43.75033333333332	49.955999999999996	50.31733333333333	43.689769	49.944046	50.308017	97.29210311666664	4376435.0	72.94058333333334	4370.41	1280	720	60.0	8	970532395cb690858805c5c789bdc15a	cf740872e212b842c8b5f515b8763def	1280	720	6450.0	117.0	723.0	17771.0	False	False	0.9962418666666668	0.9953633333333335
vidyo4_720p_60fps_60f	vidyo4_720p_60fps_60f	libaom	libaom_20210423_faa02f0_enc-mode0	60	32	0	1718432.0	1718.432	42.757499999999986	49.4915	49.87983333333334	42.692721	49.475832	49.869094	96.2301612833333	2123457.0	35.39095	2118.61	1280	720	60.0	8	b735dc61c9d7be5a018a19173a672b5f	38e8c6b3839b8ff23dc5bc26a6616d51	1280	720	6450.0	119.0	534.0	17119.0	False	False	0.9949169166666667	0.9940802166666667
vidyo4_720p_60fps_60f	vidyo4_720p_60fps_60f	libaom	libaom_20210423_faa02f0_enc-mode0	60	43	0	937976.0	937.976	41.62866666666666	48.75700000000001	49.142999999999994	41.553622	48.738305	49.129664	94.45415203333332	1591801.0	26.53001666666667	1572.39	1280	720	60.0	8	871d0ff19054a334d26f2b2cbae0701b	90234225b5331ea407cf71fa9def7a30	1280	720	9906.0	126.0	501.0	11234.0	False	False	0.9926018833333333	0.9920239833333333
vidyo4_720p_60fps_60f	vidyo4_720p_60fps_60f	libaom	libaom_20210423_faa02f0_enc-mode0	60	55	0	489544.0	489.544	39.83816666666667	47.40116666666667	47.74866666666667	39.76085	47.387215	47.74007100000001	90.57760431666665	875243.0	14.587383333333333	870.1	1280	720	60.0	8	b58ae82a3da3923b36c43b0e5554f29a	6c66643147d54e89206a3fa372c6a4c9	1280	720	6536.0	192.0	782.0	18124.0	False	False	0.9868131333333332	0.9872900333333334
vidyo4_720p_60fps_60f	vidyo4_720p_60fps_60f	libaom	libaom_20210423_faa02f0_enc-mode0	60	63	0	233856.0	233.85600000000002	36.93633333333334	44.8	44.91066666666666	36.878526	44.789007	44.900164	81.35890305	616196.0	10.269933333333332	613.66	1280	720	60.0	8	fb64b14a7936c44c589ef037990001e4	9fd2b7c30c85939cfc6b762ca0a9b33d	1280	720	6597.0	116.0	357.0	17957.0	False	False	0.97104605	0.9750502333333333
Netflix_PierSeaside_1920x1080_60	Netflix_PierSeaside_1920x1080_60	libaom	libaom_20210423_faa02f0_enc-mode0	60	20	0	5791112.0	5791.112	45.12699999999998	47.33799999999999	45.43233333333334	45.098457	47.327301	45.418544	99.90598266666666	5509501.0	91.82501666666667	5482.88	1920	1080	60.0	8	f24223670e7852207345bb2b56e45a34	5308a01c85cd4d6af58f863ae38f186e	1920	1080	13294.0	247.0	1402.0	38953.0	False	False	0.9984376666666667	0.9970274833333334
Netflix_PierSeaside_1920x1080_60	Netflix_PierSeaside_1920x1080_60	libaom	libaom_20210423_faa02f0_enc-mode0	60	32	0	2880088.0	2880.088	43.56483333333334	46.46200000000001	44.80783333333334	43.527698	46.455456	44.800699	99.49272816666665	4737207.0	78.95345	4724.36	1920	1080	60.0	8	75b8b9ea8f533722086debb6eb3689c8	58dec13b72aa99125f3d7390e20e102f	1920	1080	13501.0	227.0	1259.0	38702.0	False	False	0.9974813000000001	0.9955375166666667
Netflix_PierSeaside_1920x1080_60	Netflix_PierSeaside_1920x1080_60	libaom	libaom_20210423_faa02f0_enc-mode0	60	43	0	1474632.0	1474.632	41.72066666666667	45.23133333333335	43.88900000000001	41.675958	45.227475	43.884192	97.5656456666667	3497334.0	58.2889	3466.86	1920	1080	60.0	8	7b60311f774d6d70982c359f35dd6428	086b0afc39af1a9d614e8467b3c49f7d	1920	1080	13528.0	268.0	1152.0	40978.0	False	False	0.99572945	0.9930132666666667
Netflix_PierSeaside_1920x1080_60	Netflix_PierSeaside_1920x1080_60	libaom	libaom_20210423_faa02f0_enc-mode0	60	55	0	716032.0	716.032	39.396	43.31749999999999	42.494166666666665	39.35895	43.315375	42.49155600000001	92.81612748333332	1768180.0	29.469666666666665	1765.55	1920	1080	60.0	8	33c677c1029d5239f067bd6c4814d11b	b5053fbe7a723ea82b0ba5b581edd4f0	1920	1080	13434.0	231.0	891.0	23258.0	False	False	0.9919880166666667	0.98820015
Netflix_PierSeaside_1920x1080_60	Netflix_PierSeaside_1920x1080_60	libaom	libaom_20210423_faa02f0_enc-mode0	60	63	0	380768.0	380.768	36.7385	41.00333333333334	40.58766666666668	36.718781	40.98814	40.57796799999999	83.96554425	1810029.0	30.16715	1775.81	1920	1080	60.0	8	5d20ab92458ec8c980c7cf2592aa6b20	233b307ffbf74611f86678624924aadb	1920	1080	11173.0	346.0	1128.0	43659.0	False	False	0.9850435999999999	0.97999375
dark720p_60f	dark720p_60f	libaom	libaom_20210423_faa02f0_enc-mode0	60	20	0	4408316.0	4408.316	44.568333333333335	41.826333333333324	43.6825	44.383094	41.685706	43.592369	94.89739593333334	4869425.0	81.15708333333333	4831.74	1280	720	30.0	8	346d0154196b0c5a1fe56dadd4405289	21156555324c236410d9c1baeec4495e	1280	720	6634.0	171.0	2033.0	21156.0	False	False	0.9925120666666667	0.99368995
dark720p_60f	dark720p_60f	libaom	libaom_20210423_faa02f0_enc-mode0	60	32	0	929124.0	929.124	43.00033333333333	38.15533333333334	41.47116666666666	42.909545	38.092675	41.459141	92.51430905	2638998.0	43.9833	2636.32	1280	720	30.0	8	a200b8b6ea153ba54d35aed38a4e2039	0b08538f6e417f85a16c7fd1228e56f2	1280	720	6192.0	116.0	702.0	10808.0	False	False	0.9908649500000002	0.9923726666666666
dark720p_60f	dark720p_60f	libaom	libaom_20210423_faa02f0_enc-mode0	60	43	0	265164.0	265.164	42.202166666666656	36.99516666666668	40.898666666666685	42.138095	36.993749	40.895123	90.80259769999999	2023288.0	33.721466666666664	2012.83	1280	720	30.0	8	344b91b7f7f3ea759c109d881efa7199	04beef5b1fe6244826c23d0e7f401463	1280	720	6201.0	174.0	832.0	11091.0	False	False	0.98946905	0.99129885
dark720p_60f	dark720p_60f	libaom	libaom_20210423_faa02f0_enc-mode0	60	55	0	133800.0	133.8	41.16333333333334	36.54366666666666	40.23883333333333	41.118306	36.542368	40.234679	87.41957478333333	1154991.0	19.24985	1137.7	1280	720	30.0	8	6071dca122ffddbf9dd71309f883aef8	1619b743bbd6fb6cd8e2928d20cbf0b6	1280	720	6311.0	196.0	708.0	17885.0	False	False	0.9866680833333332	0.9891861833333333
dark720p_60f	dark720p_60f	libaom	libaom_20210423_faa02f0_enc-mode0	60	63	0	72620.0	72.62000000000002	39.30383333333332	35.66466666666667	39.0175	39.269431000000004	35.66239699999999	39.008566	81.14038436666667	533613.0	8.89355	531.47	1280	720	30.0	8	2a65e24b7751b885d2780f9516aa1dc7	720bc8cac8ec5dd940e805f0472e6b90	1280	720	6137.0	136.0	379.0	11142.0	False	False	0.9804517333333335	0.9843740999999999
speed_bag_640x360_60f	speed_bag_640x360_60f	libaom	libaom_20210423_faa02f0_enc-mode0	60	20	0	391250.0	391.25	46.36150000000001	49.37216666666666	50.872666666666674	46.294654	49.326443	50.821325	98.09381118333334	569557.0	9.492616666666667	569.31	640	360	29.97	8	fc63e0b39b8f80905fe64a8ea00995c0	75969849a3eae9c416bd59698df91d40	640	360	1386.0	45.0	205.0	5341.0	False	False	0.9883695	0.9973187666666667
speed_bag_640x360_60f	speed_bag_640x360_60f	libaom	libaom_20210423_faa02f0_enc-mode0	60	32	0	222835.0	222.835	44.474999999999994	47.788666666666664	49.542999999999985	44.364559	47.725216	49.460747	96.92592496666667	378093.0	6.30155	377.83	640	360	29.97	8	7c2f44b7c912ea1d501a94836a933279	693f145cf9ddc5162aa06429788c942f	640	360	1700.0	49.0	179.0	5093.0	False	False	0.9850138333333333	0.9958585999999999
speed_bag_640x360_60f	speed_bag_640x360_60f	libaom	libaom_20210423_faa02f0_enc-mode0	60	43	0	129832.0	129.832	42.41	45.98533333333334	47.947166666666675	42.220673	45.879338	47.802397	94.08306946666667	297064.0	4.951066666666667	296.14	640	360	29.97	8	f485ef5f3759dd64147d71557c6a134a	30fffa81dee42bd1a1046f221894189d	640	360	1920.0	67.0	208.0	5719.0	False	False	0.9805112166666666	0.99345465
speed_bag_640x360_60f	speed_bag_640x360_60f	libaom	libaom_20210423_faa02f0_enc-mode0	60	55	0	74117.0	74.117	39.69983333333333	43.89866666666667	46.33816666666668	39.423459	43.783119000000006	46.146507	86.45750916666665	182761.0	3.0460166666666666	180.46	640	360	29.97	8	ab88597ac98c24082dea3ad14af229dd	4b4e91bb65c22bb004c5078b2f07b057	640	360	1833.0	58.0	158.0	5652.0	False	False	0.9725219500000001	0.9883453000000001
speed_bag_640x360_60f	speed_bag_640x360_60f	libaom	libaom_20210423_faa02f0_enc-mode0	60	63	0	44768.0	44.768	36.771833333333326	41.54600000000001	44.168	36.35554	41.369807	43.84214	74.50933421666666	107787.0	1.79645	107.61	640	360	29.97	8	ff78d5e5beee429ef469bf682e74cfb4	e31ea378732660c1ff086d8a1c59dda1	640	360	1713.0	44.0	99.0	5170.0	False	False	0.9606364666666667	0.97837035
RollerCoastPas_1920x1080_2997_10	RollerCoastPas_1920x1080_2997_10	libaom	libaom_20210423_faa02f0_enc-mode0	60	20	0	3041864.0	3041.864	45.289	45.47233333333336	43.87666666666667	45.286888	45.471755	43.874156	97.13645636666666	6965628.0	116.0938	6905.49	1920	1080	29.97	10	4ef73988481bb39b28d46ca625be2e33	375e51e925baa407a8deffcb78e26f73	1920	1080	25893.0	469.0	1570.0	39491.0	False	False	0.9987446666666667	0.9971226166666668
RollerCoastPas_1920x1080_2997_10	RollerCoastPas_1920x1080_2997_10	libaom	libaom_20210423_faa02f0_enc-mode0	60	32	0	1600379.0	1600.379	44.41449999999999	44.98966666666669	43.4083333333333	44.412726	44.989465	43.406828	96.58868933333333	5466637.0	91.11061666666667	5435.17	1920	1080	29.97	10	6836fce296b2b80ef02af578fed3b2ff	0fc36cd5401d375862b60e2b176ae118	1920	1080	25526.0	470.0	1346.0	38911.0	False	False	0.9983815333333333	0.9965134833333333
RollerCoastPas_1920x1080_2997_10	RollerCoastPas_1920x1080_2997_10	libaom	libaom_20210423_faa02f0_enc-mode0	60	43	0	938206.0	938.206	43.08483333333334	44.22000000000002	42.75316666666668	43.082023	44.2197	42.751871	95.39742366666665	4469607.0	74.49345	4449.69	1920	1080	29.97	10	6f184e26616abdc2e81dee06c026fbc4	0d3b589c6d408d4fa12c257fa42da893	1920	1080	23542.0	600.0	1652.0	40028.0	False	False	0.99761765	0.9953045666666667
RollerCoastPas_1920x1080_2997_10	RollerCoastPas_1920x1080_2997_10	libaom	libaom_20210423_faa02f0_enc-mode0	60	55	0	476454.0	476.454	40.7665	42.63166666666667	41.37816666666666	40.762611	42.631557	41.37803	92.53994278333333	2683673.0	44.72788333333333	2662.82	1920	1080	29.97	10	e158097e44bd84fc02290ef461b8ab56	2363d75be7bb8e2bad5d878d8b64abb2	1920	1080	21762.0	471.0	1149.0	26365.0	False	False	0.9954954166666666	0.9921947499999998
RollerCoastPas_1920x1080_2997_10	RollerCoastPas_1920x1080_2997_10	libaom	libaom_20210423_faa02f0_enc-mode0	60	63	0	216773.0	216.773	37.11849999999999	39.85233333333335	38.88933333333334	37.111782	39.849526	38.887862	84.48300866666665	2152559.0	35.87598333333333	2142.6	1920	1080	29.97	10	582e274d8347e74efeb7ae20d265400b	7d46f9dd4a37d76822007c7e60c54c84	1920	1080	25745.0	489.0	1115.0	39285.0	False	False	0.9877903833333332	0.9823653333333333
DOTA2_60f_420	DOTA2_60f_420	libaom	libaom_20210423_faa02f0_enc-mode0	60	20	0	12510384.0	12510.384	44.82050000000001	48.7095	48.86783333333332	44.772855	48.657683	48.850493	97.14874061666667	5704764.0	95.0794	5690.58	1920	1080	60.0	8	f325cea3689dd72c077d438812d357f7	2602d6722ed0d0042e542ae70869fce4	1920	1080	27113.0	263.0	1690.0	37399.0	False	False	0.9984151666666666	0.9969793000000001
DOTA2_60f_420	DOTA2_60f_420	libaom	libaom_20210423_faa02f0_enc-mode0	60	32	0	6378352.0	6378.352	42.460499999999996	46.49433333333334	46.82916666666665	42.394012	46.424843	46.806364	95.0961219	5953727.0	99.22878333333334	5936.22	1920	1080	60.0	8	d20d42a972f801750af4dbb00e669629	243e81424741fddb0302a500a7ffad1c	1920	1080	15983.0	273.0	1621.0	39693.0	False	False	0.9970418333333334	0.9945318166666667
DOTA2_60f_420	DOTA2_60f_420	libaom	libaom_20210423_faa02f0_enc-mode0	60	43	0	3359352.0	3359.352	40.11933333333333	44.313833333333314	44.741	40.038654	44.222799	44.709958	91.46931476666664	4172964.0	69.5494	4164.69	1920	1080	60.0	8	5eee3a4f8f418f6bcbec41663e78c7fe	9171fbf02fdc12cb47e819116e3dcacf	1920	1080	15909.0	242.0	1254.0	39153.0	False	False	0.9940338000000001	0.9899051666666665
DOTA2_60f_420	DOTA2_60f_420	libaom	libaom_20210423_faa02f0_enc-mode0	60	55	0	1620536.0	1620.536	37.37716666666667	41.83033333333334	42.278833333333345	37.286625	41.722254	42.251342	84.30766693333334	3236863.0	53.947716666666665	3225.96	1920	1080	60.0	8	1985f4c723c752ce038fa673679860f4	18fd05a4a49fda5a03dbbc5c3de41802	1920	1080	16159.0	250.0	1011.0	38584.0	False	False	0.9853649833333333	0.9789594499999998
DOTA2_60f_420	DOTA2_60f_420	libaom	libaom_20210423_faa02f0_enc-mode0	60	63	0	764528.0	764.528	34.339833333333324	38.87849999999999	39.27850000000001	34.250525	38.769641	39.244749	70.62514319999998	2091165.0	34.85275	2084.43	1920	1080	60.0	8	14edbf883b2d50b74deddee6e3f34cfa	1b2e005ed9328a50a5e765fd6ccd2007	1920	1080	15478.0	219.0	872.0	24140.0	False	False	0.9628994166666668	0.9558839500000001
Netflix_Aerial_1920x1080_60fps_8	Netflix_Aerial_1920x1080_60fps_8	libaom	libaom_20210423_faa02f0_enc-mode0	60	20	0	16895384.0	16895.384	42.23549999999999	45.42583333333334	45.199	42.197237	45.412591	45.191622	96.30928138333333	10825831.0	180.43051666666668	10782.72	1920	1080	60.0	8	80d1e317bd1a6eda8bb1366b0ff296de	2d8cadd0c2ce301a9078f06bc7481507	1920	1080	20985.0	293.0	2917.0	29366.0	False	False	0.99761685	0.9960863833333333
Netflix_Aerial_1920x1080_60fps_8	Netflix_Aerial_1920x1080_60fps_8	libaom	libaom_20210423_faa02f0_enc-mode0	60	32	0	9003128.0	9003.128	40.45200000000002	44.24516666666667	44.28699999999997	40.379956	44.233984	44.283491	94.2352412	8028043.0	133.80071666666666	7928.27	1920	1080	60.0	8	3eb7b0e83d263b62bd8362839314f1ba	a2c07ec84f90a2388dc7d21590801b0d	1920	1080	15806.0	238.0	1897.0	40525.0	False	False	0.9962142166666667	0.9939455000000001
Netflix_Aerial_1920x1080_60fps_8	Netflix_Aerial_1920x1080_60fps_8	libaom	libaom_20210423_faa02f0_enc-mode0	60	43	0	4795912.0	4795.912	38.280166666666666	42.76816666666669	43.22866666666666	38.19318	42.762847	43.226025	91.00319748333332	6176188.0	102.93646666666666	6161.25	1920	1080	60.0	8	c507103c39fb2227fda4090c2aa2023a	e4ea4362b8537802fb621f4674d3b0b8	1920	1080	15845.0	230.0	1382.0	38943.0	False	False	0.9935993166666666	0.9897789833333334
Netflix_Aerial_1920x1080_60fps_8	Netflix_Aerial_1920x1080_60fps_8	libaom	libaom_20210423_faa02f0_enc-mode0	60	55	0	2285264.0	2285.264	35.51283333333333	40.986666666666686	42.00283333333332	35.457217	40.980932	41.994408	84.56718573333333	4035461.0	67.25768333333333	4027.18	1920	1080	60.0	8	244726be8ce37d39ed9ae1198a0a4e91	cb620b973115f2aec596459fd43987e5	1920	1080	13957.0	229.0	1173.0	23973.0	False	False	0.9875018	0.9796172333333334
Netflix_Aerial_1920x1080_60fps_8	Netflix_Aerial_1920x1080_60fps_8	libaom	libaom_20210423_faa02f0_enc-mode0	60	63	0	941448.0	941.448	32.23316666666667	39.01716666666667	40.8345	32.194665	38.989933	40.813808	69.22563736666666	3065895.0	51.09825	3061.37	1920	1080	60.0	8	da062db9e3395365d2e9c3ff772fa480	b39ae45db6f6f970a14444047bc85700	1920	1080	17211.0	239.0	919.0	38763.0	False	False	0.9677453333333332	0.94881105
Netflix_Crosswalk_1920x1080_60fp	Netflix_Crosswalk_1920x1080_60fp	libaom	libaom_20210423_faa02f0_enc-mode0	60	20	0	6430488.0	6430.488	45.29133333333333	48.231333333333325	50.089833333333324	45.25983	48.22512199999999	50.082758	98.48615043333334	5179143.0	86.31905	5170.17	1920	1080	60.0	8	d3b63b6429c63b06cc6ae4e407ee8c04	520856dc4800446e9a48f96dfa748563	1920	1080	12293.0	230.0	1764.0	23538.0	False	False	0.99733835	0.9954146500000001
Netflix_Crosswalk_1920x1080_60fp	Netflix_Crosswalk_1920x1080_60fp	libaom	libaom_20210423_faa02f0_enc-mode0	60	32	0	3376200.0	3376.2	44.02816666666665	47.45849999999999	49.27750000000001	43.971409	47.449666	49.269369	95.02559953333333	4687663.0	78.12771666666667	4673.54	1920	1080	60.0	8	116b57f1058c1c34ab3558a85764e9b4	f5aa34b1367f6d682f6c9fec9c372c41	1920	1080	12398.0	234.0	1596.0	39004.0	False	False	0.9955952000000001	0.9935426833333334
Netflix_Crosswalk_1920x1080_60fp	Netflix_Crosswalk_1920x1080_60fp	libaom	libaom_20210423_faa02f0_enc-mode0	60	43	0	1815576.0	1815.576	42.364999999999995	46.45733333333335	48.20066666666667	42.268263	46.442313	48.186607	88.75734413333333	3326405.0	55.440083333333334	3312.53	1920	1080	60.0	8	2dc0564fc64f6127bb2bf478e3fc26e6	9bbdf959617032ab35eb3877002f195f	1920	1080	10291.0	236.0	1393.0	23996.0	False	False	0.99196005	0.9900480166666668
Netflix_Crosswalk_1920x1080_60fp	Netflix_Crosswalk_1920x1080_60fp	libaom	libaom_20210423_faa02f0_enc-mode0	60	55	0	952440.0	952.44	40.10850000000001	45.05516666666667	46.71583333333335	39.966174	45.035971	46.694046	77.61849518333334	2077606.0	34.62676666666667	2072.62	1920	1080	60.0	8	7a8e4f428f8254e5e529e11539d70712	2a313821cc1d94acb6572558f0726001	1920	1080	12146.0	271.0	1274.0	39854.0	False	False	0.9836253666666667	0.9827197666666667
Netflix_Crosswalk_1920x1080_60fp	Netflix_Crosswalk_1920x1080_60fp	libaom	libaom_20210423_faa02f0_enc-mode0	60	63	0	504104.0	504.104	37.42283333333333	43.32399999999999	44.923666666666676	37.237916	43.291782	44.89069	61.23334031666668	1527498.0	25.4583	1518.11	1920	1080	60.0	8	b7edadefd84df285ddb609347f75e164	210ee81bb56a727ce7b58c3ea84fb92d	1920	1080	9635.0	248.0	991.0	27868.0	False	False	0.9664078	0.9685595833333333
red_kayak_360p_60f	red_kayak_360p_60f	libaom	libaom_20210423_faa02f0_enc-mode0	60	20	0	8208235.0	8208.235	39.96216666666667	43.65249999999999	48.827666666666666	39.763806	43.550231000000004	48.806076	99.89604726666667	2731660.0	45.52766666666667	2729.78	640	360	29.97	8	23cfc18e83eab42fd39378a5d8643596	0c9578374a1e1a4bf5b464e2769ac0b3	640	360	3037.0	49.0	857.0	5228.0	False	False	0.9645555333333333	0.9924028833333334
red_kayak_360p_60f	red_kayak_360p_60f	libaom	libaom_20210423_faa02f0_enc-mode0	60	32	0	4517119.0	4517.119	35.28183333333334	41.20583333333334	47.84216666666667	34.946191	41.085464	47.818246	97.34204061666668	2807861.0	46.79768333333333	2806.1	640	360	29.97	8	0f79fe71ebad180bde79b31667e82b7b	a81f9a62ad044c0daf21c4686f0994ad	640	360	2648.0	53.0	703.0	5237.0	False	False	0.9224806333333334	0.9814689666666667
red_kayak_360p_60f	red_kayak_360p_60f	libaom	libaom_20210423_faa02f0_enc-mode0	60	43	0	1938317.0	1938.317	30.916166666666673	39.226333333333315	47.32133333333333	30.581796	39.133126	47.253516	80.50319266666665	2528129.0	42.13548333333333	2518.33	640	360	29.97	8	a6083b991295ac5c243ddbe283260951	21beae78a68b9a2d69d842d1792e7a9a	640	360	4098.0	57.0	468.0	5063.0	False	False	0.8408161833333333	0.9557488666666667
red_kayak_360p_60f	red_kayak_360p_60f	libaom	libaom_20210423_faa02f0_enc-mode0	60	55	0	610744.0	610.744	27.564333333333327	37.811499999999995	46.62633333333333	27.352634	37.765169	46.490736	51.81394436666666	1242871.0	20.71451666666667	1242.49	640	360	29.97	8	92d09536d34c618c0e0248fdfe9e4840	ed6489ba61b51947f0f99e80811451b4	640	360	2581.0	49.0	292.0	5134.0	False	False	0.7304824	0.90212255
red_kayak_360p_60f	red_kayak_360p_60f	libaom	libaom_20210423_faa02f0_enc-mode0	60	63	0	161237.0	161.237	25.331666666666667	36.707333333333324	44.604833333333325	25.198773	36.659692	44.500497	21.43501398333333	501232.0	8.353866666666667	500.3	640	360	29.97	8	d19246e319999b0996c8eb597b1796a6	887d5f4c117d1e31f2d87839006c9408	640	360	2610.0	51.0	193.0	5122.0	False	False	0.6463700166666667	0.8132934333333333
thaloundeskmtg360p_60f	thaloundeskmtg360p_60f	libaom	libaom_20210423_faa02f0_enc-mode0	60	20	0	699352.0	699.352	44.35399999999997	48.385	48.343166666666654	44.074627	48.271779	48.29056	96.60993723333331	734255.0	12.237583333333333	727.33	640	360	30.0	8	1c7e52205fe4e99e5c6f59b131fda9d8	fa6d75281b2d3d3fffc97a33e27f587f	640	360	2262.0	56.0	226.0	5123.0	False	False	0.9922564666666667	0.9983188333333335
thaloundeskmtg360p_60f	thaloundeskmtg360p_60f	libaom	libaom_20210423_faa02f0_enc-mode0	60	32	0	389800.0	389.8	42.822333333333326	47.16033333333332	47.153499999999994	42.439752	47.066419	47.096224	95.49578470000002	389735.0	6.495583333333333	389.04	640	360	30.0	8	df98d8823992a9facfddf9cec55dcef2	6e2bba9096a4beac39f446818857df6b	640	360	2110.0	97.0	174.0	5069.0	False	False	0.9900208166666665	0.9976085499999999
thaloundeskmtg360p_60f	thaloundeskmtg360p_60f	libaom	libaom_20210423_faa02f0_enc-mode0	60	43	0	233568.0	233.568	40.99150000000001	45.747166666666665	45.726	40.557122	45.663449	45.662243	93.3717685	299368.0	4.989466666666667	298.23	640	360	30.0	8	a1bc4d80ef8eb2143db4be5eba60c7bc	6055699233d204f199673e2d668a410f	640	360	1937.0	48.0	132.0	5491.0	False	False	0.98640135	0.9963494666666667
thaloundeskmtg360p_60f	thaloundeskmtg360p_60f	libaom	libaom_20210423_faa02f0_enc-mode0	60	55	0	132524.0	132.524	38.26216666666666	43.786166666666674	43.540833333333325	37.760566	43.690051	43.432115	89.19510933333335	195054.0	3.2509	194.68	640	360	30.0	8	c4d419b7a3e77f8ae08390b281a50a25	48644151cf922f87f67d80d5f3741613	640	360	2137.0	48.0	112.0	5279.0	False	False	0.9787329166666667	0.9934189333333333
thaloundeskmtg360p_60f	thaloundeskmtg360p_60f	libaom	libaom_20210423_faa02f0_enc-mode0	60	63	0	69456.0	69.456	34.49066666666667	40.94100000000001	40.968499999999985	33.68631	40.689366	40.727424	79.77983265000003	156044.0	2.6007333333333333	154.69	640	360	30.0	8	93df5ef890a45d91e342963a1a788994	ce4f8c4c43d6bace5cb6d7303766860f	640	360	2389.0	60.0	139.0	5783.0	False	False	0.9586898833333334	0.9848212833333334
Netflix_DrivingPOV_1280x720_60fp	Netflix_DrivingPOV_1280x720_60fp	libaom	libaom_20210423_faa02f0_enc-mode0	60	20	0	8406368.0	8406.368	42.091000000000015	45.8875	44.69766666666666	42.066192	45.87691	44.690618	99.59246629999998	5475806.0	91.26343333333334	5467.74	1280	720	60.0	8	35e4ccd066662caa050671afaffd221c	b90551ca54d520bf3cf5bf8ba593c275	1280	720	8262.0	121.0	1165.0	17623.0	False	False	0.9978418166666665	0.9971803666666667
Netflix_DrivingPOV_1280x720_60fp	Netflix_DrivingPOV_1280x720_60fp	libaom	libaom_20210423_faa02f0_enc-mode0	60	32	0	4381760.0	4381.76	39.840500000000006	44.571	43.77533333333333	39.813125	44.55706	43.768747	98.48413345	3953344.0	65.88906666666666	3935.38	1280	720	60.0	8	078b078634d5658ccd0b05d2395cb4a6	1caf3baab5cc6dd4834649a6d937e048	1280	720	8535.0	134.0	916.0	17671.0	False	False	0.9959799333333333	0.9948901666666666
Netflix_DrivingPOV_1280x720_60fp	Netflix_DrivingPOV_1280x720_60fp	libaom	libaom_20210423_faa02f0_enc-mode0	60	43	0	2445648.0	2445.648	37.71516666666668	43.26750000000001	42.907833333333336	37.677504	43.252885	42.902599	96.06815679999998	3246405.0	54.10675	3224.52	1280	720	60.0	8	5a7f1b4509d4d0399b72e199751f4baf	dffc80f435d063760d8320705459acb3	1280	720	9142.0	116.0	672.0	10791.0	False	False	0.9923499166666666	0.9911915833333335
Netflix_DrivingPOV_1280x720_60fp	Netflix_DrivingPOV_1280x720_60fp	libaom	libaom_20210423_faa02f0_enc-mode0	60	55	0	1232328.0	1232.328	35.05549999999999	41.4115	41.66616666666667	35.014479	41.401144	41.662254	90.72487325000002	2059006.0	34.316766666666666	2053.54	1280	720	60.0	8	a464344e46f724ef1992173962491fbc	ed48cbd563a8489306aef2d57991a6eb	1280	720	7302.0	119.0	553.0	17262.0	False	False	0.9864679833333331	0.9852566666666668
Netflix_DrivingPOV_1280x720_60fp	Netflix_DrivingPOV_1280x720_60fp	libaom	libaom_20210423_faa02f0_enc-mode0	60	63	0	615640.0	615.64	32.24850000000001	39.20616666666668	40.176833333333335	32.198361	39.189377	40.16195	80.80311839999999	1491336.0	24.8556	1486.03	1280	720	60.0	8	38650c73cfa31d093dca43b51dfe6028	6444faffcf1204f16040a0093fc285e8	1280	720	8722.0	153.0	703.0	18272.0	False	False	0.9759360166666667	0.9744701166666668
aspen_1080p_60f	aspen_1080p_60f	libaom	libaom_20210423_faa02f0_enc-mode0	60	20	0	4660778.0	4660.778	43.17016666666666	47.831666666666635	49.07166666666667	43.14914	47.828492	49.069309	96.61902548333333	7353147.0	122.55245	7302.32	1920	1080	29.97	8	ffd177a1a4a2380080d3f75a820934a0	956f4cf0de18cb4980cac54fe3498d81	1920	1080	12794.0	311.0	2421.0	29102.0	False	False	0.9957291833333333	0.9917659166666666
aspen_1080p_60f	aspen_1080p_60f	libaom	libaom_20210423_faa02f0_enc-mode0	60	32	0	1816057.0	1816.057	41.975500000000004	46.86816666666665	47.95783333333334	41.964825	46.864699	47.953113	93.57132731666668	5088249.0	84.80415	5071.61	1920	1080	29.97	8	651e8be2e012cdfbf4f34988f422a685	fad36b3dca26ae919fda2af474b15cfe	1920	1080	12533.0	249.0	1732.0	39229.0	False	False	0.9941942833333335	0.98980765
aspen_1080p_60f	aspen_1080p_60f	libaom	libaom_20210423_faa02f0_enc-mode0	60	43	0	882180.0	882.18	40.69316666666666	45.63983333333333	46.59449999999999	40.67697	45.635304	46.589293	88.90093049999999	3188194.0	53.13656666666667	3177.27	1920	1080	29.97	8	ebcfce8af920561a0a3661e0ea80c437	1d819bccedf191672cbbe260ec586f5f	1920	1080	11767.0	241.0	1441.0	39774.0	False	False	0.991594	0.9868807
aspen_1080p_60f	aspen_1080p_60f	libaom	libaom_20210423_faa02f0_enc-mode0	60	55	0	457063.0	457.063	38.85033333333333	44.04033333333335	44.726500000000016	38.82435	44.034353	44.717266	80.59615683333335	2092519.0	34.87531666666667	2081.07	1920	1080	29.97	8	9e695845594f35adc950f67673ce6e1e	ab794c700d15fe73581625258c18c13e	1920	1080	13694.0	244.0	1181.0	32767.0	False	False	0.9857122833333333	0.9808043666666667
aspen_1080p_60f	aspen_1080p_60f	libaom	libaom_20210423_faa02f0_enc-mode0	60	63	0	239290.0	239.29	36.32733333333332	41.981666666666676	42.61249999999999	36.27604899999999	41.969589	42.593652	66.10411975000001	1413385.0	23.556416666666667	1403.7	1920	1080	29.97	8	53e4f2434296a80182b41dec39430da0	d1b112037768940f2f48b2a2d490aa51	1920	1080	12081.0	259.0	970.0	39407.0	False	False	0.9710317833333334	0.9669036666666668
wikipedia_420	wikipedia_420	libaom	libaom_20210423_faa02f0_enc-mode0	60	20	0	1327996.0	1327.996	54.017166666666654	52.362500000000004	53.403499999999994	53.997288	52.182938	53.353028	99.82656586666667	1975560.0	32.926	1971.22	1920	1080	30.0	8	608b4f1194e3e3c656bf763be9a120aa	188f758d586dcbc764c224c974e9f918	1920	1080	11449.0	250.0	783.0	39352.0	False	False	0.9998265833333332	0.9995916833333333
wikipedia_420	wikipedia_420	libaom	libaom_20210423_faa02f0_enc-mode0	60	32	0	764728.0	764.728	50.147999999999975	50.156	51.50533333333335	50.142452	49.963832	51.456288	99.79461281666666	2760406.0	46.006766666666664	2747.92	1920	1080	30.0	8	7c0842de099de86b76aef0772b2d171f	f220e2cf35d2e573f6f310bf341160c8	1920	1080	11736.0	272.0	730.0	39083.0	False	False	0.9994677166666667	0.9989685666666667
wikipedia_420	wikipedia_420	libaom	libaom_20210423_faa02f0_enc-mode0	60	43	0	570448.0	570.448	48.03783333333334	48.428833333333344	49.87216666666666	48.03172	48.30959500000001	49.843678	99.76830991666665	2020974.0	33.6829	2013.78	1920	1080	30.0	8	2a7b86f9ae9a9bf8b451f02c8b30a0b0	324987e3ba783a2ae2415fd1747a86f0	1920	1080	8545.0	235.0	800.0	24103.0	False	False	0.9992052833333334	0.99865005
wikipedia_420	wikipedia_420	libaom	libaom_20210423_faa02f0_enc-mode0	60	55	0	467716.0	467.716	45.65916666666666	46.65916666666668	48.16833333333333	45.63294	46.609836	48.137764	99.73602308333332	1378716.0	22.9786	1376.18	1920	1080	30.0	8	0f01a00f01e6b2a9d33d832853d7602f	a1f1feaf2c889a7a04ddb2efb1572ebd	1920	1080	11496.0	270.0	840.0	40723.0	False	False	0.9989664499999998	0.99836555
wikipedia_420	wikipedia_420	libaom	libaom_20210423_faa02f0_enc-mode0	60	63	0	373732.0	373.732	42.39466666666665	45.069833333333335	46.46933333333335	42.311474	45.037417	46.409726	99.42844139999998	1216233.0	20.27055	1211.53	1920	1080	30.0	8	0277470bdc5431da963853343235eddf	cf97ad6556c6cfd21def21c94051697b	1920	1080	8993.0	227.0	734.0	24016.0	False	False	0.9982938166666667	0.9975614666666667
Netflix_Boat_1920x1080_60fps_8bi	Netflix_Boat_1920x1080_60fps_8bi	libaom	libaom_20210423_faa02f0_enc-mode0	60	20	0	22327784.0	22327.784	42.835666666666675	45.29400000000001	46.69233333333334	42.817785	45.282132	46.687354	99.88420731666666	8211409.0	136.85681666666667	8168.82	1920	1080	60.0	8	eaa338b74e3df31616eff336a5baa3f9	83f3301613314e66d01852ea508803d7	1920	1080	18194.0	235.0	2729.0	39179.0	False	False	0.9993369833333333	0.99848115
Netflix_Boat_1920x1080_60fps_8bi	Netflix_Boat_1920x1080_60fps_8bi	libaom	libaom_20210423_faa02f0_enc-mode0	60	32	0	12811192.0	12811.192	40.25050000000001	43.572666666666656	44.55166666666667	40.225916	43.559481	44.548359	99.18026653333337	8855692.0	147.59486666666666	8775.31	1920	1080	60.0	8	d347f3eb500c7368da416c3b471f73e2	bb52b25dc621e7184f3505b9a4cc097c	1920	1080	18981.0	254.0	2437.0	41745.0	False	False	0.998732	0.9971955833333334
Netflix_Boat_1920x1080_60fps_8bi	Netflix_Boat_1920x1080_60fps_8bi	libaom	libaom_20210423_faa02f0_enc-mode0	60	43	0	7522832.0	7522.832	37.48983333333334	42.150833333333345	42.87250000000001	37.446666	42.134582	42.869878	95.14164501666667	6847867.0	114.13111666666667	6838.23	1920	1080	60.0	8	f022082809f8a2c631c1e98da9c26d84	32e13319d462dafd7661f7c909ef6025	1920	1080	17902.0	246.0	1640.0	38678.0	False	False	0.99738345	0.99448005
Netflix_Boat_1920x1080_60fps_8bi	Netflix_Boat_1920x1080_60fps_8bi	libaom	libaom_20210423_faa02f0_enc-mode0	60	55	0	4145848.0	4145.848	34.29233333333333	40.52266666666667	41.07999999999999	34.240512	40.505097	41.076938	87.43987135	5591947.0	93.19911666666667	5582.2	1920	1080	60.0	8	61a6fc5c3ae99cde4f2f34c817b69f07	338a4f39c2fc2ebfcee152de0650f6db	1920	1080	18617.0	249.0	1431.0	40531.0	False	False	0.9935595500000001	0.9875036500000002
Netflix_Boat_1920x1080_60fps_8bi	Netflix_Boat_1920x1080_60fps_8bi	libaom	libaom_20210423_faa02f0_enc-mode0	60	63	0	2193696.0	2193.6960000000004	31.16033333333332	38.62766666666666	39.180166666666665	31.094893	38.624039	39.157441	75.20078264999998	3914159.0	65.23598333333334	3904.29	1920	1080	60.0	8	524b73cf13a573b5312e69a4b8113415	ceb5d814af1ff9097410e08e388f9444	1920	1080	17802.0	244.0	1097.0	39184.0	False	False	0.9836057666666667	0.97136005
Netflix_FoodMarket_1920x1080_60f	Netflix_FoodMarket_1920x1080_60f	libaom	libaom_20210423_faa02f0_enc-mode0	60	20	0	12630392.0	12630.392	40.49966666666667	44.59400000000001	45.42516666666667	40.489656	44.591285	45.424175	98.04248523333334	13490911.0	224.84851666666665	13466.79	1920	1080	60.0	8	5aa0d64e89bd238e8168b96efaa52a0f	188462f25e002f4a9055e7f798f04e82	1920	1080	15856.0	247.0	2509.0	38614.0	False	False	0.9940234333333333	0.9879870166666667
Netflix_FoodMarket_1920x1080_60f	Netflix_FoodMarket_1920x1080_60f	libaom	libaom_20210423_faa02f0_enc-mode0	60	32	0	5713144.0	5713.144	39.529666666666664	43.79733333333335	44.79216666666665	39.523501	43.79436	44.790957	95.34057154999999	9315545.0	155.25908333333334	9270.38	1920	1080	60.0	8	81bee42b9d73a82383f56e5677471243	39fc6185589ddf6148f579bb0a061e7c	1920	1080	16246.0	282.0	2238.0	41273.0	False	False	0.99160425	0.9845649000000001
Netflix_FoodMarket_1920x1080_60f	Netflix_FoodMarket_1920x1080_60f	libaom	libaom_20210423_faa02f0_enc-mode0	60	43	0	2975472.0	2975.472	38.269000000000005	42.95166666666668	44.05666666666666	38.258492	42.946254	44.053439	90.22761446666667	5693893.0	94.89821666666667	5679.87	1920	1080	60.0	8	fc25ff75b0bbd0338cc584dd3c843e3c	cc36241b84b0d1d9ae0e71cda3ce9ef5	1920	1080	16572.0	237.0	1442.0	38579.0	False	False	0.9867980000000001	0.9785846666666665
Netflix_FoodMarket_1920x1080_60f	Netflix_FoodMarket_1920x1080_60f	libaom	libaom_20210423_faa02f0_enc-mode0	60	55	0	1491992.0	1491.992	36.46100000000001	41.821000000000005	42.95366666666667	36.44289	41.812912	42.943272	80.19897838333334	3671008.0	61.18346666666667	3652.36	1920	1080	60.0	8	7a3f4054d9cffdb7b78c081a35643d19	2e77a547fedd39e39751c335f32c9101	1920	1080	16716.0	241.0	1220.0	39121.0	False	False	0.9746117999999999	0.9653696166666667
Netflix_FoodMarket_1920x1080_60f	Netflix_FoodMarket_1920x1080_60f	libaom	libaom_20210423_faa02f0_enc-mode0	60	63	0	725640.0	725.64	34.228000000000016	40.54533333333333	41.50916666666667	34.19164	40.52927	41.460633	64.72542636666667	2020208.0	33.67013333333333	2014.94	1920	1080	60.0	8	2b1339f3f1323305b81996ed66fbbf4a	f83348d51fbb6bedac578a521553e2ff	1920	1080	15838.0	228.0	928.0	23944.0	False	False	0.9462449166666665	0.9384709
vidyo1_720p_60fps_60f	vidyo1_720p_60fps_60f	libaom	libaom_20210423_faa02f0_enc-mode0	60	20	0	3187224.0	3187.224	45.15766666666668	48.12516666666667	49.522666666666694	45.142222999999994	48.11552199999999	49.515889	96.15809236666668	3652410.0	60.8735	3639.38	1280	720	60.0	8	d6406601de581596706569caaea60224	c0da43ed84ab254819cadd35ac394db7	1280	720	6899.0	126.0	642.0	18351.0	False	False	0.9972562333333334	0.9966483499999998
vidyo1_720p_60fps_60f	vidyo1_720p_60fps_60f	libaom	libaom_20210423_faa02f0_enc-mode0	60	32	0	1483248.0	1483.248	44.085000000000015	47.772333333333314	49.04933333333334	44.074971	47.766374	49.044866	95.18823965	1762781.0	29.379683333333332	1761.3	1280	720	60.0	8	1f1bdda0dadf6cbefd81748756dcff26	c6620176a0617026b8c544e26c0b1301	1280	720	6207.0	120.0	468.0	17253.0	False	False	0.9963252166666667	0.9957510166666667
vidyo1_720p_60fps_60f	vidyo1_720p_60fps_60f	libaom	libaom_20210423_faa02f0_enc-mode0	60	43	0	785944.0	785.944	42.883500000000005	47.27783333333334	48.33116666666667	42.874	47.273613	48.32693	93.51805486666667	1118454.0	18.6409	1115.68	1280	720	60.0	8	88e3e0ec240e5bc9d2fb3e03752581cd	1366470befb6e95ad19475b5742fd6c4	1280	720	6628.0	134.0	458.0	17428.0	False	False	0.9947737333333334	0.9943755166666667
vidyo1_720p_60fps_60f	vidyo1_720p_60fps_60f	libaom	libaom_20210423_faa02f0_enc-mode0	60	55	0	413000.0	413.0	40.97349999999999	46.103333333333325	46.82883333333333	40.962324	46.101186	46.828006	89.87610568333335	635241.0	10.58735	633.14	1280	720	60.0	8	a02eb3baad52dae3cfa7be4c469a7591	94e7c31dd4a3c829879bda09ce863f75	1280	720	6466.0	128.0	390.0	17358.0	False	False	0.9909672666666667	0.991175
vidyo1_720p_60fps_60f	vidyo1_720p_60fps_60f	libaom	libaom_20210423_faa02f0_enc-mode0	60	63	0	205152.0	205.152	37.85583333333334	43.80683333333333	44.131499999999996	37.841259	43.802341	44.128286	80.73877149999998	460506.0	7.6751	459.26	1280	720	60.0	8	995bf8f550d2e6e76bc71d7e02ad67d9	382df7a3a06d5c8043e56dfd67d76fd6	1280	720	6324.0	115.0	320.0	17471.0	False	False	0.9788302833333333	0.9815039833333333
Starting_1920x1080p_50_10b_pq_70	Starting_1920x1080p_50_10b_pq_70	libaom	libaom_20210423_faa02f0_enc-mode0	60	20	0	4588120.0	4588.12	47.09333333333332	50.00550000000002	51.828333333333326	47.05049999999999	49.945262	51.741934	97.05531230000001	9103555.0	151.72591666666668	9068.89	1920	1080	50.0	10	dda9ffafa72d04637a392ab5bb808ed3	d536b1bfe7ddc164b8296e4637f79112	1920	1080	22345.0	611.0	2284.0	42240.0	False	False	0.9993452666666668	0.9984027833333334
Starting_1920x1080p_50_10b_pq_70	Starting_1920x1080p_50_10b_pq_70	libaom	libaom_20210423_faa02f0_enc-mode0	60	32	0	2498826.0	2498.826	45.86666666666665	48.94233333333332	50.33266666666668	45.81537	48.907864	50.291148	96.31336141666667	10054120.0	167.56866666666667	10033.93	1920	1080	50.0	10	852d3f65c7b98f58d39cc9e1a4bd3bdb	609f4c9b0bc4b7a6d9aaa2f679ba212f	1920	1080	22427.0	513.0	1612.0	39661.0	False	False	0.99901515	0.9978715833333333
Starting_1920x1080p_50_10b_pq_70	Starting_1920x1080p_50_10b_pq_70	libaom	libaom_20210423_faa02f0_enc-mode0	60	43	0	1457553.0	1457.553	44.178333333333335	47.57999999999998	48.49583333333331	44.12504	47.571102	48.484885	94.68999815	8223900.0	137.065	8185.24	1920	1080	50.0	10	16f9335c0bd63a64a8a2c4a73857112a	65a90b5efa3279308d9d52902ed92c16	1920	1080	23407.0	750.0	2684.0	37684.0	False	False	0.9983241833333332	0.9968877
Starting_1920x1080p_50_10b_pq_70	Starting_1920x1080p_50_10b_pq_70	libaom	libaom_20210423_faa02f0_enc-mode0	60	55	0	752940.0	752.94	41.28083333333334	45.52783333333332	45.926500000000004	41.250371	45.528174	45.926288	90.173617	4647977.0	77.46628333333334	4627.65	1920	1080	50.0	10	bcf248984f6300668874cbddb01f2bcd	7f43fdb1ace2bb34677c097cbd7da10d	1920	1080	22355.0	464.0	1256.0	24506.0	False	False	0.9960826666666666	0.9938172333333334
Starting_1920x1080p_50_10b_pq_70	Starting_1920x1080p_50_10b_pq_70	libaom	libaom_20210423_faa02f0_enc-mode0	60	63	0	323153.0	323.153	36.80833333333333	42.83316666666668	43.0765	36.802534	42.829716	43.07291	77.40625011666666	4369844.0	72.83073333333333	4357.53	1920	1080	50.0	10	090bd588124d1cd2520753fc4a7a5189	eee09ad097b89aac07d03da2cf232758	1920	1080	18868.0	512.0	1277.0	26776.0	False	False	0.9871957833333334	0.9821504666666667
rush_hour_1080p25_60f	rush_hour_1080p25_60f	libaom	libaom_20210423_faa02f0_enc-mode0	60	20	0	4175483.0	4175.483	42.78766666666665	46.717	48.670833333333334	42.78201	46.71472099999999	48.667895	95.99993683333334	10468127.0	174.46878333333333	10458.74	1920	1080	25.0	8	825f25a48bfe0bb28e9015252fe71e98	629ed162c93b47a357cd9b8ef1078569	1920	1080	13048.0	247.0	2638.0	39084.0	False	False	0.9958872	0.9919163
rush_hour_1080p25_60f	rush_hour_1080p25_60f	libaom	libaom_20210423_faa02f0_enc-mode0	60	32	0	2037490.0	2037.49	41.82600000000002	45.83866666666667	47.50750000000001	41.81952	45.837794	47.503068	91.50657771666667	6722267.0	112.03778333333334	6692.25	1920	1080	25.0	8	26b306f6c1110b6174be03f37e8aec44	c0e725e522d22acbcd236c0840b30644	1920	1080	10139.0	318.0	2233.0	38994.0	False	False	0.9935354833333333	0.989693
rush_hour_1080p25_60f	rush_hour_1080p25_60f	libaom	libaom_20210423_faa02f0_enc-mode0	60	43	0	1022390.0	1022.39	40.46333333333332	44.82966666666667	46.201333333333324	40.443128	44.826971	46.194151	83.83064259999999	4373513.0	72.89188333333334	4364.7	1920	1080	25.0	8	d79863bd35bf6b3a411e18bbaeb3b57e	14f5c7e3e0ee5af87035cbb334570b11	1920	1080	10024.0	235.0	1468.0	23713.0	False	False	0.9894131833333332	0.9860523666666666
rush_hour_1080p25_60f	rush_hour_1080p25_60f	libaom	libaom_20210423_faa02f0_enc-mode0	60	55	0	505436.0	505.436	38.55966666666668	43.50316666666665	44.58583333333335	38.517762999999995	43.499704	44.573473	72.33254888333335	2679489.0	44.65815	2674.61	1920	1080	25.0	8	2dbb4e63db2b0331e274d068c2f1f9fe	253ec46995216a8f1ad5f04a3d30c857	1920	1080	12908.0	292.0	1342.0	39079.0	False	False	0.9816961166666667	0.9795117000000001
rush_hour_1080p25_60f	rush_hour_1080p25_60f	libaom	libaom_20210423_faa02f0_enc-mode0	60	63	0	244583.0	244.583	36.073499999999996	41.86783333333332	42.55099999999998	35.982550999999994	41.865254	42.5361	57.28356366666665	1525420.0	25.423666666666666	1521.65	1920	1080	25.0	8	d740bf5cdd2ec643d89d82a621ef9f83	039b66cc51ffe8f403e8395a1ddf20e4	1920	1080	10086.0	248.0	948.0	24323.0	False	False	0.9666076999999998	0.9669854
Aerial_1920x1080_2997_10b	Aerial_1920x1080_2997_10b	libaom	libaom_20210423_faa02f0_enc-mode0	60	20	0	7195326.0	7195.326	43.235499999999995	45.71233333333334	45.04933333333333	43.219398	45.698402	45.037596	96.36089136666665	11025618.0	183.7603	10971.34	1920	1080	29.97	10	c33e8d7a51fb0c343a36b615daa9fb6c	59fc7c4be8766b1f4d9b84432252acda	1920	1080	30308.0	513.0	2680.0	40502.0	False	False	0.99892255	0.9978657333333333
Aerial_1920x1080_2997_10b	Aerial_1920x1080_2997_10b	libaom	libaom_20210423_faa02f0_enc-mode0	60	32	0	4301960.0	4301.96	41.668	44.47	43.99733333333334	41.640289	44.460665	43.991622	95.23732278333334	11129518.0	185.49196666666666	11064.94	1920	1080	29.97	10	17a492e76421b62530bd5bc3bbdfd0d5	96a3ef6169a1c92d5949b30872941aae	1920	1080	30147.0	600.0	2461.0	41993.0	False	False	0.9984459333333331	0.9970257833333332
Aerial_1920x1080_2997_10b	Aerial_1920x1080_2997_10b	libaom	libaom_20210423_faa02f0_enc-mode0	60	43	0	2572070.0	2572.07	39.417666666666676	42.64233333333333	42.54066666666667	39.389790999999995	42.63731599999999	42.539491	92.88457141666665	9130170.0	152.1695	9112.62	1920	1080	29.97	10	274ebc19fed9bf9050006673888bf6ff	6492b175964ac64e944a1003922f79eb	1920	1080	29700.0	525.0	1863.0	40529.0	False	False	0.9973723833333334	0.9951605000000001
Aerial_1920x1080_2997_10b	Aerial_1920x1080_2997_10b	libaom	libaom_20210423_faa02f0_enc-mode0	60	55	0	1320486.0	1320.486	35.98166666666667	40.35783333333332	40.85333333333332	35.968535	40.356574	40.853601	87.52820796666668	6821356.0	113.68926666666667	6794.83	1920	1080	29.97	10	7e0c90dd1e30f22e7785cb17c6df2b24	315dd9e4f4325051cdead86a339f7916	1920	1080	31653.0	450.0	1408.0	23646.0	False	False	0.9941447666666667	0.9894331666666667
Aerial_1920x1080_2997_10b	Aerial_1920x1080_2997_10b	libaom	libaom_20210423_faa02f0_enc-mode0	60	63	0	567569.0	567.569	31.669999999999995	38.00483333333331	39.34733333333336	31.654	38.001684	39.345148	74.30774045000001	5229104.0	87.15173333333334	5209.1	1920	1080	29.97	10	2baa7546ee869d0ebf87fdcf3253cb5f	7175494b6738bc50056d538ab45c0f0d	1920	1080	29463.0	468.0	1196.0	38494.0	False	False	0.9815603	0.9677274666666666
ShowGirl2TeaserClip4000_1920x108	ShowGirl2TeaserClip4000_1920x108	libaom	libaom_20210423_faa02f0_enc-mode0	60	20	0	2323660.0	2323.6599999999994	42.29833333333334	46.66650000000003	49.56216666666664	42.296422	46.664388	49.560027	95.1924658	12961505.0	216.02508333333333	12877.2	1920	1080	25.0	10	6f1f3e91eba226cb3af8da48f0da2f5d	9d0eb3130fe2697d5fc4d98e315081bf	1920	1080	25339.0	505.0	2379.0	39461.0	False	False	0.9960106	0.9913599000000001
ShowGirl2TeaserClip4000_1920x108	ShowGirl2TeaserClip4000_1920x108	libaom	libaom_20210423_faa02f0_enc-mode0	60	32	0	1131536.0	1131.536	41.60266666666666	46.219500000000004	48.7255	41.598421	46.217079	48.724493	93.22475460000001	11224984.0	187.08306666666667	11177.79	1920	1080	25.0	10	4c1febc6b94bfd305b650fb5d01ede14	3413bd96e975dcfe01125f684b2e3bc5	1920	1080	26435.0	609.0	2453.0	42548.0	False	False	0.9950127333333333	0.9901061333333333
ShowGirl2TeaserClip4000_1920x108	ShowGirl2TeaserClip4000_1920x108	libaom	libaom_20210423_faa02f0_enc-mode0	60	43	0	635863.0	635.863	40.606333333333325	45.66616666666671	47.803333333333306	40.592318	45.66423	47.803852	89.89192933333334	6496573.0	108.27621666666667	6470.53	1920	1080	25.0	10	99609b005fb575412c5d72e9e2e31075	3180953fba2eb6e335036c3db1f02e9a	1920	1080	23869.0	501.0	1705.0	38671.0	False	False	0.9931810666666667	0.9880065666666665
ShowGirl2TeaserClip4000_1920x108	ShowGirl2TeaserClip4000_1920x108	libaom	libaom_20210423_faa02f0_enc-mode0	60	55	0	342880.0	342.88	39.02266666666666	44.845	46.55800000000001	38.994283	44.843711	46.557762	83.66527463333334	3790290.0	63.1715	3768.95	1920	1080	25.0	10	cf8082714b6097647a3fbdf5de6b552a	5668029b7822d4d49a2a7ce4625abd19	1920	1080	22661.0	523.0	1729.0	39236.0	False	False	0.9891115333333331	0.9835401333333332
ShowGirl2TeaserClip4000_1920x108	ShowGirl2TeaserClip4000_1920x108	libaom	libaom_20210423_faa02f0_enc-mode0	60	63	0	176453.0	176.453	36.646666666666654	43.00450000000004	44.83966666666665	36.603361	42.998435	44.827685	71.83010935	2380887.0	39.68145	2363.04	1920	1080	25.0	10	cf50014cf2e01dcb5ec18580172c0bbf	5f51a6b870151ba8737e321e745e128a	1920	1080	25642.0	488.0	1273.0	37695.0	False	False	0.9787920500000001	0.9728956833333332
Market3_1920x1080p_50_10b_pq_709	Market3_1920x1080p_50_10b_pq_709	libaom	libaom_20210423_faa02f0_enc-mode0	60	20	0	10077646.0	10077.646	44.37583333333334	50.65666666666667	51.52383333333332	44.362484	50.655032	51.523058	99.77836706666668	8917269.0	148.62115	8901.07	1920	1080	50.0	10	87a7b69f876c3d77c02c5461359f3a09	a81344c19f7202f505f6e9f4a1ce3077	1920	1080	25810.0	520.0	3216.0	40138.0	False	False	0.9993234333333334	0.9982882166666668
Market3_1920x1080p_50_10b_pq_709	Market3_1920x1080p_50_10b_pq_709	libaom	libaom_20210423_faa02f0_enc-mode0	60	32	0	5398513.0	5398.513	41.73083333333334	48.573166666666665	49.675166666666655	41.716328	48.572045	49.67173	98.55312916666668	9539780.0	158.99633333333333	9509.44	1920	1080	50.0	10	4f154750ffa7b9153e0a09710e72f158	59fd7ab19a841c4a4df9aac8617d7c1d	1920	1080	25644.0	439.0	2343.0	23451.0	False	False	0.9985736500000001	0.9966401166666666
Market3_1920x1080p_50_10b_pq_709	Market3_1920x1080p_50_10b_pq_709	libaom	libaom_20210423_faa02f0_enc-mode0	60	43	0	3089966.0	3089.966	39.220333333333336	46.928666666666686	48.258666666666684	39.20201	46.923483	48.251171	95.28624734999998	7884655.0	131.41091666666668	7869.06	1920	1080	50.0	10	ae0dde1fcb50a626fb0f0bf4c2208e4e	21a815238a49c9001fedb839dcfec6de	1920	1080	24965.0	498.0	2279.0	34930.0	False	False	0.9969728666666667	0.9933640333333335
Market3_1920x1080p_50_10b_pq_709	Market3_1920x1080p_50_10b_pq_709	libaom	libaom_20210423_faa02f0_enc-mode0	60	55	0	1586013.0	1586.013	36.270500000000006	45.08883333333335	46.618	36.254789	45.079475	46.603854	88.47045803333334	5836245.0	97.27075	5825.35	1920	1080	50.0	10	b1a399e8eae9407e4bce04074d75d698	f378f46aaa63dc8c356eba282054fe7d	1920	1080	25540.0	488.0	2293.0	38812.0	False	False	0.9922480333333336	0.9848223666666667
Market3_1920x1080p_50_10b_pq_709	Market3_1920x1080p_50_10b_pq_709	libaom	libaom_20210423_faa02f0_enc-mode0	60	63	0	757993.0	757.993	33.32366666666666	43.019000000000005	44.70116666666669	33.30012	42.988082	44.659979	75.89508756666667	4996075.0	83.26791666666666	4977.56	1920	1080	50.0	10	3c6f09a185943bf51efbd2aad94b2527	9b82ea4f453dd289e5b174124d949c39	1920	1080	27114.0	588.0	1986.0	40978.0	False	False	0.9799849166666667	0.9668243000000002
touchdown_pass_1080p_60f	touchdown_pass_1080p_60f	libaom	libaom_20210423_faa02f0_enc-mode0	60	20	0	10469347.0	10469.347	39.685333333333325	47.662833333333346	47.80483333333334	39.601987	47.658702	47.801428	95.80676233333334	14546764.0	242.44606666666667	14491.98	1920	1080	29.97	8	36ed5ce8bb9ae06c4b182e2676beef63	22f6251017b7eea14ba7c72d4e969ade	1920	1080	12728.0	252.0	3225.0	39512.0	False	False	0.9949623833333333	0.9889153833333334
touchdown_pass_1080p_60f	touchdown_pass_1080p_60f	libaom	libaom_20210423_faa02f0_enc-mode0	60	32	0	3320944.0	3320.944	38.34466666666666	46.82133333333332	46.95083333333333	38.32382500000001	46.818701	46.948475	93.4647021833333	9650930.0	160.84883333333335	9631.11	1920	1080	29.97	8	cef7232fe55fb5e0280e0da504cc5d33	73aff99a903f8622d585f1256542d1d8	1920	1080	16185.0	289.0	1938.0	24186.0	False	False	0.9935003333333332	0.9858129500000001
touchdown_pass_1080p_60f	touchdown_pass_1080p_60f	libaom	libaom_20210423_faa02f0_enc-mode0	60	43	0	1659699.0	1659.699	37.06016666666667	45.88833333333333	45.92083333333334	37.031658	45.882757	45.916458	89.85479316666667	7447764.0	124.1294	7411.47	1920	1080	29.97	8	012202d6af16e0b537861d01187c50a1	f3575c362da73290d78f464c80c93fa0	1920	1080	17093.0	336.0	1913.0	26908.0	False	False	0.9902134333333333	0.9798830833333333
touchdown_pass_1080p_60f	touchdown_pass_1080p_60f	libaom	libaom_20210423_faa02f0_enc-mode0	60	55	0	844633.0	844.633	35.25099999999999	44.66983333333334	44.67116666666667	35.214758	44.654351	44.657026	82.48382691666669	3651211.0	60.853516666666664	3635.92	1920	1080	29.97	8	291355865752eed40c0ac0db6c02248e	69338f21c83c751a58a71d8d7f7d1366	1920	1080	16513.0	232.0	1158.0	23999.0	False	False	0.98049295	0.9653878333333333
touchdown_pass_1080p_60f	touchdown_pass_1080p_60f	libaom	libaom_20210423_faa02f0_enc-mode0	60	63	0	393995.0	393.995	32.873000000000005	43.16866666666666	43.10983333333333	32.821847	43.12553	43.077036	66.62407575	2624047.0	43.734116666666665	2608.72	1920	1080	29.97	8	3a53786734382e9fb0f7f9b455b27cf6	04f84a9d5290386f0556bb878310c4f0	1920	1080	16912.0	251.0	1023.0	25165.0	False	False	0.9485581666666666	0.9281746
Netflix_SquareAndTimelapse_1920x	Netflix_SquareAndTimelapse_1920x	libaom	libaom_20210423_faa02f0_enc-mode0	60	20	0	16291176.0	16291.176	43.79200000000001	48.27300000000001	47.33583333333334	43.780309	48.27168100000001	47.333509	99.88318461666668	8151734.0	135.86223333333334	8042.9	1920	1080	60.0	8	fbf22b4768ff0e88640a3db9dec7ea1a	8b4162464d99ec527bb0e744b83bb786	1920	1080	16485.0	274.0	3252.0	42082.0	False	False	0.9989817333333331	0.9974945000000001
Netflix_SquareAndTimelapse_1920x	Netflix_SquareAndTimelapse_1920x	libaom	libaom_20210423_faa02f0_enc-mode0	60	32	0	9340152.0	9340.152	41.309833333333344	46.317333333333345	45.22400000000001	41.294183	46.313735	45.218843	99.858484	7344997.0	122.41661666666667	7313.84	1920	1080	60.0	8	d025f82746e29d52d3a9a5bb2946fa7e	503d9c8ea8ff38a8a7d490723a3e8d09	1920	1080	15910.0	252.0	2463.0	38410.0	False	False	0.9979220666666666	0.9953860333333334
Netflix_SquareAndTimelapse_1920x	Netflix_SquareAndTimelapse_1920x	libaom	libaom_20210423_faa02f0_enc-mode0	60	43	0	5489840.0	5489.84	38.75816666666667	44.58666666666668	43.375333333333316	38.727938	44.579234	43.364163	97.6045815	5013916.0	83.56526666666667	4999.22	1920	1080	60.0	8	060612c465c2b784755985b80f61c902	21ada78a03576a10637fe4dab611d02c	1920	1080	15491.0	254.0	2012.0	38512.0	False	False	0.9956068833333334	0.9914665666666664
Netflix_SquareAndTimelapse_1920x	Netflix_SquareAndTimelapse_1920x	libaom	libaom_20210423_faa02f0_enc-mode0	60	55	0	3018448.0	3018.448	35.714333333333336	42.40549999999998	41.07616666666667	35.678738	42.391785	41.056765	88.74214599999999	4116078.0	68.6013	4105.22	1920	1080	60.0	8	00d60d1ae284055bc48bb2837786d2db	f5fe518dc053f2a9942162f648f8902c	1920	1080	16005.0	251.0	1850.0	38574.0	False	False	0.9893104500000002	0.9822493666666666
Netflix_SquareAndTimelapse_1920x	Netflix_SquareAndTimelapse_1920x	libaom	libaom_20210423_faa02f0_enc-mode0	60	63	0	1605432.0	1605.432	32.6045	40.02333333333333	38.64949999999999	32.544572	39.982656	38.596729	73.86265056666666	2839431.0	47.32385	2827.54	1920	1080	60.0	8	79595abb6718491aca19e82a64620b47	5c30c7e8387a00e7eaa410832832cefa	1920	1080	15572.0	240.0	1205.0	38206.0	False	False	0.9737375666666668	0.9627644
Netflix_TunnelFlag_1920x1080_60f	Netflix_TunnelFlag_1920x1080_60f	libaom	libaom_20210423_faa02f0_enc-mode0	60	20	0	22037424.0	22037.424	42.269999999999996	46.523500000000006	48.136833333333335	42.245399	46.519034	48.131337	99.91978105	8987408.0	149.79013333333333	8949.07	1920	1080	60.0	8	89805d216acbc9eef37cbcb0d9bcba0e	f74d883e74aaaa11a2f87c69b820a4c3	1920	1080	16057.0	237.0	3507.0	38799.0	False	False	0.9985397500000002	0.9962386166666666
Netflix_TunnelFlag_1920x1080_60f	Netflix_TunnelFlag_1920x1080_60f	libaom	libaom_20210423_faa02f0_enc-mode0	60	32	0	11715720.0	11715.72	40.10933333333334	44.92383333333332	46.89150000000002	40.081399	44.921085	46.88683	99.90439461666666	7427485.0	123.79141666666666	7386.84	1920	1080	60.0	8	04b8d3caf3653000bd36d6947963f215	965bca94cd563a16a34f68e415b6e9cb	1920	1080	16295.0	246.0	2735.0	38832.0	False	False	0.99736035	0.9937676333333333
Netflix_TunnelFlag_1920x1080_60f	Netflix_TunnelFlag_1920x1080_60f	libaom	libaom_20210423_faa02f0_enc-mode0	60	43	0	6169104.0	6169.104	37.77416666666668	43.05233333333333	45.630500000000005	37.73979	43.050651	45.626139	99.87470555	5287568.0	88.12613333333333	5283.54	1920	1080	60.0	8	2845990bd544a97912551ce1e36c2491	87041edd154d4d5e0e22bb51d952bc24	1920	1080	16348.0	236.0	2104.0	38650.0	False	False	0.9951459500000001	0.98982655
Netflix_TunnelFlag_1920x1080_60f	Netflix_TunnelFlag_1920x1080_60f	libaom	libaom_20210423_faa02f0_enc-mode0	60	55	0	3247128.0	3247.128	35.285999999999994	41.00433333333334	43.86816666666666	35.254558	41.00254400000001	43.86489199999999	99.80632461666667	3881874.0	64.6979	3859.94	1920	1080	60.0	8	311c28036bb30dd20eaeb9a92bf86253	b2bc9970e6381c2a1cb6be89f44e65d5	1920	1080	16039.0	327.0	2190.0	40133.0	False	False	0.9914029333333332	0.9844071333333334
Netflix_TunnelFlag_1920x1080_60f	Netflix_TunnelFlag_1920x1080_60f	libaom	libaom_20210423_faa02f0_enc-mode0	60	63	0	1793520.0	1793.52	32.40249999999999	39.168000000000006	41.86233333333333	32.343502	39.163325	41.851252	96.0480917	2527173.0	42.11955	2523.72	1920	1080	60.0	8	d782df80bdb5b03a5bf80d97a9a9c712	17ecf89378dec77abdb8ce15f7576c22	1920	1080	16782.0	277.0	1424.0	38737.0	False	False	0.9837363000000001	0.9756270166666666
life_1080p30_60f	life_1080p30_60f	libaom	libaom_20210423_faa02f0_enc-mode0	60	20	0	9713128.0	9713.128	43.51183333333334	49.06716666666668	48.500666666666675	43.466074	49.060404	48.496857	99.00506088333331	8246309.0	137.43848333333332	8156.28	1920	1080	30.0	8	c9918f765e6527ce727909b9b8ad3719	15fa59c2b950fce1331a53d99cbeb0eb	1920	1080	16948.0	298.0	3611.0	41568.0	False	False	0.9990619000000002	0.9976069499999999
life_1080p30_60f	life_1080p30_60f	libaom	libaom_20210423_faa02f0_enc-mode0	60	32	0	4640292.0	4640.292	40.76133333333334	46.78816666666665	46.409666666666645	40.73378	46.78092	46.404792	96.90150448333334	7177463.0	119.62438333333333	7153.92	1920	1080	30.0	8	ef3a9d33479dae0447fc907362d43ba4	9216e1ab8c945707a784f4332a45a975	1920	1080	16425.0	274.0	2875.0	40115.0	False	False	0.9981950333333333	0.9956904999999999
life_1080p30_60f	life_1080p30_60f	libaom	libaom_20210423_faa02f0_enc-mode0	60	43	0	2440540.0	2440.54	38.279500000000006	44.9435	44.713666666666654	38.256299	44.933603999999995	44.704675	93.47548253333333	5905960.0	98.43266666666666	5878.72	1920	1080	30.0	8	2f879b4bc27fbac1120eb230ca2bcea8	02ba050f74ad942fce693977f2c1ec15	1920	1080	15128.0	375.0	2342.0	39750.0	False	False	0.9964137499999999	0.9921138666666667
life_1080p30_60f	life_1080p30_60f	libaom	libaom_20210423_faa02f0_enc-mode0	60	55	0	1228188.0	1228.1879999999999	35.417333333333325	42.62133333333332	42.548	35.398793	42.609539	42.535508	87.19816016666667	3780311.0	63.005183333333335	3762.61	1920	1080	30.0	8	e07ff0e5be8492f0ad6273abbdf2c375	e85d26149a5ac2cc2ba2e984a8882e05	1920	1080	16374.0	239.0	1573.0	39022.0	False	False	0.9913185666666667	0.9824892833333334
life_1080p30_60f	life_1080p30_60f	libaom	libaom_20210423_faa02f0_enc-mode0	60	63	0	575344.0	575.3439999999999	32.692666666666675	40.032666666666664	39.89766666666665	32.663716	40.006647	39.876807	75.57489485	2664784.0	44.413066666666666	2659.25	1920	1080	30.0	8	88d8ccddeb9fda8cec12c02e053f2ea7	0c9f73452f9b7f8611c9e26d10d3a26b	1920	1080	15053.0	254.0	1228.0	26642.0	False	False	0.9773842333333334	0.9620244166666667
Cosmos1_1920x856_BT2100_PQ_24fps	Cosmos1_1920x856_BT2100_PQ_24fps	libaom	libaom_20210423_faa02f0_enc-mode0	60	20	0	16682540.0	16682.54	40.44316666666668	44.31666666666667	47.19366666666667	40.33424	44.271905	47.171431	98.68866573333334	19992525.0	333.20875	19957.06	1920	856	24.0	10	dfcb917bba8269da2bc909cb8e571e0d	547ec06d3d53d7d2dea7db846f932e7d	1920	856	21838.0	411.0	6170.0	30599.0	False	False	0.9956116166666666	0.9946890666666665
Cosmos1_1920x856_BT2100_PQ_24fps	Cosmos1_1920x856_BT2100_PQ_24fps	libaom	libaom_20210423_faa02f0_enc-mode0	60	32	0	6445209.0	6445.209	37.25333333333333	42.486500000000014	45.631666666666675	37.159023	42.449527	45.611807	92.79069528333333	14201898.0	236.6983	14152.61	1920	856	24.0	10	c6f3d28003eeb15c65ed2437c555ced3	840f9964ca4df9347fba0c3ca867ef33	1920	856	17155.0	396.0	4062.0	31251.0	False	False	0.9897675333333333	0.9887309333333333
Cosmos1_1920x856_BT2100_PQ_24fps	Cosmos1_1920x856_BT2100_PQ_24fps	libaom	libaom_20210423_faa02f0_enc-mode0	60	43	0	2810243.0	2810.243	35.00866666666669	41.038000000000004	44.43699999999999	34.930406	41.003557	44.425069	82.03547368333334	13358641.0	222.64401666666666	13339.44	1920	856	24.0	10	ee28a9efd7ef392f28413b3fed224a20	39133c317f1039d5a23fb162f8414eef	1920	856	19650.0	472.0	3622.0	32735.0	False	False	0.9780246666666668	0.9781759999999999
Cosmos1_1920x856_BT2100_PQ_24fps	Cosmos1_1920x856_BT2100_PQ_24fps	libaom	libaom_20210423_faa02f0_enc-mode0	60	55	0	1238172.0	1238.172	32.7175	39.752	43.25466666666666	32.638722	39.73157	43.248962	64.99232173333334	9681651.0	161.36085	9669.15	1920	856	24.0	10	66117cf90f66702dfa14843b72e0da95	f7f5437927ea3e67598d8f8db18956bd	1920	856	21861.0	387.0	2195.0	31516.0	False	False	0.9514571499999999	0.9555206500000001
Cosmos1_1920x856_BT2100_PQ_24fps	Cosmos1_1920x856_BT2100_PQ_24fps	libaom	libaom_20210423_faa02f0_enc-mode0	60	63	0	543427.0	543.427	30.435000000000006	38.611999999999995	41.99299999999999	30.350015	38.602211	41.975334	44.411880683333344	6117251.0	101.95418333333333	6099.1	1920	856	24.0	10	4e3889450a4efb320859fd7af5784486	ea2098220efc5f8a300a7045f46a0bcb	1920	856	23034.0	350.0	1373.0	18906.0	False	False	0.8970613166666667	0.91065425
ducks_take_off_1080p50_60f	ducks_take_off_1080p50_60f	libaom	libaom_20210423_faa02f0_enc-mode0	60	20	0	81092033.0	81092.033	37.57766666666668	38.33150000000001	40.94433333333333	37.466277	38.280933	40.931162	97.57388626666666	24678691.0	411.31151666666665	24638.3	1920	1080	50.0	8	4cbf4cc76bee42d382c3a100ae9de423	73f6b865f5dffca93de91efc5c796298	1920	1080	21031.0	240.0	7194.0	40172.0	False	False	0.9983443333333334	0.9943206833333332
ducks_take_off_1080p50_60f	ducks_take_off_1080p50_60f	libaom	libaom_20210423_faa02f0_enc-mode0	60	32	0	23302553.0	23302.553	34.632333333333335	36.60499999999999	39.692666666666675	34.598036	36.58817	39.685741	91.91743583333333	25696360.0	428.2726666666667	25614.08	1920	1080	50.0	8	3c75349947ecb9559def57b9d56cd119	1e821e015ffbc72c49d78ee5792eb0f8	1920	1080	21025.0	257.0	4014.0	39756.0	False	False	0.9957678666666666	0.9885249500000001
ducks_take_off_1080p50_60f	ducks_take_off_1080p50_60f	libaom	libaom_20210423_faa02f0_enc-mode0	60	43	0	9398580.0	9398.58	32.87850000000002	35.01333333333332	38.52583333333334	32.84457	34.980414	38.51888999999999	83.07643543333333	15361281.0	256.02135	15333.23	1920	1080	50.0	8	9c3415527c1236b50355d91b1aad9778	5759c3194e54212ce3d693044384ee1b	1920	1080	21151.0	215.0	2291.0	23391.0	False	False	0.9901476333333334	0.9804236500000001
ducks_take_off_1080p50_60f	ducks_take_off_1080p50_60f	libaom	libaom_20210423_faa02f0_enc-mode0	60	55	0	4168473.0	4168.473	30.84549999999999	33.448333333333345	37.57366666666666	30.807985999999996	33.406282	37.569735	68.92547981666667	9451231.0	157.52051666666668	9444.62	1920	1080	50.0	8	c1e314052f5328a476fba59ad0ecdf86	ab81966353aea5482a67281ae8b0bc66	1920	1080	18097.0	236.0	1787.0	38416.0	False	False	0.9772628833333333	0.9644498833333333
ducks_take_off_1080p50_60f	ducks_take_off_1080p50_60f	libaom	libaom_20210423_faa02f0_enc-mode0	60	63	0	1959313.0	1959.3129999999999	28.75466666666666	31.956666666666667	36.78066666666666	28.703641	31.92033	36.778224	51.47165363333333	5593760.0	93.22933333333333	5576.28	1920	1080	50.0	8	2d2f7aa842104975fa23a135c4c6fc7f	802dc937a722dbb019fd12187fb51928	1920	1080	21439.0	282.0	1391.0	38798.0	False	False	0.9517908166666665	0.9360642166666667
Sintel_Dragons_1920x816_24_10b	Sintel_Dragons_1920x816_24_10b	libaom	libaom_20210423_faa02f0_enc-mode0	60	20	0	4365539.0	4365.539	46.393166666666666	51.01083333333334	51.15600000000001	46.329722999999994	50.968404	51.085366	99.92148626666668	18863755.0	314.39591666666666	18742.66	1920	816	24.0	10	ead739e68c9c95e20d88c6ff6dc6039d	4833af98f1aa68f7d1a15d64e338bc8e	1920	816	16093.0	561.0	3976.0	32844.0	False	False	0.9976528166666668	0.9976424500000001
Sintel_Dragons_1920x816_24_10b	Sintel_Dragons_1920x816_24_10b	libaom	libaom_20210423_faa02f0_enc-mode0	60	32	0	2304595.0	2304.595	43.45933333333333	48.69899999999998	48.727	43.399405	48.65632	48.643669	99.83501716666665	14376102.0	239.6017	14354.73	1920	816	24.0	10	65c81d46ee90fbab27bc886a65e29178	209d9bf8f830e6761a0d7bf0fb0b20d3	1920	816	13229.0	364.0	2456.0	18288.0	False	False	0.9949844333333334	0.9952407166666666
Sintel_Dragons_1920x816_24_10b	Sintel_Dragons_1920x816_24_10b	libaom	libaom_20210423_faa02f0_enc-mode0	60	43	0	1243859.0	1243.859	40.58949999999998	46.36916666666665	46.38433333333332	40.536807	46.324074	46.291021	97.04772433333332	12930883.0	215.51471666666666	12860.7	1920	816	24.0	10	9807714dc6d6da03c72a02147f47a4a5	158c25e9b6bd5daa2db4be0e5bfbfd52	1920	816	13377.0	445.0	2403.0	29941.0	False	False	0.9895313666666665	0.9906100333333334
Sintel_Dragons_1920x816_24_10b	Sintel_Dragons_1920x816_24_10b	libaom	libaom_20210423_faa02f0_enc-mode0	60	55	0	665648.0	665.648	37.6195	43.961999999999996	43.96383333333334	37.57468099999999	43.918603	43.862694	85.38293636666666	11417077.0	190.28461666666666	11406.7	1920	816	24.0	10	942374eeedfc896a92481dbf8164013c	2697be910e080dbb0920dbcea3c1ebd4	1920	816	13844.0	354.0	1695.0	18342.0	False	False	0.9785839166666667	0.9816814833333333
Sintel_Dragons_1920x816_24_10b	Sintel_Dragons_1920x816_24_10b	libaom	libaom_20210423_faa02f0_enc-mode0	60	63	0	343379.0	343.379	34.370999999999995	41.30350000000001	41.327833333333345	34.302046	41.28320999999999	41.251593	66.31657895	11183289.0	186.38815	11124.51	1920	816	24.0	10	fe0a744d8f05c55406d7a308339844e5	09b6d9201ae938a3b1729a4714695353	1920	816	10962.0	348.0	1580.0	29872.0	False	False	0.9570230333333334	0.9641708333333334
ducks_1920x1080_50fps_10b	ducks_1920x1080_50fps_10b	libaom	libaom_20210423_faa02f0_enc-mode0	60	20	0	81975793.0	81975.793	37.68016666666666	38.427833333333325	41.107	37.604045	38.395604	41.097983	97.68430978333335	32283141.0	538.05235	32177.02	1920	1080	50.0	10	3eda06cf019a07b0f5a568564a2021c3	cd6936df67136c54fabd21f0d688e243	1920	1080	28595.0	497.0	8171.0	24130.0	False	False	0.99839665	0.9944404
ducks_1920x1080_50fps_10b	ducks_1920x1080_50fps_10b	libaom	libaom_20210423_faa02f0_enc-mode0	60	32	0	23099666.0	23099.666	34.67599999999998	36.67283333333333	39.827999999999996	34.64324	36.655973	39.822254	91.92317810000002	34473334.0	574.5555666666667	34419.91	1920	1080	50.0	10	afd24a7153d9ab8dd4252a6c3601508b	af79dfd8d61c8561b8aa8f26b6aa2ae8	1920	1080	26804.0	554.0	5266.0	41289.0	False	False	0.99580595	0.9886004833333334
ducks_1920x1080_50fps_10b	ducks_1920x1080_50fps_10b	libaom	libaom_20210423_faa02f0_enc-mode0	60	43	0	9344773.0	9344.773	32.92	35.07183333333333	38.636666666666656	32.885593	35.038728	38.630667	83.11370219999999	26330334.0	438.8389	26272.99	1920	1080	50.0	10	a140b7bfda81fd0250a2c49c1137b3eb	2ddb66116f7a556c36aed2c90ccef643	1920	1080	29153.0	517.0	3900.0	39079.0	False	False	0.9901942666666667	0.9805158666666667
ducks_1920x1080_50fps_10b	ducks_1920x1080_50fps_10b	libaom	libaom_20210423_faa02f0_enc-mode0	60	55	0	4157986.0	4157.986	30.877666666666663	33.488833333333325	37.68316666666668	30.840055	33.445684	37.679981	69.04389966666666	16748824.0	279.14706666666666	16725.18	1920	1080	50.0	10	b8005e0fb494d604e7bd338a714298e4	6f047e8300fbb5b713293b0af528f1c9	1920	1080	29812.0	504.0	2725.0	39511.0	False	False	0.9773023333333335	0.9645682999999999
ducks_1920x1080_50fps_10b	ducks_1920x1080_50fps_10b	libaom	libaom_20210423_faa02f0_enc-mode0	60	63	0	1980973.0	1980.9730000000002	28.814333333333334	32.04	36.906333333333336	28.76077	32.003958	36.904011	51.62902711666666	9740154.0	162.3359	9717.28	1920	1080	50.0	10	8af7b9087487c4165fd1e1a7e50b37f8	214f16d8f255acf5556770c2b563f70c	1920	1080	50681.0	495.0	2003.0	23807.0	False	False	0.9522208833333333	0.9366092333333335
ToddlerFountn_1920x1080_2997_10b	ToddlerFountn_1920x1080_2997_10b	libaom	libaom_20210423_faa02f0_enc-mode0	60	20	0	49316455.0	49316.455	40.24033333333331	45.98549999999999	43.31816666666667	40.148049	45.966712	43.282646	99.87425950000001	23335057.0	388.9176166666667	23246.96	1920	1080	29.97	10	99cdb51180abd9bb044e0466c21b1d9c	ef9a74e754b627e66fbe8386789185b5	1920	1080	28894.0	552.0	8788.0	39753.0	False	False	0.9970256333333333	0.99369575
ToddlerFountn_1920x1080_2997_10b	ToddlerFountn_1920x1080_2997_10b	libaom	libaom_20210423_faa02f0_enc-mode0	60	32	0	24033939.0	24033.939	36.30549999999999	44.62133333333334	41.58650000000001	36.151053	44.605212	41.558	98.7646423	29317997.0	488.63328333333334	29249.47	1920	1080	29.97	10	ae54a6467c83c7cec5b7aa3e79b97ee1	73eb7fc52c66b634262d9bd9de61f12d	1920	1080	23647.0	486.0	6389.0	24527.0	False	False	0.9911175500000001	0.9833328166666668
ToddlerFountn_1920x1080_2997_10b	ToddlerFountn_1920x1080_2997_10b	libaom	libaom_20210423_faa02f0_enc-mode0	60	43	0	10592037.0	10592.037	32.893333333333345	43.36033333333334	40.34666666666666	32.742806	43.349778	40.334373	86.67741604999999	29388690.0	489.8115	29356.61	1920	1080	29.97	10	63394dc8460ceccdd3e03527245d9d10	643c2d2c2898902eaf90722ab8bc1758	1920	1080	27893.0	565.0	5408.0	41147.0	False	False	0.9750351166666665	0.9601861666666666
ToddlerFountn_1920x1080_2997_10b	ToddlerFountn_1920x1080_2997_10b	libaom	libaom_20210423_faa02f0_enc-mode0	60	55	0	4132648.0	4132.648	29.90383333333333	42.37750000000001	39.50333333333334	29.797556	42.37502200000001	39.499038	64.97854445	24176907.0	402.94845	24134.06	1920	1080	29.97	10	5742b9bb6ea95967f3819a3b2e91a25b	f04c2bf04b8cc8509424a632f85906c4	1920	1080	26913.0	523.0	3763.0	40398.0	False	False	0.9367860333333334	0.9161939499999998
ToddlerFountn_1920x1080_2997_10b	ToddlerFountn_1920x1080_2997_10b	libaom	libaom_20210423_faa02f0_enc-mode0	60	63	0	1426622.0	1426.622	27.175666666666658	41.479000000000006	38.894333333333336	27.032499999999995	41.472956	38.8883	39.710091049999996	15314735.0	255.24558333333334	15298.3	1920	1080	29.97	10	cf03c5a485777a1f374b128f5762ecec	c1b188e63e3aa4ca458cc28b39fcfe54	1920	1080	26217.0	512.0	2501.0	37856.0	False	False	0.8646890166666668	0.8468030666666667
MINECRAFT_60f_420	MINECRAFT_60f_420	libaom	libaom_20210423_faa02f0_enc-mode0	60	20	0	65543560.0	65543.56	41.13133333333334	45.00116666666666	45.54783333333334	40.908077	44.902914	45.467968	99.91999351666666	22593553.0	376.55921666666666	22565.84	1920	1080	60.0	8	70f67c879777e7aaa205358e9a079994	14d01192b734cc3edd9bde8cd92fbeec	1920	1080	17999.0	271.0	8520.0	38869.0	False	False	0.9974220166666666	0.9954542999999999
MINECRAFT_60f_420	MINECRAFT_60f_420	libaom	libaom_20210423_faa02f0_enc-mode0	60	32	0	34353376.0	34353.376	37.02133333333334	43.160666666666664	43.624166666666675	36.751298	43.082513	43.55463	99.57202958333332	30588122.0	509.8020333333333	30537.84	1920	1080	60.0	8	eb416619d69f3383194a408fdab41b88	28f4ecdfd4018db23503ba4dbaa3d063	1920	1080	18704.0	271.0	6424.0	38817.0	False	False	0.9933040999999999	0.9886197833333331
MINECRAFT_60f_420	MINECRAFT_60f_420	libaom	libaom_20210423_faa02f0_enc-mode0	60	43	0	14914464.0	14914.464	33.52949999999999	41.348666666666674	41.79666666666666	33.318319	41.293181	41.737587	93.03061353333334	31506167.0	525.1027833333334	31423.91	1920	1080	60.0	8	04560fa03f08614a9e9e2b700d8e1aa6	6a65c84ed163c5f3546abf702348e7b5	1920	1080	19110.0	246.0	3951.0	25909.0	False	False	0.9838230166666668	0.9743692666666666
MINECRAFT_60f_420	MINECRAFT_60f_420	libaom	libaom_20210423_faa02f0_enc-mode0	60	55	0	5929624.0	5929.624	30.9395	39.776500000000006	40.12283333333333	30.822359	39.742339	40.079119	79.72014378333333	22588387.0	376.47311666666667	22556.57	1920	1080	60.0	8	d52ff0be8e5635dc6457e8a74312b7f8	9a19a39490b1dc8de5e0d1f6672b8730	1920	1080	16392.0	224.0	2384.0	33324.0	False	False	0.9635151499999999	0.9476461500000002
MINECRAFT_60f_420	MINECRAFT_60f_420	libaom	libaom_20210423_faa02f0_enc-mode0	60	63	0	2214272.0	2214.272	28.40883333333333	37.98849999999998	38.351666666666674	28.309556	37.976878000000006	38.323304	58.88357785	14427541.0	240.45901666666666	14379.64	1920	1080	60.0	8	fccb949008e799cb7958decdbf5ff263	d113fdced1c3e7d50e9c2d4d1f05e234	1920	1080	18075.0	247.0	1596.0	39466.0	False	False	0.9146989833333332	0.8950856166666668
