KristenAndSara_1280x720_60f	KristenAndSara_1280x720_60f	libaom	libaom_20210305_bee7eb1_enc-mode0	60	20	0	2678424.0	2678.424	44.359499999999976	49.08933333333334	50.02033333333333	44.351523	49.084289	50.016658	96.78949555	3965978.0	66.09963333333333	3841.05	1280	720	60.0	8	8d039f9024898736202334e04ee69fc5	1e8471501c7611ab7cb71040567ba026	1280	720	6559.0	118.0	609.0	17235.0	False	False	0.9957561166666665	0.9952213166666668
KristenAndSara_1280x720_60f	KristenAndSara_1280x720_60f	libaom	libaom_20210305_bee7eb1_enc-mode0	60	32	0	1363352.0	1363.352	43.55949999999999	48.612666666666655	49.52266666666666	43.551157	48.608369	49.518822	96.14770498333336	2041134.0	34.0189	2019.72	1280	720	60.0	8	e87e33f3f6596609f3f4a4596821dd68	302d10383927cad88191d0a489ac99a9	1280	720	5604.0	130.0	512.0	11023.0	False	False	0.9947072166666667	0.9943023333333334
KristenAndSara_1280x720_60f	KristenAndSara_1280x720_60f	libaom	libaom_20210305_bee7eb1_enc-mode0	60	43	0	773912.0	773.912	42.504833333333345	47.771166666666666	48.66383333333336	42.49285	47.767057	48.660065	94.90646431666667	1284158.0	21.402633333333334	1274.74	1280	720	60.0	8	8c7fe13f0d4baa25e9a1bbe91824bce6	52deb1954e6f883c124803ebc9fe2696	1280	720	6131.0	143.0	490.0	18158.0	False	False	0.9930552333333333	0.9928972166666666
KristenAndSara_1280x720_60f	KristenAndSara_1280x720_60f	libaom	libaom_20210305_bee7eb1_enc-mode0	60	55	0	418088.0	418.088	40.75400000000002	46.07633333333332	47.02533333333331	40.740149	46.071767	47.023509	92.09910616666667	654239.0	10.903983333333333	651.94	1280	720	60.0	8	8f4ddb79dae1f4e9860de8684a3bceb1	3ece7594d3f683f82c5b33f2e0c3fbf6	1280	720	6628.0	159.0	512.0	18293.0	False	False	0.9895180000000001	0.9899384666666667
KristenAndSara_1280x720_60f	KristenAndSara_1280x720_60f	libaom	libaom_20210305_bee7eb1_enc-mode0	60	63	0	207912.0	207.912	37.803	43.29866666666666	44.31466666666665	37.795568	43.295135	44.309257	84.83515051666669	473048.0	7.884133333333334	470.69	1280	720	60.0	8	c4169b501bd847c7b84fc71a8bcf3182	0ce7c1cbf67a7c940a025ab9504dde54	1280	720	6905.0	123.0	359.0	17861.0	False	False	0.9800185166666666	0.9822547166666667
KristenAndSara_1280x720_60_10b	KristenAndSara_1280x720_60_10b	libaom	libaom_20210305_bee7eb1_enc-mode0	60	20	0	2743456.0	2743.456	44.672500000000035	49.68583333333333	50.719500000000025	44.663779	49.681422	50.716667	96.97427696666666	5861118.0	97.6853	5834.21	1280	720	60.0	10	a3e343838688939e1e46fc0436243d33	2774787b497feaf4746bc3ad053588b4	1280	720	11062.0	244.0	967.0	18259.0	False	False	0.9961452166666667	0.9955809166666667
KristenAndSara_1280x720_60_10b	KristenAndSara_1280x720_60_10b	libaom	libaom_20210305_bee7eb1_enc-mode0	60	32	0	1297232.0	1297.232	43.78866666666667	49.111000000000004	50.11466666666665	43.780702	49.107447	50.110909	96.33021916666667	3693687.0	61.56145	3669.66	1280	720	60.0	10	1f0df3ee80a9fc53b77645761b1bf1aa	56c2417b141d95cd2db853ba12350be9	1280	720	8903.0	218.0	753.0	17701.0	False	False	0.9951214833333335	0.99466625
KristenAndSara_1280x720_60_10b	KristenAndSara_1280x720_60_10b	libaom	libaom_20210305_bee7eb1_enc-mode0	60	43	0	748016.0	748.016	42.65149999999998	48.16350000000001	49.119	42.638169	48.159074	49.114597	94.90930606666667	2160777.0	36.01295	2154.12	1280	720	60.0	10	bd786e99bb26f66aef176d042a5878a3	77626c4500f882437c6ba277985e1cc1	1280	720	10225.0	228.0	651.0	10982.0	False	False	0.9934280833333334	0.9932194833333333
KristenAndSara_1280x720_60_10b	KristenAndSara_1280x720_60_10b	libaom	libaom_20210305_bee7eb1_enc-mode0	60	55	0	408072.0	408.072	40.81433333333334	46.31283333333334	47.32116666666665	40.799431	46.307525000000005	47.317989	92.12150975	1217299.0	20.288316666666667	1211.01	1280	720	60.0	10	6950ed1e9309e39c179f390c0eeb0b61	b5c712dad193677ec849f9496bec4d72	1280	720	10242.0	221.0	606.0	17783.0	False	False	0.9898663833333334	0.9902366666666667
KristenAndSara_1280x720_60_10b	KristenAndSara_1280x720_60_10b	libaom	libaom_20210305_bee7eb1_enc-mode0	60	63	0	207016.0	207.016	37.86216666666668	43.48649999999999	44.69800000000002	37.854692	43.4808	44.692433	85.21122340000001	890744.0	14.845733333333333	887.68	1280	720	60.0	10	a3a15d6c1289931081ed209b80beead8	b58ec4c1fc0bdd750ab3400b721c7011	1280	720	11204.0	284.0	803.0	18076.0	False	False	0.9806721166666665	0.9827943166666666
DinnerScene_1920x1080_2997_10b	DinnerScene_1920x1080_2997_10b	libaom	libaom_20210305_bee7eb1_enc-mode0	60	20	0	701265.0	701.265	41.78216666666665	42.403499999999994	47.58049999999998	41.781104	42.400412	47.580777	91.15704543333332	16249214.0	270.8202333333333	16188.83	1920	1080	29.97	10	2fd74a2318a1222dfd52bdbd51ff2ef4	ad610f5d0c5866531e0d4e8368b9e58d	1920	1080	21715.0	510.0	2019.0	39011.0	False	False	0.99406555	0.9881652833333333
DinnerScene_1920x1080_2997_10b	DinnerScene_1920x1080_2997_10b	libaom	libaom_20210305_bee7eb1_enc-mode0	60	32	0	258080.0	258.08	41.64150000000002	42.30766666666664	47.43616666666665	41.640721	42.30629	47.435947000000006	89.60839951666668	13956491.0	232.60818333333333	13925.74	1920	1080	29.97	10	419016621923d9331dfdb67ed5114f65	ae91f0e6ec889830cb96f902687bd34a	1920	1080	25781.0	557.0	1908.0	40119.0	False	False	0.9935219333333334	0.9876079166666665
DinnerScene_1920x1080_2997_10b	DinnerScene_1920x1080_2997_10b	libaom	libaom_20210305_bee7eb1_enc-mode0	60	43	0	148020.0	148.02	41.42083333333334	42.24133333333334	47.24733333333333	41.420848	42.24038699999999	47.246966	86.8183631	7616804.0	126.94673333333333	7603.45	1920	1080	29.97	10	e30508fa133c39de1c38488e4a07d186	70088a34edc0e06cdfde2e9246feef26	1920	1080	20187.0	594.0	1910.0	38540.0	False	False	0.9927260166666667	0.9868102666666666
DinnerScene_1920x1080_2997_10b	DinnerScene_1920x1080_2997_10b	libaom	libaom_20210305_bee7eb1_enc-mode0	60	55	0	87633.0	87.633	40.99516666666667	42.10516666666667	46.92783333333336	40.993786	42.104434	46.927029	82.27296318333333	3946000.0	65.76666666666667	3894.21	1920	1080	29.97	10	15bc1d197db6d9d1b3bfc5d44e170366	71dac7fc5748a02d4871cc9ae52a4619	1920	1080	24830.0	502.0	1559.0	38437.0	False	False	0.9909278833333331	0.9851308333333334
DinnerScene_1920x1080_2997_10b	DinnerScene_1920x1080_2997_10b	libaom	libaom_20210305_bee7eb1_enc-mode0	60	63	0	53161.0	53.160999999999994	40.13333333333335	41.731333333333325	46.23533333333332	40.127785	41.730494	46.23339	72.12627978333335	1760497.0	29.341616666666667	1749.32	1920	1080	29.97	10	caa4486a916cbc1b96437f1f616a0bfe	d022e0e58f1f3e5390ee23f8b350518c	1920	1080	27594.0	602.0	1780.0	40737.0	False	False	0.9864931499999998	0.9811929833333333
Netflix_Crosswalk_1920x1080_60fp	Netflix_Crosswalk_1920x1080_60fp	libaom	libaom_20210305_bee7eb1_enc-mode0	60	20	0	6489640.0	6489.64	45.307	48.25516666666667	50.12216666666667	45.279560999999994	48.24981	50.11561	98.45838301666664	5947006.0	99.11676666666666	5918.91	1920	1080	60.0	8	621ebc456f24be9b13dc4ee88ed6b5c5	a8e4069263ad25d26276ac9cad285c4f	1920	1080	12354.0	251.0	2019.0	38989.0	False	False	0.9973634666666666	0.99544635
Netflix_Crosswalk_1920x1080_60fp	Netflix_Crosswalk_1920x1080_60fp	libaom	libaom_20210305_bee7eb1_enc-mode0	60	32	0	3411856.0	3411.856	44.05933333333333	47.49949999999999	49.31183333333334	44.010766	47.493064	49.304928	95.11867974999997	4832352.0	80.5392	4770.2	1920	1080	60.0	8	40741a56cfbf9330cb2b31fd046af3de	1884fa24a144ccdfd5f324df81646e47	1920	1080	12709.0	263.0	1816.0	39807.0	False	False	0.9956565833333335	0.9936096833333334
Netflix_Crosswalk_1920x1080_60fp	Netflix_Crosswalk_1920x1080_60fp	libaom	libaom_20210305_bee7eb1_enc-mode0	60	43	0	1853688.0	1853.6879999999999	42.41933333333332	46.55166666666666	48.297	42.3356	46.541066	48.289249	88.98822453333335	3200132.0	53.33553333333333	3186.51	1920	1080	60.0	8	413f8fe6b34ed6ea2e9ea20429a61d1f	712a8278e3cbe333f4aaf9870ea2d64a	1920	1080	12575.0	289.0	1551.0	24959.0	False	False	0.9921020333333331	0.9902079333333333
Netflix_Crosswalk_1920x1080_60fp	Netflix_Crosswalk_1920x1080_60fp	libaom	libaom_20210305_bee7eb1_enc-mode0	60	55	0	977504.0	977.504	40.25166666666668	45.180166666666665	46.85166666666667	40.131995	45.166654	46.838952	78.48197834999999	2197434.0	36.6239	2180.33	1920	1080	60.0	8	3fe59ecdf2943cb8dbfe623b8cc25d0c	4cde3bdd4b04e21161d2a0f1d8302b6f	1920	1080	11890.0	275.0	1331.0	39148.0	False	False	0.9842913500000001	0.9833379000000001
Netflix_Crosswalk_1920x1080_60fp	Netflix_Crosswalk_1920x1080_60fp	libaom	libaom_20210305_bee7eb1_enc-mode0	60	63	0	517376.0	517.376	37.562	43.43416666666667	44.99366666666667	37.407356	43.407639	44.966421	62.65207276666668	1498055.0	24.967583333333334	1486.63	1920	1080	60.0	8	5d69ed908e58396aac34284d31a8719e	7ae35c5106658d45097732093b2055a7	1920	1080	12675.0	295.0	1258.0	39313.0	False	False	0.9676956833333332	0.96967755
Netflix_DrivingPOV_1280x720_60fp	Netflix_DrivingPOV_1280x720_60fp	libaom	libaom_20210305_bee7eb1_enc-mode0	60	20	0	8414448.0	8414.448	42.08933333333334	45.89466666666666	44.699166666666656	42.065295	45.883949	44.69265	99.60008008333334	5337623.0	88.96038333333334	5328.01	1280	720	60.0	8	e5e3debca8068f73ca4c38d8a186a9f9	b07a233810e6eb020b33c48768d8c945	1280	720	7100.0	141.0	1308.0	11229.0	False	False	0.9977824999999998	0.9971128499999999
Netflix_DrivingPOV_1280x720_60fp	Netflix_DrivingPOV_1280x720_60fp	libaom	libaom_20210305_bee7eb1_enc-mode0	60	32	0	4384032.0	4384.032	39.843666666666664	44.567833333333326	43.772833333333324	39.816276	44.552627	43.766656	98.46491275	3762841.0	62.714016666666666	3759.22	1280	720	60.0	8	a5539489725fe63934624ef7cc94643c	875e3053600df78d96c6dc3dc19c899e	1280	720	8427.0	214.0	1059.0	18904.0	False	False	0.9959179833333334	0.9948254333333334
Netflix_DrivingPOV_1280x720_60fp	Netflix_DrivingPOV_1280x720_60fp	libaom	libaom_20210305_bee7eb1_enc-mode0	60	43	0	2443872.0	2443.872	37.71283333333335	43.25766666666668	42.901166666666676	37.67539	43.243725	42.896247	96.05751295000002	3067535.0	51.12558333333333	3059.05	1280	720	60.0	8	956339e5f532eced0ca2dea3f9f26694	490037375c01cf6cc93d95540c13ad24	1280	720	8733.0	128.0	779.0	18379.0	False	False	0.9922767833333332	0.9911152166666665
Netflix_DrivingPOV_1280x720_60fp	Netflix_DrivingPOV_1280x720_60fp	libaom	libaom_20210305_bee7eb1_enc-mode0	60	55	0	1250000.0	1250.0	35.12033333333333	41.37366666666666	41.66650000000001	35.082381000000005	41.361456	41.661236	90.85154448333333	2241722.0	37.362033333333336	2239.47	1280	720	60.0	8	ed5db77a2cf4d48bec821c0fc8a51b22	cc411e2e4fc4a7fce51bd246eca64245	1280	720	8416.0	139.0	694.0	17555.0	False	False	0.9864917333333333	0.9853042166666667
Netflix_DrivingPOV_1280x720_60fp	Netflix_DrivingPOV_1280x720_60fp	libaom	libaom_20210305_bee7eb1_enc-mode0	60	63	0	624472.0	624.472	32.30883333333335	39.263333333333335	40.17716666666666	32.259221	39.244432	40.16213	80.92544815000001	1328825.0	22.147083333333335	1325.4	1280	720	60.0	8	1fe9346f77ed2fa9946c438b5f8c8092	fdba97d8dd8cbe816470c4a1b1612cd7	1280	720	6891.0	125.0	518.0	17491.0	False	False	0.9761677333333333	0.9747075166666667
RollerCoastPas_1920x1080_2997_10	RollerCoastPas_1920x1080_2997_10	libaom	libaom_20210305_bee7eb1_enc-mode0	60	20	0	3041553.0	3041.553	45.28883333333335	45.4731666666667	43.875499999999995	45.28730600000001	45.472348	43.873449	97.13919798333333	6642327.0	110.70545	6628.21	1920	1080	29.97	10	354610cc6eebb62aac56fa19ca190351	9c933f78e3e2ab4505be68ab8422d76d	1920	1080	21325.0	540.0	1857.0	39366.0	False	False	0.9987148	0.9970547166666666
RollerCoastPas_1920x1080_2997_10	RollerCoastPas_1920x1080_2997_10	libaom	libaom_20210305_bee7eb1_enc-mode0	60	32	0	1600363.0	1600.363	44.41283333333333	44.991500000000016	43.410833333333315	44.41175	44.991388	43.410106	96.58888161666665	5666326.0	94.43876666666667	5649.16	1920	1080	29.97	10	8f67c2a24726111ea7ee311bae2d6674	8bf66ef287743dda5f9763f4a7d419bc	1920	1080	25140.0	510.0	1519.0	38908.0	False	False	0.9983465	0.9964375333333333
RollerCoastPas_1920x1080_2997_10	RollerCoastPas_1920x1080_2997_10	libaom	libaom_20210305_bee7eb1_enc-mode0	60	43	0	937429.0	937.429	43.080999999999996	44.22566666666669	42.756000000000014	43.078663	44.225718	42.754692	95.41572928333332	4605832.0	76.76386666666667	4557.7	1920	1080	29.97	10	213a7e2ba3a57824f82c4da2f4aa3fe1	7418b3ba51f4cc7e8aa854d366716e3f	1920	1080	25750.0	655.0	1367.0	25508.0	False	False	0.9975772999999999	0.9952200333333334
RollerCoastPas_1920x1080_2997_10	RollerCoastPas_1920x1080_2997_10	libaom	libaom_20210305_bee7eb1_enc-mode0	60	55	0	478039.0	478.039	40.80033333333333	42.63866666666666	41.391000000000005	40.796104	42.638267	41.390729	92.69293846666665	2423220.0	40.387	2408.77	1920	1080	29.97	10	7d3343b758c91b736962580d8d6e16c1	5a4f56077864de35bc46ecc5f12ba403	1920	1080	23548.0	496.0	1272.0	24155.0	False	False	0.9954709166666666	0.9921479999999999
RollerCoastPas_1920x1080_2997_10	RollerCoastPas_1920x1080_2997_10	libaom	libaom_20210305_bee7eb1_enc-mode0	60	63	0	217764.0	217.764	37.14733333333333	39.90716666666666	38.937666666666665	37.140059	39.904379	38.935076	84.63340598333333	2264655.0	37.74425	2215.54	1920	1080	29.97	10	37fc4ce439b16881f61e8cf60da1344b	6a9b88ba5618585775005fe094815c85	1920	1080	25998.0	587.0	1461.0	39955.0	False	False	0.9877905666666666	0.98236005
Netflix_PierSeaside_1920x1080_60	Netflix_PierSeaside_1920x1080_60	libaom	libaom_20210305_bee7eb1_enc-mode0	60	20	0	5790800.0	5790.8	45.127833333333335	47.35049999999998	45.43716666666668	45.099867	47.339857	45.423741	99.91390181666667	6267518.0	104.45863333333334	6237.03	1920	1080	60.0	8	df7d0f90da2a0697246d5bb07a95ef50	b8ce70f798252d990a5c997118e87635	1920	1080	14382.0	305.0	1616.0	39404.0	False	False	0.9978309	0.9964949500000001
Netflix_PierSeaside_1920x1080_60	Netflix_PierSeaside_1920x1080_60	libaom	libaom_20210305_bee7eb1_enc-mode0	60	32	0	2886880.0	2886.88	43.57816666666667	46.48866666666665	44.82666666666667	43.542972	46.482155	44.81851199999999	99.53294323333334	5032307.0	83.87178333333334	5010.95	1920	1080	60.0	8	49e3716b3528837b7b4b8ab4306d9fd4	389d2da6db19cb3e21b5bd56829e2f35	1920	1080	21701.0	273.0	1284.0	39345.0	False	False	0.9968847166666668	0.9950292833333333
Netflix_PierSeaside_1920x1080_60	Netflix_PierSeaside_1920x1080_60	libaom	libaom_20210305_bee7eb1_enc-mode0	60	43	0	1482152.0	1482.1519999999998	41.74016666666667	45.22916666666669	43.911333333333324	41.696056	45.224934	43.90586700000001	97.55030773333333	4026868.0	67.11446666666667	4005.76	1920	1080	60.0	8	5dbf1a8b79a31f9a41b23e95062eb8c6	d3ee3175cabb30446137f9ff7fba10ef	1920	1080	11519.0	328.0	1106.0	34588.0	False	False	0.9951238166666666	0.9925129333333335
Netflix_PierSeaside_1920x1080_60	Netflix_PierSeaside_1920x1080_60	libaom	libaom_20210305_bee7eb1_enc-mode0	60	55	0	740776.0	740.776	39.486666666666665	43.34400000000001	42.48883333333334	39.453061	43.342134	42.487301	93.05281023333332	1982397.0	33.03995	1975.0	1920	1080	60.0	8	374228209e955e38b5a4db9a64696d5a	8f90a9eed1f4bf482e9691e971d356ac	1920	1080	22703.0	285.0	1081.0	38767.0	False	False	0.99160895	0.9879767333333332
Netflix_PierSeaside_1920x1080_60	Netflix_PierSeaside_1920x1080_60	libaom	libaom_20210305_bee7eb1_enc-mode0	60	63	0	392728.0	392.728	36.82766666666667	41.05833333333332	40.61183333333333	36.80602	41.042218	40.60093	84.39320968333335	1428033.0	23.80055	1419.18	1920	1080	60.0	8	a0c417c46b5f0a2bf78910fa50a094a1	100e1affb954d94c1cf0c9652e2eed0e	1920	1080	13741.0	260.0	944.0	39865.0	False	False	0.9846699	0.9797543166666667
Netflix_RollerCoaster_1280x720_6	Netflix_RollerCoaster_1280x720_6	libaom	libaom_20210305_bee7eb1_enc-mode0	60	20	0	6055056.0	6055.056	44.17416666666665	46.12100000000001	46.227500000000006	44.15236	46.115918	46.223939	99.89585815000001	4174634.0	69.57723333333334	4162.35	1280	720	60.0	8	2be962cc07764585b04c94696b6bdf27	79bb25d1e74719141500a3d750a095ff	1280	720	7492.0	118.0	1109.0	10690.0	False	False	0.9975955666666667	0.99718985
Netflix_RollerCoaster_1280x720_6	Netflix_RollerCoaster_1280x720_6	libaom	libaom_20210305_bee7eb1_enc-mode0	60	32	0	3123200.0	3123.2	41.823499999999996	44.24450000000001	44.69100000000001	41.791501	44.236827	44.686715	99.72594823333333	3169533.0	52.82555	3139.82	1280	720	60.0	8	825b5a400c0282a3db85eee458b42d27	dd7c282f4dddec63ec01c309829d8ecd	1280	720	7516.0	140.0	1140.0	18628.0	False	False	0.9957048333333333	0.9952009833333335
Netflix_RollerCoaster_1280x720_6	Netflix_RollerCoaster_1280x720_6	libaom	libaom_20210305_bee7eb1_enc-mode0	60	43	0	1735512.0	1735.512	39.54083333333333	42.404500000000006	43.292500000000004	39.497793	42.390257	43.285834	96.28409953333332	2344245.0	39.07075	2331.26	1280	720	60.0	8	7f59858adbc20621795ee5ca15f985b4	716a03830d0e1970881a1bfc4226837e	1280	720	7222.0	144.0	885.0	12912.0	False	False	0.9922196833333333	0.9917651000000001
Netflix_RollerCoaster_1280x720_6	Netflix_RollerCoaster_1280x720_6	libaom	libaom_20210305_bee7eb1_enc-mode0	60	55	0	935184.0	935.184	36.903833333333324	40.23750000000002	41.64633333333333	36.860697	40.216992	41.637171	88.30391291666666	1541918.0	25.698633333333333	1531.18	1280	720	60.0	8	dbd910b1e1224715b0b7f955ae0d1c5b	fc20ecbc26e24821a458dbfb0028d2e9	1280	720	7309.0	126.0	670.0	17684.0	False	False	0.9840227000000001	0.9841751166666668
Netflix_RollerCoaster_1280x720_6	Netflix_RollerCoaster_1280x720_6	libaom	libaom_20210305_bee7eb1_enc-mode0	60	63	0	500144.0	500.144	33.97266666666666	37.92049999999998	39.87966666666667	33.903915	37.891704	39.86468	73.77663271666667	1269318.0	21.1553	1252.29	1280	720	60.0	8	c6e8c9efa7b3d9de19793317dff20cec	ea706c495d8cf83060cbf1e0a5a0bd9f	1280	720	6275.0	124.0	557.0	23164.0	False	False	0.9655021333333332	0.9685721333333334
blue_sky_360p_60f	blue_sky_360p_60f	libaom	libaom_20210305_bee7eb1_enc-mode0	60	20	0	955650.0	955.65	43.25916666666667	44.72866666666666	46.30233333333334	43.207978	44.689613	46.276021	99.93565928333334	1035596.0	17.259933333333333	1022.22	640	360	25.0	8	642714ec8d3872d0bbc8c927005d7829	838c4e1f46c9144cea8a1109718c7f05	640	360	2224.0	54.0	344.0	3179.0	False	False	0.9918075500000002	0.9983585333333332
blue_sky_360p_60f	blue_sky_360p_60f	libaom	libaom_20210305_bee7eb1_enc-mode0	60	32	0	507176.0	507.176	40.581833333333336	42.29433333333334	43.77466666666668	40.526279	42.262624	43.75987	99.92128708333333	775572.0	12.9262	767.62	640	360	25.0	8	b2602586c02ec179bd298d495abaf2b9	79df57fb058053c9220b9d6e24c6e335	640	360	2406.0	59.0	300.0	5417.0	False	False	0.98792245	0.9974810499999999
blue_sky_360p_60f	blue_sky_360p_60f	libaom	libaom_20210305_bee7eb1_enc-mode0	60	43	0	294696.0	294.696	38.060500000000005	39.960666666666654	41.50083333333332	37.985198	39.932973999999994	41.490308	98.96567503333331	472083.0	7.86805	471.36	640	360	25.0	8	535ebcd80f00b002aa521df15475b5f1	0e7de0ef6643e9f14814c0c58ff45853	640	360	2420.0	49.0	236.0	3145.0	False	False	0.9820935666666667	0.9960226500000001
blue_sky_360p_60f	blue_sky_360p_60f	libaom	libaom_20210305_bee7eb1_enc-mode0	60	55	0	157196.0	157.196	34.99966666666666	37.05783333333333	39.16233333333332	34.940096	37.044834	39.157974	93.2106566	316426.0	5.273766666666667	315.87	640	360	25.0	8	0785db481db3a94e8f7752d27100982f	3cad66c4ff4784e22b6cd774937c91d0	640	360	2279.0	51.0	244.0	5247.0	False	False	0.9692727	0.9927563500000001
blue_sky_360p_60f	blue_sky_360p_60f	libaom	libaom_20210305_bee7eb1_enc-mode0	60	63	0	90203.0	90.203	31.88616666666666	35.00249999999999	37.69983333333334	31.801515	34.993682	37.696223	84.01471753333333	229305.0	3.82175	228.49	640	360	25.0	8	c81875ac8d2ff41e4091b98c6bf8683c	3ce91ef9243c3d1d6965abb931bfa0f8	640	360	2414.0	57.0	185.0	5566.0	False	False	0.9457511166666667	0.9856046666666667
gipsrestat720p_60f	gipsrestat720p_60f	libaom	libaom_20210305_bee7eb1_enc-mode0	60	20	0	2635660.0	2635.6599999999994	44.467999999999996	47.431333333333335	49.09716666666667	44.450217	47.42383	49.09053000000001	96.60831461666666	3346619.0	55.776983333333334	3341.39	1280	720	50.0	8	28ed29e5a07de259ec551a81524e5d18	146a0ea7578603137d4ac7964c372fc7	1280	720	7279.0	120.0	641.0	17724.0	False	False	0.99741775	0.9967532
gipsrestat720p_60f	gipsrestat720p_60f	libaom	libaom_20210305_bee7eb1_enc-mode0	60	32	0	1336506.0	1336.506	43.363166666666665	47.08449999999997	48.60416666666669	43.33008	47.080499	48.597225	95.66984698333336	2101446.0	35.0241	2058.87	1280	720	50.0	8	ce39641d79b81386a9b0dcfc1a4bdad4	352820291f786c3abddbfeb9c1e78b96	1280	720	7002.0	126.0	464.0	18393.0	False	False	0.9966414333333334	0.9960183333333334
gipsrestat720p_60f	gipsrestat720p_60f	libaom	libaom_20210305_bee7eb1_enc-mode0	60	43	0	789313.0	789.313	42.09016666666667	46.45	47.849166666666655	42.035027	46.445008	47.844032	94.27632823333332	1139676.0	18.9946	1136.09	1280	720	50.0	8	639a5b962cce8116c77cce12c2365250	5bd486aa1e30ae5d0222707837c2bcaf	1280	720	7559.0	136.0	434.0	17824.0	False	False	0.9953660166666666	0.9948528000000001
gipsrestat720p_60f	gipsrestat720p_60f	libaom	libaom_20210305_bee7eb1_enc-mode0	60	55	0	423400.0	423.4	40.02183333333334	44.966499999999996	46.087333333333326	39.977451	44.964169	46.084601	91.24694256666668	657678.0	10.9613	655.51	1280	720	50.0	8	8ea6c8fc37a7c7cba936cfc91a0fbeec	1e5dab9b5b78610e2bf969b57ee2a9b5	1280	720	7480.0	172.0	503.0	17105.0	False	False	0.9921936500000001	0.9919819999999999
gipsrestat720p_60f	gipsrestat720p_60f	libaom	libaom_20210305_bee7eb1_enc-mode0	60	63	0	196906.0	196.906	36.34516666666668	41.97133333333332	42.679999999999986	36.326225	41.969457	42.678362	82.69798668333335	608441.0	10.140683333333333	606.12	1280	720	50.0	8	080bfcd1a4417eaf227b17721ed030c4	22df896dcf039074eac5ea43ca504bea	1280	720	7065.0	125.0	294.0	18257.0	False	False	0.98077505	0.9821522
niklas360p_60f	niklas360p_60f	libaom	libaom_20210305_bee7eb1_enc-mode0	60	20	0	1116300.0	1116.3	43.66916666666667	47.475333333333325	47.05333333333335	43.623996	47.417293	47.013691	97.97078295000001	1706310.0	28.4385	1704.84	640	360	30.0	8	780c4867729eb47d282bcb150093831e	6d5f4fc0d7459b35bec69346783ade24	640	360	2107.0	63.0	386.0	5264.0	False	False	0.98537755	0.9965525
niklas360p_60f	niklas360p_60f	libaom	libaom_20210305_bee7eb1_enc-mode0	60	32	0	640952.0	640.952	41.32316666666667	46.04233333333334	45.42050000000001	41.261818999999996	45.982845	45.380424	96.23418751666667	1230004.0	20.500066666666665	1227.88	640	360	30.0	8	9551df9001a66fad98b6e0a246c501ad	b054997d5b191bab0a15f15534a2b5bd	640	360	2056.0	49.0	274.0	5128.0	False	False	0.9797567833333333	0.9948459666666666
niklas360p_60f	niklas360p_60f	libaom	libaom_20210305_bee7eb1_enc-mode0	60	43	0	369108.0	369.108	38.686833333333325	44.52566666666668	43.64733333333334	38.616989	44.48768	43.622176	92.66106671666667	931823.0	15.530383333333333	928.47	640	360	30.0	8	542f479679faaf3c16b9e0a7e59b94ba	02735155c5a302ec66aefa14f47fcd82	640	360	2183.0	60.0	221.0	3181.0	False	False	0.9700370833333334	0.9915345166666666
niklas360p_60f	niklas360p_60f	libaom	libaom_20210305_bee7eb1_enc-mode0	60	55	0	203132.0	203.132	35.6955	42.75050000000001	41.593333333333334	35.621004	42.720042	41.57256	86.09132609999999	508176.0	8.4696	507.52	640	360	30.0	8	1d87f7494add763bcf048d8e0a4e3aa4	118474c37a9b6e719fa51b9f7afa576d	640	360	1768.0	48.0	173.0	5085.0	False	False	0.95216765	0.9846959
niklas360p_60f	niklas360p_60f	libaom	libaom_20210305_bee7eb1_enc-mode0	60	63	0	107740.0	107.74	32.40266666666666	40.72516666666668	39.33716666666666	32.307595	40.701287	39.314736	74.61139231666668	324949.0	5.415816666666666	323.8	640	360	30.0	8	fa6b5b2056ae050896a14001f328296a	11263466c26df9781b124b2473275dd7	640	360	1897.0	51.0	142.0	3189.0	False	False	0.9215591166666667	0.9704059333333332
red_kayak_360p_60f	red_kayak_360p_60f	libaom	libaom_20210305_bee7eb1_enc-mode0	60	20	0	8311201.0	8311.201	40.12616666666668	43.797166666666676	48.902666666666654	39.923322	43.693599	48.886521	99.89242081666666	3005657.0	50.09428333333334	2999.71	640	360	29.97	8	ea07178bdd18af472491fa3dbc4f167c	79f5187604365567d35d1e727ec9a333	640	360	2285.0	57.0	888.0	5230.0	False	False	0.9655530999999998	0.9926676999999999
red_kayak_360p_60f	red_kayak_360p_60f	libaom	libaom_20210305_bee7eb1_enc-mode0	60	32	0	4620933.0	4620.933	35.47716666666667	41.36033333333332	48.01716666666665	35.141689	41.240443	48.000888	97.76066044999999	3247078.0	54.11796666666667	3240.02	640	360	29.97	8	d4761c4bacb371ef60d7551030457ad9	ca7f1d6ed6106b9c404659ba18f68ddd	640	360	2603.0	57.0	751.0	5380.0	False	False	0.9250813666666666	0.9822094833333334
red_kayak_360p_60f	red_kayak_360p_60f	libaom	libaom_20210305_bee7eb1_enc-mode0	60	43	0	1923523.0	1923.523	30.91683333333333	39.24216666666665	47.166999999999994	30.622672	39.162503	47.094475	80.72585106666666	2450888.0	40.84813333333334	2447.75	640	360	29.97	8	d52eacf5fa7fc279d11f2ff55015988f	8280e3529586db24be2c4cd55c63a5b9	640	360	2673.0	52.0	504.0	3776.0	False	False	0.8417658499999999	0.9563041333333332
red_kayak_360p_60f	red_kayak_360p_60f	libaom	libaom_20210305_bee7eb1_enc-mode0	60	55	0	607848.0	607.848	27.58516666666667	37.83133333333333	46.43833333333334	27.378945	37.782794	46.25194	52.34307116666666	1261735.0	21.028916666666667	1258.64	640	360	29.97	8	60943ec5958aa1c439bbd863282140f7	08806da86361025aa3c34f9c82bd3bf5	640	360	2332.0	52.0	314.0	3170.0	False	False	0.7321872666666668	0.9038453166666667
red_kayak_360p_60f	red_kayak_360p_60f	libaom	libaom_20210305_bee7eb1_enc-mode0	60	63	0	169992.0	169.992	25.393999999999995	36.479000000000006	44.57233333333333	25.252013	36.423605	44.449214	22.19466163333333	546570.0	9.1095	544.66	640	360	29.97	8	6b511ff48803843db82fe683f8bc3b4b	21ebe695d6da535bc19dff37d3f8cabc	640	360	2199.0	50.0	183.0	3156.0	False	False	0.6483877666666668	0.8162408833333333
BarScene1_1920x1080_2997_10b	BarScene1_1920x1080_2997_10b	libaom	libaom_20210305_bee7eb1_enc-mode0	60	20	0	1627112.0	1627.112	42.54016666666668	44.80416666666666	43.68016666666668	42.539676	44.803758	43.679551	93.09900933333333	9911341.0	165.18901666666667	9877.38	1920	1080	29.97	10	deb1405f77022f4d3a957c7cc947fbfb	1c4226a3021af753849e809be9a09eaf	1920	1080	26232.0	709.0	1750.0	43738.0	False	False	0.9959711666666667	0.9912088833333335
BarScene1_1920x1080_2997_10b	BarScene1_1920x1080_2997_10b	libaom	libaom_20210305_bee7eb1_enc-mode0	60	32	0	602761.0	602.761	42.33149999999999	44.69866666666667	43.57333333333333	42.331135	44.698178	43.573222	92.42435978333333	6890483.0	114.84138333333334	6876.41	1920	1080	29.97	10	614eed3fd2347b1a57c621ce95204365	282b924255687a16632cbfafa86392e2	1920	1080	25739.0	583.0	1326.0	30250.0	False	False	0.9956145833333333	0.9906934333333334
BarScene1_1920x1080_2997_10b	BarScene1_1920x1080_2997_10b	libaom	libaom_20210305_bee7eb1_enc-mode0	60	43	0	299108.0	299.108	41.952666666666666	44.550333333333334	43.433666666666674	41.952542	44.550161	43.433438	90.99270493333333	4172032.0	69.53386666666667	4137.69	1920	1080	29.97	10	ba48c6c1ffb5366d69d2fef84496b85c	e718c7ed44a4071d3a3b3675e22ac77d	1920	1080	25579.0	548.0	1381.0	38247.0	False	False	0.9948429666666667	0.9895982
BarScene1_1920x1080_2997_10b	BarScene1_1920x1080_2997_10b	libaom	libaom_20210305_bee7eb1_enc-mode0	60	55	0	137213.0	137.213	41.18349999999999	44.202333333333335	43.127333333333354	41.182546	44.202182	43.127577	87.75103115	2167864.0	36.13106666666667	2127.48	1920	1080	29.97	10	4feeab8d3ce9fa4f5b9250e77c864854	da0c40f23551a6ac8017ed981ab011de	1920	1080	25549.0	511.0	1109.0	40755.0	False	False	0.9923353333333332	0.9866172666666666
BarScene1_1920x1080_2997_10b	BarScene1_1920x1080_2997_10b	libaom	libaom_20210305_bee7eb1_enc-mode0	60	63	0	60359.0	60.359	39.72066666666669	43.20483333333333	42.393500000000024	39.716474	43.204675	42.392622	78.25799823333332	1199679.0	19.99465	1181.88	1920	1080	29.97	10	19b7d693adb5f3a2548074a5ae8b25a2	c13beca36699ab7f1a61e8398031b30d	1920	1080	25478.0	542.0	1120.0	39144.0	False	False	0.9845064333333333	0.9793539833333333
STARCRAFT_60f_420	STARCRAFT_60f_420	libaom	libaom_20210305_bee7eb1_enc-mode0	60	20	0	7489216.0	7489.216	50.22433333333333	53.481333333333346	53.513333333333335	50.205225	53.463873	53.504146	97.54870148333335	1400432.0	23.340533333333333	1383.13	1920	1080	60.0	8	04db5fcb10de2e13c82c040827ed6d7c	ec799a95719d3da471deec899ebecf2e	1920	1080	14460.0	242.0	1061.0	40374.0	False	False	0.9996268333333335	0.9992878666666667
STARCRAFT_60f_420	STARCRAFT_60f_420	libaom	libaom_20210305_bee7eb1_enc-mode0	60	32	0	4692568.0	4692.568	47.60799999999999	51.64283333333334	51.77483333333335	47.57668	51.612218	51.759533	96.94333001666668	1559308.0	25.988466666666667	1550.35	1920	1080	60.0	8	870c6ed67a77c8d614929047c5fe7672	e7d78a3997983b4ac9e5f7af829128c5	1920	1080	14101.0	251.0	1006.0	40533.0	False	False	0.99931515	0.9987596166666666
STARCRAFT_60f_420	STARCRAFT_60f_420	libaom	libaom_20210305_bee7eb1_enc-mode0	60	43	0	2791872.0	2791.872	44.43149999999999	49.355	49.55966666666668	44.393675	49.31922	49.546563	95.79170656666666	1453092.0	24.2182	1441.27	1920	1080	60.0	8	c2f421ebe1b125c7710fef1c517957c4	277e89e1552b1b76defb01e33c78c9f6	1920	1080	14497.0	266.0	958.0	40560.0	False	False	0.9985104166666667	0.99745305
STARCRAFT_60f_420	STARCRAFT_60f_420	libaom	libaom_20210305_bee7eb1_enc-mode0	60	55	0	1408472.0	1408.472	40.431833333333344	46.0375	46.337999999999994	40.410472	46.021025	46.33017499999999	92.62227346666666	1305367.0	21.756116666666667	1298.04	1920	1080	60.0	8	81e27e47033b65ea806ebbefcd9621df	f3f34e39d5256263fe82c38fdd92340d	1920	1080	14440.0	234.0	866.0	39019.0	False	False	0.9955610833333333	0.9931547666666667
STARCRAFT_60f_420	STARCRAFT_60f_420	libaom	libaom_20210305_bee7eb1_enc-mode0	60	63	0	593720.0	593.72	35.63533333333335	42.142666666666656	42.41233333333332	35.629671	42.137528	42.407834	83.28729031666666	1173295.0	19.554916666666667	1170.76	1920	1080	60.0	8	687e5c6012adc76067990e3d6f28bb12	14bc7300cecaa2663bd8910fac4c7ee2	1920	1080	14655.0	230.0	694.0	37940.0	False	False	0.9846660833333334	0.97951645
dark720p_60f	dark720p_60f	libaom	libaom_20210305_bee7eb1_enc-mode0	60	20	0	4411640.0	4411.64	44.57166666666665	41.831999999999994	43.68033333333333	44.385148	41.691947	43.590009	94.8549923	5098869.0	84.98115	5075.98	1280	720	30.0	8	60e54dc8518bbf98e5ee550eb72ecc46	ff871a541c67b54f989bb7fca07876e9	1280	720	4958.0	135.0	1447.0	18136.0	False	False	0.9923976666666667	0.9936019833333332
dark720p_60f	dark720p_60f	libaom	libaom_20210305_bee7eb1_enc-mode0	60	32	0	927536.0	927.536	43.002166666666675	38.15766666666668	41.46483333333332	42.909855	38.095864	41.453188	92.46708523333334	2951209.0	49.186816666666665	2934.68	1280	720	30.0	8	6f5b5a1a353ae980e82ce6e4783cb7a7	6d20e96d6c8aa4af69f8df8f8e08df19	1280	720	6007.0	119.0	741.0	17342.0	False	False	0.990719	0.9922563
dark720p_60f	dark720p_60f	libaom	libaom_20210305_bee7eb1_enc-mode0	60	43	0	266828.0	266.828	42.20533333333333	37.00233333333334	40.90566666666668	42.140824	37.00038299999999	40.902078	90.61460081666665	2036578.0	33.94296666666666	2032.82	1280	720	30.0	8	08384dbab9de82049ce80d6de5bc2756	beb4ad7a212fdb2fc18de2c047698fdd	1280	720	65174.0	128.0	473.0	10987.0	False	False	0.9892914166666666	0.9911680833333333
dark720p_60f	dark720p_60f	libaom	libaom_20210305_bee7eb1_enc-mode0	60	55	0	130764.0	130.764	41.13616666666667	36.52566666666666	40.222500000000004	41.09332	36.524508	40.219214	87.38618914999999	873173.0	14.552883333333334	870.95	1280	720	30.0	8	f51b9e37f3f3683c1b3914e298906dc6	437e5f61c40466a0e121fc2c96be33ab	1280	720	4825.0	121.0	378.0	17437.0	False	False	0.9863824166666668	0.9889443833333333
dark720p_60f	dark720p_60f	libaom	libaom_20210305_bee7eb1_enc-mode0	60	63	0	73164.0	73.164	39.335666666666654	35.665	38.9805	39.299497	35.661228	38.97018	81.01377076666668	533831.0	8.897183333333333	531.88	1280	720	30.0	8	1b7d0410621310752ffb7ec8ee0f6e1b	ae0746268416895f921b26aefe7cb462	1280	720	6086.0	134.0	375.0	11467.0	False	False	0.9804816333333334	0.9844008666666667
kirland360p_60f	kirland360p_60f	libaom	libaom_20210305_bee7eb1_enc-mode0	60	20	0	268640.0	268.64	47.21383333333335	48.5225	49.76499999999998	47.153823	48.484033	49.726945	95.91109838333334	503105.0	8.385083333333334	502.06	640	360	30.0	8	88fd117af7469df3cc62ebe22686fb8f	d4f6162232685afa9abcf7c1eaaff994	640	360	1588.0	51.0	133.0	5203.0	False	False	0.9908674833333334	0.9973269666666666
kirland360p_60f	kirland360p_60f	libaom	libaom_20210305_bee7eb1_enc-mode0	60	32	0	159296.0	159.296	46.17983333333333	47.979499999999994	49.033833333333355	46.12293	47.939311	49.004003	95.03539739999998	315006.0	5.2501	314.64	640	360	30.0	8	e2f67694e94a581a5bdd884202f3c34d	c9350a9ed34dbdde3299877e7860f0a9	640	360	1537.0	53.0	122.0	5121.0	False	False	0.9898737166666668	0.9968671333333333
kirland360p_60f	kirland360p_60f	libaom	libaom_20210305_bee7eb1_enc-mode0	60	43	0	110972.0	110.972	45.08283333333333	47.61416666666666	48.30216666666667	45.009417	47.579444	48.278948	93.74890056666666	257633.0	4.2938833333333335	256.15	640	360	30.0	8	e3d2de21c39542de1911953e4be46042	6af84521737ebab659105393ee3af3b7	640	360	1562.0	73.0	132.0	4912.0	False	False	0.9886364666666666	0.9963795166666666
kirland360p_60f	kirland360p_60f	libaom	libaom_20210305_bee7eb1_enc-mode0	60	55	0	70516.0	70.516	43.57200000000001	46.90266666666666	47.26466666666667	43.399125	46.848288	47.187442	91.19667653333333	129833.0	2.163883333333333	129.64	640	360	30.0	8	ddce6948cb7e0e9ae00bfbc428f21e14	c70eaa778d6e6aac51473de119f00341	640	360	1555.0	48.0	90.0	3128.0	False	False	0.9865342333333333	0.9954605333333333
kirland360p_60f	kirland360p_60f	libaom	libaom_20210305_bee7eb1_enc-mode0	60	63	0	50764.0	50.764	41.829166666666666	46.18899999999999	46.33683333333335	41.199525	45.99094	45.920545	87.40974628333333	97802.0	1.6300333333333332	97.55	640	360	30.0	8	701ab0c81ae459afd44dfd2c04afb5f5	84909358ffff535a02773913b80b5d6c	640	360	1302.0	51.0	93.0	3147.0	False	False	0.9827747833333335	0.9939396833333334
shields_640x360_60f	shields_640x360_60f	libaom	libaom_20210305_bee7eb1_enc-mode0	60	20	0	1643506.0	1643.506	41.59883333333333	44.338333333333345	45.87516666666665	41.465095	44.312738	45.794003	99.46868708333334	1330194.0	22.1699	1329.4	640	360	50.0	8	0c339917a6a5af07e589be138f9fcc67	97c4b9d3310c8c84b75af1520adb554f	640	360	6249.0	56.0	349.0	3234.0	False	False	0.9832781333333334	0.9979577166666667
shields_640x360_60f	shields_640x360_60f	libaom	libaom_20210305_bee7eb1_enc-mode0	60	32	0	921326.0	921.3259999999999	39.53133333333333	42.39616666666667	44.01499999999999	39.336497	42.342503	43.886304	99.43803245	1304322.0	21.7387	1279.31	640	360	50.0	8	869bfe833f341165511f4a567958d6df	f315ea29177e81d5692384c08a510e66	640	360	3140.0	69.0	320.0	3395.0	False	False	0.9762055166666667	0.9968826333333334
shields_640x360_60f	shields_640x360_60f	libaom	libaom_20210305_bee7eb1_enc-mode0	60	43	0	557886.0	557.886	37.3295	40.430166666666665	42.211999999999996	37.065774	40.331113	42.045298	99.3457684	642117.0	10.70195	641.57	640	360	50.0	8	0f97c3a4ec50704ccf1ecdcbafd9efba	d8d21db91050a10b2915beb4c070d194	640	360	2568.0	49.0	194.0	5078.0	False	False	0.9648558500000001	0.9949745333333333
shields_640x360_60f	shields_640x360_60f	libaom	libaom_20210305_bee7eb1_enc-mode0	60	55	0	330520.0	330.5199999999999	34.413166666666676	38.03433333333334	40.05083333333334	34.055612	37.857033	39.797095	95.71861683333333	434231.0	7.237183333333333	433.11	640	360	50.0	8	4b48c8ce844b98ff147399c34f523e2e	1e212819f03a3c946ca6bd1c9886ae78	640	360	3244.0	51.0	156.0	5222.0	False	False	0.9400678166666666	0.9900554333333333
shields_640x360_60f	shields_640x360_60f	libaom	libaom_20210305_bee7eb1_enc-mode0	60	63	0	196333.0	196.333	31.194	35.89499999999998	37.66833333333333	30.678077	35.641816	37.392469	86.22778279999997	307857.0	5.13095	306.89	640	360	50.0	8	6df0fd04df5ec4829fff140d9b94820c	02935a2f98181e3aa34d15dbc582f77f	640	360	2616.0	55.0	129.0	3318.0	False	False	0.8886243	0.9769819333333333
ShowGirl2TeaserClip4000_1920x108	ShowGirl2TeaserClip4000_1920x108	libaom	libaom_20210305_bee7eb1_enc-mode0	60	20	0	2369180.0	2369.18	42.303333333333335	46.686000000000035	49.60216666666667	42.301301	46.684497	49.599408	95.16851441666668	13223225.0	220.38708333333332	13169.67	1920	1080	25.0	10	5a7719939818d76a70b2e71f00a603cd	6a57095ff1565f87950ac9ad0453687a	1920	1080	26481.0	526.0	2452.0	39340.0	False	False	0.9960128833333334	0.9913655499999998
ShowGirl2TeaserClip4000_1920x108	ShowGirl2TeaserClip4000_1920x108	libaom	libaom_20210305_bee7eb1_enc-mode0	60	32	0	1143126.0	1143.126	41.613333333333316	46.23083333333334	48.7575	41.608558	46.22903	48.756825	93.22816783333334	11389378.0	189.82296666666667	11332.12	1920	1080	25.0	10	04c7afadc45fe95758318542f4ac37d4	4b5a3aceef9bff235d35bcbdb84e095f	1920	1080	25875.0	551.0	2159.0	24533.0	False	False	0.9950191333333332	0.9901183333333332
ShowGirl2TeaserClip4000_1920x108	ShowGirl2TeaserClip4000_1920x108	libaom	libaom_20210305_bee7eb1_enc-mode0	60	43	0	633813.0	633.813	40.60666666666666	45.68433333333335	47.8435	40.591728	45.683259	47.842363	90.03125259999999	6800680.0	113.34466666666667	6787.15	1920	1080	25.0	10	be8e27d6cbed5efbe2b7f1a436bd714d	f6f178fd558398b2211ab7501c280d44	1920	1080	25809.0	583.0	2741.0	40213.0	False	False	0.9931636833333334	0.9879909166666666
ShowGirl2TeaserClip4000_1920x108	ShowGirl2TeaserClip4000_1920x108	libaom	libaom_20210305_bee7eb1_enc-mode0	60	55	0	344706.0	344.706	39.05083333333332	44.855833333333344	46.60716666666667	39.020513	44.854476	46.60687	83.81137155000003	3726323.0	62.105383333333336	3702.73	1920	1080	25.0	10	c3f66e577eb1d83952467e02cabf6c2e	09ce07ed1836755ab63a9e0a072ae7e7	1920	1080	26422.0	629.0	1832.0	24687.0	False	False	0.9891884999999999	0.9836183999999998
ShowGirl2TeaserClip4000_1920x108	ShowGirl2TeaserClip4000_1920x108	libaom	libaom_20210305_bee7eb1_enc-mode0	60	63	0	180736.0	180.736	36.74283333333334	43.071666666666665	44.90416666666669	36.693875	43.067215	44.891324000000004	72.49207343333333	2509934.0	41.832233333333335	2495.91	1920	1080	25.0	10	3959fcfe97c4ebc90ed0f6040d295fd5	de764dc79aa4a0788529ab58c111a29f	1920	1080	25668.0	554.0	1537.0	39833.0	False	False	0.9792338999999999	0.9733380666666667
DOTA2_60f_420	DOTA2_60f_420	libaom	libaom_20210305_bee7eb1_enc-mode0	60	20	0	12403464.0	12403.464	44.790999999999976	48.690333333333335	48.84649999999999	44.736004	48.628303	48.818124	97.11210243333333	5281424.0	88.02373333333334	5272.64	1920	1080	60.0	8	335f5b53eb4e232ee668777ce1db2295	bf123dcb8bef35e73f3fec480ec70169	1920	1080	16410.0	277.0	2036.0	38285.0	False	False	0.99837745	0.9969280833333333
DOTA2_60f_420	DOTA2_60f_420	libaom	libaom_20210305_bee7eb1_enc-mode0	60	32	0	6304560.0	6304.56	42.41716666666669	46.475666666666676	46.81150000000001	42.344183	46.397971	46.776065	94.96980766666665	5821027.0	97.01711666666667	5787.9	1920	1080	60.0	8	11ceeaaa076c437006e5ccdc68ddf473	a3e3692c2d153f7a6b84858abee883e1	1920	1080	15563.0	255.0	1640.0	31642.0	False	False	0.9969572499999999	0.9944295500000001
DOTA2_60f_420	DOTA2_60f_420	libaom	libaom_20210305_bee7eb1_enc-mode0	60	43	0	3312632.0	3312.632	40.074666666666666	44.29216666666665	44.72283333333333	39.990351	44.199848	44.685773	91.35248901666665	4508626.0	75.14376666666666	4480.85	1920	1080	60.0	8	b4abe5c1625bd91ddf5f9657c1fe3ef8	41f61de351bbedc46062d1d2fae40790	1920	1080	12918.0	294.0	1411.0	39359.0	False	False	0.9939408	0.98977445
DOTA2_60f_420	DOTA2_60f_420	libaom	libaom_20210305_bee7eb1_enc-mode0	60	55	0	1599928.0	1599.928	37.31216666666667	41.779166666666676	42.23733333333334	37.225476	41.693579	42.210429	84.14669476666667	2969233.0	49.48721666666667	2963.76	1920	1080	60.0	8	8ceb6464b73ee8b49e3bf20cf7deaaae	f32028ca3b78117768a19cc2034e97cf	1920	1080	16238.0	272.0	1179.0	28006.0	False	False	0.9852654000000001	0.9788086333333333
DOTA2_60f_420	DOTA2_60f_420	libaom	libaom_20210305_bee7eb1_enc-mode0	60	63	0	797976.0	797.976	34.51316666666667	39.05616666666668	39.5285	34.419238	38.979708	39.497845	71.53697145	2470996.0	41.18326666666667	2449.23	1920	1080	60.0	8	4657165be28ac596c96dd98b94ccf507	8852ce6d70914bd940766597e9c5e6d0	1920	1080	21123.0	303.0	1073.0	27738.0	False	False	0.9654576666666667	0.9584190833333335
speed_bag_640x360_60f	speed_bag_640x360_60f	libaom	libaom_20210305_bee7eb1_enc-mode0	60	20	0	412366.0	412.366	46.487166666666674	49.466833333333334	50.97133333333333	46.416816	49.423088	50.918739	98.20541531666667	645462.0	10.7577	644.91	640	360	29.97	8	4a986d43dc333de08d613bad05e190ff	c96bce21615f086f68a98f35fb23c332	640	360	1967.0	53.0	252.0	3306.0	False	False	0.9883042166666665	0.9973477
speed_bag_640x360_60f	speed_bag_640x360_60f	libaom	libaom_20210305_bee7eb1_enc-mode0	60	32	0	232192.0	232.192	44.67433333333333	47.990166666666674	49.73933333333335	44.543657	47.921698	49.644297	97.23370065	405151.0	6.752516666666667	404.83	640	360	29.97	8	0d61dd8f5e9ade7210bd71e5dfaf9c92	1a67686048d93ca3934d76b9e9ba6abe	640	360	1701.0	52.0	192.0	5194.0	False	False	0.9851237333333333	0.9959689500000002
speed_bag_640x360_60f	speed_bag_640x360_60f	libaom	libaom_20210305_bee7eb1_enc-mode0	60	43	0	141364.0	141.364	42.70783333333331	46.41150000000002	48.36233333333334	42.512561	46.321493	48.221029	94.66649	310490.0	5.174833333333333	309.21	640	360	29.97	8	e1133db5a9f8f654e92a6ee02d162338	9ef26b5a5fb50e5200ed4dc60d6d0228	640	360	1654.0	68.0	162.0	3250.0	False	False	0.9812499333333332	0.9939012166666665
speed_bag_640x360_60f	speed_bag_640x360_60f	libaom	libaom_20210305_bee7eb1_enc-mode0	60	55	0	82952.0	82.952	40.20733333333332	44.26633333333333	46.62083333333333	39.927044	44.173642	46.436252	87.90481813333334	170512.0	2.8418666666666668	170.11	640	360	29.97	8	406e82af2954822a86ea9d968cca4606	26ea047f22f4825e500607aa41035240	640	360	1481.0	57.0	131.0	3099.0	False	False	0.9743826166666666	0.9897466333333332
speed_bag_640x360_60f	speed_bag_640x360_60f	libaom	libaom_20210305_bee7eb1_enc-mode0	60	63	0	51452.0	51.452	37.44950000000001	42.17049999999999	44.493333333333354	37.051869	42.044162	44.22966	77.84529093333336	117981.0	1.96635	117.55	640	360	29.97	8	442ac52a179d8d8e9a0f2b7fd933cf2c	f6af4a1d1db2cb0470bc900b4961a21a	640	360	1405.0	51.0	112.0	6268.0	False	False	0.9641484333333333	0.9812670666666666
thaloundeskmtg360p_60f	thaloundeskmtg360p_60f	libaom	libaom_20210305_bee7eb1_enc-mode0	60	20	0	709244.0	709.244	44.32016666666667	48.32949999999999	48.3635	44.042333	48.220607	48.310604	96.640795	592686.0	9.8781	592.32	640	360	30.0	8	4b3280707f8e4a43ac6deb0c75201a65	512c43dac5d6cbb16540c31d3cd82705	640	360	2193.0	49.0	224.0	5145.0	False	False	0.9920592166666666	0.99828675
thaloundeskmtg360p_60f	thaloundeskmtg360p_60f	libaom	libaom_20210305_bee7eb1_enc-mode0	60	32	0	396732.0	396.732	42.809000000000005	47.126000000000005	47.185333333333325	42.417804	47.028461	47.127338	95.51442459999998	370362.0	6.1727	369.11	640	360	30.0	8	46c8308f3e022958d6c7bdc54f4e1708	24614b628b1307862c79dfa0cdf69be7	640	360	2132.0	58.0	188.0	5364.0	False	False	0.9898523666666665	0.9975858000000001
thaloundeskmtg360p_60f	thaloundeskmtg360p_60f	libaom	libaom_20210305_bee7eb1_enc-mode0	60	43	0	240024.0	240.024	40.97916666666666	45.73066666666668	45.77416666666665	40.510262	45.638251	45.707803	93.58178413333334	306264.0	5.1044	302.91	640	360	30.0	8	aa759f7713b1019e8dd94fcc183d6e74	158fe021687076ee167bf1984251834f	640	360	2118.0	62.0	176.0	4070.0	False	False	0.9862903166666667	0.9963373666666666
thaloundeskmtg360p_60f	thaloundeskmtg360p_60f	libaom	libaom_20210305_bee7eb1_enc-mode0	60	55	0	138524.0	138.524	38.42733333333334	43.716499999999996	43.59416666666664	37.911425	43.621435	43.495731	89.67919120000002	168059.0	2.8009833333333334	167.8	640	360	30.0	8	7afef946cb31cd4dac2dfe0b010a48a1	54cc877e962081b9e79f4100de044d52	640	360	2196.0	61.0	131.0	5096.0	False	False	0.9793659	0.9936178833333333
thaloundeskmtg360p_60f	thaloundeskmtg360p_60f	libaom	libaom_20210305_bee7eb1_enc-mode0	60	63	0	69492.0	69.492	34.496666666666655	40.502	40.76100000000001	33.71117	40.284293	40.574044	79.67780641666667	132069.0	2.20115	131.4	640	360	30.0	8	f4322c39f29e13f75260694af27a8c51	d4574ddb5b3f8268c8e4d9d7b7d54771	640	360	2119.0	82.0	165.0	5365.0	False	False	0.95830625	0.9841990499999999
vidyo1_720p_60fps_60f	vidyo1_720p_60fps_60f	libaom	libaom_20210305_bee7eb1_enc-mode0	60	20	0	3193728.0	3193.728	45.161666666666655	48.12583333333334	49.51766666666668	45.147016	48.116123	49.51061	96.19539578333334	4107607.0	68.46011666666666	4077.84	1280	720	60.0	8	16954f59a2e6fe2f578d52e8dcbb1af1	ef1412b515f2d8605ba95f9e80939898	1280	720	6201.0	132.0	675.0	17608.0	False	False	0.9972645666666667	0.9966576666666666
vidyo1_720p_60fps_60f	vidyo1_720p_60fps_60f	libaom	libaom_20210305_bee7eb1_enc-mode0	60	32	0	1478352.0	1478.352	44.078333333333354	47.7725	49.04533333333333	44.067999	47.766114	49.040221	95.19315308333333	1866954.0	31.1159	1860.28	1280	720	60.0	8	6bcddc2c21b6158e028f04aa061d914f	0f47ca8091a6949a967710d82a9998de	1280	720	6615.0	133.0	647.0	17822.0	False	False	0.9963058666666667	0.9957350333333334
vidyo1_720p_60fps_60f	vidyo1_720p_60fps_60f	libaom	libaom_20210305_bee7eb1_enc-mode0	60	43	0	784048.0	784.048	42.87700000000002	47.269499999999994	48.346499999999985	42.86842	47.265994	48.342507	93.47485018333334	1120182.0	18.6697	1117.89	1280	720	60.0	8	b7df23a2eea08623e3b588bff9a0b469	ddf234484c64b6c1645e486bcf2a810b	1280	720	5925.0	139.0	451.0	13550.0	False	False	0.9947737666666667	0.9943622166666668
vidyo1_720p_60fps_60f	vidyo1_720p_60fps_60f	libaom	libaom_20210305_bee7eb1_enc-mode0	60	55	0	414648.0	414.648	41.028499999999994	46.11899999999999	46.88866666666668	41.017595	46.117026	46.886863999999996	90.07154736666665	727436.0	12.123933333333333	724.45	1280	720	60.0	8	301549d475993b54594cc530ac1a9122	a311d44562f6aacc0891402812119227	1280	720	6461.0	157.0	560.0	17967.0	False	False	0.9910738499999999	0.9912757166666667
vidyo1_720p_60fps_60f	vidyo1_720p_60fps_60f	libaom	libaom_20210305_bee7eb1_enc-mode0	60	63	0	207568.0	207.568	37.92749999999999	43.83966666666667	44.18166666666668	37.910967	43.833244	44.177045	80.97813106666666	512059.0	8.534316666666667	509.86	1280	720	60.0	8	f16b839ae5b0ae85f10b72cc5626fd16	def5081e51f0c54f1c9c5e2ce64e32e0	1280	720	6609.0	157.0	451.0	18473.0	False	False	0.9790416000000001	0.9816752666666666
Starting_1920x1080p_50_10b_pq_70	Starting_1920x1080p_50_10b_pq_70	libaom	libaom_20210305_bee7eb1_enc-mode0	60	20	0	4574180.0	4574.180000000001	47.086499999999994	50.00599999999998	51.8095	47.044207	49.945827	51.72171	97.03409020000002	8427632.0	140.46053333333333	8409.04	1920	1080	50.0	10	a68952a31e3bb8ba828c893d8a19ba61	02664c6da4aaa69b74a167091de6801f	1920	1080	21949.0	522.0	1998.0	24317.0	False	False	0.9992893666666666	0.9982730833333334
Starting_1920x1080p_50_10b_pq_70	Starting_1920x1080p_50_10b_pq_70	libaom	libaom_20210305_bee7eb1_enc-mode0	60	32	0	2499200.0	2499.2	45.87116666666666	48.93516666666667	50.33083333333335	45.819393	48.899702	50.288969	96.35493775000002	11559377.0	192.65628333333333	11494.15	1920	1080	50.0	10	9a2d6a1a5cec7fc07d38aaea2cd99004	45a7b07b29d1cf99e20765136032170f	1920	1080	21100.0	509.0	1634.0	38909.0	False	False	0.99894225	0.9977071833333334
Starting_1920x1080p_50_10b_pq_70	Starting_1920x1080p_50_10b_pq_70	libaom	libaom_20210305_bee7eb1_enc-mode0	60	43	0	1457180.0	1457.18	44.182833333333335	47.57983333333332	48.46716666666665	44.130068	47.570356	48.456682	94.65936296666665	7683901.0	128.06501666666668	7667.64	1920	1080	50.0	10	9983fee644d6db1bc470ee68ebd829d3	93d1c4e938c62a741610fa40ee76babd	1920	1080	21913.0	480.0	1534.0	38722.0	False	False	0.9981844666666666	0.99663845
Starting_1920x1080p_50_10b_pq_70	Starting_1920x1080p_50_10b_pq_70	libaom	libaom_20210305_bee7eb1_enc-mode0	60	55	0	754166.0	754.166	41.30950000000002	45.507499999999986	45.941333333333354	41.28249	45.506649	45.940612	90.20647373333334	5043731.0	84.06218333333334	5016.99	1920	1080	50.0	10	d220a1fa7930b654e48d139294d3ccd3	3f24f8d1facc0d3cfd5d55d6e415a2d2	1920	1080	17559.0	636.0	1798.0	25225.0	False	False	0.9958679666666667	0.9935092333333334
Starting_1920x1080p_50_10b_pq_70	Starting_1920x1080p_50_10b_pq_70	libaom	libaom_20210305_bee7eb1_enc-mode0	60	63	0	324673.0	324.673	36.83383333333334	42.83699999999999	43.07516666666667	36.827605	42.833389	43.071369	77.60549338333334	4368279.0	72.80465	4354.04	1920	1080	50.0	10	3ba06580f5acfd4f36d937317362554e	27aecb66b8828ab32359b1cb63db33ff	1920	1080	22630.0	518.0	1374.0	39255.0	False	False	0.9869568833333333	0.9818200333333333
Netflix_Aerial_1920x1080_60fps_8	Netflix_Aerial_1920x1080_60fps_8	libaom	libaom_20210305_bee7eb1_enc-mode0	60	20	0	16897368.0	16897.368	42.23483333333332	45.42366666666668	45.195166666666665	42.19669	45.410826	45.187835	96.32006536666668	9971496.0	166.1916	9956.47	1920	1080	60.0	8	2bc563a9b2ee5aa46d999487ab7c2bc4	ebb5a41e9a81024913f2584d45f21fd8	1920	1080	17998.0	297.0	2697.0	26039.0	False	False	0.9976171166666669	0.9960804000000001
Netflix_Aerial_1920x1080_60fps_8	Netflix_Aerial_1920x1080_60fps_8	libaom	libaom_20210305_bee7eb1_enc-mode0	60	32	0	9013568.0	9013.568	40.45250000000001	44.24716666666667	44.28099999999999	40.381087	44.236573	44.277646	94.23883048333336	7755254.0	129.25423333333333	7737.68	1920	1080	60.0	8	705368522c354acf5366e0affb6aee4d	ca583f427996fc43489b86c7a907e978	1920	1080	19064.0	250.0	1925.0	39144.0	False	False	0.9962206166666667	0.9939419666666666
Netflix_Aerial_1920x1080_60fps_8	Netflix_Aerial_1920x1080_60fps_8	libaom	libaom_20210305_bee7eb1_enc-mode0	60	43	0	4801160.0	4801.16	38.28549999999999	42.780666666666676	43.21749999999997	38.198164	42.774964	43.21441	90.98310108333332	7160191.0	119.33651666666667	7108.17	1920	1080	60.0	8	620f47d14d572d3e6565fbb7ab88230e	3d5cf606c766f9414eba6fb2f0e6d304	1920	1080	17178.0	257.0	1744.0	45187.0	False	False	0.9935953833333334	0.9897697166666667
Netflix_Aerial_1920x1080_60fps_8	Netflix_Aerial_1920x1080_60fps_8	libaom	libaom_20210305_bee7eb1_enc-mode0	60	55	0	2328480.0	2328.48	35.571666666666665	40.99583333333335	42.024	35.523488	40.990721	42.015778	84.78674061666668	4844266.0	80.73776666666667	4800.11	1920	1080	60.0	8	3d41373d2440dbf24fb84f43c2fbef80	5a10ae050a6f61b479f18c21d0ea8aba	1920	1080	14979.0	279.0	1342.0	42372.0	False	False	0.98782995	0.9799680000000001
Netflix_Aerial_1920x1080_60fps_8	Netflix_Aerial_1920x1080_60fps_8	libaom	libaom_20210305_bee7eb1_enc-mode0	60	63	0	960624.0	960.624	32.28149999999999	39.0485	40.84600000000001	32.24231	39.021406	40.824381	69.66729433333333	3166711.0	52.77851666666667	3157.02	1920	1080	60.0	8	60a24d889c4a263df54a8308292d13b5	b2caf6e26f9ee6555e64e7aee05f5ae7	1920	1080	18517.0	268.0	1066.0	40157.0	False	False	0.9684012333333333	0.9495014500000001
Netflix_TunnelFlag_1920x1080_60f	Netflix_TunnelFlag_1920x1080_60f	libaom	libaom_20210305_bee7eb1_enc-mode0	60	20	0	22053800.0	22053.8	42.27716666666666	46.53916666666667	48.127	42.25317499999999	46.53446	48.121642	99.91989715	8870954.0	147.84923333333333	8835.56	1920	1080	60.0	8	8999aaa20fe0b1bf44e39041633e36d2	e45825dc98c0cb76779fa33f3afa6108	1920	1080	15986.0	229.0	3289.0	39042.0	False	False	0.9984931833333334	0.9962275333333335
Netflix_TunnelFlag_1920x1080_60f	Netflix_TunnelFlag_1920x1080_60f	libaom	libaom_20210305_bee7eb1_enc-mode0	60	32	0	11709656.0	11709.656	40.109666666666676	44.93066666666665	46.89666666666668	40.082683	44.927745	46.892327	99.90478379999999	7077705.0	117.96175	7066.94	1920	1080	60.0	8	653640c528ff2b6d65bd36a278b0e822	e9f089f5e5570068c51119a3afc1e7bc	1920	1080	16062.0	243.0	2845.0	38488.0	False	False	0.9972906666666667	0.9937201333333334
Netflix_TunnelFlag_1920x1080_60f	Netflix_TunnelFlag_1920x1080_60f	libaom	libaom_20210305_bee7eb1_enc-mode0	60	43	0	6176488.0	6176.488	37.776	43.062166666666684	45.669333333333334	37.741489	43.06002	45.665626	99.87492168333333	6357128.0	105.95213333333334	6314.35	1920	1080	60.0	8	5d22de104e01f41de9a9e4354e26ba30	e3bcb52db333b33335002b9df6aef2c8	1920	1080	13420.0	356.0	3786.0	33022.0	False	False	0.9949816166666667	0.9896808500000002
Netflix_TunnelFlag_1920x1080_60f	Netflix_TunnelFlag_1920x1080_60f	libaom	libaom_20210305_bee7eb1_enc-mode0	60	55	0	3259792.0	3259.792	35.323166666666665	40.958833333333324	43.87983333333332	35.286893	40.95706499999999	43.876325	99.80563383333333	4242600.0	70.71	4208.31	1920	1080	60.0	8	d36c59b1664c5c6d0ef08076ba13d36a	ea5125224f51ce073ec845594f2ddaad	1920	1080	16217.0	279.0	2389.0	39832.0	False	False	0.9911023333333333	0.9841288
Netflix_TunnelFlag_1920x1080_60f	Netflix_TunnelFlag_1920x1080_60f	libaom	libaom_20210305_bee7eb1_enc-mode0	60	63	0	1794168.0	1794.168	32.422999999999995	39.124833333333335	41.91816666666668	32.358251	39.119476	41.908168	96.02672861666666	2671250.0	44.520833333333336	2660.15	1920	1080	60.0	8	5706ca2641dc03dc9356354f9893d347	dd75ea28f228988f4f6aeb3962263df7	1920	1080	16503.0	266.0	1551.0	41034.0	False	False	0.9833897500000001	0.9752630666666666
aspen_1080p_60f	aspen_1080p_60f	libaom	libaom_20210305_bee7eb1_enc-mode0	60	20	0	4658595.0	4658.595	43.17233333333333	47.842166666666685	49.07516666666667	43.150019	47.838816	49.072728	96.64590965000001	7524578.0	125.40963333333333	7472.5	1920	1080	29.97	8	438949f7e3359d1fb7321943820c6d75	1594529b9448c9ba44a75a4c831defec	1920	1080	9584.0	251.0	2347.0	40960.0	False	False	0.9954367833333334	0.9915071833333332
aspen_1080p_60f	aspen_1080p_60f	libaom	libaom_20210305_bee7eb1_enc-mode0	60	32	0	1812719.0	1812.719	41.97466666666666	46.85866666666664	47.95033333333332	41.964068	46.856495	47.946252	93.58642908333334	5279818.0	87.99696666666667	5257.22	1920	1080	29.97	8	dc97389b804bff72b4b37cc48e937747	249fe8037a37de08edc594d0023326fc	1920	1080	11957.0	233.0	1646.0	23661.0	False	False	0.9938756833333334	0.9895242166666667
aspen_1080p_60f	aspen_1080p_60f	libaom	libaom_20210305_bee7eb1_enc-mode0	60	43	0	886231.0	886.231	40.702	45.67383333333335	46.62500000000001	40.686401	45.670448	46.620451	88.86587951666665	3282132.0	54.7022	3261.42	1920	1080	29.97	8	6f77a4533e4e2070b5de8d998ae0fb21	147f0ad57d25d8cba650732af0851b1b	1920	1080	21409.0	378.0	1538.0	38821.0	False	False	0.9913507333333335	0.98667165
aspen_1080p_60f	aspen_1080p_60f	libaom	libaom_20210305_bee7eb1_enc-mode0	60	55	0	459549.0	459.549	38.89750000000001	44.00816666666669	44.689666666666675	38.86951	44.003037	44.682493	80.8350515	2160658.0	36.01096666666667	2143.63	1920	1080	29.97	8	4799f51aead36022bdca44d29e5fd46a	f1ac26c484ee78be61f7e5d8133884cd	1920	1080	12061.0	278.0	1270.0	40699.0	False	False	0.9854911333333334	0.9806191666666667
aspen_1080p_60f	aspen_1080p_60f	libaom	libaom_20210305_bee7eb1_enc-mode0	60	63	0	239350.0	239.35	36.37733333333333	41.94583333333334	42.541000000000025	36.31953	41.931653	42.522112	66.33725343333333	1333700.0	22.22833333333333	1326.35	1920	1080	29.97	8	3eebc0ec5765323a27015572a6dc2a6e	7eca22806ad80d3565adc4ee4bf5dc5c	1920	1080	12042.0	286.0	1219.0	35621.0	False	False	0.97086545	0.9668059
vidyo4_720p_60fps_60f	vidyo4_720p_60fps_60f	libaom	libaom_20210305_bee7eb1_enc-mode0	60	20	0	3723248.0	3723.248	43.751666666666665	49.96799999999998	50.326499999999996	43.691348	49.956495	50.316675	97.32929456666668	4464897.0	74.41495	4455.78	1280	720	60.0	8	c82e41554b84de2d23b8e2c07fcc9978	c6e65eda66f7798e2fb067d07e29374e	1280	720	6426.0	123.0	742.0	17883.0	False	False	0.9959600333333334	0.9951448333333335
vidyo4_720p_60fps_60f	vidyo4_720p_60fps_60f	libaom	libaom_20210305_bee7eb1_enc-mode0	60	32	0	1720216.0	1720.216	42.75966666666668	49.50483333333332	49.86616666666668	42.694642	49.490021	49.855143	96.27993138333335	2576963.0	42.94938333333333	2565.89	1280	720	60.0	8	79516ee06899e0cc4a5ca0aad24b6586	b8f6c8b6e4db16e387ea1c15ca758e38	1280	720	6859.0	128.0	650.0	18384.0	False	False	0.99461765	0.9938460166666666
vidyo4_720p_60fps_60f	vidyo4_720p_60fps_60f	libaom	libaom_20210305_bee7eb1_enc-mode0	60	43	0	936264.0	936.264	41.62799999999998	48.76300000000003	49.13499999999999	41.552565	48.744527	49.122052000000004	94.50496286666666	1365492.0	22.7582	1364.19	1280	720	60.0	8	61e9900483137f85f068f4625bd5d373	3d9d390210866a907dd3744ccd20b656	1280	720	6218.0	165.0	686.0	17667.0	False	False	0.9922489166666666	0.99175855
vidyo4_720p_60fps_60f	vidyo4_720p_60fps_60f	libaom	libaom_20210305_bee7eb1_enc-mode0	60	55	0	486216.0	486.216	39.85466666666666	47.38216666666667	47.7245	39.776973	47.364828	47.712582	90.76172898333333	820743.0	13.67905	816.15	1280	720	60.0	8	fcb4467725ff189b5565ded1e06c5204	042016f75b51c310e31d3531c1470250	1280	720	6539.0	132.0	454.0	18099.0	False	False	0.9866023	0.9871047333333334
vidyo4_720p_60fps_60f	vidyo4_720p_60fps_60f	libaom	libaom_20210305_bee7eb1_enc-mode0	60	63	0	235720.0	235.72	36.9835	44.86416666666665	44.954666666666654	36.927655	44.852754	44.944116	81.34140421666666	572620.0	9.543666666666667	570.71	1280	720	60.0	8	5ae751bea7d31f990b4e9136e9e7a906	1786a1eb431149b3e22840a0c82f44ee	1280	720	5101.0	132.0	412.0	11024.0	False	False	0.9709632833333333	0.9749932166666666
Netflix_FoodMarket_1920x1080_60f	Netflix_FoodMarket_1920x1080_60f	libaom	libaom_20210305_bee7eb1_enc-mode0	60	20	0	13052576.0	13052.576	40.51599999999999	44.611999999999995	45.43949999999999	40.504091	44.608908	45.438355	98.10841970000001	14480234.0	241.33723333333333	14448.27	1920	1080	60.0	8	b5c8b516c0c19d6185324ff4e1e71783	83ae8850d780a6ea33268066ad98d4de	1920	1080	16233.0	253.0	2474.0	39145.0	False	False	0.9939969666666667	0.9879800833333333
Netflix_FoodMarket_1920x1080_60f	Netflix_FoodMarket_1920x1080_60f	libaom	libaom_20210305_bee7eb1_enc-mode0	60	32	0	5768168.0	5768.168	39.526500000000006	43.81533333333334	44.80500000000003	39.521014	43.812676	44.803952	95.26792155000001	8408649.0	140.14415	8383.58	1920	1080	60.0	8	9760de1d9b0917e9151b558e8f1dbd84	9a80568228fc07ffca9ad9416b8cfb3a	1920	1080	15778.0	260.0	1941.0	38179.0	False	False	0.9915162833333333	0.9844642166666665
Netflix_FoodMarket_1920x1080_60f	Netflix_FoodMarket_1920x1080_60f	libaom	libaom_20210305_bee7eb1_enc-mode0	60	43	0	2989160.0	2989.1599999999994	38.26316666666665	42.96849999999999	44.07583333333333	38.251736	42.963044	44.072735	90.20754051666668	6298723.0	104.97871666666667	6259.34	1920	1080	60.0	8	b839929aa525f66d1552e782b245f3c0	3a5a243ae23315bf03e10aced086aba8	1920	1080	17181.0	254.0	1590.0	39554.0	False	False	0.9866844833333334	0.978453
Netflix_FoodMarket_1920x1080_60f	Netflix_FoodMarket_1920x1080_60f	libaom	libaom_20210305_bee7eb1_enc-mode0	60	55	0	1502384.0	1502.3840000000002	36.46433333333332	41.852	42.973000000000006	36.442759	41.844522	42.961187	80.4510248	3750427.0	62.50711666666667	3719.17	1920	1080	60.0	8	7277ff5f4b901ab12840fbd58d7ea76b	53be883a3891694614c27ec6feac3861	1920	1080	16619.0	286.0	1477.0	39888.0	False	False	0.9746019333333334	0.9653541499999998
Netflix_FoodMarket_1920x1080_60f	Netflix_FoodMarket_1920x1080_60f	libaom	libaom_20210305_bee7eb1_enc-mode0	60	63	0	742504.0	742.504	34.294166666666676	40.56216666666667	41.55833333333332	34.25123	40.544717	41.504493	65.00034950000001	2140186.0	35.66976666666667	2134.85	1920	1080	60.0	8	acdb64ff365c53c0285d708366cc6ec2	ec5997d4a36c539e006add8b185456ff	1920	1080	16242.0	259.0	1050.0	38632.0	False	False	0.9476944166666667	0.9397703500000001
Netflix_SquareAndTimelapse_1920x	Netflix_SquareAndTimelapse_1920x	libaom	libaom_20210305_bee7eb1_enc-mode0	60	20	0	16220472.0	16220.472	43.778000000000006	48.24116666666667	47.305000000000014	43.766181	48.239008	47.301826	99.88329201666667	7013133.0	116.88555	7000.53	1920	1080	60.0	8	c7718926df270ff97f2cfb1d2e152331	48c65e7c852df90a1b427b5f0443d11e	1920	1080	12531.0	239.0	2893.0	39372.0	False	False	0.9989810166666667	0.9974881833333332
Netflix_SquareAndTimelapse_1920x	Netflix_SquareAndTimelapse_1920x	libaom	libaom_20210305_bee7eb1_enc-mode0	60	32	0	9347832.0	9347.832	41.317666666666675	46.33200000000001	45.242500000000014	41.299687999999996	46.32853	45.23682999999999	99.85845373333333	6686330.0	111.43883333333333	6669.97	1920	1080	60.0	8	83ee226f4d87d71bb261fceb3daa483b	a33798d5510e87010c496a0f2818452e	1920	1080	12024.0	242.0	2455.0	27104.0	False	False	0.9979291833333334	0.9954032
Netflix_SquareAndTimelapse_1920x	Netflix_SquareAndTimelapse_1920x	libaom	libaom_20210305_bee7eb1_enc-mode0	60	43	0	5479120.0	5479.12	38.76116666666667	44.60383333333334	43.34699999999999	38.731137	44.595218	43.334179999999996	97.61441298333334	5282289.0	88.03815	5271.96	1920	1080	60.0	8	160ac74013bb5a3e57802581b6f6e132	1dc97ded2b8a1070ac858a09b7e6aefa	1920	1080	12557.0	240.0	2256.0	28515.0	False	False	0.9956241	0.9914844166666669
Netflix_SquareAndTimelapse_1920x	Netflix_SquareAndTimelapse_1920x	libaom	libaom_20210305_bee7eb1_enc-mode0	60	55	0	2999576.0	2999.576	35.76499999999999	42.40200000000001	41.065666666666665	35.722818	42.3908	41.046877	89.01838006666667	4367038.0	72.78396666666667	4355.93	1920	1080	60.0	8	2a6b0f409320aedbfc81827afd95d975	4b69b36cae441fe7335fe427cfc0e3df	1920	1080	16463.0	319.0	1967.0	43133.0	False	False	0.9894648166666666	0.9823981
Netflix_SquareAndTimelapse_1920x	Netflix_SquareAndTimelapse_1920x	libaom	libaom_20210305_bee7eb1_enc-mode0	60	63	0	1615144.0	1615.144	32.68033333333334	40.07983333333333	38.747333333333344	32.608121	40.032174000000005	38.689618	74.35875455	3199583.0	53.32638333333333	3182.97	1920	1080	60.0	8	e4b402bba027138ba5d01d4245ef17c7	10de1620a46b62726d4f4d3f9c008ab2	1920	1080	16963.0	352.0	2140.0	48418.0	False	False	0.9742627499999998	0.9634277499999999
Aerial_1920x1080_2997_10b	Aerial_1920x1080_2997_10b	libaom	libaom_20210305_bee7eb1_enc-mode0	60	20	0	7199966.0	7199.966	43.23799999999999	45.7165	45.04933333333333	43.221421	45.702845	45.03793	96.37109441666666	10879659.0	181.32765	10862.5	1920	1080	29.97	10	0cb5793b0c5c9798ea429abbeb51e4d3	f92e1a3b4d4862d7df49cf92f85ea11e	1920	1080	28625.0	557.0	2830.0	25992.0	False	False	0.9989192833333334	0.9978383333333333
Aerial_1920x1080_2997_10b	Aerial_1920x1080_2997_10b	libaom	libaom_20210305_bee7eb1_enc-mode0	60	32	0	4313981.0	4313.981	41.680333333333344	44.47866666666666	44.00616666666667	41.653143	44.470112	44.000925	95.28097123333333	8988802.0	149.81336666666667	8974.28	1920	1080	29.97	10	f63692d70154f9f80d4eb9615cfb6a7a	dce7cb5971ae117e30960ae48999bb2f	1920	1080	24983.0	489.0	2154.0	39043.0	False	False	0.9984406333333332	0.9969933833333332
Aerial_1920x1080_2997_10b	Aerial_1920x1080_2997_10b	libaom	libaom_20210305_bee7eb1_enc-mode0	60	43	0	2569903.0	2569.903	39.41483333333335	42.65483333333334	42.54549999999998	39.387273	42.65037399999999	42.543996	92.95709698333333	8811174.0	146.8529	8757.43	1920	1080	29.97	10	15d8c096c88e043a8b741820083a8993	fe9f6f8d17bb24ff9f38bbc13066d594	1920	1080	29049.0	482.0	1898.0	38938.0	False	False	0.9973559	0.9951027000000001
Aerial_1920x1080_2997_10b	Aerial_1920x1080_2997_10b	libaom	libaom_20210305_bee7eb1_enc-mode0	60	55	0	1329935.0	1329.935	36.01966666666666	40.37183333333332	40.85683333333331	36.007256	40.369995	40.856616	87.82616395000001	7258647.0	120.97745	7208.6	1920	1080	29.97	10	d34276026c16a33915cad8349596437b	fc6a7bfb2d1043c2734b698845bde067	1920	1080	29869.0	669.0	2297.0	32821.0	False	False	0.9942312500000001	0.98950515
Aerial_1920x1080_2997_10b	Aerial_1920x1080_2997_10b	libaom	libaom_20210305_bee7eb1_enc-mode0	60	63	0	573739.0	573.739	31.70316666666668	38.05216666666669	39.35483333333335	31.686161000000002	38.048973	39.35276	74.49704218333333	5613832.0	93.56386666666667	5587.69	1920	1080	29.97	10	d38e17c504302156e0e2ef45b06eead2	fa2cb9abf4a5ff441cec5249ce3f3f7c	1920	1080	29196.0	680.0	1596.0	40842.0	False	False	0.9818382166666667	0.9679160499999999
Netflix_Boat_1920x1080_60fps_8bi	Netflix_Boat_1920x1080_60fps_8bi	libaom	libaom_20210305_bee7eb1_enc-mode0	60	20	0	22334344.0	22334.344	42.83516666666665	45.306666666666665	46.69149999999999	42.816706	45.295927	46.687555	99.88468613333333	7822663.0	130.37771666666666	7810.09	1920	1080	60.0	8	d98fa8d6ad614dd085dbbf7219da07fb	9208cf899c771f03b8caa6745ea92774	1920	1080	18758.0	267.0	2660.0	38401.0	False	False	0.9991926999999999	0.9983280333333334
Netflix_Boat_1920x1080_60fps_8bi	Netflix_Boat_1920x1080_60fps_8bi	libaom	libaom_20210305_bee7eb1_enc-mode0	60	32	0	12834664.0	12834.664	40.27133333333334	43.58199999999999	44.57283333333334	40.246146	43.567902	44.569758	99.13337976666665	8675803.0	144.59671666666668	8636.01	1920	1080	60.0	8	c9fb6b5d7e1216d890d22b8a759abd30	a8ca49f646ac81f24f6b830015020039	1920	1080	16340.0	284.0	2316.0	38950.0	False	False	0.9985884833333334	0.9970547500000001
Netflix_Boat_1920x1080_60fps_8bi	Netflix_Boat_1920x1080_60fps_8bi	libaom	libaom_20210305_bee7eb1_enc-mode0	60	43	0	7543384.0	7543.384	37.509666666666675	42.179333333333346	42.909666666666666	37.466111	42.161959	42.906999	95.25407856666668	7722220.0	128.70366666666666	7673.69	1920	1080	60.0	8	e5cc58204b018e0aeaf1892866bc3de1	7df5e4632ebe19d41ca3e5635e62d664	1920	1080	28894.0	237.0	1758.0	38516.0	False	False	0.9972401166666668	0.9943385666666668
Netflix_Boat_1920x1080_60fps_8bi	Netflix_Boat_1920x1080_60fps_8bi	libaom	libaom_20210305_bee7eb1_enc-mode0	60	55	0	4202424.0	4202.424	34.401833333333336	40.55416666666667	41.124833333333335	34.343743	40.539361	41.122307	87.87796176666667	5433713.0	90.56188333333333	5412.23	1920	1080	60.0	8	859507cc3c7cc3c9d07e75ce218500c4	70fa35a819364f24276492c2c381ae8c	1920	1080	14018.0	252.0	1579.0	39112.0	False	False	0.9935919166666666	0.9876398833333334
Netflix_Boat_1920x1080_60fps_8bi	Netflix_Boat_1920x1080_60fps_8bi	libaom	libaom_20210305_bee7eb1_enc-mode0	60	63	0	2269808.0	2269.808	31.331166666666665	38.75683333333333	39.26483333333335	31.251624	38.752199	39.240484	76.16993863333336	3816157.0	63.60261666666667	3807.44	1920	1080	60.0	8	caa5eaebaec4bd2c874c537238bb26dc	0ffcb2032e93631ffc601cfa53c4cf52	1920	1080	17845.0	235.0	1158.0	23922.0	False	False	0.9841968666666667	0.97225385
rush_hour_1080p25_60f	rush_hour_1080p25_60f	libaom	libaom_20210305_bee7eb1_enc-mode0	60	20	0	4178586.0	4178.586	42.7885	46.70833333333334	48.66866666666668	42.782827	46.707608	48.664986	96.03806328333333	11776004.0	196.26673333333332	11723.12	1920	1080	25.0	8	4f9066d2f3d301d5d14f613a5c0ae503	f91c76f39a515cd53bb64c4593f3d95b	1920	1080	22560.0	282.0	2910.0	39808.0	False	False	0.9958841833333333	0.9919047
rush_hour_1080p25_60f	rush_hour_1080p25_60f	libaom	libaom_20210305_bee7eb1_enc-mode0	60	32	0	2035673.0	2035.673	41.82500000000001	45.825333333333326	47.511833333333335	41.817623	45.823899	47.507031	91.51812701666664	7334726.0	122.24543333333334	7316.43	1920	1080	25.0	8	8f3a31d55520e7d9734ab2704aa2458e	050b4bc48f553d6cc680a93442f95ea2	1920	1080	13347.0	298.0	2586.0	40251.0	False	False	0.9935241166666666	0.9896738166666665
rush_hour_1080p25_60f	rush_hour_1080p25_60f	libaom	libaom_20210305_bee7eb1_enc-mode0	60	43	0	1022226.0	1022.226	40.4625	44.82383333333334	46.19033333333333	40.442375	44.821769	46.18351	83.80243343333333	4522678.0	75.37796666666667	4511.65	1920	1080	25.0	8	d7adb6ebbc5cf513b9bfe8b3ec240915	b801e30a3bd743cc833033fc45d6af43	1920	1080	13306.0	243.0	1720.0	38903.0	False	False	0.9894096333333334	0.9860432166666666
rush_hour_1080p25_60f	rush_hour_1080p25_60f	libaom	libaom_20210305_bee7eb1_enc-mode0	60	55	0	505156.0	505.156	38.56616666666665	43.47983333333333	44.57616666666666	38.514361	43.475485	44.565198	72.38427805	3061803.0	51.03005	3047.08	1920	1080	25.0	8	33de778b6ee9067239a773ff49e7f42a	b7074f3b5b6ebe930fa8250c026baf05	1920	1080	10331.0	297.0	1630.0	39374.0	False	False	0.9816650333333333	0.9794653333333334
rush_hour_1080p25_60f	rush_hour_1080p25_60f	libaom	libaom_20210305_bee7eb1_enc-mode0	60	63	0	245000.0	245.0	36.085666666666675	41.86333333333332	42.61583333333335	35.976511	41.859858	42.601272	57.25489725	1667278.0	27.787966666666666	1662.26	1920	1080	25.0	8	7830d565cfae6defafe6d6685417130c	13ffe87d0b07e5e42e0d34bdef268140	1920	1080	13044.0	275.0	1079.0	29548.0	False	False	0.9666116	0.9669869000000001
wikipedia_420	wikipedia_420	libaom	libaom_20210305_bee7eb1_enc-mode0	60	20	0	1329324.0	1329.324	54.04166666666665	52.32	53.384499999999996	54.021918	52.144779	53.333085	99.82560611666668	1972215.0	32.87025	1951.9	1920	1080	30.0	8	43a63475e7dd46f1758ac8d41a84ca61	9ab9c2898554dfd40936eade8111b824	1920	1080	11575.0	278.0	1105.0	44538.0	False	False	0.9993373000000001	0.9990314833333332
wikipedia_420	wikipedia_420	libaom	libaom_20210305_bee7eb1_enc-mode0	60	32	0	766892.0	766.892	50.191333333333326	50.146499999999996	51.52933333333331	50.185169	49.93157899999999	51.478492	99.79380135000001	2949607.0	49.16011666666667	2934.21	1920	1080	30.0	8	b2203fef1328ff0a64b9eea3af75ccc1	fa084eef639622ea64b6f8d6d8ae0850	1920	1080	10927.0	234.0	746.0	38849.0	False	False	0.9989300500000001	0.9982717333333333
wikipedia_420	wikipedia_420	libaom	libaom_20210305_bee7eb1_enc-mode0	60	43	0	575088.0	575.088	48.03166666666668	48.48749999999998	49.84916666666664	48.024594	48.371504	49.819221	99.77308760000001	2680574.0	44.676233333333336	2642.37	1920	1080	30.0	8	4a193a6670eb00d27ec1ce8af2f52406	f56f0276683a1cfe349c8b46986d134e	1920	1080	13974.0	305.0	999.0	32382.0	False	False	0.9986545333333333	0.9979022833333334
wikipedia_420	wikipedia_420	libaom	libaom_20210305_bee7eb1_enc-mode0	60	55	0	467208.0	467.208	45.746999999999986	46.79216666666665	48.26816666666664	45.728169	46.74226	48.244879	99.72431668333334	1557819.0	25.96365	1551.31	1920	1080	30.0	8	a03293520071186eb4207f9e846fc759	542e8649daabbd58f1468a32aade141a	1920	1080	11497.0	271.0	919.0	41850.0	False	False	0.9984619166666666	0.9976550999999998
wikipedia_420	wikipedia_420	libaom	libaom_20210305_bee7eb1_enc-mode0	60	63	0	384656.0	384.656	42.561666666666675	45.025000000000006	46.54816666666666	42.488936	44.99062	46.496548	99.51447676666666	1237933.0	20.632216666666668	1231.65	1920	1080	30.0	8	7b0a7d421c9f92f672a929253f985f7d	d342da0ddca5a4322ac83d4a1c7d04d0	1920	1080	11387.0	318.0	925.0	41624.0	False	False	0.9977437333333332	0.9968478333333334
Market3_1920x1080p_50_10b_pq_709	Market3_1920x1080p_50_10b_pq_709	libaom	libaom_20210305_bee7eb1_enc-mode0	60	20	0	10076280.0	10076.28	44.3675	50.6451666666667	51.537333333333315	44.355532	50.642955	51.536948	99.77750068333333	8990741.0	149.84568333333334	8961.18	1920	1080	50.0	10	2dead075e2b7f46e4baeb8d787c6fbb8	6b129c2417c13cf20be6c7e4697f38c3	1920	1080	25923.0	635.0	3781.0	40142.0	False	False	0.9991491833333334	0.9980865166666667
Market3_1920x1080p_50_10b_pq_709	Market3_1920x1080p_50_10b_pq_709	libaom	libaom_20210305_bee7eb1_enc-mode0	60	32	0	5390546.0	5390.546	41.724666666666664	48.58133333333334	49.711333333333314	41.710066	48.5803	49.709184	98.53320266666667	10512314.0	175.20523333333333	10464.39	1920	1080	50.0	10	b6d34a0b2a3b8d2a926dd92c568525a7	f605acb9990ba97e3e0fe389c6f8c4ca	1920	1080	32447.0	525.0	2919.0	32529.0	False	False	0.9983929333333333	0.9964304500000001
Market3_1920x1080p_50_10b_pq_709	Market3_1920x1080p_50_10b_pq_709	libaom	libaom_20210305_bee7eb1_enc-mode0	60	43	0	3098220.0	3098.22	39.24266666666668	46.97616666666669	48.31166666666666	39.223495	46.970763	48.30571	95.28599115000002	7793799.0	129.89665	7769.67	1920	1080	50.0	10	19ec199ea2fba7a73f6b046e91843132	be7ff8ac5f376624806344d53f33f704	1920	1080	25457.0	612.0	2645.0	24394.0	False	False	0.9967999833333331	0.99321285
Market3_1920x1080p_50_10b_pq_709	Market3_1920x1080p_50_10b_pq_709	libaom	libaom_20210305_bee7eb1_enc-mode0	60	55	0	1615886.0	1615.886	36.37649999999999	45.08249999999998	46.58949999999998	36.358571	45.074561	46.577076	88.7988682	6260288.0	104.33813333333333	6217.37	1920	1080	50.0	10	cae30cf5b45fcc929d1807c9bc354e66	845f4251d2b06f54ceca8c8aea445cd0	1920	1080	21581.0	573.0	2709.0	39823.0	False	False	0.9922945833333334	0.9850398666666665
Market3_1920x1080p_50_10b_pq_709	Market3_1920x1080p_50_10b_pq_709	libaom	libaom_20210305_bee7eb1_enc-mode0	60	63	0	783333.0	783.333	33.45533333333333	43.02300000000002	44.73200000000001	33.42358	42.990193	44.689145	76.67737054999998	4745352.0	79.0892	4733.59	1920	1080	50.0	10	1e1e836fe4092bd5826c6f973862fc78	efb66a5d4ca8f4a8e6544b29f8f82351	1920	1080	21865.0	557.0	2003.0	40168.0	False	False	0.9805863166666667	0.9676935833333332
touchdown_pass_1080p_60f	touchdown_pass_1080p_60f	libaom	libaom_20210305_bee7eb1_enc-mode0	60	20	0	10481783.0	10481.783	39.69016666666667	47.66183333333335	47.809333333333335	39.606579	47.658628	47.805696	95.72497421666667	15600481.0	260.00801666666666	15536.71	1920	1080	29.97	8	69036a0bf2e7fc12867de3a9e2364282	d6d267c510bf70bdc26287568862aee6	1920	1080	17121.0	273.0	3065.0	39016.0	False	False	0.9949750500000001	0.9889306
touchdown_pass_1080p_60f	touchdown_pass_1080p_60f	libaom	libaom_20210305_bee7eb1_enc-mode0	60	32	0	3315806.0	3315.806	38.341666666666654	46.82250000000001	46.940999999999995	38.321005	46.820589	46.939077	93.43812603333332	10076623.0	167.94371666666666	10038.47	1920	1080	29.97	8	c318844a6ba4716e21e79b8e382d90da	fa4f12af741189e77087926e64ce0879	1920	1080	16309.0	246.0	1830.0	38622.0	False	False	0.9934958166666668	0.9857999833333332
touchdown_pass_1080p_60f	touchdown_pass_1080p_60f	libaom	libaom_20210305_bee7eb1_enc-mode0	60	43	0	1661639.0	1661.639	37.060833333333335	45.883666666666684	45.919833333333344	37.032392	45.878413	45.915761	89.84070575	6865139.0	114.41898333333333	6843.88	1920	1080	29.97	8	b0ea9e6898bbd0a0858192fb5b69322f	9419632f0199c1be39cfb778578d3b63	1920	1080	12638.0	309.0	2060.0	25644.0	False	False	0.99019775	0.9798840166666666
touchdown_pass_1080p_60f	touchdown_pass_1080p_60f	libaom	libaom_20210305_bee7eb1_enc-mode0	60	55	0	852688.0	852.688	35.27166666666666	44.69549999999999	44.70033333333333	35.231488	44.681195	44.686324	82.38976344999999	3458338.0	57.63896666666667	3452.42	1920	1080	29.97	8	b2febef9075760635eb90bcee03c602c	4cbcbb58a0eb2f599b452345e03c3489	1920	1080	12677.0	237.0	1137.0	24107.0	False	False	0.9805171833333333	0.9653557999999999
touchdown_pass_1080p_60f	touchdown_pass_1080p_60f	libaom	libaom_20210305_bee7eb1_enc-mode0	60	63	0	401141.0	401.141	32.91683333333333	43.135166666666656	43.14216666666667	32.856584	43.091237	43.102601	66.72995361666668	3060038.0	51.00063333333333	3021.51	1920	1080	29.97	8	a6dd5e5d21e81eeb345a519f3ed3aa91	c1961e1bcc8917a3bdfd467bd5ca9ceb	1920	1080	16799.0	230.0	935.0	39685.0	False	False	0.9493779666666666	0.9289176666666669
Cosmos1_1920x856_BT2100_PQ_24fps	Cosmos1_1920x856_BT2100_PQ_24fps	libaom	libaom_20210305_bee7eb1_enc-mode0	60	20	0	16585388.0	16585.388	40.43933333333334	44.29299999999999	47.18899999999999	40.365344	44.259223	47.170205	98.71618146666667	22124678.0	368.74463333333335	22044.43	1920	856	24.0	10	dc7a847d1ee2ba12f237f6f0ae532c1f	14fa67e297d5461b05d8e0cc7548c4b6	1920	856	18908.0	537.0	7372.0	21236.0	False	False	0.9956245333333331	0.9947053166666667
Cosmos1_1920x856_BT2100_PQ_24fps	Cosmos1_1920x856_BT2100_PQ_24fps	libaom	libaom_20210305_bee7eb1_enc-mode0	60	32	0	6327273.0	6327.273	37.222833333333334	42.499333333333325	45.654999999999994	37.153298	42.46993	45.636919	92.81078193333335	17161442.0	286.0240333333333	17088.83	1920	856	24.0	10	ed977d2a8ea249f9125d3e95b2db8a98	e716d83794bdecbf8422491548dc15db	1920	856	21653.0	456.0	4481.0	20557.0	False	False	0.9897876666666666	0.9887342166666667
Cosmos1_1920x856_BT2100_PQ_24fps	Cosmos1_1920x856_BT2100_PQ_24fps	libaom	libaom_20210305_bee7eb1_enc-mode0	60	43	0	2700694.0	2700.694	34.95133333333334	41.05716666666667	44.43749999999998	34.894506	41.033552	44.428951	81.76859659999997	14658694.0	244.31156666666666	14574.57	1920	856	24.0	10	cf5f5fab7b49868bc603be46d8672840	fe60443323ef0cccb7f6067436b03f7a	1920	856	22184.0	427.0	3238.0	31661.0	False	False	0.9777146999999999	0.9778785833333333
Cosmos1_1920x856_BT2100_PQ_24fps	Cosmos1_1920x856_BT2100_PQ_24fps	libaom	libaom_20210305_bee7eb1_enc-mode0	60	55	0	1166147.0	1166.147	32.617333333333335	39.65533333333334	43.20583333333333	32.55046	39.636053999999994	43.20059	64.0818938	9570093.0	159.50155	9560.62	1920	856	24.0	10	ee8350fccbd3e97b6542cd62e515a819	e83fafd8f0bee97aa9252fef90dc2ae1	1920	856	22360.0	419.0	2411.0	31679.0	False	False	0.9495867166666666	0.9540127333333335
Cosmos1_1920x856_BT2100_PQ_24fps	Cosmos1_1920x856_BT2100_PQ_24fps	libaom	libaom_20210305_bee7eb1_enc-mode0	60	63	0	460003.0	460.003	30.211333333333325	38.30499999999998	41.30733333333331	30.1424	38.295668	41.303107	42.078418366666675	6907892.0	115.13153333333334	6872.09	1920	856	24.0	10	5a84cd9b3325ad5fbd2f174563a6edc9	d2ed71feacf195ad913cb31f8e5fb20a	1920	856	21677.0	499.0	1936.0	22687.0	False	False	0.8883098000000001	0.9036537333333333
life_1080p30_60f	life_1080p30_60f	libaom	libaom_20210305_bee7eb1_enc-mode0	60	20	0	9748452.0	9748.452	43.527499999999996	49.09416666666668	48.537333333333336	43.480981	49.086444	48.532712	99.0133492	7594366.0	126.57276666666667	7576.79	1920	1080	30.0	8	040acd86fe5821fe7446ee75ba6e4788	1d18077b1de1a0a26d7d5d0d2492570c	1920	1080	13357.0	323.0	3427.0	40457.0	False	False	0.9990574833333333	0.9975982999999999
life_1080p30_60f	life_1080p30_60f	libaom	libaom_20210305_bee7eb1_enc-mode0	60	32	0	4647076.0	4647.076	40.75449999999999	46.802833333333346	46.400000000000006	40.726364	46.795077	46.394225	96.88975661666667	8083622.0	134.72703333333334	8033.4	1920	1080	30.0	8	bad6f6d082138a14c9d69921e87203c8	be658a41911dcca7904ba2df8cd36996	1920	1080	17018.0	275.0	2913.0	40728.0	False	False	0.9981699166666665	0.9956503333333333
life_1080p30_60f	life_1080p30_60f	libaom	libaom_20210305_bee7eb1_enc-mode0	60	43	0	2453896.0	2453.896	38.28716666666667	44.93883333333335	44.73783333333332	38.26254099999999	44.928623	44.729769	93.4852556	5545085.0	92.41808333333333	5531.64	1920	1080	30.0	8	84cbd442104d4ceeaa1ac9031f4b83e5	0432bed073ca5d47dd071d01e1d0c54b	1920	1080	12908.0	248.0	2123.0	38574.0	False	False	0.9963730333333334	0.9920944333333334
life_1080p30_60f	life_1080p30_60f	libaom	libaom_20210305_bee7eb1_enc-mode0	60	55	0	1245948.0	1245.948	35.516	42.65600000000001	42.565166666666684	35.492751	42.643928	42.553357	87.34070551666667	4173365.0	69.55608333333333	4141.13	1920	1080	30.0	8	8825c9eb6ce9fc0d495db2a0564f148b	e1bd486af48598266677788cca16880f	1920	1080	12953.0	331.0	2410.0	69787.0	False	False	0.9915253333333334	0.9828945333333333
life_1080p30_60f	life_1080p30_60f	libaom	libaom_20210305_bee7eb1_enc-mode0	60	63	0	587792.0	587.792	32.78150000000001	40.19616666666668	39.92966666666667	32.746557	40.167257	39.900319	76.11169153333334	3046121.0	50.768683333333335	3033.39	1920	1080	30.0	8	201a8eb9fa475981415407dfabae879a	dc562b82bf27635ce436e4e39447f158	1920	1080	16859.0	330.0	2033.0	39830.0	False	False	0.9780632333333336	0.9628084666666668
ducks_take_off_1080p50_60f	ducks_take_off_1080p50_60f	libaom	libaom_20210305_bee7eb1_enc-mode0	60	20	0	81131620.0	81131.61999999998	37.58066666666669	38.33366666666668	40.957666666666675	37.469077	38.283439	40.945595	97.57199205	24139041.0	402.31735	24093.45	1920	1080	50.0	8	5a656445574e89d8b3db4acb775fb14e	d9cec11d60690d3ed568d34edab36396	1920	1080	21426.0	255.0	6975.0	40260.0	False	False	0.9983486666666666	0.9943246333333333
ducks_take_off_1080p50_60f	ducks_take_off_1080p50_60f	libaom	libaom_20210305_bee7eb1_enc-mode0	60	32	0	23371286.0	23371.286	34.631166666666665	36.629166666666656	39.718166666666676	34.596991	36.612753	39.7129	91.8438252	23480433.0	391.34055	23387.81	1920	1080	50.0	8	5e480d46352a8e80b89e15fc479c7fc3	4185b2e4a29d2c46cec0b818e7c49662	1920	1080	21120.0	237.0	3849.0	38584.0	False	False	0.9957555333333334	0.9885176666666667
ducks_take_off_1080p50_60f	ducks_take_off_1080p50_60f	libaom	libaom_20210305_bee7eb1_enc-mode0	60	43	0	9425293.0	9425.293	32.879833333333345	35.04216666666666	38.56033333333334	32.846433	35.008997	38.553167	83.16699893333335	16362178.0	272.70296666666667	16332.65	1920	1080	50.0	8	550233c8f63e3db5f8f29744589a459a	278e5a6a3a7e3776bb8589d41d50ec11	1920	1080	20623.0	245.0	2600.0	39043.0	False	False	0.9901456666666666	0.9804300000000001
ducks_take_off_1080p50_60f	ducks_take_off_1080p50_60f	libaom	libaom_20210305_bee7eb1_enc-mode0	60	55	0	4204173.0	4204.173	30.881166666666665	33.474500000000006	37.593833333333336	30.826142	33.422661	37.588901	69.29659358333335	11141031.0	185.68385	11104.75	1920	1080	50.0	8	0c82a1dd48459525f2e35154313670d5	3760cf33e261bab19e74ad5ea94d2ef8	1920	1080	18219.0	259.0	2075.0	40013.0	False	False	0.9773785	0.9646292
ducks_take_off_1080p50_60f	ducks_take_off_1080p50_60f	libaom	libaom_20210305_bee7eb1_enc-mode0	60	63	0	1978020.0	1978.02	28.785000000000004	31.96033333333334	36.790166666666664	28.704152	31.914807	36.786224	51.766065016666666	5504284.0	91.73806666666667	5493.58	1920	1080	50.0	8	cfb7682a115f97e378fd63001aeac605	a43919a69d30f76450b1fcde02158e63	1920	1080	21104.0	248.0	1395.0	38817.0	False	False	0.9516160000000001	0.9359923333333332
ducks_1920x1080_50fps_10b	ducks_1920x1080_50fps_10b	libaom	libaom_20210305_bee7eb1_enc-mode0	60	20	0	82043760.0	82043.76	37.68316666666667	38.43233333333333	41.12016666666666	37.606537	38.399578	41.110506	97.70521831666669	35169807.0	586.16345	35073.62	1920	1080	50.0	10	0fa0d6e4db4ce2d9341d38f1a6933c26	65bdcebff436bc32f6b6c65e39869f2c	1920	1080	23395.0	525.0	8788.0	38912.0	False	False	0.9983951333333334	0.9944394666666666
ducks_1920x1080_50fps_10b	ducks_1920x1080_50fps_10b	libaom	libaom_20210305_bee7eb1_enc-mode0	60	32	0	23112553.0	23112.553	34.67783333333332	36.69016666666666	39.85983333333331	34.644411	36.673211	39.853792	91.96081323333334	38074369.0	634.5728166666667	37855.84	1920	1080	50.0	10	d84923ad148949cd162dc8f85f5da838	b67fff7554557f8826e7e375d548aa5c	1920	1080	28343.0	570.0	5884.0	35511.0	False	False	0.9958064666666668	0.9886028833333332
ducks_1920x1080_50fps_10b	ducks_1920x1080_50fps_10b	libaom	libaom_20210305_bee7eb1_enc-mode0	60	43	0	9361466.0	9361.465999999999	32.919500000000006	35.115	38.68483333333332	32.885402	35.081588	38.678245	83.14617448333334	26555831.0	442.5971833333333	26505.59	1920	1080	50.0	10	3c102392d7b706fcc1c8a019920752d1	e60257cf2155865040fa39a43ce0ab6e	1920	1080	29594.0	538.0	3806.0	39438.0	False	False	0.9901684000000002	0.9805004500000002
ducks_1920x1080_50fps_10b	ducks_1920x1080_50fps_10b	libaom	libaom_20210305_bee7eb1_enc-mode0	60	55	0	4199880.0	4199.88	30.915999999999997	33.49816666666668	37.73066666666667	30.860442	33.442874	37.725592	69.387468	18698136.0	311.6356	18639.05	1920	1080	50.0	10	c9e35b271ab738c2f13a3e24f0808c76	60145f2f1aa46381254644329dfbb494	1920	1080	30314.0	556.0	2941.0	24611.0	False	False	0.9774971333333332	0.9647986666666668
ducks_1920x1080_50fps_10b	ducks_1920x1080_50fps_10b	libaom	libaom_20210305_bee7eb1_enc-mode0	60	63	0	1999606.0	1999.606	28.832	32.08116666666667	36.94633333333333	28.748517	32.038285	36.942911	51.9050768	11083690.0	184.72816666666668	11029.52	1920	1080	50.0	10	316220f40748890895ad848082164898	c9eb8156f2cad2c2fab7508bae4f5ddc	1920	1080	29813.0	580.0	2296.0	40648.0	False	False	0.9518859666666667	0.93635195
Sintel_Dragons_1920x816_24_10b	Sintel_Dragons_1920x816_24_10b	libaom	libaom_20210305_bee7eb1_enc-mode0	60	20	0	4360240.0	4360.24	46.394333333333336	51.0825	51.217333333333315	46.329423	51.046033	51.153527000000004	99.91916473333335	17408138.0	290.1356333333333	17342.8	1920	816	24.0	10	820ad8bb45512c6d7954507ac94f644f	b0d97a6b6d0daf255d183dc84afb1c93	1920	816	13664.0	352.0	2717.0	18798.0	False	False	0.9965343333333332	0.9967009166666668
Sintel_Dragons_1920x816_24_10b	Sintel_Dragons_1920x816_24_10b	libaom	libaom_20210305_bee7eb1_enc-mode0	60	32	0	2305648.0	2305.648	43.462999999999994	48.776500000000006	48.75483333333332	43.404117	48.735651	48.680496999999995	99.82582526666667	14016566.0	233.60943333333333	14000.78	1920	816	24.0	10	ffb907780bcb022a7290f25b64c68ad5	54417d4b82e97b3ed2b8332f1eeec485	1920	816	12205.0	369.0	2513.0	31058.0	False	False	0.9938636	0.9942974833333335
Sintel_Dragons_1920x816_24_10b	Sintel_Dragons_1920x816_24_10b	libaom	libaom_20210305_bee7eb1_enc-mode0	60	43	0	1239161.0	1239.161	40.580499999999994	46.446500000000015	46.42599999999998	40.52928	46.401549	46.338785	97.04869801666668	12831581.0	213.85968333333332	12802.57	1920	816	24.0	10	de575d1def37ee2e5d28cdd0fdee8ff9	e4d11c7cb19edc2647d5582fc0a2fce6	1920	816	13605.0	428.0	2464.0	29912.0	False	False	0.9883675500000001	0.9896352333333334
Sintel_Dragons_1920x816_24_10b	Sintel_Dragons_1920x816_24_10b	libaom	libaom_20210305_bee7eb1_enc-mode0	60	55	0	666083.0	666.083	37.66100000000001	44.09600000000001	44.04166666666667	37.610753	44.051971	43.94703	85.6840844	12558381.0	209.30635	12509.34	1920	816	24.0	10	470db8a553b261687f42f3138cfddfaf	62c57c2a40dfed3371d6ca886b01abcb	1920	816	13393.0	367.0	1850.0	29914.0	False	False	0.9777281500000001	0.9809511666666668
Sintel_Dragons_1920x816_24_10b	Sintel_Dragons_1920x816_24_10b	libaom	libaom_20210305_bee7eb1_enc-mode0	60	63	0	343795.0	343.795	34.38983333333332	41.474833333333336	41.44100000000001	34.306808	41.450779	41.373238	66.86627301666667	11923473.0	198.72455	11790.85	1920	816	24.0	10	aa64e29963a0adb49bb981af97a6a0b0	b3080abce2547fadea6654c2adf15ac4	1920	816	13861.0	379.0	1490.0	29969.0	False	False	0.95598515	0.9633232333333335
MINECRAFT_60f_420	MINECRAFT_60f_420	libaom	libaom_20210305_bee7eb1_enc-mode0	60	20	0	65026272.0	65026.272	41.15083333333333	44.93916666666667	45.450500000000005	40.965254	44.84703	45.377287	99.91959360000001	21906536.0	365.1089333333333	21886.05	1920	1080	60.0	8	2cbb3bbe71fd465050c3d990edb77410	9ecfc9304a45dfe742b2cebf078ec6e4	1920	1080	18271.0	244.0	7917.0	23743.0	False	False	0.9971780166666666	0.9952139666666666
MINECRAFT_60f_420	MINECRAFT_60f_420	libaom	libaom_20210305_bee7eb1_enc-mode0	60	32	0	34057200.0	34057.2	36.96016666666666	43.170666666666655	43.55350000000002	36.719176	43.101328	43.489689	99.4837206	32925107.0	548.7517833333334	32865.5	1920	1080	60.0	8	9b7dec59a1455624342d3e444f0e4d2a	889e7999252f2f7dd05ee7f66330f4af	1920	1080	14297.0	240.0	6006.0	39248.0	False	False	0.9928261666666667	0.9880091500000001
MINECRAFT_60f_420	MINECRAFT_60f_420	libaom	libaom_20210305_bee7eb1_enc-mode0	60	43	0	14323376.0	14323.376	33.33516666666666	41.488499999999995	41.71800000000001	33.135489	41.431909	41.660971	92.32431131666665	31519107.0	525.31845	31449.61	1920	1080	60.0	8	c79a065b9fe8cbfc1cb39070ad3bfb7e	81d853cc7c59d9d208bb99aa0043b680	1920	1080	18537.0	264.0	3870.0	39853.0	False	False	0.9822783666666669	0.9721541666666668
MINECRAFT_60f_420	MINECRAFT_60f_420	libaom	libaom_20210305_bee7eb1_enc-mode0	60	55	0	5843096.0	5843.096	30.734333333333343	39.73666666666665	39.82566666666666	30.621694	39.702006	39.77662	78.19729891666665	25496415.0	424.94025	25413.45	1920	1080	60.0	8	3279ff8adc03360a99fc683f82f21080	51840efe19fc869e1294d01b477c7035	1920	1080	14271.0	271.0	2547.0	39978.0	False	False	0.95874785	0.9419819833333335
MINECRAFT_60f_420	MINECRAFT_60f_420	libaom	libaom_20210305_bee7eb1_enc-mode0	60	63	0	2052904.0	2052.904	28.171333333333337	37.955499999999994	38.06233333333333	28.086749	37.94711	38.037968	56.68592064999999	15168474.0	252.8079	15140.93	1920	1080	60.0	8	0846f123b8e4fdbf964d23ec69785497	52e5a4e6b73b4b6b3709a61eb0c32837	1920	1080	14113.0	245.0	1564.0	40081.0	False	False	0.9028091666666668	0.8834282833333333
ToddlerFountn_1920x1080_2997_10b	ToddlerFountn_1920x1080_2997_10b	libaom	libaom_20210305_bee7eb1_enc-mode0	60	20	0	49535594.0	49535.594	40.26366666666665	45.97450000000001	43.336666666666666	40.176353	45.956813	43.302807	99.87227568333334	23159554.0	385.9925666666667	23085.9	1920	1080	29.97	10	f276569cb83f94ec027894aef1395c1d	3709d645a080e4198b6527462909f787	1920	1080	27742.0	535.0	8790.0	24454.0	False	False	0.9970104833333334	0.9936994333333333
ToddlerFountn_1920x1080_2997_10b	ToddlerFountn_1920x1080_2997_10b	libaom	libaom_20210305_bee7eb1_enc-mode0	60	32	0	24032545.0	24032.545	36.304333333333346	44.640499999999975	41.589666666666666	36.154545	44.625267	41.562925	98.75777228333332	31547685.0	525.79475	31482.37	1920	1080	29.97	10	10578aa67a6370304e2c541abcc3f68b	3a4ed2101289cc05985d956cdbdcd3bb	1920	1080	27868.0	497.0	6889.0	39666.0	False	False	0.9911048666666665	0.9833079166666666
ToddlerFountn_1920x1080_2997_10b	ToddlerFountn_1920x1080_2997_10b	libaom	libaom_20210305_bee7eb1_enc-mode0	60	43	0	10579729.0	10579.729	32.88116666666666	43.321000000000005	40.32716666666667	32.731867	43.310388	40.315684	86.59546705000001	31604792.0	526.7465333333333	31513.1	1920	1080	29.97	10	6b5a9e6233a0ddbd016bc77f3cee51bc	25e25a454e2deff4f259098b33f3f41d	1920	1080	22894.0	535.0	5063.0	25678.0	False	False	0.9749014833333333	0.9600600833333334
ToddlerFountn_1920x1080_2997_10b	ToddlerFountn_1920x1080_2997_10b	libaom	libaom_20210305_bee7eb1_enc-mode0	60	55	0	4224695.0	4224.695	29.94383333333333	42.32299999999999	39.48883333333332	29.804382999999998	42.317846	39.483198	65.23135773333334	27826583.0	463.77638333333334	27620.47	1920	1080	29.97	10	fcaa69acc23687c8d573855f9a6ee795	329de2929e1302761ec8b74a206fbe5c	1920	1080	49645.0	671.0	4356.0	40210.0	False	False	0.9369915333333333	0.9166055499999999
ToddlerFountn_1920x1080_2997_10b	ToddlerFountn_1920x1080_2997_10b	libaom	libaom_20210305_bee7eb1_enc-mode0	60	63	0	1471200.0	1471.2	27.191166666666664	41.306999999999995	38.8045	27.009094	41.30423699999999	38.80072	39.880271666666665	16058655.0	267.64425	16022.52	1920	1080	29.97	10	21bbfba17bfde9f2eb40137268e84693	f1dc6908dc6a4022e5b543a867cc189c	1920	1080	26794.0	516.0	2535.0	38842.0	False	False	0.8637969666666666	0.8462640499999998
