blue_sky_360p_60f	blue_sky_360p_60f	libaom	libaom_20210514_8b0e8b2_enc-mode0	60	20	0	918766.0	918.766	43.053666666666665	44.48449999999998	46.060833333333335	43.002951	44.446063	46.030399	99.93644276666667	925076.0	15.417933333333334	923.01	640	360	25.0	8	65a4eab75b40c214d62b0a5a5213f33e	2f907e848c7ee41e852b1d9756ea68c3	640	360	1878.0	47.0	345.0	3151.0	False	False	0.9919517333333332	0.9983293999999999
blue_sky_360p_60f	blue_sky_360p_60f	libaom	libaom_20210514_8b0e8b2_enc-mode0	60	32	0	475186.0	475.186	40.20066666666667	41.77800000000001	43.31816666666666	40.148584	41.740068	43.292093	99.9202002	908333.0	15.138883333333334	898.73	640	360	25.0	8	0edaf8b13b1664560e331a183118db31	5d558e2ea1ceeca270a8ea844e030885	640	360	4011.0	108.0	561.0	5653.0	False	False	0.9876465333333334	0.99734645
blue_sky_360p_60f	blue_sky_360p_60f	libaom	libaom_20210514_8b0e8b2_enc-mode0	60	43	0	263053.0	263.053	37.465	39.14366666666668	40.962999999999994	37.398588	39.105511	40.948834	98.30816178333333	574900.0	9.581666666666667	572.33	640	360	25.0	8	de479c77481db6913682d9645e18e28d	b81b4d24fac6e77e6677784cf0f20bb3	640	360	2330.0	53.0	265.0	5575.0	False	False	0.98054365	0.9956323833333334
blue_sky_360p_60f	blue_sky_360p_60f	libaom	libaom_20210514_8b0e8b2_enc-mode0	60	55	0	137416.0	137.416	34.298166666666674	36.495999999999995	38.924	34.243016	36.474147	38.914019	91.5886607333333	349672.0	5.827866666666667	347.79	640	360	25.0	8	1a07d672b93f09b6a300d3f618358c21	1245235fd9efea68bcb7aa75d5997089	640	360	2384.0	80.0	339.0	5642.0	False	False	0.9658696499999998	0.9917737499999999
blue_sky_360p_60f	blue_sky_360p_60f	libaom	libaom_20210514_8b0e8b2_enc-mode0	60	63	0	80073.0	80.073	31.180833333333325	34.701666666666675	37.549166666666665	31.133844	34.693279	37.545717	80.93360956666668	251765.0	4.196083333333333	250.87	640	360	25.0	8	29484482755621b5a39f28257c07cbc2	f72b0bd8fadfbada5c1a38259a41f2af	640	360	2594.0	56.0	206.0	5603.0	False	False	0.9393533333333333	0.9838362166666667
kirland360p_60f	kirland360p_60f	libaom	libaom_20210514_8b0e8b2_enc-mode0	60	20	0	251688.0	251.688	46.96100000000001	48.42966666666666	49.59066666666665	46.911634	48.385553	49.541761	95.6946757	720946.0	12.015766666666666	707.68	640	360	30.0	8	eb2740862241553061935925177adc31	721d453a1ca8bbeac18626a5014b6c23	640	360	2402.0	89.0	322.0	5570.0	False	False	0.9913520166666667	0.99763555
kirland360p_60f	kirland360p_60f	libaom	libaom_20210514_8b0e8b2_enc-mode0	60	32	0	144172.0	144.172	45.76016666666668	47.88200000000002	48.74649999999999	45.722198	47.85245	48.71705	94.42735628333331	314776.0	5.246266666666667	314.32	640	360	30.0	8	e080c173f6256e95abcf8ac5d65de688	ea440ee11986a6a96b521cccd43e7b2e	640	360	1467.0	53.0	121.0	5381.0	False	False	0.99016495	0.9971146999999999
kirland360p_60f	kirland360p_60f	libaom	libaom_20210514_8b0e8b2_enc-mode0	60	43	0	99964.0	99.964	44.74250000000002	47.45666666666669	48.15650000000001	44.687763	47.429952	48.130954	93.07063053333333	266659.0	4.4443166666666665	265.97	640	360	30.0	8	02f513eedefd88d1ddd41c07cf2b918f	c48f6d5d927b653bc6fe94a8ac298055	640	360	1744.0	57.0	126.0	5504.0	False	False	0.98908825	0.9966045333333333
kirland360p_60f	kirland360p_60f	libaom	libaom_20210514_8b0e8b2_enc-mode0	60	55	0	66980.0	66.98	43.21099999999999	46.69850000000001	47.2145	43.075447000000004	46.647573	47.126059000000005	90.12356918333332	153786.0	2.5631	153.19	640	360	30.0	8	6b0d7505e3727505d152ed9ec31bae85	397a38862ae2b5ba5899084c16fd46cf	640	360	1603.0	83.0	129.0	5399.0	False	False	0.98678565	0.9955453000000001
kirland360p_60f	kirland360p_60f	libaom	libaom_20210514_8b0e8b2_enc-mode0	60	63	0	47124.0	47.124	41.415333333333336	45.92616666666665	46.10283333333333	40.887223	45.718107	45.702859	86.90989066666667	138059.0	2.3009833333333334	137.03	640	360	30.0	8	e23583a7dbe27b3562931376385d67c0	255d2d7e6b9a5bb8db1eb30f7045ee5f	640	360	1612.0	61.0	117.0	5435.0	False	False	0.9828787333333333	0.9939348499999999
speed_bag_640x360_60f	speed_bag_640x360_60f	libaom	libaom_20210514_8b0e8b2_enc-mode0	60	20	0	374720.0	374.72	46.173000000000016	49.21349999999998	50.78383333333333	46.120105	49.176076	50.739603	97.96114813333332	837983.0	13.966383333333333	821.26	640	360	29.97	8	f61f0aadbde705550f9eea11d5df5011	700186e49983a195337281f80a121301	640	360	1775.0	56.0	275.0	6033.0	False	False	0.9880524666666667	0.9972348166666668
speed_bag_640x360_60f	speed_bag_640x360_60f	libaom	libaom_20210514_8b0e8b2_enc-mode0	60	32	0	209849.0	209.849	44.230999999999995	47.56600000000001	49.395166666666675	44.14321499999999	47.5103	49.326601	96.78408461666666	416885.0	6.948083333333333	415.63	640	360	29.97	8	44a2dbea02213adf56aacce2a917ff45	40279004b4621b4c22cb80691b1884a8	640	360	1764.0	53.0	200.0	5584.0	False	False	0.9845860166666667	0.9957119999999999
speed_bag_640x360_60f	speed_bag_640x360_60f	libaom	libaom_20210514_8b0e8b2_enc-mode0	60	43	0	122041.0	122.041	42.15749999999999	45.81000000000001	47.853833333333334	42.000037	45.721837	47.72264400000001	93.84077888333333	302824.0	5.047066666666667	301.25	640	360	29.97	8	19fef7d4a6d79992ec5ceaec1e0c3fc6	9a0011f365f79ae7502ece27c46fbb26	640	360	1825.0	58.0	194.0	5677.0	False	False	0.9798166166666665	0.9932395333333334
speed_bag_640x360_60f	speed_bag_640x360_60f	libaom	libaom_20210514_8b0e8b2_enc-mode0	60	55	0	71536.0	71.536	39.52533333333335	43.651833333333336	46.287	39.280809	43.545268	46.065487	86.04462914999999	172425.0	2.87375	172.11	640	360	29.97	8	c8c43b140d43941d7bd6119d59bee390	a1429023a96595344434e31c5b1cec49	640	360	1743.0	51.0	142.0	3255.0	False	False	0.9719173666666667	0.9881613166666666
speed_bag_640x360_60f	speed_bag_640x360_60f	libaom	libaom_20210514_8b0e8b2_enc-mode0	60	63	0	43402.0	43.402	36.642333333333326	41.31550000000001	43.966166666666666	36.250929	41.174674	43.68049800000001	73.67539305000001	107801.0	1.7966833333333334	107.61	640	360	29.97	8	c66f3d7f3fe9f0615f3840ad9ef63503	0fddac5997812957d321b992f309d441	640	360	1739.0	53.0	118.0	5107.0	False	False	0.959953	0.9778971833333332
KristenAndSara_1280x720_60_10b	KristenAndSara_1280x720_60_10b	libaom	libaom_20210514_8b0e8b2_enc-mode0	60	20	0	2574552.0	2574.552	44.540000000000006	49.601166666666664	50.65416666666667	44.529778	49.59453700000001	50.649538	96.91333488333332	5431886.0	90.53143333333334	5410.6	1280	720	60.0	10	c1f2165b447690ca74455b9f43341f0b	e305c9a3ec5a2d2231dd86f031b080b2	1280	720	10435.0	220.0	807.0	17499.0	False	False	0.9961366166666665	0.9955548000000001
KristenAndSara_1280x720_60_10b	KristenAndSara_1280x720_60_10b	libaom	libaom_20210514_8b0e8b2_enc-mode0	60	32	0	1190992.0	1190.992	43.50233333333333	48.919666666666664	49.917333333333325	43.487427	48.911408	49.911037	96.1088455	3840211.0	64.00351666666667	3819.14	1280	720	60.0	10	4b4b35705d334bae0b1ea4ed567e1642	3099ec5e818be32f38223708823f6f65	1280	720	10792.0	223.0	903.0	18140.0	False	False	0.9948447166666665	0.9944113333333333
KristenAndSara_1280x720_60_10b	KristenAndSara_1280x720_60_10b	libaom	libaom_20210514_8b0e8b2_enc-mode0	60	43	0	708136.0	708.136	42.428000000000004	48.04066666666667	49.02733333333332	42.410201	48.033265	49.02181699999999	94.68285546666667	2268522.0	37.8087	2259.52	1280	720	60.0	10	a7e51f824c275a5e18db434a476b63c7	423d96cbce2e8c0b38885f8670f9b25d	1280	720	9196.0	268.0	776.0	18437.0	False	False	0.9931895666666667	0.9930112999999999
KristenAndSara_1280x720_60_10b	KristenAndSara_1280x720_60_10b	libaom	libaom_20210514_8b0e8b2_enc-mode0	60	55	0	391536.0	391.536	40.60883333333334	46.16466666666667	47.22150000000003	40.589962	46.157425	47.216816	91.72436173333332	1333802.0	22.230033333333335	1320.08	1280	720	60.0	10	fbec57643660f7a62c48d80f78cce4e5	bfff97f77a19a295b7c52742a87ecbfa	1280	720	10702.0	222.0	620.0	17348.0	False	False	0.9893857333333335	0.9898492500000001
KristenAndSara_1280x720_60_10b	KristenAndSara_1280x720_60_10b	libaom	libaom_20210514_8b0e8b2_enc-mode0	60	63	0	199152.0	199.152	37.66866666666669	43.3205	44.41699999999998	37.663312	43.317094	44.414575	84.34070983333335	989688.0	16.4948	983.95	1280	720	60.0	10	d745bfac5d06d850eb0b5ad47eefc812	dc4e324523ddb84fe93d874f874e8530	1280	720	11081.0	229.0	532.0	11140.0	False	False	0.9797759500000001	0.9820732333333333
KristenAndSara_1280x720_60f	KristenAndSara_1280x720_60f	libaom	libaom_20210514_8b0e8b2_enc-mode0	60	20	0	2513968.0	2513.968	44.24283333333335	49.015499999999996	49.94883333333333	44.233529	49.009424	49.943488	96.73959003333334	3476908.0	57.94846666666667	3473.76	1280	720	60.0	8	2d55dab4f8837cc40e7cf8241fc4a463	804279377af36ca71e50fb4b555099da	1280	720	7118.0	141.0	611.0	11034.0	False	False	0.99575245	0.9951957833333333
KristenAndSara_1280x720_60f	KristenAndSara_1280x720_60f	libaom	libaom_20210514_8b0e8b2_enc-mode0	60	32	0	1258432.0	1258.432	43.30616666666666	48.46049999999999	49.380999999999965	43.291146	48.452319	49.375482	95.94096175	1873996.0	31.233266666666665	1868.87	1280	720	60.0	8	66cbcb70c89faf95c948e928604cdf0c	515803ad323819e0789f3a4b512f4a38	1280	720	6754.0	132.0	482.0	10740.0	False	False	0.9944558666666665	0.99406565
KristenAndSara_1280x720_60f	KristenAndSara_1280x720_60f	libaom	libaom_20210514_8b0e8b2_enc-mode0	60	43	0	726288.0	726.288	42.25833333333332	47.63766666666665	48.5375	42.239732	47.629831	48.53164	94.61519575000001	1408762.0	23.479366666666667	1391.69	1280	720	60.0	8	12e1a57e047e87bbe7c220be92deb786	68e5e874f8bfabb1259fb65da7ae7668	1280	720	6966.0	174.0	741.0	15183.0	False	False	0.9927105333333334	0.9925868499999999
KristenAndSara_1280x720_60f	KristenAndSara_1280x720_60f	libaom	libaom_20210514_8b0e8b2_enc-mode0	60	55	0	401264.0	401.264	40.55733333333335	45.97966666666669	46.97550000000002	40.539592	45.97526	46.971489	91.67567781666666	690323.0	11.505383333333333	688.13	1280	720	60.0	8	4bcde0ebfae554996d87637893ff1d9a	30efee26c13836635371521b4b6420e8	1280	720	7023.0	137.0	423.0	18008.0	False	False	0.9891114333333334	0.9895911500000002
KristenAndSara_1280x720_60f	KristenAndSara_1280x720_60f	libaom	libaom_20210514_8b0e8b2_enc-mode0	60	63	0	201352.0	201.352	37.637000000000015	43.16716666666666	44.287499999999994	37.630505	43.163769	44.282059	84.33337423333333	511842.0	8.5307	508.39	1280	720	60.0	8	3476e095029d4bc02010dd7c5f75a358	eddbabb3fbe8bbb2280d5c24a61a2f6f	1280	720	6735.0	141.0	366.0	18615.0	False	False	0.9791025166666668	0.9815412166666665
dark720p_60f	dark720p_60f	libaom	libaom_20210514_8b0e8b2_enc-mode0	60	20	0	4379480.0	4379.48	44.55116666666666	41.800666666666665	43.65899999999999	44.367057	41.664221	43.571197	94.82722915000001	4604610.0	76.7435	4595.1	1280	720	30.0	8	09325247573c999516ea4d7cbf09ba3f	f2b924c99b3181fb4d5a6c1694ce2d6b	1280	720	8000.0	119.0	1208.0	10647.0	False	False	0.9924855000000001	0.9936700999999999
dark720p_60f	dark720p_60f	libaom	libaom_20210514_8b0e8b2_enc-mode0	60	32	0	836752.0	836.752	42.87699999999999	38.019	41.39133333333333	42.791792	37.962831	41.381366	92.26223058333333	2694341.0	44.905683333333336	2688.76	1280	720	30.0	8	157de563ace28b1fcd46ae0bd5f1574e	c74887e06c618f587c9f091f8a447654	1280	720	5962.0	124.0	724.0	17453.0	False	False	0.9906303166666665	0.9921964166666668
dark720p_60f	dark720p_60f	libaom	libaom_20210514_8b0e8b2_enc-mode0	60	43	0	237536.0	237.536	42.02650000000001	36.920666666666655	40.82016666666665	41.968222	36.919071	40.816618	90.17997743333332	2140509.0	35.67515	2131.76	1280	720	30.0	8	00569acdadfa714dff334f21b22712bb	35200b03e1815329967750f4448e8e71	1280	720	6974.0	152.0	669.0	18791.0	False	False	0.9889478	0.9909186333333332
dark720p_60f	dark720p_60f	libaom	libaom_20210514_8b0e8b2_enc-mode0	60	55	0	123448.0	123.448	40.97166666666666	36.47466666666666	40.14116666666668	40.931724	36.472693	40.137289	86.6401236	913679.0	15.227983333333333	911.97	1280	720	30.0	8	76df9632b0fccce1a14c85124f8290a0	19c7219334fd699c267b7c94a1c79437	1280	720	5893.0	122.0	377.0	17563.0	False	False	0.9859816333333333	0.9886641166666666
dark720p_60f	dark720p_60f	libaom	libaom_20210514_8b0e8b2_enc-mode0	60	63	0	71420.0	71.42	39.22599999999999	35.62816666666668	38.999999999999986	39.193951	35.626542	38.991356	80.72928930000002	559822.0	9.330366666666666	558.4	1280	720	30.0	8	7993d8d94c92c809c83989dd1a86e4c6	7fe5df49115aae59b5be34bb33ddb121	1280	720	5975.0	126.0	339.0	18266.0	False	False	0.9801015333333332	0.9841135000000001
shields_640x360_60f	shields_640x360_60f	libaom	libaom_20210514_8b0e8b2_enc-mode0	60	20	0	1513320.0	1513.32	41.273833333333336	43.887833333333326	45.41649999999999	41.131469	43.856801	45.326287	99.46464323333333	1416378.0	23.6063	1415.31	640	360	50.0	8	1f625b9f20d8e6d089b48d5c4eb74e0c	6ecaa9ab8a4e1b225810336d25b9c15e	640	360	2759.0	51.0	278.0	3173.0	False	False	0.9821116166666665	0.9977849999999999
shields_640x360_60f	shields_640x360_60f	libaom	libaom_20210514_8b0e8b2_enc-mode0	60	32	0	820420.0	820.42	38.94233333333332	41.64533333333333	43.337833333333336	38.734568	41.578721	43.196537	99.441226	1037228.0	17.287133333333333	1035.52	640	360	50.0	8	c410c1a2a882ba299af9b23efec18713	89bb7b35c8a86d130a40afbbad3ec252	640	360	3192.0	54.0	251.0	5468.0	False	False	0.9733544666666667	0.9964120666666666
shields_640x360_60f	shields_640x360_60f	libaom	libaom_20210514_8b0e8b2_enc-mode0	60	43	0	510653.0	510.653	36.785833333333336	39.862833333333334	41.772000000000006	36.506603	39.750807	41.580358	99.27345955	723351.0	12.05585	712.21	640	360	50.0	8	e729ea9a4d3c55a051cfeb3a217b47cd	35254400b51823e6b3308eb44a44c266	640	360	3234.0	54.0	211.0	5479.0	False	False	0.9613899166666666	0.9944118166666666
shields_640x360_60f	shields_640x360_60f	libaom	libaom_20210514_8b0e8b2_enc-mode0	60	55	0	315780.0	315.78	34.03416666666666	37.85899999999999	39.87383333333333	33.661304	37.674078	39.611128	94.99458034999999	464237.0	7.737283333333333	462.95	640	360	50.0	8	3659c451436862521bbc20a9028edcee	13893e0ab192e27935e5853001d2ccd8	640	360	3288.0	54.0	177.0	3302.0	False	False	0.9361947333333335	0.9893181166666667
shields_640x360_60f	shields_640x360_60f	libaom	libaom_20210514_8b0e8b2_enc-mode0	60	63	0	189213.0	189.213	30.934500000000003	35.72000000000002	37.545833333333334	30.415723	35.460536	37.26	85.2451351	316201.0	5.270016666666667	315.82	640	360	50.0	8	7d8d1fdd0ff43bd5f2bd32161046bfce	34ae4190fc6467396f34c08e47452a04	640	360	2564.0	56.0	156.0	5463.0	False	False	0.8827626500000001	0.97532185
DinnerScene_1920x1080_2997_10b	DinnerScene_1920x1080_2997_10b	libaom	libaom_20210514_8b0e8b2_enc-mode0	60	20	0	582881.0	582.881	41.76316666666665	42.371999999999986	47.569499999999984	41.762671	42.37011	47.569632	91.00134568333333	15560154.0	259.3359	15489.57	1920	1080	29.97	10	1bb1d0f89db1a31e274d67f2c943dee3	3ec9e3c1ec79aacf440088b4c70216e5	1920	1080	25495.0	576.0	2321.0	41665.0	False	False	0.9939971999999998	0.9881001333333334
DinnerScene_1920x1080_2997_10b	DinnerScene_1920x1080_2997_10b	libaom	libaom_20210514_8b0e8b2_enc-mode0	60	32	0	239975.0	239.975	41.61783333333335	42.29566666666664	47.42216666666668	41.617169	42.29535	47.422107	89.45822173333333	17270450.0	287.8408333333333	16994.01	1920	1080	29.97	10	7af2a37aee7d7817dd56a813ae364f24	41e5a67f833df1da6597e3f29d5d26e3	1920	1080	24103.0	895.0	2795.0	39003.0	False	False	0.9934802666666667	0.9875638833333333
DinnerScene_1920x1080_2997_10b	DinnerScene_1920x1080_2997_10b	libaom	libaom_20210514_8b0e8b2_enc-mode0	60	43	0	143917.0	143.917	41.40433333333336	42.225500000000004	47.2388333333333	41.404163	42.224876	47.238206	86.71521545	7501282.0	125.02136666666667	7487.75	1920	1080	29.97	10	d5bfa63cf30ca77b43788ccb933c9fbf	784fcad42699278faa40e909abd86c5d	1920	1080	21356.0	478.0	1533.0	38953.0	False	False	0.9926947666666666	0.9867899333333334
DinnerScene_1920x1080_2997_10b	DinnerScene_1920x1080_2997_10b	libaom	libaom_20210514_8b0e8b2_enc-mode0	60	55	0	85593.0	85.593	40.97033333333334	42.089333333333315	46.87666666666669	40.969385	42.089477	46.875597	81.60208391666667	3888729.0	64.81215	3858.11	1920	1080	29.97	10	c1dc3eeddf57ac72b81e1897a76080cc	b3c099dcaf05af9a242d182ee7a4ed2a	1920	1080	23898.0	517.0	1539.0	24082.0	False	False	0.9908375833333334	0.9850641666666665
DinnerScene_1920x1080_2997_10b	DinnerScene_1920x1080_2997_10b	libaom	libaom_20210514_8b0e8b2_enc-mode0	60	63	0	51851.0	51.851	40.09049999999999	41.662333333333336	46.14700000000001	40.085339	41.66195	46.145964	71.1903307	1728543.0	28.80905	1713.85	1920	1080	29.97	10	369fdac7cd71744b5e6d89ed53bb8ef0	d205ba0a4242d9180b86e04597af9780	1920	1080	25930.0	505.0	1369.0	24592.0	False	False	0.9863587333333332	0.9811000499999998
BarScene1_1920x1080_2997_10b	BarScene1_1920x1080_2997_10b	libaom	libaom_20210514_8b0e8b2_enc-mode0	60	20	0	1370481.0	1370.481	42.495499999999986	44.78083333333335	43.64899999999997	42.495351	44.780756	43.64861	92.93775553333333	10062566.0	167.70943333333332	9962.99	1920	1080	29.97	10	59cd34cc95dfa3537c990e221bbbf842	d5a55f9db13e347471959aadd0b34e59	1920	1080	25031.0	571.0	1693.0	40294.0	False	False	0.9959024499999999	0.9911028666666667
BarScene1_1920x1080_2997_10b	BarScene1_1920x1080_2997_10b	libaom	libaom_20210514_8b0e8b2_enc-mode0	60	32	0	544330.0	544.33	42.254500000000014	44.67450000000003	43.54816666666667	42.254153	44.673789000000006	43.548631	92.051174	8007077.0	133.45128333333332	7963.1	1920	1080	29.97	10	08bf55c218d12130a93755e954dbe81a	f4d412873c91a21b45d6a52ec0d54d07	1920	1080	40890.0	603.0	1559.0	40228.0	False	False	0.9954960666666667	0.9905092833333333
BarScene1_1920x1080_2997_10b	BarScene1_1920x1080_2997_10b	libaom	libaom_20210514_8b0e8b2_enc-mode0	60	43	0	289588.0	289.588	41.91333333333333	44.53399999999999	43.418000000000006	41.912902	44.533789	43.418111	90.84240116666666	3880478.0	64.67463333333333	3845.84	1920	1080	29.97	10	8d624c7dbe8af5ce2e868b1e2ed9c532	d2a19acedd090bb5d7be9a763e94b49e	1920	1080	22098.0	587.0	1415.0	41294.0	False	False	0.9947701999999999	0.9894978333333333
BarScene1_1920x1080_2997_10b	BarScene1_1920x1080_2997_10b	libaom	libaom_20210514_8b0e8b2_enc-mode0	60	55	0	134310.0	134.31	41.149000000000015	44.17916666666667	43.119666666666674	41.147726	44.179089	43.119174	87.45638408333335	2127984.0	35.4664	2112.49	1920	1080	29.97	10	84ed3c2bc690996e063238f059e37c91	ea89ff128f8865c2bb76ecc854dbc170	1920	1080	21275.0	541.0	1189.0	40215.0	False	False	0.9922406666666668	0.9865093500000001
BarScene1_1920x1080_2997_10b	BarScene1_1920x1080_2997_10b	libaom	libaom_20210514_8b0e8b2_enc-mode0	60	63	0	59272.0	59.272	39.68449999999998	43.17966666666666	42.348000000000006	39.680064	43.179399	42.347921	78.16436979999999	1246761.0	20.77935	1232.13	1920	1080	29.97	10	4b5cfbe28a74e51f158c6c0493613613	224da24a95e5ef37a6eb2fe2c393a89f	1920	1080	26638.0	559.0	1124.0	39760.0	False	False	0.9843243666666666	0.9792127500000003
thaloundeskmtg360p_60f	thaloundeskmtg360p_60f	libaom	libaom_20210514_8b0e8b2_enc-mode0	60	20	0	663736.0	663.736	44.1485	48.167666666666676	48.16283333333336	43.895022	48.071489	48.113638	96.46450376666667	659385.0	10.98975	658.11	640	360	30.0	8	06570f37cb0e133dc6e910d6e9799a9e	113884a7af1d88ba10e30faf2c0bbd2c	640	360	2009.0	49.0	235.0	3244.0	False	False	0.9919546333333336	0.9982419833333332
thaloundeskmtg360p_60f	thaloundeskmtg360p_60f	libaom	libaom_20210514_8b0e8b2_enc-mode0	60	32	0	372468.0	372.468	42.6315	47.02033333333333	47.01800000000001	42.259952	46.933894	46.960713000000005	95.3109163	385246.0	6.420766666666666	384.89	640	360	30.0	8	959b4c3ce91f6c7d381ca5e3022cb97b	f620a485584a84f541a0950f6d9c2c16	640	360	1784.0	51.0	177.0	4374.0	False	False	0.9896775166666666	0.9975061
thaloundeskmtg360p_60f	thaloundeskmtg360p_60f	libaom	libaom_20210514_8b0e8b2_enc-mode0	60	43	0	229764.0	229.764	40.897499999999994	45.68233333333334	45.63000000000001	40.443576	45.591562	45.545563	93.26207363333333	295285.0	4.9214166666666666	294.44	640	360	30.0	8	2e9199c00e9a0bba4689dbf3bcd1e164	a7abef07b0eee6bdc9d9acdf1743d64c	640	360	1990.0	52.0	139.0	5615.0	False	False	0.9862781999999998	0.9963213
thaloundeskmtg360p_60f	thaloundeskmtg360p_60f	libaom	libaom_20210514_8b0e8b2_enc-mode0	60	55	0	130544.0	130.544	38.201	43.66866666666666	43.50250000000001	37.66847500000001	43.556396	43.375986	88.94459063333333	228829.0	3.813816666666667	224.58	640	360	30.0	8	311da4cf32c58f5b572949abbf957ce6	ba22fe83c33ffe349e15b64f7c555341	640	360	3448.0	94.0	168.0	4215.0	False	False	0.978401	0.9933187333333333
thaloundeskmtg360p_60f	thaloundeskmtg360p_60f	libaom	libaom_20210514_8b0e8b2_enc-mode0	60	63	0	68264.0	68.264	34.45249999999999	40.81033333333334	40.79416666666667	33.642715	40.556841	40.520338	79.23655118333333	154799.0	2.5799833333333333	154.25	640	360	30.0	8	561dfcc1d3d6851fcf974579091a4c73	9d521d39944db93957f44b6db4d49fd4	640	360	2158.0	66.0	145.0	5434.0	False	False	0.95839565	0.9846968833333334
vidyo1_720p_60fps_60f	vidyo1_720p_60fps_60f	libaom	libaom_20210514_8b0e8b2_enc-mode0	60	20	0	2967984.0	2967.984	44.962666666666664	48.07083333333334	49.4595	44.944675	48.06019	49.451544	96.03769378333332	4329005.0	72.15008333333333	4278.32	1280	720	60.0	8	9ed44d1580d2a6d21cc648a0b3696da5	64045609b03894ba4337807009a58ed7	1280	720	5306.0	136.0	720.0	17857.0	False	False	0.9970752333333334	0.9964657166666666
vidyo1_720p_60fps_60f	vidyo1_720p_60fps_60f	libaom	libaom_20210514_8b0e8b2_enc-mode0	60	32	0	1401368.0	1401.368	43.89599999999999	47.696833333333316	48.946833333333316	43.882598	47.688577	48.939676	94.99516343333332	1794302.0	29.905033333333332	1790.13	1280	720	60.0	8	8122872d37c083b617ae8e6d5c5a64db	72a214fd4c086a3a7c50086932c80e72	1280	720	5278.0	130.0	481.0	10987.0	False	False	0.9961222999999999	0.9955631166666666
vidyo1_720p_60fps_60f	vidyo1_720p_60fps_60f	libaom	libaom_20210514_8b0e8b2_enc-mode0	60	43	0	758504.0	758.504	42.75816666666666	47.22799999999999	48.26766666666667	42.748116	47.223274999999994	48.261537	93.31068988333332	1230697.0	20.511616666666665	1223.89	1280	720	60.0	8	69d4f1b025bb41327cdce83324384cea	341fefcc6cafd50f9873e0f2a833f5df	1280	720	6600.0	121.0	419.0	18414.0	False	False	0.9945906000000001	0.9942127999999999
vidyo1_720p_60fps_60f	vidyo1_720p_60fps_60f	libaom	libaom_20210514_8b0e8b2_enc-mode0	60	55	0	400032.0	400.032	40.854500000000016	46.02683333333335	46.737	40.841276	46.023867	46.733979	89.5708946	846224.0	14.103733333333333	831.82	1280	720	60.0	8	322e585c8bb01324e229852e886e5e9a	3136502bc0e4f96435a338654b8bb615	1280	720	8141.0	160.0	393.0	17855.0	False	False	0.99058115	0.9908753833333334
vidyo1_720p_60fps_60f	vidyo1_720p_60fps_60f	libaom	libaom_20210514_8b0e8b2_enc-mode0	60	63	0	199328.0	199.328	37.737500000000004	43.79183333333335	44.09849999999997	37.723616	43.786685	44.094044000000004	80.33464325000001	552449.0	9.207483333333334	547.79	1280	720	60.0	8	2dc5ebfd3ac59b9cac36b065e4ef6c86	af326e705ee4737141f24491e09f15bb	1280	720	6379.0	122.0	337.0	13544.0	False	False	0.9780328333333334	0.9808747666666665
STARCRAFT_60f_420	STARCRAFT_60f_420	libaom	libaom_20210514_8b0e8b2_enc-mode0	60	20	0	7441288.0	7441.288	50.12916666666665	53.3955	53.44199999999999	50.109951	53.376753	53.431989	97.55109141666667	1526421.0	25.44035	1516.14	1920	1080	60.0	8	3a75883de11c19dad763d85ad4c330ca	02f1d804ba9bb1f91c746640d57a66b6	1920	1080	12571.0	234.0	988.0	38847.0	False	False	0.9996277666666665	0.9992827500000001
STARCRAFT_60f_420	STARCRAFT_60f_420	libaom	libaom_20210514_8b0e8b2_enc-mode0	60	32	0	4669616.0	4669.616	47.5085	51.583	51.70983333333335	47.47705899999999	51.550573	51.695915	96.94390328333333	1403496.0	23.3916	1396.83	1920	1080	60.0	8	d4668e75eee71c12223c6765767f814d	4363c38dc517a5ea5b3ec969522e0e63	1920	1080	13889.0	248.0	882.0	39058.0	False	False	0.9993113833333335	0.9987473666666666
STARCRAFT_60f_420	STARCRAFT_60f_420	libaom	libaom_20210514_8b0e8b2_enc-mode0	60	43	0	2753704.0	2753.704	44.29233333333333	49.17883333333334	49.41999999999997	44.254919	49.141113	49.40564200000001	95.73932934999999	1521610.0	25.360166666666668	1514.16	1920	1080	60.0	8	bfdc8d0c3d5682bce8fd849620e4d213	ef8482a3d3f39bff70d89ef8c094311e	1920	1080	11484.0	267.0	927.0	25560.0	False	False	0.9984827833333333	0.9974006333333333
STARCRAFT_60f_420	STARCRAFT_60f_420	libaom	libaom_20210514_8b0e8b2_enc-mode0	60	55	0	1366896.0	1366.896	40.237999999999985	45.87500000000002	46.1	40.213666	45.853877	46.091831	92.50068103333334	1264033.0	21.067216666666667	1259.33	1920	1080	60.0	8	a6e8a6e60bae713f4cfa09a0bddbb30a	1f27aeb2a8c49247f8fb66045e61306e	1920	1080	14841.0	279.0	811.0	39686.0	False	False	0.9954447833333332	0.9929726500000001
STARCRAFT_60f_420	STARCRAFT_60f_420	libaom	libaom_20210514_8b0e8b2_enc-mode0	60	63	0	564792.0	564.792	35.49850000000001	42.085333333333324	42.27916666666666	35.492654	42.07919	42.275652	82.95638861666666	1381310.0	23.021833333333333	1371.42	1920	1080	60.0	8	1332b110d1d61bb00252eaf769f1c62a	f1a1a446269ec7cc2daa95f183133a86	1920	1080	14706.0	297.0	933.0	40388.0	False	False	0.9840670166666666	0.9786989666666666
gipsrestat720p_60f	gipsrestat720p_60f	libaom	libaom_20210514_8b0e8b2_enc-mode0	60	20	0	2480473.0	2480.473	44.32450000000001	47.39533333333331	49.05433333333334	44.302704999999996	47.387494	49.046908	96.54823321666666	3148166.0	52.469433333333335	3137.06	1280	720	50.0	8	e516bab7f2b117fa8d5b876ffd07ed4c	cd010cdd8c50299792c04473f312548b	1280	720	5898.0	120.0	575.0	10831.0	False	False	0.9973036666666668	0.9966523333333334
gipsrestat720p_60f	gipsrestat720p_60f	libaom	libaom_20210514_8b0e8b2_enc-mode0	60	32	0	1269053.0	1269.053	43.21150000000001	47.025833333333345	48.52299999999999	43.176461	47.020582	48.515356	95.53122488333334	1627653.0	27.12755	1624.83	1280	720	50.0	8	6c7b83825a08b03725e4816d961a0cc2	53928ef6cee8d05c90b23072824985e4	1280	720	6830.0	123.0	433.0	16805.0	False	False	0.9964568666666668	0.9958711333333332
gipsrestat720p_60f	gipsrestat720p_60f	libaom	libaom_20210514_8b0e8b2_enc-mode0	60	43	0	767686.0	767.686	41.977666666666664	46.40633333333334	47.792333333333346	41.922145	46.401344	47.786253	94.06616163333334	1125709.0	18.761816666666668	1122.32	1280	720	50.0	8	c1f7b08568d768cacdcfda7570bf0f2b	159e34fcdd7f3c14b3d3a5b14e534e0e	1280	720	5889.0	128.0	433.0	17570.0	False	False	0.9951720833333334	0.9947110999999998
gipsrestat720p_60f	gipsrestat720p_60f	libaom	libaom_20210514_8b0e8b2_enc-mode0	60	55	0	412973.0	412.973	39.89216666666667	44.93033333333333	46.01016666666667	39.842148	44.926982	46.006207	91.01311755	729181.0	12.153016666666666	722.45	1280	720	50.0	8	ad9b19c219366ecb8395e2cdef67fbb9	6333e2809a3da9c4fbf2eef139413a93	1280	720	6017.0	182.0	537.0	11644.0	False	False	0.9917675833333331	0.9916634999999999
gipsrestat720p_60f	gipsrestat720p_60f	libaom	libaom_20210514_8b0e8b2_enc-mode0	60	63	0	194346.0	194.346	36.31283333333332	41.97816666666668	42.70866666666666	36.294215	41.976369	42.706933	82.50989471666666	610679.0	10.177983333333334	608.42	1280	720	50.0	8	b74a08618ac220214a1d6f846b26af10	25ee6c1f5fb7473753c0a9ad5ddbe34b	1280	720	6926.0	128.0	345.0	18275.0	False	False	0.9804435833333334	0.9819321666666667
RollerCoastPas_1920x1080_2997_10	RollerCoastPas_1920x1080_2997_10	libaom	libaom_20210514_8b0e8b2_enc-mode0	60	20	0	2830074.0	2830.074	45.09866666666665	45.38599999999999	43.76983333333335	45.096716	45.385061	43.767504	97.06672168333334	6322915.0	105.38191666666667	6313.1	1920	1080	29.97	10	30951a81c57c1dbc3c6ea53892047280	fdd77b04f327c73a2a3f21202b16b903	1920	1080	26411.0	505.0	1693.0	39671.0	False	False	0.9986473666666668	0.9969486833333333
RollerCoastPas_1920x1080_2997_10	RollerCoastPas_1920x1080_2997_10	libaom	libaom_20210514_8b0e8b2_enc-mode0	60	32	0	1546668.0	1546.668	44.25066666666667	44.93366666666666	43.355166666666655	44.24889700000001	44.933357	43.353612	96.48325376666666	5653350.0	94.2225	5635.47	1920	1080	29.97	10	08d95aba9fc273b82ff2f362ee4ee7a1	e93413e3b3d63079b85dc1c0160d0b5f	1920	1080	27846.0	469.0	1436.0	37782.0	False	False	0.9982588166666666	0.9963258500000001
RollerCoastPas_1920x1080_2997_10	RollerCoastPas_1920x1080_2997_10	libaom	libaom_20210514_8b0e8b2_enc-mode0	60	43	0	919668.0	919.668	42.96766666666667	44.18683333333333	42.719500000000004	42.963556	44.186789	42.718632	95.28670303333334	4295091.0	71.58485	4276.23	1920	1080	29.97	10	a6851d8585554fb1807e3f548c5a2530	2d16d206808351e0a47c9f3e7c1741eb	1920	1080	20666.0	524.0	1434.0	24474.0	False	False	0.9975100833333334	0.9951609666666666
RollerCoastPas_1920x1080_2997_10	RollerCoastPas_1920x1080_2997_10	libaom	libaom_20210514_8b0e8b2_enc-mode0	60	55	0	469324.0	469.324	40.68816666666667	42.61249999999998	41.35766666666665	40.683991	42.612239	41.357052	92.4268235	2853573.0	47.55955	2804.54	1920	1080	29.97	10	6e632f2e810382d48d325cfdc6aad2d9	ab41a3e50d8e0f23a3b1e16a8450ec53	1920	1080	25185.0	620.0	1573.0	36722.0	False	False	0.9953354166666666	0.9920082
RollerCoastPas_1920x1080_2997_10	RollerCoastPas_1920x1080_2997_10	libaom	libaom_20210514_8b0e8b2_enc-mode0	60	63	0	209136.0	209.136	37.001	39.776833333333336	38.81449999999998	36.996495	39.775491	38.813941	84.01643236666665	2701170.0	45.0195	2673.99	1920	1080	29.97	10	235e7dd7bc1e9d8e94be99820410b02e	d42764dd435a56f77999d82bc3777f59	1920	1080	25889.0	795.0	1624.0	26000.0	False	False	0.9872158500000001	0.9817646833333332
Netflix_RollerCoaster_1280x720_6	Netflix_RollerCoaster_1280x720_6	libaom	libaom_20210514_8b0e8b2_enc-mode0	60	20	0	5689208.0	5689.208	43.83983333333333	45.90699999999999	46.00566666666667	43.823532	45.899658	46.001138	99.89539121666667	4435441.0	73.92401666666666	4422.13	1280	720	60.0	8	c51784886f0bc985407098c6cc83a931	aeb9bf85a41fd39a00fe8453e6eb7b96	1280	720	7467.0	137.0	1263.0	11147.0	False	False	0.9975017666666666	0.9970532333333334
Netflix_RollerCoaster_1280x720_6	Netflix_RollerCoaster_1280x720_6	libaom	libaom_20210514_8b0e8b2_enc-mode0	60	32	0	2958600.0	2958.6	41.523833333333336	43.94766666666667	44.39666666666666	41.50068	43.935276	44.388671	99.68372976666666	3028226.0	50.47043333333333	2995.66	1280	720	60.0	8	fb4014db8cf1ba7ced6ebeffae43dfb1	475becf452c3e70c85a5192407e500bb	1280	720	9446.0	133.0	1011.0	17323.0	False	False	0.9955019666666666	0.9949488500000001
Netflix_RollerCoaster_1280x720_6	Netflix_RollerCoaster_1280x720_6	libaom	libaom_20210514_8b0e8b2_enc-mode0	60	43	0	1608760.0	1608.76	39.16999999999999	41.975500000000004	42.89116666666666	39.136035	41.950317	42.880018	95.46816265	2117016.0	35.2836	2115.29	1280	720	60.0	8	a235bbd9e9d4d4f759f575d9130d5c21	cb9b5d1fc7ab32bcbc3cdcf848484c8d	1280	720	7286.0	128.0	777.0	17498.0	False	False	0.9915296666666668	0.9910384
Netflix_RollerCoaster_1280x720_6	Netflix_RollerCoaster_1280x720_6	libaom	libaom_20210514_8b0e8b2_enc-mode0	60	55	0	864440.0	864.44	36.500499999999995	39.77033333333333	41.25216666666667	36.467045	39.737121	41.240773	86.81797603333332	1615415.0	26.923583333333333	1612.48	1280	720	60.0	8	2e4a365e87639e1dccf8ca1cbbb34674	88882f5ba958003077defe6503b03bf2	1280	720	7223.0	142.0	754.0	18401.0	False	False	0.9823928166666668	0.9826607500000001
Netflix_RollerCoaster_1280x720_6	Netflix_RollerCoaster_1280x720_6	libaom	libaom_20210514_8b0e8b2_enc-mode0	60	63	0	461280.0	461.28	33.57966666666667	37.443333333333335	39.47283333333333	33.528338	37.397242	39.455417	71.48881798333332	1104064.0	18.401066666666665	1100.79	1280	720	60.0	8	f7eb237c5fe3a327954a0b75ad9f0b3f	4276d66d4547f9d4bdff3d4850bd11e6	1280	720	6020.0	122.0	547.0	17495.0	False	False	0.9619268333333333	0.9655058166666667
niklas360p_60f	niklas360p_60f	libaom	libaom_20210514_8b0e8b2_enc-mode0	60	20	0	1067336.0	1067.336	43.50916666666667	47.293833333333346	46.83533333333335	43.470615	47.251234	46.808235	97.9331132	1760103.0	29.33505	1758.12	640	360	30.0	8	5bbf0e067b87270be7a90f4297123eda	4e6d061833f3b5f9d788878cf727637f	640	360	2106.0	52.0	332.0	5260.0	False	False	0.9853933666666667	0.9966378666666665
niklas360p_60f	niklas360p_60f	libaom	libaom_20210514_8b0e8b2_enc-mode0	60	32	0	612124.0	612.124	41.117000000000004	45.748166666666656	45.06566666666668	41.072576	45.71525	45.042996	96.07010186666666	1397904.0	23.2984	1392.91	640	360	30.0	8	58ee104c71c406bb96de02b313e72c70	d66945813380810db4f824cd41a6e8e5	640	360	2210.0	65.0	333.0	5314.0	False	False	0.9792356500000001	0.9947686666666666
niklas360p_60f	niklas360p_60f	libaom	libaom_20210514_8b0e8b2_enc-mode0	60	43	0	353924.0	353.924	38.596999999999994	44.30783333333332	43.396666666666654	38.534644	44.281206	43.374889	92.62748155	1064862.0	17.7477	1061.78	640	360	30.0	8	64cbe22acd7bf2edc7d834962e6c0bae	223ddaf91ce02a6b0fd66eafa0bbec46	640	360	2052.0	49.0	238.0	3329.0	False	False	0.9696562500000001	0.9914506500000001
niklas360p_60f	niklas360p_60f	libaom	libaom_20210514_8b0e8b2_enc-mode0	60	55	0	194424.0	194.424	35.57949999999999	42.616666666666674	41.35366666666666	35.521454999999996	42.592399	41.329064	85.62468710000002	581446.0	9.690766666666667	579.67	640	360	30.0	8	e485c9272571651862f9cfd5789e81bc	06ccca8782813ac3c705e31bbc091423	640	360	2126.0	54.0	195.0	5047.0	False	False	0.9507216	0.9839139666666668
niklas360p_60f	niklas360p_60f	libaom	libaom_20210514_8b0e8b2_enc-mode0	60	63	0	102420.0	102.42	32.287333333333336	40.555166666666665	39.03000000000001	32.219355	40.538917	39.011126	73.93446101666669	328963.0	5.482716666666667	327.57	640	360	30.0	8	aaf4d08e06df56ce6a40bcc0a59de89b	e7617139ed8c150613c6f9a0fa9d897a	640	360	2058.0	49.0	135.0	5179.0	False	False	0.9187280666666667	0.9687011666666666
red_kayak_360p_60f	red_kayak_360p_60f	libaom	libaom_20210514_8b0e8b2_enc-mode0	60	20	0	8216728.0	8216.728	39.970166666666664	43.693666666666665	48.81966666666668	39.774594	43.59341299999999	48.799031	99.89604726666667	2699809.0	44.99681666666667	2696.32	640	360	29.97	8	92fe1f8d112ee50aaec65e1d3897a69a	46d1dbce995c8f844ee5c06bc376ff0c	640	360	2607.0	47.0	849.0	5328.0	False	False	0.96461105	0.99241135
red_kayak_360p_60f	red_kayak_360p_60f	libaom	libaom_20210514_8b0e8b2_enc-mode0	60	32	0	4512527.0	4512.527	35.27700000000001	41.18349999999999	47.93933333333335	34.94341	41.058417	47.908776	97.26358926666666	2768784.0	46.1464	2764.23	640	360	29.97	8	9425362b26b97765bae8f6ed54f8e4b6	03f39ff1b60f5ac4f022806fcdf22d6b	640	360	2988.0	53.0	680.0	5238.0	False	False	0.9224117166666667	0.9814564333333334
red_kayak_360p_60f	red_kayak_360p_60f	libaom	libaom_20210514_8b0e8b2_enc-mode0	60	43	0	1923635.0	1923.635	30.891000000000002	39.162	47.19016666666667	30.558454	39.07418500000001	47.13371300000001	80.30825991666666	2443706.0	40.728433333333335	2435.26	640	360	29.97	8	478e0367126491e02e3aeb7fee24793d	1fc9e55135f9079b53e11ad33aa6b3b6	640	360	2686.0	52.0	462.0	5277.0	False	False	0.8401603833333334	0.9556040833333335
red_kayak_360p_60f	red_kayak_360p_60f	libaom	libaom_20210514_8b0e8b2_enc-mode0	60	55	0	603964.0	603.964	27.55349999999999	37.80933333333333	46.64083333333334	27.340495999999998	37.764442	46.52195	51.53242296666667	1288112.0	21.468533333333333	1287.2	640	360	29.97	8	a75e4042ada7c68059fab62ce4dbfa2a	a02169b6cc8dcdf3220b1ca67c69af00	640	360	2319.0	49.0	310.0	3237.0	False	False	0.7299350833333332	0.9016774166666668
red_kayak_360p_60f	red_kayak_360p_60f	libaom	libaom_20210514_8b0e8b2_enc-mode0	60	63	0	157030.0	157.03	25.297333333333334	36.77283333333332	44.826499999999996	25.165513999999998	36.725917	44.731476	21.035937366666666	567591.0	9.45985	563.49	640	360	29.97	8	3dbb246e389f27ec45933f7349f84c1a	adb82f3a658d3221a9aa399b09652e90	640	360	2530.0	50.0	180.0	5175.0	False	False	0.6450965999999999	0.8115727333333335
ShowGirl2TeaserClip4000_1920x108	ShowGirl2TeaserClip4000_1920x108	libaom	libaom_20210514_8b0e8b2_enc-mode0	60	20	0	2181560.0	2181.56	42.23466666666668	46.64233333333333	49.534333333333315	42.232867000000006	46.639786	49.53224	95.08838406666668	11896741.0	198.27901666666668	11862.17	1920	1080	25.0	10	8bd4ca6213b93a3acd0648ffaf4d804d	f2cdb12a26c8b5af0348aeae844f12cb	1920	1080	25244.0	463.0	2150.0	23596.0	False	False	0.9959174833333333	0.9912336999999999
ShowGirl2TeaserClip4000_1920x108	ShowGirl2TeaserClip4000_1920x108	libaom	libaom_20210514_8b0e8b2_enc-mode0	60	32	0	1071256.0	1071.256	41.51033333333334	46.17600000000003	48.687000000000005	41.504726	46.173562999999994	48.686008	92.94009066666668	9668827.0	161.14711666666668	9631.1	1920	1080	25.0	10	74b03cd0f67e8c1ec3a1ece520d0a0aa	d3dfc362776746e5dee6a2db1b50b743	1920	1080	24592.0	460.0	1737.0	23873.0	False	False	0.9948638000000002	0.9899157499999999
ShowGirl2TeaserClip4000_1920x108	ShowGirl2TeaserClip4000_1920x108	libaom	libaom_20210514_8b0e8b2_enc-mode0	60	43	0	603403.0	603.403	40.49566666666667	45.63733333333335	47.7705	40.481544	45.635687	47.770317	89.92625653333334	6706172.0	111.76953333333333	6692.48	1920	1080	25.0	10	fbab29f2605ced19787c8e892dceebb8	2667be41c8db84c4ae9478bf3210b0f3	1920	1080	25743.0	480.0	1704.0	38700.0	False	False	0.9929581999999999	0.9877346333333334
ShowGirl2TeaserClip4000_1920x108	ShowGirl2TeaserClip4000_1920x108	libaom	libaom_20210514_8b0e8b2_enc-mode0	60	55	0	328190.0	328.19	38.91983333333333	44.823166666666644	46.53116666666665	38.890478	44.821824	46.530133	83.51157178333334	4235754.0	70.5959	4197.34	1920	1080	25.0	10	ef0bb2175c6176f72e38e9edfaf65ea7	e943e9941a601da6c15fb48130b96349	1920	1080	21410.0	500.0	1499.0	39397.0	False	False	0.9888150833333333	0.9832032
ShowGirl2TeaserClip4000_1920x108	ShowGirl2TeaserClip4000_1920x108	libaom	libaom_20210514_8b0e8b2_enc-mode0	60	63	0	169696.0	169.696	36.54766666666667	42.963166666666694	44.801166666666646	36.50736	42.957128	44.787715	71.28358288333334	2663573.0	44.39288333333333	2654.9	1920	1080	25.0	10	92554148efa462c0551f0e8fe8c3af90	5c8a55e587de89f6ef811f3c00d35a45	1920	1080	25820.0	551.0	1535.0	25188.0	False	False	0.9781710499999999	0.9722665666666668
Netflix_Aerial_1920x1080_60fps_8	Netflix_Aerial_1920x1080_60fps_8	libaom	libaom_20210514_8b0e8b2_enc-mode0	60	20	0	15473584.0	15473.584	41.88416666666665	45.25199999999999	45.100999999999985	41.830887	45.232129	45.09199	96.04927988333334	10065157.0	167.75261666666665	10053.46	1920	1080	60.0	8	57c1efbd66debdf009388c015417a01f	a98099974b6cb380ab8d0469a7f7a611	1920	1080	19328.0	272.0	2760.0	41176.0	False	False	0.99745695	0.9957798999999999
Netflix_Aerial_1920x1080_60fps_8	Netflix_Aerial_1920x1080_60fps_8	libaom	libaom_20210514_8b0e8b2_enc-mode0	60	32	0	7836160.0	7836.16	39.88049999999999	43.965833333333336	44.149666666666654	39.786647	43.949694	44.145708	93.70958613333333	7856203.0	130.93671666666665	7804.27	1920	1080	60.0	8	3b3c16c36437aef88ffb76b0624c884e	6c1fb1f3dca5c132ad31d983aea17ed6	1920	1080	17900.0	306.0	2099.0	23912.0	False	False	0.9957118666666668	0.9930509500000001
Netflix_Aerial_1920x1080_60fps_8	Netflix_Aerial_1920x1080_60fps_8	libaom	libaom_20210514_8b0e8b2_enc-mode0	60	43	0	4367400.0	4367.4	37.9435	42.610333333333344	43.15266666666667	37.834484	42.603485	43.150383	90.38843825	7214954.0	120.24923333333334	7176.44	1920	1080	60.0	8	dc6d0e709b3a3f0a67fff02ab2ef5e4d	736d9b064ca96dabddff8f0f94ef2771	1920	1080	18110.0	329.0	1958.0	40363.0	False	False	0.9929984666666668	0.9887744833333333
Netflix_Aerial_1920x1080_60fps_8	Netflix_Aerial_1920x1080_60fps_8	libaom	libaom_20210514_8b0e8b2_enc-mode0	60	55	0	2164648.0	2164.648	35.35549999999999	40.91216666666665	41.95899999999999	35.290737	40.907736	41.952020999999995	84.07234953333334	5258162.0	87.63603333333333	5216.62	1920	1080	60.0	8	53067c3af3d611cb0391db3ccc5f9494	aae80aa1904f9682b4ffe0cc63e9b21f	1920	1080	15994.0	316.0	1487.0	40241.0	False	False	0.9868229166666667	0.9786095833333334
Netflix_Aerial_1920x1080_60fps_8	Netflix_Aerial_1920x1080_60fps_8	libaom	libaom_20210514_8b0e8b2_enc-mode0	60	63	0	905128.0	905.128	32.14083333333334	38.95066666666666	40.810833333333335	32.107964	38.927819	40.790981	68.96130423333332	3282707.0	54.71178333333334	3261.3	1920	1080	60.0	8	3a469a6877ea91b8763e0d76e90a17fe	790954002041cd3a8142f3a7c1931592	1920	1080	18531.0	264.0	985.0	40970.0	False	False	0.9670721500000001	0.9476961666666667
Netflix_Boat_1920x1080_60fps_8bi	Netflix_Boat_1920x1080_60fps_8bi	libaom	libaom_20210514_8b0e8b2_enc-mode0	60	20	0	21294904.0	21294.904	42.607666666666674	44.97383333333334	46.33600000000003	42.590015	44.957746	46.329083	99.88420731666666	8050551.0	134.17585	8032.34	1920	1080	60.0	8	cce55208ee7820892775944e5c98ae67	ce7e8d3bd1ad99694cc3576b0699dda3	1920	1080	18075.0	235.0	2480.0	38422.0	False	False	0.9993150333333333	0.9984125333333334
Netflix_Boat_1920x1080_60fps_8bi	Netflix_Boat_1920x1080_60fps_8bi	libaom	libaom_20210514_8b0e8b2_enc-mode0	60	32	0	12057736.0	12057.736	39.913000000000004	43.13933333333334	44.08300000000001	39.891168	43.116822	44.079065	98.8899637	7728951.0	128.81585	7702.31	1920	1080	60.0	8	3768096d77739d7f5a301b364f7e8e51	d755c5ad6b07e79aabd7a5ad063d8c54	1920	1080	18819.0	227.0	1989.0	23719.0	False	False	0.9986535333333334	0.9969859833333334
Netflix_Boat_1920x1080_60fps_8bi	Netflix_Boat_1920x1080_60fps_8bi	libaom	libaom_20210514_8b0e8b2_enc-mode0	60	43	0	7028048.0	7028.048	37.16316666666667	41.805333333333344	42.524	37.130527	41.778073	42.521589999999996	94.76080873333335	7113332.0	118.55553333333333	7094.53	1920	1080	60.0	8	7460cc2969fd13a52e27a7159bfeeade	841716c6e4167efbe85e0d61098e8d5d	1920	1080	18703.0	254.0	1683.0	39267.0	False	False	0.99720975	0.9940698500000001
Netflix_Boat_1920x1080_60fps_8bi	Netflix_Boat_1920x1080_60fps_8bi	libaom	libaom_20210514_8b0e8b2_enc-mode0	60	55	0	3830216.0	3830.216	33.94983333333333	40.25466666666668	40.85916666666667	33.912572	40.229895000000006	40.85828	86.66121115000001	5419050.0	90.3175	5398.26	1920	1080	60.0	8	7498619a75b61dc63cf11d3e54230f6a	557da23e4fb9506258be98282256d0ac	1920	1080	18481.0	297.0	1448.0	39566.0	False	False	0.9930713333333333	0.9866290333333334
Netflix_Boat_1920x1080_60fps_8bi	Netflix_Boat_1920x1080_60fps_8bi	libaom	libaom_20210514_8b0e8b2_enc-mode0	60	63	0	2014904.0	2014.904	30.815166666666666	38.46866666666667	39.04549999999999	30.769965	38.464578	39.03062	73.94348936666665	3778460.0	62.974333333333334	3769.64	1920	1080	60.0	8	d27b39f76f13085b70781cd352e9d647	9afbd51268396d4aa7b450da38170a94	1920	1080	18142.0	232.0	1022.0	38162.0	False	False	0.9822749	0.9693159166666666
Netflix_Crosswalk_1920x1080_60fp	Netflix_Crosswalk_1920x1080_60fp	libaom	libaom_20210514_8b0e8b2_enc-mode0	60	20	0	6255352.0	6255.352	45.21416666666667	48.17999999999999	50.03999999999999	45.185288	48.174076	50.032273	98.35000868333334	5372762.0	89.54603333333333	5351.13	1920	1080	60.0	8	dfd13e873e07bc184c96232faf048486	f8e5565d33e31bb678f8d0e11da1a3f2	1920	1080	12090.0	238.0	2049.0	24435.0	False	False	0.9972857333333335	0.9953284333333332
Netflix_Crosswalk_1920x1080_60fp	Netflix_Crosswalk_1920x1080_60fp	libaom	libaom_20210514_8b0e8b2_enc-mode0	60	32	0	3283600.0	3283.6	43.946000000000005	47.408500000000004	49.221000000000004	43.889893	47.399599	49.21147800000001	94.77488248333331	5554939.0	92.58231666666667	5522.02	1920	1080	60.0	8	2ed4bb2acfb2e26067afd6e0d49308e4	a5498475644bd2576a1d49107e48beb2	1920	1080	12323.0	302.0	2121.0	41836.0	False	False	0.9955126166666666	0.9934132666666666
Netflix_Crosswalk_1920x1080_60fp	Netflix_Crosswalk_1920x1080_60fp	libaom	libaom_20210514_8b0e8b2_enc-mode0	60	43	0	1744456.0	1744.456	42.24066666666666	46.369666666666646	48.08316666666668	42.1428	46.354569	48.07153	88.29758079999998	3274473.0	54.57455	3259.54	1920	1080	60.0	8	ebcc7f444e3946a0428f50bcb74c5ff9	b96b9bde9f64923249a323bb42ca06a8	1920	1080	12813.0	297.0	1621.0	41437.0	False	False	0.9915993666666665	0.9896883333333335
Netflix_Crosswalk_1920x1080_60fp	Netflix_Crosswalk_1920x1080_60fp	libaom	libaom_20210514_8b0e8b2_enc-mode0	60	55	0	915000.0	915.0	39.981	44.94033333333333	46.537666666666695	39.838859	44.919875	46.514517	76.97044895000002	2182276.0	36.37126666666666	2173.5	1920	1080	60.0	8	e53aee9d8137e3fbb47ffdedd69de481	a5bc9a9c6d6512a21214658c1f2a7061	1920	1080	12321.0	287.0	1411.0	40967.0	False	False	0.9830190333333333	0.98219395
Netflix_Crosswalk_1920x1080_60fp	Netflix_Crosswalk_1920x1080_60fp	libaom	libaom_20210514_8b0e8b2_enc-mode0	60	63	0	486664.0	486.664	37.3145	43.168166666666664	44.696166666666656	37.132053	43.145699	44.666532	60.43418826666666	1599224.0	26.653733333333335	1587.91	1920	1080	60.0	8	6e3632749149f8727378687d41b71fdd	9454d4c4f7841bb1f1b432e05f16eb7c	1920	1080	11985.0	302.0	1435.0	40912.0	False	False	0.9654473333333334	0.96777625
Netflix_DrivingPOV_1280x720_60fp	Netflix_DrivingPOV_1280x720_60fp	libaom	libaom_20210514_8b0e8b2_enc-mode0	60	20	0	7833432.0	7833.432	41.74733333333334	45.76266666666666	44.607000000000006	41.722249	45.746682	44.598328	99.50109233333336	5540791.0	92.34651666666667	5529.51	1280	720	60.0	8	fd4a093fdf344e6cf6b8ace9a5784c03	986eba3c3a36d3c0b2c9fa89711cc2fe	1280	720	8448.0	174.0	1300.0	17953.0	False	False	0.9975276833333334	0.99675735
Netflix_DrivingPOV_1280x720_60fp	Netflix_DrivingPOV_1280x720_60fp	libaom	libaom_20210514_8b0e8b2_enc-mode0	60	32	0	3911320.0	3911.32	39.30333333333332	44.24183333333331	43.59933333333334	39.26678	44.213049	43.588851	98.01321139999999	4346193.0	72.43655	4317.16	1280	720	60.0	8	e7c38f7494171578fcb552e019678f24	ae308f071cbc10803d8fc298445fa957	1280	720	8262.0	117.0	915.0	10601.0	False	False	0.9952002833333334	0.9940141333333333
Netflix_DrivingPOV_1280x720_60fp	Netflix_DrivingPOV_1280x720_60fp	libaom	libaom_20210514_8b0e8b2_enc-mode0	60	43	0	2141168.0	2141.168	37.14683333333333	42.885666666666665	42.71166666666667	37.098971	42.85397	42.700065	95.35761798333333	3492252.0	58.2042	3470.67	1280	720	60.0	8	309fa1dd3d4f71d03af6a0bfe9d0376f	98db5b69f7b4f409403dd77564f97f34	1280	720	13961.0	157.0	789.0	17556.0	False	False	0.9916925333333332	0.9904280166666666
Netflix_DrivingPOV_1280x720_60fp	Netflix_DrivingPOV_1280x720_60fp	libaom	libaom_20210514_8b0e8b2_enc-mode0	60	55	0	1098080.0	1098.0799999999997	34.60033333333334	41.11966666666667	41.52149999999999	34.552371	41.101396	41.513755999999994	89.74256833333335	2427944.0	40.46573333333333	2402.99	1280	720	60.0	8	7aa2c0ec4732e2cc89b780f5477a4247	428fd383906f225f419cd89376d846c4	1280	720	8812.0	143.0	773.0	14064.0	False	False	0.9856061666666666	0.9842413833333334
Netflix_DrivingPOV_1280x720_60fp	Netflix_DrivingPOV_1280x720_60fp	libaom	libaom_20210514_8b0e8b2_enc-mode0	60	63	0	569096.0	569.096	31.97366666666667	38.9645	40.031333333333336	31.940554	38.95689	40.021908	79.85201008333333	1773159.0	29.55265	1751.21	1280	720	60.0	8	2798c1d8054fd4c8b576ee593c48adfd	1cf324f7a52512071de770eeecddff71	1280	720	8859.0	142.0	590.0	18304.0	False	False	0.9747236000000001	0.9731368333333332
Netflix_PierSeaside_1920x1080_60	Netflix_PierSeaside_1920x1080_60	libaom	libaom_20210514_8b0e8b2_enc-mode0	60	20	0	5262736.0	5262.736	44.866166666666665	47.19433333333334	45.30783333333333	44.828086	47.180338	45.290976	99.87525878333335	6308551.0	105.14251666666667	6298.82	1920	1080	60.0	8	1421d7c7e6d19b364aaebf06910bf99e	2bf7cada3e24c469d53c78b1c74abbd3	1920	1080	14031.0	263.0	1701.0	42664.0	False	False	0.9984187833333333	0.9969401500000001
Netflix_PierSeaside_1920x1080_60	Netflix_PierSeaside_1920x1080_60	libaom	libaom_20210514_8b0e8b2_enc-mode0	60	32	0	2479280.0	2479.28	43.183333333333344	46.18866666666665	44.59733333333331	43.131394	46.176006	44.583981	99.2224291	5106815.0	85.11358333333334	5091.88	1920	1080	60.0	8	49934f8005780970478b4f28c5259a50	700ab9036fcc6769fc90fcef7f1f41da	1920	1080	15855.0	242.0	1192.0	38416.0	False	False	0.9972779499999999	0.9951597833333332
Netflix_PierSeaside_1920x1080_60	Netflix_PierSeaside_1920x1080_60	libaom	libaom_20210514_8b0e8b2_enc-mode0	60	43	0	1329440.0	1329.44	41.48716666666666	45.0365	43.77983333333332	41.433856	45.029176	43.772579	97.2358465	3407596.0	56.79326666666667	3401.55	1920	1080	60.0	8	4968c6b1fd6924125b0a855dd624d1da	d70b7782684e15b3f0f471db0f0c77e5	1920	1080	13964.0	237.0	930.0	38382.0	False	False	0.9953228	0.9924513166666669
Netflix_PierSeaside_1920x1080_60	Netflix_PierSeaside_1920x1080_60	libaom	libaom_20210514_8b0e8b2_enc-mode0	60	55	0	671192.0	671.1920000000001	39.25183333333334	43.19966666666667	42.42816666666666	39.211444	43.196546	42.425502	92.47511204999999	1933718.0	32.228633333333335	1926.02	1920	1080	60.0	8	8850e34e00f71d759a2c65a8fbcddfc0	bbb1c755449c8860fb78870528ffcab3	1920	1080	13544.0	260.0	1019.0	40134.0	False	False	0.9914472333333334	0.9875565833333333
Netflix_PierSeaside_1920x1080_60	Netflix_PierSeaside_1920x1080_60	libaom	libaom_20210514_8b0e8b2_enc-mode0	60	63	0	365720.0	365.72	36.63116666666667	40.92883333333332	40.53266666666668	36.613382	40.915607	40.524284	83.52130473333332	1412368.0	23.539466666666666	1405.6	1920	1080	60.0	8	86c6c5434adf18b96f046022c2b0f86f	542d97e303850581a1ca1a6b72c884b1	1920	1080	13970.0	252.0	909.0	40581.0	False	False	0.9844749666666666	0.9793991833333334
vidyo4_720p_60fps_60f	vidyo4_720p_60fps_60f	libaom	libaom_20210514_8b0e8b2_enc-mode0	60	20	0	3524288.0	3524.288	43.64349999999999	49.901666666666685	50.276833333333336	43.577045	49.88740500000001	50.26552	97.25007085	4439192.0	73.98653333333333	4424.56	1280	720	60.0	8	2ba681717f67b270c89be716f5447280	6c278981f23493e1b87d2f88d13fbbb8	1280	720	5608.0	123.0	726.0	17355.0	False	False	0.9961036000000001	0.9952177666666666
vidyo4_720p_60fps_60f	vidyo4_720p_60fps_60f	libaom	libaom_20210514_8b0e8b2_enc-mode0	60	32	0	1570872.0	1570.872	42.503166666666665	49.329	49.73216666666668	42.420846	49.307047	49.716446	96.05382648333334	2584181.0	43.06968333333333	2542.67	1280	720	60.0	8	a2e506f9c9c32882f481ce73075b46ce	26f9bf088dd54212bc7c441cce9300c0	1280	720	6694.0	133.0	570.0	17914.0	False	False	0.9941941166666667	0.9934394833333333
vidyo4_720p_60fps_60f	vidyo4_720p_60fps_60f	libaom	libaom_20210514_8b0e8b2_enc-mode0	60	43	0	851872.0	851.872	41.321666666666665	48.55983333333335	48.98433333333333	41.218948	48.533646	48.96676	94.14853568333335	1510216.0	25.170266666666667	1504.72	1280	720	60.0	8	787f00d8bc1d85278f41e935bfae2c61	057c76213d8a91a2fa979e388d22f987	1280	720	6631.0	149.0	515.0	17726.0	False	False	0.9914153833333332	0.9910431166666667
vidyo4_720p_60fps_60f	vidyo4_720p_60fps_60f	libaom	libaom_20210514_8b0e8b2_enc-mode0	60	55	0	451424.0	451.424	39.56116666666666	47.2335	47.58183333333336	39.453632	47.213179	47.566091	90.11850269999998	888675.0	14.81125	880.84	1280	720	60.0	8	26745c6a0b45aa9aeff0b4cdd92eef49	a6be5e99779e8d047d81a2d0eb4e9a33	1280	720	5540.0	152.0	537.0	14293.0	False	False	0.9856663833333335	0.9863600833333332
vidyo4_720p_60fps_60f	vidyo4_720p_60fps_60f	libaom	libaom_20210514_8b0e8b2_enc-mode0	60	63	0	224192.0	224.192	36.788166666666676	44.748000000000005	44.86083333333333	36.719867	44.738324	44.846944	80.77225528333332	568333.0	9.472216666666666	563.86	1280	720	60.0	8	61f43cf1515a6a35c842739ea16bbb4d	39a88d13d6265caf3cf68c007fb3f51a	1280	720	6286.0	122.0	375.0	17604.0	False	False	0.9697222666666666	0.97403965
wikipedia_420	wikipedia_420	libaom	libaom_20210514_8b0e8b2_enc-mode0	60	20	0	1317112.0	1317.112	54.001000000000005	52.30816666666667	53.332166666666645	53.983447	52.133818	53.279405	99.82412785	2098938.0	34.9823	2084.22	1920	1080	30.0	8	bf02e219c7cb2e828bd60077b7c3ca34	c5e7547a4a84b84386dddc5c74ef1392	1920	1080	9025.0	282.0	932.0	40601.0	False	False	0.9998262	0.9995907666666667
wikipedia_420	wikipedia_420	libaom	libaom_20210514_8b0e8b2_enc-mode0	60	32	0	756428.0	756.428	50.05633333333334	50.04150000000001	51.377500000000005	50.050252	49.856937	51.333176	99.80273496666665	2785977.0	46.43295	2769.01	1920	1080	30.0	8	7cd94d413b4f2e3510da56f407c097a5	b5a79bcf9208a2d1e2851fa5ec91c07a	1920	1080	11261.0	249.0	767.0	39421.0	False	False	0.9994652666666667	0.9989699666666666
wikipedia_420	wikipedia_420	libaom	libaom_20210514_8b0e8b2_enc-mode0	60	43	0	557884.0	557.884	47.83533333333335	48.23416666666667	49.64649999999999	47.826866	48.13048	49.617566	99.76660468333334	2161183.0	36.01971666666667	2154.99	1920	1080	30.0	8	6565d3e06a467ffbaf7dc4814b737a12	8e98ece529ef54e068b7c0833e944266	1920	1080	12554.0	247.0	852.0	39003.0	False	False	0.9992050666666668	0.9986426833333335
wikipedia_420	wikipedia_420	libaom	libaom_20210514_8b0e8b2_enc-mode0	60	55	0	457784.0	457.784	45.54183333333334	46.47116666666666	48.10066666666666	45.513505	46.4297	48.069669	99.71679383333334	1636908.0	27.2818	1623.17	1920	1080	30.0	8	02b133fb67d36a4ea0c924f58bffec1a	8bfd7c795d184548e7bad333cda0ee01	1920	1080	20376.0	294.0	945.0	41172.0	False	False	0.9989921166666667	0.9983705333333334
wikipedia_420	wikipedia_420	libaom	libaom_20210514_8b0e8b2_enc-mode0	60	63	0	372036.0	372.036	42.18083333333335	44.96883333333336	46.368	42.084385	44.936646	46.311107	99.39533881666667	1204292.0	20.071533333333335	1196.84	1920	1080	30.0	8	799cd8e9ccaab3724ff3411573ac5639	13877a03c460734dfe6dacca04d2d90e	1920	1080	11380.0	267.0	869.0	39930.0	False	False	0.9982902666666665	0.9975686666666665
Netflix_SquareAndTimelapse_1920x	Netflix_SquareAndTimelapse_1920x	libaom	libaom_20210514_8b0e8b2_enc-mode0	60	20	0	15427712.0	15427.712	43.50133333333333	47.96983333333333	47.01683333333334	43.491708	47.965689	47.011808	99.88318461666668	7004122.0	116.73536666666666	6992.14	1920	1080	60.0	8	52162001c42a91db029602d29dc15715	602323c0a83603b0923811ee6eddf5f4	1920	1080	15723.0	231.0	2765.0	38695.0	False	False	0.9988954	0.99729
Netflix_SquareAndTimelapse_1920x	Netflix_SquareAndTimelapse_1920x	libaom	libaom_20210514_8b0e8b2_enc-mode0	60	32	0	8855480.0	8855.48	40.997666666666674	45.94483333333335	44.85733333333335	40.985538	45.941264	44.852304	99.85383416666667	7701152.0	128.35253333333333	7628.64	1920	1080	60.0	8	295cb583cabff61ca21560cc5038bc68	48f4334256f2d8bd6ac0762a4ebd61f9	1920	1080	13144.0	261.0	2370.0	39208.0	False	False	0.9977585666666667	0.9950060333333333
Netflix_SquareAndTimelapse_1920x	Netflix_SquareAndTimelapse_1920x	libaom	libaom_20210514_8b0e8b2_enc-mode0	60	43	0	5220072.0	5220.072	38.49800000000001	44.283	43.03183333333333	38.47678	44.2779	43.023618000000006	97.28476281666667	5802325.0	96.70541666666666	5780.1	1920	1080	60.0	8	5bf1a5ffc8db6c82257d5fb46365368e	fed1d281d0efa319d6670a45ef447129	1920	1080	16407.0	337.0	3268.0	43145.0	False	False	0.9953090666666669	0.99089335
Netflix_SquareAndTimelapse_1920x	Netflix_SquareAndTimelapse_1920x	libaom	libaom_20210514_8b0e8b2_enc-mode0	60	55	0	2837712.0	2837.712	35.4555	42.08066666666665	40.74316666666667	35.431797	42.074798	40.732550999999994	88.03451014999999	4551781.0	75.86301666666667	4544.23	1920	1080	60.0	8	a186a5dac8ef1ce7d0def88b6d4d5f1c	f850ef56e81854e0832cc449b8681a91	1920	1080	13602.0	416.0	2445.0	29313.0	False	False	0.9885652666666667	0.9810564333333335
Netflix_SquareAndTimelapse_1920x	Netflix_SquareAndTimelapse_1920x	libaom	libaom_20210514_8b0e8b2_enc-mode0	60	63	0	1506736.0	1506.736	32.37950000000001	39.73383333333332	38.310333333333325	32.336491	39.707397	38.279348	72.76685541666667	3242868.0	54.0478	3221.83	1920	1080	60.0	8	f1b79f26fb7e4e222f88a8738565472c	a517d41c639e4f4c1f341f6bc90bdab8	1920	1080	12499.0	258.0	1355.0	25195.0	False	False	0.9721784333333334	0.9607976500000001
Netflix_TunnelFlag_1920x1080_60f	Netflix_TunnelFlag_1920x1080_60f	libaom	libaom_20210514_8b0e8b2_enc-mode0	60	20	0	21402160.0	21402.16	42.16083333333334	46.41233333333334	48.05466666666668	42.135734	46.407107	48.047869	99.91939936666668	8263304.0	137.72173333333333	8229.39	1920	1080	60.0	8	8600722eec3aed3bbc0be0f2bf089ff9	b1a8b08db453c0f7e667f67d49aa161d	1920	1080	12292.0	229.0	3122.0	23934.0	False	False	0.99849785	0.9961526833333334
Netflix_TunnelFlag_1920x1080_60f	Netflix_TunnelFlag_1920x1080_60f	libaom	libaom_20210514_8b0e8b2_enc-mode0	60	32	0	11233872.0	11233.872	39.942333333333345	44.714499999999994	46.81483333333333	39.916113	44.710423	46.808952	99.90424441666667	7208039.0	120.13398333333333	7187.54	1920	1080	60.0	8	c0fff0cbc68dfae8bcbd393bb65134d8	003558d1355038ea7927fbf588ec2ea5	1920	1080	13773.0	281.0	2742.0	39196.0	False	False	0.9972927500000001	0.9936137500000001
Netflix_TunnelFlag_1920x1080_60f	Netflix_TunnelFlag_1920x1080_60f	libaom	libaom_20210514_8b0e8b2_enc-mode0	60	43	0	5898824.0	5898.824	37.58950000000001	42.870666666666665	45.55750000000001	37.558214	42.869747	45.553088	99.87465213333333	5999130.0	99.9855	5985.62	1920	1080	60.0	8	9c37ecf2be3223abf2b993890b887202	5cebd56ab8f84835a963d81df3859bd0	1920	1080	16468.0	281.0	2214.0	39536.0	False	False	0.9950084333333333	0.9895401666666667
Netflix_TunnelFlag_1920x1080_60f	Netflix_TunnelFlag_1920x1080_60f	libaom	libaom_20210514_8b0e8b2_enc-mode0	60	55	0	3143232.0	3143.2319999999995	35.16150000000001	40.90566666666667	43.79850000000001	35.132737	40.904776	43.794541	99.80632461666667	3827073.0	63.78455	3807.53	1920	1080	60.0	8	d45cf4cc4744b8664d5e73353885af33	753fa1b8263795a3008986b00f45bc1e	1920	1080	19919.0	266.0	1758.0	39778.0	False	False	0.9912457499999999	0.9841565666666666
Netflix_TunnelFlag_1920x1080_60f	Netflix_TunnelFlag_1920x1080_60f	libaom	libaom_20210514_8b0e8b2_enc-mode0	60	63	0	1758152.0	1758.1519999999998	32.31383333333333	39.13399999999999	41.88316666666666	32.259294	39.129143	41.871788	95.77495261666668	2747425.0	45.790416666666665	2737.02	1920	1080	60.0	8	5df963c9df867ad86d9cc0cdefd61a5a	d7f5d6d5907fdc898d9d22769f5feddb	1920	1080	16305.0	314.0	1787.0	42845.0	False	False	0.9834712166666664	0.9753117166666666
aspen_1080p_60f	aspen_1080p_60f	libaom	libaom_20210514_8b0e8b2_enc-mode0	60	20	0	4553559.0	4553.559	43.13049999999999	47.809666666666665	49.047000000000004	43.109491	47.806831	49.044755	96.58063788333332	7283992.0	121.39986666666667	7239.28	1920	1080	29.97	8	2f8db51e1cd448b9c6c469c64607ec1d	6e7bb2b64ba06bb7864d1d06ba47b7d2	1920	1080	12577.0	256.0	2338.0	40821.0	False	False	0.9956838166666666	0.9917031500000001
aspen_1080p_60f	aspen_1080p_60f	libaom	libaom_20210514_8b0e8b2_enc-mode0	60	32	0	1718935.0	1718.935	41.85916666666667	46.77766666666666	47.841833333333305	41.849216	46.775512	47.838701	93.27426008333335	6067054.0	101.11756666666666	5988.61	1920	1080	29.97	8	6ec6aeeb176008a6430314c5669a99eb	ac7661ae55bce56f5d94c6ec2d4c1f79	1920	1080	9804.0	251.0	1915.0	40427.0	False	False	0.99400415	0.9895590500000001
aspen_1080p_60f	aspen_1080p_60f	libaom	libaom_20210514_8b0e8b2_enc-mode0	60	43	0	826270.0	826.27	40.514333333333326	45.489	46.40566666666666	40.498850999999995	45.486167	46.401972	88.20735095000002	3544997.0	59.083283333333334	3511.94	1920	1080	29.97	8	288cd601230cc6c60792ab6a46ecb620	40ee275d5cbe08fd51fddd2de912868e	1920	1080	9573.0	252.0	1593.0	41314.0	False	False	0.9911691666666667	0.9863677833333332
aspen_1080p_60f	aspen_1080p_60f	libaom	libaom_20210514_8b0e8b2_enc-mode0	60	55	0	434952.0	434.952	38.7135	43.85383333333334	44.507	38.687334	43.850329	44.500612	79.98025411666664	2209264.0	36.82106666666667	2197.08	1920	1080	29.97	8	13dce818dd292c3c03eac63c6b640a9c	d015251dfe485d8e0424b78ddf29f925	1920	1080	15132.0	333.0	1703.0	41593.0	False	False	0.9850484500000001	0.9801123500000002
aspen_1080p_60f	aspen_1080p_60f	libaom	libaom_20210514_8b0e8b2_enc-mode0	60	63	0	227914.0	227.91400000000002	36.18766666666666	41.84216666666667	42.43833333333334	36.140898	41.833095	42.425883	64.84413066666666	1168018.0	19.466966666666668	1166.09	1920	1080	29.97	8	ec00b17d83cd7e917c38abeb8719f37e	c427c4e1ac3c9bb931ab7d6094f0f2ba	1920	1080	11930.0	230.0	859.0	23922.0	False	False	0.96990465	0.9658070166666667
DOTA2_60f_420	DOTA2_60f_420	libaom	libaom_20210514_8b0e8b2_enc-mode0	60	20	0	12005720.0	12005.72	44.6355	48.56916666666668	48.68599999999999	44.584158	48.513503	48.663788	97.07419313333331	6021921.0	100.36535	6017.1	1920	1080	60.0	8	385c9c85ee927a1c5b729bf2b6764dc3	fe5c9b64be288dec0f28ccc627cfeb63	1920	1080	14307.0	329.0	2103.0	29852.0	False	False	0.9983047499999999	0.9967830499999999
DOTA2_60f_420	DOTA2_60f_420	libaom	libaom_20210514_8b0e8b2_enc-mode0	60	32	0	6174392.0	6174.392000000001	42.32016666666667	46.40983333333334	46.68033333333334	42.250723	46.336996	46.653758	94.95453373333334	4938503.0	82.30838333333334	4923.45	1920	1080	60.0	8	fcb5da2c5edacfd0b88c5d87efb3fa1c	427a0166ab82fa2ac3aa2744df488af0	1920	1080	16336.0	245.0	1455.0	23818.0	False	False	0.9968721833333334	0.9942513999999999
DOTA2_60f_420	DOTA2_60f_420	libaom	libaom_20210514_8b0e8b2_enc-mode0	60	43	0	3276576.0	3276.576	40.032333333333334	44.20566666666665	44.630499999999984	39.951848	44.11840300000001	44.598133	91.33680218333332	4335797.0	72.26328333333333	4322.59	1920	1080	60.0	8	faaa431605fd921cb85ccfd94e4e7cd9	ca67fab16e93a4f6253f916f4bdebfae	1920	1080	16177.0	261.0	1395.0	40505.0	False	False	0.9938217333333331	0.9896094833333334
DOTA2_60f_420	DOTA2_60f_420	libaom	libaom_20210514_8b0e8b2_enc-mode0	60	55	0	1551504.0	1551.504	37.25250000000001	41.669333333333334	42.12400000000002	37.161786	41.566351000000004	42.093988	83.97349090000002	3011689.0	50.19481666666667	2990.22	1920	1080	60.0	8	1f281fb2a2704505dac67441f55068e5	3efc1a7fa236b142a02acfc12da9a52f	1920	1080	16554.0	232.0	967.0	23710.0	False	False	0.9847305666666667	0.9782657166666665
DOTA2_60f_420	DOTA2_60f_420	libaom	libaom_20210514_8b0e8b2_enc-mode0	60	63	0	727872.0	727.872	34.20333333333334	38.70566666666666	39.13433333333334	34.12065	38.614543	39.110169	69.54593305	1962858.0	32.7143	1956.68	1920	1080	60.0	8	57a2f1d4373844df7630fdcde62f538d	7eb6846eb5c4dfbdcdc9c7b47cc206ff	1920	1080	15546.0	239.0	909.0	38150.0	False	False	0.9606754333333334	0.95382775
Netflix_FoodMarket_1920x1080_60f	Netflix_FoodMarket_1920x1080_60f	libaom	libaom_20210514_8b0e8b2_enc-mode0	60	20	0	11923392.0	11923.392	40.41599999999999	44.53549999999999	45.377666666666684	40.407032	44.533679	45.377144	97.86579601666668	14377238.0	239.62063333333333	14327.9	1920	1080	60.0	8	f4fb90ed5284c3c2fc61b19059a10ffe	a29ffabab40edb7ce212dba6dd6fd5fa	1920	1080	16910.0	257.0	2546.0	39801.0	False	False	0.9938154000000001	0.9876563333333334
Netflix_FoodMarket_1920x1080_60f	Netflix_FoodMarket_1920x1080_60f	libaom	libaom_20210514_8b0e8b2_enc-mode0	60	32	0	5179472.0	5179.472	39.30183333333333	43.63933333333333	44.674333333333315	39.296842	43.637576	44.674028	94.76582946666666	7818062.0	130.30103333333332	7810.17	1920	1080	60.0	8	327be3f603f6faf74a7a2e824da7c4b9	6fcb10ce32685994107a2b7a6bb73947	1920	1080	15721.0	230.0	1662.0	23894.0	False	False	0.9907826333333334	0.9833888500000001
Netflix_FoodMarket_1920x1080_60f	Netflix_FoodMarket_1920x1080_60f	libaom	libaom_20210514_8b0e8b2_enc-mode0	60	43	0	2677928.0	2677.928	37.96750000000001	42.69916666666667	43.86433333333332	37.96035100000001	42.695228	43.862489	89.19231956666665	5407662.0	90.1277	5385.8	1920	1080	60.0	8	29b8b1e7a5ab4c4bc7aded9af9723488	359e70b2744173e9bf9c95f0267a1a12	1920	1080	12119.0	238.0	1489.0	24255.0	False	False	0.9852163333333335	0.9765729166666667
Netflix_FoodMarket_1920x1080_60f	Netflix_FoodMarket_1920x1080_60f	libaom	libaom_20210514_8b0e8b2_enc-mode0	60	55	0	1390680.0	1390.68	36.256499999999996	41.65166666666668	42.81483333333334	36.242326	41.645106000000006	42.805361999999995	79.23505058333333	3987502.0	66.45836666666666	3936.19	1920	1080	60.0	8	aa09f6bd8aeee37bfeab88727ff37de5	34ecf5bf241ed56a7dc0e933e5f8d5fe	1920	1080	16123.0	247.0	1218.0	39381.0	False	False	0.9728965333333335	0.9634327333333333
Netflix_FoodMarket_1920x1080_60f	Netflix_FoodMarket_1920x1080_60f	libaom	libaom_20210514_8b0e8b2_enc-mode0	60	63	0	690952.0	690.952	34.099999999999994	40.39999999999999	41.38899999999999	34.069096	40.385751	41.342439	63.681697316666664	2166338.0	36.10563333333333	2159.45	1920	1080	60.0	8	494ff17432fc99adae729dca9bfcbdf5	0bae39337c908c87504ccf17f7d00f4c	1920	1080	13363.0	234.0	1020.0	38326.0	False	False	0.9441288666666666	0.9364142166666665
rush_hour_1080p25_60f	rush_hour_1080p25_60f	libaom	libaom_20210514_8b0e8b2_enc-mode0	60	20	0	4056286.0	4056.286	42.75266666666667	46.65483333333332	48.604500000000016	42.747682000000005	46.653151	48.601378	95.88773561666667	10804233.0	180.07055	10785.34	1920	1080	25.0	8	320072cb7e2341a758b31a8ea116e405	c5f745b16cbc9e5fc7cf66cfe8e6b4f6	1920	1080	10406.0	261.0	3335.0	27601.0	False	False	0.9958035333333333	0.99183145
rush_hour_1080p25_60f	rush_hour_1080p25_60f	libaom	libaom_20210514_8b0e8b2_enc-mode0	60	32	0	1994776.0	1994.776	41.793833333333325	45.76233333333332	47.42600000000001	41.787296	45.760698	47.421134	91.3514789	6438811.0	107.31351666666667	6422.96	1920	1080	25.0	8	1dce98f7febac3566a06504f23acbdcb	d462aa1141828e99111bd7d7d491281f	1920	1080	12888.0	243.0	2003.0	38704.0	False	False	0.99344095	0.9896018833333334
rush_hour_1080p25_60f	rush_hour_1080p25_60f	libaom	libaom_20210514_8b0e8b2_enc-mode0	60	43	0	987043.0	987.043	40.39599999999999	44.710333333333345	46.04916666666668	40.376898	44.706585	46.040498	83.49622378333332	4119220.0	68.65366666666667	4110.86	1920	1080	25.0	8	9fdfad69e7d43c423b47c0958e3fb610	40b7b39098da7da370844ddbb45b610e	1920	1080	10067.0	231.0	1423.0	23902.0	False	False	0.9891445999999999	0.9858130666666666
rush_hour_1080p25_60f	rush_hour_1080p25_60f	libaom	libaom_20210514_8b0e8b2_enc-mode0	60	55	0	487530.0	487.53	38.471	43.32783333333332	44.356833333333334	38.43166899999999	43.322929	44.343603	71.76369916666667	2539455.0	42.32425	2535.59	1920	1080	25.0	8	b123a041b12b18fdacce57d5f5ce7f38	330698bc4da00e731ccc93ee68069bb6	1920	1080	10570.0	247.0	1197.0	38579.0	False	False	0.9811283333333333	0.9790284666666668
rush_hour_1080p25_60f	rush_hour_1080p25_60f	libaom	libaom_20210514_8b0e8b2_enc-mode0	60	63	0	234980.0	234.98	35.986666666666665	41.69683333333331	42.4045	35.900829	41.694117	42.392562	56.462951933333336	1633191.0	27.21985	1625.72	1920	1080	25.0	8	2024b02960c766c298dc48cea88bf98f	9e35e8f4048c8766251afd809f90a41c	1920	1080	12794.0	265.0	1132.0	39869.0	False	False	0.9657611500000001	0.9662853666666666
life_1080p30_60f	life_1080p30_60f	libaom	libaom_20210514_8b0e8b2_enc-mode0	60	20	0	9754236.0	9754.236	43.47799999999999	49.00583333333334	48.27149999999999	43.424305	48.998508	48.267056	98.96978068333334	7142564.0	119.04273333333333	7106.74	1920	1080	30.0	8	c70097a0b84e7e17506ec15df432a078	3eba29172bdbf9ef937d6587e2c46fbf	1920	1080	12301.0	241.0	3051.0	38886.0	False	False	0.9990132666666666	0.9975271166666667
life_1080p30_60f	life_1080p30_60f	libaom	libaom_20210514_8b0e8b2_enc-mode0	60	32	0	4704960.0	4704.96	40.740666666666655	46.64616666666666	46.138833333333324	40.707036	46.63801	46.131246	96.78514153333332	7307403.0	121.79005	7283.05	1920	1080	30.0	8	a8aa48b95375f5491866410b7a769481	d1735bc7c021650a0e9cd5c679979ab3	1920	1080	16509.0	281.0	2772.0	39128.0	False	False	0.9981884333333332	0.99572355
life_1080p30_60f	life_1080p30_60f	libaom	libaom_20210514_8b0e8b2_enc-mode0	60	43	0	2358884.0	2358.884	38.092000000000006	44.64700000000001	44.28133333333333	38.071231	44.63784	44.272592	93.04895333333334	5272725.0	87.87875	5263.77	1920	1080	30.0	8	b3e41d2db6fc8888d65b1c932e043e28	f689dbc22dcd855c8811163b99458be0	1920	1080	16192.0	241.0	1941.0	38463.0	False	False	0.9963039833333335	0.99190785
life_1080p30_60f	life_1080p30_60f	libaom	libaom_20210514_8b0e8b2_enc-mode0	60	55	0	1178168.0	1178.168	35.24016666666666	42.379166666666684	42.16783333333333	35.223912	42.367937	42.15858	86.3359909	3829858.0	63.83096666666667	3819.83	1920	1080	30.0	8	2df0d2ed92f0b740e7534c42c7e23d3c	62012db56394a452de4c8368d0090565	1920	1080	16497.0	238.0	1523.0	23678.0	False	False	0.9911247499999999	0.9822308166666667
life_1080p30_60f	life_1080p30_60f	libaom	libaom_20210514_8b0e8b2_enc-mode0	60	63	0	547344.0	547.3439999999999	32.556166666666655	39.87483333333333	39.63699999999999	32.531006	39.85975700000001	39.622392	74.60854898333332	2698394.0	44.97323333333333	2689.79	1920	1080	30.0	8	423ce0ae59ffac1bfe1f8333a4f07d5f	8fde908e26d1706602bb365d3bb6532a	1920	1080	16478.0	255.0	1282.0	24978.0	False	False	0.9772470166666667	0.9618141333333333
touchdown_pass_1080p_60f	touchdown_pass_1080p_60f	libaom	libaom_20210514_8b0e8b2_enc-mode0	60	20	0	9461571.0	9461.571	39.51049999999999	47.63350000000001	47.77466666666669	39.439206	47.629744	47.770758	95.73019775000002	14667712.0	244.46186666666668	14645.14	1920	1080	29.97	8	eacdc20595beaaa63a7dab23e8002ac7	386fa1b3e4f89debbfc94432127075b3	1920	1080	16787.0	248.0	2870.0	39249.0	False	False	0.9947132833333333	0.9884353666666665
touchdown_pass_1080p_60f	touchdown_pass_1080p_60f	libaom	libaom_20210514_8b0e8b2_enc-mode0	60	32	0	2826764.0	2826.764	38.00633333333335	46.624333333333325	46.71283333333334	37.986367	46.622577	46.711447	93.53100380000001	10602249.0	176.70415	10540.66	1920	1080	29.97	8	13b68eff4a61b8a1896333579eaa1492	cfe42691b8dc598e95180f5dbfb25c21	1920	1080	13387.0	299.0	2099.0	39027.0	False	False	0.9925203833333335	0.9841007666666667
touchdown_pass_1080p_60f	touchdown_pass_1080p_60f	libaom	libaom_20210514_8b0e8b2_enc-mode0	60	43	0	1422157.0	1422.157	36.657333333333334	45.50716666666667	45.61316666666667	36.632364	45.503604	45.609451	89.24197500000001	7172906.0	119.54843333333334	7136.48	1920	1080	29.97	8	dbbfce515e4ab20949d0a4d735d41bb2	f5235a0890dbb024994203766a19c8da	1920	1080	14203.0	275.0	1609.0	24315.0	False	False	0.9885088333333335	0.9770678666666666
touchdown_pass_1080p_60f	touchdown_pass_1080p_60f	libaom	libaom_20210514_8b0e8b2_enc-mode0	60	55	0	768102.0	768.102	34.95983333333333	44.25900000000001	44.31233333333332	34.930167	44.251782	44.306372	81.29327936666667	3567726.0	59.4621	3557.37	1920	1080	29.97	8	34a7bff9cecff011c2c8d7b1ef1e8799	e04906dfed6db70bb3162ad4338956f2	1920	1080	16601.0	236.0	1180.0	38506.0	False	False	0.9788332333333333	0.9628761166666667
touchdown_pass_1080p_60f	touchdown_pass_1080p_60f	libaom	libaom_20210514_8b0e8b2_enc-mode0	60	63	0	373222.0	373.222	32.68833333333333	42.82066666666667	42.70849999999999	32.637094	42.795156	42.693757	64.96767725000001	2799711.0	46.66185	2784.87	1920	1080	29.97	8	41caa7ff9a81fd2400ad220436ee930e	c741a19e6856ebcfd3f93fe4b3c86cae	1920	1080	17028.0	270.0	1055.0	25944.0	False	False	0.9465492666666667	0.9259718166666668
ducks_take_off_1080p50_60f	ducks_take_off_1080p50_60f	libaom	libaom_20210514_8b0e8b2_enc-mode0	60	20	0	80330646.0	80330.646	37.53816666666666	38.312333333333335	40.93250000000001	37.424955	38.26141599999999	40.92025	97.5555775	29070506.0	484.50843333333336	28878.8	1920	1080	50.0	8	1fe26f04e1ff531bfee63b62969f7281	2b53e0efae4d58bb3c789bce05c637a9	1920	1080	21589.0	296.0	7362.0	41534.0	False	False	0.9983288166666667	0.9942597166666667
ducks_take_off_1080p50_60f	ducks_take_off_1080p50_60f	libaom	libaom_20210514_8b0e8b2_enc-mode0	60	32	0	22924413.0	22924.413	34.59716666666667	36.56716666666668	39.65750000000001	34.562488	36.549153	39.65098	91.73096495	23972338.0	399.5389666666667	23862.92	1920	1080	50.0	8	959801621ea17d84788438b9e7e8f688	e5ff29701235cc8f02dc37b1c5ae4b8f	1920	1080	21256.0	240.0	3753.0	39233.0	False	False	0.9956788	0.9883823666666667
ducks_take_off_1080p50_60f	ducks_take_off_1080p50_60f	libaom	libaom_20210514_8b0e8b2_enc-mode0	60	43	0	9115013.0	9115.013	32.81833333333333	34.92166666666667	38.452833333333324	32.785417	34.887461	38.44566	82.82658273333335	16399936.0	273.33226666666667	16353.28	1920	1080	50.0	8	6c40823b15293a664fc7ea796917d7dd	e6a63fe3a41addc25aa4b45e4ac1f547	1920	1080	16006.0	232.0	2392.0	24182.0	False	False	0.9899127499999999	0.9800845666666668
ducks_take_off_1080p50_60f	ducks_take_off_1080p50_60f	libaom	libaom_20210514_8b0e8b2_enc-mode0	60	55	0	3908033.0	3908.033	30.699500000000004	33.28783333333333	37.46333333333334	30.66518	33.249493	37.46107	68.05321663333334	9818517.0	163.64195	9801.24	1920	1080	50.0	8	871596f7ef60b930358254bce746e6c4	6d3a5a01778c19bb8ed0b3a65c971326	1920	1080	21178.0	275.0	2077.0	41452.0	False	False	0.9761593333333334	0.9630158833333332
ducks_take_off_1080p50_60f	ducks_take_off_1080p50_60f	libaom	libaom_20210514_8b0e8b2_enc-mode0	60	63	0	1783353.0	1783.353	28.526999999999997	31.724333333333334	36.68033333333335	28.480016	31.694624	36.679217	49.71792931666666	5689892.0	94.83153333333334	5653.99	1920	1080	50.0	8	e6c552701412abda2ff2682ab1e49fee	ce76cbee1fdd82bf756a8b147f88753a	1920	1080	22740.0	271.0	1410.0	40589.0	False	False	0.9485158666666667	0.9323680333333334
Aerial_1920x1080_2997_10b	Aerial_1920x1080_2997_10b	libaom	libaom_20210514_8b0e8b2_enc-mode0	60	20	0	6577885.0	6577.885	42.84383333333333	45.59016666666667	44.964000000000006	42.812123	45.571531	44.949093	96.14469324999999	11264624.0	187.74373333333332	11212.17	1920	1080	29.97	10	b9a8d941e98cfa0c9ce85d9f7ba20074	eae51430a51ffc39886f59d9c87d9e08	1920	1080	31396.0	543.0	2685.0	41001.0	False	False	0.9988371166666666	0.9977070833333334
Aerial_1920x1080_2997_10b	Aerial_1920x1080_2997_10b	libaom	libaom_20210514_8b0e8b2_enc-mode0	60	32	0	3935087.0	3935.087	41.11350000000001	44.27099999999997	43.918333333333315	41.060675999999994	44.256135	43.910974	94.83237406666666	11815771.0	196.92951666666667	11708.32	1920	1080	29.97	10	8b291e2c8f53f0dc91a5879d47702177	203121fa5f4a8ecfeef5098bada64bbd	1920	1080	30201.0	576.0	2430.0	41207.0	False	False	0.99822715	0.9966164999999999
Aerial_1920x1080_2997_10b	Aerial_1920x1080_2997_10b	libaom	libaom_20210514_8b0e8b2_enc-mode0	60	43	0	2467515.0	2467.515	39.153	42.548500000000026	42.51216666666667	39.115174	42.542261	42.510024	92.63903568333335	9331478.0	155.52463333333333	9309.29	1920	1080	29.97	10	b5bd0da0118c61abbcf38ca3b4de07e9	aa4cf9aad3fcd4b6ceb84850c9b6fc39	1920	1080	24950.0	522.0	1939.0	40019.0	False	False	0.9971704500000002	0.9947986999999998
Aerial_1920x1080_2997_10b	Aerial_1920x1080_2997_10b	libaom	libaom_20210514_8b0e8b2_enc-mode0	60	55	0	1287596.0	1287.596	35.860000000000014	40.30400000000001	40.836999999999975	35.84512	40.301939	40.836418	87.23753196666665	7499964.0	124.9994	7478.61	1920	1080	29.97	10	2935d3d6241295314d349cd119e1b40d	9c0c9ce26c5d626cbc87230552fa1e9e	1920	1080	29945.0	622.0	2052.0	40837.0	False	False	0.9938913333333335	0.98904515
Aerial_1920x1080_2997_10b	Aerial_1920x1080_2997_10b	libaom	libaom_20210514_8b0e8b2_enc-mode0	60	63	0	557965.0	557.965	31.621166666666664	37.96299999999997	39.32966666666669	31.607427999999995	37.96156899999999	39.328866	74.18178003333334	5893589.0	98.22648333333333	5850.1	1920	1080	29.97	10	43c75f436799119f4b86f6da7dfc75c6	bb512d6a91406f7a84208237c479c4f3	1920	1080	30210.0	564.0	1466.0	41761.0	False	False	0.9814377166666667	0.96740615
Market3_1920x1080p_50_10b_pq_709	Market3_1920x1080p_50_10b_pq_709	libaom	libaom_20210514_8b0e8b2_enc-mode0	60	20	0	9481146.0	9481.146	44.07116666666668	50.37583333333334	51.27199999999997	44.053598	50.369507	51.269615	99.71292373333334	9736939.0	162.28231666666667	9703.11	1920	1080	50.0	10	6fa57ef0b22654380cb30986e8ba79bd	7fcb8264195f5317cbae07e88cc4ce23	1920	1080	37983.0	551.0	3322.0	40496.0	False	False	0.9992537333333334	0.9981359333333334
Market3_1920x1080p_50_10b_pq_709	Market3_1920x1080p_50_10b_pq_709	libaom	libaom_20210514_8b0e8b2_enc-mode0	60	32	0	4974580.0	4974.58	41.289166666666674	48.17233333333335	49.29049999999999	41.265952	48.169297	49.289433	98.08288535	11104353.0	185.07255	11023.81	1920	1080	50.0	10	a357a4bfb1e04ad8a436180b7a2b6701	fbb12e277dd19642ae30203f6da05cb2	1920	1080	26183.0	503.0	2922.0	24582.0	False	False	0.9984027499999999	0.9962612333333332
Market3_1920x1080p_50_10b_pq_709	Market3_1920x1080p_50_10b_pq_709	libaom	libaom_20210514_8b0e8b2_enc-mode0	60	43	0	2786360.0	2786.36	38.74299999999999	46.57183333333335	47.88816666666664	38.720718	46.569594	47.886013	94.49670811666668	8172151.0	136.20251666666667	8145.47	1920	1080	50.0	10	d9ccc23bc63aee04f4cea303b8045111	356ca8ae2593ae4460b1f46a116ec099	1920	1080	29708.0	481.0	2284.0	38796.0	False	False	0.9966361500000002	0.9926303333333334
Market3_1920x1080p_50_10b_pq_709	Market3_1920x1080p_50_10b_pq_709	libaom	libaom_20210514_8b0e8b2_enc-mode0	60	55	0	1414846.0	1414.846	35.81516666666666	44.796	46.36666666666666	35.800524	44.793433	46.360543	87.2904337	6143591.0	102.39318333333334	6127.78	1920	1080	50.0	10	0a62fe92b2385fdae2dad86cec15566c	8e7faeb4feb3f4a4e9ed98363303351b	1920	1080	27398.0	482.0	2119.0	38489.0	False	False	0.9915939333333333	0.9834489333333333
Market3_1920x1080p_50_10b_pq_709	Market3_1920x1080p_50_10b_pq_709	libaom	libaom_20210514_8b0e8b2_enc-mode0	60	63	0	697460.0	697.4600000000002	33.03033333333333	42.78466666666668	44.45983333333334	33.015182	42.760061	44.427366	74.31431446666667	5439496.0	90.65826666666666	5408.28	1920	1080	50.0	10	8347e98cd6df5c4cb113049524dfcab0	0d115213eb0b9553ed3cbb7a780dabfd	1920	1080	26634.0	634.0	2340.0	36458.0	False	False	0.9793647333333334	0.9656392
Starting_1920x1080p_50_10b_pq_70	Starting_1920x1080p_50_10b_pq_70	libaom	libaom_20210514_8b0e8b2_enc-mode0	60	20	0	4177580.0	4177.58	46.73766666666667	49.722666666666655	51.562	46.668873	49.635489	51.443481	96.80809886666665	8967868.0	149.46446666666668	8938.02	1920	1080	50.0	10	b2ff20345bb7610d290533114218d4aa	0e00bc5a7caf5a0460fce7d8042b1182	1920	1080	21593.0	566.0	2000.0	40611.0	False	False	0.9992968833333333	0.9983177333333334
Starting_1920x1080p_50_10b_pq_70	Starting_1920x1080p_50_10b_pq_70	libaom	libaom_20210514_8b0e8b2_enc-mode0	60	32	0	2375080.0	2375.08	45.64133333333333	48.838833333333355	50.2515	45.571389	48.79521	50.200261	96.09753326666666	12878489.0	214.64148333333333	12806.52	1920	1080	50.0	10	bb3a5f913c24439366dc65f1e94fef7a	209f22f3875c882723cefb2fd876ab81	1920	1080	21865.0	607.0	1918.0	41124.0	False	False	0.9989831833333334	0.9978158833333334
Starting_1920x1080p_50_10b_pq_70	Starting_1920x1080p_50_10b_pq_70	libaom	libaom_20210514_8b0e8b2_enc-mode0	60	43	0	1433060.0	1433.06	44.10566666666667	47.568000000000005	48.463333333333324	44.046365	47.558778	48.451135	94.55668843333333	8551678.0	142.52796666666666	8513.18	1920	1080	50.0	10	b281f1c787e7016aacb8d8d39b4f8dc6	a74ef2193aef73046c170d663f94b4ce	1920	1080	19843.0	538.0	1752.0	39969.0	False	False	0.9983126	0.9968692666666666
Starting_1920x1080p_50_10b_pq_70	Starting_1920x1080p_50_10b_pq_70	libaom	libaom_20210514_8b0e8b2_enc-mode0	60	55	0	741760.0	741.76	41.248333333333335	45.523999999999994	45.954833333333355	41.21463099999999	45.523541	45.954186	89.96771129999999	5108683.0	85.14471666666667	5094.48	1920	1080	50.0	10	f09c794b59f475c0993769fda932022f	253e7cd7c9c8b5d98c9ab845df0407ed	1920	1080	22061.0	520.0	1421.0	40028.0	False	False	0.9960827499999999	0.9938064833333333
Starting_1920x1080p_50_10b_pq_70	Starting_1920x1080p_50_10b_pq_70	libaom	libaom_20210514_8b0e8b2_enc-mode0	60	63	0	314460.0	314.46	36.72633333333333	42.80850000000001	42.983666666666636	36.722219	42.80522800000001	42.980599	76.8445111	4176412.0	69.60686666666666	4157.22	1920	1080	50.0	10	6be5f09d5957adf37566d6f5b9f46da3	5ede01c1de6de1f0360b6fc687f3ff15	1920	1080	22052.0	477.0	1263.0	23948.0	False	False	0.9871610333333334	0.9820348333333334
Cosmos1_1920x856_BT2100_PQ_24fps	Cosmos1_1920x856_BT2100_PQ_24fps	libaom	libaom_20210514_8b0e8b2_enc-mode0	60	20	0	16520528.0	16520.528	40.39899999999999	44.284166666666664	47.166500000000006	40.289336	44.237166	47.142285	98.65973363333333	20781908.0	346.36513333333335	20706.46	1920	856	24.0	10	7f63773022e228320b005a3cde4edd24	4cbaf3cca0284851e9576563199b84a7	1920	856	22045.0	419.0	6434.0	20025.0	False	False	0.9955571500000001	0.9946298333333332
Cosmos1_1920x856_BT2100_PQ_24fps	Cosmos1_1920x856_BT2100_PQ_24fps	libaom	libaom_20210514_8b0e8b2_enc-mode0	60	32	0	6204556.0	6204.556	37.141	42.40083333333334	45.56833333333334	37.04482500000001	42.358574	45.544778	92.41362206666666	15455521.0	257.59201666666667	15427.42	1920	856	24.0	10	9976812357bae4abd8b0f5589c3f9bf7	6db8d04c512bb19f8c80d6385765baf2	1920	856	17284.0	400.0	4248.0	31425.0	False	False	0.9894535166666667	0.9884123833333334
Cosmos1_1920x856_BT2100_PQ_24fps	Cosmos1_1920x856_BT2100_PQ_24fps	libaom	libaom_20210514_8b0e8b2_enc-mode0	60	43	0	2648214.0	2648.214	34.836666666666666	40.87766666666668	44.336499999999994	34.758356	40.83637	44.322761	81.20110193333333	12971907.0	216.19845	12948.78	1920	856	24.0	10	8dfad657998340f9b2f9e3ce0e4aec44	ceea4d9e5d95d570e7d3f91f7c571e8b	1920	856	22423.0	363.0	2735.0	30613.0	False	False	0.9770199833333333	0.977193
Cosmos1_1920x856_BT2100_PQ_24fps	Cosmos1_1920x856_BT2100_PQ_24fps	libaom	libaom_20210514_8b0e8b2_enc-mode0	60	55	0	1147075.0	1147.075	32.546499999999995	39.54083333333333	43.04116666666667	32.470136	39.514403	43.032415	63.89977506666666	9937047.0	165.61745	9903.15	1920	856	24.0	10	8b71fbee1b9ff3391c182e8d14ace0d3	75603fa3688a5fd99dcc2979ba804748	1920	856	21652.0	424.0	2398.0	31944.0	False	False	0.9487874500000001	0.9532030666666668
Cosmos1_1920x856_BT2100_PQ_24fps	Cosmos1_1920x856_BT2100_PQ_24fps	libaom	libaom_20210514_8b0e8b2_enc-mode0	60	63	0	500755.0	500.755	30.314499999999992	38.470000000000006	41.703833333333336	30.236326	38.46116399999999	41.695535	43.35076136666667	7588226.0	126.47043333333333	7543.71	1920	856	24.0	10	47ee952d1d492260d1f5cfdb13efbd2f	27279a7d54382730c2a197585c3ddb20	1920	856	21116.0	490.0	1965.0	33219.0	False	False	0.89303855	0.9074204333333333
ducks_1920x1080_50fps_10b	ducks_1920x1080_50fps_10b	libaom	libaom_20210514_8b0e8b2_enc-mode0	60	20	0	81134680.0	81134.68	37.6355	38.40849999999999	41.09783333333335	37.556475	38.37599	41.08872	97.65753223333333	34507865.0	575.1310833333333	34414.73	1920	1080	50.0	10	6a8af34089d018b380f348f59e98da4f	573976cd2da37e99ea0e69bad6216eb1	1920	1080	29108.0	647.0	9827.0	41522.0	False	False	0.9983731000000001	0.9943699166666666
ducks_1920x1080_50fps_10b	ducks_1920x1080_50fps_10b	libaom	libaom_20210514_8b0e8b2_enc-mode0	60	32	0	22754466.0	22754.466	34.647166666666664	36.64483333333333	39.79983333333334	34.612777	36.62699	39.793768	91.80269478333334	38343341.0	639.0556833333334	38188.21	1920	1080	50.0	10	efa613ce6ccf15f0c03e44de4aa0ed42	b2bdeac0ad08c08c07e1528ab240cde9	1920	1080	23399.0	622.0	5865.0	41673.0	False	False	0.9957236666666666	0.9884748000000002
ducks_1920x1080_50fps_10b	ducks_1920x1080_50fps_10b	libaom	libaom_20210514_8b0e8b2_enc-mode0	60	43	0	9056053.0	9056.052999999998	32.85616666666667	34.996833333333335	38.579	32.823172	34.963037	38.572752	82.76890395	25368833.0	422.8138833333333	25277.77	1920	1080	50.0	10	8a1c00e3d132d2f2e2896a356ccd3dc0	120a1b6e44eabb778385dec340f3eaf6	1920	1080	29017.0	515.0	3399.0	39125.0	False	False	0.9899075333333334	0.9801307499999999
ducks_1920x1080_50fps_10b	ducks_1920x1080_50fps_10b	libaom	libaom_20210514_8b0e8b2_enc-mode0	60	55	0	3882946.0	3882.9460000000004	30.719499999999996	33.319166666666675	37.56683333333332	30.684656	33.279002	37.564546	68.0087947	18195219.0	303.25365	18138.07	1920	1080	50.0	10	71992447cad6428b33ca6e87e448354e	5c39d044206e8594ae3e78b3b3fb1c65	1920	1080	29052.0	512.0	2880.0	39243.0	False	False	0.9760833666666667	0.9629953666666666
ducks_1920x1080_50fps_10b	ducks_1920x1080_50fps_10b	libaom	libaom_20210514_8b0e8b2_enc-mode0	60	63	0	1779920.0	1779.9200000000003	28.554666666666662	31.774666666666672	36.76349999999999	28.507172	31.743777	36.762162	49.77636956666665	10502052.0	175.0342	10469.47	1920	1080	50.0	10	3bbcf0384f1e2cf6e326e8f6ec65a7c2	33b3da02bcf86745f74b65de23d9f99c	1920	1080	29830.0	501.0	1935.0	24017.0	False	False	0.9485129000000001	0.93238945
Sintel_Dragons_1920x816_24_10b	Sintel_Dragons_1920x816_24_10b	libaom	libaom_20210514_8b0e8b2_enc-mode0	60	20	0	4287740.0	4287.74	46.2915	50.927666666666674	51.075999999999986	46.232286	50.886738	51.006368	99.9213634	17503878.0	291.7313	17424.78	1920	816	24.0	10	7847e0ea5e8bad976f62123e56f0d550	a8fc589e37054f3a75da0da5fa6dde25	1920	816	10255.0	397.0	2966.0	19345.0	False	False	0.9975996000000001	0.9975882666666668
Sintel_Dragons_1920x816_24_10b	Sintel_Dragons_1920x816_24_10b	libaom	libaom_20210514_8b0e8b2_enc-mode0	60	32	0	2241705.0	2241.705	43.31416666666667	48.573499999999996	48.59433333333333	43.25517	48.528284	48.508535	99.8279534	14134681.0	235.57801666666666	14093.01	1920	816	24.0	10	5d8f8a564c1ed7214bbc187c4224f8d8	975c4090bf7bc59ddb7fcbab8d5d4879	1920	816	19067.0	345.0	2290.0	18524.0	False	False	0.9948421833333332	0.9951015833333334
Sintel_Dragons_1920x816_24_10b	Sintel_Dragons_1920x816_24_10b	libaom	libaom_20210514_8b0e8b2_enc-mode0	60	43	0	1209920.0	1209.9200000000003	40.46816666666667	46.23083333333334	46.25850000000001	40.416824	46.179917	46.159156	96.80490761666668	13552212.0	225.8702	13497.43	1920	816	24.0	10	507e9a42f453be07a5c1c419688c7bac	481fafaf03b1f30ac95ae617bed854ba	1920	816	13969.0	406.0	2293.0	32233.0	False	False	0.9892572833333334	0.9903755000000001
Sintel_Dragons_1920x816_24_10b	Sintel_Dragons_1920x816_24_10b	libaom	libaom_20210514_8b0e8b2_enc-mode0	60	55	0	645481.0	645.481	37.49150000000001	43.83383333333334	43.83483333333334	37.4488	43.781285	43.717802	84.74187403333332	12848871.0	214.14785	12785.6	1920	816	24.0	10	5cfff2da832fa6e006afeeaa1f53055f	a06c51586a3378a15a064fa19ab06b4d	1920	816	13110.0	454.0	2274.0	20326.0	False	False	0.9780920833333333	0.98127125
Sintel_Dragons_1920x816_24_10b	Sintel_Dragons_1920x816_24_10b	libaom	libaom_20210514_8b0e8b2_enc-mode0	60	63	0	333385.0	333.385	34.27116666666667	41.184	41.196833333333316	34.20668	41.158782	41.118056	65.55217991666667	10663415.0	177.72358333333332	10643.13	1920	816	24.0	10	dc98d72ffe0d23e4f71e9db00d2728c2	8940532e25a525bd4c7f20be5f6ef008	1920	816	12862.0	376.0	1431.0	30428.0	False	False	0.9560706999999999	0.9634027166666664
MINECRAFT_60f_420	MINECRAFT_60f_420	libaom	libaom_20210514_8b0e8b2_enc-mode0	60	20	0	64683944.0	64683.944	41.07183333333332	44.99133333333334	45.512666666666654	40.860448	44.895499	45.433322	99.91958846666667	21490525.0	358.17541666666665	21479.17	1920	1080	60.0	8	3727725131cdec621645070cf42eec6a	3d9c763ee48e6d2a1db1dd882665750b	1920	1080	18716.0	282.0	7906.0	30038.0	False	False	0.9973803666666667	0.9953832333333333
MINECRAFT_60f_420	MINECRAFT_60f_420	libaom	libaom_20210514_8b0e8b2_enc-mode0	60	32	0	32990184.0	32990.184	36.85983333333335	43.20733333333332	43.559999999999995	36.584267	43.1288	43.487706	99.49770389999999	31428411.0	523.80685	31375.79	1920	1080	60.0	8	adf1dfe35b22f6bf792d29c3a973bbff	ebdfe9e9575a372045507df245bbb038	1920	1080	14180.0	253.0	5842.0	39253.0	False	False	0.9929542166666665	0.9880092
MINECRAFT_60f_420	MINECRAFT_60f_420	libaom	libaom_20210514_8b0e8b2_enc-mode0	60	43	0	13552072.0	13552.072000000002	33.25266666666667	41.43650000000001	41.63883333333334	33.034178	41.364101	41.560094	92.19529531666667	31548491.0	525.8081833333333	31467.75	1920	1080	60.0	8	ca6c377f3b8a0b6d948312dcebdb2b92	1983fb2a66993e93289ee2eb73906bc6	1920	1080	18021.0	278.0	4116.0	41575.0	False	False	0.9822304000000001	0.9718025
MINECRAFT_60f_420	MINECRAFT_60f_420	libaom	libaom_20210514_8b0e8b2_enc-mode0	60	55	0	5434440.0	5434.44	30.733000000000004	39.77783333333332	39.94316666666668	30.60479	39.719041	39.877837	78.47362498333332	22086527.0	368.10878333333335	22069.08	1920	1080	60.0	8	89ed444b9cf032f006ef3c28fc922556	1abd7d510c95b7aae358e64c118e8558	1920	1080	19048.0	354.0	3063.0	40753.0	False	False	0.9604319999999998	0.94330345
MINECRAFT_60f_420	MINECRAFT_60f_420	libaom	libaom_20210514_8b0e8b2_enc-mode0	60	63	0	2077744.0	2077.744	28.314666666666675	38.05083333333333	38.266333333333336	28.206442	38.032336	38.234631	57.796557316666664	13728001.0	228.80001666666666	13713.32	1920	1080	60.0	8	56fd8739b802cb22ab9a020aa8770035	378a230dc78b000175a2b91740b9ea58	1920	1080	22000.0	240.0	1425.0	38455.0	False	False	0.9110226333333332	0.8913505999999999
ToddlerFountn_1920x1080_2997_10b	ToddlerFountn_1920x1080_2997_10b	libaom	libaom_20210514_8b0e8b2_enc-mode0	60	20	0	48981771.0	48981.771	40.19166666666665	45.929500000000004	43.28216666666666	40.099527	45.911428	43.247318	99.87425950000001	22747917.0	379.13195	22691.01	1920	1080	29.97	10	9615525d768315425e5a41e707535fb7	337d4948e51baf076fc24c4c791b2f0e	1920	1080	28005.0	507.0	9167.0	40052.0	False	False	0.9969735333333334	0.9936006666666668
ToddlerFountn_1920x1080_2997_10b	ToddlerFountn_1920x1080_2997_10b	libaom	libaom_20210514_8b0e8b2_enc-mode0	60	32	0	23890507.0	23890.507	36.27966666666668	44.60183333333332	41.57816666666666	36.130686	44.586322	41.551606	98.75988005	33083920.0	551.3986666666667	32993.2	1920	1080	29.97	10	9a9cb77bea0b2cab15e6cb2b618cbe54	f70812709c6d02e280308d3f65166e33	1920	1080	28142.0	638.0	7627.0	41054.0	False	False	0.9910470833333335	0.98318825
ToddlerFountn_1920x1080_2997_10b	ToddlerFountn_1920x1080_2997_10b	libaom	libaom_20210514_8b0e8b2_enc-mode0	60	43	0	10512211.0	10512.211	32.86850000000001	43.290833333333325	40.310166666666674	32.727581	43.278003	40.298374	86.59008605000001	30065408.0	501.0901333333333	30010.7	1920	1080	29.97	10	96ca317ac8feba3977ef9a23daad1a8a	a5b08a8db61f52da6733af063551eb29	1920	1080	28026.0	538.0	5009.0	39008.0	False	False	0.9748688	0.9599088666666665
ToddlerFountn_1920x1080_2997_10b	ToddlerFountn_1920x1080_2997_10b	libaom	libaom_20210514_8b0e8b2_enc-mode0	60	55	0	4000808.0	4000.808	29.83866666666667	42.29100000000001	39.4285	29.740589	42.28834199999999	39.424664	64.52345028333333	32204310.0	536.7385	31631.6	1920	1080	29.97	10	d3547b71c297be96f2278046c2bba3e9	6d7f377166da297428f9aeb7e603c95c	1920	1080	28131.0	782.0	4997.0	31397.0	False	False	0.9355346499999999	0.91468825
ToddlerFountn_1920x1080_2997_10b	ToddlerFountn_1920x1080_2997_10b	libaom	libaom_20210514_8b0e8b2_enc-mode0	60	63	0	1365438.0	1365.4379999999999	27.118333333333336	41.294166666666676	38.81499999999999	26.986053000000002	41.290256	38.809978	39.082536283333326	15488741.0	258.14568333333335	15466.81	1920	1080	29.97	10	7c817e6df8b2ec14ef2901ebdaab3748	cfe61051c4ec95a280a389fe245ae4d6	1920	1080	26656.0	473.0	2577.0	39084.0	False	False	0.8630608166666668	0.84509815
