KristenAndSara_1280x720_60_10b	KristenAndSara_1280x720_60_10b	svtav1	svtav1_20200810_2d8ec9b_enc-mode0	60	20	0	2885240.0	2885.24	44.8215	49.49516666666666	50.52016666666669	44.818571	49.493298	50.518717	97.01605957767343	2953893.0	49.23155	4986.28	1280	720	60.0	10	289e9909dbf3763c95d809b0fd53745b	907a79d17812e94f1e5b0d5d9ff7c964	1280	720	23696.0	6.0	4883.0	10056.0	False	False	0.9962439596652984	0.9956695202416639
KristenAndSara_1280x720_60_10b	KristenAndSara_1280x720_60_10b	svtav1	svtav1_20200810_2d8ec9b_enc-mode0	60	32	0	1197208.0	1197.208	43.65283333333334	48.74633333333335	49.736166666666655	43.645921	48.7429	49.73304	96.20466933018764	1896821.0	31.613683333333334	3195.49	1280	720	60.0	10	46438054c637536a3295031280090b24	1a1eb2c86fe8887e4de046c2410f1df0	1280	720	8217.0	6.0	3459.0	9978.0	False	False	0.9950107395648956	0.9945480988385221
KristenAndSara_1280x720_60_10b	KristenAndSara_1280x720_60_10b	svtav1	svtav1_20200810_2d8ec9b_enc-mode0	60	43	0	674680.0	674.68	42.36033333333334	47.708833333333345	48.695	42.342974	47.701303	48.6901	94.64544938505705	1229289.0	20.48815	2215.0	1280	720	60.0	10	c60512b33fe06f82aca3945c91f0c73f	839e040eb596d1f38399be0803f2714d	1280	720	8130.0	4.0	2965.0	9852.0	False	False	0.9929011305173238	0.9927727244683953
KristenAndSara_1280x720_60_10b	KristenAndSara_1280x720_60_10b	svtav1	svtav1_20200810_2d8ec9b_enc-mode0	60	55	0	308824.0	308.824	39.688833333333335	45.17766666666667	46.434999999999995	39.655049	45.167109	46.427288	89.8826531218165	1156633.0	19.277216666666668	1984.34	1280	720	60.0	10	efecd736c7f3b3a4996937814575fc72	367aef9bf9a952ae1d8060ce151b4d54	1280	720	8577.0	5.0	2765.0	10459.0	False	False	0.9860674897829692	0.9872279127265771
KristenAndSara_1280x720_60_10b	KristenAndSara_1280x720_60_10b	svtav1	svtav1_20200810_2d8ec9b_enc-mode0	60	59	0	195112.0	195.112	37.62433333333333	43.35466666666667	44.48133333333333	37.597953	43.347376000000004	44.476739	83.62622879294149	1017902.0	16.965033333333334	1685.48	1280	720	60.0	10	3b9e1652b35b52aad5432b2cbc944a1f	986a6eae4e6939ad3e553eac0f8d7020	1280	720	8414.0	7.0	2830.0	10623.0	False	False	0.9780169874429703	0.9807789668119391
DinnerScene_1920x1080_2997_10b	DinnerScene_1920x1080_2997_10b	svtav1	svtav1_20200810_2d8ec9b_enc-mode0	60	20	0	1457712.0	1457.712	41.83183333333331	42.69500000000002	47.58633333333331	41.831291	42.690903	47.585187	91.60201925826755	5436844.0	90.61406666666667	9000.06	1920	1080	29.97	10	df8dc25b19eff9c7936658f24bf0f674	b8f6db643deb48085cee421495a1b3e6	1920	1080	20255.0	4.0	15391.0	23784.0	False	False	0.9942864994208018	0.9883853422534674
DinnerScene_1920x1080_2997_10b	DinnerScene_1920x1080_2997_10b	svtav1	svtav1_20200810_2d8ec9b_enc-mode0	60	32	0	283573.0	283.573	41.65050000000001	42.308333333333316	47.44233333333332	41.650702	42.307685	47.442369	89.86521063271734	3729282.0	62.1547	6298.99	1920	1080	29.97	10	f94c82930d24fcd0a0955bd7bb86e506	94bfbf21ee762563dabe4566b5c57f51	1920	1080	20107.0	7.0	8864.0	23243.0	False	False	0.9935755411783854	0.9876513416419223
DinnerScene_1920x1080_2997_10b	DinnerScene_1920x1080_2997_10b	svtav1	svtav1_20200810_2d8ec9b_enc-mode0	60	43	0	147463.0	147.463	41.41383333333335	42.23516666666669	47.274333333333324	41.413991	42.234564	47.273735	86.98109951738421	2750778.0	45.8463	4846.08	1920	1080	29.97	10	e6f9aed3482d51232deb27b9d022319f	7a7b1a804943fe082707191eff82711c	1920	1080	21399.0	4.0	7769.0	22587.0	False	False	0.9927576035261154	0.9868322412452442
DinnerScene_1920x1080_2997_10b	DinnerScene_1920x1080_2997_10b	svtav1	svtav1_20200810_2d8ec9b_enc-mode0	60	55	0	68361.0	68.361	40.66366666666667	41.9855	46.68216666666669	40.65743	41.985384	46.680224	78.99284978923748	2665835.0	44.43058333333333	4700.04	1920	1080	29.97	10	7495b2002da9b34bae78801c55a76eeb	7eaee8049bebf3773a957531c1cf2d14	1920	1080	21233.0	6.0	8225.0	24835.0	False	False	0.989552719394366	0.9838768852007675
DinnerScene_1920x1080_2997_10b	DinnerScene_1920x1080_2997_10b	svtav1	svtav1_20200810_2d8ec9b_enc-mode0	60	59	0	46772.0	46.772	39.92716666666667	41.691666666666684	46.153	39.899921	41.690838	46.14608	71.087537059155	2723376.0	45.3896	4902.97	1920	1080	29.97	10	9920df0ed6556a6fc6d04b4ba127714d	b15e9441dffc5743a89a55f6216b2408	1920	1080	22388.0	7.0	8066.0	41045.0	False	False	0.9858590056498845	0.9806241315291438
RollerCoastPas_1920x1080_2997_10	RollerCoastPas_1920x1080_2997_10	svtav1	svtav1_20200810_2d8ec9b_enc-mode0	60	20	0	2892740.0	2892.74	45.158166666666666	45.35699999999998	43.903000000000006	45.157643	45.35659	43.900718	97.11839776322667	4450227.0	74.17045	8348.98	1920	1080	29.97	10	f33dfe63eef195bf05564cc3872cee11	1b00e3b5c85ad0186eb01981e1ef5655	1920	1080	22120.0	3.0	5618.0	22993.0	False	False	0.9986798753341039	0.9969634778557623
RollerCoastPas_1920x1080_2997_10	RollerCoastPas_1920x1080_2997_10	svtav1	svtav1_20200810_2d8ec9b_enc-mode0	60	32	0	1350648.0	1350.648	44.021666666666654	44.65983333333334	43.1395	44.019763	44.659811	43.138935999999994	96.36777419688948	3646838.0	60.780633333333334	6230.39	1920	1080	29.97	10	7bdc4aaf0a3b586a0ce7b81a6734ca1f	7cf4bc2f3bb771c95c2b6e1d41d3087e	1920	1080	23098.0	6.0	4919.0	25214.0	False	False	0.9981624941031139	0.9960858510544472
RollerCoastPas_1920x1080_2997_10	RollerCoastPas_1920x1080_2997_10	svtav1	svtav1_20200810_2d8ec9b_enc-mode0	60	43	0	797877.0	797.877	42.58116666666667	43.81683333333334	42.424166666666665	42.575621	43.816029	42.424095	95.05380035821848	2670699.0	44.51165	4359.85	1920	1080	29.97	10	5d970840302d8be02aa62a57d4a11cc5	21210768e047349c69a2c41dccd1a831	1920	1080	23844.0	7.0	4267.0	24329.0	False	False	0.9971819738547008	0.9945769606171319
RollerCoastPas_1920x1080_2997_10	RollerCoastPas_1920x1080_2997_10	svtav1	svtav1_20200810_2d8ec9b_enc-mode0	60	55	0	362419.0	362.419	39.53366666666667	41.68133333333332	40.53983333333334	39.519805	41.679668	40.538362	90.60618378143326	2174837.0	36.247283333333336	3489.34	1920	1080	29.97	10	71a3f183b27004cdda5890be7dc6d854	c353ce2d32d029dc8abc4f8661eb0baa	1920	1080	21214.0	6.0	4030.0	24471.0	False	False	0.9932189802328746	0.9892282623321667
RollerCoastPas_1920x1080_2997_10	RollerCoastPas_1920x1080_2997_10	svtav1	svtav1_20200810_2d8ec9b_enc-mode0	60	59	0	224393.0	224.393	37.27599999999998	40.08449999999998	39.05033333333334	37.256039	40.083384	39.04901	84.86025416172895	2058857.0	34.314283333333336	3426.6	1920	1080	29.97	10	92c3d9085f79af211cd13f39c3f6659f	2dd0525809085ec5fef4b75224b95548	1920	1080	22166.0	4.0	3956.0	24746.0	False	False	0.9875021338462829	0.9821767405459247
BarScene1_1920x1080_2997_10b	BarScene1_1920x1080_2997_10b	svtav1	svtav1_20200810_2d8ec9b_enc-mode0	60	20	0	1627335.0	1627.335	42.50249999999998	44.80183333333335	43.784333333333315	42.503097	44.800831	43.782441	93.24058092149889	6075160.0	101.25266666666667	10504.45	1920	1080	29.97	10	99125e8cd19cd84fe515bc9a74cda223	e40b4835ddd3e81ef0d9526b8a2d6afa	1920	1080	24087.0	5.0	9164.0	24060.0	False	False	0.9959414521853129	0.9911155821023503
BarScene1_1920x1080_2997_10b	BarScene1_1920x1080_2997_10b	svtav1	svtav1_20200810_2d8ec9b_enc-mode0	60	32	0	434426.0	434.426	42.15233333333336	44.615666666666634	43.49200000000001	42.152224	44.61579100000001	43.491544	92.13228006304355	2510996.0	41.84993333333333	4338.01	1920	1080	29.97	10	df3f884d1023e507104751e611c9fa07	ad61282be7b82d420db7436b18ed8341	1920	1080	20700.0	6.0	3676.0	23673.0	False	False	0.9951899220546087	0.990098447246052
BarScene1_1920x1080_2997_10b	BarScene1_1920x1080_2997_10b	svtav1	svtav1_20200810_2d8ec9b_enc-mode0	60	43	0	246815.0	246.815	41.755	44.47349999999998	43.36216666666665	41.754406	44.473812	43.362399	90.43863996383018	2886019.0	48.100316666666664	5040.21	1920	1080	29.97	10	dc5ea6b8529e60fc0e699473131fa1c0	8706b182600a2ee8d3bc3ca021d60c72	1920	1080	20781.0	19.0	3380.0	39362.0	False	False	0.9942091753085455	0.9888084839651637
BarScene1_1920x1080_2997_10b	BarScene1_1920x1080_2997_10b	svtav1	svtav1_20200810_2d8ec9b_enc-mode0	60	55	0	94835.0	94.835	40.541833333333315	43.91750000000002	42.90683333333335	40.541413	43.91793500000001	42.90678	84.14880303597214	1625317.0	27.088616666666667	2714.41	1920	1080	29.97	10	33d32259caf036423314d8c25b6f6867	3298b1a56f1612b04a70a82d8dbfd272	1920	1080	20188.0	3.0	2870.0	23113.0	False	False	0.9894427994887034	0.9837667558094108
BarScene1_1920x1080_2997_10b	BarScene1_1920x1080_2997_10b	svtav1	svtav1_20200810_2d8ec9b_enc-mode0	60	59	0	58383.0	58.383	39.52333333333332	43.304333333333346	42.45666666666667	39.520842	43.304229	42.456261	76.77445770330011	1287485.0	21.458083333333335	2313.36	1920	1080	29.97	10	f5a8de624b1c4c3759ab943531c4be62	e01350558ca311feb32d1c602ba77f02	1920	1080	21200.0	3.0	2826.0	23146.0	False	False	0.9838422745466232	0.9787534394671575
Starting_1920x1080p_50_10b_pq_70	Starting_1920x1080p_50_10b_pq_70	svtav1	svtav1_20200810_2d8ec9b_enc-mode0	60	20	0	4783013.0	4783.013	47.10950000000001	49.96850000000001	51.746500000000005	47.06642	49.909221	51.658307	97.01202279334504	5451354.0	90.8559	9836.7	1920	1080	50.0	10	3234a363bb35909b56281a7e07c27331	fb9487ff70ee3681de722b9e105a813c	1920	1080	17817.0	4.0	8349.0	23381.0	False	False	0.9992682894070943	0.9982361248101204
Starting_1920x1080p_50_10b_pq_70	Starting_1920x1080p_50_10b_pq_70	svtav1	svtav1_20200810_2d8ec9b_enc-mode0	60	32	0	2495646.0	2495.646	45.78200000000001	48.9	50.30733333333332	45.726849	48.859529	50.257538	96.07738950576147	3287117.0	54.78528333333333	5539.92	1920	1080	50.0	10	91bcea1b4799991981f7d6aa30f51cfa	5f8ffd5ce503489bdd42344584813cd5	1920	1080	18201.0	6.0	7655.0	24261.0	False	False	0.9988732218742371	0.9976111102758717
Starting_1920x1080p_50_10b_pq_70	Starting_1920x1080p_50_10b_pq_70	svtav1	svtav1_20200810_2d8ec9b_enc-mode0	60	43	0	1425286.0	1425.286	44.07716666666667	47.5695	48.49083333333332	44.016788	47.55989	48.479567	94.30647954477631	2816308.0	46.93846666666666	4652.15	1920	1080	50.0	10	28cb625248572b86767f6841a471371e	e035e2f3c5212cb72f4360ae896a6d12	1920	1080	18150.0	4.0	7060.0	23545.0	False	False	0.9980882108211517	0.996515798965832
Starting_1920x1080p_50_10b_pq_70	Starting_1920x1080p_50_10b_pq_70	svtav1	svtav1_20200810_2d8ec9b_enc-mode0	60	55	0	622253.0	622.253	40.419999999999995	45.19400000000004	45.51099999999998	40.384339	45.193045	45.509776	88.23609726587894	1824617.0	30.410283333333332	3019.87	1920	1080	50.0	10	0daa62dbd1453e8455e036e4a577fa48	e4f4b78286eb975fff425414fc8a4dfc	1920	1080	21830.0	4.0	6502.0	23960.0	False	False	0.9948789238929748	0.9921800916997743
Starting_1920x1080p_50_10b_pq_70	Starting_1920x1080p_50_10b_pq_70	svtav1	svtav1_20200810_2d8ec9b_enc-mode0	60	59	0	331986.0	331.986	37.282000000000004	43.198833333333354	43.46783333333334	37.270678	43.198989	43.468169	79.49525310199321	2757758.0	45.962633333333336	4557.05	1920	1080	50.0	10	58e7dfe6768ada053046754d5cd7e3a9	8b90e438305f2bdc4f342abcf5a1a013	1920	1080	19809.0	5.0	6967.0	30252.0	False	False	0.988702177007993	0.9838792174733169
KristenAndSara_1280x720_60f	KristenAndSara_1280x720_60f	svtav1	svtav1_20200810_2d8ec9b_enc-mode0	60	20	0	3163088.0	3163.088	44.633500000000005	49.05233333333335	49.97883333333333	44.628192	49.049252	49.9771	96.94806159994964	3428318.0	57.13863333333333	5856.27	1280	720	60.0	8	43de45635f58d872176c8ac5cda28f69	832fa40f5755b62999b685b44a16a359	1280	720	5469.0	5.0	4901.0	11273.0	False	False	0.9960227022568385	0.9954668390692084
KristenAndSara_1280x720_60f	KristenAndSara_1280x720_60f	svtav1	svtav1_20200810_2d8ec9b_enc-mode0	60	32	0	1243040.0	1243.04	43.468333333333334	48.27583333333334	49.183500000000016	43.46255800000001	48.272764	49.181133	96.0817194803259	1607814.0	26.7969	2671.27	1280	720	60.0	8	16d680f0521b937af6c47b72b79680b2	0e1d9442811d4a3ba286bc144a25308b	1280	720	5991.0	9.0	3490.0	10318.0	False	False	0.994672550757726	0.9942539000728158
KristenAndSara_1280x720_60f	KristenAndSara_1280x720_60f	svtav1	svtav1_20200810_2d8ec9b_enc-mode0	60	43	0	685520.0	685.52	42.211333333333336	47.34400000000001	48.23583333333334	42.194293	47.339198	48.232186	94.55412065957468	1266436.0	21.107266666666668	2142.16	1280	720	60.0	8	6818c61ab1dd873784114beef2a28cde	1e05cbc7fe761b44e3fce5cc8dadc555	1280	720	5612.0	2.0	2654.0	10045.0	False	False	0.9926002105077107	0.9924935405153551
KristenAndSara_1280x720_60f	KristenAndSara_1280x720_60f	svtav1	svtav1_20200810_2d8ec9b_enc-mode0	60	55	0	312440.0	312.44	39.60933333333333	44.92916666666666	46.103833333333334	39.57664	44.91999	46.095315	89.65517925858542	770911.0	12.848516666666667	1291.41	1280	720	60.0	8	773fb4d7528fc898f05c3d7a06b3a0c1	02ba8887cf41b49b3bf539dd4cb687f2	1280	720	5074.0	4.0	2351.0	9827.0	False	False	0.9857074836889903	0.9868980810662848
KristenAndSara_1280x720_60f	KristenAndSara_1280x720_60f	svtav1	svtav1_20200810_2d8ec9b_enc-mode0	60	59	0	195656.0	195.656	37.543	43.05383333333332	44.31633333333334	37.517543	43.045899	44.311952	83.66221479380232	759846.0	12.6641	1258.45	1280	720	60.0	8	95cc928aa362adf54c4c2b34c6d1231e	04d644f78e5153b71502250428dd6867	1280	720	5505.0	4.0	2257.0	10102.0	False	False	0.9775685012340546	0.9804079521670451
blue_sky_360p_60f	blue_sky_360p_60f	svtav1	svtav1_20200810_2d8ec9b_enc-mode0	60	20	0	1359910.0	1359.91	44.856833333333334	45.88616666666667	47.626	44.711701	45.791386	47.560461	99.95946684563499	1267863.0	21.13105	2137.91	640	360	25.0	8	44e72952fe2e7214e2a05ce0c9cc20a6	faa6aad3f6290c00c853edaf85ae2889	640	360	1921.0	6.0	2257.0	2925.0	False	False	0.9932406057914098	0.9986805442987091
blue_sky_360p_60f	blue_sky_360p_60f	svtav1	svtav1_20200810_2d8ec9b_enc-mode0	60	32	0	731570.0	731.57	42.05783333333334	43.95183333333334	45.66600000000001	41.921768	43.86663	45.598558	99.94831995628495	883524.0	14.7254	1409.86	640	360	25.0	8	a7c1e4d408ee4ec4b2e61ca7fe9036a1	4a1ef6f496a305102ee096e5316d8e0f	640	360	2071.0	5.0	2076.0	2992.0	False	False	0.9906967590252559	0.9981038867047936
blue_sky_360p_60f	blue_sky_360p_60f	svtav1	svtav1_20200810_2d8ec9b_enc-mode0	60	43	0	408163.0	408.16299999999995	39.37216666666666	41.57866666666667	43.32283333333332	39.228449	41.465554	43.237941	99.84094418923642	700258.0	11.670966666666667	1090.55	640	360	25.0	8	d67da5c15f6f22e343c6e505d88e50d2	3fa0f75b72cf203bf0bc3702054adc51	640	360	2607.0	8.0	1871.0	3159.0	False	False	0.9861448218425115	0.9969970572007445
blue_sky_360p_60f	blue_sky_360p_60f	svtav1	svtav1_20200810_2d8ec9b_enc-mode0	60	55	0	182030.0	182.03	35.68666666666668	37.83533333333333	39.85049999999999	35.587902	37.773171	39.820594	94.5355883916113	411311.0	6.855183333333334	717.52	640	360	25.0	8	b63ee138c3110a2f5e08ab0efce9804a	9771a3954abf055dac0f2ee9374e9160	640	360	2308.0	4.0	1696.0	2945.0	False	False	0.9729867647091548	0.993580613794853
blue_sky_360p_60f	blue_sky_360p_60f	svtav1	svtav1_20200810_2d8ec9b_enc-mode0	60	59	0	114033.0	114.033	33.33649999999999	35.8655	38.435666666666656	33.288571	35.84962600000001	38.420496	88.68983942227504	408899.0	6.814983333333333	732.68	640	360	25.0	8	c20d1c5d69a18574efe7fc34fee3aeb2	10d87a9b88f477374457bf8b2fad46e3	640	360	1869.0	4.0	1633.0	2963.0	False	False	0.9572082459926605	0.9890772562287036
kirland360p_60f	kirland360p_60f	svtav1	svtav1_20200810_2d8ec9b_enc-mode0	60	20	0	278168.0	278.168	47.428666666666665	48.52899999999999	49.70766666666669	47.358192	48.502336	49.685913	96.05143085100504	601812.0	10.0302	1024.86	640	360	30.0	8	1fb7b21953cf40a5fa33520c3a597547	b477d05d867ffce5d720c2d7c58eb51c	640	360	1453.0	4.0	782.0	2891.0	False	False	0.9909601142009099	0.9974233621314179
kirland360p_60f	kirland360p_60f	svtav1	svtav1_20200810_2d8ec9b_enc-mode0	60	32	0	128292.0	128.292	46.09150000000001	47.9925	48.96266666666665	45.95188	47.967088	48.932024	94.91364015474927	456055.0	7.6009166666666665	797.21	640	360	30.0	8	ff2f60c66a3431a13553727a9f5a1371	5d3747f47b1daf0694cab3457c62fb05	640	360	1317.0	3.0	987.0	3544.0	False	False	0.9897312571605047	0.9969872552487333
kirland360p_60f	kirland360p_60f	svtav1	svtav1_20200810_2d8ec9b_enc-mode0	60	43	0	70440.0	70.44	44.2255	47.339833333333345	47.78533333333332	43.974842	47.298291	47.678264	92.0984843321374	266549.0	4.442483333333334	424.12	640	360	30.0	8	d57eeb2581457205368c89c927ac7c99	8e45e420616b62e3d11d61ae275d6a7d	640	360	1606.0	5.0	544.0	2899.0	False	False	0.9873424728711446	0.9960864000553885
kirland360p_60f	kirland360p_60f	svtav1	svtav1_20200810_2d8ec9b_enc-mode0	60	55	0	36976.0	36.976	41.148666666666664	46.28799999999999	45.90933333333336	40.833688	46.19885	45.668916	84.78088293303652	211565.0	3.5260833333333332	354.59	640	360	30.0	8	72f07c95070c366c6ccb03d4177fb1f4	fba38892cd0723b4489346a22738b464	640	360	1410.0	4.0	484.0	3634.0	False	False	0.9811634759108225	0.9935876724748037
kirland360p_60f	kirland360p_60f	svtav1	svtav1_20200810_2d8ec9b_enc-mode0	60	59	0	28476.0	28.476	39.555166666666665	45.27583333333335	44.974666666666664	39.176432	45.121387	44.646218	80.35265371637551	181172.0	3.0195333333333334	301.69	640	360	30.0	8	c9ea4c9d122998a1246239f0b056f1fa	cccb3e8810d2090cf84834312654da46	640	360	1413.0	5.0	437.0	3220.0	False	False	0.975969151655833	0.9915025633537652
niklas360p_60f	niklas360p_60f	svtav1	svtav1_20200810_2d8ec9b_enc-mode0	60	20	0	1471260.0	1471.26	44.62366666666665	47.88866666666666	47.59400000000001	44.497302	47.809528	47.505117	98.44591126141539	1303961.0	21.732683333333334	2122.62	640	360	30.0	8	a848960f85f0cdffdab829df8929381d	eeef96f1119af69a7a91080bb5a77d63	640	360	1767.0	5.0	2038.0	3243.0	False	False	0.9869338015715281	0.9969795568521459
niklas360p_60f	niklas360p_60f	svtav1	svtav1_20200810_2d8ec9b_enc-mode0	60	32	0	801776.0	801.776	42.16633333333335	46.481500000000004	45.956333333333326	42.056934	46.401427	45.868416	96.84784257760654	872891.0	14.548183333333334	1584.99	640	360	30.0	8	118f3e96d3ae62125b6157849f122dc6	014ddb0bc8c3f2117a504de6ae942fd2	640	360	1919.0	3.0	1613.0	2866.0	False	False	0.9817885905504227	0.995363342531021
niklas360p_60f	niklas360p_60f	svtav1	svtav1_20200810_2d8ec9b_enc-mode0	60	43	0	427816.0	427.816	39.22883333333333	44.63750000000001	43.90499999999999	39.134518	44.592921	43.859384	93.49291958659556	790720.0	13.178666666666667	1368.92	640	360	30.0	8	0c86cf18144429689d0bff289bba825f	543427e2f8756f85c8e0ea49f4f8c1f0	640	360	2019.0	2.0	1475.0	3168.0	False	False	0.9721688528855642	0.9921233570073117
niklas360p_60f	niklas360p_60f	svtav1	svtav1_20200810_2d8ec9b_enc-mode0	60	55	0	211136.0	211.136	35.692	42.329833333333326	41.25716666666666	35.626389	42.305276	41.222755	86.04531696509035	486690.0	8.1115	849.45	640	360	30.0	8	e41a188a161dc14b8b0df07f186e9911	ec80672b684b1bbc14c389c7f7a27ba2	640	360	1758.0	15.0	1244.0	4036.0	False	False	0.9511167625586192	0.9839456883985928
niklas360p_60f	niklas360p_60f	svtav1	svtav1_20200810_2d8ec9b_enc-mode0	60	59	0	144148.0	144.148	33.734500000000004	40.77266666666669	39.585499999999996	33.694669	40.751717	39.559961	79.90110422840851	487086.0	8.1181	765.07	640	360	30.0	8	dfa75601b737602af92930fa5ef78160	0127273b2bc160b3b78b9c590f76b125	640	360	1804.0	4.0	1189.0	2988.0	False	False	0.9317934721708298	0.9757425558096765
shields_640x360_60f	shields_640x360_60f	svtav1	svtav1_20200810_2d8ec9b_enc-mode0	60	20	0	2303973.0	2303.973	42.54233333333333	45.57483333333333	47.27116666666666	42.409015	45.553678	47.203091	99.44053176058084	1101035.0	18.350583333333333	1832.64	640	360	50.0	8	e878dc67b16e5abde0d4001baba65138	dbe58dbaa6099d4dae2ffead18e4bff0	640	360	17873.0	4.0	1615.0	2897.0	False	False	0.9860429684321086	0.9983303991445209
shields_640x360_60f	shields_640x360_60f	svtav1	svtav1_20200810_2d8ec9b_enc-mode0	60	32	0	1245126.0	1245.126	40.7865	44.01733333333333	45.61166666666667	40.594569	43.981131	45.503644	99.4406614396286	1022485.0	17.041416666666667	1805.78	640	360	50.0	8	ac0cfe2e31e1b983b1b05a25d1eff48e	0919b4374a40301563035bb3579a9fa4	640	360	2952.0	3.0	1498.0	3006.0	False	False	0.9815274109443028	0.9977113199227342
shields_640x360_60f	shields_640x360_60f	svtav1	svtav1_20200810_2d8ec9b_enc-mode0	60	43	0	661220.0	661.22	38.24549999999998	41.352333333333334	43.107499999999995	37.982995	41.272154	42.944902	99.39643399196497	567143.0	9.452383333333334	908.13	640	360	50.0	8	220d5c1f056c106a2bd6a6c3d9f74345	76daaf25fcf9198df8f05bbf799f49a5	640	360	3075.0	4.0	1228.0	2966.0	False	False	0.9706331352392833	0.9959588308902718
shields_640x360_60f	shields_640x360_60f	svtav1	svtav1_20200810_2d8ec9b_enc-mode0	60	55	0	334400.0	334.4	34.76483333333333	38.173166666666674	40.32750000000001	34.422501	38.01364	40.088723	95.8753037410405	498467.0	8.307783333333333	830.54	640	360	50.0	8	a5dcb476051dab4462d57ac7ef52d370	11f59e25f2f560880fe3ba2ce1eac068	640	360	3002.0	9.0	1180.0	3015.0	False	False	0.9441276530424754	0.9907694735870873
shields_640x360_60f	shields_640x360_60f	svtav1	svtav1_20200810_2d8ec9b_enc-mode0	60	59	0	225013.0	225.013	32.51866666666667	36.57699999999999	38.63733333333335	32.118339	36.371214	38.402062	90.24534661284864	393583.0	6.559716666666667	703.9	640	360	50.0	8	08c9c05476817457393376cafea76b42	e8d4f21005278854b7b23d67602eaafe	640	360	2561.0	18.0	1053.0	3260.0	False	False	0.9141905039548874	0.9839634654739413
thaloundeskmtg360p_60f	thaloundeskmtg360p_60f	svtav1	svtav1_20200810_2d8ec9b_enc-mode0	60	20	0	916160.0	916.16	44.900666666666666	48.787499999999994	48.80399999999999	44.744118	48.721752	48.765015999999996	97.05683155477001	845017.0	14.083616666666666	1445.77	640	360	30.0	8	fa6739445143bd15e68bf5c2ee7289cf	cdc7b95876d1075365fb8ab94e9b0c62	640	360	1694.0	2.0	1141.0	3468.0	False	False	0.9926590392986934	0.9984674802354999
thaloundeskmtg360p_60f	thaloundeskmtg360p_60f	svtav1	svtav1_20200810_2d8ec9b_enc-mode0	60	32	0	438252.0	438.252	43.101499999999994	47.32050000000002	47.43266666666667	42.866306	47.275889	47.406674	95.71620184775949	603253.0	10.054216666666667	971.44	640	360	30.0	8	e3e73a7b32d07ca044139d323b335940	61c1ef5bde289ea228edf944b00ff2ec	640	360	1772.0	4.0	1146.0	4062.0	False	False	0.9901787082354228	0.997675497064719
thaloundeskmtg360p_60f	thaloundeskmtg360p_60f	svtav1	svtav1_20200810_2d8ec9b_enc-mode0	60	43	0	251904.0	251.904	41.10166666666667	45.81816666666667	45.936833333333325	40.815956	45.783488	45.919289	93.54730040615533	559443.0	9.32405	871.36	640	360	30.0	8	db5baf3788fa34f95a926f86a6b16c58	45b55e4479604b19f1a4f5d14416f97d	640	360	2086.0	5.0	765.0	3916.0	False	False	0.9863308568795522	0.9963418835333065
thaloundeskmtg360p_60f	thaloundeskmtg360p_60f	svtav1	svtav1_20200810_2d8ec9b_enc-mode0	60	55	0	124536.0	124.536	37.6215	42.937666666666665	42.93033333333333	37.452319	42.907379	42.91775	86.85722124858891	519869.0	8.664483333333333	760.1	640	360	30.0	8	997f7733501cc575154a2b9a226f6bf9	a1175734dbc630d73068af41a7240775	640	360	2470.0	6.0	674.0	4179.0	False	False	0.976003031929334	0.9920948679043399
thaloundeskmtg360p_60f	thaloundeskmtg360p_60f	svtav1	svtav1_20200810_2d8ec9b_enc-mode0	60	59	0	85256.0	85.256	35.474666666666685	41.120333333333335	41.179166666666646	35.266201	41.105251	41.169569	81.48165467824933	247464.0	4.1244	420.53	640	360	30.0	8	22454609544d103adda8cb8a9925b045	ccddc40e862fb944ec91ea63b1229c35	640	360	1672.0	3.0	594.0	2869.0	False	False	0.9663464158773423	0.9877538375887068
Aerial_1920x1080_2997_10b	Aerial_1920x1080_2997_10b	svtav1	svtav1_20200810_2d8ec9b_enc-mode0	60	20	0	9423491.0	9423.491	43.62866666666666	46.04833333333332	45.359833333333356	43.604953	46.033083	45.347843	96.596428608188	4740003.0	79.00005	8697.94	1920	1080	29.97	10	a10a76014fdd054dfe10b243e549befe	67d6be51be79b1671bd0e1aa31524caf	1920	1080	24715.0	3.0	9945.0	23435.0	False	False	0.9990038176377615	0.9979950362848522
Aerial_1920x1080_2997_10b	Aerial_1920x1080_2997_10b	svtav1	svtav1_20200810_2d8ec9b_enc-mode0	60	32	0	5098650.0	5098.65	41.90399999999999	44.87950000000001	44.36483333333334	41.8654	44.865359	44.354608	95.51281497747271	6617123.0	110.28538333333333	11517.64	1920	1080	29.97	10	4901d768a0c7a677754658c319d612cd	64d7b89cbf2d6e8b6a76c8797610baf0	1920	1080	24338.0	4.0	8362.0	23473.0	False	False	0.9985407620668412	0.9971711873727155
Aerial_1920x1080_2997_10b	Aerial_1920x1080_2997_10b	svtav1	svtav1_20200810_2d8ec9b_enc-mode0	60	43	0	2981979.0	2981.979	39.83066666666666	43.206166666666654	43.023333333333355	39.789448	43.19805800000001	43.019079	93.4645406562301	3324217.0	55.403616666666665	5693.18	1920	1080	29.97	10	90637e616cd981ea19e8c4a7e54d9798	8bfb212e3b1868e5eef4a0ab896e0115	1920	1080	23497.0	3.0	7047.0	24242.0	False	False	0.9976041734218597	0.9955510031965608
Aerial_1920x1080_2997_10b	Aerial_1920x1080_2997_10b	svtav1	svtav1_20200810_2d8ec9b_enc-mode0	60	55	0	1304553.0	1304.553	35.755	40.39716666666665	40.91100000000003	35.741453	40.394736	40.91140699999999	87.19147949207134	2841604.0	47.36006666666667	4564.33	1920	1080	29.97	10	7c0d1f5134158cfb08d6a304c9f0e35e	4f1604e0b184e74f23c0e4ac1834bd55	1920	1080	25485.0	10.0	6106.0	25442.0	False	False	0.9938390493392945	0.9887499830715144
Aerial_1920x1080_2997_10b	Aerial_1920x1080_2997_10b	svtav1	svtav1_20200810_2d8ec9b_enc-mode0	60	59	0	675987.0	675.987	32.56116666666667	38.67583333333337	39.74716666666665	32.557875	38.675087	39.74722	78.92784626171475	2529840.0	42.164	4213.86	1920	1080	29.97	10	cd84bc9a8862d4ee9a3fd0d457dcae1d	d3e26a8b8965584593ff947d2e5282fd	1920	1080	22971.0	6.0	5403.0	24175.0	False	False	0.9862056642770767	0.9745857495131882
Sintel_Dragons_1920x816_24_10b	Sintel_Dragons_1920x816_24_10b	svtav1	svtav1_20200810_2d8ec9b_enc-mode0	60	20	0	5271168.0	5271.168	47.26750000000002	51.62133333333335	51.727333333333334	47.172464	51.581161	51.668122	99.93119169727524	5595146.0	93.25243333333333	9845.19	1920	816	24.0	10	a55f8451da4386901600de574b547b50	337d3dd51158ea21db321c29e50fe52a	1920	816	10248.0	4.0	15084.0	15994.0	False	False	0.9969601879517237	0.9970862198272947
Sintel_Dragons_1920x816_24_10b	Sintel_Dragons_1920x816_24_10b	svtav1	svtav1_20200810_2d8ec9b_enc-mode0	60	32	0	2738313.0	2738.313	44.13716666666667	49.11783333333332	49.15866666666667	44.036611	49.063674	49.070091	99.9033853963274	7021396.0	117.02326666666667	12246.7	1920	816	24.0	10	9c94c5948bca6e868b401d7d6c4b5b1d	d35e0636a2631446af504871477ba2d0	1920	816	11698.0	4.0	13879.0	15804.0	False	False	0.9944893588622411	0.99484545874043
Sintel_Dragons_1920x816_24_10b	Sintel_Dragons_1920x816_24_10b	svtav1	svtav1_20200810_2d8ec9b_enc-mode0	60	43	0	1447491.0	1447.4909999999998	41.16016666666666	46.707333333333345	46.730499999999985	41.050669	46.641893	46.625648	98.5245798927726	5267886.0	87.7981	8930.62	1920	816	24.0	10	02ce22d3d779be70d8f7aafbbbcb1ddc	8de732e9efaa6949909d976db3433b03	1920	816	11617.0	7.0	12985.0	16379.0	False	False	0.9894366721312206	0.9905240749603561
Sintel_Dragons_1920x816_24_10b	Sintel_Dragons_1920x816_24_10b	svtav1	svtav1_20200810_2d8ec9b_enc-mode0	60	55	0	705507.0	705.507	37.736999999999995	43.74866666666667	43.84516666666668	37.653783	43.679002	43.744004	86.4208716081358	3560822.0	59.347033333333336	6115.54	1920	816	24.0	10	84ce6053d168e053c2fc3e6214b980e1	e30a7dcc96d44e18f46263d9c818c3ac	1920	816	12548.0	43.0	11213.0	16813.0	False	False	0.977031942208608	0.9804243544151617
Sintel_Dragons_1920x816_24_10b	Sintel_Dragons_1920x816_24_10b	svtav1	svtav1_20200810_2d8ec9b_enc-mode0	60	59	0	499574.0	499.574	36.08466666666668	42.212	42.4025	36.012868	42.151977	42.327013	77.33885571256705	2977565.0	49.626083333333334	4844.73	1920	816	24.0	10	c196abfbac2897cadf725ddd6cca3987	8ab6ffae65c8cc48765dc121e9d9a9a8	1920	816	10328.0	3.0	10466.0	15959.0	False	False	0.9670826623837153	0.9724462168233051
DOTA2_60f_420	DOTA2_60f_420	svtav1	svtav1_20200810_2d8ec9b_enc-mode0	60	20	0	15673680.0	15673.68	45.58583333333333	49.28633333333334	49.408166666666666	45.559062	49.233685	49.380368	97.67124063020874	7561455.0	126.02425	12901.57	1920	1080	60.0	8	669c57dfef639e3fdf0cc5823a973377	1bd249a8cb4180201a0b800b39164914	1920	1080	12371.0	2.0	9364.0	22813.0	False	False	0.998692853252093	0.9974569182357957
DOTA2_60f_420	DOTA2_60f_420	svtav1	svtav1_20200810_2d8ec9b_enc-mode0	60	32	0	7985176.0	7985.176	43.337666666666664	47.30449999999999	47.552000000000014	43.279847	47.222874	47.515804	96.01841391771396	5199180.0	86.653	8789.8	1920	1080	60.0	8	9a184c418f8907ac6aa6b01d19180f95	6c1ae08b7c96d44c7d8fd43359ca91ab	1920	1080	13699.0	2.0	8530.0	23225.0	False	False	0.9976020604372025	0.9956022337134165
DOTA2_60f_420	DOTA2_60f_420	svtav1	svtav1_20200810_2d8ec9b_enc-mode0	60	43	0	3960152.0	3960.152	40.746500000000005	44.90949999999999	45.26766666666667	40.667378	44.813407	45.227659	92.65713303745716	3090515.0	51.508583333333334	5290.1	1920	1080	60.0	8	3af42e3ff28104dfcc7a8089ea5f9f1a	64cc69ff5af5ee4f28653bae8e879912	1920	1080	12055.0	20.0	8198.0	24715.0	False	False	0.9949476033449173	0.99137730625133
DOTA2_60f_420	DOTA2_60f_420	svtav1	svtav1_20200810_2d8ec9b_enc-mode0	60	55	0	1587616.0	1587.6159999999998	37.22866666666666	41.64099999999998	42.019666666666694	37.164719	41.574088	41.99671	84.07856609527563	3182955.0	53.04925	5376.01	1920	1080	60.0	8	f3e5033348cc6c4d647194735cdd14fe	0466dbf9710b85a8b87fca94da60e92f	1920	1080	12356.0	5.0	7392.0	26479.0	False	False	0.984242957830429	0.9778255278933818
DOTA2_60f_420	DOTA2_60f_420	svtav1	svtav1_20200810_2d8ec9b_enc-mode0	60	59	0	925944.0	925.944	35.046	39.591	39.871666666666684	35.008743	39.553762	39.862085	74.96912206355624	2269944.0	37.8324	3865.64	1920	1080	60.0	8	fd07171f1deed185e41911a3819bd165	653108ad4cf74bb8a0eae3442eece50d	1920	1080	12783.0	5.0	6440.0	25369.0	False	False	0.9680042038361232	0.9610441599088675
Netflix_DrivingPOV_1280x720_60fp	Netflix_DrivingPOV_1280x720_60fp	svtav1	svtav1_20200810_2d8ec9b_enc-mode0	60	20	0	11612896.0	11612.896	42.92450000000001	46.51416666666666	45.175166666666655	42.905567	46.505756	45.169051	99.7394627022765	3669356.0	61.15593333333333	6241.28	1280	720	60.0	8	9ac3addfe262c6115cb18cee7df835c6	bd31499417a79bdf920f2a5313298dc6	1280	720	6444.0	4.0	7116.0	9681.0	False	False	0.998086941242218	0.9975291214897718
Netflix_DrivingPOV_1280x720_60fp	Netflix_DrivingPOV_1280x720_60fp	svtav1	svtav1_20200810_2d8ec9b_enc-mode0	60	32	0	5491184.0	5491.184	40.483666666666664	45.254333333333335	44.235833333333325	40.45665	45.236133	44.226711	98.75840185535667	4463585.0	74.39308333333334	7867.22	1280	720	60.0	8	b7717e42bb3d3e27fccd7c7cb409a2c8	a82c1a79a9a9cadaae7df52080ccc6cf	1280	720	8516.0	6.0	6464.0	10015.0	False	False	0.9965896179278692	0.9956277835870798
Netflix_DrivingPOV_1280x720_60fp	Netflix_DrivingPOV_1280x720_60fp	svtav1	svtav1_20200810_2d8ec9b_enc-mode0	60	43	0	2797312.0	2797.312	38.13483333333334	43.7755	43.228833333333334	38.097025	43.75327	43.220434	96.48761818292336	2411293.0	40.18821666666667	3965.74	1280	720	60.0	8	c5d9f7f0f726929abdda9e026a8966de	05255a6ec731b7115d891be4174a886c	1280	720	6654.0	4.0	5792.0	10208.0	False	False	0.9928755710522333	0.9917651048490985
Netflix_DrivingPOV_1280x720_60fp	Netflix_DrivingPOV_1280x720_60fp	svtav1	svtav1_20200810_2d8ec9b_enc-mode0	60	55	0	1201984.0	1201.984	34.9925	41.458499999999994	41.729833333333325	34.950514	41.440562	41.721522	90.39758443450833	1566729.0	26.11215	2678.96	1280	720	60.0	8	44ed94e70032e3a075e993983c12103e	49438558f255688d2c68f14b06d46f73	1280	720	6866.0	7.0	5230.0	10928.0	False	False	0.9856931120157242	0.984610532819464
Netflix_DrivingPOV_1280x720_60fp	Netflix_DrivingPOV_1280x720_60fp	svtav1	svtav1_20200810_2d8ec9b_enc-mode0	60	59	0	739720.0	739.72	33.015	39.81616666666667	40.4745	32.994233	39.806012	40.470098	84.390499278393	1250447.0	20.840783333333334	2124.82	1280	720	60.0	8	2fc9c047b26a51b472640b3869304007	d13b4f287fafdf0505ece19d8129135e	1280	720	6332.0	7.0	5116.0	9995.0	False	False	0.9788021018107732	0.9773204595767047
Netflix_PierSeaside_1920x1080_60	Netflix_PierSeaside_1920x1080_60	svtav1	svtav1_20200810_2d8ec9b_enc-mode0	60	20	0	7820240.0	7820.24	45.514	47.520166666666675	45.562	45.492425	47.507608	45.547612	99.9142910792171	4292308.0	71.53846666666666	7383.45	1920	1080	60.0	8	98f07f88fed020e4d25786aaf5927e82	a9474ef9bea1c237b30ed87b29636079	1920	1080	18442.0	4.0	10244.0	22958.0	False	False	0.9981241832176845	0.9969316347334999
Netflix_PierSeaside_1920x1080_60	Netflix_PierSeaside_1920x1080_60	svtav1	svtav1_20200810_2d8ec9b_enc-mode0	60	32	0	3449320.0	3449.32	43.87016666666668	46.84966666666666	45.05849999999999	43.817484	46.832021000000005	45.040885	99.56840753719376	3727375.0	62.12291666666667	6001.58	1920	1080	60.0	8	9d2f721d67d70d04063c5b320d8eb9a9	bfb9fb7c0a56d09c7831cc5833804486	1920	1080	11321.0	5.0	10220.0	23256.0	False	False	0.9971530944108963	0.9954341190913687
Netflix_PierSeaside_1920x1080_60	Netflix_PierSeaside_1920x1080_60	svtav1	svtav1_20200810_2d8ec9b_enc-mode0	60	43	0	1670872.0	1670.872	42.06983333333334	45.836166666666664	44.359166666666674	41.992195	45.818752	44.34463	98.04149476109383	2475366.0	41.2561	4294.22	1920	1080	60.0	8	03ada9781e59635c1a3a0ac4db4c8a23	7da1729906c4680bac981477aca321df	1920	1080	11458.0	4.0	8902.0	23840.0	False	False	0.9954211543003718	0.9929268741427691
Netflix_PierSeaside_1920x1080_60	Netflix_PierSeaside_1920x1080_60	svtav1	svtav1_20200810_2d8ec9b_enc-mode0	60	55	0	635144.0	635.144	39.16916666666667	43.38150000000001	42.52716666666666	39.105803	43.370064	42.518032999999996	92.3545287782626	1573138.0	26.218966666666667	2542.46	1920	1080	60.0	8	29b496a37be191e7c41dc8ca2b390fa1	c5c862f2adbe44043235b92d14f9e218	1920	1080	10458.0	4.0	8244.0	22340.0	False	False	0.9906376461187999	0.986821040459487
Netflix_PierSeaside_1920x1080_60	Netflix_PierSeaside_1920x1080_60	svtav1	svtav1_20200810_2d8ec9b_enc-mode0	60	59	0	370944.0	370.944	37.254666666666665	41.629166666666684	41.0515	37.209985	41.624552	41.047156	86.05035489911023	1389801.0	23.16335	2340.21	1920	1080	60.0	8	6914fb861d40ef238a0fd3bd40cf5ff8	df8ec2d4108fcc8313a14a21024d690a	1920	1080	11051.0	3.0	8434.0	23744.0	False	False	0.9860696742932001	0.9813776910278939
Netflix_RollerCoaster_1280x720_6	Netflix_RollerCoaster_1280x720_6	svtav1	svtav1_20200810_2d8ec9b_enc-mode0	60	20	0	8300568.0	8300.568	44.84499999999999	46.70616666666669	46.720666666666666	44.829555	46.696108	46.713789	99.91641927880742	4801442.0	80.02403333333334	7788.94	1280	720	60.0	8	0d36a99896e38c34e0ac13575b5067c3	a56d6186077bf06d81a8969502d2fdc4	1280	720	7515.0	17.0	7896.0	10095.0	False	False	0.9979247202475866	0.9975318128472203
Netflix_RollerCoaster_1280x720_6	Netflix_RollerCoaster_1280x720_6	svtav1	svtav1_20200810_2d8ec9b_enc-mode0	60	32	0	4123520.0	4123.52	42.47583333333334	44.99066666666668	45.37666666666668	42.450888	44.974752	45.3666	99.85659103835947	4080158.0	68.00263333333334	6957.04	1280	720	60.0	8	698bdf03609761a23fa86814bd2878a8	ef02c7477f07c2803a0c9caaf062caeb	1280	720	6316.0	3.0	6784.0	10028.0	False	False	0.9963584224383036	0.9958399025385962
Netflix_RollerCoaster_1280x720_6	Netflix_RollerCoaster_1280x720_6	svtav1	svtav1_20200810_2d8ec9b_enc-mode0	60	43	0	2149480.0	2149.48	40.13616666666667	43.15933333333333	43.93066666666666	40.092126	43.13411	43.917654	97.79624831633014	2400116.0	40.001933333333334	4026.24	1280	720	60.0	8	858fb583e103b38c5e739e79cb963420	5d7f196c14587347033414bd237267c8	1280	720	5750.0	8.0	6554.0	10042.0	False	False	0.993379752834638	0.9928254976399906
Netflix_RollerCoaster_1280x720_6	Netflix_RollerCoaster_1280x720_6	svtav1	svtav1_20200810_2d8ec9b_enc-mode0	60	55	0	1003488.0	1003.488	36.970833333333324	40.32616666666667	41.6395	36.929345	40.284626	41.616102	89.10072068746483	1818929.0	30.315483333333333	2988.21	1280	720	60.0	8	cc8ac13dd45428894dbac7f062a3ca07	ceec822fefc4b978afd8ff9ede1a4b87	1280	720	5789.0	5.0	5933.0	10445.0	False	False	0.9837783267100652	0.9838534193067862
Netflix_RollerCoaster_1280x720_6	Netflix_RollerCoaster_1280x720_6	svtav1	svtav1_20200810_2d8ec9b_enc-mode0	60	59	0	665408.0	665.408	35.089666666666666	38.57416666666668	40.31883333333332	35.057362	38.538485	40.296848	80.98468460981651	1942500.0	32.375	3438.66	1280	720	60.0	8	2aa30617ecb42b4c43101c75beaff86a	99647ecc868ddfb143dfc215897714d7	1280	720	13635.0	8.0	5742.0	12604.0	False	False	0.9724796533584594	0.9742305358928096
STARCRAFT_60f_420	STARCRAFT_60f_420	svtav1	svtav1_20200810_2d8ec9b_enc-mode0	60	20	0	6878008.0	6878.008	49.898	52.917833333333306	52.97433333333334	49.890162	52.909925	52.969585	97.52789413617961	3638397.0	60.63995	6156.55	1920	1080	60.0	8	beec5d43b919476fb9c69edc75d510d2	1cac309f9518b9284221a98855c1c176	1920	1080	13187.0	3.0	3217.0	23973.0	False	False	0.9995377669731776	0.9991167318628728
STARCRAFT_60f_420	STARCRAFT_60f_420	svtav1	svtav1_20200810_2d8ec9b_enc-mode0	60	32	0	4326144.0	4326.144	47.118833333333335	51.03183333333334	51.26033333333333	47.105462	51.012471	51.251026	96.86468738270034	2463597.0	41.05995	3998.53	1920	1080	60.0	8	ad44f223d4d5b3d4c8bd6422b64a251c	7716c0e7f18670fb95d586fea0b30032	1920	1080	11254.0	6.0	2992.0	23479.0	False	False	0.9990786631902059	0.9983675877321828
STARCRAFT_60f_420	STARCRAFT_60f_420	svtav1	svtav1_20200810_2d8ec9b_enc-mode0	60	43	0	2476712.0	2476.712	43.67433333333333	48.49100000000001	48.713666666666654	43.649301	48.460278	48.69927599999999	95.28326396274572	2777213.0	46.286883333333336	4444.67	1920	1080	60.0	8	f3576c1b109a14536a20bc8543d12f09	e93cf576912601d158a648d86a0dee73	1920	1080	14267.0	6.0	5598.0	27752.0	False	False	0.997885509332021	0.996518672364852
STARCRAFT_60f_420	STARCRAFT_60f_420	svtav1	svtav1_20200810_2d8ec9b_enc-mode0	60	55	0	1045520.0	1045.52	38.61933333333334	44.57733333333333	44.680166666666665	38.595355	44.547633	44.658061	89.87507281847016	2470155.0	41.16925	3983.92	1920	1080	60.0	8	5c083b0e49b10200a9edf67fda15088b	5c2f6bb90ead76ab7867681b5db73108	1920	1080	15799.0	5.0	3322.0	30458.0	False	False	0.9923255354166031	0.9890419531403307
STARCRAFT_60f_420	STARCRAFT_60f_420	svtav1	svtav1_20200810_2d8ec9b_enc-mode0	60	59	0	605088.0	605.088	35.732000000000006	42.2895	42.29099999999998	35.710795	42.268005	42.273577	83.21742795921452	2097512.0	34.958533333333335	3513.21	1920	1080	60.0	8	b7c60b50ccee206b9845244994200ee6	765a5bb1b3b5ae2dc9dcd50812f36b81	1920	1080	15937.0	5.0	3565.0	24661.0	False	False	0.9839396963516871	0.9789593151005133
dark720p_60f	dark720p_60f	svtav1	svtav1_20200810_2d8ec9b_enc-mode0	60	20	0	6683536.0	6683.536000000001	46.01783333333334	43.04683333333334	44.48800000000003	45.988814	42.818579	44.377106	96.3006103333343	5162978.0	86.04963333333333	8549.48	1280	720	30.0	8	1dd355db270d57034423c69ea9904e51	208a1d3987321ad21f54d5f50c36c20e	1280	720	4850.0	8.0	10672.0	9980.0	False	False	0.9943218459685643	0.9951053067569341
dark720p_60f	dark720p_60f	svtav1	svtav1_20200810_2d8ec9b_enc-mode0	60	32	0	1432144.0	1432.144	43.46433333333333	38.82299999999999	41.667	43.447351	38.788862	41.657917	93.34236757083485	3111679.0	51.86131666666667	5133.93	1280	720	30.0	8	d62019ad44f9fc4b60968a52f56bf99d	59d008579d33e003f78dd915a07b3850	1280	720	4663.0	4.0	7509.0	9730.0	False	False	0.9912917206684748	0.9927143528196439
dark720p_60f	dark720p_60f	svtav1	svtav1_20200810_2d8ec9b_enc-mode0	60	43	0	248148.0	248.148	42.24399999999999	36.9385	40.811499999999995	42.232216	36.935951	40.806754	90.7206203569803	1829949.0	30.49915	2943.15	1280	720	30.0	8	957ebfde9dc6aefbe366ecd53c2a5cb7	f5241f83787517a8d1fb29ad7d1673de	1280	720	5524.0	4.0	4728.0	10151.0	False	False	0.9896417210499445	0.9914065733289543
dark720p_60f	dark720p_60f	svtav1	svtav1_20200810_2d8ec9b_enc-mode0	60	55	0	104536.0	104.536	40.671	36.239833333333344	39.79116666666669	40.654056	36.23771	39.784798	86.4661926996022	719962.0	11.999366666666667	1180.08	1280	720	30.0	8	12dea2b67e9f031ac139e83cfbcf5c65	0b31b0f03333ae82c2333138de65c140	1280	720	4700.0	4.0	3048.0	9945.0	False	False	0.9854389607906342	0.9882241940079425
dark720p_60f	dark720p_60f	svtav1	svtav1_20200810_2d8ec9b_enc-mode0	60	59	0	71968.0	71.968	39.28666666666667	35.60516666666667	38.88433333333332	39.249278	35.603598	38.872858	81.60491598118664	1091620.0	18.193666666666665	1867.23	1280	720	30.0	8	28bb9a6c8c5f7b579c1d30cd46d8a71a	1be3eacad7434d772135d43e8979888a	1280	720	6038.0	6.0	2839.0	13979.0	False	False	0.980577360590299	0.9845480188161366
gipsrestat720p_60f	gipsrestat720p_60f	svtav1	svtav1_20200810_2d8ec9b_enc-mode0	60	20	0	3090466.0	3090.466	44.860166666666665	47.413333333333334	49.04199999999999	44.852731999999996	47.410867	49.038857	97.00221174244729	3022827.0	50.38045	5433.42	1280	720	50.0	8	e9caa5bdd4cbdeacd8378f0e0f6cf012	eab48d4d39b4eed906591ad6bcef8536	1280	720	6257.0	4.0	3418.0	10060.0	False	False	0.9975985825061798	0.9969284432420074
gipsrestat720p_60f	gipsrestat720p_60f	svtav1	svtav1_20200810_2d8ec9b_enc-mode0	60	32	0	1265686.0	1265.686	43.373	46.89283333333332	48.383500000000005	43.354739	46.889129	48.380826	95.85943280910769	1573569.0	26.22615	2774.2	1280	720	50.0	8	8208fddcc18b4e16b89b1e6752d43945	0aade5be53469946362ca7159ebe451e	1280	720	6082.0	4.0	2898.0	10901.0	False	False	0.9966720839341482	0.996004357783775
gipsrestat720p_60f	gipsrestat720p_60f	svtav1	svtav1_20200810_2d8ec9b_enc-mode0	60	43	0	686140.0	686.14	41.794666666666664	46.05266666666667	47.39233333333331	41.757916	46.050205	47.389078	94.19186796951232	1108677.0	18.47795	1891.42	1280	720	50.0	8	d2e2a8d062daffd30ee643fe839f985b	8596ca5a3b996e5b74a511834d3704d4	1280	720	5316.0	5.0	2449.0	9938.0	False	False	0.9950783054033915	0.9945368265954007
gipsrestat720p_60f	gipsrestat720p_60f	svtav1	svtav1_20200810_2d8ec9b_enc-mode0	60	55	0	326000.0	326.0	38.978500000000004	44.06233333333334	45.06683333333333	38.947568	44.059877	45.064234000000006	89.40691205603844	978109.0	16.301816666666667	1583.3	1280	720	50.0	8	0b898ec0320a9e4637889d1ad77f4d75	c3b275f7d1c81d98ee1212e37c2a3c04	1280	720	5811.0	5.0	1949.0	10758.0	False	False	0.9894010891517003	0.9896044860104971
gipsrestat720p_60f	gipsrestat720p_60f	svtav1	svtav1_20200810_2d8ec9b_enc-mode0	60	59	0	210480.0	210.48	36.79549999999999	42.386	43.05133333333331	36.779143	42.384356	43.048676	84.26353306156776	647796.0	10.7966	1052.51	1280	720	50.0	8	1ca5292dd6b3110edd7f6669c6a91a79	d554fb8e03aa83340bfebe018e6675ef	1280	720	5377.0	3.0	1526.0	9786.0	False	False	0.9817651261885961	0.9831080651400651
speed_bag_640x360_60f	speed_bag_640x360_60f	svtav1	svtav1_20200810_2d8ec9b_enc-mode0	60	20	0	494315.0	494.315	47.30966666666668	50.025	51.41200000000003	47.202082	49.94305	51.335305	98.38090287709153	976456.0	16.274266666666666	1498.47	640	360	29.97	8	4aaf8557e66758a9e508f573c6d44416	968643b7bbf240ea5ebe2f058122ea59	640	360	1567.0	4.0	1610.0	3015.0	False	False	0.9895180314779282	0.9977547512900575
speed_bag_640x360_60f	speed_bag_640x360_60f	svtav1	svtav1_20200810_2d8ec9b_enc-mode0	60	32	0	253232.0	253.232	45.37266666666666	48.601833333333346	50.107666666666674	45.223441	48.482562	49.987204	97.55030098789169	635843.0	10.597383333333333	1042.1	640	360	29.97	8	fb44a8398cd6e14ef3a147087fd660d2	55a97837b58d74de2e1e0f1ee48c1841	640	360	1474.0	6.0	1429.0	2945.0	False	False	0.9862423102060954	0.9964937959700958
speed_bag_640x360_60f	speed_bag_640x360_60f	svtav1	svtav1_20200810_2d8ec9b_enc-mode0	60	43	0	138138.0	138.138	43.25700000000002	46.84999999999999	48.70000000000001	43.031107	46.701439	48.537135	95.27407367997937	441146.0	7.352433333333333	719.07	640	360	29.97	8	d94426cd2fa4c7df027ae8ef45618818	d8cf8f7e4ba1f76d5ed2de2625ff9888	640	360	1894.0	5.0	1175.0	2922.0	False	False	0.9821595937013626	0.9943369399035856
speed_bag_640x360_60f	speed_bag_640x360_60f	svtav1	svtav1_20200810_2d8ec9b_enc-mode0	60	55	0	69306.0	69.306	40.03233333333333	44.177666666666674	46.61566666666666	39.766903	44.065093	46.414695	86.08858853163504	355473.0	5.92455	572.66	640	360	29.97	8	c2736abf019879c4c62dbf32052daeb8	83e7c74637c8400f64eadb6edba32f80	640	360	1528.0	4.0	1061.0	3079.0	False	False	0.9734523266553878	0.9888829489818529
speed_bag_640x360_60f	speed_bag_640x360_60f	svtav1	svtav1_20200810_2d8ec9b_enc-mode0	60	59	0	49190.0	49.18999999999999	37.946999999999996	42.43783333333334	44.99649999999998	37.759545	42.35444300000001	44.831568	77.90620197164293	291787.0	4.8631166666666665	486.09	640	360	29.97	8	b48ab74cf6c6bb486d2248ebf1629a48	73007d568cf74e42528b736a1fbf94f5	640	360	1347.0	4.0	917.0	2994.0	False	False	0.9656332641839981	0.9833141868254219
vidyo1_720p_60fps_60f	vidyo1_720p_60fps_60f	svtav1	svtav1_20200810_2d8ec9b_enc-mode0	60	20	0	3518832.0	3518.832	45.504000000000005	48.120333333333335	49.4715	45.496982	48.11566	49.46966	96.50858841454406	3279308.0	54.65513333333333	5495.6	1280	720	60.0	8	342241bbb4620590f18f540b29ed9954	fff4ba80ff1700408d7a379d6080079d	1280	720	6041.0	15.0	3268.0	10095.0	False	False	0.9975161691506703	0.9968920960917009
vidyo1_720p_60fps_60f	vidyo1_720p_60fps_60f	svtav1	svtav1_20200810_2d8ec9b_enc-mode0	60	32	0	1363480.0	1363.48	43.98833333333332	47.61733333333333	48.837166666666654	43.982362	47.613069	48.834739	95.22274093423849	1615465.0	26.924416666666666	2756.72	1280	720	60.0	8	d3cc2825841dd6f5c1a964974787d3c6	c3c368138e16a439eeb890bafdb29ff3	1280	720	5435.0	4.0	2704.0	10302.0	False	False	0.9961617052555084	0.9955865994113898
vidyo1_720p_60fps_60f	vidyo1_720p_60fps_60f	svtav1	svtav1_20200810_2d8ec9b_enc-mode0	60	43	0	681880.0	681.88	42.569	46.944	47.93083333333335	42.563191	46.940959	47.927894	93.19281529677946	1178904.0	19.6484	2035.32	1280	720	60.0	8	7a7d00f0c9c9f5b1e8341dc42aa17309	0736258aa36b2d31d9999824cfb5ad49	1280	720	5214.0	5.0	2387.0	10359.0	False	False	0.994125650326411	0.9938268974758021
vidyo1_720p_60fps_60f	vidyo1_720p_60fps_60f	svtav1	svtav1_20200810_2d8ec9b_enc-mode0	60	55	0	318136.0	318.136	39.95166666666667	45.43149999999999	45.9275	39.936835	45.42914	45.923914	87.17913581553833	661584.0	11.0264	1185.43	1280	720	60.0	8	2f00ab223f028beab78a7b1c99b8bd91	ab30feece2be6d52e62ad07895840d04	1280	720	4989.0	2.0	2103.0	9774.0	False	False	0.9877647469441097	0.9886144259923763
vidyo1_720p_60fps_60f	vidyo1_720p_60fps_60f	svtav1	svtav1_20200810_2d8ec9b_enc-mode0	60	59	0	208656.0	208.656	38.026166666666676	43.90950000000001	44.279333333333334	38.012797	43.907801	44.277138	80.90879651441378	728252.0	12.137533333333334	1082.9	1280	720	60.0	8	cd666ee698072a9b061bb578b36c5fca	75dfd38ecf7e0e1eb2e0848e64069809	1280	720	5087.0	4.0	1814.0	10172.0	False	False	0.9793952325979869	0.9820179297282324
Market3_1920x1080p_50_10b_pq_709	Market3_1920x1080p_50_10b_pq_709	svtav1	svtav1_20200810_2d8ec9b_enc-mode0	60	20	0	13707480.0	13707.48	45.31166666666666	52.06483333333333	53.006499999999996	45.298309	52.051505	52.997115	99.8917294188565	7707906.0	128.4651	13352.61	1920	1080	50.0	10	8812327d1ecc17091e8a5dd9782353cb	b76646f963b7a5ccb729fe82b869a784	1920	1080	22335.0	6.0	14492.0	38095.0	False	False	0.9992787619431813	0.9983785281668227
Market3_1920x1080p_50_10b_pq_709	Market3_1920x1080p_50_10b_pq_709	svtav1	svtav1_20200810_2d8ec9b_enc-mode0	60	32	0	6776040.0	6776.04	42.503333333333316	49.49449999999999	50.601499999999994	42.485172	49.48914	50.598522	99.08081126115486	7400667.0	123.34445	12400.44	1920	1080	50.0	10	9ecdcb4a07265d5683c47e89675c1065	4f55b44f7d1cd00a6176b6505abb9d01	1920	1080	24907.0	6.0	12988.0	23157.0	False	False	0.9986092388629914	0.9969141155472723
Market3_1920x1080p_50_10b_pq_709	Market3_1920x1080p_50_10b_pq_709	svtav1	svtav1_20200810_2d8ec9b_enc-mode0	60	43	0	3642613.0	3642.613	39.90483333333332	47.60816666666665	48.970666666666695	39.875541	47.604249	48.969907	96.2559542486519	4154845.0	69.24741666666667	7185.97	1920	1080	50.0	10	bca9f83fb1bf739a016db2eafb06250c	a5cdd4c4ac00a7e8eb58c97ea2e5bd08	1920	1080	20652.0	4.0	11621.0	22760.0	False	False	0.9971939941247304	0.9940258452317033
Market3_1920x1080p_50_10b_pq_709	Market3_1920x1080p_50_10b_pq_709	svtav1	svtav1_20200810_2d8ec9b_enc-mode0	60	55	0	1494246.0	1494.246	36.076666666666675	44.94383333333335	46.48283333333333	36.054677	44.94271	46.481669	88.14178261874444	2795585.0	46.59308333333333	5060.73	1920	1080	50.0	10	0d59ab4225de3b45cd2d91cec51194cd	9deee26bb722eb976b5d4175b59195b0	1920	1080	21222.0	4.0	11154.0	23332.0	False	False	0.9907215267419816	0.9823835052893256
Market3_1920x1080p_50_10b_pq_709	Market3_1920x1080p_50_10b_pq_709	svtav1	svtav1_20200810_2d8ec9b_enc-mode0	60	59	0	880606.0	880.606	33.938333333333325	43.202666666666666	44.924666666666674	33.927784	43.20222	44.923197	79.51157788144073	4572207.0	76.20345	7455.35	1920	1080	50.0	10	a96c9fa09780b4e427409f2d02759b1f	a2db2495144f5efe8ab5ab18fae125d4	1920	1080	31559.0	11.0	11313.0	23480.0	False	False	0.981458306312561	0.9688800615189025
ShowGirl2TeaserClip4000_1920x108	ShowGirl2TeaserClip4000_1920x108	svtav1	svtav1_20200810_2d8ec9b_enc-mode0	60	20	0	3353533.0	3353.533	42.516333333333336	46.72600000000001	49.618333333333325	42.513293	46.724979	49.61638	95.59009362853114	7238250.0	120.6375	12057.68	1920	1080	25.0	10	7110c65853bace6eb0778965a8178574	f27ae732baab2ded09dd1468183fc1f8	1920	1080	20442.0	7.0	12015.0	25156.0	False	False	0.9962848573923111	0.9917762295969506
ShowGirl2TeaserClip4000_1920x108	ShowGirl2TeaserClip4000_1920x108	svtav1	svtav1_20200810_2d8ec9b_enc-mode0	60	32	0	1433216.0	1433.216	41.83333333333334	46.39633333333333	49.08833333333333	41.830559	46.393887	49.085844	93.85302412820357	5966234.0	99.43723333333334	9949.72	1920	1080	25.0	10	0d5c32ebc90c6466da7cd1321a65611c	8080c3e5f0b568be05a130efd4d518e3	1920	1080	26927.0	5.0	9043.0	26557.0	False	False	0.9952925016482671	0.9904820328439994
ShowGirl2TeaserClip4000_1920x108	ShowGirl2TeaserClip4000_1920x108	svtav1	svtav1_20200810_2d8ec9b_enc-mode0	60	43	0	768273.0	768.273	40.94050000000001	45.92933333333335	48.25550000000001	40.931503	45.926866	48.254277	90.91600660110092	3441529.0	57.35881666666667	5671.08	1920	1080	25.0	10	226dcae196cd14a1ef78f5327ac528ef	7da573692e5664e776b25190cd03c043	1920	1080	20067.0	3.0	8138.0	23511.0	False	False	0.9937509169181188	0.988702092096471
ShowGirl2TeaserClip4000_1920x108	ShowGirl2TeaserClip4000_1920x108	svtav1	svtav1_20200810_2d8ec9b_enc-mode0	60	55	0	326526.0	326.526	38.88166666666665	44.823999999999984	46.5078333333333	38.861761	44.822801	46.507088	83.00008277159212	3210204.0	53.5034	5507.81	1920	1080	25.0	10	014ae0b97e66ad732ba7d53df4ee8e57	1832a1d2c3483ab654bee5386bda8e29	1920	1080	27450.0	3.0	6818.0	24126.0	False	False	0.9884430150190989	0.9828760935595432
ShowGirl2TeaserClip4000_1920x108	ShowGirl2TeaserClip4000_1920x108	svtav1	svtav1_20200810_2d8ec9b_enc-mode0	60	59	0	199856.0	199.85600000000002	37.216166666666666	43.713666666666676	45.30649999999999	37.200588	43.712957	45.306776	74.95178769988894	3464907.0	57.74845	5922.9	1920	1080	25.0	10	e1d407a361ac7f2a4965ff4afa1270c9	0315b916b4daf5abab08ba9d9258c96a	1920	1080	23040.0	4.0	6952.0	24475.0	False	False	0.9815134416023891	0.9756312864956843
Netflix_Aerial_1920x1080_60fps_8	Netflix_Aerial_1920x1080_60fps_8	svtav1	svtav1_20200810_2d8ec9b_enc-mode0	60	20	0	21893896.0	21893.896	42.80433333333333	45.70149999999999	45.41466666666667	42.780308	45.68933	45.407059	96.77973632145633	6830383.0	113.83971666666666	11231.57	1920	1080	60.0	8	740e116274498956994a20715b82fca7	36ff46f7274987b3f3cfad726d6db35a	1920	1080	13625.0	2.0	16051.0	23333.0	False	False	0.9979791015386581	0.9965989026129185
Netflix_Aerial_1920x1080_60fps_8	Netflix_Aerial_1920x1080_60fps_8	svtav1	svtav1_20200810_2d8ec9b_enc-mode0	60	32	0	10989560.0	10989.56	40.918166666666664	44.61716666666666	44.61666666666666	40.85939799999999	44.597142	44.609726	94.67921016151182	5915661.0	98.59435	9866.66	1920	1080	60.0	8	752c3d0f6b29c89d63cb50b277c2924c	af2f52c9547c7289259b4fd49e8b362b	1920	1080	13671.0	15.0	13758.0	23532.0	False	False	0.996656647324562	0.9946061118669012
Netflix_Aerial_1920x1080_60fps_8	Netflix_Aerial_1920x1080_60fps_8	svtav1	svtav1_20200810_2d8ec9b_enc-mode0	60	43	0	5493824.0	5493.824	38.67383333333334	43.10750000000001	43.540500000000016	38.590919	43.097198	43.538347	91.4759486522871	5242552.0	87.37586666666667	8535.94	1920	1080	60.0	8	33d12b9d1f58c01379f5c82ee188ed89	93711957dbbc2feceb715a3638557b5f	1920	1080	14324.0	3.0	12283.0	24165.0	False	False	0.9941529870033264	0.9906587163279131
Netflix_Aerial_1920x1080_60fps_8	Netflix_Aerial_1920x1080_60fps_8	svtav1	svtav1_20200810_2d8ec9b_enc-mode0	60	55	0	2038016.0	2038.016	35.10900000000001	40.766666666666666	41.907833333333336	35.064507	40.764372	41.903921	83.47844283002846	3500282.0	58.338033333333335	5875.46	1920	1080	60.0	8	e9ffa9a0bb4d4f40be9d68a294bbade6	7e71769af1be00a4c0f485dbed113052	1920	1080	14540.0	4.0	11845.0	25209.0	False	False	0.9856971045335133	0.9768468185739091
Netflix_Aerial_1920x1080_60fps_8	Netflix_Aerial_1920x1080_60fps_8	svtav1	svtav1_20200810_2d8ec9b_enc-mode0	60	59	0	1072656.0	1072.656	32.826666666666675	39.41366666666667	41.032000000000004	32.813608	39.408536	41.026185000000005	74.31679599083176	2329214.0	38.820233333333334	4037.42	1920	1080	60.0	8	aea7786f09e67e96add0bc1f47bb4f33	f947e0b5d2052deb654bf6511d193721	1920	1080	13196.0	4.0	10329.0	23069.0	False	False	0.9728386809428533	0.9564705435350345
Netflix_Boat_1920x1080_60fps_8bi	Netflix_Boat_1920x1080_60fps_8bi	svtav1	svtav1_20200810_2d8ec9b_enc-mode0	60	20	0	29849864.0	29849.864	43.83533333333334	46.22400000000002	47.92466666666666	43.812082	46.197245	47.903815	99.91383659199006	8758248.0	145.9708	14873.93	1920	1080	60.0	8	31d17d124403132b86091c05517a87a8	b6ca3ea64cb6e672876563d8c3abf835	1920	1080	17139.0	3.0	13924.0	23394.0	False	False	0.9993394494056702	0.9986316287986345
Netflix_Boat_1920x1080_60fps_8bi	Netflix_Boat_1920x1080_60fps_8bi	svtav1	svtav1_20200810_2d8ec9b_enc-mode0	60	32	0	16868184.0	16868.184	41.42266666666667	44.69699999999999	46.138999999999996	41.387473	44.659576	46.11353	99.7652416560052	6889416.0	114.8236	11286.88	1920	1080	60.0	8	3d4ca2141c3d212548b502c0744628c9	329154fe8ab809c5643a2085ecce2f97	1920	1080	14994.0	4.0	13053.0	23495.0	False	False	0.9988832334677379	0.9977467781687377
Netflix_Boat_1920x1080_60fps_8bi	Netflix_Boat_1920x1080_60fps_8bi	svtav1	svtav1_20200810_2d8ec9b_enc-mode0	60	43	0	9341568.0	9341.568	38.52900000000001	43.002166666666646	44.041333333333334	38.460736	42.970228	44.025786	96.58802086757537	5672041.0	94.53401666666667	9781.7	1920	1080	60.0	8	178f68b277d9c9a4646bad088964367f	ef65470a43eac9fc3afc8ec4a215cfdb	1920	1080	13769.0	4.0	11301.0	23350.0	False	False	0.9977934867143631	0.9956262720263283
Netflix_Boat_1920x1080_60fps_8bi	Netflix_Boat_1920x1080_60fps_8bi	svtav1	svtav1_20200810_2d8ec9b_enc-mode0	60	55	0	4293752.0	4293.752	34.55666666666666	40.80333333333333	41.380833333333314	34.485698	40.770643	41.376402	88.31308105623684	5106306.0	85.1051	9164.35	1920	1080	60.0	8	8b5af4ca460788ce425ff1eb203246df	3e09b9a0a19b9faaa73ef8b8e08062e2	1920	1080	16282.0	3.0	10630.0	23621.0	False	False	0.9936848372220993	0.9879204887722786
Netflix_Boat_1920x1080_60fps_8bi	Netflix_Boat_1920x1080_60fps_8bi	svtav1	svtav1_20200810_2d8ec9b_enc-mode0	60	59	0	2694512.0	2694.512	32.159499999999994	39.37916666666665	39.66583333333333	32.12082	39.357835	39.664436	80.55918468514122	2753895.0	45.89825	4723.33	1920	1080	60.0	8	45623fab59d43b71e66b766ef5a54028	51b4fcae748c23b52aa92b4a211e940e	1920	1080	15250.0	5.0	10281.0	24751.0	False	False	0.9872869153817495	0.9762124989800147
Netflix_Crosswalk_1920x1080_60fp	Netflix_Crosswalk_1920x1080_60fp	svtav1	svtav1_20200810_2d8ec9b_enc-mode0	60	20	0	7739784.0	7739.784	45.65116666666667	48.39366666666667	50.24950000000001	45.640269	48.391688	50.247448	99.27242207883047	6051343.0	100.85571666666667	10710.86	1920	1080	60.0	8	ea25045898062cd7a3db9b343f7dfdb7	12a5d0e0d292ace299273bd633de1ced	1920	1080	10219.0	5.0	16865.0	23238.0	False	False	0.9977438976367314	0.9958570024877652
Netflix_Crosswalk_1920x1080_60fp	Netflix_Crosswalk_1920x1080_60fp	svtav1	svtav1_20200810_2d8ec9b_enc-mode0	60	32	0	3943576.0	3943.576	44.389833333333335	47.62	49.43050000000003	44.361854	47.616763	49.427261	96.20425654962312	5176735.0	86.27891666666666	8419.67	1920	1080	60.0	8	8f43c2b700fee952fdedec796d6946db	c2c9d244bc0df002a90e6e84ac622c58	1920	1080	11329.0	4.0	16654.0	24356.0	False	False	0.9961800376574198	0.9941128878667219
Netflix_Crosswalk_1920x1080_60fp	Netflix_Crosswalk_1920x1080_60fp	svtav1	svtav1_20200810_2d8ec9b_enc-mode0	60	43	0	2069608.0	2069.608	42.74066666666668	46.629833333333345	48.38333333333335	42.691225	46.62321	48.375758	90.47845860573305	3640637.0	60.677283333333335	6243.43	1920	1080	60.0	8	bf572f336fd87610073260c85671b519	3ba6d4e344855f946800ed486c27c307	1920	1080	9875.0	4.0	14666.0	23965.0	False	False	0.992865044871966	0.9908641690849926
Netflix_Crosswalk_1920x1080_60fp	Netflix_Crosswalk_1920x1080_60fp	svtav1	svtav1_20200810_2d8ec9b_enc-mode0	60	55	0	993464.0	993.464	40.300666666666686	45.06083333333333	46.75783333333333	40.222252	45.052995	46.749030999999995	78.72353751724958	2646977.0	44.116283333333335	4500.29	1920	1080	60.0	8	33d016f6f8234b9027960b7f5706bcf4	0b2bf70f3c93d865ca84af5159381c15	1920	1080	9231.0	3.0	12166.0	23697.0	False	False	0.9841770519812901	0.9831250023863775
Netflix_Crosswalk_1920x1080_60fp	Netflix_Crosswalk_1920x1080_60fp	svtav1	svtav1_20200810_2d8ec9b_enc-mode0	60	59	0	678496.0	678.496	38.70899999999999	43.88316666666664	45.41416666666666	38.654388	43.875045	45.406012	68.88569132075799	2259048.0	37.6508	3796.58	1920	1080	60.0	8	d8ae30fcbec059313f61f35abe87129c	50af3a35c48bd65e6c163667aba39b36	1920	1080	11823.0	9.0	11964.0	24093.0	False	False	0.9747912565867106	0.9752943198513194
aspen_1080p_60f	aspen_1080p_60f	svtav1	svtav1_20200810_2d8ec9b_enc-mode0	60	20	0	8263660.0	8263.66	44.03233333333333	48.0971666666667	49.33783333333333	44.016574	48.09552	49.336235	97.98680653964806	10293922.0	171.56536666666668	17011.32	1920	1080	29.97	8	7c916ba0c031736d399887c3285156d8	a2662917738bfa89164cce1400feb9d3	1920	1080	10953.0	8.0	17452.0	23438.0	False	False	0.9960864255825679	0.9925471157330035
aspen_1080p_60f	aspen_1080p_60f	svtav1	svtav1_20200810_2d8ec9b_enc-mode0	60	32	0	2475996.0	2475.996	42.17566666666667	47.12599999999997	48.32116666666666	42.167647	47.123681	48.317078	94.17287569841837	5736686.0	95.61143333333334	9849.96	1920	1080	29.97	8	7167053ee1507ffeb13755cf2b37a89a	35bd8c34990489243cc55b7be8999f02	1920	1080	9961.0	4.0	14489.0	23712.0	False	False	0.9941105455160141	0.9897922842493405
aspen_1080p_60f	aspen_1080p_60f	svtav1	svtav1_20200810_2d8ec9b_enc-mode0	60	43	0	1091158.0	1091.158	40.849666666666664	45.935500000000005	47.04450000000001	40.833698	45.931674	47.03988	89.42186045827928	4432229.0	73.87048333333334	7061.64	1920	1080	29.97	8	f411eb6362e740a89be58263b63e9776	bf097ca18466fe5b0ee4243d0a73d9b8	1920	1080	9338.0	5.0	11011.0	23601.0	False	False	0.9915375957886378	0.9868936364638752
aspen_1080p_60f	aspen_1080p_60f	svtav1	svtav1_20200810_2d8ec9b_enc-mode0	60	55	0	474642.0	474.642	38.79616666666666	43.87533333333332	44.72999999999999	38.769976	43.867937	44.723114	80.10029182626859	2736489.0	45.60815	4544.31	1920	1080	29.97	8	c3589d94f731f03c5c7215d597e1b2b4	032c947ca924dd944bcc7819cd90b469	1920	1080	9360.0	4.0	10169.0	22996.0	False	False	0.9853798627853394	0.980417640747081
aspen_1080p_60f	aspen_1080p_60f	svtav1	svtav1_20200810_2d8ec9b_enc-mode0	60	59	0	307871.0	307.871	37.13283333333334	42.4265	42.95166666666664	37.10153	42.420932	42.946956	70.4508183175827	2531675.0	42.194583333333334	4071.18	1920	1080	29.97	8	e2d5682b2433a4f28281f9eb4e2713b9	fd9fbc9c907c5824ecfd3bac47c6e911	1920	1080	10897.0	6.0	9905.0	23258.0	False	False	0.9762953639030456	0.9714329472850363
red_kayak_360p_60f	red_kayak_360p_60f	svtav1	svtav1_20200810_2d8ec9b_enc-mode0	60	20	0	9180424.0	9180.424	41.41266666666666	44.84333333333334	49.369166666666686	41.292058	44.783092	49.3497	99.92374450566913	3902076.0	65.0346	6314.91	640	360	29.97	8	e48de862adef993734f022488431536e	c3ad66a60aafb6650ee29e2ea67a4a31	640	360	2714.0	4.0	3903.0	2979.0	False	False	0.9739816437164942	0.9948917040736269
red_kayak_360p_60f	red_kayak_360p_60f	svtav1	svtav1_20200810_2d8ec9b_enc-mode0	60	32	0	5442225.0	5442.225	36.80650000000001	42.36133333333335	48.03583333333334	36.646448	42.295569	48.0121	99.82622924758516	2406647.0	40.11078333333333	4188.49	640	360	29.97	8	18a3f42631860ed7d0b0582c49db4fd9	b240bab7e8762b9482a6a6b5a9d754f0	640	360	2022.0	4.0	3425.0	3104.0	False	False	0.9431593596935273	0.9871367234446478
red_kayak_360p_60f	red_kayak_360p_60f	svtav1	svtav1_20200810_2d8ec9b_enc-mode0	60	43	0	2469041.0	2469.041	32.085333333333345	39.93416666666667	46.74883333333333	31.958548	39.883639	46.724871	87.40709302030773	2377936.0	39.632266666666666	4156.17	640	360	29.97	8	560e5fdb6a8aed8f481e68eaaf7d72ff	863aedcaeeec8b84e034115896aa5994	640	360	2395.0	5.0	2969.0	3002.0	False	False	0.8744186331828435	0.9673529293479036
red_kayak_360p_60f	red_kayak_360p_60f	svtav1	svtav1_20200810_2d8ec9b_enc-mode0	60	55	0	762358.0	762.358	28.184333333333324	37.882999999999996	45.4	28.102247	37.857387	45.322676	60.63710482246712	1296640.0	21.610666666666667	2190.49	640	360	29.97	8	18c72c58b74520b70e2336b42e02fc98	bf5db0d819c1f71cb432824e433db1c7	640	360	2111.0	3.0	2500.0	3359.0	False	False	0.7594014644622803	0.9212816275654709
red_kayak_360p_60f	red_kayak_360p_60f	svtav1	svtav1_20200810_2d8ec9b_enc-mode0	60	59	0	405415.0	405.415	26.9585	37.25516666666668	44.90283333333333	26.899648	37.23359	44.760304	46.01031026308121	1173845.0	19.564083333333333	1931.17	640	360	29.97	8	5f33068098988cd393097fd3a7a8d3b7	3a2285d5c8fb691498d5b91e5ab31222	640	360	2094.0	29.0	2125.0	3383.0	False	False	0.7095300823450088	0.8903438113075359
vidyo4_720p_60fps_60f	vidyo4_720p_60fps_60f	svtav1	svtav1_20200810_2d8ec9b_enc-mode0	60	20	0	5053000.0	5053.0	44.276500000000006	49.97800000000002	50.27216666666667	44.246649	49.97426699999999	50.269434	97.79169766753029	2810748.0	46.8458	4857.14	1280	720	60.0	8	d4b747d88f9f25c803fe81dfb9ee5794	f1b6f94f03f97eea5bfbe8acff0da8bc	1280	720	4939.0	3.0	4402.0	10057.0	False	False	0.996468781431516	0.9956921374748386
vidyo4_720p_60fps_60f	vidyo4_720p_60fps_60f	svtav1	svtav1_20200810_2d8ec9b_enc-mode0	60	32	0	1798608.0	1798.608	42.833833333333324	49.35716666666667	49.675666666666665	42.791015	49.350717	49.670475	96.49023565779133	1854936.0	30.9156	3085.97	1280	720	60.0	8	97acf91b5f2e74c5f05ead5321a2bbd5	d84e67a789112036fa9acfa2174843cd	1280	720	5346.0	4.0	3376.0	10393.0	False	False	0.9946955392758051	0.9939055717124083
vidyo4_720p_60fps_60f	vidyo4_720p_60fps_60f	svtav1	svtav1_20200810_2d8ec9b_enc-mode0	60	43	0	946584.0	946.584	41.600500000000004	48.607666666666674	48.917333333333325	41.544629	48.596756	48.910494	94.66187861399816	1380923.0	23.015383333333332	2270.6	1280	720	60.0	8	5ae53e81c16d3c96fd9ea711cce7abc0	2bfe792d72ffc952987109f0dfc1353c	1280	720	5506.0	4.0	2945.0	10282.0	False	False	0.992272824048996	0.9917143096108229
vidyo4_720p_60fps_60f	vidyo4_720p_60fps_60f	svtav1	svtav1_20200810_2d8ec9b_enc-mode0	60	55	0	426296.0	426.296	39.26133333333332	46.7515	46.94633333333333	39.195503	46.737427	46.934788	89.5367291418873	1010678.0	16.844633333333334	1684.06	1280	720	60.0	8	d3c9d0038faaa06809ee7d504e7aa40a	b1a136f3efb22950613b3dd6f6b701df	1280	720	5026.0	4.0	2887.0	10176.0	False	False	0.9839228461186091	0.9849422075275595
vidyo4_720p_60fps_60f	vidyo4_720p_60fps_60f	svtav1	svtav1_20200810_2d8ec9b_enc-mode0	60	59	0	280440.0	280.44	37.61266666666667	45.19533333333332	45.282999999999994	37.563748	45.187309	45.276318999999994	84.34470973701062	1488971.0	24.816183333333335	2597.17	1280	720	60.0	8	c00f6aecdf74c28e6ea7a02776543b5b	7c6e8ed21ad822b6488bbf3a86e84215	1280	720	6838.0	4.0	2731.0	10426.0	False	False	0.9745185752709706	0.9776481866172086
ducks_1920x1080_50fps_10b	ducks_1920x1080_50fps_10b	svtav1	svtav1_20200810_2d8ec9b_enc-mode0	60	20	0	117298480.0	117298.48	39.2835	39.20299999999998	41.40983333333333	39.227783	39.18648799999999	41.398706999999995	98.99527099774949	10493577.0	174.89295	19525.49	1920	1080	50.0	10	ba28d58368c0477d6726f8894979dc38	68076d5a14d174d0d2ba3b7b8230e07f	1920	1080	21787.0	2.0	40077.0	25590.0	False	False	0.9989657213290533	0.9962046560843569
ducks_1920x1080_50fps_10b	ducks_1920x1080_50fps_10b	svtav1	svtav1_20200810_2d8ec9b_enc-mode0	60	32	0	29776606.0	29776.605999999996	35.15416666666667	36.894499999999994	39.97449999999999	35.140428	36.882843	39.964865	93.67961773159591	13503195.0	225.05325	22061.24	1920	1080	50.0	10	3a14fce3b16707ea968bde1f3904c6ad	c0025d2c637885ade80100cf364b51a2	1920	1080	25379.0	3.0	29742.0	26670.0	False	False	0.9966965059439341	0.9901127768738391
ducks_1920x1080_50fps_10b	ducks_1920x1080_50fps_10b	svtav1	svtav1_20200810_2d8ec9b_enc-mode0	60	43	0	10949746.0	10949.746000000001	33.21366666666667	35.2105	38.739833333333316	33.19384	35.171833	38.723892	85.24334781068053	7479530.0	124.65883333333333	13864.07	1920	1080	50.0	10	720fedca2736154c5417c4718d5f4438	1441eee2c1240140468bcd707c92dfdf	1920	1080	22425.0	3.0	20847.0	23331.0	False	False	0.9916091918945312	0.9822771457524163
ducks_1920x1080_50fps_10b	ducks_1920x1080_50fps_10b	svtav1	svtav1_20200810_2d8ec9b_enc-mode0	60	55	0	4526633.0	4526.633	31.064	33.60999999999999	37.754166666666656	31.021335	33.557372	37.744491	70.98063568783897	5598602.0	93.31003333333334	9548.25	1920	1080	50.0	10	0cf20e6cf90142c1beee2e5616d668bc	18099911a2673f803addb415dfe9c617	1920	1080	21794.0	3.0	17300.0	23243.0	False	False	0.9788583368062973	0.9662635542179887
ducks_1920x1080_50fps_10b	ducks_1920x1080_50fps_10b	svtav1	svtav1_20200810_2d8ec9b_enc-mode0	60	59	0	2994366.0	2994.366	29.985000000000017	32.8085	37.207499999999996	29.940387	32.771374	37.202504	62.57904221024398	6855352.0	114.25586666666666	12281.71	1920	1080	50.0	10	8e27f2c764bf75a62310b6b3d66445e5	bb616b067ea72c6c9ec20ea277c965fe	1920	1080	22882.0	14.0	16187.0	23879.0	False	False	0.9683090915282567	0.9540285335130503
Netflix_SquareAndTimelapse_1920x	Netflix_SquareAndTimelapse_1920x	svtav1	svtav1_20200810_2d8ec9b_enc-mode0	60	20	0	20665480.0	20665.48	44.69050000000001	48.93799999999999	48.0775	44.680217	48.932546	48.068224	99.90903722298911	8902350.0	148.3725	15081.74	1920	1080	60.0	8	86c7ba89baa24077f920a07d26098992	75183be8d814776c875820f64a21c0b5	1920	1080	12237.0	3.0	16242.0	22815.0	False	False	0.9991982360680898	0.9979724718849767
Netflix_SquareAndTimelapse_1920x	Netflix_SquareAndTimelapse_1920x	svtav1	svtav1_20200810_2d8ec9b_enc-mode0	60	32	0	11500928.0	11500.927999999998	42.17499999999999	47.18866666666667	46.11449999999998	42.159966000000004	47.179899	46.102257	99.87196275855679	7912856.0	131.88093333333333	12702.88	1920	1080	60.0	8	6516608b2dada2e0a2ab1a3b119dd9be	64be39e46a12e04eb33c69d153fb37a0	1920	1080	15805.0	5.0	15522.0	23331.0	False	False	0.9983423789342244	0.9962465431845917
Netflix_SquareAndTimelapse_1920x	Netflix_SquareAndTimelapse_1920x	svtav1	svtav1_20200810_2d8ec9b_enc-mode0	60	43	0	6463328.0	6463.328	39.4655	45.266	43.99233333333334	39.43433	45.257176	43.97978	98.84607387831907	6073744.0	101.22906666666667	10540.39	1920	1080	60.0	8	4c57242ff0ca10ea29a6a63455d4ad4e	89bf88ddf67dde529f7c8108a417994e	1920	1080	12423.0	2.0	14071.0	23162.0	False	False	0.9963167508443197	0.9926916324206861
Netflix_SquareAndTimelapse_1920x	Netflix_SquareAndTimelapse_1920x	svtav1	svtav1_20200810_2d8ec9b_enc-mode0	60	55	0	2954848.0	2954.848	35.606833333333334	42.22166666666667	40.85033333333334	35.578681	42.21203	40.839113	88.66971200836292	3514496.0	58.574933333333334	6032.69	1920	1080	60.0	8	a2c8a0ccead1d2646f3243a676a7a03f	f45fffc313387f8dc7fa4a247c7b6ed6	1920	1080	11934.0	11.0	12506.0	23294.0	False	False	0.9883253127336502	0.9809418119754475
Netflix_SquareAndTimelapse_1920x	Netflix_SquareAndTimelapse_1920x	svtav1	svtav1_20200810_2d8ec9b_enc-mode0	60	59	0	1955248.0	1955.248	33.52333333333333	40.279333333333334	38.98616666666666	33.507205	40.276286	38.982306	79.63286985246697	3486172.0	58.102866666666664	5750.35	1920	1080	60.0	8	c0349bc85d39029ba30e7109da8c3536	6001f143959f371f56d59d7b76996a0c	1920	1080	12598.0	3.0	12183.0	24102.0	False	False	0.9783690720796585	0.9680330388839997
wikipedia_420	wikipedia_420	svtav1	svtav1_20200810_2d8ec9b_enc-mode0	60	20	0	1094868.0	1094.868	52.40683333333331	52.137000000000015	52.77750000000001	52.396085	51.968937	52.712208	99.8328604434253	3274848.0	54.5808	5586.46	1920	1080	30.0	8	023721f5f59339dd79f4275be00f8b1d	2f3c460e7353d9caf0ee250021062162	1920	1080	9053.0	4.0	2394.0	22803.0	False	False	0.9991912394762039	0.9987142329070179
wikipedia_420	wikipedia_420	svtav1	svtav1_20200810_2d8ec9b_enc-mode0	60	32	0	690064.0	690.064	49.58383333333333	49.79300000000001	50.86266666666666	49.574932	49.627942	50.822189	99.79828621341295	2574719.0	42.91198333333333	4301.46	1920	1080	30.0	8	261f16986fdaa99020949606ade5b96c	05e8d16b33b72c69a58aabad012e46d4	1920	1080	8872.0	4.0	2936.0	23806.0	False	False	0.9987887332836787	0.9980631367703874
wikipedia_420	wikipedia_420	svtav1	svtav1_20200810_2d8ec9b_enc-mode0	60	43	0	505920.0	505.92	46.779999999999994	47.33233333333332	48.769333333333314	46.742126	47.269561	48.729346	99.74799575623446	1801378.0	30.022966666666665	3085.33	1920	1080	30.0	8	99dc92c3bf32460aebb17c17d6ab0d31	4aaac7864069c3eb70a6e944073fecf8	1920	1080	8564.0	3.0	2396.0	22276.0	False	False	0.9985536396503448	0.997755032420679
wikipedia_420	wikipedia_420	svtav1	svtav1_20200810_2d8ec9b_enc-mode0	60	55	0	344880.0	344.88	41.464166666666664	44.306333333333335	45.41483333333333	41.419416	44.28624	45.352821999999996	99.3640614920605	1953280.0	32.55466666666667	3164.15	1920	1080	30.0	8	485ec9027764680cca0548af3c32b48a	e3776d4262469ec9171ae6ac804c2c33	1920	1080	9830.0	4.0	2605.0	23756.0	False	False	0.9975291311740875	0.9965515463260259
wikipedia_420	wikipedia_420	svtav1	svtav1_20200810_2d8ec9b_enc-mode0	60	59	0	275916.0	275.916	38.050166666666655	42.40683333333334	43.15916666666668	38.006284	42.399955	43.089625	97.86613899276972	1859067.0	30.98445	3117.54	1920	1080	30.0	8	58c68e44396f31b1c7dd91087fc693be	229e4ef22c26d8064a2dcb730705da6a	1920	1080	8876.0	2.0	2561.0	23047.0	False	False	0.9953491002321243	0.9943509941933761
touchdown_pass_1080p_60f	touchdown_pass_1080p_60f	svtav1	svtav1_20200810_2d8ec9b_enc-mode0	60	20	0	19396204.0	19396.204	40.751333333333314	48.12116666666668	48.28266666666668	40.694912	48.112581	48.274103	96.49378123563261	10362723.0	172.71205	17344.3	1920	1080	29.97	8	a50368088568fd382b9d3e1c72d4c600	3d9d9fa5315edca34ddbeff2c3129268	1920	1080	13122.0	5.0	37965.0	31600.0	False	False	0.9959429969390233	0.9911762607507676
touchdown_pass_1080p_60f	touchdown_pass_1080p_60f	svtav1	svtav1_20200810_2d8ec9b_enc-mode0	60	32	0	4747316.0	4747.316	38.767666666666656	47.43816666666668	47.59383333333333	38.752632999999996	47.431074	47.587641	94.55178171156972	5706614.0	95.11023333333333	10276.36	1920	1080	29.97	8	261738f18c7f5da8251423fe1bfd1279	477465bdcecf67fe6f0579a4c7c0aa1b	1920	1080	12701.0	4.0	13615.0	23729.0	False	False	0.994049263993899	0.9870920505712689
touchdown_pass_1080p_60f	touchdown_pass_1080p_60f	svtav1	svtav1_20200810_2d8ec9b_enc-mode0	60	43	0	2185798.0	2185.798	37.68316666666666	46.53650000000002	46.61166666666664	37.664699	46.53073	46.60551	91.88274172283653	4790879.0	79.84798333333333	8031.44	1920	1080	29.97	8	53228c5e9b3b15d56e6991d7ed155693	8ad926a597425a066d9b189b4b59adbc	1920	1080	13057.0	3.0	10948.0	23361.0	False	False	0.9921163986126582	0.9836662547211497
touchdown_pass_1080p_60f	touchdown_pass_1080p_60f	svtav1	svtav1_20200810_2d8ec9b_enc-mode0	60	55	0	871270.0	871.27	35.36166666666667	44.62266666666668	44.73466666666666	35.333743	44.619488	44.728502	83.52906221714105	4131708.0	68.8618	7214.32	1920	1080	29.97	8	54caa8e36602e052faa281d76091d7c6	9ec7f8172f554e7d4ca7736182b4e0e5	1920	1080	17753.0	5.0	10275.0	23899.0	False	False	0.9815794318914414	0.966794069692901
touchdown_pass_1080p_60f	touchdown_pass_1080p_60f	svtav1	svtav1_20200810_2d8ec9b_enc-mode0	60	59	0	509324.0	509.324	33.5185	43.420333333333346	43.610499999999995	33.490289	43.419084	43.606318	73.19354422785175	2437283.0	40.621383333333334	4199.15	1920	1080	29.97	8	589ce52d60e8443b3e581025b335b4bf	9073bfb6a21cfec919de666c0148d940	1920	1080	12241.0	4.0	9245.0	23533.0	False	False	0.956130779782931	0.9361188001765243
Cosmos1_1920x856_BT2100_PQ_24fps	Cosmos1_1920x856_BT2100_PQ_24fps	svtav1	svtav1_20200810_2d8ec9b_enc-mode0	60	20	0	23285958.0	23285.958	42.146666666666654	45.03683333333333	47.69883333333334	42.101783	44.998165	47.679405	99.40729084505114	12399612.0	206.6602	20660.11	1920	856	24.0	10	0f10de69fe5ae5826084a1d2aa510375	e46d7ebf91bb937d5a2cfdfad1ba68c3	1920	856	19052.0	15.0	27787.0	18467.0	False	False	0.9969352086385092	0.9962093747904344
Cosmos1_1920x856_BT2100_PQ_24fps	Cosmos1_1920x856_BT2100_PQ_24fps	svtav1	svtav1_20200810_2d8ec9b_enc-mode0	60	32	0	9148089.0	9148.089	38.22666666666667	42.973833333333346	46.045166666666645	38.180575	42.949696	46.029077	95.4248821259789	9264576.0	154.4096	15407.41	1920	856	24.0	10	a9b69c65f97ff19fcd3e6143e2be088a	f5596e36a67d634a6336a2987125102d	1920	856	19087.0	4.0	19496.0	17890.0	False	False	0.9921368817488353	0.9911136979985228
Cosmos1_1920x856_BT2100_PQ_24fps	Cosmos1_1920x856_BT2100_PQ_24fps	svtav1	svtav1_20200810_2d8ec9b_enc-mode0	60	43	0	3621385.0	3621.385	35.582	41.51816666666665	44.86616666666668	35.521121	41.484819	44.845766	85.45713015316302	8901389.0	148.35648333333333	14477.87	1920	856	24.0	10	4badb3ecb0d31fedad5a345953559f25	9db2e6fc58a3e204ac33477bd1e49f93	1920	856	17568.0	3.0	14726.0	17606.0	False	False	0.9817439814408621	0.9814683863327561
Cosmos1_1920x856_BT2100_PQ_24fps	Cosmos1_1920x856_BT2100_PQ_24fps	svtav1	svtav1_20200810_2d8ec9b_enc-mode0	60	55	0	1373686.0	1373.686	32.88683333333333	39.784166666666664	43.190166666666684	32.8273	39.758888	43.177216	66.77988479557847	4995635.0	83.26058333333333	8459.03	1920	856	24.0	10	2cdb7f7a15c4de5535c59bab8721506e	131c9a0f2a8492bc035042096f019928	1920	856	17447.0	3.0	12555.0	17690.0	False	False	0.9533168027798334	0.957107255425671
Cosmos1_1920x856_BT2100_PQ_24fps	Cosmos1_1920x856_BT2100_PQ_24fps	svtav1	svtav1_20200810_2d8ec9b_enc-mode0	60	59	0	833481.0	833.481	31.528666666666666	38.931999999999995	42.153	31.483237	38.914658	42.148652	55.19614670020928	5695017.0	94.91695	9360.01	1920	856	24.0	10	98e843320599c45fb356420ec4865b6d	0513cff6a24cfcac03b7315497831cc9	1920	856	20034.0	8.0	11083.0	17597.0	False	False	0.9263108064730962	0.9346375137048888
MINECRAFT_60f_420	MINECRAFT_60f_420	svtav1	svtav1_20200810_2d8ec9b_enc-mode0	60	20	0	83530112.0	83530.112	43.34316666666667	45.548333333333325	46.13466666666667	43.198787	45.438482	46.045898	99.93793968771085	11715360.0	195.256	20626.7	1920	1080	60.0	8	94c98186b1c506367d47438f5a303104	07cd19f6718fe3afb24ceb56b9af57df	1920	1080	14294.0	4.0	28821.0	23917.0	False	False	0.9981942663590113	0.9969740382537857
MINECRAFT_60f_420	MINECRAFT_60f_420	svtav1	svtav1_20200810_2d8ec9b_enc-mode0	60	32	0	47103048.0	47103.048	38.40716666666666	43.55450000000001	43.94866666666668	38.25637	43.480365	43.889208	99.86363662696672	10778118.0	179.6353	18584.95	1920	1080	60.0	8	12722dfb079dbf402335baacbdd2f673	d6afd4aba4e89c6fb6040dcb8bb61b9f	1920	1080	14675.0	6.0	40926.0	31457.0	False	False	0.9948995729287465	0.991252639272484
MINECRAFT_60f_420	MINECRAFT_60f_420	svtav1	svtav1_20200810_2d8ec9b_enc-mode0	60	43	0	21064320.0	21064.32	34.370999999999995	41.87616666666668	42.08916666666666	34.213799	41.819166	42.046416	95.74232895441133	8872768.0	147.87946666666667	15331.91	1920	1080	60.0	8	6f401dd1d61be8ad6df8a5af0fe83690	3f93409f38bddffec65b31502115f6b6	1920	1080	14186.0	7.0	18958.0	23047.0	False	False	0.9864714592695236	0.9780929033129244
MINECRAFT_60f_420	MINECRAFT_60f_420	svtav1	svtav1_20200810_2d8ec9b_enc-mode0	60	55	0	7012544.0	7012.544	30.915666666666663	39.66283333333333	39.5595	30.830431	39.632282	39.527192	80.33131389263541	6595304.0	109.92173333333334	11237.83	1920	1080	60.0	8	0d65e09b6c6719289bb2c6b88a432826	6d3c1bf561f0308c43b308ffe3104b92	1920	1080	16690.0	4.0	14100.0	29184.0	False	False	0.9605246891578039	0.9432117621995152
MINECRAFT_60f_420	MINECRAFT_60f_420	svtav1	svtav1_20200810_2d8ec9b_enc-mode0	60	59	0	3993576.0	3993.576	29.420666666666673	38.09383333333334	37.89649999999999	29.365809	38.080048	37.863761	68.68927418634875	5145875.0	85.76458333333333	8502.95	1920	1080	60.0	8	0d4fcf881cad6408c59aa4adcd4a1c0a	81e5c496ccce18e7e1af14aff02287e3	1920	1080	15203.0	4.0	12642.0	24276.0	False	False	0.9260099202394485	0.9047895104593302
Netflix_FoodMarket_1920x1080_60f	Netflix_FoodMarket_1920x1080_60f	svtav1	svtav1_20200810_2d8ec9b_enc-mode0	60	20	0	21619184.0	21619.184	41.11016666666667	44.919833333333344	45.66516666666666	41.101305	44.916457	45.662906	99.30008099363737	11107721.0	185.12868333333333	18833.39	1920	1080	60.0	8	1a756d4fd782fcbc4485ad72eea7c1fd	a2cfdaa4a63059f65ad21d83d4e1e337	1920	1080	13044.0	4.0	19547.0	24106.0	False	False	0.9953905075788498	0.9899871721711847
Netflix_FoodMarket_1920x1080_60f	Netflix_FoodMarket_1920x1080_60f	svtav1	svtav1_20200810_2d8ec9b_enc-mode0	60	32	0	7368048.0	7368.048	39.852000000000004	44.1395	45.06983333333334	39.845368	44.136647	45.068523	96.40676865319266	7953846.0	132.5641	13614.27	1920	1080	60.0	8	b183d8c64114aeeda8901277f2575dd2	eb392915d261678ee89c4c8a91cfdec1	1920	1080	12660.0	7.0	13795.0	23832.0	False	False	0.9924187928438186	0.9856596853774626
Netflix_FoodMarket_1920x1080_60f	Netflix_FoodMarket_1920x1080_60f	svtav1	svtav1_20200810_2d8ec9b_enc-mode0	60	43	0	3601920.0	3601.92	38.56616666666667	43.244833333333325	44.32766666666667	38.552596	43.240603	44.325982	91.91306187257537	5068029.0	84.46715	7985.1	1920	1080	60.0	8	4499dca6cbc9224a67eaaf999a1f2bec	e53f3dd20e1cfb3cf8c7bdc10fae421e	1920	1080	12546.0	21.0	12003.0	23950.0	False	False	0.9879461775223414	0.9798617730492356
Netflix_FoodMarket_1920x1080_60f	Netflix_FoodMarket_1920x1080_60f	svtav1	svtav1_20200810_2d8ec9b_enc-mode0	60	55	0	1549504.0	1549.504	36.3275	41.839833333333324	42.94300000000001	36.307405	41.833819999999996	42.938397	80.372914845937	3939144.0	65.6524	6638.66	1920	1080	60.0	8	1bb128bae57bc6dc7f263fb294af193b	c9a994218e9d592d1c5dfdb22ea40fbc	1920	1080	12517.0	5.0	10778.0	27006.0	False	False	0.9720501671234767	0.9626767057831145
Netflix_FoodMarket_1920x1080_60f	Netflix_FoodMarket_1920x1080_60f	svtav1	svtav1_20200810_2d8ec9b_enc-mode0	60	59	0	990712.0	990.712	34.948166666666665	40.93500000000001	41.92066666666665	34.931101	40.929784	41.911583	70.73778294314276	4123191.0	68.71985	6535.9	1920	1080	60.0	8	16ad52882c0d90c45616925bfd41971e	92617ccb3aab50a4a17612d17d479426	1920	1080	16996.0	13.0	10133.0	23433.0	False	False	0.9541954139868418	0.9456035337052039
life_1080p30_60f	life_1080p30_60f	svtav1	svtav1_20200810_2d8ec9b_enc-mode0	60	20	0	12796396.0	12796.396	44.48483333333334	49.721499999999985	49.346666666666664	44.469816	49.712585	49.339201	99.57082776758733	8585745.0	143.09575	14342.25	1920	1080	30.0	8	f01b37c58db0f73a17952d40ddc52522	db2cc2f156aac4ad6ef0f339c6f2acd4	1920	1080	12587.0	3.0	14442.0	23061.0	False	False	0.9992014815409979	0.9979241643273817
life_1080p30_60f	life_1080p30_60f	svtav1	svtav1_20200810_2d8ec9b_enc-mode0	60	32	0	6125192.0	6125.192	41.66583333333336	47.69933333333335	47.378000000000014	41.656808	47.685976	47.367224	97.87785119664709	7097449.0	118.29081666666667	12000.91	1920	1080	30.0	8	26b42df24f9bbc23f1a0a990d93abd9a	1c11ff1698479059cf318ec34c671a73	1920	1080	12831.0	34.0	12727.0	24105.0	False	False	0.998562886317571	0.9964595300821133
life_1080p30_60f	life_1080p30_60f	svtav1	svtav1_20200810_2d8ec9b_enc-mode0	60	43	0	3006968.0	3006.968	38.98766666666667	45.655833333333334	45.460333333333324	38.973919	45.635416	45.446334	94.87312566562164	4056027.0	67.60045	7568.4	1920	1080	30.0	8	88ddbf75cba8d0e242aad13239f51365	e6b8f4b0420fc4908abdfd8e494d287d	1920	1080	12537.0	4.0	10460.0	22684.0	False	False	0.99698526263237	0.9932249796468551
life_1080p30_60f	life_1080p30_60f	svtav1	svtav1_20200810_2d8ec9b_enc-mode0	60	55	0	1266236.0	1266.236	35.481	42.842833333333346	42.697	35.467043	42.825463	42.678979	88.24266776536533	4119307.0	68.65511666666667	6821.94	1920	1080	30.0	8	8c8ec56beb3c87bfe20721d691e42daf	6ac6e4be59c864cbab9b884210736a04	1920	1080	13193.0	18.0	9879.0	24575.0	False	False	0.9907347540060679	0.981035327565172
life_1080p30_60f	life_1080p30_60f	svtav1	svtav1_20200810_2d8ec9b_enc-mode0	60	59	0	790988.0	790.988	33.69766666666667	41.283500000000004	40.97783333333333	33.690742	41.276089	40.970959	82.146965253598	3171026.0	52.850433333333335	5487.44	1920	1080	30.0	8	65d1c2f78fa32377e850e21b64484f17	b7e456c919d79efb517a44400d26fc1b	1920	1080	13052.0	4.0	9222.0	23579.0	False	False	0.9813653647899627	0.9653995779711234
rush_hour_1080p25_60f	rush_hour_1080p25_60f	svtav1	svtav1_20200810_2d8ec9b_enc-mode0	60	20	0	5450386.0	5450.386	43.100500000000004	46.94683333333334	48.97816666666667	43.096756	46.942744	48.971867	97.1504637636708	9884256.0	164.7376	17251.99	1920	1080	25.0	8	cd138a12154519b859eda3b814a3c5c1	931a65732ea31a5195529a7ce14400fc	1920	1080	10258.0	5.0	20449.0	24390.0	False	False	0.9965233067671458	0.992568498377144
rush_hour_1080p25_60f	rush_hour_1080p25_60f	svtav1	svtav1_20200810_2d8ec9b_enc-mode0	60	32	0	2557376.0	2557.3759999999997	42.19683333333333	45.97233333333333	47.77499999999999	42.193297	45.970577	47.769839	93.36863743731443	6653773.0	110.89621666666666	11383.67	1920	1080	25.0	8	3cf599c6f53afb6c5e5c62e7d9423fc6	558f7698bde25bd39c243d7fcbd30319	1920	1080	10462.0	4.0	15839.0	23201.0	False	False	0.9944411834081014	0.9905226009270538
rush_hour_1080p25_60f	rush_hour_1080p25_60f	svtav1	svtav1_20200810_2d8ec9b_enc-mode0	60	43	0	1277226.0	1277.226	40.94800000000002	45.049833333333325	46.54366666666667	40.93888	45.044332000000004	46.529433	86.72956584133486	4607300.0	76.78833333333333	7772.3	1920	1080	25.0	8	4ea831e77999b5e8cd8f6e420d5f61f9	d89a956bc527e25a47b7f40488a799cd	1920	1080	9816.0	27.0	13509.0	22919.0	False	False	0.9908547123273214	0.9872999208382911
rush_hour_1080p25_60f	rush_hour_1080p25_60f	svtav1	svtav1_20200810_2d8ec9b_enc-mode0	60	55	0	567386.0	567.386	38.8975	43.30266666666669	44.44766666666667	38.872087	43.297503	44.430864	74.66685295583606	3619284.0	60.3214	5524.86	1920	1080	25.0	8	aa505c8f0ca8d21a7fe7e70aa29f7617	841af06665f245f42367dc118981e17d	1920	1080	10722.0	4.0	11218.0	24293.0	False	False	0.9824407627185185	0.9801192396338003
rush_hour_1080p25_60f	rush_hour_1080p25_60f	svtav1	svtav1_20200810_2d8ec9b_enc-mode0	60	59	0	386816.0	386.816	37.71183333333333	42.22033333333333	43.224833333333336	37.681941	42.21287399999999	43.205239	67.29656339654804	3059696.0	50.994933333333336	5070.03	1920	1080	25.0	8	54f3e06b94519fe34f77afd4d1f936cc	e3d4295d2fd0a608a811bdfd38648818	1920	1080	10414.0	4.0	9715.0	24109.0	False	False	0.9754409352938335	0.9743168292642042
Netflix_TunnelFlag_1920x1080_60f	Netflix_TunnelFlag_1920x1080_60f	svtav1	svtav1_20200810_2d8ec9b_enc-mode0	60	20	0	28638616.0	28638.616	43.072	46.96383333333332	48.46050000000001	43.036204	46.955691	48.456161	99.94599712141981	12391631.0	206.52718333333334	20058.52	1920	1080	60.0	8	24a2962831ef4e4077b495cb6e2a72f0	3f8c05f72eed2c8c02b5e31eca762947	1920	1080	18111.0	7.0	26183.0	32502.0	False	False	0.9987267990907033	0.996746312294416
Netflix_TunnelFlag_1920x1080_60f	Netflix_TunnelFlag_1920x1080_60f	svtav1	svtav1_20200810_2d8ec9b_enc-mode0	60	32	0	14197752.0	14197.752	40.67833333333332	45.37216666666668	47.210666666666675	40.644127	45.368169	47.206084	99.91785373304918	8121834.0	135.3639	13939.12	1920	1080	60.0	8	71976910587ab77579a2d98a168c4869	b032b7a2633552b12982d32f2e13c576	1920	1080	13160.0	3.0	16849.0	23379.0	False	False	0.9976813505093257	0.9944780183541873
Netflix_TunnelFlag_1920x1080_60f	Netflix_TunnelFlag_1920x1080_60f	svtav1	svtav1_20200810_2d8ec9b_enc-mode0	60	43	0	7442312.0	7442.312	38.321166666666684	43.85916666666665	46.0585	38.263373	43.85264399999999	46.049684	99.90348240494214	5754716.0	95.91193333333334	10077.74	1920	1080	60.0	8	f0f898990e52d4f4bf4191a9f9834bac	7081dff92163795c772279c4de82c0c9	1920	1080	12550.0	4.0	15533.0	23934.0	False	False	0.9956254363059998	0.9907185474664183
Netflix_TunnelFlag_1920x1080_60f	Netflix_TunnelFlag_1920x1080_60f	svtav1	svtav1_20200810_2d8ec9b_enc-mode0	60	55	0	3577752.0	3577.752	35.53883333333332	41.27883333333333	44.11983333333334	35.494527	41.27468	44.112039	99.83630840113173	4788567.0	79.80945	8185.39	1920	1080	60.0	8	584715217214203893105c53f48054bd	abec25d4d9ee3f17eecd65491f7d8dbf	1920	1080	12816.0	4.0	13915.0	23644.0	False	False	0.9915594309568405	0.9846340603930394
Netflix_TunnelFlag_1920x1080_60f	Netflix_TunnelFlag_1920x1080_60f	svtav1	svtav1_20200810_2d8ec9b_enc-mode0	60	59	0	2543272.0	2543.272	34.09066666666666	39.924166666666665	42.73833333333333	34.065598	39.921369	42.734888	99.73573586821495	3909624.0	65.1604	6368.62	1920	1080	60.0	8	678d48e0d16433540fe9e3335807e837	56a09c6d4e41301a9314875070dd6539	1920	1080	12285.0	3.0	13433.0	22898.0	False	False	0.9885209977626801	0.9807799564813866
ducks_take_off_1080p50_60f	ducks_take_off_1080p50_60f	svtav1	svtav1_20200810_2d8ec9b_enc-mode0	60	20	0	113428473.0	113428.473	39.014500000000005	38.977833333333336	41.21933333333333	38.958536	38.958317	41.20815	98.84102132885079	10631980.0	177.19966666666667	18566.02	1920	1080	50.0	8	8e00866457151a58c4154ad6a8269927	8e3c17263eb13cd9219281cb37aa29b9	1920	1080	17153.0	7.0	36149.0	24459.0	False	False	0.9988984684149425	0.9959851209025776
ducks_take_off_1080p50_60f	ducks_take_off_1080p50_60f	svtav1	svtav1_20200810_2d8ec9b_enc-mode0	60	32	0	30740686.0	30740.686	35.147666666666666	36.85783333333333	39.88233333333334	35.131531	36.846624	39.872927	93.7008740423532	8923163.0	148.71938333333333	16157.02	1920	1080	50.0	8	c8dc85d8a1aa99656dc181d125eea8ce	68246c9013faa403b4ccf565c58b9c8d	1920	1080	15746.0	4.0	26784.0	22934.0	False	False	0.9967081228892009	0.990139552502887
ducks_take_off_1080p50_60f	ducks_take_off_1080p50_60f	svtav1	svtav1_20200810_2d8ec9b_enc-mode0	60	43	0	10970906.0	10970.906	33.17133333333333	35.13283333333334	38.612333333333346	33.151015	35.095634	38.597234	85.22778465153492	6984824.0	116.41373333333334	12421.11	1920	1080	50.0	8	b99c522043da447a8381b27cb0e110e5	9807afe456a64a6721243436e6efbeb4	1920	1080	16915.0	4.0	19813.0	23561.0	False	False	0.991557585199674	0.9821807192857526
ducks_take_off_1080p50_60f	ducks_take_off_1080p50_60f	svtav1	svtav1_20200810_2d8ec9b_enc-mode0	60	55	0	4553280.0	4553.28	31.036999999999995	33.583	37.622666666666674	30.991088	33.530412	37.612438	70.9475848257076	4498679.0	74.97798333333333	7985.12	1920	1080	50.0	8	8604e7057f2f942a319f427281806b15	4f1264098e4bbbae28d524427f28d38c	1920	1080	15607.0	4.0	16119.0	22778.0	False	False	0.978769713640213	0.9661716265418604
ducks_take_off_1080p50_60f	ducks_take_off_1080p50_60f	svtav1	svtav1_20200810_2d8ec9b_enc-mode0	60	59	0	3013986.0	3013.986	29.966833333333337	32.76533333333334	37.08066666666665	29.923968	32.72881	37.074907	62.71882202835817	4203037.0	70.05061666666667	7169.58	1920	1080	50.0	8	a371d7afb81b3a6a87d51817e11f1ad1	c38b5a3319bfde5349417f6db5e6218f	1920	1080	16687.0	5.0	14921.0	28102.0	False	False	0.9684190213680267	0.9540909179151694
ToddlerFountn_1920x1080_2997_10b	ToddlerFountn_1920x1080_2997_10b	svtav1	svtav1_20200810_2d8ec9b_enc-mode0	60	20	0	58016341.0	58016.341	41.53549999999999	46.44933333333333	43.92133333333334	41.480719	46.436067	43.895442	99.91514861731213	16092774.0	268.2129	28923.74	1920	1080	29.97	10	892959bccb91c28e833c2cb1c343e6d6	43e0edd48666dc3c66e69bdf2c030db5	1920	1080	21717.0	4.0	33482.0	23756.0	False	False	0.9979233910640081	0.995429956974325
ToddlerFountn_1920x1080_2997_10b	ToddlerFountn_1920x1080_2997_10b	svtav1	svtav1_20200810_2d8ec9b_enc-mode0	60	32	0	28947664.0	28947.664	37.29233333333334	44.90583333333333	41.924666666666674	37.235537	44.895151000000006	41.906534	99.86089742171528	15153871.0	252.56451666666666	27640.59	1920	1080	29.97	10	73d039755a5a51b8a748f6ce5b5f120d	8082ffc5f78fd192f9f882e8af53f5cc	1920	1080	22588.0	5.0	28561.0	23167.0	False	False	0.9934597700834275	0.9871571844837985
ToddlerFountn_1920x1080_2997_10b	ToddlerFountn_1920x1080_2997_10b	svtav1	svtav1_20200810_2d8ec9b_enc-mode0	60	43	0	13016927.0	13016.927	33.67183333333334	43.292833333333334	40.37150000000001	33.605061	43.282601	40.35999	90.95771498454765	15620723.0	260.34538333333336	25330.35	1920	1080	29.97	10	d6964a6bf43f20df985efbbab43057f5	edd76cb8cd34e830d5281af4406ae515	1920	1080	22077.0	5.0	25076.0	23997.0	False	False	0.9807506640752156	0.9676164229387206
ToddlerFountn_1920x1080_2997_10b	ToddlerFountn_1920x1080_2997_10b	svtav1	svtav1_20200810_2d8ec9b_enc-mode0	60	55	0	4906566.0	4906.566	30.325499999999998	41.63799999999999	39.10899999999999	30.278295	41.63543	39.104429	69.35369849634071	10422884.0	173.71473333333333	17187.48	1920	1080	29.97	10	d2e903537ff35cd5041bace4b00c8e29	03624b6ba7bd52a84c092c882f1fb69e	1920	1080	22917.0	4.0	21225.0	24518.0	False	False	0.9437929431597392	0.9228083547778003
ToddlerFountn_1920x1080_2997_10b	ToddlerFountn_1920x1080_2997_10b	svtav1	svtav1_20200810_2d8ec9b_enc-mode0	60	59	0	3066150.0	3066.15	29.06483333333334	40.87783333333334	38.61833333333334	29.029671	40.876338	38.615996	57.93001064418938	10221819.0	170.36365	15675.09	1920	1080	29.97	10	a86b8630ff8d7818eb6ae650c08a09c9	af1c252b1d0ec7bf625df1e0cd4942c0	1920	1080	22134.0	30.0	17572.0	23021.0	False	False	0.916516383488973	0.8945456791692011
