gipsrestat720p_60f	gipsrestat720p_60f	libaom	libaom_20201211_ac2c30b_enc-mode0	60	20	0	2680826.0	2680.826	44.49983333333333	47.4395	49.091833333333334	44.482169	47.432742	49.084155	-1.0	3108946.0	51.81576666666667	3105.51	1280	720	50.0	8	2475deb93e1474a5c21a0ab0ad42ff62	ade5071fdf2b23ebfb3c5df15e2186a0	1280	720	7277.0	118.0	516.0	4.0	False	False	-1.0	-1.0
gipsrestat720p_60f	gipsrestat720p_60f	libaom	libaom_20201211_ac2c30b_enc-mode0	60	32	0	1336186.0	1336.186	43.37333333333332	47.08116666666664	48.59416666666668	43.340479	47.077056	48.588284	-1.0	1752394.0	29.206566666666667	1749.74	1280	720	50.0	8	88dff6909092e99af5fbec8ec7ecac9b	d9256b506aaa62cd90d18872777e9972	1280	720	7218.0	102.0	403.0	3.0	False	False	-1.0	-1.0
gipsrestat720p_60f	gipsrestat720p_60f	libaom	libaom_20201211_ac2c30b_enc-mode0	60	43	0	785400.0	785.4	42.08316666666666	46.432833333333356	47.81916666666666	42.027818	46.429239	47.812688	-1.0	1121040.0	18.684	1119.51	1280	720	50.0	8	7307c2adf27325ca65d1ab5eedefce89	07089664b44038f9b3f109d2ee906fb8	1280	720	7380.0	105.0	367.0	4.0	False	False	-1.0	-1.0
gipsrestat720p_60f	gipsrestat720p_60f	libaom	libaom_20201211_ac2c30b_enc-mode0	60	55	0	425600.0	425.6	40.038166666666676	44.99316666666666	46.05166666666666	39.991843	44.990484	46.04815700000001	-1.0	579342.0	9.6557	578.59	1280	720	50.0	8	dede296e777812174c15de1a26356e33	60446da7fd39297aa0b40cb38d21e128	1280	720	7252.0	115.0	279.0	5.0	False	False	-1.0	-1.0
gipsrestat720p_60f	gipsrestat720p_60f	libaom	libaom_20201211_ac2c30b_enc-mode0	60	63	0	194806.0	194.806	36.27583333333333	41.91433333333334	42.66416666666667	36.258122	41.913338	42.662342	-1.0	529171.0	8.819516666666667	527.92	1280	720	50.0	8	ea63cda6ba26fc082255ac89cc1c4aae	a97b32b52741601543e4c59d34b4b391	1280	720	6067.0	116.0	243.0	3.0	False	False	-1.0	-1.0
kirland360p_60f	kirland360p_60f	libaom	libaom_20201211_ac2c30b_enc-mode0	60	20	0	270828.0	270.828	47.22583333333332	48.5385	49.75166666666666	47.163636	48.490542	49.709086	-1.0	456606.0	7.6101	455.63	640	360	30.0	8	a7dc8635c2d5dbb4c4098fc21942f8ba	209e7b667386b7f1a545b325fa433c71	640	360	1347.0	46.0	126.0	4.0	False	False	-1.0	-1.0
kirland360p_60f	kirland360p_60f	libaom	libaom_20201211_ac2c30b_enc-mode0	60	32	0	158976.0	158.976	46.192333333333345	48.04616666666666	49.03966666666668	46.128269	48.014243	49.005068	-1.0	266521.0	4.4420166666666665	266.21	640	360	30.0	8	ce75cbec7ab5e7c01ccee83ac37553a8	e87f0e59dcaffa9d5f5ffd520b807ff3	640	360	1352.0	43.0	101.0	3.0	False	False	-1.0	-1.0
kirland360p_60f	kirland360p_60f	libaom	libaom_20201211_ac2c30b_enc-mode0	60	43	0	109288.0	109.288	45.14033333333336	47.561333333333316	48.41633333333335	45.0551	47.525376	48.39606	-1.0	189019.0	3.150316666666667	188.79	640	360	30.0	8	d5b86bef8a293c48e758052df12a2daf	982fc8945b3921d7a5a7a933a0ed9e10	640	360	1511.0	47.0	99.0	3.0	False	False	-1.0	-1.0
kirland360p_60f	kirland360p_60f	libaom	libaom_20201211_ac2c30b_enc-mode0	60	55	0	71368.0	71.368	43.5875	46.94066666666667	47.38433333333335	43.410191000000005	46.888806	47.295148	-1.0	120841.0	2.0140166666666666	120.64	640	360	30.0	8	e7b173800355ec8fc721a694e9db27cb	c632b8faf5a0758c4545f29eaa7f2cce	640	360	1565.0	46.0	82.0	3.0	False	False	-1.0	-1.0
kirland360p_60f	kirland360p_60f	libaom	libaom_20201211_ac2c30b_enc-mode0	60	63	0	50780.0	50.78	41.84349999999999	46.18216666666667	46.371	41.21976200000001	45.955397	45.923922999999995	-1.0	88207.0	1.4701166666666667	87.94	640	360	30.0	8	781d7f8562b3dfb0c81d45cf5738e0cb	960435295d06144ec751a1721c7467e7	640	360	1418.0	48.0	83.0	4.0	False	False	-1.0	-1.0
speed_bag_640x360_60f	speed_bag_640x360_60f	libaom	libaom_20201211_ac2c30b_enc-mode0	60	20	0	409642.0	409.642	46.48533333333333	49.45966666666667	50.95416666666666	46.414461	49.415176	50.897905	-1.0	564662.0	9.411033333333334	563.38	640	360	29.97	8	6f0c24385febc22f6e570f04435fff9d	d0bc05fdaa3e3657ffe924a2b118df87	640	360	1480.0	44.0	196.0	4.0	False	False	-1.0	-1.0
speed_bag_640x360_60f	speed_bag_640x360_60f	libaom	libaom_20201211_ac2c30b_enc-mode0	60	32	0	236841.0	236.841	44.70733333333333	48.042666666666655	49.770999999999994	44.575655	47.975029	49.674531	-1.0	346924.0	5.782066666666666	346.47	640	360	29.97	8	38b94c2180adc5b6ed7876506045aca1	69de1b384146a0f622ab501bd7f349b7	640	360	1822.0	50.0	177.0	4.0	False	False	-1.0	-1.0
speed_bag_640x360_60f	speed_bag_640x360_60f	libaom	libaom_20201211_ac2c30b_enc-mode0	60	43	0	141428.0	141.428	42.69483333333332	46.40983333333334	48.32299999999999	42.503088	46.321826	48.172448	-1.0	237180.0	3.953	236.89	640	360	29.97	8	272f53b2b28c16237da8427d476d988b	d8ff6fe73f2957ade374e09d77a1e4ba	640	360	1712.0	47.0	128.0	3.0	False	False	-1.0	-1.0
speed_bag_640x360_60f	speed_bag_640x360_60f	libaom	libaom_20201211_ac2c30b_enc-mode0	60	55	0	82893.0	82.893	40.12599999999999	44.166833333333344	46.60666666666668	39.857356	44.067199	46.399265	-1.0	149412.0	2.4902	149.12	640	360	29.97	8	f0f8d4d231e8ba904d43441082499673	ebcdcd3c05592d70a9b1550952929e76	640	360	1722.0	51.0	121.0	4.0	False	False	-1.0	-1.0
speed_bag_640x360_60f	speed_bag_640x360_60f	libaom	libaom_20201211_ac2c30b_enc-mode0	60	63	0	50751.0	50.751	37.37416666666668	42.192666666666675	44.56066666666666	36.98769	42.064932	44.338828	-1.0	103032.0	1.7172	102.25	640	360	29.97	8	c0bfd75c075cb402c2c930f0cb3e52cc	ea3613f1876cc9f639fc3e34570647f4	640	360	1596.0	42.0	89.0	3.0	False	False	-1.0	-1.0
RollerCoastPas_1920x1080_2997_10	RollerCoastPas_1920x1080_2997_10	libaom	libaom_20201211_ac2c30b_enc-mode0	60	20	0	3084836.0	3084.836	45.30449999999999	45.48150000000001	43.886833333333335	45.30311100000001	45.480801	43.884646	97.16322916362566	5634106.0	93.90176666666666	5618.62	1920	1080	29.97	10	a94c91525815af478e04428a1fede855	29f7d1f2237860a1c050afce6a746226	1920	1080	21217.0	413.0	1313.0	22812.0	False	False	0.9987201770146688	0.9970678630455294
RollerCoastPas_1920x1080_2997_10	RollerCoastPas_1920x1080_2997_10	libaom	libaom_20201211_ac2c30b_enc-mode0	60	32	0	1605267.0	1605.267	44.41549999999999	44.99216666666669	43.408166666666645	44.414498	44.991094	43.407417	-1.0	5183243.0	86.38738333333333	5176.85	1920	1080	29.97	10	58b1d745f30defc6749e2515290cb3eb	5694d92cdd3647fda25de9bbd343896d	1920	1080	25877.0	457.0	1216.0	5.0	False	False	-1.0	-1.0
RollerCoastPas_1920x1080_2997_10	RollerCoastPas_1920x1080_2997_10	libaom	libaom_20201211_ac2c30b_enc-mode0	60	43	0	942667.0	942.667	43.09783333333333	44.244500000000016	42.758166666666675	43.094992	44.244051	42.758334	95.37008196148236	3927336.0	65.4556	3889.22	1920	1080	29.97	10	ce8debcc65367a405512166cca5c9d28	501d4d4a29fac9c397ac200a2e818484	1920	1080	21797.0	483.0	1324.0	24958.0	False	False	0.9975923935572306	0.9952453097301492
RollerCoastPas_1920x1080_2997_10	RollerCoastPas_1920x1080_2997_10	libaom	libaom_20201211_ac2c30b_enc-mode0	60	55	0	477422.0	477.42199999999997	40.78749999999999	42.64533333333334	41.366166666666665	40.783518	42.645244	41.365597	92.67343107789047	2353858.0	39.23096666666667	2342.62	1920	1080	29.97	10	90afc1a342bd3261f04608dd55b0dcdf	6238759494b0460e19cb62d16203f530	1920	1080	25741.0	454.0	1051.0	40912.0	False	False	0.995455539226532	0.9921428316744509
RollerCoastPas_1920x1080_2997_10	RollerCoastPas_1920x1080_2997_10	libaom	libaom_20201211_ac2c30b_enc-mode0	60	63	0	217358.0	217.358	37.10766666666665	39.87333333333333	38.86466666666668	37.099502	39.869831	38.862728	84.38023166798598	1803606.0	30.0601	1797.68	1920	1080	29.97	10	753ee52d8c1fbc950c92b02a40acbc18	e6d3456e2a8d3777e26f28aa03555d50	1920	1080	21331.0	456.0	1022.0	38419.0	False	False	0.9877544482549031	0.9822513803603822
BarScene1_1920x1080_2997_10b	BarScene1_1920x1080_2997_10b	libaom	libaom_20201211_ac2c30b_enc-mode0	60	20	0	1725715.0	1725.715	42.54550000000001	44.80933333333332	43.686333333333344	42.544887	44.808501	43.685566	93.09200166758315	9133091.0	152.21818333333334	9105.79	1920	1080	29.97	10	d61545bf791421f58b0a265e493b7492	8054bb2e00a49e43f9350257083bfe96	1920	1080	21460.0	462.0	1268.0	38265.0	False	False	0.9959788382053375	0.9912237714816905
BarScene1_1920x1080_2997_10b	BarScene1_1920x1080_2997_10b	libaom	libaom_20201211_ac2c30b_enc-mode0	60	32	0	595751.0	595.751	42.327666666666644	44.69983333333334	43.569333333333326	42.326821	44.698974	43.569661	-1.0	6253109.0	104.21848333333334	6246.32	1920	1080	29.97	10	cb148c059474819c36c662c83fe37425	2a060b1f59e74f5d854e63ba1a77acbb	1920	1080	20467.0	431.0	893.0	4.0	False	False	-1.0	-1.0
BarScene1_1920x1080_2997_10b	BarScene1_1920x1080_2997_10b	libaom	libaom_20201211_ac2c30b_enc-mode0	60	43	0	300375.0	300.375	41.9565	44.55016666666667	43.435500000000005	41.956571000000004	44.549744	43.434871	90.98793858062807	3453783.0	57.56305	3435.23	1920	1080	29.97	10	393c45b0a587e8dc4548cea2fce202d4	d20f9d4f54107233caf9e863b183e9ec	1920	1080	20621.0	466.0	989.0	38819.0	False	False	0.9948393573363622	0.9895961406195375
BarScene1_1920x1080_2997_10b	BarScene1_1920x1080_2997_10b	libaom	libaom_20201211_ac2c30b_enc-mode0	60	55	0	137349.0	137.349	41.181	44.188333333333325	43.11933333333334	41.179953	44.187755	43.11867399999999	87.69172892259195	1595424.0	26.5904	1591.07	1920	1080	29.97	10	f7e6b4ac46bb1536adf707e3f9559e95	6d5b61c544ee4abced0877b183c68b0f	1920	1080	21219.0	435.0	846.0	23262.0	False	False	0.992309816678365	0.9866018559877312
BarScene1_1920x1080_2997_10b	BarScene1_1920x1080_2997_10b	libaom	libaom_20201211_ac2c30b_enc-mode0	60	63	0	60610.0	60.61	39.69783333333335	43.261333333333326	42.39566666666669	39.693657	43.260264	42.394737	77.99012821569066	1117071.0	18.61785	1111.32	1920	1080	29.97	10	7e011313e7265242d4db539192f27512	9d448d82454ada7adbf2f0b174effa0d	1920	1080	25435.0	460.0	795.0	24946.0	False	False	0.9843536118666331	0.9792211355704045
Netflix_PierSeaside_1920x1080_60	Netflix_PierSeaside_1920x1080_60	libaom	libaom_20201211_ac2c30b_enc-mode0	60	20	0	5898984.0	5898.984	45.16133333333335	47.38066666666666	45.46266666666667	45.13488399999999	47.370371	45.449198	-1.0	5097184.0	84.95306666666667	5091.46	1920	1080	60.0	8	05f9d3e45e06adb3c343974f6163db55	db21377593ea54d639051dc8591c6e88	1920	1080	10162.0	210.0	1313.0	4.0	False	False	-1.0	-1.0
Netflix_PierSeaside_1920x1080_60	Netflix_PierSeaside_1920x1080_60	libaom	libaom_20201211_ac2c30b_enc-mode0	60	32	0	2951176.0	2951.176	43.62583333333331	46.5395	44.85583333333334	43.590789	46.532806	44.847615	-1.0	4109782.0	68.49636666666666	4100.95	1920	1080	60.0	8	9e71377b0887c0261fe5d39fce50796d	8ecb82568df39fda4fb737c36230e119	1920	1080	10671.0	227.0	1066.0	4.0	False	False	-1.0	-1.0
Netflix_PierSeaside_1920x1080_60	Netflix_PierSeaside_1920x1080_60	libaom	libaom_20201211_ac2c30b_enc-mode0	60	43	0	1489144.0	1489.144	41.75366666666667	45.22600000000001	43.89616666666666	41.710779	45.222289	43.891523	-1.0	3152145.0	52.53575	3125.72	1920	1080	60.0	8	d112de7eb4cc0212c4677e965d0a2417	74354a1b346dd426ee651f247f71c5bc	1920	1080	10440.0	228.0	933.0	5.0	False	False	-1.0	-1.0
Netflix_PierSeaside_1920x1080_60	Netflix_PierSeaside_1920x1080_60	libaom	libaom_20201211_ac2c30b_enc-mode0	60	55	0	739728.0	739.728	39.46316666666666	43.359833333333334	42.50333333333333	39.431952	43.358855999999996	42.501556	-1.0	1765463.0	29.424383333333335	1761.98	1920	1080	60.0	8	92204209be8d812f10e076ff08192541	ece89267246330a9024039f876eec204	1920	1080	13307.0	211.0	781.0	3.0	False	False	-1.0	-1.0
Netflix_PierSeaside_1920x1080_60	Netflix_PierSeaside_1920x1080_60	libaom	libaom_20201211_ac2c30b_enc-mode0	60	63	0	391824.0	391.824	36.801833333333335	41.057999999999986	40.60066666666667	36.777464	41.038541	40.590407	-1.0	1193573.0	19.892883333333334	1190.27	1920	1080	60.0	8	50c66de93310032558b698ea3189088a	fd1bd7646bff5a1c66a290489239f575	1920	1080	10451.0	203.0	716.0	4.0	False	False	-1.0	-1.0
STARCRAFT_60f_420	STARCRAFT_60f_420	libaom	libaom_20201211_ac2c30b_enc-mode0	60	20	0	7525336.0	7525.336	50.24816666666667	53.47416666666667	53.49950000000002	50.229426	53.458533	53.490754	-1.0	1289926.0	21.49876666666667	1286.25	1920	1080	60.0	8	a1257967cc78d6ecd8faf09c8de4981c	e01411c54bd3928198135954d0d8e211	1920	1080	13978.0	216.0	938.0	5.0	False	False	-1.0	-1.0
STARCRAFT_60f_420	STARCRAFT_60f_420	libaom	libaom_20201211_ac2c30b_enc-mode0	60	32	0	4688608.0	4688.607999999999	47.5925	51.62166666666669	51.734666666666676	47.560887	51.589599	51.721022	-1.0	1385733.0	23.09555	1379.23	1920	1080	60.0	8	2440e1524392875e13a1ac0cd7bae5d9	2bf384e350e46e10e75fe7fddc3d5f1d	1920	1080	11250.0	215.0	720.0	3.0	False	False	-1.0	-1.0
STARCRAFT_60f_420	STARCRAFT_60f_420	libaom	libaom_20201211_ac2c30b_enc-mode0	60	43	0	2780792.0	2780.792	44.40933333333332	49.31416666666666	49.52350000000003	44.372692	49.282214	49.511446	-1.0	1295558.0	21.592633333333332	1292.19	1920	1080	60.0	8	4deac52857df3ccbd1e3fc0853536f2a	ce756354a94e12bdec7d276b0e7c63f1	1920	1080	24509.0	217.0	711.0	4.0	False	False	-1.0	-1.0
STARCRAFT_60f_420	STARCRAFT_60f_420	libaom	libaom_20201211_ac2c30b_enc-mode0	60	55	0	1406792.0	1406.792	40.42	46.094500000000004	46.34083333333335	40.398879	46.077333	46.333666	-1.0	1172328.0	19.5388	1168.71	1920	1080	60.0	8	0c7c2a8bafe5ce959274f1deab7afacf	d754f7f7f1d8b7d53908e0b89ff570cf	1920	1080	14244.0	227.0	709.0	5.0	False	False	-1.0	-1.0
STARCRAFT_60f_420	STARCRAFT_60f_420	libaom	libaom_20201211_ac2c30b_enc-mode0	60	63	0	597216.0	597.216	35.668166666666664	42.28100000000002	42.465000000000025	35.662629	42.276361	42.458846	-1.0	1078824.0	17.9804	1073.26	1920	1080	60.0	8	550936fd1dbe248969e67e7657b34f8e	12d57c8bf9c2f2c4795cad8a18b79154	1920	1080	14367.0	244.0	697.0	4.0	False	False	-1.0	-1.0
aspen_1080p_60f	aspen_1080p_60f	libaom	libaom_20201211_ac2c30b_enc-mode0	60	20	0	4633831.0	4633.831	43.16266666666666	47.81849999999999	49.05783333333334	43.140494	47.815812	49.056228	-1.0	5982040.0	99.70066666666666	5961.61	1920	1080	29.97	8	67ccbc24c9d9fcde5ae26f2350a7b3e4	033388d7ba46a2453e8474f93abdef70	1920	1080	9901.0	220.0	2037.0	4.0	False	False	-1.0	-1.0
aspen_1080p_60f	aspen_1080p_60f	libaom	libaom_20201211_ac2c30b_enc-mode0	60	32	0	1810910.0	1810.91	41.96883333333332	46.85833333333334	47.93249999999999	41.958348	46.855269	47.928253	-1.0	4494819.0	74.91365	4487.69	1920	1080	29.97	8	52e51bf16fd1745fa00b632d8c84bc8d	bb0145697ef35031bb17d3f6860d880f	1920	1080	9325.0	225.0	1549.0	3.0	False	False	-1.0	-1.0
aspen_1080p_60f	aspen_1080p_60f	libaom	libaom_20201211_ac2c30b_enc-mode0	60	43	0	886777.0	886.777	40.68866666666668	45.67333333333333	46.60383333333333	40.671945	45.669908	46.599234	-1.0	2797048.0	46.617466666666665	2795.12	1920	1080	29.97	8	f18349341ace847d8cd70dcf7e9a6a9c	e88e7341d1c8267f71e5989e9fd34211	1920	1080	12535.0	302.0	1340.0	5.0	False	False	-1.0	-1.0
aspen_1080p_60f	aspen_1080p_60f	libaom	libaom_20201211_ac2c30b_enc-mode0	60	55	0	459322.0	459.322	38.879	44.049333333333344	44.715500000000006	38.849577	44.043275	44.707439	-1.0	1885976.0	31.432933333333335	1878.86	1920	1080	29.97	8	4070d8e16025fa63641e16695ead8d90	24bca943c5afbdc4b7ea5c59dc89c61c	1920	1080	9450.0	221.0	1122.0	4.0	False	False	-1.0	-1.0
aspen_1080p_60f	aspen_1080p_60f	libaom	libaom_20201211_ac2c30b_enc-mode0	60	63	0	239892.0	239.892	36.375000000000014	41.9125	42.49283333333334	36.319503000000005	41.900885	42.478222	-1.0	1170401.0	19.506683333333335	1167.42	1920	1080	29.97	8	bf07de6ba24fdd7c29d40c40623837e8	1bd0c119f904b1b8f23cde308d39e1c2	1920	1080	12164.0	221.0	986.0	5.0	False	False	-1.0	-1.0
blue_sky_360p_60f	blue_sky_360p_60f	libaom	libaom_20201211_ac2c30b_enc-mode0	60	20	0	944193.0	944.193	43.17183333333333	44.583999999999996	46.18083333333333	43.121715	44.54929	46.154486	-1.0	835831.0	13.930516666666668	835.45	640	360	25.0	8	065e1953d56c1f553adddcd6c8ef3459	64f9baf8311ea1bf83a1c0763db6f4b2	640	360	2001.0	48.0	333.0	3.0	False	False	-1.0	-1.0
blue_sky_360p_60f	blue_sky_360p_60f	libaom	libaom_20201211_ac2c30b_enc-mode0	60	32	0	496870.0	496.87	40.45583333333334	42.041833333333344	43.50883333333336	40.4029	42.009283	43.493117	-1.0	653316.0	10.8886	652.83	640	360	25.0	8	c398c2a5e899c74d75097569f9db5d1e	18cf4d4ec1ebf3b40289b5ddb13f23ec	640	360	2237.0	44.0	241.0	4.0	False	False	-1.0	-1.0
blue_sky_360p_60f	blue_sky_360p_60f	libaom	libaom_20201211_ac2c30b_enc-mode0	60	43	0	292113.0	292.113	37.98483333333332	39.852333333333334	41.40933333333333	37.916019	39.827207	41.40049	-1.0	410008.0	6.833466666666666	409.75	640	360	25.0	8	7fecb4a5c71e88d267ce40d8a07884df	34f73993bcd44ff60e01f54830a43905	640	360	1870.0	43.0	200.0	5.0	False	False	-1.0	-1.0
blue_sky_360p_60f	blue_sky_360p_60f	libaom	libaom_20201211_ac2c30b_enc-mode0	60	55	0	166850.0	166.85	35.26250000000001	37.30666666666666	39.32016666666666	35.198232	37.289084	39.314705	-1.0	273219.0	4.55365	272.98	640	360	25.0	8	cc4812378341e81ee553458b18734378	7dc15630ebedee81ab9829b849c84c1e	640	360	2254.0	46.0	183.0	4.0	False	False	-1.0	-1.0
blue_sky_360p_60f	blue_sky_360p_60f	libaom	libaom_20201211_ac2c30b_enc-mode0	60	63	0	95646.0	95.646	32.23116666666667	35.195	37.81650000000001	32.13716	35.184184	37.813171	-1.0	226810.0	3.7801666666666667	224.45	640	360	25.0	8	40f939767cdcad5d044cf7fa40f5201c	124304c6bdf0051797d3b736b7c6fa45	640	360	1940.0	53.0	200.0	5.0	False	False	-1.0	-1.0
dark720p_60f	dark720p_60f	libaom	libaom_20201211_ac2c30b_enc-mode0	60	20	0	4548804.0	4548.804	44.6455	41.915	43.749500000000005	44.453281	41.770158	43.654724	-1.0	4537663.0	75.62771666666667	4522.43	1280	720	30.0	8	fdcf08d66741cddeba23ced3358775b0	17d14cac2070ee0a6b7dce82d9c0d1d3	1280	720	4867.0	106.0	1199.0	4.0	False	False	-1.0	-1.0
dark720p_60f	dark720p_60f	libaom	libaom_20201211_ac2c30b_enc-mode0	60	32	0	962908.0	962.908	43.03983333333336	38.20916666666666	41.49349999999997	42.945806	38.142389	41.48046	-1.0	2608741.0	43.479016666666666	2605.51	1280	720	30.0	8	a1400c40d8a2f0d2a76ef7838314b385	076196bda29eea07cf99453497167f06	1280	720	4839.0	123.0	671.0	4.0	False	False	-1.0	-1.0
dark720p_60f	dark720p_60f	libaom	libaom_20201211_ac2c30b_enc-mode0	60	43	0	274928.0	274.928	42.25133333333334	37.016	40.921333333333344	42.184511	37.014061	40.917899	-1.0	1698226.0	28.303766666666668	1695.01	1280	720	30.0	8	7f59909233ea14e0ae793fd6a8489ce1	ce9744dc3debce1d509760830cd4ecb0	1280	720	5896.0	119.0	452.0	5.0	False	False	-1.0	-1.0
dark720p_60f	dark720p_60f	libaom	libaom_20201211_ac2c30b_enc-mode0	60	55	0	134256.0	134.256	41.227333333333334	36.55499999999998	40.2345	41.181502	36.554207	40.230159	-1.0	800503.0	13.341716666666667	797.71	1280	720	30.0	8	123ee2fad40259fcdaf1792f566cb35f	1235816341cff822f701a7b89c188b42	1280	720	4549.0	115.0	351.0	4.0	False	False	-1.0	-1.0
dark720p_60f	dark720p_60f	libaom	libaom_20201211_ac2c30b_enc-mode0	60	63	0	73404.0	73.404	39.31683333333333	35.67533333333333	38.966999999999985	39.281079	35.671457	38.956327	-1.0	482753.0	8.045883333333334	481.21	1280	720	30.0	8	722f775742ccf24cbd5f051e41b8de0f	745645af3d949516332cef13af9eec48	1280	720	4758.0	107.0	309.0	3.0	False	False	-1.0	-1.0
niklas360p_60f	niklas360p_60f	libaom	libaom_20201211_ac2c30b_enc-mode0	60	20	0	1113984.0	1113.984	43.656166666666685	47.438833333333335	46.99733333333334	43.612291	47.380952	46.957043	-1.0	1545907.0	25.765116666666668	1544.48	640	360	30.0	8	d13a7d82b4dd03ca716c46491e4a448e	d46bd78a5e8e8a71aef07658e276776c	640	360	2064.0	44.0	339.0	3.0	False	False	-1.0	-1.0
niklas360p_60f	niklas360p_60f	libaom	libaom_20201211_ac2c30b_enc-mode0	60	32	0	639272.0	639.272	41.30816666666666	46.06216666666667	45.40399999999999	41.248081	46.005799	45.36525100000001	-1.0	1117115.0	18.618583333333333	1116.34	640	360	30.0	8	9f9fd8354238487d1b173cc9e8e3ed1c	e71c0e5b77f4f3e7136266473110a042	640	360	1742.0	49.0	261.0	5.0	False	False	-1.0	-1.0
niklas360p_60f	niklas360p_60f	libaom	libaom_20201211_ac2c30b_enc-mode0	60	43	0	367908.0	367.908	38.68633333333334	44.59049999999999	43.648499999999984	38.617399	44.552448	43.620017	-1.0	922808.0	15.380133333333333	922.06	640	360	30.0	8	38222cd0521502c1b43f1b55f736dc6b	51dd55a310a3d429bb03c80153da5be2	640	360	2148.0	46.0	213.0	11.0	False	False	-1.0	-1.0
niklas360p_60f	niklas360p_60f	libaom	libaom_20201211_ac2c30b_enc-mode0	60	55	0	201140.0	201.14	35.6565	42.687	41.56716666666666	35.589362	42.659395	41.54562	-1.0	499221.0	8.32035	495.19	640	360	30.0	8	e10480f7f218193a0dbf0138f7d36d4d	d41f580e8d39b804b7857a12e12f5881	640	360	2388.0	51.0	173.0	5.0	False	False	-1.0	-1.0
niklas360p_60f	niklas360p_60f	libaom	libaom_20201211_ac2c30b_enc-mode0	60	63	0	107984.0	107.984	32.43449999999999	40.77916666666665	39.39466666666667	32.340741	40.75988399999999	39.369628	-1.0	316047.0	5.26745	315.86	640	360	30.0	8	82e62a13ce8c3450836769cda8bdd310	82c60d95e628457c5f1f6d88f8dbeee3	640	360	1886.0	49.0	135.0	5.0	False	False	-1.0	-1.0
shields_640x360_60f	shields_640x360_60f	libaom	libaom_20201211_ac2c30b_enc-mode0	60	20	0	1636320.0	1636.32	41.57266666666667	44.290000000000006	45.801500000000004	41.440264	44.263537	45.720273	-1.0	1196375.0	19.939583333333335	1195.33	640	360	50.0	8	1122dc0cb9f59b3ac40aaf893a5b9c38	232fc39f291b8a5449fd83429b69836b	640	360	3046.0	47.0	279.0	3.0	False	False	-1.0	-1.0
shields_640x360_60f	shields_640x360_60f	libaom	libaom_20201211_ac2c30b_enc-mode0	60	32	0	919300.0	919.3	39.46149999999999	42.34816666666665	43.96566666666666	39.264563	42.292745	43.836899	-1.0	809194.0	13.486566666666667	808.88	640	360	50.0	8	d5d2d2fa92325cdc1547b2f759e87d58	2d03b9e2cd317e09544091328b553c86	640	360	3097.0	45.0	217.0	5.0	False	False	-1.0	-1.0
shields_640x360_60f	shields_640x360_60f	libaom	libaom_20201211_ac2c30b_enc-mode0	60	43	0	556513.0	556.513	37.282333333333334	40.42716666666667	42.223499999999994	37.016479	40.329145	42.050247	-1.0	579351.0	9.65585	578.95	640	360	50.0	8	29bac958acce2c58a10ba41924a1c1ca	0e17fc5f0ea7f10003ea213500facb12	640	360	2984.0	47.0	184.0	4.0	False	False	-1.0	-1.0
shields_640x360_60f	shields_640x360_60f	libaom	libaom_20201211_ac2c30b_enc-mode0	60	55	0	327473.0	327.473	34.352333333333334	37.947166666666675	39.96816666666665	33.99147	37.769184	39.720125	-1.0	392145.0	6.53575	391.9	640	360	50.0	8	c2d070c8be1fe942bffeec09f3be226f	b8a831d2b61f466120740d9b87a94dc9	640	360	3218.0	70.0	228.0	5.0	False	False	-1.0	-1.0
shields_640x360_60f	shields_640x360_60f	libaom	libaom_20201211_ac2c30b_enc-mode0	60	63	0	195246.0	195.246	31.158	35.79783333333335	37.66866666666667	30.635494	35.549732999999996	37.392093	-1.0	275290.0	4.588166666666667	275.0	640	360	50.0	8	4c1f0bad6fc102e5d018000df6e2a538	aa1b8fce944844107674a76439c23fb9	640	360	2401.0	42.0	115.0	3.0	False	False	-1.0	-1.0
KristenAndSara_1280x720_60f	KristenAndSara_1280x720_60f	libaom	libaom_20201211_ac2c30b_enc-mode0	60	20	0	2703904.0	2703.904	44.37049999999998	49.09033333333334	50.01783333333333	44.364363	49.085405	50.014131	96.7971800763674	3102679.0	51.71131666666667	3100.11	1280	720	60.0	8	23e4f3dc90a9c69754ef4b80ef205608	feefbe6cfca6a7f5d63459cd9fd7b1d1	1280	720	5414.0	111.0	521.0	16994.0	False	False	0.9957803974548975	0.9952449529341172
KristenAndSara_1280x720_60f	KristenAndSara_1280x720_60f	libaom	libaom_20201211_ac2c30b_enc-mode0	60	32	0	1368456.0	1368.456	43.569	48.60733333333334	49.53233333333335	43.560799	48.602929	49.529013	96.1590548433672	1737171.0	28.95285	1734.9	1280	720	60.0	8	8215a18b720d8eab2d9be61e5bce4359	abe43acfebd791e065d8f53778b45234	1280	720	6768.0	101.0	386.0	16847.0	False	False	0.9947276552518208	0.9943200439070389
KristenAndSara_1280x720_60f	KristenAndSara_1280x720_60f	libaom	libaom_20201211_ac2c30b_enc-mode0	60	43	0	771344.0	771.3439999999999	42.49233333333335	47.76683333333335	48.652	42.479397	47.761985	48.648044	94.87221288225001	1025688.0	17.0948	1023.58	1280	720	60.0	8	2a26260246cbe2aa61ce0a5726715580	e2376c175f0d1c10343131a1e06ed07f	1280	720	5212.0	114.0	383.0	10633.0	False	False	0.9930350045363109	0.9928792254466251
KristenAndSara_1280x720_60f	KristenAndSara_1280x720_60f	libaom	libaom_20201211_ac2c30b_enc-mode0	60	55	0	415304.0	415.304	40.72316666666668	46.032666666666664	46.997499999999995	40.709128	46.030083	46.995398	92.06644387204773	626853.0	10.44755	625.69	1280	720	60.0	8	560d155e1af60dd7efbdd2eff903b937	25952e29f964cefa2af4f0f043955a61	1280	720	5443.0	124.0	361.0	18303.0	False	False	0.9895115365584691	0.9899131191376546
KristenAndSara_1280x720_60f	KristenAndSara_1280x720_60f	libaom	libaom_20201211_ac2c30b_enc-mode0	60	63	0	208400.0	208.4	37.7875	43.281333333333336	44.36933333333334	37.779338	43.277466	44.365226	85.15083412891212	405798.0	6.7633	404.91	1280	720	60.0	8	fd288c68c9d97b05f4903fb8f93948e0	3b595e197074efbb04a3b5623464fa00	1280	720	6307.0	103.0	243.0	17052.0	False	False	0.9801431069771449	0.9823125629398455
Netflix_FoodMarket_1920x1080_60f	Netflix_FoodMarket_1920x1080_60f	libaom	libaom_20201211_ac2c30b_enc-mode0	60	20	0	12843304.0	12843.304	40.501666666666665	44.601333333333336	45.433	40.489817	44.599002	45.431788	97.99281375979588	12709210.0	211.82016666666667	12653.2	1920	1080	60.0	8	6f60e8948beb246f2fb6c98154b7c273	f18dc23857abeeedac52b446ceb8eeb6	1920	1080	12341.0	236.0	2322.0	23995.0	False	False	0.9939669847488404	0.9879323319723646
Netflix_FoodMarket_1920x1080_60f	Netflix_FoodMarket_1920x1080_60f	libaom	libaom_20201211_ac2c30b_enc-mode0	60	32	0	5745192.0	5745.192	39.51966666666667	43.80016666666667	44.80266666666668	39.513896	43.797712	44.802101	95.28806642626365	7384621.0	123.07701666666667	7361.25	1920	1080	60.0	8	8ef58a1a772ff3fe4c59c0ea35081580	c764e51579028b013bf4b294a8f7869b	1920	1080	12152.0	213.0	1716.0	23293.0	False	False	0.99149975279967	0.9844388669853796
Netflix_FoodMarket_1920x1080_60f	Netflix_FoodMarket_1920x1080_60f	libaom	libaom_20201211_ac2c30b_enc-mode0	60	43	0	3008200.0	3008.2	38.27333333333333	42.984	44.08966666666666	38.26195599999999	42.97911	44.086095	90.28962098713131	4814553.0	80.24255	4806.4	1920	1080	60.0	8	adca30ca0fe12d55b8b75cc9d02a310a	4188bae715f33e04823d7cce784155f0	1920	1080	15842.0	216.0	1351.0	23143.0	False	False	0.9867460081974665	0.9785337186341241
Netflix_FoodMarket_1920x1080_60f	Netflix_FoodMarket_1920x1080_60f	libaom	libaom_20201211_ac2c30b_enc-mode0	60	55	0	1509880.0	1509.88	36.477166666666655	41.87050000000001	43.030833333333334	36.454953	41.863008	43.019545	-1.0	2912467.0	48.54111666666667	2909.79	1920	1080	60.0	8	5c2fc638b99a12c03dcab76dfa3ac786	24f572b4dbd7f6e2f5a64995ed6cff83	1920	1080	16689.0	262.0	1176.0	4.0	False	False	-1.0	-1.0
Netflix_FoodMarket_1920x1080_60f	Netflix_FoodMarket_1920x1080_60f	libaom	libaom_20201211_ac2c30b_enc-mode0	60	63	0	739160.0	739.16	34.27616666666667	40.61833333333334	41.581500000000005	34.232981	40.601258	41.533201	-1.0	1949746.0	32.49576666666667	1941.68	1920	1080	60.0	8	31af506d1493d6d83046e8e2a91bbc30	b9f0233a0f105ceceaf5ab2ec912cca6	1920	1080	14503.0	210.0	886.0	7.0	False	False	-1.0	-1.0
Netflix_RollerCoaster_1280x720_6	Netflix_RollerCoaster_1280x720_6	libaom	libaom_20201211_ac2c30b_enc-mode0	60	20	0	6030384.0	6030.384	44.14400000000001	46.069500000000026	46.16849999999999	44.121912	46.06392	46.163971	-1.0	3634883.0	60.581383333333335	3632.27	1280	720	60.0	8	df811d33daf7be43dcf3f30c5d3f56c5	fd67e0875c1aab4eef5120457cecef60	1280	720	7261.0	103.0	1013.0	4.0	False	False	-1.0	-1.0
Netflix_RollerCoaster_1280x720_6	Netflix_RollerCoaster_1280x720_6	libaom	libaom_20201211_ac2c30b_enc-mode0	60	32	0	3143128.0	3143.128	41.845333333333336	44.21800000000001	44.66566666666667	41.814538	44.209962	44.660251	-1.0	2429791.0	40.496516666666665	2426.71	1280	720	60.0	8	96d2ff3c99e7f433a2dce9d0d724ef3d	44477eecc08b4acc40cb317247f22043	1280	720	7355.0	114.0	830.0	4.0	False	False	-1.0	-1.0
Netflix_RollerCoaster_1280x720_6	Netflix_RollerCoaster_1280x720_6	libaom	libaom_20201211_ac2c30b_enc-mode0	60	43	0	1764384.0	1764.3840000000002	39.60583333333333	42.50783333333333	43.39283333333333	39.560976	42.491023	43.385206	-1.0	1816761.0	30.27935	1810.79	1280	720	60.0	8	aadd5af85afee024d2ae466055b7fa2d	654723691ff4be940b2ee46bb5573eae	1280	720	7157.0	108.0	762.0	4.0	False	False	-1.0	-1.0
Netflix_RollerCoaster_1280x720_6	Netflix_RollerCoaster_1280x720_6	libaom	libaom_20201211_ac2c30b_enc-mode0	60	55	0	946200.0	946.2	36.943666666666665	40.285333333333334	41.69700000000002	36.900199	40.264868	41.685734	-1.0	1456781.0	24.279683333333335	1453.34	1280	720	60.0	8	767c818945e1a795438fcd884c1edd3c	de235e23a6a275f0254af2466cef7945	1280	720	6262.0	124.0	655.0	5.0	False	False	-1.0	-1.0
Netflix_RollerCoaster_1280x720_6	Netflix_RollerCoaster_1280x720_6	libaom	libaom_20201211_ac2c30b_enc-mode0	60	63	0	499472.0	499.472	33.973333333333336	37.93266666666666	39.88416666666667	33.904667	37.902503	39.86851	-1.0	968537.0	16.142283333333335	966.11	1280	720	60.0	8	a5fb00e1fe97a97a70263d2b55fb7281	30408264c7afc4f29c4c60f50008010f	1280	720	7438.0	111.0	489.0	5.0	False	False	-1.0	-1.0
rush_hour_1080p25_60f	rush_hour_1080p25_60f	libaom	libaom_20201211_ac2c30b_enc-mode0	60	20	0	4136093.0	4136.093	42.774999999999984	46.6915	48.64050000000001	42.769406	46.690442	48.638187	-1.0	9461704.0	157.69506666666666	9441.19	1920	1080	25.0	8	f92b49b27d144fbc6d9ab5e08bb31606	3cf73a5186697fdabd98354eb5ec41f3	1920	1080	13060.0	233.0	2581.0	4.0	False	False	-1.0	-1.0
rush_hour_1080p25_60f	rush_hour_1080p25_60f	libaom	libaom_20201211_ac2c30b_enc-mode0	60	32	0	2031460.0	2031.46	41.826333333333345	45.811666666666675	47.50366666666666	41.819194	45.810776	47.49936	-1.0	5765871.0	96.09785	5761.62	1920	1080	25.0	8	5762adf53f8a81ad6cd811d890e9df32	198381209f6f4796b180131532c230c2	1920	1080	13118.0	221.0	1973.0	4.0	False	False	-1.0	-1.0
rush_hour_1080p25_60f	rush_hour_1080p25_60f	libaom	libaom_20201211_ac2c30b_enc-mode0	60	43	0	1018686.0	1018.686	40.458499999999994	44.824499999999986	46.19533333333334	40.438836	44.821828	46.189062	-1.0	3976422.0	66.2737	3973.56	1920	1080	25.0	8	70c1335c65dcbcd6af8e91ac8aa218c6	f5f2186c8469000b01a3d216c27e49f7	1920	1080	13185.0	239.0	1641.0	4.0	False	False	-1.0	-1.0
rush_hour_1080p25_60f	rush_hour_1080p25_60f	libaom	libaom_20201211_ac2c30b_enc-mode0	60	55	0	508643.0	508.643	38.582333333333324	43.491333333333316	44.593	38.530922	43.488455	44.581113	-1.0	2380314.0	39.6719	2374.56	1920	1080	25.0	8	9e6c8824c90cda56d3991ec228bd0931	bc951871ff8b18640d7137c86ede295c	1920	1080	10311.0	240.0	1177.0	4.0	False	False	-1.0	-1.0
rush_hour_1080p25_60f	rush_hour_1080p25_60f	libaom	libaom_20201211_ac2c30b_enc-mode0	60	63	0	244673.0	244.67300000000003	36.100666666666676	41.820666666666675	42.57666666666668	35.993257	41.816452	42.56338	-1.0	1297628.0	21.627133333333333	1292.21	1920	1080	25.0	8	71b5c6e6eeb3c9b2ce61d59c54538390	6a718999e4e943e12f218ba6ce989d16	1920	1080	13197.0	229.0	878.0	4.0	False	False	-1.0	-1.0
thaloundeskmtg360p_60f	thaloundeskmtg360p_60f	libaom	libaom_20201211_ac2c30b_enc-mode0	60	20	0	708196.0	708.196	44.31333333333335	48.33483333333332	48.35533333333335	44.031495	48.219411	48.303048	-1.0	612714.0	10.2119	611.87	640	360	30.0	8	53fdc24a7196e68e5ebd7259f4504512	e0ef652454d4f2b1e1f836526505eb1d	640	360	1961.0	44.0	215.0	3.0	False	False	-1.0	-1.0
thaloundeskmtg360p_60f	thaloundeskmtg360p_60f	libaom	libaom_20201211_ac2c30b_enc-mode0	60	32	0	397184.0	397.184	42.80150000000001	47.104333333333344	47.15933333333332	42.413471	47.003463	47.097189	-1.0	332018.0	5.533633333333333	331.73	640	360	30.0	8	4fe71624f7478f2b65bf7ee60b4291f1	73e71bd1027fe01f28f3256a5b85b297	640	360	2226.0	42.0	152.0	4.0	False	False	-1.0	-1.0
thaloundeskmtg360p_60f	thaloundeskmtg360p_60f	libaom	libaom_20201211_ac2c30b_enc-mode0	60	43	0	241016.0	241.016	40.99649999999998	45.713666666666676	45.781333333333336	40.524974	45.618907	45.712097	-1.0	236205.0	3.93675	235.96	640	360	30.0	8	f423e263b1edcc12e650e2c32a0874e7	19d2b609c8352ce67a315663c630574c	640	360	1759.0	59.0	121.0	3.0	False	False	-1.0	-1.0
thaloundeskmtg360p_60f	thaloundeskmtg360p_60f	libaom	libaom_20201211_ac2c30b_enc-mode0	60	55	0	136212.0	136.212	38.332166666666694	43.64533333333335	43.52899999999999	37.81598900000001	43.554248	43.444669	-1.0	154534.0	2.5755666666666666	154.36	640	360	30.0	8	04e4bd829aec5fa0e0dd19d83d797b50	489f3602ce7692281f48712b774a4e35	640	360	2173.0	46.0	102.0	4.0	False	False	-1.0	-1.0
thaloundeskmtg360p_60f	thaloundeskmtg360p_60f	libaom	libaom_20201211_ac2c30b_enc-mode0	60	63	0	69380.0	69.37999999999998	34.48116666666668	40.52316666666665	40.77516666666668	33.682076	40.310854	40.575856	-1.0	119927.0	1.9987833333333334	119.74	640	360	30.0	8	c2849d2c367cbea8e576eb0f67fffb15	4fb8dcf46176c6ac64b44ef19f67c244	640	360	2140.0	44.0	85.0	4.0	False	False	-1.0	-1.0
Netflix_TunnelFlag_1920x1080_60f	Netflix_TunnelFlag_1920x1080_60f	libaom	libaom_20201211_ac2c30b_enc-mode0	60	20	0	22079224.0	22079.224	42.25599999999999	46.4655	48.08266666666669	42.231723	46.461056	48.076697	-1.0	7931548.0	132.19246666666666	7922.03	1920	1080	60.0	8	93639b69ae781468aec350898477516a	088e9c2ded21955cf2979d5b334d1ef5	1920	1080	16571.0	229.0	3254.0	4.0	False	False	-1.0	-1.0
Netflix_TunnelFlag_1920x1080_60f	Netflix_TunnelFlag_1920x1080_60f	libaom	libaom_20201211_ac2c30b_enc-mode0	60	32	0	11661424.0	11661.424	40.07566666666666	44.849333333333334	46.8865	40.047749	44.847294	46.882888	-1.0	6739283.0	112.32138333333333	6716.96	1920	1080	60.0	8	105a81b75e5566adcc02f374fa7ffa23	a2f8cb22a0da58fd44ecfc202a94955e	1920	1080	12254.0	205.0	2662.0	5.0	False	False	-1.0	-1.0
Netflix_TunnelFlag_1920x1080_60f	Netflix_TunnelFlag_1920x1080_60f	libaom	libaom_20201211_ac2c30b_enc-mode0	60	43	0	6170336.0	6170.336	37.75466666666667	43.04866666666668	45.61766666666665	37.719918	43.047454	45.614032	-1.0	4830557.0	80.50928333333333	4818.92	1920	1080	60.0	8	c64574138560e540f91deb13d2fe5835	3e378e3814a60db646f07043c05cd6e1	1920	1080	12333.0	231.0	1934.0	3.0	False	False	-1.0	-1.0
Netflix_TunnelFlag_1920x1080_60f	Netflix_TunnelFlag_1920x1080_60f	libaom	libaom_20201211_ac2c30b_enc-mode0	60	55	0	3273880.0	3273.88	35.330499999999994	41.040666666666674	43.97916666666666	35.294925	41.039569	43.976213	-1.0	3167611.0	52.79351666666667	3157.32	1920	1080	60.0	8	9a08eeb0fd3e42128a507e4b330eda11	fc41fc043f786bd179ec84a52d8c2c09	1920	1080	15949.0	233.0	1622.0	3.0	False	False	-1.0	-1.0
Netflix_TunnelFlag_1920x1080_60f	Netflix_TunnelFlag_1920x1080_60f	libaom	libaom_20201211_ac2c30b_enc-mode0	60	63	0	1818248.0	1818.248	32.44883333333333	39.122666666666674	41.89600000000001	32.384807	39.118167	41.88712	-1.0	2251512.0	37.5252	2241.56	1920	1080	60.0	8	5d94a23fd7b92de19310cef48168f772	90400e732f899161080af7be190ed224	1920	1080	16260.0	230.0	1346.0	4.0	False	False	-1.0	-1.0
red_kayak_360p_60f	red_kayak_360p_60f	libaom	libaom_20201211_ac2c30b_enc-mode0	60	20	0	8306986.0	8306.986	40.11633333333334	43.82133333333334	48.90400000000002	39.913729	43.72246499999999	48.886874	-1.0	2873354.0	47.88923333333334	2848.49	640	360	29.97	8	a438396ef14bec92a0280aa9e98ebf00	1bf4eecf9b3a447696a046cc8f97ca9c	640	360	2443.0	49.0	896.0	3.0	False	False	-1.0	-1.0
red_kayak_360p_60f	red_kayak_360p_60f	libaom	libaom_20201211_ac2c30b_enc-mode0	60	32	0	4623235.0	4623.235	35.479166666666664	41.359333333333346	47.97216666666668	35.140225	41.233399	47.956127	-1.0	2657631.0	44.29385	2656.19	640	360	29.97	8	9c943d9a51b2cc9e08da815b0cc8240e	b88223a260079a960e9205f69cb25852	640	360	2539.0	47.0	670.0	4.0	False	False	-1.0	-1.0
red_kayak_360p_60f	red_kayak_360p_60f	libaom	libaom_20201211_ac2c30b_enc-mode0	60	43	0	1923714.0	1923.714	30.921333333333333	39.237333333333346	47.26883333333333	30.627239	39.159842	47.193171	-1.0	2180835.0	36.34725	2178.47	640	360	29.97	8	df7d46fe5cbb13a8815a52a7c660b9f7	a7e70261a61aa4f0cd8e502eceef8bd4	640	360	2515.0	47.0	483.0	3.0	False	False	-1.0	-1.0
red_kayak_360p_60f	red_kayak_360p_60f	libaom	libaom_20201211_ac2c30b_enc-mode0	60	55	0	599603.0	599.603	27.558333333333337	37.74366666666667	46.43666666666666	27.355559000000003	37.693484	46.246697	-1.0	1150917.0	19.18195	1149.92	640	360	29.97	8	b9386367250fca4d02d8f0d9e6fa9d96	afc5bd31470530f818f548b2af6376a3	640	360	2574.0	50.0	299.0	4.0	False	False	-1.0	-1.0
red_kayak_360p_60f	red_kayak_360p_60f	libaom	libaom_20201211_ac2c30b_enc-mode0	60	63	0	165702.0	165.70199999999997	25.36783333333333	36.558	44.70966666666667	25.227362000000003	36.50353400000001	44.524398	-1.0	525745.0	8.762416666666667	525.53	640	360	29.97	8	9ba872e4d7f65c02416950ce8cd9b585	448952039e576508e0cd0eca122eca57	640	360	2199.0	44.0	173.0	3.0	False	False	-1.0	-1.0
vidyo1_720p_60fps_60f	vidyo1_720p_60fps_60f	libaom	libaom_20201211_ac2c30b_enc-mode0	60	20	0	3263952.0	3263.952	45.20733333333335	48.13300000000002	49.52066666666669	45.191453	48.124322	49.514423	-1.0	3240901.0	54.01501666666667	3232.98	1280	720	60.0	8	d14d0057d68dad52334c69bfa810786b	55c163bdc5c0888e5619eb59b72b689c	1280	720	5193.0	104.0	573.0	3.0	False	False	-1.0	-1.0
vidyo1_720p_60fps_60f	vidyo1_720p_60fps_60f	libaom	libaom_20201211_ac2c30b_enc-mode0	60	32	0	1488328.0	1488.328	44.09783333333334	47.75783333333334	49.04933333333333	44.087432	47.752465	49.045089	-1.0	1702524.0	28.3754	1698.19	1280	720	60.0	8	e4b5426769ba86363b2696d18feb6178	c467927294848b5b2ab859e0f6575d21	1280	720	5088.0	106.0	391.0	4.0	False	False	-1.0	-1.0
vidyo1_720p_60fps_60f	vidyo1_720p_60fps_60f	libaom	libaom_20201211_ac2c30b_enc-mode0	60	43	0	784888.0	784.888	42.87316666666668	47.26833333333333	48.33033333333333	42.86385400000001	47.26407	48.32613	-1.0	1022114.0	17.035233333333334	1018.09	1280	720	60.0	8	410903e4d74e179dc1109ff5a306a39a	961e5859c3942f64e3ddf93025bb7a29	1280	720	6809.0	119.0	384.0	4.0	False	False	-1.0	-1.0
vidyo1_720p_60fps_60f	vidyo1_720p_60fps_60f	libaom	libaom_20201211_ac2c30b_enc-mode0	60	55	0	413488.0	413.488	41.00499999999999	46.109	46.82549999999999	40.993395	46.106653	46.823856	-1.0	640188.0	10.6698	639.03	1280	720	60.0	8	b26c364135d3a91ada19e99608d39be8	9ee36d0b26215885fa13f831134ff69a	1280	720	5173.0	108.0	345.0	4.0	False	False	-1.0	-1.0
vidyo1_720p_60fps_60f	vidyo1_720p_60fps_60f	libaom	libaom_20201211_ac2c30b_enc-mode0	60	63	0	207808.0	207.808	37.89416666666668	43.810333333333325	44.15783333333335	37.879841000000006	43.804091	44.151545000000006	-1.0	438956.0	7.315933333333334	438.14	1280	720	60.0	8	2b08a8ed0dbd400263edc82c1290cd28	a6d06f738f1af65a9420e85c9dd5277e	1280	720	6269.0	115.0	285.0	4.0	False	False	-1.0	-1.0
wikipedia_420	wikipedia_420	libaom	libaom_20201211_ac2c30b_enc-mode0	60	20	0	1356644.0	1356.644	54.11916666666668	52.55966666666666	53.57666666666665	54.099579999999996	52.357089	53.515685	-1.0	1862940.0	31.049	1857.74	1920	1080	30.0	8	d7cc5651e4ec2901347f6a0e1bda9a5c	f854776593972a225ddd3e97af986af0	1920	1080	11361.0	240.0	738.0	5.0	False	False	-1.0	-1.0
wikipedia_420	wikipedia_420	libaom	libaom_20201211_ac2c30b_enc-mode0	60	32	0	779612.0	779.612	50.21566666666667	50.3505	51.64783333333334	50.208755	50.118175	51.597405	-1.0	2468092.0	41.13486666666667	2463.54	1920	1080	30.0	8	8d73167c824ab6801e8b0aee06a03d7c	6537b53dc3473d30ab45af12f38de852	1920	1080	8591.0	234.0	696.0	5.0	False	False	-1.0	-1.0
wikipedia_420	wikipedia_420	libaom	libaom_20201211_ac2c30b_enc-mode0	60	43	0	578096.0	578.096	48.035000000000004	48.465	49.957166666666666	48.026556	48.34096	49.929442	-1.0	1928619.0	32.14365	1924.71	1920	1080	30.0	8	b0806abfad2c742f858ee1feacd9f916	15e6e87a568cf26a136503f308fe4d0e	1920	1080	8547.0	232.0	804.0	4.0	False	False	-1.0	-1.0
wikipedia_420	wikipedia_420	libaom	libaom_20201211_ac2c30b_enc-mode0	60	55	0	469912.0	469.912	45.815500000000014	46.846833333333315	48.25399999999999	45.794227	46.795766	48.231456	-1.0	1263529.0	21.058816666666665	1257.04	1920	1080	30.0	8	edb54824c364f323279ae7eb53490eeb	df865946ef2aec1467853cc504084367	1920	1080	11484.0	223.0	714.0	3.0	False	False	-1.0	-1.0
wikipedia_420	wikipedia_420	libaom	libaom_20201211_ac2c30b_enc-mode0	60	63	0	380876.0	380.876	42.51883333333333	45.178166666666684	46.60083333333332	42.443704	45.150532	46.552773	-1.0	1140294.0	19.0049	1137.89	1920	1080	30.0	8	f5ff0ec19d8058f28c7d990e0b5fcf6c	abae5aaa0ce171a754ba61a1c7851d1f	1920	1080	13374.0	223.0	708.0	4.0	False	False	-1.0	-1.0
KristenAndSara_1280x720_60_10b	KristenAndSara_1280x720_60_10b	libaom	libaom_20201211_ac2c30b_enc-mode0	60	20	0	2770728.0	2770.728	44.673833333333356	49.69683333333332	50.73916666666666	44.665346	49.692038	50.73570200000001	96.98036852502699	5526209.0	92.10348333333333	5515.99	1280	720	60.0	10	1378e4fe8f6a26b01b3f39db1a8e7278	12badca7c18ca3a7cd34dfd891ccc327	1280	720	10565.0	196.0	809.0	17445.0	False	False	0.9961515774329504	0.9955855997907239
KristenAndSara_1280x720_60_10b	KristenAndSara_1280x720_60_10b	libaom	libaom_20201211_ac2c30b_enc-mode0	60	32	0	1306840.0	1306.84	43.79866666666668	49.103833333333334	50.12549999999999	43.790837	49.100327	50.122505	96.34632113105127	2959070.0	49.31783333333333	2949.79	1280	720	60.0	10	4f05800aabedde113ab29bebb3c41b44	8375ea650182e8570444c1d5f9c21712	1280	720	8069.0	190.0	554.0	17109.0	False	False	0.9951437085866928	0.994684154004337
KristenAndSara_1280x720_60_10b	KristenAndSara_1280x720_60_10b	libaom	libaom_20201211_ac2c30b_enc-mode0	60	43	0	747336.0	747.336	42.65233333333332	48.143	49.09666666666666	42.638783	48.137604	49.092802	94.97514721743019	1837348.0	30.622466666666668	1830.89	1280	720	60.0	10	204b19ac6e9b6c2680255ee3dcfcc79f	86c2a717d8ddbca27a58f84d34323683	1280	720	8430.0	210.0	625.0	10735.0	False	False	0.9934201061725616	0.9932157998574588
KristenAndSara_1280x720_60_10b	KristenAndSara_1280x720_60_10b	libaom	libaom_20201211_ac2c30b_enc-mode0	60	55	0	409536.0	409.536	40.82883333333334	46.314	47.338166666666666	40.814111	46.30946000000001	47.334626	92.15401281676573	1049498.0	17.491633333333333	1032.35	1280	720	60.0	10	71f210ced02bcc46333e7bc1b1146455	06c471fef7501328221c09b19017ba2d	1280	720	8647.0	186.0	417.0	10448.0	False	False	0.9898973445097605	0.990259485424217
KristenAndSara_1280x720_60_10b	KristenAndSara_1280x720_60_10b	libaom	libaom_20201211_ac2c30b_enc-mode0	60	63	0	208384.0	208.384	37.85766666666667	43.49933333333333	44.54033333333333	37.850001	43.493824	44.534357	84.91534007907262	732730.0	12.212166666666667	729.85	1280	720	60.0	10	f276ea3061230a029729bc424bc0e356	5ea6b9587e7a95a0c5baa78c96b4e7d7	1280	720	10549.0	206.0	467.0	17356.0	False	False	0.9806189825137456	0.9827311689074355
DinnerScene_1920x1080_2997_10b	DinnerScene_1920x1080_2997_10b	libaom	libaom_20201211_ac2c30b_enc-mode0	60	20	0	706699.0	706.699	41.78133333333332	42.40316666666665	47.57866666666665	41.781082	42.400161	47.578118	91.16264176846916	13883261.0	231.38768333333334	13840.85	1920	1080	29.97	10	f36a2fc1ea136581b439fb6bdfe2ea6f	21867ed6c0e926f6d4e12c631e196bea	1920	1080	21193.0	462.0	1768.0	23950.0	False	False	0.9940645039081574	0.9881652404256507
DinnerScene_1920x1080_2997_10b	DinnerScene_1920x1080_2997_10b	libaom	libaom_20201211_ac2c30b_enc-mode0	60	32	0	260442.0	260.442	41.64283333333335	42.30383333333331	47.43966666666666	41.642461	42.303739	47.439477	89.55566668215728	12027566.0	200.45943333333332	11971.83	1920	1080	29.97	10	c3d341b2c25cd71a681c16b27bf6bb27	4f76ede4d8bb37622dc845bbbf8cb085	1920	1080	20014.0	411.0	1327.0	23895.0	False	False	0.9935287604729335	0.9876142301671809
DinnerScene_1920x1080_2997_10b	DinnerScene_1920x1080_2997_10b	libaom	libaom_20201211_ac2c30b_enc-mode0	60	43	0	148697.0	148.697	41.417333333333346	42.24083333333335	47.239000000000004	41.417232	42.240231	47.239429	86.86725973113201	7302090.0	121.7015	7263.06	1920	1080	29.97	10	a12bbc2322dcd0c06f80b8795e0a2aa9	41c27631556af2b053196ea296b7e5a3	1920	1080	20136.0	484.0	1402.0	25896.0	False	False	0.9926953136920929	0.9867863661045873
DinnerScene_1920x1080_2997_10b	DinnerScene_1920x1080_2997_10b	libaom	libaom_20201211_ac2c30b_enc-mode0	60	55	0	87326.0	87.326	40.98833333333334	42.09033333333333	46.89283333333335	40.986547	42.089882	46.892637	82.19641505600491	3144164.0	52.40273333333333	3136.61	1920	1080	29.97	10	13c067fe50a339c46fd5d2ba43a943fb	0971f3ce30427ed53a04fa8876792d59	1920	1080	24624.0	430.0	1197.0	24527.0	False	False	0.9908597260713577	0.9850733855070998
DinnerScene_1920x1080_2997_10b	DinnerScene_1920x1080_2997_10b	libaom	libaom_20201211_ac2c30b_enc-mode0	60	63	0	53261.0	53.261	40.11283333333334	41.66666666666667	46.13216666666667	40.106433	41.665564	46.13119199999999	71.99667345880043	1435430.0	23.923833333333334	1432.12	1920	1080	29.97	10	4b8a3f93517c8185e9a55b15e63d286d	153d2de7349c35637e169c8f76a2c826	1920	1080	25628.0	470.0	1310.0	24594.0	False	False	0.9862572858730952	0.9810303554240243
Netflix_Aerial_1920x1080_60fps_8	Netflix_Aerial_1920x1080_60fps_8	libaom	libaom_20201211_ac2c30b_enc-mode0	60	20	0	16999392.0	16999.392	42.25750000000001	45.422000000000004	45.19566666666666	42.21971799999999	45.410031	45.18860299999999	96.32275577458854	8717845.0	145.29741666666666	8705.89	1920	1080	60.0	8	25e7e54ce4c8e004221633d6e9f96c82	829fcb5ac7abed9e3d01cb43d3ec8911	1920	1080	13429.0	214.0	2170.0	22985.0	False	False	0.9976288388172786	0.9961026137855116
Netflix_Aerial_1920x1080_60fps_8	Netflix_Aerial_1920x1080_60fps_8	libaom	libaom_20201211_ac2c30b_enc-mode0	60	32	0	9187200.0	9187.2	40.525999999999996	44.27766666666668	44.296833333333325	40.452988	44.266555	44.293359	94.2955510171366	6813707.0	113.56178333333334	6776.17	1920	1080	60.0	8	49af26910cc2bfeab9168671d9a60f01	ce045defebb7b0427b0e35db6e92b7d7	1920	1080	17196.0	213.0	1669.0	23394.0	False	False	0.9962686489025752	0.9940325156075805
Netflix_Aerial_1920x1080_60fps_8	Netflix_Aerial_1920x1080_60fps_8	libaom	libaom_20201211_ac2c30b_enc-mode0	60	43	0	4820112.0	4820.112	38.29883333333334	42.759	43.195166666666665	38.212547	42.752753	43.19258	91.0258235368789	5566368.0	92.7728	5552.05	1920	1080	60.0	8	a262e9e5799cf807d38bb7bf4f87c9e3	3baba9bd940d4c75b974e200e353bcc5	1920	1080	17565.0	233.0	1341.0	38426.0	False	False	0.9936191836992899	0.9897967949316647
Netflix_Aerial_1920x1080_60fps_8	Netflix_Aerial_1920x1080_60fps_8	libaom	libaom_20201211_ac2c30b_enc-mode0	60	55	0	2315928.0	2315.928	35.563833333333335	40.974500000000006	41.98833333333335	35.515232	40.969007	41.98021099999999	84.73544437299148	3808743.0	63.47905	3798.88	1920	1080	60.0	8	ff95fcaadde01d02181bdd4853450c8f	8eca29e8f21ed12b01dd0889cff25cd4	1920	1080	14136.0	227.0	1086.0	39509.0	False	False	0.9877778559923172	0.9798956482521091
Netflix_Aerial_1920x1080_60fps_8	Netflix_Aerial_1920x1080_60fps_8	libaom	libaom_20201211_ac2c30b_enc-mode0	60	63	0	960944.0	960.944	32.28583333333333	39.02600000000002	40.843	32.246072	38.996507	40.821088	69.5835824029705	2683686.0	44.7281	2675.28	1920	1080	60.0	8	2910a2e9bee94fd63966f757e234c64a	fb2cfe6a00298aacbbce112ed931416b	1920	1080	14174.0	210.0	789.0	23645.0	False	False	0.968248630563418	0.9494453298772147
Netflix_DrivingPOV_1280x720_60fp	Netflix_DrivingPOV_1280x720_60fp	libaom	libaom_20201211_ac2c30b_enc-mode0	60	20	0	8379152.0	8379.152	42.066833333333335	45.79966666666667	44.640499999999996	42.043504	45.788735	44.633721	99.57898459850139	4747514.0	79.12523333333333	4739.92	1280	720	60.0	8	5139a413899c57183ee6a417f652b870	24db6cb9b077ef6f851b542b479b4367	1280	720	8633.0	118.0	1149.0	17651.0	False	False	0.9978214999039968	0.9971705897855359
Netflix_DrivingPOV_1280x720_60fp	Netflix_DrivingPOV_1280x720_60fp	libaom	libaom_20201211_ac2c30b_enc-mode0	60	32	0	4376480.0	4376.48	39.83083333333334	44.52733333333337	43.74849999999999	39.803817	44.512791	43.742712	98.4449566170766	3472517.0	57.875283333333336	3437.54	1280	720	60.0	8	14b6a4e1fb918d4c4c2c33008f334c15	cb9337f832be771e7da18ab65b6a1255	1280	720	6629.0	113.0	870.0	11426.0	False	False	0.9959953218698502	0.9949046097653972
Netflix_DrivingPOV_1280x720_60fp	Netflix_DrivingPOV_1280x720_60fp	libaom	libaom_20201211_ac2c30b_enc-mode0	60	43	0	2441336.0	2441.336	37.69983333333334	43.2565	42.895500000000006	37.66275699999999	43.24105	42.889455	96.03632582902942	2751610.0	45.860166666666665	2746.67	1280	720	60.0	8	7a623a8a8c6e901ccf0ef67d06837bfe	ed78469d6cb697b3aee512eaea3d9319	1280	720	8361.0	114.0	680.0	10717.0	False	False	0.9924179583787918	0.9912218255410613
Netflix_DrivingPOV_1280x720_60fp	Netflix_DrivingPOV_1280x720_60fp	libaom	libaom_20201211_ac2c30b_enc-mode0	60	55	0	1249440.0	1249.44	35.11133333333333	41.43316666666667	41.662	35.072855	41.421474	41.657338	90.99625999916724	1801212.0	30.0202	1798.89	1280	720	60.0	8	3393b1b7c210aa3633af0aa34b83ac54	90a57ef48fd0b7596e2fdf8c1c70ea4c	1280	720	8208.0	118.0	549.0	10697.0	False	False	0.9865524182717006	0.9853411668733447
Netflix_DrivingPOV_1280x720_60fp	Netflix_DrivingPOV_1280x720_60fp	libaom	libaom_20201211_ac2c30b_enc-mode0	60	63	0	624384.0	624.384	32.307833333333335	39.155000000000015	40.245000000000005	32.256677	39.135711	40.230073999999995	81.11634625699759	1172070.0	19.5345	1170.38	1280	720	60.0	8	7186a35ac6912b9d946e1e65b85abcf7	5cc31af48bda19b5dc0d6cc38ebe8bd7	1280	720	6404.0	109.0	390.0	10249.0	False	False	0.9762701133886973	0.9747351657574888
Netflix_SquareAndTimelapse_1920x	Netflix_SquareAndTimelapse_1920x	libaom	libaom_20201211_ac2c30b_enc-mode0	60	20	0	16233656.0	16233.656	43.78266666666669	48.22516666666666	47.26366666666668	43.769485	48.223153	47.261019	-1.0	6339608.0	105.66013333333333	6327.6	1920	1080	60.0	8	b1482e2c5ecb5a3d994b1119ad3f2695	4dbf2f04fa7f3d0e2e11ef32e10563f9	1920	1080	16213.0	215.0	2763.0	4.0	False	False	-1.0	-1.0
Netflix_SquareAndTimelapse_1920x	Netflix_SquareAndTimelapse_1920x	libaom	libaom_20201211_ac2c30b_enc-mode0	60	32	0	9369680.0	9369.68	41.32916666666667	46.32183333333334	45.22600000000001	41.310959	46.31779100000001	45.219954	-1.0	5787152.0	96.45253333333334	5767.36	1920	1080	60.0	8	fe47e4c9b61eaf9d5e0253a1881ed55c	f43731a011a523bc4249a8b34486473c	1920	1080	15882.0	205.0	2215.0	4.0	False	False	-1.0	-1.0
Netflix_SquareAndTimelapse_1920x	Netflix_SquareAndTimelapse_1920x	libaom	libaom_20201211_ac2c30b_enc-mode0	60	43	0	5511160.0	5511.16	38.769	44.59566666666667	43.37516666666666	38.738115	44.585986	43.363853	-1.0	4621537.0	77.02561666666666	4610.33	1920	1080	60.0	8	885ed2c4855f43369c360a1977a5d6c6	06fed3c75d6499783ef5c13551d140ee	1920	1080	12206.0	204.0	1846.0	4.0	False	False	-1.0	-1.0
Netflix_SquareAndTimelapse_1920x	Netflix_SquareAndTimelapse_1920x	libaom	libaom_20201211_ac2c30b_enc-mode0	60	55	0	3015536.0	3015.536	35.78166666666666	42.42533333333333	41.105500000000006	35.739328	42.412923	41.085463	-1.0	3562161.0	59.36935	3550.79	1920	1080	60.0	8	c4661e7d22ede9530991ee77bce7f9c5	2a3689e3f28937bd915e8103863b75fe	1920	1080	15980.0	212.0	1599.0	3.0	False	False	-1.0	-1.0
Netflix_SquareAndTimelapse_1920x	Netflix_SquareAndTimelapse_1920x	libaom	libaom_20201211_ac2c30b_enc-mode0	60	63	0	1617544.0	1617.544	32.68816666666667	40.05666666666666	38.736666666666665	32.615389	40.012353	38.68265800000001	-1.0	2606312.0	43.43853333333333	2599.59	1920	1080	60.0	8	25bd537b1c6dd829b4b46b16cdbc8159	56e78115fd916b92805ca4b95e966870	1920	1080	16514.0	240.0	1149.0	4.0	False	False	-1.0	-1.0
vidyo4_720p_60fps_60f	vidyo4_720p_60fps_60f	libaom	libaom_20201211_ac2c30b_enc-mode0	60	20	0	3727120.0	3727.12	43.75550000000001	49.93983333333334	50.32966666666667	43.693768	49.927918	50.320743	-1.0	3987088.0	66.45146666666666	3982.4	1280	720	60.0	8	eab085e5d1f57d0549e235ba49517b00	2adbb9182be33893d061d44dd4d30161	1280	720	6531.0	106.0	635.0	3.0	False	False	-1.0	-1.0
vidyo4_720p_60fps_60f	vidyo4_720p_60fps_60f	libaom	libaom_20201211_ac2c30b_enc-mode0	60	32	0	1731672.0	1731.672	42.76716666666667	49.50666666666665	49.874333333333325	42.701532	49.491534	49.863534	-1.0	2089242.0	34.8207	2085.03	1280	720	60.0	8	341e53f19f85f3034d3632853f188933	9b49e8ddf6bac3d540163d466ab46fc0	1280	720	5302.0	110.0	509.0	3.0	False	False	-1.0	-1.0
vidyo4_720p_60fps_60f	vidyo4_720p_60fps_60f	libaom	libaom_20201211_ac2c30b_enc-mode0	60	43	0	941680.0	941.68	41.642500000000005	48.76150000000003	49.13333333333333	41.566688	48.740181	49.120664	-1.0	1177327.0	19.622116666666667	1173.76	1280	720	60.0	8	894f1f83403345e3668fa865c2a05c2e	ddae10f43ffb5afd70561fea1d41d9a2	1280	720	5064.0	111.0	391.0	4.0	False	False	-1.0	-1.0
vidyo4_720p_60fps_60f	vidyo4_720p_60fps_60f	libaom	libaom_20201211_ac2c30b_enc-mode0	60	55	0	488240.0	488.24	39.857666666666674	47.36466666666668	47.69216666666669	39.780202	47.343392	47.680856999999996	-1.0	631624.0	10.527066666666666	630.57	1280	720	60.0	8	061e14f10020a2dbbf585eb66140467e	1cc11d9f43be625ca8090071abc641fb	1280	720	6414.0	102.0	309.0	4.0	False	False	-1.0	-1.0
vidyo4_720p_60fps_60f	vidyo4_720p_60fps_60f	libaom	libaom_20201211_ac2c30b_enc-mode0	60	63	0	235648.0	235.648	36.98583333333334	44.81466666666667	44.9475	36.930468	44.806855	44.937671	-1.0	485918.0	8.098633333333334	484.7	1280	720	60.0	8	fe6b4fd0a2478eb383e9147066409a3b	91492367c6fcfb9850a6a469b40cb3be	1280	720	6601.0	122.0	333.0	5.0	False	False	-1.0	-1.0
Netflix_Boat_1920x1080_60fps_8bi	Netflix_Boat_1920x1080_60fps_8bi	libaom	libaom_20201211_ac2c30b_enc-mode0	60	20	0	22325912.0	22325.912	42.83883333333333	45.27500000000001	46.6365	42.820282	45.265102	46.632364	99.88326926432089	7240391.0	120.67318333333333	7216.25	1920	1080	60.0	8	c5a1d52414be5d16cf1169c41125e75b	3cce1c5bc402e1a06ae28d260da2d40a	1920	1080	18195.0	220.0	2444.0	23689.0	False	False	0.999196304877599	0.9983357283346233
Netflix_Boat_1920x1080_60fps_8bi	Netflix_Boat_1920x1080_60fps_8bi	libaom	libaom_20201211_ac2c30b_enc-mode0	60	32	0	12863568.0	12863.568	40.27816666666668	43.596500000000006	44.55566666666669	40.25237	43.5819	44.552137	99.10150896727443	6991228.0	116.52046666666666	6972.83	1920	1080	60.0	8	5ce4462b2ca2a2084e87e58de1c98119	da53b48271b4264755eef26fcaa63392	1920	1080	18768.0	219.0	2001.0	38232.0	False	False	0.9985981563727061	0.9970746169933403
Netflix_Boat_1920x1080_60fps_8bi	Netflix_Boat_1920x1080_60fps_8bi	libaom	libaom_20201211_ac2c30b_enc-mode0	60	43	0	7585720.0	7585.72	37.5345	42.209666666666664	42.941666666666656	37.488761	42.192239	42.938103	95.24507407375755	6090988.0	101.51646666666667	6071.27	1920	1080	60.0	8	2fd336daaa086020d232ad793b8d081d	d2afa57953743b63a8eb670ada0f3789	1920	1080	17861.0	203.0	1494.0	23242.0	False	False	0.9972501744826635	0.9943630094388877
Netflix_Boat_1920x1080_60fps_8bi	Netflix_Boat_1920x1080_60fps_8bi	libaom	libaom_20201211_ac2c30b_enc-mode0	60	55	0	4237320.0	4237.32	34.419	40.52583333333333	41.089333333333336	34.359349	40.512388	41.086251999999995	87.88042355725297	4800608.0	80.01013333333333	4779.15	1920	1080	60.0	8	dbb94fb22eda89a383c5b20bfcc7f8b1	ff0060685d9ccd790ab94f3eca658204	1920	1080	14326.0	231.0	1337.0	23859.0	False	False	0.9935882518688838	0.9875801119867621
Netflix_Boat_1920x1080_60fps_8bi	Netflix_Boat_1920x1080_60fps_8bi	libaom	libaom_20201211_ac2c30b_enc-mode0	60	63	0	2269672.0	2269.672	31.312333333333335	38.70783333333332	39.24833333333334	31.233708	38.702221	39.221674	76.12809048677956	3580159.0	59.66931666666667	3570.24	1920	1080	60.0	8	121e1af63285156cc16feb095bb8922f	2d2035cfea3c0f6fed29ae0101a74dc0	1920	1080	14206.0	223.0	1031.0	24038.0	False	False	0.9840690622727076	0.971977957027874
Netflix_Crosswalk_1920x1080_60fp	Netflix_Crosswalk_1920x1080_60fp	libaom	libaom_20201211_ac2c30b_enc-mode0	60	20	0	6498688.0	6498.688	45.30233333333332	48.25233333333333	50.12116666666666	45.274038	48.246982	50.114779	98.43772867469558	5006855.0	83.44758333333333	4960.18	1920	1080	60.0	8	668e90870b129596067cad7f72df7be0	2c3c982952399379731ffd89a9d3f4b7	1920	1080	40408.0	218.0	1840.0	38836.0	False	False	0.9973651905854543	0.9954434085232996
Netflix_Crosswalk_1920x1080_60fp	Netflix_Crosswalk_1920x1080_60fp	libaom	libaom_20201211_ac2c30b_enc-mode0	60	32	0	3435536.0	3435.536	44.077166666666656	47.49316666666665	49.319833333333335	44.029361	47.486349	49.313405	95.13142393515425	3865739.0	64.42898333333333	3852.55	1920	1080	60.0	8	d0f2418d77fb7ba635dd3a012ee20405	6d3e431c0e090c8ec81c40c1e7606d10	1920	1080	9302.0	263.0	1513.0	38119.0	False	False	0.9956872622172038	0.9936431773648737
Netflix_Crosswalk_1920x1080_60fp	Netflix_Crosswalk_1920x1080_60fp	libaom	libaom_20201211_ac2c30b_enc-mode0	60	43	0	1865616.0	1865.6159999999998	42.43383333333332	46.54750000000001	48.32033333333334	42.349158	46.537319	48.31000000000001	88.95222062789986	2719113.0	45.31855	2715.59	1920	1080	60.0	8	49e41d2be0533d55492e89c0a5361310	ccd90a122695fd54b49c964c42db3589	1920	1080	10288.0	236.0	1359.0	40192.0	False	False	0.992152679959933	0.9902584902012106
Netflix_Crosswalk_1920x1080_60fp	Netflix_Crosswalk_1920x1080_60fp	libaom	libaom_20201211_ac2c30b_enc-mode0	60	55	0	979160.0	979.16	40.24333333333333	45.22266666666667	46.90649999999998	40.120471	45.210043	46.89375499999999	78.40696126444489	1763426.0	29.390433333333334	1755.81	1920	1080	60.0	8	a2bf1af0df1810bb5bf69748068c2901	87fbb5fbd5dc88c1b9c5c4340e6dc050	1920	1080	9496.0	213.0	1109.0	24369.0	False	False	0.9842956602573395	0.9833150852413497
Netflix_Crosswalk_1920x1080_60fp	Netflix_Crosswalk_1920x1080_60fp	libaom	libaom_20201211_ac2c30b_enc-mode0	60	63	0	516432.0	516.432	37.54083333333334	43.46366666666667	45.025000000000006	37.38182	43.441052	44.999761	62.17465543141256	1128609.0	18.81015	1123.85	1920	1080	60.0	8	9952f929eaeb2fba13aea04f2cc094c9	421af6c52f3651c5084dc6c18aa91506	1920	1080	9579.0	204.0	904.0	23490.0	False	False	0.967376305659612	0.969397087403367
Aerial_1920x1080_2997_10b	Aerial_1920x1080_2997_10b	libaom	libaom_20201211_ac2c30b_enc-mode0	60	20	0	7184232.0	7184.232	43.230666666666664	45.700833333333335	45.03216666666667	43.214555	45.68735	45.020747	96.33982904167745	9991872.0	166.5312	9975.33	1920	1080	29.97	10	99bd10f780405d94c24b45afe6b56f87	488942a3949147c6f5701a0ee64ea32c	1920	1080	23807.0	426.0	2578.0	38718.0	False	False	0.9989170918862025	0.9978369019808837
Aerial_1920x1080_2997_10b	Aerial_1920x1080_2997_10b	libaom	libaom_20201211_ac2c30b_enc-mode0	60	32	0	4334041.0	4334.041	41.69966666666668	44.47833333333334	44.00900000000001	41.671868	44.46989	44.003664	95.26000751309344	8574531.0	142.90885	8527.13	1920	1080	29.97	10	8dacf8487793330e96346eb48f2a2d4a	602c9fe8050fee66a35a5e865ad3426e	1920	1080	28784.0	462.0	1890.0	38593.0	False	False	0.9984435915946961	0.9970034361528544
Aerial_1920x1080_2997_10b	Aerial_1920x1080_2997_10b	libaom	libaom_20201211_ac2c30b_enc-mode0	60	43	0	2570417.0	2570.417	39.42266666666668	42.65266666666668	42.56083333333332	39.394911	42.648405	42.558787	92.93787496600994	7360025.0	122.66708333333334	7350.33	1920	1080	29.97	10	c6a660a89cef1c7fc7f48ef909a40170	872d43995d529e1f3b1b5e61635c5445	1920	1080	27950.0	414.0	1439.0	23259.0	False	False	0.9973533868789672	0.9950891475355891
Aerial_1920x1080_2997_10b	Aerial_1920x1080_2997_10b	libaom	libaom_20201211_ac2c30b_enc-mode0	60	55	0	1330146.0	1330.146	36.02383333333333	40.37599999999998	40.85699999999997	36.012679	40.375069	40.856326	87.7723997249444	6093020.0	101.55033333333333	6049.51	1920	1080	29.97	10	135d96409f721fa37c08382cc9934778	7f4f1b5c188b8b6823de1835a48ba2fb	1920	1080	23736.0	413.0	1234.0	23460.0	False	False	0.994285398721695	0.9895582293271771
Aerial_1920x1080_2997_10b	Aerial_1920x1080_2997_10b	libaom	libaom_20201211_ac2c30b_enc-mode0	60	63	0	571684.0	571.684	31.69516666666668	38.0636666666667	39.36600000000001	31.677574	38.061361	39.364117	74.58690279269742	5046305.0	84.10508333333334	5020.47	1920	1080	29.97	10	58a728a36076e4fd4e73f980851360fb	c97364bccab4fe7b1e09ba25cffb4252	1920	1080	28694.0	417.0	1025.0	26225.0	False	False	0.9819054047266642	0.9679385238879131
touchdown_pass_1080p_60f	touchdown_pass_1080p_60f	libaom	libaom_20201211_ac2c30b_enc-mode0	60	20	0	10253175.0	10253.175	39.65066666666667	47.64366666666669	47.78416666666667	39.568914	47.640498	47.780475	-1.0	12974969.0	216.24948333333333	12952.6	1920	1080	29.97	8	77ef9e0270a464787b5d396746434ada	dd4ad01cacd82109db4b6a4c976c4ee9	1920	1080	16463.0	224.0	2864.0	3.0	False	False	-1.0	-1.0
touchdown_pass_1080p_60f	touchdown_pass_1080p_60f	libaom	libaom_20201211_ac2c30b_enc-mode0	60	32	0	3323454.0	3323.454	38.34916666666666	46.793166666666664	46.94183333333333	38.329704	46.790146	46.94049400000001	-1.0	8814952.0	146.91586666666666	8787.75	1920	1080	29.97	8	33947717beab1ec06d10ee4bb87fc56e	0ed746e038cbf85de0076f3a5f8c36a8	1920	1080	13315.0	241.0	1710.0	5.0	False	False	-1.0	-1.0
touchdown_pass_1080p_60f	touchdown_pass_1080p_60f	libaom	libaom_20201211_ac2c30b_enc-mode0	60	43	0	1676099.0	1676.099	37.080333333333336	45.889833333333335	45.91866666666668	37.051436	45.883331	45.913461	-1.0	5795090.0	96.58483333333334	5770.71	1920	1080	29.97	8	3db68a10e049b63d5c29ca0edb3071e5	aa64d0530a0605d5e87eec1a23349661	1920	1080	12291.0	230.0	1462.0	4.0	False	False	-1.0	-1.0
touchdown_pass_1080p_60f	touchdown_pass_1080p_60f	libaom	libaom_20201211_ac2c30b_enc-mode0	60	55	0	852058.0	852.0579999999999	35.255333333333326	44.649666666666654	44.697333333333326	35.215019	44.630887	44.681411	-1.0	3202206.0	53.3701	3190.6	1920	1080	29.97	8	9757a8707cde6e3e3a5d5488c8be01d9	ccec4e03c93b33091496f3105455f6d4	1920	1080	16289.0	202.0	971.0	4.0	False	False	-1.0	-1.0
touchdown_pass_1080p_60f	touchdown_pass_1080p_60f	libaom	libaom_20201211_ac2c30b_enc-mode0	60	63	0	399946.0	399.946	32.891333333333336	43.140833333333326	43.11700000000001	32.829683	43.098734	43.077981	-1.0	2249266.0	37.487766666666666	2242.88	1920	1080	29.97	8	6271b4971b015df35e8c5965f391c066	d118b23c1a4e371560c8cebca226b7c1	1920	1080	16338.0	208.0	873.0	4.0	False	False	-1.0	-1.0
Cosmos1_1920x856_BT2100_PQ_24fps	Cosmos1_1920x856_BT2100_PQ_24fps	libaom	libaom_20201211_ac2c30b_enc-mode0	60	20	0	16495164.0	16495.164	40.416666666666664	44.24766666666667	47.143833333333326	40.34305299999999	44.213287	47.12473	-1.0	18524039.0	308.73398333333336	18289.86	1920	856	24.0	10	ce08ba7fc8e077aad5441d3790741fba	e00642fb97aa9bc58ed1de3ee13539e6	1920	856	18443.0	333.0	5815.0	3.0	False	False	-1.0	-1.0
Cosmos1_1920x856_BT2100_PQ_24fps	Cosmos1_1920x856_BT2100_PQ_24fps	libaom	libaom_20201211_ac2c30b_enc-mode0	60	32	0	6265561.0	6265.561	37.20099999999999	42.48583333333333	45.64483333333333	37.134128	42.458806	45.626963	-1.0	13323417.0	222.05695	13296.37	1920	856	24.0	10	abbc70f90374e717068eee36692216cb	c86bd2fda0dc39d54ad071cb19a60ce1	1920	856	18586.0	373.0	3848.0	4.0	False	False	-1.0	-1.0
Cosmos1_1920x856_BT2100_PQ_24fps	Cosmos1_1920x856_BT2100_PQ_24fps	libaom	libaom_20201211_ac2c30b_enc-mode0	60	43	0	2700278.0	2700.278	34.941666666666656	41.044000000000004	44.422166666666655	34.886006	41.02183	44.413699	-1.0	11440406.0	190.67343333333332	11413.74	1920	856	24.0	10	93382ecdcff1cf53ae2798efd67692c6	6e5ed4d018fcfe6659d8054105cf3862	1920	856	22084.0	341.0	2717.0	3.0	False	False	-1.0	-1.0
Cosmos1_1920x856_BT2100_PQ_24fps	Cosmos1_1920x856_BT2100_PQ_24fps	libaom	libaom_20201211_ac2c30b_enc-mode0	60	55	0	1161350.0	1161.35	32.607000000000006	39.66399999999998	43.13516666666666	32.541027	39.644456	43.12943400000001	63.90109978046441	8196784.0	136.61306666666667	8185.51	1920	856	24.0	10	daa7365b75cf2c61c6f591f87fd911c8	3e83f14a2981cf85d823c4ff8b68455b	1920	856	21803.0	357.0	2037.0	30647.0	False	False	0.9493429809808731	0.9538211156563716
Cosmos1_1920x856_BT2100_PQ_24fps	Cosmos1_1920x856_BT2100_PQ_24fps	libaom	libaom_20201211_ac2c30b_enc-mode0	60	63	0	456707.0	456.707	30.192333333333334	38.19350000000001	41.80366666666666	30.125382	38.184143	41.800501000000004	41.82952859575913	5379179.0	89.65298333333334	5357.78	1920	856	24.0	10	6460b61d9ab42111c82611a639937a60	9d4c74a7b645f0f78ba3d6595c6b9543	1920	856	19367.0	356.0	1342.0	18881.0	False	False	0.8879258910814921	0.9033228499449444
DOTA2_60f_420	DOTA2_60f_420	libaom	libaom_20201211_ac2c30b_enc-mode0	60	20	0	12502376.0	12502.376	44.82716666666666	48.683333333333344	48.84466666666666	44.770057	48.62106099999999	48.817311	-1.0	4975848.0	82.9308	4960.43	1920	1080	60.0	8	73bc27c30a7b9db7b92b3d31d5e0c450	380a73e5920082db7b227457a1d5ea14	1920	1080	15720.0	247.0	1826.0	4.0	False	False	-1.0	-1.0
DOTA2_60f_420	DOTA2_60f_420	libaom	libaom_20201211_ac2c30b_enc-mode0	60	32	0	6298488.0	6298.488	42.415	46.45066666666667	46.77633333333335	42.341955	46.373237	46.739761	94.96129647219377	4599518.0	76.65863333333333	4590.81	1920	1080	60.0	8	9b3863573d04ad3d709a2d49914ce31d	26850dbaa56f087b47c749dd0d5ffe99	1920	1080	12003.0	208.0	1337.0	37732.0	False	False	0.9969587286313375	0.9944536319209606
DOTA2_60f_420	DOTA2_60f_420	libaom	libaom_20201211_ac2c30b_enc-mode0	60	43	0	3318168.0	3318.168	40.06883333333333	44.30350000000002	44.726	39.983243	44.218422	44.690166	91.36440466896627	3682698.0	61.3783	3670.72	1920	1080	60.0	8	d585dc7bee5455c15b27faf495f43366	5c7ee03e1e7cdc2737e29d7f1742cb3b	1920	1080	12006.0	202.0	1066.0	37680.0	False	False	0.9939775625864665	0.9898200141785515
DOTA2_60f_420	DOTA2_60f_420	libaom	libaom_20201211_ac2c30b_enc-mode0	60	55	0	1599936.0	1599.936	37.318000000000005	41.79316666666667	42.258666666666656	37.231858	41.702349	42.23088599999999	84.09406592014086	2565742.0	42.762366666666665	2559.79	1920	1080	60.0	8	6c7670c899f5c37f3d631e8cbe62133d	26a1649136fcd8dbdaa72aabc8ba381e	1920	1080	15797.0	219.0	956.0	24115.0	False	False	0.9853728930155436	0.9789260836480431
DOTA2_60f_420	DOTA2_60f_420	libaom	libaom_20201211_ac2c30b_enc-mode0	60	63	0	793368.0	793.368	34.50250000000001	39.022666666666666	39.472666666666655	34.405834	38.948919	39.442459	71.47380025316926	1817378.0	30.289633333333335	1814.32	1920	1080	60.0	8	b53b292495c822fc2dd99596a52f1040	67e18f96bd89221947f5050a50bac627	1920	1080	16178.0	235.0	772.0	23785.0	False	False	0.9655076136191686	0.9584399571882631
Starting_1920x1080p_50_10b_pq_70	Starting_1920x1080p_50_10b_pq_70	libaom	libaom_20201211_ac2c30b_enc-mode0	60	20	0	4616980.0	4616.98	47.116	50.03366666666664	51.85599999999997	47.075359	49.976704	51.77379	97.04279181789916	7430072.0	123.83453333333334	7399.45	1920	1080	50.0	10	7932b51b94868d61515577f496178024	478ac7e87d51cb3926c1763cd0face13	1920	1080	22568.0	419.0	1441.0	23683.0	False	False	0.9992931991815567	0.9982804233653496
Starting_1920x1080p_50_10b_pq_70	Starting_1920x1080p_50_10b_pq_70	libaom	libaom_20201211_ac2c30b_enc-mode0	60	32	0	2524700.0	2524.7	45.899833333333326	49.004	50.42366666666665	45.846439	48.965821	50.37731999999999	96.34321829796745	9500535.0	158.34225	9479.58	1920	1080	50.0	10	bf8f92934a474643b605b1695b9e3785	28fe8dec29b2703074a7419d9d6425cf	1920	1080	18843.0	414.0	1291.0	37864.0	False	False	0.9989390750726064	0.9977052431664565
Starting_1920x1080p_50_10b_pq_70	Starting_1920x1080p_50_10b_pq_70	libaom	libaom_20201211_ac2c30b_enc-mode0	60	43	0	1454693.0	1454.693	44.18416666666665	47.597833333333334	48.54716666666666	44.129867	47.58845	48.536178	94.6261954671265	6439418.0	107.32363333333333	6432.43	1920	1080	50.0	10	a9f3863c9adbace78fd68002433e6543	ce010a764f588c8bcc8dab42f4439908	1920	1080	22174.0	402.0	1082.0	22395.0	False	False	0.9981581687927246	0.9966082435211635
Starting_1920x1080p_50_10b_pq_70	Starting_1920x1080p_50_10b_pq_70	libaom	libaom_20201211_ac2c30b_enc-mode0	60	55	0	750440.0	750.44	41.322166666666675	45.515999999999984	45.95233333333336	41.294672	45.51524299999999	45.951523	90.28698875411162	4554399.0	75.90665	4531.24	1920	1080	50.0	10	f23e8ee363ec52ceb08700219b96e21a	17ec638ede854d611d5ef54ce9cb372a	1920	1080	19069.0	436.0	1110.0	23893.0	False	False	0.9958868602911631	0.9935252594035641
Starting_1920x1080p_50_10b_pq_70	Starting_1920x1080p_50_10b_pq_70	libaom	libaom_20201211_ac2c30b_enc-mode0	60	63	0	326400.0	326.4	36.87600000000001	42.791000000000004	43.023999999999994	36.870288	42.787027	43.019764	77.48196827519209	3691122.0	61.5187	3671.54	1920	1080	50.0	10	42cfb7a5c39153b2d761f2e7b1adc949	86480e69de80722ae798c4cdef863cbc	1920	1080	18501.0	395.0	954.0	23179.0	False	False	0.9870939334233602	0.9820174002458596
life_1080p30_60f	life_1080p30_60f	libaom	libaom_20201211_ac2c30b_enc-mode0	60	20	0	9725792.0	9725.792	43.511500000000005	49.04683333333332	48.46466666666668	43.464998	49.039253	48.459448	-1.0	6537474.0	108.9579	6530.06	1920	1080	30.0	8	2b35083f537d1b2393be1f3e089829dd	2f3815251917127170c309fcb390e00e	1920	1080	16961.0	227.0	2898.0	5.0	False	False	-1.0	-1.0
life_1080p30_60f	life_1080p30_60f	libaom	libaom_20201211_ac2c30b_enc-mode0	60	32	0	4679420.0	4679.42	40.77266666666665	46.81683333333332	46.425499999999985	40.744984	46.808626	46.419852	-1.0	5907256.0	98.45426666666667	5900.67	1920	1080	30.0	8	0ec2a4bb7b8b54cecc3fecb0764cb2e0	1adb0c40e1bbdcb35440bb4b1f5d9690	1920	1080	12874.0	228.0	2293.0	4.0	False	False	-1.0	-1.0
life_1080p30_60f	life_1080p30_60f	libaom	libaom_20201211_ac2c30b_enc-mode0	60	43	0	2462936.0	2462.936	38.296333333333344	44.93683333333333	44.748666666666686	38.271491	44.926348	44.740423	-1.0	4917522.0	81.9587	4908.49	1920	1080	30.0	8	b629568cffe3f334b2067c11e18a0eca	a6e2737174542c9fffe4c6be0a5724cf	1920	1080	12252.0	209.0	1747.0	3.0	False	False	-1.0	-1.0
life_1080p30_60f	life_1080p30_60f	libaom	libaom_20201211_ac2c30b_enc-mode0	60	55	0	1253584.0	1253.584	35.51666666666666	42.627333333333354	42.533166666666666	35.494706	42.615474	42.522885	-1.0	3370929.0	56.18215	3357.8	1920	1080	30.0	8	a53782fb1c4a9471ef5e3fa8beb104dc	a65d7218a53dc3eccdfd682abf78dcab	1920	1080	13123.0	231.0	1463.0	4.0	False	False	-1.0	-1.0
life_1080p30_60f	life_1080p30_60f	libaom	libaom_20201211_ac2c30b_enc-mode0	60	63	0	588900.0	588.9	32.779333333333334	40.11000000000001	39.927666666666646	32.743374	40.084056	39.901936	-1.0	2395155.0	39.91925	2386.49	1920	1080	30.0	8	b3533dbec0120245a91896b54e61bec9	d5ac3bfbf39cc396c142705fb96251f6	1920	1080	16213.0	209.0	1053.0	3.0	False	False	-1.0	-1.0
Market3_1920x1080p_50_10b_pq_709	Market3_1920x1080p_50_10b_pq_709	libaom	libaom_20201211_ac2c30b_enc-mode0	60	20	0	10089966.0	10089.965999999999	44.355000000000004	50.550166666666634	51.44899999999999	44.342478	50.548541	51.447776	99.77370409693054	7726261.0	128.77101666666667	7705.63	1920	1080	50.0	10	a0d32f11cff3d44f5e13b39fe7d21cc5	b5c830539f09a281d1b18dddedb47471	1920	1080	20948.0	415.0	2599.0	23029.0	False	False	0.9991523951292038	0.9980962857965651
Market3_1920x1080p_50_10b_pq_709	Market3_1920x1080p_50_10b_pq_709	libaom	libaom_20201211_ac2c30b_enc-mode0	60	32	0	5408126.0	5408.126	41.723	48.579	49.71183333333331	41.706801	48.576921	49.709473	98.54224325871033	8646414.0	144.1069	8609.53	1920	1080	50.0	10	cf16130bf2d13a0163f2bd17b2fe8a39	4872f825743049e6b8531d249fb34c9f	1920	1080	25845.0	439.0	2358.0	24380.0	False	False	0.9983925233284633	0.9964324967865409
Market3_1920x1080p_50_10b_pq_709	Market3_1920x1080p_50_10b_pq_709	libaom	libaom_20201211_ac2c30b_enc-mode0	60	43	0	3100180.0	3100.18	39.23916666666667	46.99800000000001	48.311000000000014	39.219406	46.993761	48.304705	95.29850612514682	6876677.0	114.61128333333333	6862.04	1920	1080	50.0	10	a2805aaaf262ff53a6a6af00b9db882e	48f5099ad0c66f560d831b484cf179ca	1920	1080	21817.0	428.0	2038.0	23622.0	False	False	0.9967769026756287	0.9931550278246529
Market3_1920x1080p_50_10b_pq_709	Market3_1920x1080p_50_10b_pq_709	libaom	libaom_20201211_ac2c30b_enc-mode0	60	55	0	1627766.0	1627.766	36.39316666666666	45.11583333333332	46.602	36.375154	45.109502	46.590613	88.81988440953465	5359599.0	89.32665	5325.81	1920	1080	50.0	10	8613e221b507433831fcc86658cf3c58	b94a2402cc2e46cc2fb186b27b09e06c	1920	1080	21339.0	443.0	1975.0	23853.0	False	False	0.992383474111557	0.985129771434487
Market3_1920x1080p_50_10b_pq_709	Market3_1920x1080p_50_10b_pq_709	libaom	libaom_20201211_ac2c30b_enc-mode0	60	63	0	794480.0	794.48	33.48983333333332	43.13316666666664	44.64650000000002	33.457462	43.101246999999994	44.601657	76.77010527029877	3776769.0	62.94615	3767.6	1920	1080	50.0	10	67f5ec6528c47c1ef0a1032020c2b0fe	3155c9781fbf12f88e217381b23f6fe3	1920	1080	21248.0	434.0	1385.0	23232.0	False	False	0.9808422674735388	0.9681052689011972
ShowGirl2TeaserClip4000_1920x108	ShowGirl2TeaserClip4000_1920x108	libaom	libaom_20201211_ac2c30b_enc-mode0	60	20	0	2324690.0	2324.69	42.28733333333334	46.666500000000006	49.56666666666665	42.285426	46.663826	49.563938	95.17854794169965	11555993.0	192.59988333333334	11536.58	1920	1080	25.0	10	eaa0714f706dc621f348257f0e1943ed	1d7e90234b8f4f73259bcd91a6496288	1920	1080	21119.0	411.0	1844.0	22867.0	False	False	0.995999476313591	0.9913412952043054
ShowGirl2TeaserClip4000_1920x108	ShowGirl2TeaserClip4000_1920x108	libaom	libaom_20201211_ac2c30b_enc-mode0	60	32	0	1139130.0	1139.13	41.608833333333315	46.227000000000004	48.77049999999999	41.604836	46.224924	48.769367	93.18697950927027	9081100.0	151.35166666666666	9037.91	1920	1080	25.0	10	587723896fde298c8d5e50ec3bb4c676	f7565c5dbdd3a5756dc1108c69f4949a	1920	1080	24322.0	503.0	1802.0	27732.0	False	False	0.9950164924065272	0.9901136022283831
ShowGirl2TeaserClip4000_1920x108	ShowGirl2TeaserClip4000_1920x108	libaom	libaom_20201211_ac2c30b_enc-mode0	60	43	0	634830.0	634.83	40.603	45.6945	47.82133333333331	40.589334	45.692512	47.820632	89.85697863785235	5862407.0	97.70678333333333	5851.17	1920	1080	25.0	10	472f7a5a22717e68eac974488743370c	883debe02950253e2c07dd96ab833f44	1920	1080	20884.0	405.0	1345.0	23345.0	False	False	0.9931879580020905	0.9879984418202536
ShowGirl2TeaserClip4000_1920x108	ShowGirl2TeaserClip4000_1920x108	libaom	libaom_20201211_ac2c30b_enc-mode0	60	55	0	341413.0	341.41299999999995	39.033	44.849	46.56466666666666	38.999986	44.847895	46.564332	83.80327852791169	3224097.0	53.73495	3176.8	1920	1080	25.0	10	0dc790229ae3469f0cbad6691c61b718	badf53e7f8226eaeab8edc776d3cf2f6	1920	1080	21123.0	422.0	1191.0	38041.0	False	False	0.9891466587781906	0.983575265275221
ShowGirl2TeaserClip4000_1920x108	ShowGirl2TeaserClip4000_1920x108	libaom	libaom_20201211_ac2c30b_enc-mode0	60	63	0	179696.0	179.696	36.73316666666667	43.038333333333334	44.948333333333345	36.684092	43.032673	44.936784	72.4294200380607	2097448.0	34.95746666666667	2090.77	1920	1080	25.0	10	68fbd05d7366719a4b8758da450a3a2c	de7c32327c80b6532eb4c53e9d4085b6	1920	1080	19836.0	486.0	1403.0	25023.0	False	False	0.9793534596761068	0.9734580535026125
Sintel_Dragons_1920x816_24_10b	Sintel_Dragons_1920x816_24_10b	libaom	libaom_20201211_ac2c30b_enc-mode0	60	20	0	4342204.0	4342.204	46.357666666666674	51.04116666666666	51.195666666666654	46.297868	51.004752	51.13352	99.9182758093186	14152176.0	235.8696	14124.16	1920	816	24.0	10	bb92cd25006141e250d47ba089f0b81e	e01728316de1884aef5e9e9855ac2207	1920	816	10655.0	322.0	2575.0	27153.0	False	False	0.9965263803799947	0.9966926074607929
Sintel_Dragons_1920x816_24_10b	Sintel_Dragons_1920x816_24_10b	libaom	libaom_20201211_ac2c30b_enc-mode0	60	32	0	2291296.0	2291.296	43.43466666666668	48.77616666666667	48.76733333333334	43.376647	48.736317	48.690281	99.83902154184162	12437204.0	207.28673333333333	12384.92	1920	816	24.0	10	bacc81addbed2a6d655245b7c64e0422	fe89cff8ed0e1051db874d26d0b76f08	1920	816	10710.0	342.0	2169.0	28313.0	False	False	0.9938349048296611	0.9942685849090752
Sintel_Dragons_1920x816_24_10b	Sintel_Dragons_1920x816_24_10b	libaom	libaom_20201211_ac2c30b_enc-mode0	60	43	0	1246176.0	1246.176	40.6	46.43816666666667	46.455166666666656	40.549414	46.395835	46.374584	97.0695873506417	11590696.0	193.17826666666667	11570.96	1920	816	24.0	10	0674255058fe8268246e768b39647588	14dfefb23a9c9bc1f6284c8eb20d96b3	1920	816	14200.0	372.0	2111.0	29138.0	False	False	0.988432107369105	0.9896859716504705
Sintel_Dragons_1920x816_24_10b	Sintel_Dragons_1920x816_24_10b	libaom	libaom_20201211_ac2c30b_enc-mode0	60	55	0	666121.0	666.121	37.647	44.06466666666667	44.01283333333332	37.600848	44.023503	43.923652	85.52444302849494	10250998.0	170.84996666666666	10170.66	1920	816	24.0	10	023e19142fd0fce017b8d9ba5a3c320a	82f3a56ec056d27822a8f0a6b27bdc6b	1920	816	10389.0	313.0	1619.0	28893.0	False	False	0.9777893602848053	0.9809789669861775
Sintel_Dragons_1920x816_24_10b	Sintel_Dragons_1920x816_24_10b	libaom	libaom_20201211_ac2c30b_enc-mode0	60	63	0	340032.0	340.032	34.351833333333346	41.454166666666666	41.373500000000014	34.275282	41.430835	41.298278	66.33716172201994	8890678.0	148.17796666666666	8864.96	1920	816	24.0	10	72e7649a3754986d8689ff9083fab3f3	88a68d482ceea0178c5cec756b8dba55	1920	816	10334.0	310.0	1111.0	16652.0	False	False	0.9556499620278677	0.9630763194958727
ducks_take_off_1080p50_60f	ducks_take_off_1080p50_60f	libaom	libaom_20201211_ac2c30b_enc-mode0	60	20	0	81273433.0	81273.433	37.585000000000015	38.335666666666654	40.95550000000001	37.47377199999999	38.285012	40.94329	-1.0	23108421.0	385.14035	23073.43	1920	1080	50.0	8	3f34e4d0a85c5323da4c625de82dbcac	bcd23b8df9a87f724e0d79011773acda	1920	1080	21277.0	259.0	6673.0	6.0	False	False	-1.0	-1.0
ducks_take_off_1080p50_60f	ducks_take_off_1080p50_60f	libaom	libaom_20201211_ac2c30b_enc-mode0	60	32	0	22952580.0	22952.58	34.602000000000004	36.60166666666667	39.691666666666656	34.56806199999999	36.582792	39.685306	-1.0	21131005.0	352.1834166666667	21098.6	1920	1080	50.0	8	c9e8b717a78e8edaf3593b54870a82e3	eb7a2d438d4af7e7baa6f4e8fce283b3	1920	1080	16918.0	227.0	3497.0	5.0	False	False	-1.0	-1.0
ducks_take_off_1080p50_60f	ducks_take_off_1080p50_60f	libaom	libaom_20201211_ac2c30b_enc-mode0	60	43	0	9343020.0	9343.02	32.86666666666669	35.03000000000001	38.53416666666667	32.83436	34.998894	38.52825500000001	-1.0	15150268.0	252.50446666666667	15114.38	1920	1080	50.0	8	f3af738aa9cce017b8cc1422be43647d	b68e50bac2c4b1d5c3256e99beb4c646	1920	1080	16189.0	214.0	2497.0	4.0	False	False	-1.0	-1.0
ducks_take_off_1080p50_60f	ducks_take_off_1080p50_60f	libaom	libaom_20201211_ac2c30b_enc-mode0	60	55	0	4197946.0	4197.946	30.88166666666667	33.45533333333333	37.60699999999999	30.82796	33.40567	37.602497	-1.0	8787515.0	146.45858333333334	8778.23	1920	1080	50.0	8	0eaac723a9462041c34bd2e243197fe0	aa148646723dac65e1c944876e93fa12	1920	1080	20932.0	215.0	1629.0	3.0	False	False	-1.0	-1.0
ducks_take_off_1080p50_60f	ducks_take_off_1080p50_60f	libaom	libaom_20201211_ac2c30b_enc-mode0	60	63	0	1965400.0	1965.4	28.757833333333327	31.957000000000004	36.8035	28.677322	31.914388999999996	36.799822999999996	-1.0	4834943.0	80.58238333333334	4804.27	1920	1080	50.0	8	38e76759a0c96e5aeaaa314484c3d9cb	230aab09418b9d09200ec580bab61128	1920	1080	20684.0	223.0	1225.0	5.0	False	False	-1.0	-1.0
ducks_1920x1080_50fps_10b	ducks_1920x1080_50fps_10b	libaom	libaom_20201211_ac2c30b_enc-mode0	60	20	0	82024260.0	82024.26	37.680166666666665	38.43599999999999	41.11666666666667	37.60283	38.4027	41.10752	-1.0	29593790.0	493.2298333333333	29564.49	1920	1080	50.0	10	4a17ef689be0e5b54a4a3bcd1a46bf1b	875fbe0779830025547408fbe5421eaf	1920	1080	22017.0	402.0	7138.0	3.0	False	False	-1.0	-1.0
ducks_1920x1080_50fps_10b	ducks_1920x1080_50fps_10b	libaom	libaom_20201211_ac2c30b_enc-mode0	60	32	0	22775706.0	22775.706	34.649333333333324	36.67433333333333	39.82516666666668	34.61569	36.657499	39.818642	91.82519637457526	29699025.0	494.98375	29631.13	1920	1080	50.0	10	7527f9dfec94fc5cff24e76ca42fa636	20453e88647f0933e11b5cf58fb535cc	1920	1080	21885.0	433.0	4372.0	37820.0	False	False	0.9957595686117808	0.9885187142674512
ducks_1920x1080_50fps_10b	ducks_1920x1080_50fps_10b	libaom	libaom_20201211_ac2c30b_enc-mode0	60	43	0	9332313.0	9332.313	32.91150000000001	35.104000000000006	38.67133333333333	32.878466	35.072077	38.665735	-1.0	23277845.0	387.96408333333335	23248.0	1920	1080	50.0	10	dd07372a61418d9be8e5687808b3c8fa	acb7de510021a7c05ce521355cd930eb	1920	1080	29464.0	507.0	3494.0	4.0	False	False	-1.0	-1.0
ducks_1920x1080_50fps_10b	ducks_1920x1080_50fps_10b	libaom	libaom_20201211_ac2c30b_enc-mode0	60	55	0	4177233.0	4177.233	30.900666666666666	33.49433333333334	37.70116666666668	30.846291	33.443692	37.697229	-1.0	14955222.0	249.2537	14889.73	1920	1080	50.0	10	e4e3c7ab91145cac54be127ea6d99ca7	cc47884d0fb2864db5687f0112cf9601	1920	1080	21894.0	428.0	2329.0	4.0	False	False	-1.0	-1.0
ducks_1920x1080_50fps_10b	ducks_1920x1080_50fps_10b	libaom	libaom_20201211_ac2c30b_enc-mode0	60	63	0	1967786.0	1967.786	28.789	32.01049999999999	36.89466666666668	28.707956	31.967466	36.89159	51.56969412534568	8747171.0	145.78618333333333	8726.28	1920	1080	50.0	10	edcb530751d9862e5785bf8dd52198a7	c9018824329e0e594e0709e96b71dfb8	1920	1080	22341.0	450.0	1736.0	23724.0	False	False	0.9512982080380122	0.935668268425511
ToddlerFountn_1920x1080_2997_10b	ToddlerFountn_1920x1080_2997_10b	libaom	libaom_20201211_ac2c30b_enc-mode0	60	20	0	49544210.0	49544.21	40.26233333333332	45.981333333333325	43.33416666666667	40.175811	45.964127	43.300457	-1.0	21894131.0	364.9021833333333	21760.81	1920	1080	29.97	10	07026251e0160942cb948b9b62ca75b1	7056a754d2b66b2f72731e51ee8aa013	1920	1080	27497.0	426.0	8472.0	4.0	False	False	-1.0	-1.0
ToddlerFountn_1920x1080_2997_10b	ToddlerFountn_1920x1080_2997_10b	libaom	libaom_20201211_ac2c30b_enc-mode0	60	32	0	23996858.0	23996.858	36.29916666666667	44.612999999999985	41.57516666666667	36.151275000000005	44.596713	41.547494	-1.0	26765975.0	446.0995833333333	26731.41	1920	1080	29.97	10	a984145760b05a59a20928a8d9750f5a	b35a23dc058c04b5d73f1e7470dbfeb7	1920	1080	27852.0	508.0	6763.0	4.0	False	False	-1.0	-1.0
ToddlerFountn_1920x1080_2997_10b	ToddlerFountn_1920x1080_2997_10b	libaom	libaom_20201211_ac2c30b_enc-mode0	60	43	0	10542377.0	10542.377	32.8705	43.32749999999999	40.32566666666667	32.727144	43.316306000000004	40.313961	-1.0	27984098.0	466.40163333333334	27902.83	1920	1080	29.97	10	d2b24f9ff310ea8157fb69cbfab12c18	dfdc2776edbe53d9faacc2ae05285eb4	1920	1080	27483.0	519.0	4829.0	3.0	False	False	-1.0	-1.0
ToddlerFountn_1920x1080_2997_10b	ToddlerFountn_1920x1080_2997_10b	libaom	libaom_20201211_ac2c30b_enc-mode0	60	55	0	4138551.0	4138.551	29.896666666666672	42.31216666666666	39.45366666666666	29.761101	42.308433	39.448874	64.9496473447231	19291378.0	321.52296666666666	19278.39	1920	1080	29.97	10	1097c0d21f307d4788a8b7317661203a	952a247ea2b275509728841d1da2b8f3	1920	1080	23644.0	423.0	2923.0	35914.0	False	False	0.9360754817724228	0.9156358575602377
ToddlerFountn_1920x1080_2997_10b	ToddlerFountn_1920x1080_2997_10b	libaom	libaom_20201211_ac2c30b_enc-mode0	60	63	0	1432502.0	1432.502	27.14066666666666	41.29883333333332	38.76433333333333	26.962348	41.295408	38.760001	39.50935507574257	13735587.0	228.92645	13661.79	1920	1080	29.97	10	72810fea212e0b4dcfa9f0a4fc0b44fe	c1f64fcafd9470a982ac8dc1a45c0f6e	1920	1080	22685.0	440.0	2148.0	38192.0	False	False	0.862215785185496	0.8448923513370037
MINECRAFT_60f_420	MINECRAFT_60f_420	libaom	libaom_20201211_ac2c30b_enc-mode0	60	20	0	64509040.0	64509.04	41.10666666666666	44.92266666666665	45.416666666666664	40.926485	44.831032	45.344074	-1.0	21230907.0	353.84845	21208.29	1920	1080	60.0	8	a935d21c3cfe97a92044b11d40bb55fe	0269ae2369ad63f8d2809aa84ad32521	1920	1080	18582.0	291.0	8167.0	4.0	False	False	-1.0	-1.0
MINECRAFT_60f_420	MINECRAFT_60f_420	libaom	libaom_20201211_ac2c30b_enc-mode0	60	32	0	33539912.0	33539.912	36.933000000000014	43.238666666666674	43.57100000000002	36.692546	43.168287	43.507431	99.4646377651603	28743130.0	479.05216666666666	28693.57	1920	1080	60.0	8	1a383d5b5542964c5a4a61f87e61a0ea	afb4d2266f4e75fc4e7b1442bd52c604	1920	1080	18019.0	232.0	5760.0	35354.0	False	False	0.9927763958772023	0.9879551458457443
MINECRAFT_60f_420	MINECRAFT_60f_420	libaom	libaom_20201211_ac2c30b_enc-mode0	60	43	0	14056736.0	14056.736	33.323999999999984	41.65	41.77683333333335	33.12873	41.591382	41.722772	-1.0	27683814.0	461.3969	27659.64	1920	1080	60.0	8	05180094a94143d71a41d0f2852eb52d	e2b266d3adbaafae86f1325aefef2ba4	1920	1080	14123.0	230.0	3545.0	4.0	False	False	-1.0	-1.0
MINECRAFT_60f_420	MINECRAFT_60f_420	libaom	libaom_20201211_ac2c30b_enc-mode0	60	55	0	5782776.0	5782.776	30.735500000000002	40.009666666666654	39.91716666666665	30.614676999999997	39.971575	39.869329	77.89189295724108	20930639.0	348.8439833333333	20853.88	1920	1080	60.0	8	1dd649ead69b8a6ef25b776f85d902a5	0acb284c2fdc2556418242b924aa85cc	1920	1080	13737.0	205.0	2327.0	23329.0	False	False	0.957963780562083	0.9412777171942259
MINECRAFT_60f_420	MINECRAFT_60f_420	libaom	libaom_20201211_ac2c30b_enc-mode0	60	63	0	2032256.0	2032.256	28.16533333333334	38.12316666666666	38.04183333333333	28.078944	38.11376400000001	38.015455	56.21926479887968	12797290.0	213.28816666666665	12779.32	1920	1080	60.0	8	691f06dfa1f4290b28bd844247c10d1f	164d491a52e738084f4f6f4c4a103224	1920	1080	18121.0	223.0	1370.0	38128.0	False	False	0.9003723114728928	0.8815146667523865
