rush_hour_1080p25_60f	rush_hour_1080p25_60f	svtav1	svtav1_20191102_65b4be0	60	20	5601583.0	5601.583	43.092833333333346	46.91266666666666	48.91999999999998	43.091038	46.911203	48.917544	97.142001	3310134.0	55.1689	1920	1080	25.0	8	54b1a3dd8e40ef3e7f8449c29eee9baf	855559caadbbe8ff4618528ad632dd76	1920	1080	11892.0	14.0	20939.0	7149.0	False	False
rush_hour_1080p25_60f	rush_hour_1080p25_60f	svtav1	svtav1_20191102_65b4be0	60	32	2696526.0	2696.526	42.240166666666674	45.983833333333315	47.766333333333336	42.236118	45.98129099999999	47.761196	93.545039	1571088.0	26.1848	1920	1080	25.0	8	75a2bc1c421515ece83e61d80c902ce6	c8360ada17debd0f3c6e837f58ef1055	1920	1080	7600.0	4.0	16662.0	6375.0	False	False
rush_hour_1080p25_60f	rush_hour_1080p25_60f	svtav1	svtav1_20191102_65b4be0	60	43	1337516.0	1337.516	40.952999999999996	45.019333333333336	46.48066666666666	40.937121	45.01572	46.471972	86.716101	1032470.0	17.207833333333333	1920	1080	25.0	8	5b1ca014ea28edb0ef536a7bea8c33a3	b757933abc45940091ab174de1171913	1920	1080	7380.0	4.0	12700.0	6296.0	False	False
rush_hour_1080p25_60f	rush_hour_1080p25_60f	svtav1	svtav1_20191102_65b4be0	60	55	593760.0	593.76	38.903999999999996	43.34266666666665	44.46133333333333	38.870399	43.337614	44.447182	74.584766	1085019.0	18.08365	1920	1080	25.0	8	e243a719bd905dfdcd782394f31ca49b	0917ac42ac6eb5cb0aa7eab5210a80ee	1920	1080	7126.0	4.0	10640.0	6655.0	False	False
rush_hour_1080p25_60f	rush_hour_1080p25_60f	svtav1	svtav1_20191102_65b4be0	60	59	403426.0	403.426	37.705	42.18566666666666	43.24166666666667	37.669659	42.181629	43.227519	67.266512	1192272.0	19.8712	1920	1080	25.0	8	f65897a8876275c35f7eccf6f77ec999	dcd8420cc847ecd86b27718da48bdafb	1920	1080	10483.0	17.0	17827.0	8174.0	False	False
blue_sky_360p_60f	blue_sky_360p_60f	svtav1	svtav1_20191102_65b4be0	60	20	1487856.0	1487.856	44.480666666666664	45.94949999999997	47.815500000000014	44.42935	45.87209599999999	47.749474	99.92454	418745.0	6.9790833333333335	640	360	25.0	8	30f5667e9b24166b6b5b5e01a589e2dd	bf0e418803214c13dc00d020cd19b45a	640	360	1753.0	12.0	4110.0	717.0	False	False
blue_sky_360p_60f	blue_sky_360p_60f	svtav1	svtav1_20191102_65b4be0	60	32	794183.0	794.1829999999999	41.89566666666666	44.224000000000004	46.04083333333334	41.785289	44.132058	45.970805	99.918555	292805.0	4.880083333333333	640	360	25.0	8	09a99fb576b33b13dc39f89e137cae1c	1c22e1093d9c4f372638c0967f0bd673	640	360	1474.0	4.0	1692.0	659.0	False	False
blue_sky_360p_60f	blue_sky_360p_60f	svtav1	svtav1_20191102_65b4be0	60	43	419703.0	419.70300000000003	39.16733333333333	41.61466666666667	43.28816666666666	39.028511	41.544212	43.244682	99.783752	177958.0	2.9659666666666666	640	360	25.0	8	06c9e206df202d37ea23e80a3b57b44e	aa7304057724590d1f2dd3f01cc9d0b1	640	360	1327.0	3.0	1395.0	521.0	False	False
blue_sky_360p_60f	blue_sky_360p_60f	svtav1	svtav1_20191102_65b4be0	60	55	194233.0	194.233	35.505999999999986	37.686333333333344	39.74166666666667	35.416112	37.660219	39.729091	94.78957800000002	137843.0	2.2973833333333333	640	360	25.0	8	5d24983f4cd1f1a0f12c1601030ccd33	4ab66db034cb4a05e466a7e69e4ce66a	640	360	1449.0	5.0	1295.0	525.0	False	False
blue_sky_360p_60f	blue_sky_360p_60f	svtav1	svtav1_20191102_65b4be0	60	59	130730.0	130.73	33.26783333333333	35.82366666666667	38.45583333333333	33.228095	35.813253	38.448682	89.099944	159705.0	2.66175	640	360	25.0	8	adce4053a35256867052d28d9ac3a80f	8091983fec775f1ae03f525ccc0e4a98	640	360	1675.0	12.0	1458.0	692.0	False	False
ShowGirl2TeaserClip4000_1920x108	ShowGirl2TeaserClip4000_1920x108	svtav1	svtav1_20191102_65b4be0	60	20	3320803.0	3320.803	42.389333333333326	46.52349999999999	49.24199999999998	42.388229	46.522665	49.241327	95.215546	2063044.0	34.38406666666667	1920	1080	25.0	10	f397373d5e87ddd3d617afc1fa2a1bf9	ba88577e5bc9ecc24a703fa691e0ef30	1920	1080	13647.0	5.0	11953.0	6401.0	False	False
ShowGirl2TeaserClip4000_1920x108	ShowGirl2TeaserClip4000_1920x108	svtav1	svtav1_20191102_65b4be0	60	32	1322343.0	1322.343	41.610166666666665	46.11299999999998	48.57199999999997	41.607232	46.112133	48.571436	93.199576	1160440.0	19.340666666666667	1920	1080	25.0	10	c4b371df9e03008a6e9f70db2dd04217	1ccd5c8057acbd7dad78f2ec43dd04cb	1920	1080	13496.0	4.0	9484.0	6133.0	False	False
ShowGirl2TeaserClip4000_1920x108	ShowGirl2TeaserClip4000_1920x108	svtav1	svtav1_20191102_65b4be0	60	43	793310.0	793.31	40.873166666666656	45.901666666666706	48.282166666666654	40.860003	45.900167	48.280884	90.544735	3015032.0	50.25053333333334	1920	1080	25.0	10	6b665b9a2affd09825a9f1e4b3d36c79	ecc78886adb648c004a7e6d32e4d6068	1920	1080	25928.0	32.0	13228.0	10174.0	False	False
ShowGirl2TeaserClip4000_1920x108	ShowGirl2TeaserClip4000_1920x108	svtav1	svtav1_20191102_65b4be0	60	55	339223.0	339.223	38.85333333333334	44.732333333333344	46.71800000000001	38.827123	44.73104	46.717853	82.959637	4601683.0	76.69471666666666	1920	1080	25.0	10	0f62096636c899c2f4b478021e32cb32	bb7b1e7e3069d5c37bd544e13d967c2c	1920	1080	37278.0	4.0	6353.0	11797.0	False	False
ShowGirl2TeaserClip4000_1920x108	ShowGirl2TeaserClip4000_1920x108	svtav1	svtav1_20191102_65b4be0	60	59	206753.0	206.753	37.19266666666666	43.60333333333333	45.38250000000002	37.177016	43.602886	45.382345	75.02566	721945.0	12.032416666666666	1920	1080	25.0	10	910ed4142c0337cf65b3de183354269f	d3a70204b6d4df69de0ebc64a90a6d47	1920	1080	13430.0	4.0	5543.0	6453.0	False	False
Cosmos1_1920x856_BT2100_PQ_24fps	Cosmos1_1920x856_BT2100_PQ_24fps	svtav1	svtav1_20191102_65b4be0	60	20	25197542.0	25197.542	42.35216666666667	45.214999999999996	47.73566666666666	42.314529	45.166587	47.707167	99.434861	1690663.0	28.177716666666665	1920	856	24.0	10	fd1600ab3acbe9b6de3433b95c39c18c	97614ac29be55c4253aac59368b31488	1920	856	11641.0	5.0	27787.0	4828.0	False	False
Cosmos1_1920x856_BT2100_PQ_24fps	Cosmos1_1920x856_BT2100_PQ_24fps	svtav1	svtav1_20191102_65b4be0	60	32	10508451.0	10508.451	38.51216666666666	43.17383333333331	46.05699999999999	38.379331	43.139007	46.039474	95.475823	8563429.0	142.72381666666666	1920	856	24.0	10	33aca4b134f70ecdd5f0667a8385f847	70f94ef142daa3f0bd33453758b9ee0d	1920	856	22158.0	3.0	21130.0	4792.0	False	False
Cosmos1_1920x856_BT2100_PQ_24fps	Cosmos1_1920x856_BT2100_PQ_24fps	svtav1	svtav1_20191102_65b4be0	60	43	4038668.0	4038.668	35.599833333333336	41.53883333333333	44.200833333333335	35.495778	41.514743	44.179209	84.931441	945446.0	15.757433333333333	1920	856	24.0	10	374739cf952fa7b2ccb9a5e30805d96a	f630ec03079e43881d0318aba8e9b6e0	1920	856	11429.0	5.0	14519.0	4799.0	False	False
Cosmos1_1920x856_BT2100_PQ_24fps	Cosmos1_1920x856_BT2100_PQ_24fps	svtav1	svtav1_20191102_65b4be0	60	55	1482163.0	1482.163	32.80433333333334	39.85166666666666	42.24050000000001	32.739373	39.830335	42.231517000000004	65.637095	996875.0	16.614583333333332	1920	856	24.0	10	6dcc729b4a3a02a3edb637e3c14397f6	c97a356e406a232d074f9aa80d9c4999	1920	856	11462.0	4.0	12075.0	4656.0	False	False
Cosmos1_1920x856_BT2100_PQ_24fps	Cosmos1_1920x856_BT2100_PQ_24fps	svtav1	svtav1_20191102_65b4be0	60	59	877004.0	877.004	31.445833333333333	38.83316666666666	41.33883333333333	31.402614000000003	38.821395	41.336469	54.11209	697130.0	11.618833333333333	1920	856	24.0	10	26f61047b2135d75cafda6d42bf5ed1b	039bd4dc2e80361cb277eaaae507f3f0	1920	856	11117.0	5.0	10748.0	4622.0	False	False
