thaloundeskmtg360p_60f	thaloundeskmtg360p_60f	libaom	libaom_20210205_e6afebb_enc-mode0	60	20	0	710796.0	710.796	44.31550000000001	48.3315	48.38566666666665	44.037481	48.222262	48.332485	96.65254913333334	574744.0	9.579066666666666	574.21	640	360	30.0	8	5a19a25b44bf885f0b1ac24b4ac109cc	7ceb6de4e3fa8a13b138acdc44e2d2c6	640	360	2097.0	68.0	219.0	5161.0	False	False	0.9920511999999999	0.9982831166666666
thaloundeskmtg360p_60f	thaloundeskmtg360p_60f	libaom	libaom_20210205_e6afebb_enc-mode0	60	32	0	396348.0	396.348	42.807	47.11816666666667	47.17416666666667	42.415936	47.019252	47.116415	95.56338155	354839.0	5.913983333333333	354.37	640	360	30.0	8	014027de79b72dec92159805cb88c428	e3afa7f92c55efa38cb4b555d081af4c	640	360	2202.0	56.0	199.0	5386.0	False	False	0.9898761500000001	0.99758305
thaloundeskmtg360p_60f	thaloundeskmtg360p_60f	libaom	libaom_20210205_e6afebb_enc-mode0	60	43	0	239360.0	239.36	40.99883333333333	45.706999999999994	45.77083333333333	40.530802	45.616865	45.707357	93.62403708333333	261208.0	4.353466666666667	260.97	640	360	30.0	8	08f6166d8fbedaeb131186fac20fda93	cd7510edc1bed8439d5a001192d5f35d	640	360	1936.0	53.0	159.0	3147.0	False	False	0.9864097666666666	0.9963907333333333
thaloundeskmtg360p_60f	thaloundeskmtg360p_60f	libaom	libaom_20210205_e6afebb_enc-mode0	60	55	0	137756.0	137.756	38.418166666666686	43.68666666666666	43.63350000000002	37.893951	43.598755	43.54167399999999	89.81395781666666	175260.0	2.921	171.23	640	360	30.0	8	6a33d6586d0358c6bf482aa4ad6cc4ea	73fd16a26cb49b6e19a8d7d2b295cfee	640	360	2079.0	59.0	136.0	5188.0	False	False	0.9794065999999998	0.9936365166666667
thaloundeskmtg360p_60f	thaloundeskmtg360p_60f	libaom	libaom_20210205_e6afebb_enc-mode0	60	63	0	69588.0	69.588	34.51649999999998	40.636666666666656	40.781	33.748025	40.42869699999999	40.605304	79.9099351	135662.0	2.2610333333333332	135.37	640	360	30.0	8	5b64434efa5f74ccfa4c1c89230ee8cd	d9d857fc546ff17335a5f1c05784b3eb	640	360	2029.0	60.0	146.0	5373.0	False	False	0.9587218833333332	0.9844475500000001
dark720p_60f	dark720p_60f	libaom	libaom_20210205_e6afebb_enc-mode0	60	20	0	4409568.0	4409.568	44.56866666666667	41.82183333333333	43.676333333333346	44.38335300000001	41.68298	43.587375	94.87865386666667	4730677.0	78.84461666666667	4724.73	1280	720	30.0	8	04d6af0e9e5d952759061a8a4c6e3948	8cac78b5d0d4613a597122194abbee57	1280	720	5941.0	119.0	1327.0	17198.0	False	False	0.9923900666666667	0.9935918
dark720p_60f	dark720p_60f	libaom	libaom_20210205_e6afebb_enc-mode0	60	32	0	928420.0	928.42	43.00116666666667	38.16533333333334	41.471000000000004	42.909483	38.10516500000001	41.459382	92.49433318333334	2664127.0	44.402116666666664	2660.16	1280	720	30.0	8	5ead507cde84a3a63c9e431a0dc7d81b	93d2c6696bc48dfad9d2b08b3d6d387b	1280	720	6056.0	119.0	758.0	17002.0	False	False	0.9907249333333331	0.9922638833333333
dark720p_60f	dark720p_60f	libaom	libaom_20210205_e6afebb_enc-mode0	60	43	0	267388.0	267.388	42.21416666666665	36.99800000000002	40.897166666666685	42.1493	36.996198	40.8934	90.69156023333333	2033315.0	33.88858333333334	2031.62	1280	720	30.0	8	58f0ff25e708a953658e76de2e7fcae6	5669add2b734f2430e88a554e492c312	1280	720	4947.0	132.0	631.0	13686.0	False	False	0.9893566000000003	0.9912159333333334
dark720p_60f	dark720p_60f	libaom	libaom_20210205_e6afebb_enc-mode0	60	55	0	132588.0	132.588	41.147666666666666	36.532999999999994	40.23100000000001	41.104098	36.532435	40.22722	87.53199643333333	884687.0	14.744783333333332	882.04	1280	720	30.0	8	0c42b7594fef3fc7c90886fab82bb0fc	342add175c44e13e88c84023f473290a	1280	720	6429.0	128.0	444.0	17433.0	False	False	0.9864334166666666	0.9889944333333331
dark720p_60f	dark720p_60f	libaom	libaom_20210205_e6afebb_enc-mode0	60	63	0	73212.0	73.212	39.30983333333333	35.653499999999994	38.957166666666666	39.27285100000001	35.649821	38.94675300000001	81.25380766666667	501477.0	8.35795	500.07	1280	720	30.0	8	97ba98b15bdaae7881fda4ab6181f232	2cdf3d49d7f90776423c30c376f4a4fc	1280	720	5109.0	143.0	471.0	17877.0	False	False	0.9803854	0.9843069
kirland360p_60f	kirland360p_60f	libaom	libaom_20210205_e6afebb_enc-mode0	60	20	0	270008.0	270.008	47.22366666666667	48.52166666666667	49.763	47.163142	48.480545	49.723589	95.86671540000002	505636.0	8.427266666666666	504.89	640	360	30.0	8	d69c9388278ffb789cf6028c7f41562d	660d4fccd6b9c3624db476e8a29ca3f9	640	360	2208.0	74.0	154.0	3132.0	False	False	0.9908640166666667	0.9973247166666667
kirland360p_60f	kirland360p_60f	libaom	libaom_20210205_e6afebb_enc-mode0	60	32	0	159272.0	159.272	46.16333333333331	48.045333333333325	49.01766666666667	46.104721	48.011965	48.989709999999995	94.97280261666668	302243.0	5.0373833333333335	301.47	640	360	30.0	8	d2b002b3043c86e5a5a3913886db7b48	bbb4cb41521cd437afcd73c56984c903	640	360	1571.0	55.0	135.0	3082.0	False	False	0.9898274166666667	0.9968452499999999
kirland360p_60f	kirland360p_60f	libaom	libaom_20210205_e6afebb_enc-mode0	60	43	0	109672.0	109.672	45.07916666666667	47.55383333333332	48.2783333333333	45.005058	47.523163	48.254207	93.58185630000001	235916.0	3.9319333333333333	235.13	640	360	30.0	8	a55711073a7f293abfa7dc5f6975257d	0686d3bb8a047763543932f76ab97f4a	640	360	1575.0	59.0	136.0	5284.0	False	False	0.9886558333333333	0.9963828499999999
kirland360p_60f	kirland360p_60f	libaom	libaom_20210205_e6afebb_enc-mode0	60	55	0	71192.0	71.192	43.587999999999994	46.96683333333332	47.33916666666664	43.413614	46.91015	47.253218	91.50084773333334	145262.0	2.4210333333333334	144.71	640	360	30.0	8	7a950ed699343b7cc8afe17ebd8f7d14	0dcae3c949a1a92f1bfeb55fd556463c	640	360	1880.0	62.0	172.0	5240.0	False	False	0.9865875166666667	0.9955354333333335
kirland360p_60f	kirland360p_60f	libaom	libaom_20210205_e6afebb_enc-mode0	60	63	0	50936.0	50.936	41.81566666666666	46.135833333333345	46.37799999999998	41.207632	45.895336	45.92387999999999	87.21110276666667	92474.0	1.5412333333333332	92.26	640	360	30.0	8	44e9259b6762051556b11a704b9a1192	c61cc2e90baee26b014c23d6c1f70a3e	640	360	1307.0	47.0	91.0	3023.0	False	False	0.9828052500000001	0.9940500666666667
speed_bag_640x360_60f	speed_bag_640x360_60f	libaom	libaom_20210205_e6afebb_enc-mode0	60	20	0	407526.0	407.526	46.477000000000004	49.520166666666675	50.97983333333334	46.407114	49.477902	50.930824	98.14739456666666	543851.0	9.064183333333334	543.43	640	360	29.97	8	7f718f53c2831c47d5c9c649c0f92841	fddf5e553a4dd0eee3dc1bd964fa5d5d	640	360	1381.0	49.0	228.0	3106.0	False	False	0.9883403166666668	0.9973543666666664
speed_bag_640x360_60f	speed_bag_640x360_60f	libaom	libaom_20210205_e6afebb_enc-mode0	60	32	0	235725.0	235.725	44.690500000000014	48.05499999999998	49.765666666666675	44.564419	47.983533	49.666545	97.21059193333332	402136.0	6.702266666666667	401.62	640	360	29.97	8	118c3c5fe11f3531614d2cee820ffb0a	5e8f72a1e65732049936ee0a1a429c1c	640	360	1730.0	56.0	216.0	3187.0	False	False	0.9851560500000001	0.9960232
speed_bag_640x360_60f	speed_bag_640x360_60f	libaom	libaom_20210205_e6afebb_enc-mode0	60	43	0	140639.0	140.639	42.692833333333326	46.361666666666665	48.30766666666667	42.501782	46.264098	48.168667	94.57710468333333	247981.0	4.133016666666666	247.74	640	360	29.97	8	9defd454d245f6efbc532441645c192b	6252a2c09ec38407b08233f953010bee	640	360	1389.0	47.0	154.0	3022.0	False	False	0.9812342333333333	0.99391115
speed_bag_640x360_60f	speed_bag_640x360_60f	libaom	libaom_20210205_e6afebb_enc-mode0	60	55	0	82578.0	82.578	40.180166666666665	44.39533333333332	46.623166666666656	39.90868	44.294124	46.451329	87.75408938333334	164865.0	2.74775	164.63	640	360	29.97	8	d5164ddffec333e4ce311690e63a655d	d82111f7a9c12a2acf2f1ea53969f3ab	640	360	1656.0	48.0	131.0	5034.0	False	False	0.9745342333333332	0.9897757833333333
speed_bag_640x360_60f	speed_bag_640x360_60f	libaom	libaom_20210205_e6afebb_enc-mode0	60	63	0	51695.0	51.695	37.49633333333332	42.14649999999999	44.414333333333346	37.092454	42.01715	44.158432999999995	77.67733766666669	121446.0	2.0241	120.92	640	360	29.97	8	c2d89187b095eaf527d56c89a76e2200	f0def6abdab7fc8fbb48135f132a5491	640	360	1489.0	64.0	154.0	5202.0	False	False	0.9642901166666668	0.98157885
Netflix_Crosswalk_1920x1080_60fp	Netflix_Crosswalk_1920x1080_60fp	libaom	libaom_20210205_e6afebb_enc-mode0	60	20	0	6485072.0	6485.072	45.30766666666667	48.24816666666666	50.11933333333334	45.279874	48.242764	50.112556	98.43773838333333	5391501.0	89.85835	5378.36	1920	1080	60.0	8	dd01b4c1bf3e03e3237ede174b577f14	2765d077114b126371a3c97d40e8f6b9	1920	1080	9460.0	270.0	2162.0	38573.0	False	False	0.9973599833333334	0.9954423666666667
Netflix_Crosswalk_1920x1080_60fp	Netflix_Crosswalk_1920x1080_60fp	libaom	libaom_20210205_e6afebb_enc-mode0	60	32	0	3412720.0	3412.72	44.06050000000002	47.48399999999999	49.30016666666667	44.012626	47.477546	49.293628	95.07346478333335	4510158.0	75.1693	4497.32	1920	1080	60.0	8	0adf62cfaea355886250fd7632d25d03	9c5b279025f5d13aa2e0bb492a19e02c	1920	1080	12555.0	284.0	1988.0	38248.0	False	False	0.9956524333333333	0.99360895
Netflix_Crosswalk_1920x1080_60fp	Netflix_Crosswalk_1920x1080_60fp	libaom	libaom_20210205_e6afebb_enc-mode0	60	43	0	1853856.0	1853.856	42.4245	46.54883333333334	48.29416666666667	42.339175	46.537872	48.284006	88.95887713333332	3196176.0	53.2696	3189.46	1920	1080	60.0	8	9549e2d16fd96a322a64d0e817a64f82	126e67310282cb317d072e1c78f1a74a	1920	1080	12224.0	269.0	1638.0	24482.0	False	False	0.9921328333333334	0.9902287666666667
Netflix_Crosswalk_1920x1080_60fp	Netflix_Crosswalk_1920x1080_60fp	libaom	libaom_20210205_e6afebb_enc-mode0	60	55	0	974840.0	974.84	40.234833333333334	45.17083333333333	46.869500000000016	40.11374	45.158191	46.856054	78.34264101666669	1965597.0	32.75995	1959.31	1920	1080	60.0	8	c49d35d118f546c3612bf88ae944e6c3	04b27ab07e333327f461d5dbd2aed7b6	1920	1080	9441.0	274.0	1290.0	37786.0	False	False	0.9842399000000001	0.9832834166666667
Netflix_Crosswalk_1920x1080_60fp	Netflix_Crosswalk_1920x1080_60fp	libaom	libaom_20210205_e6afebb_enc-mode0	60	63	0	521192.0	521.192	37.57849999999999	43.472333333333346	45.08433333333334	37.420893	43.449403	45.057932	62.60666561666667	1377641.0	22.960683333333332	1373.46	1920	1080	60.0	8	7ad8c04fff263b83d98b204ab98c1b0d	5329acd7976e0590d2a74816f843f03c	1920	1080	13030.0	258.0	1216.0	38484.0	False	False	0.9678208833333334	0.9697687666666668
Netflix_RollerCoaster_1280x720_6	Netflix_RollerCoaster_1280x720_6	libaom	libaom_20210205_e6afebb_enc-mode0	60	20	0	6059360.0	6059.36	44.16533333333332	46.12250000000002	46.23066666666668	44.143556	46.117326	46.226686	99.89751881666668	3835500.0	63.925	3829.76	1280	720	60.0	8	af77392f4712e900d5841af9fce5e942	bd75eb4e308482006b6778015353fc79	1280	720	7079.0	121.0	1085.0	10363.0	False	False	0.9975895833333334	0.9971863
Netflix_RollerCoaster_1280x720_6	Netflix_RollerCoaster_1280x720_6	libaom	libaom_20210205_e6afebb_enc-mode0	60	32	0	3121040.0	3121.04	41.827666666666666	44.23566666666667	44.689499999999995	41.796755	44.226823	44.684157	99.72020938333334	2813211.0	46.88685	2751.64	1280	720	60.0	8	f23c5a2b0e472c3d23cca3d27e8ec206	eed60d70163ea811a8160d17d66519a3	1280	720	7190.0	122.0	989.0	17603.0	False	False	0.9956996	0.9951960666666667
Netflix_RollerCoaster_1280x720_6	Netflix_RollerCoaster_1280x720_6	libaom	libaom_20210205_e6afebb_enc-mode0	60	43	0	1741976.0	1741.976	39.54166666666667	42.418000000000006	43.301500000000004	39.496636	42.403067	43.294082	96.29738753333336	2158740.0	35.979	2152.97	1280	720	60.0	8	011ef8418dfa8ec72a3962d7d4937377	f477279f9595fe64908eba7f4fc47792	1280	720	7469.0	133.0	892.0	17521.0	False	False	0.9922599833333334	0.9917809333333333
Netflix_RollerCoaster_1280x720_6	Netflix_RollerCoaster_1280x720_6	libaom	libaom_20210205_e6afebb_enc-mode0	60	55	0	933744.0	933.744	36.91166666666667	40.227166666666676	41.63399999999998	36.868263	40.20727	41.625507	88.28006286666667	1476029.0	24.600483333333333	1474.6	1280	720	60.0	8	5ed9313725efbc97b023ad45094a035f	fe472fedc1c7040ab37b39ba662388b8	1280	720	7192.0	131.0	749.0	17735.0	False	False	0.9841125333333332	0.9842421166666665
Netflix_RollerCoaster_1280x720_6	Netflix_RollerCoaster_1280x720_6	libaom	libaom_20210205_e6afebb_enc-mode0	60	63	0	501384.0	501.384	33.960499999999996	37.886	39.90166666666666	33.891596	37.852592	39.887713	73.55536341666668	1071886.0	17.864766666666668	1067.33	1280	720	60.0	8	5cbe8f28e95c23bb1bc271cd9f872319	e6575d3668ab9185986edc0fccc53237	1280	720	7794.0	162.0	736.0	17313.0	False	False	0.9652438833333332	0.9683569833333333
STARCRAFT_60f_420	STARCRAFT_60f_420	libaom	libaom_20210205_e6afebb_enc-mode0	60	20	0	7491112.0	7491.112	50.234500000000004	53.46366666666666	53.51033333333336	50.216082	53.447237	53.501072	97.54387173333333	1442260.0	24.037666666666667	1435.19	1920	1080	60.0	8	5dcbc1a043ae5f100f9be4409e223e47	77571988ffa639813c51f996a74a768a	1920	1080	14171.0	254.0	1113.0	23856.0	False	False	0.9996275499999999	0.9992914499999999
STARCRAFT_60f_420	STARCRAFT_60f_420	libaom	libaom_20210205_e6afebb_enc-mode0	60	32	0	4696344.0	4696.344	47.60583333333333	51.64066666666667	51.78683333333333	47.575682	51.607542	51.772279	96.97859841666669	1483257.0	24.72095	1477.77	1920	1080	60.0	8	ba3222b79d3f313dbbe9a0cebf87f9cf	bc309588fffddeff8f77164e380c2ffb	1920	1080	14003.0	273.0	1049.0	38573.0	False	False	0.9993156999999999	0.9987610166666667
STARCRAFT_60f_420	STARCRAFT_60f_420	libaom	libaom_20210205_e6afebb_enc-mode0	60	43	0	2792296.0	2792.296	44.447	49.34133333333333	49.557500000000005	44.410126	49.305709	49.544994	95.80465468333334	1441122.0	24.0187	1434.76	1920	1080	60.0	8	067ae0a072cbdc8228437d222e6e03c0	62eb69e81066326a73e5ead6f1a6aa6f	1920	1080	14128.0	244.0	945.0	38512.0	False	False	0.9985240666666666	0.9974663
STARCRAFT_60f_420	STARCRAFT_60f_420	libaom	libaom_20210205_e6afebb_enc-mode0	60	55	0	1405816.0	1405.816	40.429	46.07250000000001	46.29583333333334	40.407695	46.055645	46.288491	92.66191246666666	1275757.0	21.262616666666666	1269.28	1920	1080	60.0	8	e7e7b5affdd6c01e22c303ab48c1e514	dc161097bc9d9f7ffda69ac714191207	1920	1080	14256.0	262.0	1062.0	38767.0	False	False	0.9955346833333334	0.9931304500000001
STARCRAFT_60f_420	STARCRAFT_60f_420	libaom	libaom_20210205_e6afebb_enc-mode0	60	63	0	597104.0	597.104	35.660666666666664	42.21016666666666	42.33916666666665	35.654602	42.204398	42.334498	83.44994295	1180415.0	19.673583333333333	1174.96	1920	1080	60.0	8	55a2aba5eaf8d587a0dedb6dd548c6cf	b8a90014d0b41e8f51d07845721dd9bc	1920	1080	11589.0	261.0	1061.0	38992.0	False	False	0.9846741833333333	0.9795090000000001
aspen_1080p_60f	aspen_1080p_60f	libaom	libaom_20210205_e6afebb_enc-mode0	60	20	0	4657556.0	4657.556	43.17066666666667	47.83216666666668	49.069	43.14935	47.828963	49.066646	96.6172519	7212090.0	120.2015	7197.5	1920	1080	29.97	8	e5facd41113a2da71335c22638614592	cd6f131374a36bddb71081a61a5a9d39	1920	1080	12572.0	330.0	2475.0	26887.0	False	False	0.9954379999999999	0.9915074999999999
aspen_1080p_60f	aspen_1080p_60f	libaom	libaom_20210205_e6afebb_enc-mode0	60	32	0	1812197.0	1812.197	41.97550000000001	46.87599999999998	47.97083333333335	41.964056	46.872709	47.967349	93.55514358333335	4853064.0	80.8844	4838.95	1920	1080	29.97	8	a48e7303a1f0ce7c162dad8f26bc89e4	9d1e8e8c7dac03d9d26f933398c88bea	1920	1080	12007.0	258.0	1714.0	37886.0	False	False	0.9938804666666667	0.9895269666666667
aspen_1080p_60f	aspen_1080p_60f	libaom	libaom_20210205_e6afebb_enc-mode0	60	43	0	889243.0	889.243	40.700666666666656	45.68583333333334	46.633333333333326	40.684695	45.681726	46.628551	88.88856411666667	2999188.0	49.986466666666665	2988.42	1920	1080	29.97	8	faa95f3e260ab33eea8a8d03562c24b5	5c09043b55b6077be0ee2a2dbaa7fb93	1920	1080	9153.0	262.0	1480.0	24576.0	False	False	0.9913520333333333	0.9866661333333332
aspen_1080p_60f	aspen_1080p_60f	libaom	libaom_20210205_e6afebb_enc-mode0	60	55	0	459095.0	459.095	38.91150000000001	44.016000000000005	44.71566666666668	38.883046	44.009669	44.708311	80.92480236666665	1819720.0	30.328666666666667	1811.32	1920	1080	29.97	8	00cd6c611f952f83edca3471c73df3e4	29bf9f72e2a9a1fc66a6943b2954dbe2	1920	1080	12017.0	243.0	1163.0	37913.0	False	False	0.9855465666666667	0.98067165
aspen_1080p_60f	aspen_1080p_60f	libaom	libaom_20210205_e6afebb_enc-mode0	60	63	0	240669.0	240.669	36.37433333333334	41.903166666666685	42.455	36.317015	41.886323999999995	42.436350999999995	66.29262366666667	1186932.0	19.7822	1181.72	1920	1080	29.97	8	b27ad678c4db6e99216a6486a724241a	aa9635eebe6052685362f426b027dd7a	1920	1080	12122.0	254.0	1054.0	23102.0	False	False	0.97070295	0.9666732666666665
blue_sky_360p_60f	blue_sky_360p_60f	libaom	libaom_20210205_e6afebb_enc-mode0	60	20	0	956696.0	956.696	43.25066666666668	44.73583333333333	46.29683333333334	43.198532	44.698404	46.270211	99.93699826666668	899720.0	14.995333333333333	897.44	640	360	25.0	8	b01924952104dbbf9bd696202c80254b	cfa8377d6bcb42e582e3db6ff7dbfa2c	640	360	2312.0	49.0	360.0	5166.0	False	False	0.9917783500000001	0.9983494166666667
blue_sky_360p_60f	blue_sky_360p_60f	libaom	libaom_20210205_e6afebb_enc-mode0	60	32	0	509146.0	509.146	40.54933333333334	42.24516666666667	43.75966666666668	40.489008	42.211989	43.744923	99.91864978333334	682492.0	11.374866666666666	681.98	640	360	25.0	8	4118c2346c39461de54d39a3f022dd59	432a44081624e25655f0b345fcf52233	640	360	2398.0	71.0	295.0	3261.0	False	False	0.9879042833333335	0.9974781166666666
blue_sky_360p_60f	blue_sky_360p_60f	libaom	libaom_20210205_e6afebb_enc-mode0	60	43	0	293506.0	293.506	38.06766666666667	39.968666666666664	41.573999999999984	37.988382	39.94328	41.563809	99.01639723333336	499180.0	8.319666666666667	496.72	640	360	25.0	8	9737503624cc0fc200c5235a1a5f013e	ff1af2f46f816da0971473098b33f097	640	360	1970.0	63.0	304.0	3365.0	False	False	0.9821122999999999	0.9960585999999999
blue_sky_360p_60f	blue_sky_360p_60f	libaom	libaom_20210205_e6afebb_enc-mode0	60	55	0	157260.0	157.25999999999996	35.014	37.05516666666667	39.16583333333333	34.955906	37.040944	39.161018	93.35430218333335	310641.0	5.17735	309.57	640	360	25.0	8	3860581ac834f5f42f89c9af9a75ce3e	57449936aaefb33a2a9331943e61f5b5	640	360	2127.0	60.0	260.0	5223.0	False	False	0.9694294999999999	0.9927404666666667
blue_sky_360p_60f	blue_sky_360p_60f	libaom	libaom_20210205_e6afebb_enc-mode0	60	63	0	90713.0	90.713	31.91933333333332	35.0145	37.67666666666666	31.837175	35.006165	37.674012999999995	83.84483990000003	224602.0	3.7433666666666667	223.78	640	360	25.0	8	ac70c6d2bb29cb926f171ac2d880d726	41d4965094233e27d27a8078b9ad5623	640	360	2319.0	61.0	234.0	5227.0	False	False	0.9462554166666667	0.9859289333333332
KristenAndSara_1280x720_60_10b	KristenAndSara_1280x720_60_10b	libaom	libaom_20210205_e6afebb_enc-mode0	60	20	0	2735424.0	2735.424	44.668000000000006	49.679666666666684	50.720833333333324	44.659419	49.675171	50.717185	96.97226728333334	5694741.0	94.91235	5675.68	1280	720	60.0	10	ea8c65b7fcc752729fa3eda132e4bcfb	598e437f23768ca3319364f7195fbe0d	1280	720	10295.0	242.0	965.0	17416.0	False	False	0.9961448500000001	0.9955810333333335
KristenAndSara_1280x720_60_10b	KristenAndSara_1280x720_60_10b	libaom	libaom_20210205_e6afebb_enc-mode0	60	32	0	1298264.0	1298.264	43.782499999999985	49.107833333333346	50.12066666666666	43.77392	49.103776	50.116922	96.31928693333333	3291217.0	54.85361666666667	3276.53	1280	720	60.0	10	8235ff6c13e53be25f0594e14e236846	f644620de4240268311881dba5788494	1280	720	8325.0	228.0	812.0	16911.0	False	False	0.9951123666666667	0.9946558333333333
KristenAndSara_1280x720_60_10b	KristenAndSara_1280x720_60_10b	libaom	libaom_20210205_e6afebb_enc-mode0	60	43	0	746816.0	746.816	42.648999999999994	48.16800000000001	49.082499999999996	42.635129	48.163	49.076928	95.00990090000002	1955674.0	32.594566666666665	1952.04	1280	720	60.0	10	c630c2c337660c8b31a2dd2e7f002386	5916ef23f3f9255c0b4de31c4515aee3	1280	720	10488.0	311.0	1096.0	10989.0	False	False	0.9934251666666668	0.9932152833333333
KristenAndSara_1280x720_60_10b	KristenAndSara_1280x720_60_10b	libaom	libaom_20210205_e6afebb_enc-mode0	60	55	0	405592.0	405.592	40.80183333333334	46.31466666666666	47.31616666666666	40.786877	46.310843	47.312722	92.10167808333334	1336487.0	22.274783333333332	1325.84	1280	720	60.0	10	cb70e00d702df29ce5ea05b5f55d210a	d62e405778399595baea6faedc09e279	1280	720	10847.0	274.0	887.0	20499.0	False	False	0.9898467499999999	0.9902197333333334
KristenAndSara_1280x720_60_10b	KristenAndSara_1280x720_60_10b	libaom	libaom_20210205_e6afebb_enc-mode0	60	63	0	208664.0	208.66400000000002	37.888500000000015	43.61350000000001	44.525499999999994	37.881601	43.60687500000001	44.521357	84.88418378333331	931484.0	15.524733333333334	926.22	1280	720	60.0	10	d31cde11aaec7eaec997754a9895e05d	6c3203b6201b9e76d472063a3d9d65cb	1280	720	10852.0	266.0	893.0	13649.0	False	False	0.9806696333333332	0.9827865999999997
DinnerScene_1920x1080_2997_10b	DinnerScene_1920x1080_2997_10b	libaom	libaom_20210205_e6afebb_enc-mode0	60	20	0	703847.0	703.847	41.782333333333305	42.40366666666666	47.58416666666665	41.78174	42.400676	47.583513	91.13563133333332	16089717.0	268.16195	16043.79	1920	1080	29.97	10	245ac198d1ba7158503eba31191616a4	ba5c709e3decb110aa197267005b5741	1920	1080	32010.0	526.0	2266.0	40034.0	False	False	0.9940677000000001	0.9881681166666666
DinnerScene_1920x1080_2997_10b	DinnerScene_1920x1080_2997_10b	libaom	libaom_20210205_e6afebb_enc-mode0	60	32	0	257753.0	257.753	41.641833333333345	42.30566666666665	47.44383333333334	41.641078	42.305508	47.443801	89.5918749	12062660.0	201.04433333333333	12049.71	1920	1080	29.97	10	9ec992eb685bec204b4d39eb17c7a79e	bc495d8cdf218aa59cc8b54b999d319b	1920	1080	25476.0	498.0	1712.0	36320.0	False	False	0.9935234833333333	0.9876073000000002
DinnerScene_1920x1080_2997_10b	DinnerScene_1920x1080_2997_10b	libaom	libaom_20210205_e6afebb_enc-mode0	60	43	0	148630.0	148.63	41.42133333333334	42.23716666666667	47.24949999999997	41.420753	42.236577	47.24930299999999	86.90166268333334	7780284.0	129.6714	7755.26	1920	1080	29.97	10	5943b73bf8e6ae8af92c414a3b0c10b0	f12609c77b51242863dbef98ec2a47dd	1920	1080	25577.0	540.0	1775.0	38659.0	False	False	0.9927117500000001	0.9867997166666665
DinnerScene_1920x1080_2997_10b	DinnerScene_1920x1080_2997_10b	libaom	libaom_20210205_e6afebb_enc-mode0	60	55	0	87681.0	87.681	40.992	42.09666666666665	46.88316666666669	40.990797	42.096579	46.882535	82.22994556666666	3277368.0	54.6228	3269.26	1920	1080	29.97	10	a08c28a1d17fd4c6cac3aa48875e617a	f1a18d82c1bef9f2889d5bf88be3b36c	1920	1080	20282.0	517.0	1705.0	24557.0	False	False	0.9909092333333334	0.9851212833333333
DinnerScene_1920x1080_2997_10b	DinnerScene_1920x1080_2997_10b	libaom	libaom_20210205_e6afebb_enc-mode0	60	63	0	53468.0	53.468	40.15199999999998	41.70033333333331	46.16966666666665	40.146487	41.699349	46.167802	73.02504173333332	1625411.0	27.090183333333332	1616.32	1920	1080	29.97	10	cc96a5b1fa4a81c9e915fc035355674e	52d9ed3df2a3c1393d0cf0b851066925	1920	1080	21394.0	696.0	2271.0	41031.0	False	False	0.9865264166666666	0.9812487166666667
DOTA2_60f_420	DOTA2_60f_420	libaom	libaom_20210205_e6afebb_enc-mode0	60	20	0	12412848.0	12412.848	44.798666666666655	48.70066666666666	48.85899999999999	44.742608	48.639916	48.831159	97.10516394999999	5320828.0	88.68046666666666	5305.32	1920	1080	60.0	8	eeb65da135669d8ab7f73f9edd633ead	f31ab4568c9a26781e73540f82ad75e2	1920	1080	15690.0	275.0	1913.0	25277.0	False	False	0.9983761499999999	0.9969296333333334
DOTA2_60f_420	DOTA2_60f_420	libaom	libaom_20210205_e6afebb_enc-mode0	60	32	0	6310640.0	6310.64	42.41816666666667	46.46600000000001	46.811166666666686	42.345392	46.387547	46.776119	94.92456089999999	5242652.0	87.37753333333333	5225.42	1920	1080	60.0	8	4b39b3b74a85350786441e9d835dae91	d9f34bd6e34ee75482dcd410b6c59906	1920	1080	16159.0	265.0	1723.0	27387.0	False	False	0.9969492166666666	0.99442765
DOTA2_60f_420	DOTA2_60f_420	libaom	libaom_20210205_e6afebb_enc-mode0	60	43	0	3305784.0	3305.784	40.06333333333334	44.31016666666668	44.70833333333333	39.978698	44.219304	44.670275999999994	91.3430978833333	4116755.0	68.61258333333333	4110.05	1920	1080	60.0	8	8cd6e93221aec858d47788bfa8588c71	4a822a65ab6f9bd4a88a29ca93bc4473	1920	1080	15813.0	270.0	1604.0	40041.0	False	False	0.9938987333333333	0.9897111000000002
DOTA2_60f_420	DOTA2_60f_420	libaom	libaom_20210205_e6afebb_enc-mode0	60	55	0	1599840.0	1599.84	37.32616666666667	41.78650000000001	42.23999999999999	37.241687	41.700505	42.210197	84.1462718	2788831.0	46.48051666666667	2784.16	1920	1080	60.0	8	3cd4835fbc7b4daa59d154d1ca358893	973437b8b59eeafe1ac511835be29de0	1920	1080	15590.0	246.0	1168.0	23450.0	False	False	0.9852967500000002	0.9788462833333332
DOTA2_60f_420	DOTA2_60f_420	libaom	libaom_20210205_e6afebb_enc-mode0	60	63	0	796832.0	796.832	34.50633333333335	39.046833333333325	39.4815	34.41329699999999	38.969287	39.451505	71.50787681666665	2040483.0	34.00805	2035.61	1920	1080	60.0	8	c74e0d1f697d6e56b355f338966ec743	2ca83f825b7b47e28933f9bdf3fb9eb4	1920	1080	15507.0	255.0	1030.0	23517.0	False	False	0.9650550166666666	0.9580371499999999
Netflix_PierSeaside_1920x1080_60	Netflix_PierSeaside_1920x1080_60	libaom	libaom_20210205_e6afebb_enc-mode0	60	20	0	5787784.0	5787.784	45.12416666666668	47.35616666666665	45.44116666666667	45.096356	47.345904	45.428406	99.90643731666664	5444202.0	90.7367	5430.98	1920	1080	60.0	8	de47e0f6aaa05b21e4179c15c9bec48d	46144bbf0c415328204dfa12a3ba04c2	1920	1080	13435.0	258.0	1613.0	24272.0	False	False	0.9978321666666667	0.9964934666666667
Netflix_PierSeaside_1920x1080_60	Netflix_PierSeaside_1920x1080_60	libaom	libaom_20210205_e6afebb_enc-mode0	60	32	0	2873912.0	2873.912	43.571	46.47283333333333	44.81750000000001	43.535802	46.46618	44.810067	99.5127829	4421160.0	73.686	4414.88	1920	1080	60.0	8	42762f7bfda6a8cf12e858fb5bf3fb37	be6b9ff65436a0e905d186926f28ca1d	1920	1080	13603.0	245.0	1222.0	23226.0	False	False	0.9968789833333334	0.9950204666666665
Netflix_PierSeaside_1920x1080_60	Netflix_PierSeaside_1920x1080_60	libaom	libaom_20210205_e6afebb_enc-mode0	60	43	0	1474048.0	1474.048	41.7305	45.20916666666667	43.90650000000001	41.685765999999994	45.205475	43.901481	97.6602642	3529516.0	58.825266666666664	3518.37	1920	1080	60.0	8	acac8f07c7d68e6f6959b97f6b5cba6a	bc931ab475a3d19130780a3cb967663f	1920	1080	14018.0	309.0	1473.0	41051.0	False	False	0.9951096333333332	0.9924878166666667
Netflix_PierSeaside_1920x1080_60	Netflix_PierSeaside_1920x1080_60	libaom	libaom_20210205_e6afebb_enc-mode0	60	55	0	733776.0	733.776	39.47433333333333	43.35249999999999	42.498666666666665	39.440482	43.351653000000006	42.496435	93.06178588333334	1802877.0	30.04795	1800.47	1920	1080	60.0	8	aca65f76abb653e42956fe5f74910cda	81ac3bffcb3c96c75a550db6e2570568	1920	1080	14673.0	251.0	999.0	23091.0	False	False	0.9915778333333333	0.9879457999999999
Netflix_PierSeaside_1920x1080_60	Netflix_PierSeaside_1920x1080_60	libaom	libaom_20210205_e6afebb_enc-mode0	60	63	0	389936.0	389.936	36.822166666666675	41.04049999999999	40.63399999999999	36.801412	41.024494	40.623648	84.51529416666668	1252578.0	20.8763	1246.58	1920	1080	60.0	8	69b8606e85546d318afb2767a3c82c0f	76b8efc727864d10f864724f2d02d3f0	1920	1080	10711.0	241.0	873.0	23215.0	False	False	0.9846415166666667	0.9797403666666668
gipsrestat720p_60f	gipsrestat720p_60f	libaom	libaom_20210205_e6afebb_enc-mode0	60	20	0	2660833.0	2660.833	44.487999999999985	47.440333333333335	49.09950000000001	44.4705	47.432395	49.093155	96.61917548333334	3381999.0	56.36665	3376.81	1280	720	50.0	8	0e9e8fe0cc53de427b636c097b3cda93	cd3d48b7894ef1d1d031ca529b8bee2b	1280	720	5650.0	129.0	646.0	17426.0	False	False	0.9974272000000001	0.9967681833333335
gipsrestat720p_60f	gipsrestat720p_60f	libaom	libaom_20210205_e6afebb_enc-mode0	60	32	0	1333213.0	1333.213	43.37599999999999	47.07799999999998	48.601833333333346	43.343659	47.07299	48.595201	95.71699833333334	1692890.0	28.214833333333335	1690.55	1280	720	50.0	8	2ae1313979683d8ae1247f8aafe89718	aedbcbce319adf045095ba7007039460	1280	720	7038.0	126.0	504.0	17174.0	False	False	0.9966527000000001	0.9960295999999998
gipsrestat720p_60f	gipsrestat720p_60f	libaom	libaom_20210205_e6afebb_enc-mode0	60	43	0	786786.0	786.786	42.09033333333333	46.44666666666667	47.835333333333324	42.035062	46.442178	47.829934	94.25391683333332	1016185.0	16.936416666666666	1013.98	1280	720	50.0	8	2eb564a2949bd6f15e12c2ded8ecb4d9	2755008f9cd031013c7dd68e174e6ec1	1280	720	7266.0	126.0	433.0	17039.0	False	False	0.9953655666666666	0.9948501166666667
gipsrestat720p_60f	gipsrestat720p_60f	libaom	libaom_20210205_e6afebb_enc-mode0	60	55	0	423733.0	423.733	40.02983333333334	44.95883333333334	46.129	39.985563	44.956287	46.126669	91.35761651666668	739348.0	12.322466666666667	736.41	1280	720	50.0	8	92acfb7a828e5e61d332e98284591dc9	e7c17be4ce7274ce34033e7859d913e7	1280	720	5783.0	173.0	473.0	14726.0	False	False	0.9922065500000001	0.9920150166666666
gipsrestat720p_60f	gipsrestat720p_60f	libaom	libaom_20210205_e6afebb_enc-mode0	60	63	0	197860.0	197.86	36.36400000000001	41.96166666666667	42.691833333333335	36.345561	41.960439	42.68979	82.89678423333334	523751.0	8.729183333333333	522.35	1280	720	50.0	8	7252b11e16f1a25237ea0968933161ae	b081b59035c44822c50a04ab9c3c2643	1280	720	6965.0	133.0	376.0	17128.0	False	False	0.9807314666666668	0.9821692833333332
red_kayak_360p_60f	red_kayak_360p_60f	libaom	libaom_20210205_e6afebb_enc-mode0	60	20	0	8317363.0	8317.363	40.13783333333333	43.85266666666666	48.8675	39.936977	43.759783	48.850756	99.89112191666666	3065990.0	51.099833333333336	3058.58	640	360	29.97	8	86242b80ddf26387b891feca5bde28fe	d9e0c46b7c736782857d23ea2decf581	640	360	2590.0	47.0	885.0	3117.0	False	False	0.96561725	0.9927066333333335
red_kayak_360p_60f	red_kayak_360p_60f	libaom	libaom_20210205_e6afebb_enc-mode0	60	32	0	4616711.0	4616.711	35.47283333333334	41.349	48.02600000000002	35.134415	41.22618	48.010439	97.63356093333331	2878135.0	47.968916666666665	2876.27	640	360	29.97	8	684f3e50e3e58c6263975de1d45eadce	44a0de88ba4181fbf287c8d1fb95904d	640	360	2647.0	50.0	691.0	5020.0	False	False	0.92496725	0.9821387166666666
red_kayak_360p_60f	red_kayak_360p_60f	libaom	libaom_20210205_e6afebb_enc-mode0	60	43	0	1925403.0	1925.403	30.914166666666667	39.24983333333334	47.24733333333333	30.618808	39.170368	47.18229800000001	80.80265998333333	2280540.0	38.009	2279.55	640	360	29.97	8	8b618d553cda85b17627fa659acd8ee6	a2874cc5391743ab7483f47bd666ec74	640	360	2367.0	50.0	508.0	3308.0	False	False	0.84157395	0.9562649833333334
red_kayak_360p_60f	red_kayak_360p_60f	libaom	libaom_20210205_e6afebb_enc-mode0	60	55	0	611354.0	611.354	27.593999999999998	37.84416666666665	46.491666666666674	27.389185	37.79811	46.307728	52.529317266666666	1297999.0	21.633316666666666	1297.46	640	360	29.97	8	72143cb3058b86a7a4a67cc684030b83	d9c8598d87b340536156de1390f499f6	640	360	2180.0	52.0	321.0	3118.0	False	False	0.73251645	0.9038459333333333
red_kayak_360p_60f	red_kayak_360p_60f	libaom	libaom_20210205_e6afebb_enc-mode0	60	63	0	169383.0	169.383	25.386333333333326	36.47383333333333	44.69600000000001	25.243818	36.416853999999994	44.546469	22.198272649999996	508473.0	8.47455	508.18	640	360	29.97	8	c56f8d5644752ccac89074269abcf652	22725070c7257a395e42573820b8680b	640	360	2666.0	50.0	181.0	5046.0	False	False	0.6484008	0.8162820166666667
vidyo1_720p_60fps_60f	vidyo1_720p_60fps_60f	libaom	libaom_20210205_e6afebb_enc-mode0	60	20	0	3199184.0	3199.184	45.16283333333333	48.119166666666665	49.518500000000024	45.147368	48.109845	49.512031	96.21850891666668	3318889.0	55.314816666666665	3314.33	1280	720	60.0	8	b6fbc275825dcbf15253362c720ee4b1	0e2f7d03abae8f0ae0e0187e2b3ce4ec	1280	720	6395.0	126.0	605.0	17165.0	False	False	0.99726405	0.99665665
vidyo1_720p_60fps_60f	vidyo1_720p_60fps_60f	libaom	libaom_20210205_e6afebb_enc-mode0	60	32	0	1479208.0	1479.208	44.084833333333336	47.768833333333326	49.04833333333333	44.074161	47.762464	49.043106	95.18590613333335	1785170.0	29.752833333333335	1781.95	1280	720	60.0	8	30e208daa6542ff95015f93f9b10ea04	c4dd4ca59d1625f4525296a45c80f89c	1280	720	6486.0	128.0	543.0	10817.0	False	False	0.99631535	0.9957422499999999
vidyo1_720p_60fps_60f	vidyo1_720p_60fps_60f	libaom	libaom_20210205_e6afebb_enc-mode0	60	43	0	782480.0	782.48	42.87266666666668	47.261833333333335	48.3425	42.863171	47.256974	48.337552	93.52118674999998	1152043.0	19.20071666666667	1146.51	1280	720	60.0	8	b13d4849aef9daa795bf2581e1f232a1	d4d93064b08a7c5ffd58f9044aa677d4	1280	720	6346.0	157.0	637.0	18168.0	False	False	0.9947829333333333	0.9943638
vidyo1_720p_60fps_60f	vidyo1_720p_60fps_60f	libaom	libaom_20210205_e6afebb_enc-mode0	60	55	0	416784.0	416.784	41.031666666666666	46.110166666666665	46.83933333333332	41.020904	46.108478	46.838533	90.05652338333333	615141.0	10.25235	613.36	1280	720	60.0	8	27b89027c6d8877c2c0d1ae9b899b220	1a7ebb2a5e0a9e8459b7e3671df15f24	1280	720	6542.0	132.0	442.0	10631.0	False	False	0.9911276833333335	0.9913004166666666
vidyo1_720p_60fps_60f	vidyo1_720p_60fps_60f	libaom	libaom_20210205_e6afebb_enc-mode0	60	63	0	208720.0	208.72	37.94166666666665	43.76183333333334	44.1905	37.924124	43.754965	44.185119	81.07862673333335	452643.0	7.54405	451.13	1280	720	60.0	8	ebf4036d600ab0c1a029f282063d6403	329e062ac27228dae9571fb85fa0519e	1280	720	5407.0	125.0	401.0	16855.0	False	False	0.9791128166666668	0.9817185833333333
vidyo4_720p_60fps_60f	vidyo4_720p_60fps_60f	libaom	libaom_20210205_e6afebb_enc-mode0	60	20	0	3722200.0	3722.2	43.752	49.94916666666666	50.32716666666666	43.69103	49.936628	50.317869	97.30877659999997	4225911.0	70.43185	4218.23	1280	720	60.0	8	0938e902aa7d9697c0a9c579af2001fc	19739ddf62e66f1ac91d74a745342c73	1280	720	6317.0	120.0	714.0	10529.0	False	False	0.9959583166666667	0.9951433166666667
vidyo4_720p_60fps_60f	vidyo4_720p_60fps_60f	libaom	libaom_20210205_e6afebb_enc-mode0	60	32	0	1720128.0	1720.128	42.76199999999999	49.50116666666665	49.87033333333332	42.696737	49.486117	49.859855	96.27772454999999	2138440.0	35.64066666666667	2133.25	1280	720	60.0	8	b67ab0233350100e8ae48678a47f1d80	b5b6cfdf8dcc808fc0ddf947d6825c19	1280	720	5269.0	120.0	593.0	10695.0	False	False	0.9946152833333334	0.9938440833333334
vidyo4_720p_60fps_60f	vidyo4_720p_60fps_60f	libaom	libaom_20210205_e6afebb_enc-mode0	60	43	0	938856.0	938.856	41.63466666666666	48.78033333333335	49.15233333333332	41.558969	48.761567	49.140818	94.57547201666667	1287854.0	21.464233333333333	1286.61	1280	720	60.0	8	50f5b1e895c90a8745294ed4c12b649b	801585cdc715a01995e546f68d9cadcb	1280	720	6335.0	124.0	522.0	16802.0	False	False	0.9922915666666666	0.9917826499999999
vidyo4_720p_60fps_60f	vidyo4_720p_60fps_60f	libaom	libaom_20210205_e6afebb_enc-mode0	60	55	0	488608.0	488.608	39.84733333333334	47.30866666666667	47.737500000000004	39.770823	47.289736	47.72646	90.59451391666667	811953.0	13.53255	808.61	1280	720	60.0	8	e4e1af617c6d60be8733e7fa87c751e5	4bf188040fe4785cc122ed32b5bb14b9	1280	720	5534.0	139.0	517.0	11535.0	False	False	0.98653045	0.9870524833333333
vidyo4_720p_60fps_60f	vidyo4_720p_60fps_60f	libaom	libaom_20210205_e6afebb_enc-mode0	60	63	0	236200.0	236.2	37.00216666666666	44.81833333333332	44.95216666666666	36.944606	44.80995500000001	44.941601	81.54955893333333	621119.0	10.351983333333333	618.85	1280	720	60.0	8	aa2f2bdd269a37ef8c83f66a9df3ef12	a067e927eaf0d878719b88a4dae4180b	1280	720	6337.0	133.0	655.0	17801.0	False	False	0.9711573833333332	0.9751117500000002
wikipedia_420	wikipedia_420	libaom	libaom_20210205_e6afebb_enc-mode0	60	20	0	1331008.0	1331.008	54.074333333333335	52.34933333333333	53.36966666666665	54.055255	52.171331	53.315882	99.82460701666668	2022461.0	33.707683333333335	2012.79	1920	1080	30.0	8	b6c60b0861f7bfce57a6113a2226f5dd	a11b5a0381d3d3968706d6197d14eb3b	1920	1080	12051.0	255.0	917.0	38456.0	False	False	0.9993407333333335	0.9990369
wikipedia_420	wikipedia_420	libaom	libaom_20210205_e6afebb_enc-mode0	60	32	0	759944.0	759.944	50.17366666666668	50.114	51.508	50.167644	49.911944999999996	51.458135	99.7942781	2683420.0	44.72366666666667	2675.4	1920	1080	30.0	8	aea63ab31b08656ce621f9056c7345a1	7b6651cfea6fccd026b4f57e61f826db	1920	1080	11368.0	358.0	884.0	24473.0	False	False	0.99892795	0.9982715833333333
wikipedia_420	wikipedia_420	libaom	libaom_20210205_e6afebb_enc-mode0	60	43	0	571968.0	571.968	48.05816666666665	48.523833333333336	49.92416666666668	48.051949	48.396956	49.894045	99.76838861666666	1973365.0	32.88941666666667	1970.71	1920	1080	30.0	8	ed2c1691808a6b64b5edb951045968db	6b5e4079cd0cf5e5373277102ad8f4cc	1920	1080	11095.0	244.0	898.0	37686.0	False	False	0.99865705	0.9979027000000001
wikipedia_420	wikipedia_420	libaom	libaom_20210205_e6afebb_enc-mode0	60	55	0	468308.0	468.308	45.80100000000003	46.80616666666666	48.266499999999965	45.782785	46.755268	48.244386	99.73368595000001	1407326.0	23.455433333333332	1399.88	1920	1080	30.0	8	b30bd64dcb6ea2adbe8e6f3447692392	336dc56108ca39653f6bd7882d8c776f	1920	1080	10497.0	254.0	974.0	38863.0	False	False	0.9984727833333332	0.9976663499999999
wikipedia_420	wikipedia_420	libaom	libaom_20210205_e6afebb_enc-mode0	60	63	0	381100.0	381.1	42.49	45.198499999999996	46.7315	42.415422	45.161867	46.676502	99.52499891666666	1246556.0	20.775933333333334	1241.14	1920	1080	30.0	8	675dc48a4a7300dad6bbb196ed179564	b671a14cdc74f3635ee5ef72df2ff801	1920	1080	11285.0	298.0	1054.0	39084.0	False	False	0.9978357666666665	0.9969283333333331
RollerCoastPas_1920x1080_2997_10	RollerCoastPas_1920x1080_2997_10	libaom	libaom_20210205_e6afebb_enc-mode0	60	20	0	3038056.0	3038.056	45.289166666666674	45.47350000000004	43.874999999999986	45.287235	45.472656	43.873655	97.14364970000001	6744374.0	112.40623333333333	6700.06	1920	1080	29.97	10	0a7c02175d27ec8026ee71b37b0e313c	6500b16e0ba5cc219acc1173f7a0e004	1920	1080	21634.0	511.0	1796.0	38823.0	False	False	0.9987132166666668	0.9970537333333335
RollerCoastPas_1920x1080_2997_10	RollerCoastPas_1920x1080_2997_10	libaom	libaom_20210205_e6afebb_enc-mode0	60	32	0	1601837.0	1601.837	44.41466666666667	44.979000000000035	43.40666666666663	44.41370100000001	44.977864	43.406276	96.56102846666666	5755445.0	95.92408333333333	5713.08	1920	1080	29.97	10	e7b64ef10e5f39aa4e993fcc18887c1e	6ad49cce6a7e2fa04e2717a78a439906	1920	1080	25709.0	628.0	2301.0	40308.0	False	False	0.9983459000000001	0.9964397833333334
RollerCoastPas_1920x1080_2997_10	RollerCoastPas_1920x1080_2997_10	libaom	libaom_20210205_e6afebb_enc-mode0	60	43	0	938776.0	938.776	43.0805	44.23433333333335	42.758000000000024	43.077007	44.233725	42.757315	95.40303016666667	3998120.0	66.63533333333334	3985.88	1920	1080	29.97	10	e8b059617eaa9779ad7b7dcc7434608e	d5f9de4f59c29607b18c15876dcf3c94	1920	1080	25980.0	558.0	1653.0	24301.0	False	False	0.9975797833333335	0.9952194666666666
RollerCoastPas_1920x1080_2997_10	RollerCoastPas_1920x1080_2997_10	libaom	libaom_20210205_e6afebb_enc-mode0	60	55	0	478956.0	478.956	40.80416666666667	42.65583333333334	41.38716666666667	40.799793	42.656566	41.386788	92.76080890000001	2388248.0	39.80413333333333	2372.61	1920	1080	29.97	10	8de7fc44adbc1e48ca10318b14770bd7	fd64a07cfbfe033760c3df7b8469b88a	1920	1080	26358.0	533.0	1484.0	39752.0	False	False	0.9954812499999998	0.9921603
RollerCoastPas_1920x1080_2997_10	RollerCoastPas_1920x1080_2997_10	libaom	libaom_20210205_e6afebb_enc-mode0	60	63	0	217824.0	217.824	37.14149999999999	39.85866666666666	38.92833333333331	37.134167	39.854755	38.926063	84.48952651666667	1985605.0	33.09341666666667	1975.49	1920	1080	29.97	10	482385f564e9e05f812cce1013001b3e	12c9d560d9ca9634f007f7e84535e965	1920	1080	25459.0	476.0	1319.0	37948.0	False	False	0.9877771166666668	0.9822931166666667
ShowGirl2TeaserClip4000_1920x108	ShowGirl2TeaserClip4000_1920x108	libaom	libaom_20210205_e6afebb_enc-mode0	60	20	0	2362400.0	2362.4	42.30383333333334	46.68500000000004	49.599	42.301932	46.682949	49.59647	95.2053728	12436363.0	207.27271666666667	12422.43	1920	1080	25.0	10	0d3582f52bbb3a815c921a6c2e22ad07	703a1006985af59bdbd978ca9096d7b2	1920	1080	25288.0	543.0	2547.0	23814.0	False	False	0.9960148333333334	0.9913661166666666
ShowGirl2TeaserClip4000_1920x108	ShowGirl2TeaserClip4000_1920x108	libaom	libaom_20210205_e6afebb_enc-mode0	60	32	0	1136250.0	1136.25	41.60949999999999	46.23166666666668	48.754000000000005	41.60483	46.230066	48.752899	93.23701431666669	9902648.0	165.04413333333332	9890.93	1920	1080	25.0	10	8bca1b422071332dd062ce22c1114bd0	9a64070280067a332ae2254043ed876f	1920	1080	27081.0	652.0	2391.0	29662.0	False	False	0.9950139166666667	0.9901106500000001
ShowGirl2TeaserClip4000_1920x108	ShowGirl2TeaserClip4000_1920x108	libaom	libaom_20210205_e6afebb_enc-mode0	60	43	0	635713.0	635.713	40.61349999999998	45.68150000000001	47.84816666666667	40.598364999999994	45.6793	47.847769	89.94639728333333	6903815.0	115.06358333333333	6886.31	1920	1080	25.0	10	b3480905a17856fc6609b1ee6f074c5f	f3e817e28b9b39fa245bc71d0b7dfc9c	1920	1080	25645.0	509.0	2031.0	24128.0	False	False	0.99318285	0.9880054166666666
ShowGirl2TeaserClip4000_1920x108	ShowGirl2TeaserClip4000_1920x108	libaom	libaom_20210205_e6afebb_enc-mode0	60	55	0	345306.0	345.306	39.04883333333334	44.84383333333333	46.61083333333335	39.018012	44.84279	46.610004	83.88584945000001	3538273.0	58.97121666666666	3523.41	1920	1080	25.0	10	4eb2f9a151e80fbe56a59a790b8bc544	2471ec937a51edbb009c5708852840c8	1920	1080	25139.0	461.0	1647.0	38525.0	False	False	0.9891705666666666	0.9836102666666666
ShowGirl2TeaserClip4000_1920x108	ShowGirl2TeaserClip4000_1920x108	libaom	libaom_20210205_e6afebb_enc-mode0	60	63	0	180606.0	180.60600000000002	36.74200000000001	43.04083333333335	44.96083333333331	36.693958	43.035057	44.947726	72.24171393333332	2471427.0	41.19045	2458.23	1920	1080	25.0	10	d70b487524aa84fb5a232f4871edac8b	9a608462d686bb8479cf8ae1c501da16	1920	1080	21419.0	846.0	2281.0	31827.0	False	False	0.9792710833333333	0.9733634333333335
KristenAndSara_1280x720_60f	KristenAndSara_1280x720_60f	libaom	libaom_20210205_e6afebb_enc-mode0	60	20	0	2684152.0	2684.152	44.35849999999997	49.08716666666666	50.025333333333336	44.351039	49.082216	50.02226600000001	96.79599280000001	3384488.0	56.40813333333333	3377.08	1280	720	60.0	8	779b49e4943551a90a12f02426cf5c3a	71d601cd6753b1608b93ea66d2bc60a7	1280	720	5616.0	168.0	863.0	11441.0	False	False	0.9957589833333333	0.9952223666666666
KristenAndSara_1280x720_60f	KristenAndSara_1280x720_60f	libaom	libaom_20210205_e6afebb_enc-mode0	60	32	0	1364608.0	1364.608	43.55866666666665	48.63016666666666	49.51916666666666	43.549755	48.62430200000001	49.515704	96.16390774999999	1833034.0	30.55056666666667	1829.87	1280	720	60.0	8	ee80adc3d78af878177fab060b3056ed	8e38b3bd46ddb57f14aefbdbaa2e851b	1280	720	5193.0	153.0	700.0	17881.0	False	False	0.9947002	0.9942947
KristenAndSara_1280x720_60f	KristenAndSara_1280x720_60f	libaom	libaom_20210205_e6afebb_enc-mode0	60	43	0	774896.0	774.896	42.501500000000014	47.76716666666669	48.664000000000016	42.488183	47.761796	48.65975	94.85182783333335	1160787.0	19.34645	1158.36	1280	720	60.0	8	78fc102761eb8479a0bfe2dd4b1fe2b3	756004465490973fca60a55139fb43d3	1280	720	6644.0	132.0	454.0	13823.0	False	False	0.9930525333333333	0.9928922666666666
KristenAndSara_1280x720_60f	KristenAndSara_1280x720_60f	libaom	libaom_20210205_e6afebb_enc-mode0	60	55	0	417224.0	417.224	40.7365	46.063666666666656	47.01316666666665	40.722032	46.06003	47.010103	92.00783863333335	630669.0	10.51115	628.67	1280	720	60.0	8	c6e2c30532ba8e468e1a47001f365e7c	168343a33830d72ba3126a9d42ce1f79	1280	720	5382.0	131.0	440.0	17491.0	False	False	0.9895408666666667	0.9899372166666668
KristenAndSara_1280x720_60f	KristenAndSara_1280x720_60f	libaom	libaom_20210205_e6afebb_enc-mode0	60	63	0	208632.0	208.632	37.82116666666666	43.31866666666667	44.294499999999964	37.813789	43.312746	44.288922	84.90214048333335	437931.0	7.29885	435.99	1280	720	60.0	8	cf2c919782029183e3e1043c479863f5	bd4f19b6a09f6c5ceb4b528452df2f86	1280	720	6339.0	132.0	388.0	10944.0	False	False	0.9802642999999999	0.9824505166666666
Netflix_DrivingPOV_1280x720_60fp	Netflix_DrivingPOV_1280x720_60fp	libaom	libaom_20210205_e6afebb_enc-mode0	60	20	0	8409432.0	8409.432	42.08716666666667	45.90016666666667	44.701333333333324	42.063428	45.889426	44.69455	99.60453971666666	4957680.0	82.628	4946.53	1280	720	60.0	8	c330b99619d2b788fa1c8a8c6b2cf069	11cd79cba7c9d2dce5809d1c561dec88	1280	720	9067.0	151.0	1246.0	13750.0	False	False	0.9977860500000001	0.9971163666666666
Netflix_DrivingPOV_1280x720_60fp	Netflix_DrivingPOV_1280x720_60fp	libaom	libaom_20210205_e6afebb_enc-mode0	60	32	0	4384400.0	4384.4	39.846166666666676	44.57233333333334	43.777666666666654	39.818338	44.558002	43.771451	98.46774289999999	3480849.0	58.01415	3476.32	1280	720	60.0	8	0dcc3b9a71cd4f7aca22bb58b99a7d11	202d42cea7cf1bad7d0a8bd9039a544d	1280	720	8290.0	146.0	990.0	17008.0	False	False	0.9959416166666667	0.9948456499999999
Netflix_DrivingPOV_1280x720_60fp	Netflix_DrivingPOV_1280x720_60fp	libaom	libaom_20210205_e6afebb_enc-mode0	60	43	0	2442632.0	2442.632	37.71733333333336	43.28616666666667	42.88083333333332	37.679759	43.271544999999996	42.87523	96.03449585	2873645.0	47.894083333333334	2870.25	1280	720	60.0	8	f11c353347df162043015158399fad13	a571b53a6a64c07b26d0f6bc8f2cbf31	1280	720	8128.0	123.0	748.0	17124.0	False	False	0.9923092833333332	0.9911348
Netflix_DrivingPOV_1280x720_60fp	Netflix_DrivingPOV_1280x720_60fp	libaom	libaom_20210205_e6afebb_enc-mode0	60	55	0	1254696.0	1254.696	35.13600000000001	41.40933333333334	41.68833333333335	35.099051	41.399213	41.683116	91.06384744999998	1978023.0	32.96705	1975.53	1280	720	60.0	8	5fbef5635c71df12065e3b2c2745ed18	15e1a8dfb23ceb06965f4fc474da9418	1280	720	8553.0	129.0	633.0	10854.0	False	False	0.9865863666666667	0.9853776666666667
Netflix_DrivingPOV_1280x720_60fp	Netflix_DrivingPOV_1280x720_60fp	libaom	libaom_20210205_e6afebb_enc-mode0	60	63	0	622560.0	622.56	32.30083333333333	39.21816666666666	40.21183333333334	32.251034	39.200764	40.198944	81.09589023333335	1412230.0	23.537166666666668	1406.75	1280	720	60.0	8	e77cfc0faa99663d338d6441e752c580	e942840a3cab331cc274d6afb0a1023e	1280	720	9312.0	132.0	549.0	11047.0	False	False	0.9760953833333333	0.9745395833333333
Netflix_FoodMarket_1920x1080_60f	Netflix_FoodMarket_1920x1080_60f	libaom	libaom_20210205_e6afebb_enc-mode0	60	20	0	13060400.0	13060.4	40.51699999999999	44.60833333333335	45.440333333333335	40.504323	44.606625	45.439647	98.0349847166667	13602592.0	226.70986666666667	13589.77	1920	1080	60.0	8	8119d95fa0cc8f9f9d05fe5278cd2494	d782eb3a38bf10868d7d389179a85c0f	1920	1080	12035.0	264.0	2773.0	23997.0	False	False	0.9939907	0.9879723166666666
Netflix_FoodMarket_1920x1080_60f	Netflix_FoodMarket_1920x1080_60f	libaom	libaom_20210205_e6afebb_enc-mode0	60	32	0	5772984.0	5772.984	39.526333333333326	43.80849999999999	44.80283333333334	39.520867	43.806276	44.801938	95.37059421666667	8444615.0	140.74358333333333	8435.53	1920	1080	60.0	8	27e114d5500dee53218bb093bc69585e	1f24be00033c02fb0a2b3df4921cae82	1920	1080	15936.0	275.0	2184.0	40655.0	False	False	0.9915176833333332	0.9844595833333334
Netflix_FoodMarket_1920x1080_60f	Netflix_FoodMarket_1920x1080_60f	libaom	libaom_20210205_e6afebb_enc-mode0	60	43	0	2996736.0	2996.736	38.26233333333333	42.98066666666666	44.091666666666676	38.250251	42.974843	44.087830000000004	90.26345913333333	5439490.0	90.65816666666667	5418.74	1920	1080	60.0	8	ff1bda9f9a7abc2a28ed2ecafcce666f	d77fb26792c025ec118c6876b3a46c4f	1920	1080	12275.0	239.0	1544.0	23463.0	False	False	0.9866584666666668	0.9784425833333332
Netflix_FoodMarket_1920x1080_60f	Netflix_FoodMarket_1920x1080_60f	libaom	libaom_20210205_e6afebb_enc-mode0	60	55	0	1509736.0	1509.736	36.48216666666666	41.855	42.96816666666666	36.461197	41.847786	42.955767	80.57463011666667	3372783.0	56.21305	3366.26	1920	1080	60.0	8	7491724ce5c518c6e0f92e3a70aa6be4	9729dd6cb841b5838aa589b72df6a84c	1920	1080	12631.0	267.0	1408.0	38536.0	False	False	0.97475985	0.96551445
Netflix_FoodMarket_1920x1080_60f	Netflix_FoodMarket_1920x1080_60f	libaom	libaom_20210205_e6afebb_enc-mode0	60	63	0	741832.0	741.832	34.294000000000004	40.598166666666664	41.56083333333335	34.251059000000005	40.579413	41.506235	65.24033531666666	2174300.0	36.23833333333334	2123.66	1920	1080	60.0	8	178e3a4cbee44a155356693a4d922454	e819a84128f1da88f9238f9abc4338eb	1920	1080	15862.0	259.0	1129.0	38800.0	False	False	0.9474427000000001	0.9395686166666667
BarScene1_1920x1080_2997_10b	BarScene1_1920x1080_2997_10b	libaom	libaom_20210205_e6afebb_enc-mode0	60	20	0	1629211.0	1629.211	42.54150000000002	44.803833333333344	43.68083333333335	42.540915	44.803534	43.679799	93.08999000000001	9072770.0	151.21283333333332	9030.91	1920	1080	29.97	10	7faaf6e61135264a8ea52a782b4e245c	606b47690b0bc27b53a386e47075b591	1920	1080	25810.0	496.0	2189.0	23757.0	False	False	0.9959743000000001	0.9912143
BarScene1_1920x1080_2997_10b	BarScene1_1920x1080_2997_10b	libaom	libaom_20210205_e6afebb_enc-mode0	60	32	0	602877.0	602.877	42.33099999999998	44.701	43.571499999999986	42.330832	44.700892	43.571646	92.42749648333333	7292448.0	121.5408	7261.09	1920	1080	29.97	10	a79a1f473296d5981fc3b3a0d3f4a0f3	4542b3cbd06a0aa7ae0cc23df9709d72	1920	1080	25742.0	569.0	1455.0	25247.0	False	False	0.9956194833333334	0.99069395
BarScene1_1920x1080_2997_10b	BarScene1_1920x1080_2997_10b	libaom	libaom_20210205_e6afebb_enc-mode0	60	43	0	300956.0	300.956	41.95716666666666	44.55016666666667	43.43016666666668	41.957487	44.550337	43.430314	91.05732573333333	3709001.0	61.81668333333333	3678.84	1920	1080	29.97	10	8d00b1836817e62198d7b7d8a5e0966c	e14dc9e0f12bd6c583b48d8f1bee6c3f	1920	1080	20986.0	629.0	1492.0	38665.0	False	False	0.9948417833333334	0.9896001000000001
BarScene1_1920x1080_2997_10b	BarScene1_1920x1080_2997_10b	libaom	libaom_20210205_e6afebb_enc-mode0	60	55	0	136775.0	136.775	41.18016666666666	44.18633333333334	43.121166666666674	41.179549	44.186373	43.121751	87.65075748333334	1868183.0	31.136383333333335	1855.58	1920	1080	29.97	10	cf7332032cf28397a9e3ab228adf12c7	2c77c603a6a2a1166d2efb92eb26cec9	1920	1080	24759.0	522.0	1355.0	24369.0	False	False	0.9922990833333334	0.98658
BarScene1_1920x1080_2997_10b	BarScene1_1920x1080_2997_10b	libaom	libaom_20210205_e6afebb_enc-mode0	60	63	0	60220.0	60.22	39.70600000000001	43.2391666666667	42.35483333333335	39.701925	43.239523	42.354078	78.26220014999998	1076699.0	17.944983333333333	1069.71	1920	1080	29.97	10	7f051dd76d16d414285d72f91642e981	2c7b652b0e6f9e33e6c25ab455646d5b	1920	1080	25776.0	586.0	1555.0	24476.0	False	False	0.98436135	0.9792636666666666
Netflix_SquareAndTimelapse_1920x	Netflix_SquareAndTimelapse_1920x	libaom	libaom_20210205_e6afebb_enc-mode0	60	20	0	16239536.0	16239.536	43.78766666666668	48.25683333333336	47.32450000000002	43.775792	48.254688	47.320998	99.88279493333333	7003075.0	116.71791666666667	6983.75	1920	1080	60.0	8	ca1b040fa7be362f620e54699070d3ed	e9395156270b94d7826373a220c9b308	1920	1080	12318.0	306.0	3344.0	40121.0	False	False	0.9989841833333334	0.9974964
Netflix_SquareAndTimelapse_1920x	Netflix_SquareAndTimelapse_1920x	libaom	libaom_20210205_e6afebb_enc-mode0	60	32	0	9341736.0	9341.736	41.32616666666667	46.327000000000005	45.24166666666666	41.307503	46.323162	45.236003	99.85702896666666	6423502.0	107.05836666666667	6380.51	1920	1080	60.0	8	9405c5ed02fa440f750089abc920591a	3d50fd5ee4a09be68783a8fa0ffe35f8	1920	1080	15813.0	258.0	2577.0	38779.0	False	False	0.9979390666666668	0.9954153333333334
Netflix_SquareAndTimelapse_1920x	Netflix_SquareAndTimelapse_1920x	libaom	libaom_20210205_e6afebb_enc-mode0	60	43	0	5480376.0	5480.376	38.74216666666667	44.588333333333324	43.33516666666669	38.712395	44.58023	43.324169	97.66928508333334	5057413.0	84.29021666666667	5038.46	1920	1080	60.0	8	f24644c8ddb46689ae2abc73f5d964be	ee8751d4b5ce44fb39e426d38705ad81	1920	1080	12264.0	250.0	2041.0	39417.0	False	False	0.99560485	0.9914405666666666
Netflix_SquareAndTimelapse_1920x	Netflix_SquareAndTimelapse_1920x	libaom	libaom_20210205_e6afebb_enc-mode0	60	55	0	3010672.0	3010.672	35.76349999999999	42.413999999999994	41.07966666666666	35.720827	42.402677	41.061157	88.97805885000001	3978191.0	66.30318333333334	3965.25	1920	1080	60.0	8	67b4efb61b70401bb507d36d8c4fc286	8768e92692c10362cb3f558b6ef6353a	1920	1080	16145.0	276.0	1889.0	39292.0	False	False	0.9894298833333331	0.9823851666666666
Netflix_SquareAndTimelapse_1920x	Netflix_SquareAndTimelapse_1920x	libaom	libaom_20210205_e6afebb_enc-mode0	60	63	0	1623232.0	1623.232	32.69616666666666	40.09033333333334	38.76416666666667	32.621249	40.043624	38.705348	74.38424140000001	2877054.0	47.9509	2874.16	1920	1080	60.0	8	dc3a8fc00c101de004541e97f25d6c4c	8f1f16719f0dc226f25c29c065943366	1920	1080	15904.0	322.0	1799.0	23831.0	False	False	0.9743268999999999	0.9635444166666668
niklas360p_60f	niklas360p_60f	libaom	libaom_20210205_e6afebb_enc-mode0	60	20	0	1113660.0	1113.66	43.65983333333334	47.449500000000015	47.021666666666654	43.61583	47.394036	46.981436	97.99752836666666	1617571.0	26.959516666666666	1616.1	640	360	30.0	8	c7d8180baa3776e148e0f02882265e24	41b74be8ddde6474e0b6cb213ab62572	640	360	1807.0	59.0	389.0	3228.0	False	False	0.9853692333333334	0.9965541833333332
niklas360p_60f	niklas360p_60f	libaom	libaom_20210205_e6afebb_enc-mode0	60	32	0	640856.0	640.856	41.325	46.05916666666665	45.42583333333333	41.266332	46.000483	45.386036	96.24739004999999	1232080.0	20.534666666666666	1231.27	640	360	30.0	8	527c7a3d66027e6e748087e064c638db	5ad4279ef352bb9b0749e7ab0294b0ab	640	360	2160.0	65.0	333.0	5238.0	False	False	0.9797511833333332	0.9948528500000002
niklas360p_60f	niklas360p_60f	libaom	libaom_20210205_e6afebb_enc-mode0	60	43	0	368552.0	368.552	38.69566666666667	44.58783333333335	43.66799999999999	38.62169099999999	44.548208	43.63692	92.64700056666668	901861.0	15.031016666666666	901.0	640	360	30.0	8	d81caf59eaa129dae9883017f40a75ff	5e9f2414551ac5d7d3858be0c4b5bf6e	640	360	2174.0	47.0	222.0	3079.0	False	False	0.9701637166666667	0.9915865
niklas360p_60f	niklas360p_60f	libaom	libaom_20210205_e6afebb_enc-mode0	60	55	0	201652.0	201.652	35.65216666666666	42.704333333333345	41.58716666666667	35.579249	42.676428	41.562382	85.9049297	512034.0	8.5339	511.55	640	360	30.0	8	97f757475aec9748c8a7f02cefb90f07	8447aef48289a7d75c6e603d3b11cf4f	640	360	1804.0	51.0	190.0	3139.0	False	False	0.9520035333333332	0.9845900833333334
niklas360p_60f	niklas360p_60f	libaom	libaom_20210205_e6afebb_enc-mode0	60	63	0	107476.0	107.47599999999998	32.441500000000005	40.72666666666668	39.287166666666664	32.345818	40.703449	39.265167	74.30662701666667	321158.0	5.352633333333333	320.58	640	360	30.0	8	f922cdb5f68e34510004c30b4543418a	fb5479fb61c7e363421fa10bd46e1114	640	360	2147.0	61.0	164.0	5163.0	False	False	0.9222636666666666	0.9706665833333334
rush_hour_1080p25_60f	rush_hour_1080p25_60f	libaom	libaom_20210205_e6afebb_enc-mode0	60	20	0	4185803.0	4185.803	42.787833333333325	46.70783333333335	48.677666666666674	42.782799	46.706268	48.674901	96.01586093333336	10446418.0	174.10696666666666	10429.42	1920	1080	25.0	8	8b7e07f69bd5142d6be386a5a964d735	1179428515f65d330b309c3927f405f5	1920	1080	9856.0	246.0	2714.0	24490.0	False	False	0.9958813166666667	0.99190235
rush_hour_1080p25_60f	rush_hour_1080p25_60f	libaom	libaom_20210205_e6afebb_enc-mode0	60	32	0	2036790.0	2036.79	41.82533333333336	45.82816666666667	47.504999999999995	41.818524	45.826998	47.500987	91.51002805	6382526.0	106.37543333333333	6376.77	1920	1080	25.0	8	55b457479d452cfd2037991b64eff344	8caa6a373d8fbe6c2577b4f0ca60857f	1920	1080	10393.0	251.0	2139.0	37280.0	False	False	0.9935244999999999	0.9896741666666667
rush_hour_1080p25_60f	rush_hour_1080p25_60f	libaom	libaom_20210205_e6afebb_enc-mode0	60	43	0	1020810.0	1020.81	40.45600000000001	44.81783333333332	46.18916666666666	40.435881	44.815048	46.182079	83.81776420000001	4603961.0	76.73268333333333	4589.49	1920	1080	25.0	8	0497a9b9539057c166fbdb71721707b6	b46ba77e876d8976982af1b8a180e4ed	1920	1080	13233.0	276.0	1777.0	39980.0	False	False	0.98937365	0.98601175
rush_hour_1080p25_60f	rush_hour_1080p25_60f	libaom	libaom_20210205_e6afebb_enc-mode0	60	55	0	503403.0	503.403	38.558333333333344	43.47816666666665	44.58233333333335	38.506878	43.473883	44.56913	72.26593075000001	2432146.0	40.53576666666667	2428.68	1920	1080	25.0	8	7a1d0dc8a2ab52ce607753ea80f05160	ded28a32ef058d9b31fdd5e73a7e61bb	1920	1080	9872.0	242.0	1223.0	23191.0	False	False	0.98155835	0.9793928000000002
rush_hour_1080p25_60f	rush_hour_1080p25_60f	libaom	libaom_20210205_e6afebb_enc-mode0	60	63	0	245266.0	245.266	36.09033333333335	41.857	42.62249999999999	35.98103	41.85423	42.6077	57.29910805	1505843.0	25.097383333333333	1501.2	1920	1080	25.0	8	d918f4dbed1b25fb5cb18601969d3602	54cd1dc91e0726d819ee6a37baf6c7a8	1920	1080	12950.0	290.0	1073.0	38742.0	False	False	0.9666513833333333	0.9670111
shields_640x360_60f	shields_640x360_60f	libaom	libaom_20210205_e6afebb_enc-mode0	60	20	0	1646646.0	1646.646	41.59950000000001	44.36716666666665	45.874	41.465731	44.340594	45.792328	99.46868708333334	1314813.0	21.91355	1314.18	640	360	50.0	8	895ba5f21457e793e63da9efcf9570e4	a578308f92bb1cbab354aa4e8047772c	640	360	2812.0	54.0	298.0	3298.0	False	False	0.9832699666666666	0.9979547666666666
shields_640x360_60f	shields_640x360_60f	libaom	libaom_20210205_e6afebb_enc-mode0	60	32	0	921680.0	921.68	39.53183333333332	42.407833333333336	44.005166666666675	39.338299	42.352817	43.876966	99.43803245	808465.0	13.474416666666666	807.99	640	360	50.0	8	ecc0dfa756342f021f7c3a72a9500d5c	41395de135a74379d43b7de045caa049	640	360	2477.0	48.0	248.0	3143.0	False	False	0.9762148166666667	0.9968861666666666
shields_640x360_60f	shields_640x360_60f	libaom	libaom_20210205_e6afebb_enc-mode0	60	43	0	558033.0	558.033	37.304333333333346	40.45800000000001	42.28150000000002	37.038268	40.359256	42.115546	99.36531931666667	723011.0	12.050183333333333	718.92	640	360	50.0	8	ec2494e381ec8a614e5840e59cccd054	a97ebdd9069904c26af3a785942292f8	640	360	3014.0	51.0	226.0	5455.0	False	False	0.9647871833333334	0.9949571833333335
shields_640x360_60f	shields_640x360_60f	libaom	libaom_20210205_e6afebb_enc-mode0	60	55	0	332913.0	332.91299999999995	34.42816666666668	38.07216666666666	40.075500000000005	34.068381	37.89976	39.826483	95.70307958333335	447636.0	7.4606	446.61	640	360	50.0	8	6af52f2bcb139c100066297598775381	1d3ee4056ac374679304489ba5ca178d	640	360	2531.0	55.0	247.0	5364.0	False	False	0.9400569500000001	0.9900641999999998
shields_640x360_60f	shields_640x360_60f	libaom	libaom_20210205_e6afebb_enc-mode0	60	63	0	193826.0	193.826	31.170500000000004	35.7945	37.66733333333334	30.656439	35.549953	37.395907	86.57809665	291764.0	4.862733333333333	291.52	640	360	50.0	8	71967f8c0a67f1de79fcda0594268ad4	05ad507c32a8953be155fb674e6416cb	640	360	3013.0	47.0	132.0	5244.0	False	False	0.8884859666666667	0.9771040666666667
Netflix_Aerial_1920x1080_60fps_8	Netflix_Aerial_1920x1080_60fps_8	libaom	libaom_20210205_e6afebb_enc-mode0	60	20	0	16910808.0	16910.808	42.23966666666666	45.42533333333335	45.19666666666668	42.200823	45.412884	45.189454	96.32327985	9632809.0	160.54681666666667	9616.76	1920	1080	60.0	8	df7fe2a6a64e4ad196f16472d68a1d00	3fa8ad6503b776e1747f283273efa140	1920	1080	17542.0	248.0	2648.0	23924.0	False	False	0.9976186833333335	0.9960844499999999
Netflix_Aerial_1920x1080_60fps_8	Netflix_Aerial_1920x1080_60fps_8	libaom	libaom_20210205_e6afebb_enc-mode0	60	32	0	8998776.0	8998.776	40.454	44.24383333333333	44.27933333333332	40.380924	44.232479	44.275607	94.21604566666669	8191092.0	136.5182	8168.08	1920	1080	60.0	8	be4ddc97b4137162e7f7543c0919afff	34373eebdd2c4894d1b1b3f4326c7c0d	1920	1080	18149.0	267.0	2039.0	39576.0	False	False	0.9962100333333334	0.9939334833333333
Netflix_Aerial_1920x1080_60fps_8	Netflix_Aerial_1920x1080_60fps_8	libaom	libaom_20210205_e6afebb_enc-mode0	60	43	0	4801976.0	4801.976	38.2845	42.77466666666668	43.232833333333346	38.196083	42.768881	43.229595	91.01518216666666	6729934.0	112.16556666666666	6697.85	1920	1080	60.0	8	d524f8b4fdaee69784a849fe614ac050	0bc15b756c23208b49edad282c3f1411	1920	1080	17482.0	296.0	1841.0	38618.0	False	False	0.9936004833333333	0.9897697333333333
Netflix_Aerial_1920x1080_60fps_8	Netflix_Aerial_1920x1080_60fps_8	libaom	libaom_20210205_e6afebb_enc-mode0	60	55	0	2324384.0	2324.384	35.577666666666666	41.02616666666667	42.024	35.528407	41.020701	42.015391	84.8183429	3710501.0	61.841683333333336	3693.16	1920	1080	60.0	8	b71a64145e3b16d418d3017c71ddf790	2e3ad88e364b8943c91e9545a136db09	1920	1080	17815.0	250.0	1196.0	23686.0	False	False	0.9878519000000001	0.9800016833333333
Netflix_Aerial_1920x1080_60fps_8	Netflix_Aerial_1920x1080_60fps_8	libaom	libaom_20210205_e6afebb_enc-mode0	60	63	0	965176.0	965.176	32.29449999999999	39.040500000000016	40.86133333333335	32.25356	39.014105	40.837681	69.67761339999998	2882039.0	48.03398333333333	2872.23	1920	1080	60.0	8	d8a67b52d8b5ca5e52c171931e85bdbf	8d6fdae422226cf72515d9ee3281f099	1920	1080	14256.0	254.0	1088.0	38077.0	False	False	0.9683506333333332	0.9495105499999998
Netflix_Boat_1920x1080_60fps_8bi	Netflix_Boat_1920x1080_60fps_8bi	libaom	libaom_20210205_e6afebb_enc-mode0	60	20	0	22332008.0	22332.007999999998	42.843833333333336	45.30983333333333	46.69683333333331	42.825534	45.299087	46.693267	99.8843983	7834136.0	130.56893333333332	7762.56	1920	1080	60.0	8	8f9680b44794a469a1ece36d189fbacc	5ad39fe7856b4b511e9baa0145dae26e	1920	1080	18151.0	255.0	2743.0	23899.0	False	False	0.9991930833333333	0.998329
Netflix_Boat_1920x1080_60fps_8bi	Netflix_Boat_1920x1080_60fps_8bi	libaom	libaom_20210205_e6afebb_enc-mode0	60	32	0	12821272.0	12821.272	40.26933333333334	43.590333333333334	44.56333333333334	40.242775	43.575818	44.559809	99.17048041666666	7864229.0	131.07048333333333	7838.4	1920	1080	60.0	8	32d853614fc4a0e2fbb5388989af142e	d1833ee45f5691449e42792fd6558193	1920	1080	17830.0	248.0	2280.0	38278.0	False	False	0.9985907	0.9970528166666667
Netflix_Boat_1920x1080_60fps_8bi	Netflix_Boat_1920x1080_60fps_8bi	libaom	libaom_20210205_e6afebb_enc-mode0	60	43	0	7542048.0	7542.048	37.517	42.199	42.91433333333334	37.472834	42.181367	42.911404	95.20149418333332	7007276.0	116.78793333333333	6968.43	1920	1080	60.0	8	9e5c0c8ce6f6a855b69e5c81083945b1	9417cab417a326803580a74466964740	1920	1080	14008.0	248.0	1889.0	38549.0	False	False	0.9972435333333335	0.9943527500000001
Netflix_Boat_1920x1080_60fps_8bi	Netflix_Boat_1920x1080_60fps_8bi	libaom	libaom_20210205_e6afebb_enc-mode0	60	55	0	4209880.0	4209.88	34.4025	40.54816666666667	41.14416666666668	34.344888	40.534174	41.140768	87.79366266666668	5399928.0	89.9988	5381.85	1920	1080	60.0	8	e2d3e0585e8331299a209831da5cb6c1	63558072f41ef14bc7bb5586f914ea6c	1920	1080	18245.0	255.0	1556.0	34647.0	False	False	0.9935883833333333	0.9876298
Netflix_Boat_1920x1080_60fps_8bi	Netflix_Boat_1920x1080_60fps_8bi	libaom	libaom_20210205_e6afebb_enc-mode0	60	63	0	2266248.0	2266.248	31.317333333333337	38.74949999999999	39.27233333333333	31.237348	38.745302	39.246772	76.17293603333333	3680222.0	61.33703333333333	3673.12	1920	1080	60.0	8	2e41227b99b1bb024d3d46b8e9c59fd2	2de1750b46a073c53e95fd1ef41446ea	1920	1080	17890.0	253.0	1265.0	37630.0	False	False	0.9841546333333332	0.9721590666666666
Starting_1920x1080p_50_10b_pq_70	Starting_1920x1080p_50_10b_pq_70	libaom	libaom_20210205_e6afebb_enc-mode0	60	20	0	4594406.0	4594.406	47.103833333333334	50.02550000000001	51.8395	47.062487	49.967748	51.754996	97.06043211666666	7951009.0	132.51681666666667	7928.21	1920	1080	50.0	10	068d2a36e65630966f1493da36ee5a11	bda2a2122e45eb774c6cce367b8b92b2	1920	1080	21595.0	484.0	2102.0	24089.0	False	False	0.9992924833333333	0.9982795999999999
Starting_1920x1080p_50_10b_pq_70	Starting_1920x1080p_50_10b_pq_70	libaom	libaom_20210205_e6afebb_enc-mode0	60	32	0	2488260.0	2488.26	45.871833333333335	48.944833333333335	50.33133333333334	45.820473	48.909947	50.287204	96.32171258333337	9943346.0	165.72243333333333	9930.59	1920	1080	50.0	10	edfe9735ddb010ba90f52799377d0da5	770aea23496850d33608fe59d10d401b	1920	1080	17451.0	494.0	1859.0	38359.0	False	False	0.9989435333333333	0.9977076999999999
Starting_1920x1080p_50_10b_pq_70	Starting_1920x1080p_50_10b_pq_70	libaom	libaom_20210205_e6afebb_enc-mode0	60	43	0	1449593.0	1449.593	44.17650000000001	47.58466666666666	48.50499999999999	44.123036	47.575244	48.494299	94.71353578333334	7098108.0	118.3018	7076.51	1920	1080	50.0	10	9b7bb179d91297086cbac27ea75b28a7	3bb56b6a881f1107bdfe3d7d1876c620	1920	1080	18533.0	497.0	1601.0	23417.0	False	False	0.9981822666666667	0.9966350666666666
Starting_1920x1080p_50_10b_pq_70	Starting_1920x1080p_50_10b_pq_70	libaom	libaom_20210205_e6afebb_enc-mode0	60	55	0	750326.0	750.3259999999999	41.31800000000001	45.52699999999997	45.95500000000003	41.290948	45.526489	45.953474	90.20141055	4518383.0	75.30638333333333	4504.15	1920	1080	50.0	10	9f35242cd061a9c25bd250c1e176a898	cafe22e24751bc4acd53745ff165caae	1920	1080	18901.0	498.0	1520.0	37858.0	False	False	0.9958787166666668	0.9935235833333332
Starting_1920x1080p_50_10b_pq_70	Starting_1920x1080p_50_10b_pq_70	libaom	libaom_20210205_e6afebb_enc-mode0	60	63	0	325946.0	325.946	36.869666666666674	42.80533333333335	43.053500000000014	36.863376	42.802624	43.050391	77.41937098333334	4358617.0	72.64361666666667	4334.53	1920	1080	50.0	10	a64343c70b8cc16674fbf9b8c9fdf9f6	e29645a267a744e47be812e8ae4dac2c	1920	1080	22158.0	654.0	1817.0	33345.0	False	False	0.9869237666666666	0.9819003333333332
Market3_1920x1080p_50_10b_pq_709	Market3_1920x1080p_50_10b_pq_709	libaom	libaom_20210205_e6afebb_enc-mode0	60	20	0	10073306.0	10073.306	44.37249999999999	50.65750000000002	51.53299999999999	44.360071	50.654907	51.531864	99.77710706666669	8267031.0	137.78385	8251.19	1920	1080	50.0	10	77bb911869adbd0788a9bd7e006672a2	7ab94911652f23cd075e494100ea214f	1920	1080	21564.0	516.0	3210.0	24106.0	False	False	0.9991484666666667	0.9980899000000001
Market3_1920x1080p_50_10b_pq_709	Market3_1920x1080p_50_10b_pq_709	libaom	libaom_20210205_e6afebb_enc-mode0	60	32	0	5396320.0	5396.319999999999	41.7255	48.56783333333333	49.72633333333335	41.710872	48.565772	49.723295	98.55654305000002	9740292.0	162.3382	9713.8	1920	1080	50.0	10	4da9daeecabcf20f383eedfdd8d349f8	c644e281c0e82557b619552a1f8c54e2	1920	1080	25718.0	531.0	3030.0	24475.0	False	False	0.9983940166666666	0.9964291833333334
Market3_1920x1080p_50_10b_pq_709	Market3_1920x1080p_50_10b_pq_709	libaom	libaom_20210205_e6afebb_enc-mode0	60	43	0	3099680.0	3099.68	39.24483333333333	46.97500000000002	48.249	39.225067	46.971101	48.242691	95.32124353333334	7660660.0	127.67766666666667	7638.06	1920	1080	50.0	10	7d5d1af8fadbe926f51c455db011742a	ee1a7197935ffba814f45367faa40cbd	1920	1080	25523.0	647.0	3163.0	40505.0	False	False	0.9967963833333332	0.9932072833333333
Market3_1920x1080p_50_10b_pq_709	Market3_1920x1080p_50_10b_pq_709	libaom	libaom_20210205_e6afebb_enc-mode0	60	55	0	1617733.0	1617.733	36.37833333333332	45.07416666666665	46.568333333333314	36.362182	45.066555	46.554382	88.73909788333334	5456900.0	90.94833333333334	5450.36	1920	1080	50.0	10	1cfc2f1451d2575d7ca7cf47ed3a2d72	a254754ca52aebd6f724b80f37de3118	1920	1080	21290.0	493.0	2232.0	37732.0	False	False	0.99234765	0.9850356333333334
Market3_1920x1080p_50_10b_pq_709	Market3_1920x1080p_50_10b_pq_709	libaom	libaom_20210205_e6afebb_enc-mode0	60	63	0	784826.0	784.8259999999999	33.4485	43.108	44.69083333333333	33.417127	43.075034	44.633047	76.40829591666666	4313232.0	71.8872	4302.73	1920	1080	50.0	10	1cc5df8f96f6758d854ff7b861b5e6d8	591d9087ea79beee588f7b715bb89dcd	1920	1080	25726.0	583.0	2359.0	39086.0	False	False	0.9804785499999998	0.9675952666666667
Netflix_TunnelFlag_1920x1080_60f	Netflix_TunnelFlag_1920x1080_60f	libaom	libaom_20210205_e6afebb_enc-mode0	60	20	0	22063320.0	22063.32	42.28383333333333	46.53783333333334	48.13	42.259819	46.533927	48.124965	99.9194042	8517313.0	141.95521666666667	8496.98	1920	1080	60.0	8	48909e36c8c4dcbb998b6790413cd830	b2c76a7df6502c42896d062136dfe090	1920	1080	27701.0	247.0	3363.0	37920.0	False	False	0.9984939	0.9962347500000001
Netflix_TunnelFlag_1920x1080_60f	Netflix_TunnelFlag_1920x1080_60f	libaom	libaom_20210205_e6afebb_enc-mode0	60	32	0	11697240.0	11697.24	40.10766666666668	44.922833333333315	46.93450000000001	40.079409000000005	44.92068299999999	46.929565	99.90472763333334	7345630.0	122.42716666666666	7308.98	1920	1080	60.0	8	9ca324bbd1bed16d36132753a34bbfe5	459ae933b68ae4021f1ffa56753b6623	1920	1080	14716.0	306.0	3195.0	40234.0	False	False	0.99728585	0.9937134833333333
Netflix_TunnelFlag_1920x1080_60f	Netflix_TunnelFlag_1920x1080_60f	libaom	libaom_20210205_e6afebb_enc-mode0	60	43	0	6174088.0	6174.088	37.772500000000015	43.04666666666669	45.625166666666665	37.737512	43.04552	45.621206	99.8728829	5908760.0	98.47933333333333	5894.57	1920	1080	60.0	8	fb664e939e3ee86fa3bf5134ce4c53da	c8adf3271b771474e9846ad449f690ed	1920	1080	16636.0	348.0	2928.0	38387.0	False	False	0.9949912833333333	0.9896797833333333
Netflix_TunnelFlag_1920x1080_60f	Netflix_TunnelFlag_1920x1080_60f	libaom	libaom_20210205_e6afebb_enc-mode0	60	55	0	3260400.0	3260.4	35.329166666666666	40.972333333333346	43.842166666666664	35.29343099999999	40.970667	43.838891	99.80608638333334	3530125.0	58.83541666666667	3518.56	1920	1080	60.0	8	941e130cc25e599078dc8fce08fd75b3	1753a37fe1440b4a5722512a080aa0b7	1920	1080	16305.0	397.0	3001.0	30479.0	False	False	0.9911220833333333	0.9841528833333332
Netflix_TunnelFlag_1920x1080_60f	Netflix_TunnelFlag_1920x1080_60f	libaom	libaom_20210205_e6afebb_enc-mode0	60	63	0	1792680.0	1792.68	32.40883333333332	39.12266666666667	41.927	32.343761	39.116914	41.917223	95.97959558333334	2560073.0	42.667883333333336	2550.05	1920	1080	60.0	8	64ed2265ce3ea609c051199b235c34f6	1ea2fb655ac3efc6a0ad9e247f324805	1920	1080	12502.0	290.0	1696.0	25004.0	False	False	0.98340465	0.9752939666666666
life_1080p30_60f	life_1080p30_60f	libaom	libaom_20210205_e6afebb_enc-mode0	60	20	0	9717284.0	9717.284000000001	43.51499999999999	49.07583333333333	48.50483333333334	43.469075	49.068482	48.500669	99.01612053333334	6845198.0	114.08663333333334	6829.49	1920	1080	30.0	8	769482621d5116730f432e1eb5f0b9f7	457abc9b8088a61315f7691342244420	1920	1080	16196.0	245.0	3044.0	38421.0	False	False	0.9990523	0.9975853499999999
life_1080p30_60f	life_1080p30_60f	libaom	libaom_20210205_e6afebb_enc-mode0	60	32	0	4648772.0	4648.772	40.755999999999986	46.822500000000005	46.39916666666666	40.728489	46.813903	46.393879	96.87184833333332	6304815.0	105.08025	6290.29	1920	1080	30.0	8	bd977529645c00147d573f68f5e0c5fe	bb6c820c0e8d0f5b83f146ff979b19e4	1920	1080	16303.0	235.0	2262.0	23284.0	False	False	0.9981760166666667	0.9956587
life_1080p30_60f	life_1080p30_60f	libaom	libaom_20210205_e6afebb_enc-mode0	60	43	0	2432932.0	2432.932	38.264833333333335	44.92033333333334	44.72566666666666	38.241558000000005	44.910483	44.71719	93.47528704999999	5395816.0	89.93026666666667	5374.19	1920	1080	30.0	8	09e9943b126f87ca921c390402a71da8	e27f9b18a69bbf0ebb3f6e7ef3024373	1920	1080	12495.0	387.0	2561.0	26581.0	False	False	0.9963441000000001	0.9920176666666668
life_1080p30_60f	life_1080p30_60f	libaom	libaom_20210205_e6afebb_enc-mode0	60	55	0	1246924.0	1246.924	35.51616666666667	42.671	42.52433333333333	35.493214	42.658826	42.515111	87.4419318	3567949.0	59.46581666666667	3558.44	1920	1080	30.0	8	d1e2ac5ad90f70c5dc7f92b328dc6acc	61f7599bed84dc0a2b0a5d609e9658ff	1920	1080	16074.0	256.0	1656.0	23656.0	False	False	0.9915673166666665	0.9829651333333334
life_1080p30_60f	life_1080p30_60f	libaom	libaom_20210205_e6afebb_enc-mode0	60	63	0	590220.0	590.22	32.792	40.19450000000001	39.9435	32.755719	40.166435	39.919577	76.16533853333335	2747733.0	45.79555	2736.86	1920	1080	30.0	8	e27e09c632ebb7ae2443a3bbea98fa23	a44a1406477f129f3cb1c9a3f4ba508d	1920	1080	16093.0	251.0	1490.0	38856.0	False	False	0.9781631166666667	0.96299685
Aerial_1920x1080_2997_10b	Aerial_1920x1080_2997_10b	libaom	libaom_20210205_e6afebb_enc-mode0	60	20	0	7195557.0	7195.557	43.240500000000004	45.711000000000006	45.04783333333332	43.22361	45.697233	45.036296	96.34700363333334	9692081.0	161.53468333333333	9659.34	1920	1080	29.97	10	2d3d78344d2383140e77795d1c53e3cd	419b29ffe742eaa67cfc23274bb9362f	1920	1080	27868.0	520.0	2618.0	23630.0	False	False	0.9989191333333332	0.9978388500000002
Aerial_1920x1080_2997_10b	Aerial_1920x1080_2997_10b	libaom	libaom_20210205_e6afebb_enc-mode0	60	32	0	4316037.0	4316.037	41.686666666666696	44.478000000000016	44.00366666666669	41.659104	44.468898	43.998345	95.25582528333331	9512732.0	158.54553333333334	9497.44	1920	1080	29.97	10	33820875408320513e4db61ac97b1547	4548b0bfc182ac4861a54603055fbdef	1920	1080	28995.0	484.0	2253.0	30026.0	False	False	0.9984414666666667	0.9969966333333332
Aerial_1920x1080_2997_10b	Aerial_1920x1080_2997_10b	libaom	libaom_20210205_e6afebb_enc-mode0	60	43	0	2570520.0	2570.52	39.4185	42.63883333333333	42.54866666666666	39.38983799999999	42.634216	42.546832	92.88767706666665	8446736.0	140.77893333333333	8408.23	1920	1080	29.97	10	ee7cb996165b67802e81badf70fa6d8b	f217e1a6287870442c0eae0426e97339	1920	1080	25057.0	585.0	2365.0	46988.0	False	False	0.9973659	0.9951097833333333
Aerial_1920x1080_2997_10b	Aerial_1920x1080_2997_10b	libaom	libaom_20210205_e6afebb_enc-mode0	60	55	0	1329644.0	1329.644	36.02166666666667	40.370166666666655	40.83916666666664	36.010029	40.368374	40.839186	87.61897696666665	6316966.0	105.28276666666666	6291.46	1920	1080	29.97	10	99b5ffa272be7594e0e9ac3099288d89	672ce973c67dea3b3451f775f94d64ce	1920	1080	27769.0	485.0	1724.0	38071.0	False	False	0.9941983666666665	0.9894869666666667
Aerial_1920x1080_2997_10b	Aerial_1920x1080_2997_10b	libaom	libaom_20210205_e6afebb_enc-mode0	60	63	0	574432.0	574.432	31.69850000000001	38.03533333333334	39.33416666666669	31.68102	38.032731	39.332301	74.28424046666666	5457619.0	90.96031666666667	5429.38	1920	1080	29.97	10	f3fd00714121dc53fbb6f6b89c0ce006	946ee09cf2c625a7b9fe360062c0a33a	1920	1080	27561.0	568.0	1683.0	24638.0	False	False	0.9817584833333335	0.96777215
Cosmos1_1920x856_BT2100_PQ_24fps	Cosmos1_1920x856_BT2100_PQ_24fps	libaom	libaom_20210205_e6afebb_enc-mode0	60	20	0	16570336.0	16570.336	40.441500000000005	44.300166666666655	47.200500000000005	40.367352	44.267531	47.183533	98.75356493333334	18705032.0	311.75053333333335	18681.78	1920	856	24.0	10	9d714298903e7e9c4f87955353734410	1553b710379a8df5f934ef6201ca7ed9	1920	856	18260.0	476.0	6134.0	30202.0	False	False	0.9956255000000002	0.9947062166666666
Cosmos1_1920x856_BT2100_PQ_24fps	Cosmos1_1920x856_BT2100_PQ_24fps	libaom	libaom_20210205_e6afebb_enc-mode0	60	32	0	6313369.0	6313.369	37.22433333333334	42.49733333333334	45.66116666666665	37.154904	42.466541	45.642434	92.80703398333334	14760438.0	246.0073	14735.27	1920	856	24.0	10	523b87472ae24254ec1190f342c0cdcd	82540509e82c3f6dbc9d45457b64bc66	1920	856	18296.0	411.0	4206.0	19738.0	False	False	0.9897983666666667	0.9887432666666667
Cosmos1_1920x856_BT2100_PQ_24fps	Cosmos1_1920x856_BT2100_PQ_24fps	libaom	libaom_20210205_e6afebb_enc-mode0	60	43	0	2701244.0	2701.244	34.955333333333336	41.04949999999999	44.4575	34.897815	41.02652	44.446092	81.73686959999999	12803895.0	213.39825	12766.78	1920	856	24.0	10	833e03fa31a95eb8bec83341b9939164	9ec703ec9d958e9bc44dff8962215e58	1920	856	22608.0	418.0	3170.0	19678.0	False	False	0.9777362000000002	0.9779029499999999
Cosmos1_1920x856_BT2100_PQ_24fps	Cosmos1_1920x856_BT2100_PQ_24fps	libaom	libaom_20210205_e6afebb_enc-mode0	60	55	0	1172889.0	1172.889	32.63783333333332	39.66366666666668	43.134	32.57287	39.643674	43.12880499999999	64.19456336666667	9579523.0	159.65871666666666	9552.96	1920	856	24.0	10	328902185b7724e57459c68d5525b24b	4ff7cb8fbe8b03958e5df934bc12e24b	1920	856	20537.0	386.0	2290.0	30832.0	False	False	0.9497536166666669	0.9542070500000001
Cosmos1_1920x856_BT2100_PQ_24fps	Cosmos1_1920x856_BT2100_PQ_24fps	libaom	libaom_20210205_e6afebb_enc-mode0	60	63	0	462534.0	462.534	30.212166666666654	38.261333333333326	41.73700000000001	30.142895	38.251308	41.733752	42.22749351666666	5899351.0	98.32251666666667	5869.81	1920	856	24.0	10	43414b2eaf3e595839c566f7d77efe60	1f7ca20e399cddb1dbb48f371ab3b704	1920	856	21862.0	418.0	1994.0	19437.0	False	False	0.8884940499999999	0.9038457333333334
touchdown_pass_1080p_60f	touchdown_pass_1080p_60f	libaom	libaom_20210205_e6afebb_enc-mode0	60	20	0	10473780.0	10473.78	39.68899999999999	47.66500000000003	47.80733333333334	39.605811	47.66154199999999	47.804277	95.70494258333335	14704185.0	245.06975	14680.78	1920	1080	29.97	8	6e7cd803ce45f20eae1509f170fdea47	257c9ff27d112351c7211a426edf1597	1920	1080	12516.0	278.0	3463.0	39738.0	False	False	0.9949663333333331	0.9889258499999998
touchdown_pass_1080p_60f	touchdown_pass_1080p_60f	libaom	libaom_20210205_e6afebb_enc-mode0	60	32	0	3311599.0	3311.599	38.34266666666666	46.805333333333344	46.9555	38.321968	46.803332	46.953049	93.4251603	10143645.0	169.06075	10121.09	1920	1080	29.97	8	ecc597a43f29bfbd99d12a114b05f63e	e6da1478a80a0e5b84f3b5aadc0bd691	1920	1080	12372.0	299.0	2173.0	41085.0	False	False	0.9934992833333333	0.9858076
touchdown_pass_1080p_60f	touchdown_pass_1080p_60f	libaom	libaom_20210205_e6afebb_enc-mode0	60	43	0	1657727.0	1657.727	37.061666666666675	45.871833333333335	45.90533333333334	37.033074000000006	45.86642100000001	45.900737	89.89480944999998	6614549.0	110.24248333333334	6583.65	1920	1080	29.97	8	30062359df2058243fdae0a07f0b531c	a3a852ce4e30a15e171dac108d70dbb4	1920	1080	17032.0	290.0	1759.0	41141.0	False	False	0.9902106166666667	0.9798906333333335
touchdown_pass_1080p_60f	touchdown_pass_1080p_60f	libaom	libaom_20210205_e6afebb_enc-mode0	60	55	0	852106.0	852.106	35.269	44.63949999999999	44.709500000000006	35.22804	44.622959	44.695486	82.37897935	3235343.0	53.922383333333336	3222.13	1920	1080	29.97	8	b2c747c59c0fed4f58f652294af02cda	647eb8a1b1c50ab659229a0a6eb66bc7	1920	1080	12171.0	406.0	2109.0	31687.0	False	False	0.9805117166666667	0.9653442666666668
touchdown_pass_1080p_60f	touchdown_pass_1080p_60f	libaom	libaom_20210205_e6afebb_enc-mode0	60	63	0	401667.0	401.667	32.902499999999996	43.14383333333332	43.188833333333335	32.841319	43.101661	43.150609	66.43593106666667	2673717.0	44.56195	2666.99	1920	1080	29.97	8	166ba1c39bb52ca69c29aeb33c33fa15	a731d05d485cd0bddb5035d4462b253c	1920	1080	16307.0	270.0	1226.0	40379.0	False	False	0.9488851	0.9284044333333333
ducks_take_off_1080p50_60f	ducks_take_off_1080p50_60f	libaom	libaom_20210205_e6afebb_enc-mode0	60	20	0	81264006.0	81264.006	37.58683333333334	38.335000000000015	40.95799999999999	37.47589	38.284947	40.945863	97.6132399	23985929.0	399.76548333333335	23936.33	1920	1080	50.0	8	6a30536fe6d88ec680d3cda3407a3528	0ae7865d88a58c1ad801cb58ef822805	1920	1080	20926.0	251.0	6686.0	38146.0	False	False	0.9983580166666665	0.9943385166666668
ducks_take_off_1080p50_60f	ducks_take_off_1080p50_60f	libaom	libaom_20210205_e6afebb_enc-mode0	60	32	0	23319813.0	23319.813	34.631499999999996	36.628833333333326	39.718833333333336	34.597859	36.611272	39.713647	91.89652101666665	23411035.0	390.1839166666667	23252.52	1920	1080	50.0	8	720d2b8d19937d110a979cb9fc8e3f6e	83f03f86f3f524c66b97e952381cac87	1920	1080	20832.0	241.0	3778.0	23491.0	False	False	0.9957590833333334	0.9885213666666667
ducks_take_off_1080p50_60f	ducks_take_off_1080p50_60f	libaom	libaom_20210205_e6afebb_enc-mode0	60	43	0	9419106.0	9419.106	32.87850000000002	35.03483333333332	38.54883333333332	32.844926	35.001187	38.541408	83.17738958333332	16050390.0	267.5065	16027.01	1920	1080	50.0	8	9bd31a9103a4020227d844ab9571c85c	9fd6316bcfe9232b37d5d106447a808e	1920	1080	16589.0	243.0	2408.0	37744.0	False	False	0.9901467833333333	0.9804275833333335
ducks_take_off_1080p50_60f	ducks_take_off_1080p50_60f	libaom	libaom_20210205_e6afebb_enc-mode0	60	55	0	4204320.0	4204.32	30.885833333333334	33.468666666666664	37.602666666666664	30.830521	33.416072	37.598375	69.33767348333332	9893605.0	164.89341666666667	9870.33	1920	1080	50.0	8	2d37438af2628ef4dd6b5f2fb89a6ef1	db8620aebfc437bbab31cba23677ca69	1920	1080	16190.0	249.0	1927.0	23785.0	False	False	0.9774575333333334	0.9646956166666668
ducks_take_off_1080p50_60f	ducks_take_off_1080p50_60f	libaom	libaom_20210205_e6afebb_enc-mode0	60	63	0	1985233.0	1985.233	28.791499999999996	32.00416666666667	36.81616666666666	28.709819	31.960208	36.812645	51.86570276666667	5337583.0	88.95971666666667	5326.14	1920	1080	50.0	8	75ff675df7a74b0013ab63b2b39b1a25	fba5dc584be4e94251dfea4fdb72aaf9	1920	1080	16111.0	252.0	1326.0	23699.0	False	False	0.9516417166666666	0.93609885
Sintel_Dragons_1920x816_24_10b	Sintel_Dragons_1920x816_24_10b	libaom	libaom_20210205_e6afebb_enc-mode0	60	20	0	4364668.0	4364.668	46.39583333333336	51.06816666666668	51.207333333333345	46.33161499999999	51.029078	51.144793	99.9195294	16781033.0	279.6838833333333	16761.29	1920	816	24.0	10	54883290b31929df8fc17db4be46cf24	ea9cb5dc4d9a74ab8ed4cd737aaad266	1920	816	10998.0	407.0	3036.0	30584.0	False	False	0.9965369833333334	0.9967022333333334
Sintel_Dragons_1920x816_24_10b	Sintel_Dragons_1920x816_24_10b	libaom	libaom_20210205_e6afebb_enc-mode0	60	32	0	2303900.0	2303.9	43.466499999999996	48.75716666666668	48.798	43.407606	48.717328	48.719176	99.83809893333334	13889436.0	231.4906	13848.64	1920	816	24.0	10	f0b389d6471b635719a630dedcd4ddab	113f854355edc547c7d096684bd62e06	1920	816	14129.0	385.0	2621.0	30500.0	False	False	0.9938691333333333	0.9943021666666667
Sintel_Dragons_1920x816_24_10b	Sintel_Dragons_1920x816_24_10b	libaom	libaom_20210205_e6afebb_enc-mode0	60	43	0	1240230.0	1240.23	40.58333333333332	46.44316666666666	46.40666666666665	40.532316	46.399561	46.323087	97.05390916666666	11787326.0	196.45543333333333	11746.23	1920	816	24.0	10	ebb7fe53feb0aceea8150a724b8132c7	3e880ab7ddd955e2dff3ecb47a921aa9	1920	816	13723.0	368.0	2115.0	28941.0	False	False	0.9883888166666668	0.9896529500000001
Sintel_Dragons_1920x816_24_10b	Sintel_Dragons_1920x816_24_10b	libaom	libaom_20210205_e6afebb_enc-mode0	60	55	0	666406.0	666.4060000000001	37.658833333333334	44.08116666666667	44.06650000000001	37.608958	44.039182	43.977729	85.63148958333332	11609689.0	193.49481666666668	11577.43	1920	816	24.0	10	9072a132d1f9b723d3e1045b741f8bdd	1f572dc65a746b9ec5001ba9a61e6bf7	1920	816	11260.0	397.0	2090.0	18604.0	False	False	0.9777751166666667	0.9809761166666667
Sintel_Dragons_1920x816_24_10b	Sintel_Dragons_1920x816_24_10b	libaom	libaom_20210205_e6afebb_enc-mode0	60	63	0	345670.0	345.67	34.40466666666667	41.45066666666669	41.466166666666666	34.323724	41.429649	41.394826	66.73649888333334	10862741.0	181.04568333333333	10845.04	1920	816	24.0	10	ca0309990aad5cc4372af8b47a882b2a	85251e9459772f21d255e0eaca1c9a67	1920	816	13757.0	368.0	1574.0	18144.0	False	False	0.9561452166666664	0.9634237666666667
ducks_1920x1080_50fps_10b	ducks_1920x1080_50fps_10b	libaom	libaom_20210205_e6afebb_enc-mode0	60	20	0	81945440.0	81945.44	37.678999999999995	38.43333333333332	41.120166666666684	37.602482	38.40014800000001	41.111193	97.68007456666668	31484859.0	524.74765	31445.72	1920	1080	50.0	10	f99bad782c8d1b2dcad43f7de05bda17	dccfc902008550f08104eac6b839a848	1920	1080	28464.0	565.0	8613.0	39010.0	False	False	0.99839525	0.9944374833333334
ducks_1920x1080_50fps_10b	ducks_1920x1080_50fps_10b	libaom	libaom_20210205_e6afebb_enc-mode0	60	32	0	23088573.0	23088.573	34.67716666666665	36.690166666666656	39.8525	34.643077	36.67293	39.84617	91.93299376666667	31326545.0	522.1090833333334	31281.32	1920	1080	50.0	10	14c7775a83b11126b9f83b5875fd7adf	cd221e9a2fc666718168b28a6dda5446	1920	1080	22326.0	523.0	5258.0	38619.0	False	False	0.9958043166666669	0.9885989166666664
ducks_1920x1080_50fps_10b	ducks_1920x1080_50fps_10b	libaom	libaom_20210205_e6afebb_enc-mode0	60	43	0	9368720.0	9368.72	32.92150000000001	35.11166666666667	38.68333333333333	32.887099	35.07871	38.67672	83.12161319999998	25230333.0	420.50555	25154.36	1920	1080	50.0	10	14fba2709cba0a4265d4d4f130346f74	4449d4f52e95d09cc0297ed32a03f653	1920	1080	28911.0	498.0	3579.0	23674.0	False	False	0.9901854999999998	0.9805176333333332
ducks_1920x1080_50fps_10b	ducks_1920x1080_50fps_10b	libaom	libaom_20210205_e6afebb_enc-mode0	60	55	0	4203186.0	4203.186	30.916333333333334	33.536666666666676	37.72416666666666	30.860176	33.483678	37.71972	69.33410031666666	17768160.0	296.136	17726.52	1920	1080	50.0	10	15e515691c6517d1f0238e217d75aff9	a44fd15b720f2337bc681f5f1b7b6ce4	1920	1080	22649.0	538.0	3246.0	24533.0	False	False	0.9774095500000001	0.9647228166666667
ducks_1920x1080_50fps_10b	ducks_1920x1080_50fps_10b	libaom	libaom_20210205_e6afebb_enc-mode0	60	63	0	1995713.0	1995.713	28.834833333333336	32.0755	36.932000000000016	28.752264	32.032259	36.929361	51.88817236666666	10169900.0	169.49833333333333	10138.64	1920	1080	50.0	10	dcb926cefe3083e36ab284d56320cf2e	d80eaf72c4cbe89a55a454581b321c95	1920	1080	22836.0	540.0	2379.0	39232.0	False	False	0.9518579333333331	0.9363222499999999
MINECRAFT_60f_420	MINECRAFT_60f_420	libaom	libaom_20210205_e6afebb_enc-mode0	60	20	0	64485064.0	64485.064	41.16100000000003	44.952833333333345	45.45633333333333	40.970338	44.858743	45.381458	99.92042483333333	21270000.0	354.5	21241.51	1920	1080	60.0	8	3e11964a189edce344af2bf551145d74	e85baab61e189d69242d0c0502a857eb	1920	1080	18143.0	248.0	7854.0	23651.0	False	False	0.9971806166666666	0.99522135
MINECRAFT_60f_420	MINECRAFT_60f_420	libaom	libaom_20210205_e6afebb_enc-mode0	60	32	0	33852880.0	33852.88	36.98866666666667	43.265166666666666	43.58733333333334	36.748257	43.194512	43.526671	99.47462456666668	30063018.0	501.0503	29975.04	1920	1080	60.0	8	e9194935bf99c201d644049b66e521b7	7dd5e9349d8515299d4874355d90bcf3	1920	1080	17910.0	272.0	6267.0	32844.0	False	False	0.99285675	0.9880776
MINECRAFT_60f_420	MINECRAFT_60f_420	libaom	libaom_20210205_e6afebb_enc-mode0	60	43	0	14210792.0	14210.792	33.369666666666674	41.67400000000002	41.83916666666667	33.163338	41.614679	41.779957	92.27037840000001	31639083.0	527.31805	31570.02	1920	1080	60.0	8	740384eded1cfc702c96d0b825f260a3	286ea1b3e8132b96cb31c850a52f4d87	1920	1080	14360.0	273.0	4295.0	24544.0	False	False	0.98226735	0.9722653166666668
MINECRAFT_60f_420	MINECRAFT_60f_420	libaom	libaom_20210205_e6afebb_enc-mode0	60	55	0	5883264.0	5883.264	30.781333333333343	40.001666666666665	39.97083333333334	30.654756	39.96075600000001	39.921374	77.99377953333332	22048807.0	367.4801166666667	22006.19	1920	1080	60.0	8	f103cb3e534455838f4c8d4d39f21a41	19aad8469af0104a081d83f51eb56aae	1920	1080	17908.0	248.0	2411.0	37726.0	False	False	0.9586895666666667	0.9421859999999999
MINECRAFT_60f_420	MINECRAFT_60f_420	libaom	libaom_20210205_e6afebb_enc-mode0	60	63	0	2094640.0	2094.64	28.227833333333333	38.14616666666666	38.17066666666666	28.1332	38.136363	38.14501	56.65097875	14192678.0	236.54463333333334	14149.79	1920	1080	60.0	8	8b60508b9e312221d2290996461f7cfb	ad2a7b70b0245b9f27ba1d2a0ddc6bb6	1920	1080	18256.0	258.0	1649.0	39313.0	False	False	0.9034921666666668	0.8846252
ToddlerFountn_1920x1080_2997_10b	ToddlerFountn_1920x1080_2997_10b	libaom	libaom_20210205_e6afebb_enc-mode0	60	20	0	49551742.0	49551.742	40.26499999999999	45.988333333333344	43.34383333333332	40.178788000000004	45.9714	43.310076	99.87429878333333	23349346.0	389.1557666666667	23331.04	1920	1080	29.97	10	b9f2db303c1a669fb3422ffcb1749cbe	ca8a4d0631fe1f9397d381c90fdbe91c	1920	1080	27113.0	537.0	9072.0	39127.0	False	False	0.9970101499999999	0.9937003000000001
ToddlerFountn_1920x1080_2997_10b	ToddlerFountn_1920x1080_2997_10b	libaom	libaom_20210205_e6afebb_enc-mode0	60	32	0	24020906.0	24020.906	36.301833333333335	44.62850000000002	41.586833333333324	36.152556	44.61272999999999	41.56004599999999	98.74572731666667	30143185.0	502.38641666666666	30088.59	1920	1080	29.97	10	1cade9e8b5d7f6ae7472cf0908a040db	c17303bee3862977d1f85b1ca7573138	1920	1080	27969.0	577.0	7718.0	40428.0	False	False	0.9910814333333333	0.9832937833333335
ToddlerFountn_1920x1080_2997_10b	ToddlerFountn_1920x1080_2997_10b	libaom	libaom_20210205_e6afebb_enc-mode0	60	43	0	10567870.0	10567.87	32.88133333333334	43.36483333333332	40.33283333333333	32.73228	43.354236	40.320663	86.59517765000001	29063136.0	484.3856	28996.53	1920	1080	29.97	10	a2abd17701bcb1b1a66bed14c6bbba47	4237f801137de9459edff8dbc08ecc8e	1920	1080	27331.0	551.0	5540.0	39245.0	False	False	0.9748882499999999	0.9600499833333331
ToddlerFountn_1920x1080_2997_10b	ToddlerFountn_1920x1080_2997_10b	libaom	libaom_20210205_e6afebb_enc-mode0	60	55	0	4232004.0	4232.004	29.947333333333326	42.327833333333324	39.48566666666666	29.806569	42.323006	39.480899	65.30565243333334	24646998.0	410.7833	24593.53	1920	1080	29.97	10	92fd015bf74abe82005910a6aaee10cc	498f4664fad8dae65ea4993c00aef1fb	1920	1080	27933.0	641.0	3731.0	38974.0	False	False	0.9370340000000001	0.9166574666666667
ToddlerFountn_1920x1080_2997_10b	ToddlerFountn_1920x1080_2997_10b	libaom	libaom_20210205_e6afebb_enc-mode0	60	63	0	1472172.0	1472.172	27.190166666666663	41.21233333333334	38.78166666666666	27.007691	41.209094	38.776238	39.906644583333325	15773960.0	262.89933333333335	15748.68	1920	1080	29.97	10	1c9f5aae6c8eb6e05645b4b8d669844a	356a82c9e01d8225859598da911508ed	1920	1080	27817.0	531.0	2752.0	39597.0	False	False	0.8635993333333333	0.8461112833333334
