Netflix_DrivingPOV_1280x720_60fp	Netflix_DrivingPOV_1280x720_60fp	svtav1	svtav1_20191022_0175b58	60	20	12778592.0	12778.592	43.142166666666654	46.71183333333332	45.359	43.101558	46.70166	45.349798	99.682841	1526187.0	25.43645	1280	720	60.0	8	f196e0f97079884557d8856545150815	5073f12527e360b2b1b2dc61c28523af	1280	720	4969.0	9.0	7198.0	3233.0	False	True
Netflix_DrivingPOV_1280x720_60fp	Netflix_DrivingPOV_1280x720_60fp	svtav1	svtav1_20191022_0175b58	60	32	6226608.0	6226.607999999999	40.882500000000014	45.47900000000002	44.38283333333334	40.824908	45.471626	44.378067	98.828163	1136430.0	18.9405	1280	720	60.0	8	23df0c59763b94ecfb25c74f6c55a7bf	073ec39ff6dfd861dd0a89c67b54aa23	1280	720	4842.0	4.0	5706.0	2670.0	False	True
Netflix_DrivingPOV_1280x720_60fp	Netflix_DrivingPOV_1280x720_60fp	svtav1	svtav1_20191022_0175b58	60	43	3066680.0	3066.68	38.343833333333336	43.68649999999999	43.1415	38.291401	43.680252	43.13902	96.720407	788488.0	13.141466666666666	1280	720	60.0	8	8f9385713824b6a9070a7dc54b89385c	3dc0ff9de20296ede9310ae914ff8249	1280	720	4765.0	4.0	5203.0	2501.0	False	True
Netflix_DrivingPOV_1280x720_60fp	Netflix_DrivingPOV_1280x720_60fp	svtav1	svtav1_20191022_0175b58	60	55	1546152.0	1546.1519999999998	35.739166666666684	41.77416666666668	41.893833333333326	35.685169	41.769506	41.891024	92.210498	697534.0	11.625566666666666	1280	720	60.0	8	0b8dfa9623fb97bc5ad9d1713c1d09fd	fb7081d083115e00b0e88f8a0b268372	1280	720	8166.0	4.0	4498.0	2568.0	False	True
Netflix_DrivingPOV_1280x720_60fp	Netflix_DrivingPOV_1280x720_60fp	svtav1	svtav1_20191022_0175b58	60	63	673640.0	673.64	32.471333333333334	39.187833333333295	40.0476666666667	32.440744	39.183415	40.044214	81.660021	704324.0	11.738733333333334	1280	720	60.0	8	e82accb057253bf5ec8cef1d496d25df	db3d719bd8b30378d0bca56b15b30153	1280	720	5067.0	19.0	4544.0	3956.0	False	True
niklas360p_60f	niklas360p_60f	svtav1	svtav1_20191022_0175b58	60	20	1547512.0	1547.512	44.61699999999999	48.07316666666667	47.773166666666675	44.509999	48.00902899999999	47.709459	98.410595	270447.0	4.50745	640	360	30.0	8	3af821aeeb8350cd88c57254c670d813	66cd0167b342f97213c1d350c45ff689	640	360	1512.0	5.0	1792.0	545.0	False	True
niklas360p_60f	niklas360p_60f	svtav1	svtav1_20191022_0175b58	60	32	844508.0	844.508	42.214333333333336	46.5705	46.04133333333334	42.12138	46.533678	45.998122	96.914824	225755.0	3.762583333333333	640	360	30.0	8	49817ab50995ce7eef0d915f3d34202e	ce53c76d95b0be9436e5626eea61983c	640	360	1306.0	3.0	1643.0	889.0	False	True
niklas360p_60f	niklas360p_60f	svtav1	svtav1_20191022_0175b58	60	43	461928.0	461.928	39.388999999999996	44.87549999999999	44.00716666666667	39.303313	44.853629	43.978728	93.659532	168636.0	2.8106	640	360	30.0	8	a00c0c4fbc1924346b5cf8927af11571	9d87da7bbc4720e7f46382a99ca61ee3	640	360	1362.0	3.0	1353.0	566.0	False	True
niklas360p_60f	niklas360p_60f	svtav1	svtav1_20191022_0175b58	60	55	248980.0	248.98	36.314166666666665	42.98149999999999	41.91016666666666	36.240487	42.966311	41.885020000000004	87.54796	126447.0	2.10745	640	360	30.0	8	a500eca1ac14d3e93b0cf8bcdd80af35	1cf7be7794d399b7f66f3164226cf3de	640	360	1315.0	5.0	1258.0	550.0	False	True
niklas360p_60f	niklas360p_60f	svtav1	svtav1_20191022_0175b58	60	63	118948.0	118.948	32.62466666666667	40.615999999999985	39.2785	32.566791	40.599793	39.257287	74.939484	92091.0	1.53485	640	360	30.0	8	8195ec61a3ebb0324c10c18fb5aa3c74	a15fa3b722f6935ed856dd7a456b7fbc	640	360	1371.0	4.0	898.0	535.0	False	True
Market3_1920x1080p_50_10b_pq_709	Market3_1920x1080p_50_10b_pq_709	svtav1	svtav1_20191022_0175b58	60	20	16266373.0	16266.373	45.600166666666645	52.54149999999998	53.47100000000002	45.577578	52.529081	53.45901	99.847954	1288469.0	21.474483333333332	1920	1080	50.0	10	8f213abecffa3e8a9dd4ac692b6d5175	2016841ea0163b9ed38253b5a2974f54	1920	1080	13069.0	2.0	13430.0	5949.0	False	True
Market3_1920x1080p_50_10b_pq_709	Market3_1920x1080p_50_10b_pq_709	svtav1	svtav1_20191022_0175b58	60	32	8445186.0	8445.186	43.20366666666666	50.37800000000001	51.45983333333333	43.160121	50.37266	51.455172999999995	99.068477	1133731.0	18.895516666666666	1920	1080	50.0	10	b84f30e6767543df17ec1ddb43b8f31c	40889a0dcddce50192e971b889537542	1920	1080	13365.0	5.0	11743.0	6226.0	False	True
Market3_1920x1080p_50_10b_pq_709	Market3_1920x1080p_50_10b_pq_709	svtav1	svtav1_20191022_0175b58	60	43	4298606.0	4298.606	40.38233333333334	48.1693333333333	49.49300000000001	40.330511	48.165364	49.490871	96.23953	1310826.0	21.8471	1920	1080	50.0	10	9f74431c49df87c57daa5677e3dcbe5a	def753ec519ed1907beeed8188a4512c	1920	1080	16285.0	15.0	12146.0	7311.0	False	True
Market3_1920x1080p_50_10b_pq_709	Market3_1920x1080p_50_10b_pq_709	svtav1	svtav1_20191022_0175b58	60	55	2123193.0	2123.193	37.21533333333333	45.930333333333344	47.34033333333335	37.173898	45.928348	47.337855	90.631204	819028.0	13.650466666666667	1920	1080	50.0	10	d3169a8aba66d6cab085b4972989dee5	6c5d11aaa34d6b2faa417c5e845bb588	1920	1080	13443.0	5.0	9625.0	6075.0	False	True
Market3_1920x1080p_50_10b_pq_709	Market3_1920x1080p_50_10b_pq_709	svtav1	svtav1_20191022_0175b58	60	63	841020.0	841.02	33.507833333333345	43.16166666666665	44.85283333333333	33.493026	43.15915400000001	44.841499	76.748376	750015.0	12.50025	1920	1080	50.0	10	3364d7b6ad708b998a11406e53ce66e3	41dbcd7b0f98cc23e48ddba119a3074a	1920	1080	13391.0	3.0	8011.0	7567.0	False	True
vidyo4_720p_60fps_60f	vidyo4_720p_60fps_60f	svtav1	svtav1_20191022_0175b58	60	20	6365888.0	6365.888	44.4798333333333	50.12016666666667	50.431666666666665	44.424281	50.111652	50.425089	97.841492	4040306.0	67.33843333333333	1280	720	60.0	8	6bcd855d4b142072a69750778378abf7	cdfd715b85aba0efe8709bea54a81b6d	1280	720	11484.0	4.0	5020.0	2605.0	False	True
vidyo4_720p_60fps_60f	vidyo4_720p_60fps_60f	svtav1	svtav1_20191022_0175b58	60	32	2161832.0	2161.832	42.9685	49.54300000000001	49.86416666666666	42.90712	49.533769	49.857209	96.586321	808268.0	13.471133333333333	1280	720	60.0	8	8e0fb67f4cbd64cae62bf47d0bc869ad	5a14bb2d9813658e3c2cecf16e7fe5f9	1280	720	4572.0	14.0	3536.0	2442.0	False	True
vidyo4_720p_60fps_60f	vidyo4_720p_60fps_60f	svtav1	svtav1_20191022_0175b58	60	43	1018544.0	1018.544	41.62050000000001	48.70466666666666	48.97583333333332	41.556667	48.693132	48.967006	94.605466	2111676.0	35.1946	1280	720	60.0	8	23433c3a82d3a9c572167c500cf62e17	010daa22ed6aafcfa3785a02fa63731f	1280	720	6105.0	5.0	2828.0	2528.0	False	True
vidyo4_720p_60fps_60f	vidyo4_720p_60fps_60f	svtav1	svtav1_20191022_0175b58	60	55	517672.0	517.672	39.73666666666668	47.40783333333333	47.560500000000005	39.661574	47.392095	47.543714	90.69207	356355.0	5.93925	1280	720	60.0	8	a4070c2da356b65061740980566c19e7	8336db59b17716dc949975e7b664a7ab	1280	720	3576.0	5.0	2430.0	3660.0	False	True
vidyo4_720p_60fps_60f	vidyo4_720p_60fps_60f	svtav1	svtav1_20191022_0175b58	60	63	234600.0	234.6	36.68766666666667	44.65616666666666	44.65016666666665	36.632129	44.652407	44.645732	80.345822	237856.0	3.9642666666666666	1280	720	60.0	8	f268548aefae9009bb28bb7f717a2a49	3cb22b47abdc977c9c4ad3a474d69419	1280	720	3431.0	4.0	2106.0	2651.0	False	True
KristenAndSara_1280x720_60f	KristenAndSara_1280x720_60f	svtav1	svtav1_20191022_0175b58	60	20	4026400.0	4026.4	44.81916666666666	49.1785	50.09566666666667	44.805208	49.173818	50.093497	97.018538	895516.0	14.925266666666667	1280	720	60.0	8	a7179250aa20aeeed6d4f6d167cd28ee	3ea5f3d7aaee89ab2bb9f5b77193438e	1280	720	3937.0	8.0	5018.0	2711.0	False	True
KristenAndSara_1280x720_60f	KristenAndSara_1280x720_60f	svtav1	svtav1_20191022_0175b58	60	32	1597320.0	1597.32	43.72716666666667	48.57783333333334	49.47583333333334	43.708359	48.573344	49.471966	96.308437	547215.0	9.12025	1280	720	60.0	8	fd1e4e5bb885266e7bfcfccfa931039e	ccf2a762cf5f02a770025cc94df01556	1280	720	3635.0	4.0	3089.0	2344.0	False	True
KristenAndSara_1280x720_60f	KristenAndSara_1280x720_60f	svtav1	svtav1_20191022_0175b58	60	43	807856.0	807.856	42.48483333333332	47.642	48.50216666666667	42.46214	47.63835000000001	48.498802	94.934858	433452.0	7.2242	1280	720	60.0	8	8e20bb0dccf57ff57e2832b6e39e1d38	1ac102447e84322a56b16818725f6622	1280	720	3695.0	5.0	2580.0	2393.0	False	True
KristenAndSara_1280x720_60f	KristenAndSara_1280x720_60f	svtav1	svtav1_20191022_0175b58	60	55	425832.0	425.832	40.611666666666665	45.85549999999999	46.87716666666667	40.585462	45.851504	46.874236	91.935485	313574.0	5.226233333333333	1280	720	60.0	8	c2de5018d9ef42e2024190c04114e4d4	85d874fff361801bd452adb2ceb88d86	1280	720	3720.0	4.0	2093.0	2424.0	False	True
KristenAndSara_1280x720_60f	KristenAndSara_1280x720_60f	svtav1	svtav1_20191022_0175b58	60	63	197736.0	197.736	37.421333333333344	43.01066666666666	43.93050000000003	37.409302	43.009724	43.929484	83.73398	348852.0	5.8142	1280	720	60.0	8	f7e3919f877d4d97389e12596efe02f8	4b7c2e9b4c8ff292dae7b39fbc978527	1280	720	4634.0	24.0	2916.0	2620.0	False	True
DOTA2_60f_420	DOTA2_60f_420	svtav1	svtav1_20191022_0175b58	60	20	18111000.0	18111.0	45.944833333333335	49.79016666666668	49.86249999999997	45.906349	49.736736	49.832296	97.73778	7936713.0	132.27855	1920	1080	60.0	8	12f59a8368b05b2f525f78f4ab8edf68	1eead54196afb48f8c589a3d7b90b418	1920	1080	15578.0	40.0	8956.0	6108.0	False	True
DOTA2_60f_420	DOTA2_60f_420	svtav1	svtav1_20191022_0175b58	60	32	9401168.0	9401.168	43.769833333333324	47.841166666666645	48.065000000000005	43.69012	47.751629	48.018412	96.227426	1333982.0	22.233033333333335	1920	1080	60.0	8	2c8cb79f4ab8052761f94360ec1e802c	e1f7522b4fd589e837d2f948081f82bf	1920	1080	8872.0	4.0	7497.0	5934.0	False	True
DOTA2_60f_420	DOTA2_60f_420	svtav1	svtav1_20191022_0175b58	60	43	4689712.0	4689.712	41.174666666666674	45.4605	45.821000000000005	41.072555	45.351876	45.772248	93.12781	5504995.0	91.74991666666666	1920	1080	60.0	8	adebaabcdcb66532a802f91048324bd4	9f6f30267a46b9ee62746bed815f0f13	1920	1080	22708.0	4.0	7113.0	6637.0	False	True
DOTA2_60f_420	DOTA2_60f_420	svtav1	svtav1_20191022_0175b58	60	55	2143912.0	2143.912	38.24066666666666	42.76716666666666	43.186499999999995	38.116551	42.648259	43.143919	86.89129900000002	906262.0	15.104366666666667	1920	1080	60.0	8	8b510407aed7565d6e1bb67071bbd6dd	b357be509852eb44d90605c74ec46c37	1920	1080	8681.0	5.0	6203.0	6206.0	False	True
DOTA2_60f_420	DOTA2_60f_420	svtav1	svtav1_20191022_0175b58	60	63	817776.0	817.776	34.44849999999999	39.21033333333333	39.588333333333345	34.392986	39.162676	39.578662	71.903151	607081.0	10.118016666666668	1920	1080	60.0	8	b9c98126e8753e257342893427380f68	7c0598eaa0907abb0f625a91f6dba6e2	1920	1080	8543.0	3.0	4719.0	6278.0	False	True
Netflix_Aerial_1920x1080_60fps_8	Netflix_Aerial_1920x1080_60fps_8	svtav1	svtav1_20191022_0175b58	60	20	27030296.0	27030.296	43.18800000000001	46.073666666666675	45.720499999999994	43.151834	46.058535	45.708931	96.938681	2214297.0	36.90495	1920	1080	60.0	8	20f4ebfe76f6e55e7416b5aa95f61e8e	5ea2e0de49d8bf41d5bb92a9f09f00c0	1920	1080	9888.0	6.0	16291.0	6912.0	False	True
Netflix_Aerial_1920x1080_60fps_8	Netflix_Aerial_1920x1080_60fps_8	svtav1	svtav1_20191022_0175b58	60	32	12697928.0	12697.927999999998	41.285833333333336	44.82133333333334	44.68083333333335	41.227348	44.812465	44.676332	94.84263	2235515.0	37.258583333333334	1920	1080	60.0	8	5424a19dfb471912dfbd34a06a75fe75	2a988383820fd0dfa999cfcec383bcc1	1920	1080	9784.0	4.0	13376.0	6148.0	False	True
Netflix_Aerial_1920x1080_60fps_8	Netflix_Aerial_1920x1080_60fps_8	svtav1	svtav1_20191022_0175b58	60	43	6099784.0	6099.784	38.87533333333333	43.21066666666666	43.548500000000004	38.797292	43.203877	43.545926	91.57731399999999	1839264.0	30.6544	1920	1080	60.0	8	690ca1a7823542a46d01bd870fd967d0	ef349553e6c2504887c0a0cb63ae1c16	1920	1080	9867.0	4.0	11132.0	9155.0	False	True
Netflix_Aerial_1920x1080_60fps_8	Netflix_Aerial_1920x1080_60fps_8	svtav1	svtav1_20191022_0175b58	60	55	2881152.0	2881.152	36.06716666666668	41.444999999999986	42.329	36.007594	41.440573	42.324025	85.731954	997492.0	16.624866666666666	1920	1080	60.0	8	6590d670a478c81864c47ee0254be7a5	601550a7ee59492d0f10df4c6afa020b	1920	1080	13210.0	6.0	9911.0	6000.0	False	True
Netflix_Aerial_1920x1080_60fps_8	Netflix_Aerial_1920x1080_60fps_8	svtav1	svtav1_20191022_0175b58	60	63	986112.0	986.112	32.25549999999999	39.22466666666666	40.93033333333333	32.243208	39.214328	40.919849	70.555946	1069850.0	17.830833333333334	1920	1080	60.0	8	45379dcb69fa027144e1f0ac2f89037c	a247dc18198d4cd5dfe54cc1ce123b58	1920	1080	10155.0	4.0	7597.0	6364.0	False	True
ducks_take_off_1080p50_60f	ducks_take_off_1080p50_60f	svtav1	svtav1_20191022_0175b58	60	20	117000126.0	117000.126	38.99333333333336	39.36166666666668	41.405499999999996	38.96628	39.33458699999999	41.37574200000001	98.788613	6097018.0	101.61696666666667	1920	1080	50.0	8	9f9a57025b4e6e3bf5f4ca94f73a0604	d70a8f7b2c5c74b913b0338d831378ed	1920	1080	12564.0	5.0	35412.0	6320.0	False	True
ducks_take_off_1080p50_60f	ducks_take_off_1080p50_60f	svtav1	svtav1_20191022_0175b58	60	32	34314633.0	34314.633	35.307833333333335	37.019833333333324	39.95399999999999	35.271967	36.995441	39.939326	93.931933	3213768.0	53.5628	1920	1080	50.0	8	006924f76040ad2a7847458c9c9ababf	060359e34995fa41dc96f1aa197f5314	1920	1080	11712.0	4.0	27600.0	9030.0	False	True
ducks_take_off_1080p50_60f	ducks_take_off_1080p50_60f	svtav1	svtav1_20191022_0175b58	60	43	11400726.0	11400.726	33.187666666666665	35.24516666666666	38.5645	33.161127	35.208481	38.55248199999999	85.072702	2103369.0	35.05615	1920	1080	50.0	8	e58499daeb2df582914c5a462c1215da	e5fc3ff87a57e9c7701b184702a117bc	1920	1080	11054.0	5.0	19723.0	7107.0	False	True
ducks_take_off_1080p50_60f	ducks_take_off_1080p50_60f	svtav1	svtav1_20191022_0175b58	60	55	4466886.0	4466.886	30.900833333333335	33.53816666666667	37.35200000000001	30.854302	33.493248	37.345886	69.683619	3098850.0	51.6475	1920	1080	50.0	8	ee602aa74008c3f052ccc7f347f26e4f	5acfb97b812c6493e1197daf57036b58	1920	1080	12519.0	5.0	21537.0	7120.0	False	True
ducks_take_off_1080p50_60f	ducks_take_off_1080p50_60f	svtav1	svtav1_20191022_0175b58	60	63	1678940.0	1678.94	28.22116666666666	31.6905	36.2415	28.136191	31.644873	36.238288	47.834989	1113153.0	18.55255	1920	1080	50.0	8	1a95169310bb3561da234e6f6435c58e	7cd5d99cc44212484e294d8538da53d2	1920	1080	11174.0	4.0	10813.0	6391.0	False	True
touchdown_pass_1080p_60f	touchdown_pass_1080p_60f	svtav1	svtav1_20191022_0175b58	60	20	23608937.0	23608.937	41.038833333333336	48.22866666666666	48.37766666666667	40.947046	48.216069	48.364945	96.489288	3694104.0	61.5684	1920	1080	29.97	8	25b60d24d0a4a6841b15f02b2c0d803d	2afe30a3bd830f6345168e2321061497	1920	1080	17223.0	7.0	28641.0	6534.0	False	True
touchdown_pass_1080p_60f	touchdown_pass_1080p_60f	svtav1	svtav1_20191022_0175b58	60	32	5880136.0	5880.136	38.88666666666666	47.49	47.59850000000001	38.853901	47.481262	47.59085	94.231988	2251769.0	37.52948333333333	1920	1080	29.97	8	821a2f8162e0b77b7c581c09b2c1210c	084a73bf5fedca2f474f79cc51cc1a0e	1920	1080	10723.0	8.0	14896.0	6338.0	False	True
touchdown_pass_1080p_60f	touchdown_pass_1080p_60f	svtav1	svtav1_20191022_0175b58	60	43	2332086.0	2332.086	37.557166666666674	46.58383333333333	46.636166666666675	37.528946	46.578465	46.629381	91.37013499999999	1462614.0	24.3769	1920	1080	29.97	8	0dbc950e6887ceac0bde9717610728fb	a6449099af9dbd4eb70f4f53f800489d	1920	1080	9502.0	4.0	11222.0	6153.0	False	True
touchdown_pass_1080p_60f	touchdown_pass_1080p_60f	svtav1	svtav1_20191022_0175b58	60	55	1155800.0	1155.8	35.91449999999998	45.45050000000001	45.44966666666666	35.876635	45.44486	45.440459	85.458104	1115977.0	18.599616666666666	1920	1080	29.97	8	1162d5016a2de1d2b241d5432d318c1e	a958e4527fd55f3b13aaaa6b241ba955	1920	1080	10110.0	4.0	9479.0	6471.0	False	True
touchdown_pass_1080p_60f	touchdown_pass_1080p_60f	svtav1	svtav1_20191022_0175b58	60	63	450985.0	450.985	32.99616666666667	43.55816666666667	43.70250000000001	32.952149	43.552043	43.693172	68.486601	812446.0	13.540766666666666	1920	1080	29.97	8	2e720997ab9cbc0a48bf2b1be89edc68	a95cab7877bc81b75115b94c16800f56	1920	1080	8952.0	5.0	7600.0	6617.0	False	True
vidyo1_720p_60fps_60f	vidyo1_720p_60fps_60f	svtav1	svtav1_20191022_0175b58	60	20	4561496.0	4561.496	45.764500000000005	48.24216666666666	49.59333333333336	45.741417	48.231853	49.58795	96.637626	794643.0	13.24405	1280	720	60.0	8	e810e6b80f9855d34dcfef7060bf9fc7	972415720c1313bafdb7c17ac9a23c72	1280	720	3893.0	5.0	3688.0	2640.0	False	True
vidyo1_720p_60fps_60f	vidyo1_720p_60fps_60f	svtav1	svtav1_20191022_0175b58	60	32	1791728.0	1791.728	44.238500000000016	47.73866666666664	49.00483333333333	44.221434	47.73133	49.000119	95.430831	580160.0	9.669333333333332	1280	720	60.0	8	ac086d9890b9c64055a1976538f30209	6dbcd7ed051132d3a83d2aea7f5c3d21	1280	720	3988.0	5.0	2626.0	2563.0	False	True
vidyo1_720p_60fps_60f	vidyo1_720p_60fps_60f	svtav1	svtav1_20191022_0175b58	60	43	822104.0	822.104	42.80800000000001	47.12133333333333	48.13333333333332	42.797927	47.117866	48.130694999999996	93.576901	532248.0	8.8708	1280	720	60.0	8	a73c499979afad07faeafdd5e1d0385d	52705c4f05c102389a2f4e0cf55176b4	1280	720	3879.0	6.0	2143.0	2499.0	False	True
vidyo1_720p_60fps_60f	vidyo1_720p_60fps_60f	svtav1	svtav1_20191022_0175b58	60	55	429064.0	429.064	40.90816666666667	46.058	46.757666666666665	40.89277	46.05607	46.755037	89.843134	333734.0	5.562233333333333	1280	720	60.0	8	f33656089745a9bcc787d20b337f65d3	be02162c53249f66be984b20e67fe5d4	1280	720	3536.0	5.0	2323.0	3033.0	False	True
vidyo1_720p_60fps_60f	vidyo1_720p_60fps_60f	svtav1	svtav1_20191022_0175b58	60	63	203312.0	203.312	37.604166666666664	43.69933333333335	43.96183333333334	37.595335	43.698577	43.961379	79.788476	242101.0	4.0350166666666665	1280	720	60.0	8	d69bca442642d35b7cf60c01fe0ab963	9a3d8cadda74158446d7ef26cf9ca962	1280	720	3549.0	4.0	1925.0	2489.0	False	True
Netflix_FoodMarket_1920x1080_60f	Netflix_FoodMarket_1920x1080_60f	svtav1	svtav1_20191022_0175b58	60	20	30759328.0	30759.328	41.332666666666675	45.127833333333335	45.84349999999999	41.305484	45.118258	45.838253	99.359103	4573529.0	76.22548333333333	1920	1080	60.0	8	43aeb930a14520a4a65bccf5c2e47656	76ae4c2174de9b45193c1001bdfea364	1920	1080	10524.0	12.0	26165.0	6699.0	False	True
Netflix_FoodMarket_1920x1080_60f	Netflix_FoodMarket_1920x1080_60f	svtav1	svtav1_20191022_0175b58	60	32	9315376.0	9315.376	40.01749999999998	44.3845	45.25116666666667	40.00215	44.377568	45.24871799999999	96.601214	1699741.0	28.329016666666668	1920	1080	60.0	8	0c0e2faafe8d38e4b125762e7b10fdb6	b5785a6343bab59252c2086d24557273	1920	1080	8577.0	3.0	13302.0	6314.0	False	True
Netflix_FoodMarket_1920x1080_60f	Netflix_FoodMarket_1920x1080_60f	svtav1	svtav1_20191022_0175b58	60	43	4396656.0	4396.656	38.84983333333333	43.55299999999999	44.55883333333333	38.826275	43.544388	44.555983	92.589596	1415817.0	23.59695	1920	1080	60.0	8	c51f57e97c9ac019eb6fb496cd90a709	8062d00062b53d41bf68ce2779d95fee	1920	1080	10317.0	4.0	12236.0	6573.0	False	True
Netflix_FoodMarket_1920x1080_60f	Netflix_FoodMarket_1920x1080_60f	svtav1	svtav1_20191022_0175b58	60	55	2202224.0	2202.224	37.19633333333333	42.513500000000015	43.60816666666666	37.154162	42.500634	43.602658	84.583082	1429920.0	23.832	1920	1080	60.0	8	27d690c5f8b3056944c967426e35a218	7e96208a3f603829c774ebdfe7df8881	1920	1080	15775.0	3.0	13882.0	6282.0	False	True
Netflix_FoodMarket_1920x1080_60f	Netflix_FoodMarket_1920x1080_60f	svtav1	svtav1_20191022_0175b58	60	63	926576.0	926.5759999999999	34.65600000000001	40.865666666666684	41.89883333333333	34.613612	40.853770000000004	41.880979	68.315233	726464.0	12.107733333333334	1920	1080	60.0	8	5cdfe2d5fa6136555da82ef61eaa41c9	11bde15034f60fd127b80a18bd7aa16f	1920	1080	8832.0	2.0	8342.0	7773.0	False	True
rush_hour_1080p25_60f	rush_hour_1080p25_60f	svtav1	svtav1_20191022_0175b58	60	20	7325316.0	7325.316	43.15683333333335	47.09433333333333	49.13916666666668	43.15064	47.08925	49.132412	97.164996	2152298.0	35.871633333333335	1920	1080	25.0	8	1b870e4597a7419c7bbdfdcac45af369	ac123d3990c0301615543fe256c6ae5d	1920	1080	7034.0	5.0	19767.0	6075.0	False	True
rush_hour_1080p25_60f	rush_hour_1080p25_60f	svtav1	svtav1_20191022_0175b58	60	32	3158863.0	3158.863	42.32266666666666	46.33133333333334	48.16283333333334	42.315564	46.32783200000001	48.157528	93.886966	1770017.0	29.500283333333332	1920	1080	25.0	8	e57a95234a04d10f3a1bee24288f5b5f	9d5e80176f9a06f0d1ec7e72f4396b32	1920	1080	7732.0	5.0	16796.0	6171.0	False	True
rush_hour_1080p25_60f	rush_hour_1080p25_60f	svtav1	svtav1_20191022_0175b58	60	43	1507820.0	1507.82	41.08616666666667	45.41316666666666	46.90850000000001	41.06499999999999	45.407637	46.897603	87.398443	1239171.0	20.65285	1920	1080	25.0	8	e16b46bf6fb9464dea2d7d1b06d295a5	6bf2dc630318dc0b2085412e9d500359	1920	1080	21091.0	4.0	13294.0	6476.0	False	True
rush_hour_1080p25_60f	rush_hour_1080p25_60f	svtav1	svtav1_20191022_0175b58	60	55	715926.0	715.926	39.274166666666666	44.250833333333325	45.439499999999995	39.220109	44.242583	45.421543	76.866595	1209480.0	20.158	1920	1080	25.0	8	0a3b1210fdd0f414bddf9fbf1b128887	88f637c02216c8a55cd38a82119d03d2	1920	1080	7161.0	6.0	10322.0	6382.0	False	True
rush_hour_1080p25_60f	rush_hour_1080p25_60f	svtav1	svtav1_20191022_0175b58	60	63	307186.0	307.186	36.71866666666667	42.32600000000001	43.15766666666666	36.610557	42.319718	43.139953	61.865232	519567.0	8.65945	1920	1080	25.0	8	939150eb4a6e272447e7c27a5e931ed4	b9b4fc861101279d16f410cee9ff69b4	1920	1080	12755.0	4.0	7625.0	6170.0	False	True
wikipedia_420	wikipedia_420	svtav1	svtav1_20191022_0175b58	60	20	1715236.0	1715.236	55.75333333333334	52.96866666666667	53.928166666666684	55.736458	52.804123	53.869485000000005	99.838878	912973.0	15.216216666666666	1920	1080	30.0	8	3b123a84157a1ccc9d64a2f70883dff0	2d859030fa575e5ffd58d8a34760e135	1920	1080	6169.0	5.0	2054.0	5705.0	False	False
wikipedia_420	wikipedia_420	svtav1	svtav1_20191022_0175b58	60	32	926964.0	926.964	51.14766666666667	50.797999999999995	51.971666666666664	51.137589	50.570616	51.912156	99.822908	1077091.0	17.951516666666667	1920	1080	30.0	8	37d995e52e804f7174f81444f764896d	67bbb238774472f2d7a6862df80c09e3	1920	1080	5828.0	5.0	1949.0	6017.0	False	False
wikipedia_420	wikipedia_420	svtav1	svtav1_20191022_0175b58	60	43	630036.0	630.036	48.680666666666674	48.82966666666667	50.25883333333333	48.663535	48.676031	50.210981999999994	99.793527	999550.0	16.659166666666668	1920	1080	30.0	8	d2228b1a1708a281b13b7841299687f3	32892549e94417df04957c833b302b83	1920	1080	6411.0	4.0	2185.0	8064.0	False	False
wikipedia_420	wikipedia_420	svtav1	svtav1_20191022_0175b58	60	55	459992.0	459.992	45.22550000000001	46.41066666666667	47.918833333333325	45.20215	46.35003199999999	47.899959	99.67228	774821.0	12.913683333333333	1920	1080	30.0	8	78aa54004c7a08a2df93486f39f17146	ba401797e32262eae1e1c9b6d91fb9a4	1920	1080	6513.0	6.0	2196.0	5830.0	False	False
wikipedia_420	wikipedia_420	svtav1	svtav1_20191022_0175b58	60	63	309680.0	309.68	38.532333333333334	43.017666666666656	44.23166666666667	38.480065	42.956297	44.186977	98.847391	714814.0	11.913566666666666	1920	1080	30.0	8	97c0c0fd2f5ddc19711a2b24539408f0	2e54dc68df4d7c51248e717f8a32735a	1920	1080	6081.0	5.0	2259.0	5591.0	False	False
MINECRAFT_60f_420	MINECRAFT_60f_420	svtav1	svtav1_20191022_0175b58	60	20	86978120.0	86978.11999999998	43.3685	46.10783333333333	46.58899999999999	43.214578	45.949697	46.463834	99.950537	2072597.0	34.543283333333335	1920	1080	60.0	8	8ad97897da375c94cc94b190612d036c	e56a30901ee352c5e1330c98e5a81366	1920	1080	9836.0	5.0	26767.0	6048.0	False	False
MINECRAFT_60f_420	MINECRAFT_60f_420	svtav1	svtav1_20191022_0175b58	60	32	52053168.0	52053.168	39.202	44.28350000000001	44.67249999999998	38.96269300000001	44.162212	44.580381	99.918226	2195009.0	36.583483333333334	1920	1080	60.0	8	7550dc46d4f23b41c2941a8819e7afca	4c60620d9a1f637ef9f1016161d97da7	1920	1080	10090.0	8.0	23507.0	6183.0	False	False
MINECRAFT_60f_420	MINECRAFT_60f_420	svtav1	svtav1_20191022_0175b58	60	43	24121336.0	24121.336	34.86783333333333	42.58433333333335	42.695166666666665	34.603599	42.50326499999999	42.628891	96.531408	1544922.0	25.7487	1920	1080	60.0	8	6d639fd27d6c4afe9f5cca3d7ac0ca0a	d2f4ffeea9f769e53739bfd57a8cc478	1920	1080	10139.0	6.0	17161.0	6207.0	False	False
MINECRAFT_60f_420	MINECRAFT_60f_420	svtav1	svtav1_20191022_0175b58	60	55	9798208.0	9798.208	31.65783333333333	40.743999999999986	40.770666666666685	31.474737	40.695866	40.727135	84.253911	1621765.0	27.029416666666666	1920	1080	60.0	8	273da068a8d282f059dbaa6921a756cf	c49f14c46b092277115a81c0cd22bce3	1920	1080	10432.0	16.0	15834.0	6121.0	False	False
MINECRAFT_60f_420	MINECRAFT_60f_420	svtav1	svtav1_20191022_0175b58	60	63	3286272.0	3286.272	28.73966666666666	38.309833333333316	38.4635	28.623443	38.293315	38.440292	61.859493	1125840.0	18.764	1920	1080	60.0	8	f23296367f940520ff2022ccd313e7e0	2b0769dd5487bdf464d30e77c0e00b8f	1920	1080	10398.0	3.0	9334.0	6287.0	False	False
kirland360p_60f	kirland360p_60f	svtav1	svtav1_20191022_0175b58	60	20	317964.0	317.964	47.55083333333334	48.52599999999998	49.78566666666667	47.478526	48.498092	49.757861	96.120088	155449.0	2.5908166666666665	640	360	30.0	8	b97152406b7921389d1980fd5be1147d	d817941dddf8b322c9439978b813b74f	640	360	1175.0	3.0	883.0	476.0	False	True
kirland360p_60f	kirland360p_60f	svtav1	svtav1_20191022_0175b58	60	32	150504.0	150.504	46.22766666666667	48.00733333333332	48.93833333333334	46.108028	47.986766	48.91545800000001	94.99798	110238.0	1.8373	640	360	30.0	8	bb13b814f3b7d04ec0124230542b01d0	e8de5e9aed5750591eee61894dbb9fec	640	360	1030.0	4.0	581.0	813.0	False	True
kirland360p_60f	kirland360p_60f	svtav1	svtav1_20191022_0175b58	60	43	83580.0	83.58	44.508833333333335	47.356333333333346	47.83666666666664	44.328279	47.326752000000006	47.772305	92.655823	82578.0	1.3763	640	360	30.0	8	972316ae437eb8c76086685ad25b552c	1f8788eb4fc513398dc2c55b069e409e	640	360	1122.0	4.0	504.0	667.0	False	True
kirland360p_60f	kirland360p_60f	svtav1	svtav1_20191022_0175b58	60	55	48920.0	48.92	42.24133333333334	46.42350000000001	46.42433333333333	41.978808	46.369465	46.270594	88.367516	63322.0	1.0553666666666666	640	360	30.0	8	9e69f00e9267a4d21381d6f3f245592b	3d4a5efe1bfd1cd71445ff9f93202ebd	640	360	1100.0	4.0	427.0	551.0	False	True
kirland360p_60f	kirland360p_60f	svtav1	svtav1_20191022_0175b58	60	63	29064.0	29.064	39.24566666666667	45.03566666666665	44.74750000000001	38.924205	44.927293	44.46287	78.441036	160046.0	2.6674333333333333	640	360	30.0	8	e72600c39dc96d53d67192a50562fe78	a85504c222a6025f000113caa3ac7083	640	360	1477.0	4.0	358.0	528.0	False	True
Starting_1920x1080p_50_10b_pq_70	Starting_1920x1080p_50_10b_pq_70	svtav1	svtav1_20191022_0175b58	60	32	2899686.0	2899.686	45.92766666666666	49.01566666666666	50.42383333333334	45.881553000000004	48.983665	50.383535	95.682481	981828.0	16.3638	1920	1080	50.0	10	45066989185eeff2826234f0e79c310d	347ba0d18eefee43ab6cd79447a758a2	1920	1080	11719.0	6.0	6827.0	5977.0	False	True
Starting_1920x1080p_50_10b_pq_70	Starting_1920x1080p_50_10b_pq_70	svtav1	svtav1_20191022_0175b58	60	43	1582833.0	1582.833	44.186666666666675	47.648166666666675	48.588666666666676	44.138629	47.638025	48.576922	93.875702	673277.0	11.221283333333334	1920	1080	50.0	10	eda0095f611ee0ff2471e4c3df0bf080	043f49faed6f4cfdb49a81168b1d8f2d	1920	1080	11139.0	5.0	6169.0	5773.0	False	True
Starting_1920x1080p_50_10b_pq_70	Starting_1920x1080p_50_10b_pq_70	svtav1	svtav1_20191022_0175b58	60	55	830020.0	830.02	41.53083333333333	45.813500000000005	46.21500000000001	41.500927	45.812481	46.214055	89.965029	653915.0	10.898583333333333	1920	1080	50.0	10	d61f6fdfe4b4ca8bc6608436b712d954	12cbc3a6aaebfb05cb5d0f4a4c80c0cd	1920	1080	11070.0	4.0	5528.0	5731.0	False	True
Starting_1920x1080p_50_10b_pq_70	Starting_1920x1080p_50_10b_pq_70	svtav1	svtav1_20191022_0175b58	60	63	311900.0	311.9	36.601499999999994	43.00383333333334	43.12350000000002	36.599019	43.003244	43.123229	76.38251800000002	549243.0	9.15405	1920	1080	50.0	10	a8e90839fb90ba6db629e213be64fc68	20049ac72cca6967db5846413c7839b0	1920	1080	21377.0	4.0	5746.0	5795.0	False	True
red_kayak_360p_60f	red_kayak_360p_60f	svtav1	svtav1_20191022_0175b58	60	20	9344406.0	9344.406	41.20916666666667	44.52316666666668	49.080000000000005	41.12747	44.481621	49.068068	99.906769	440727.0	7.34545	640	360	29.97	8	8ede936e1426750aa116051a59c4f20b	819fdf132277ded46ba6c6bb897d003a	640	360	1572.0	2.0	3794.0	639.0	False	True
red_kayak_360p_60f	red_kayak_360p_60f	svtav1	svtav1_20191022_0175b58	60	32	5501134.0	5501.134	36.667333333333325	41.950333333333326	47.47833333333331	36.498531	41.879619	47.451983	99.753075	1747994.0	29.133233333333333	640	360	29.97	8	54f50702fc778dee2e7b526d580682f5	72af98e288a3107f5fcad688c0e3fc9b	640	360	3498.0	7.0	5220.0	746.0	False	True
red_kayak_360p_60f	red_kayak_360p_60f	svtav1	svtav1_20191022_0175b58	60	43	2517645.0	2517.645	32.04033333333333	39.62016666666667	46.711166666666685	31.854332	39.55434	46.680845	86.52314499999999	280128.0	4.6688	640	360	29.97	8	18775baa272ca5a0b9cd4d9178b1dbf5	f617d3ddcf4c387151da6fe63013335f	640	360	1526.0	4.0	2772.0	601.0	False	True
red_kayak_360p_60f	red_kayak_360p_60f	svtav1	svtav1_20191022_0175b58	60	55	843084.0	843.084	28.270999999999997	38.00316666666665	45.26166666666667	28.114273	37.957445	45.195201	60.65982900000001	188091.0	3.13485	640	360	29.97	8	7106a31e970d0ed617ac8ce91045aa04	0a14756186d3e5dd2886b02597bbf3ec	640	360	1620.0	3.0	2275.0	585.0	False	True
red_kayak_360p_60f	red_kayak_360p_60f	svtav1	svtav1_20191022_0175b58	60	63	197493.0	197.493	25.658166666666666	36.464833333333324	43.41683333333334	25.545699	36.423995	43.285332	24.631745	135722.0	2.262033333333333	640	360	29.97	8	e84f35e80af78fc134f336a7d06d5bd9	d2c72d63ce2723815210e6b336eacd5d	640	360	1819.0	4.0	1904.0	604.0	False	True
aspen_1080p_60f	aspen_1080p_60f	svtav1	svtav1_20191022_0175b58	60	20	10164235.0	10164.235000000002	44.23316666666667	48.24916666666666	49.505666666666656	44.212926	48.245772	49.503564	98.176321	2293057.0	38.217616666666665	1920	1080	29.97	8	5df4e6a8c9df4c81eb0ed54b4e60b104	6acc0be2d384f0b05802fa64f35a0a14	1920	1080	7011.0	4.0	18174.0	5878.0	False	True
aspen_1080p_60f	aspen_1080p_60f	svtav1	svtav1_20191022_0175b58	60	32	3312846.0	3312.846	42.434333333333335	47.3745	48.60383333333335	42.406016	47.370241	48.599971	94.644172	1604403.0	26.74005	1920	1080	29.97	8	2ebb6d27bbf24044a32a9317eedf499d	e2881e062bc546bb1738cfa5bbc72eea	1920	1080	6693.0	7.0	13236.0	5837.0	False	True
aspen_1080p_60f	aspen_1080p_60f	svtav1	svtav1_20191022_0175b58	60	43	1400655.0	1400.655	41.11633333333334	46.31299999999999	47.50266666666666	41.08408	46.306157	47.495168	90.140433	1103883.0	18.39805	1920	1080	29.97	8	091ea9cc52a5fadd7025137d26c9160f	5491bc765cfcdf1f89009757ef97a73f	1920	1080	6817.0	4.0	10627.0	6079.0	False	True
aspen_1080p_60f	aspen_1080p_60f	svtav1	svtav1_20191022_0175b58	60	55	639536.0	639.536	39.37799999999999	44.690166666666684	45.75816666666669	39.330585	44.67782	45.751254	82.68867	782756.0	13.045933333333334	1920	1080	29.97	8	414351a9f6b1b1d5fe3a980b72abc4ac	ef90ae77bbe02165997e84468b8b6223	1920	1080	6535.0	5.0	9058.0	5865.0	False	True
aspen_1080p_60f	aspen_1080p_60f	svtav1	svtav1_20191022_0175b58	60	63	276813.0	276.813	36.53333333333333	42.26299999999999	42.90400000000001	36.474391	42.25188	42.898382	67.037547	565143.0	9.41905	1920	1080	29.97	8	072a375dd2483e6b0d399d802036ebcb	fcaa69a4877e56fb9fd88d34898252b2	1920	1080	6514.0	4.0	7360.0	5835.0	False	True
blue_sky_360p_60f	blue_sky_360p_60f	svtav1	svtav1_20191022_0175b58	60	20	1403666.0	1403.666	44.608333333333334	45.80466666666666	47.52633333333334	44.529726	45.738548	47.479047	99.946072	284645.0	4.744083333333333	640	360	25.0	8	b819fb4e858295291a15f86f8cb7f335	ef22c84cc915b8dba9df1746c725eaaa	640	360	1480.0	6.0	1967.0	496.0	False	True
blue_sky_360p_60f	blue_sky_360p_60f	svtav1	svtav1_20191022_0175b58	60	32	726876.0	726.876	41.775833333333345	43.614166666666655	45.222666666666676	41.662145	43.560833	45.184139	99.93025000000002	262193.0	4.369883333333333	640	360	25.0	8	c0b96137b8cde15d94fe538c487b1387	3dfe05e05d04935351dde1ec73d00c54	640	360	1587.0	5.0	1707.0	518.0	False	True
blue_sky_360p_60f	blue_sky_360p_60f	svtav1	svtav1_20191022_0175b58	60	43	384556.0	384.556	38.86816666666667	40.89733333333334	42.47016666666668	38.751104000000005	40.855699	42.448539	99.687734	185656.0	3.0942666666666665	640	360	25.0	8	15446a68947846c68d9dca49baf34662	f54bb50704fad4f0349e4f620823dc70	640	360	1426.0	4.0	1384.0	689.0	False	True
blue_sky_360p_60f	blue_sky_360p_60f	svtav1	svtav1_20191022_0175b58	60	55	205150.0	205.15	35.787	37.89183333333334	39.7595	35.67714	37.860995	39.749251	95.294842	171420.0	2.857	640	360	25.0	8	c4510db4ffb4dd4fe38a48af8f55bed5	53a3dbd83e978fc281855a5274f45276	640	360	1520.0	3.0	1272.0	525.0	False	True
blue_sky_360p_60f	blue_sky_360p_60f	svtav1	svtav1_20191022_0175b58	60	63	100670.0	100.67	31.874499999999994	34.96983333333333	37.69149999999999	31.81806	34.963343	37.684819	83.87251	101818.0	1.6969666666666667	640	360	25.0	8	aa0f643be4c3ecbb876513a9e63c26d2	319ef7c6283125cc490788546adf01f1	640	360	1358.0	4.0	1129.0	772.0	False	True
Netflix_Crosswalk_1920x1080_60fp	Netflix_Crosswalk_1920x1080_60fp	svtav1	svtav1_20191022_0175b58	60	20	10161320.0	10161.32	45.7875	48.51283333333332	50.36883333333332	45.773542	48.499728	50.3486	99.377948	1657932.0	27.6322	1920	1080	60.0	8	ac482f132c058e9e468a5710475739ec	07de9d3ee023990727572e9f8ad1a73e	1920	1080	6828.0	5.0	16292.0	6310.0	False	True
Netflix_Crosswalk_1920x1080_60fp	Netflix_Crosswalk_1920x1080_60fp	svtav1	svtav1_20191022_0175b58	60	32	5193272.0	5193.272	44.72866666666667	47.91200000000001	49.73683333333333	44.693828	47.900996	49.720687	96.782668	1325721.0	22.09535	1920	1080	60.0	8	fc49d11b94f0df0d4babc9002e4a8c4d	2b549df0fd98dc242b7179fe78cbabe0	1920	1080	6751.0	6.0	14730.0	6208.0	False	True
Netflix_Crosswalk_1920x1080_60fp	Netflix_Crosswalk_1920x1080_60fp	svtav1	svtav1_20191022_0175b58	60	43	2583368.0	2583.368	43.131833333333326	46.99249999999998	48.758166666666675	43.053189	46.97831800000001	48.742008000000006	91.55933	1218689.0	20.31148333333333	1920	1080	60.0	8	759d10bb745b563c6b4ece039552f0a9	5b3de852dc96c7fa35544edf647ad4d3	1920	1080	7333.0	5.0	13013.0	6501.0	False	True
Netflix_Crosswalk_1920x1080_60fp	Netflix_Crosswalk_1920x1080_60fp	svtav1	svtav1_20191022_0175b58	60	55	1328752.0	1328.752	40.99950000000001	45.77300000000002	47.46633333333334	40.85584099999999	45.750267	47.444514	82.331889	688311.0	11.47185	1920	1080	60.0	8	e1afdfff8542a608d4e652de0fa11fe6	387a87af77b00e3e2dcff1a4389bf9f9	1920	1080	6737.0	5.0	11379.0	6153.0	False	True
Netflix_Crosswalk_1920x1080_60fp	Netflix_Crosswalk_1920x1080_60fp	svtav1	svtav1_20191022_0175b58	60	63	626168.0	626.168	38.14566666666667	43.97916666666666	45.57216666666667	37.987398	43.956407	45.543749	66.1646	498285.0	8.30475	1920	1080	60.0	8	27c0747ec9920048cac4f361658ce851	ba56129f88e6406cf7d97fc3ec0795bd	1920	1080	6287.0	5.0	9123.0	6863.0	False	True
Netflix_TunnelFlag_1920x1080_60f	Netflix_TunnelFlag_1920x1080_60f	svtav1	svtav1_20191022_0175b58	60	20	32948216.0	32948.216	43.12283333333334	47.437	48.902666666666654	43.096169	47.420294	48.893455	99.920548	2356404.0	39.2734	1920	1080	60.0	8	254670b22722ab49bdacbfbbabffbb0b	4a1f9922860ba50ea27297ec80362134	1920	1080	8627.0	5.0	20173.0	6129.0	False	True
Netflix_TunnelFlag_1920x1080_60f	Netflix_TunnelFlag_1920x1080_60f	svtav1	svtav1_20191022_0175b58	60	32	16843856.0	16843.856	41.02183333333333	46.198000000000015	47.890999999999984	40.970182	46.185438	47.880993	99.91335	1817816.0	30.29693333333333	1920	1080	60.0	8	4bc277f53bbe4091460205c9f09bfd6c	00d16e86dd90e445254a0a91e342e1c0	1920	1080	8774.0	6.0	17051.0	6256.0	False	True
Netflix_TunnelFlag_1920x1080_60f	Netflix_TunnelFlag_1920x1080_60f	svtav1	svtav1_20191022_0175b58	60	43	8676120.0	8676.12	38.67949999999998	44.55816666666666	46.49583333333333	38.60275	44.546233	46.484698	99.899688	1468699.0	24.478316666666668	1920	1080	60.0	8	e5c9e8d91ee8bff755f47f80c3fa171d	264c952b8d99a4f58bcd03ddf145ca7f	1920	1080	8715.0	5.0	15413.0	6577.0	False	True
Netflix_TunnelFlag_1920x1080_60f	Netflix_TunnelFlag_1920x1080_60f	svtav1	svtav1_20191022_0175b58	60	55	4488064.0	4488.064	36.16133333333333	42.428166666666634	44.71783333333334	36.065239	42.419091	44.707758	99.86125	1119155.0	18.652583333333332	1920	1080	60.0	8	df1f6ea44903c3411af20f6a72b64d9b	1a8a167db3b1233d100cfe09a8bedb85	1920	1080	8842.0	4.0	13402.0	6647.0	False	True
Netflix_TunnelFlag_1920x1080_60f	Netflix_TunnelFlag_1920x1080_60f	svtav1	svtav1_20191022_0175b58	60	63	2224360.0	2224.36	33.177833333333325	39.42950000000001	41.48199999999999	33.103221	39.424395	41.47647	98.547637	786410.0	13.106833333333332	1920	1080	60.0	8	c54cc56dec74ac7c94407bf879a42d56	cecaf34f036fe134d42c849182272c50	1920	1080	8961.0	5.0	11412.0	6198.0	False	True
Netflix_SquareAndTimelapse_1920x	Netflix_SquareAndTimelapse_1920x	svtav1	svtav1_20191022_0175b58	60	20	23400720.0	23400.720000000005	45.014333333333326	49.34866666666667	48.55650000000001	44.988311	49.339833	48.542364	99.91318500000001	1884168.0	31.4028	1920	1080	60.0	8	bb8dc8b237bbab148a07bf1e9e5a686e	6c945488ec3cd28deaca582180cd1067	1920	1080	8574.0	4.0	15673.0	6356.0	False	True
Netflix_SquareAndTimelapse_1920x	Netflix_SquareAndTimelapse_1920x	svtav1	svtav1_20191022_0175b58	60	32	13287272.0	13287.272	42.7315	47.798999999999985	46.778666666666666	42.687858	47.788535	46.762897	99.903986	1545410.0	25.756833333333333	1920	1080	60.0	8	a0daa9c71deb8691136ab4839d797b03	55f75bc33d9f1217bb5034de5a63761b	1920	1080	8572.0	5.0	14339.0	6353.0	False	True
Netflix_SquareAndTimelapse_1920x	Netflix_SquareAndTimelapse_1920x	svtav1	svtav1_20191022_0175b58	60	43	7326296.0	7326.296	39.9295	45.725	44.51366666666668	39.868771	45.712852	44.495268	99.25040400000002	1276428.0	21.2738	1920	1080	60.0	8	7728cd0810aa6157e2501317711b3567	56b5561113cef4f4ce7990370475c24f	1920	1080	9049.0	4.0	12727.0	6453.0	False	True
Netflix_SquareAndTimelapse_1920x	Netflix_SquareAndTimelapse_1920x	svtav1	svtav1_20191022_0175b58	60	55	3944520.0	3944.52	36.78883333333332	43.429	42.15016666666665	36.708602	43.417158	42.129674	92.24373	1076109.0	17.93515	1920	1080	60.0	8	2f3157213efa719893c43cd193a0ce8f	ee03eba964c7559142e9a584d81e0656	1920	1080	8874.0	7.0	11321.0	6456.0	False	True
Netflix_SquareAndTimelapse_1920x	Netflix_SquareAndTimelapse_1920x	svtav1	svtav1_20191022_0175b58	60	63	1813696.0	1813.696	33.023999999999994	40.26599999999999	38.99816666666667	32.965787	40.260579	38.986484	76.281826	880908.0	14.6818	1920	1080	60.0	8	29cced3f6d25dedc042e73aeaba345c0	db91e7173b607737f8fcc2d25eed864d	1920	1080	8240.0	5.0	9017.0	6451.0	False	True
dark720p_60f	dark720p_60f	svtav1	svtav1_20191022_0175b58	60	20	8177512.0	8177.512	46.42883333333332	44.051666666666684	45.63316666666666	46.279681	43.758313	45.340844	96.43768100000001	1803444.0	30.0574	1280	720	30.0	8	e3197f09caebfac17dda11dbeacc9ec1	15505aaba04f5048d51c0c61d099d310	1280	720	4186.0	20.0	12226.0	3105.0	False	True
dark720p_60f	dark720p_60f	svtav1	svtav1_20191022_0175b58	60	32	2385700.0	2385.7	43.868666666666655	39.60866666666665	42.223	43.740022	39.39861899999999	42.090692	93.493953	1253252.0	20.887533333333334	1280	720	30.0	8	07f4b1750810336254df2ce4e3e6d8a3	e0c169850fc7894538eaaecea1f46903	1280	720	3610.0	4.0	8586.0	2532.0	False	True
dark720p_60f	dark720p_60f	svtav1	svtav1_20191022_0175b58	60	43	594652.0	594.652	42.47166666666667	37.26083333333334	41.110166666666665	42.406673	37.133361	41.046929	90.826543	601449.0	10.02415	1280	720	30.0	8	2a6cbd698bd605f78d9777edfacd30d4	34753882feaca7a9a0ad4a0cae501e1f	1280	720	3499.0	4.0	5283.0	2397.0	False	True
dark720p_60f	dark720p_60f	svtav1	svtav1_20191022_0175b58	60	55	194044.0	194.044	41.23950000000001	36.491499999999995	40.257666666666665	41.209759	36.464714	40.242099	87.630606	404706.0	6.7451	1280	720	30.0	8	044a6b5a22a2e7c81a2660c1a3d0a1a7	c688c3f4f1ddbc78e8ff36c12c76433a	1280	720	3333.0	4.0	3269.0	2439.0	False	True
dark720p_60f	dark720p_60f	svtav1	svtav1_20191022_0175b58	60	63	71516.0	71.516	38.930833333333325	35.50116666666666	38.79033333333332	38.914563	35.495273	38.777824	79.204528	238703.0	3.9783833333333334	1280	720	30.0	8	fc8cd049a6d631c9d2232229d30011da	7fa4571fb571c773e9519cfc257c2065	1280	720	3492.0	4.0	2133.0	2405.0	False	True
STARCRAFT_60f_420	STARCRAFT_60f_420	svtav1	svtav1_20191022_0175b58	60	20	7978216.0	7978.216	50.711499999999994	53.6745	53.65033333333334	50.697804	53.665121	53.644396	97.663088	2472996.0	41.2166	1920	1080	60.0	8	a09393bbf9763028f8c875b5dd42b53e	f206800bf8dfcdf1a34f66e73cbab4a9	1920	1080	14765.0	5.0	2973.0	5964.0	False	True
STARCRAFT_60f_420	STARCRAFT_60f_420	svtav1	svtav1_20191022_0175b58	60	32	5211520.0	5211.52	48.28949999999999	52.04049999999999	52.13483333333332	48.26072	52.019628	52.124418	97.164468	997448.0	16.624133333333333	1920	1080	60.0	8	a7649023c5700c44a21d1f9a3ac7ea9e	5622b2114460e2f721565b1a5f52178b	1920	1080	8201.0	4.0	2713.0	8602.0	False	True
STARCRAFT_60f_420	STARCRAFT_60f_420	svtav1	svtav1_20191022_0175b58	60	43	2941648.0	2941.648	44.627833333333335	49.400666666666645	49.6115	44.59792	49.375977	49.600666	95.871917	699602.0	11.660033333333333	1920	1080	60.0	8	fe90de6c3d55f280b7ffb33f5e6bab0b	42d38afac64c97b7582b45d681ccb1e8	1920	1080	7558.0	4.0	2599.0	5807.0	False	True
STARCRAFT_60f_420	STARCRAFT_60f_420	svtav1	svtav1_20191022_0175b58	60	55	1520312.0	1520.3120000000001	40.577333333333335	46.28683333333333	46.465500000000006	40.554712	46.270205	46.456697	92.789311	658986.0	10.9831	1920	1080	60.0	8	501b8a4fd85ea9b64531392c69d72c09	2345dbf31c078f66de1c39afc42f140a	1920	1080	8358.0	4.0	2508.0	6860.0	False	True
STARCRAFT_60f_420	STARCRAFT_60f_420	svtav1	svtav1_20191022_0175b58	60	63	600584.0	600.584	35.20733333333333	42.003499999999995	42.34416666666667	35.201556	42.00012	42.341304	82.028732	495857.0	8.264283333333333	1920	1080	60.0	8	99871d194e9eba26e6b2ebfcabc82065	94072689183061199b1287458bf01267	1920	1080	8106.0	4.0	2235.0	6063.0	False	True
shields_640x360_60f	shields_640x360_60f	svtav1	svtav1_20191022_0175b58	60	20	2570833.0	2570.833	42.59783333333334	45.699666666666666	47.38833333333333	42.466743	45.668819	47.320726	99.458153	302795.0	5.046583333333333	640	360	50.0	8	c200a227f65aa9d2ef8206c38cc5e204	2faa421a4c5bc0c2289c118d6198d2c4	640	360	3236.0	4.0	1565.0	658.0	False	True
shields_640x360_60f	shields_640x360_60f	svtav1	svtav1_20191022_0175b58	60	32	1305780.0	1305.78	40.75316666666666	43.8805	45.40816666666665	40.558792	43.844332	45.305225	99.433922	244486.0	4.074766666666667	640	360	50.0	8	3d388e15b3f7da019bd6c2ee44207796	4848cfd873ef2d2237491ea3f906a3a5	640	360	1928.0	5.0	1280.0	579.0	False	True
shields_640x360_60f	shields_640x360_60f	svtav1	svtav1_20191022_0175b58	60	43	693500.0	693.5	38.237333333333325	41.273	42.92750000000001	37.978266	41.193159	42.76380000000001	99.408974	294366.0	4.9061	640	360	50.0	8	7b209200bf2bd6b67687f3947790f13e	2948f9fd5b93e40a89d2bb544d715ada	640	360	2047.0	4.0	1097.0	930.0	False	True
shields_640x360_60f	shields_640x360_60f	svtav1	svtav1_20191022_0175b58	60	55	385933.0	385.933	35.33100000000001	38.677	40.642999999999994	34.992891	38.530752	40.412064	97.009363	1248496.0	20.80826666666667	640	360	50.0	8	f79db3e67037c708cbefbcd3d6e899c5	ec6f816b0afe038c9bc5dbe00f0c3fe2	640	360	5167.0	5.0	1119.0	1332.0	False	True
shields_640x360_60f	shields_640x360_60f	svtav1	svtav1_20191022_0175b58	60	63	182546.0	182.546	31.19933333333335	35.782999999999994	37.58116666666667	30.750365	35.550416	37.315892	85.578766	108589.0	1.8098166666666666	640	360	50.0	8	65c7bb8840e1346ee410d8a3306e7221	16739be5c98355040fd3902dc6cfbf23	640	360	1993.0	4.0	896.0	655.0	False	True
Netflix_RollerCoaster_1280x720_6	Netflix_RollerCoaster_1280x720_6	svtav1	svtav1_20191022_0175b58	60	20	9596968.0	9596.968	45.18366666666665	47.13883333333334	47.18266666666668	45.157981	47.126963	47.17251	99.907017	1682756.0	28.045933333333334	1280	720	60.0	8	02500e0beb5612884309975e8e6eb697	3b4c2ab0250eaf98bf4f725c1b5182a0	1280	720	3907.0	4.0	7184.0	2375.0	False	True
Netflix_RollerCoaster_1280x720_6	Netflix_RollerCoaster_1280x720_6	svtav1	svtav1_20191022_0175b58	60	32	4858216.0	4858.216	43.06566666666666	45.57016666666666	45.90566666666669	43.015434	45.551511	45.895672	99.86212300000001	1149906.0	19.1651	1280	720	60.0	8	688bfae999ad815919e89224c89b5554	40caaeddbabfbd9eb945016017d4ac49	1280	720	4627.0	4.0	6359.0	3084.0	False	True
Netflix_RollerCoaster_1280x720_6	Netflix_RollerCoaster_1280x720_6	svtav1	svtav1_20191022_0175b58	60	43	2440840.0	2440.8400000000006	40.54166666666667	43.49916666666666	44.19466666666666	40.480917	43.47718	44.185923	98.227337	641344.0	10.689066666666667	1280	720	60.0	8	51c6e081290339fe182facb6ed3e3dcf	99624b4a8bf6a1388a851a94ea026abf	1280	720	4281.0	4.0	5491.0	2467.0	False	True
Netflix_RollerCoaster_1280x720_6	Netflix_RollerCoaster_1280x720_6	svtav1	svtav1_20191022_0175b58	60	55	1285728.0	1285.728	37.894999999999996	41.29166666666667	42.453999999999986	37.830962	41.266219	42.442504	91.769396	525180.0	8.753	1280	720	60.0	8	d973becaa5c1e675cc58bc44502fe4e3	c9c19d1e3f5d83ce8e0840931787e6cd	1280	720	4169.0	4.0	5014.0	2467.0	False	True
Netflix_RollerCoaster_1280x720_6	Netflix_RollerCoaster_1280x720_6	svtav1	svtav1_20191022_0175b58	60	63	593976.0	593.976	34.414	38.41799999999999	40.20416666666666	34.34659	38.393133	40.194393	76.469538	387540.0	6.459	1280	720	60.0	8	9079bad4bd6e116be4fa5722964ce95d	3dbf7a1cf3c42a788ec0669b191eb36f	1280	720	4290.0	5.0	3697.0	2425.0	False	True
Netflix_PierSeaside_1920x1080_60	Netflix_PierSeaside_1920x1080_60	svtav1	svtav1_20191022_0175b58	60	20	10032672.0	10032.672	45.75116666666665	47.6715	45.70233333333332	45.723221	47.657601	45.684082	99.906632	1889930.0	31.498833333333334	1920	1080	60.0	8	123414abbd77c8b474450b8a181f222f	7f92302450feb96f6d7f235494526f75	1920	1080	7341.0	4.0	10052.0	7894.0	False	True
Netflix_PierSeaside_1920x1080_60	Netflix_PierSeaside_1920x1080_60	svtav1	svtav1_20191022_0175b58	60	32	4153824.0	4153.824	44.15100000000002	46.91366666666667	45.087166666666675	44.094179000000004	46.899334	45.070524	99.551	1180319.0	19.671983333333333	1920	1080	60.0	8	631e76a5c9c5b1cea6184effc7e41ff1	4bfb18d7c7ebe78ee6a1f11aa9ec166c	1920	1080	7215.0	3.0	8668.0	5500.0	False	True
Netflix_PierSeaside_1920x1080_60	Netflix_PierSeaside_1920x1080_60	svtav1	svtav1_20191022_0175b58	60	43	1974664.0	1974.664	42.32949999999998	45.84016666666666	44.325500000000005	42.250061	45.826416	44.3126	98.090949	4249648.0	70.82746666666667	1920	1080	60.0	8	b55327579b2b37f0942ac38113a87b0e	d8feba6b603d2757e45d47f57dcce4c2	1920	1080	13856.0	5.0	7544.0	5851.0	False	True
Netflix_PierSeaside_1920x1080_60	Netflix_PierSeaside_1920x1080_60	svtav1	svtav1_20191022_0175b58	60	55	893224.0	893.224	39.991499999999995	43.92116666666666	42.89416666666666	39.923844	43.91264	42.887007	94.069017	791602.0	13.193366666666666	1920	1080	60.0	8	3950ca84087ba2052b75e09c3e53a217	8d708344b8295269c1f9868100d64bb7	1920	1080	7571.0	6.0	6895.0	5527.0	False	True
Netflix_PierSeaside_1920x1080_60	Netflix_PierSeaside_1920x1080_60	svtav1	svtav1_20191022_0175b58	60	63	347456.0	347.456	36.411333333333324	40.89783333333332	40.44333333333334	36.391571	40.895592	40.442082	82.559768	486847.0	8.114116666666666	1920	1080	60.0	8	75efa0150107aeea17213c4dcc9a602f	89d36f81a8f1384cb1597eecd4843940	1920	1080	7501.0	4.0	6703.0	5362.0	False	True
ShowGirl2TeaserClip4000_1920x108	ShowGirl2TeaserClip4000_1920x108	svtav1	svtav1_20191022_0175b58	60	20	5363773.0	5363.773	42.67466666666669	46.85866666666666	49.861666666666665	42.660063	46.856367	49.859294	95.479752	1820022.0	30.3337	1920	1080	25.0	10	6485403a6370820714c1f7a4da08ea0c	96a664d31f1ef6c65420b1c126834ab3	1920	1080	13388.0	5.0	13127.0	6321.0	False	True
ShowGirl2TeaserClip4000_1920x108	ShowGirl2TeaserClip4000_1920x108	svtav1	svtav1_20191022_0175b58	60	32	1747103.0	1747.103	41.890499999999996	46.47083333333334	49.20733333333333	41.884593	46.46895	49.20478	93.784155	4213735.0	70.22891666666666	1920	1080	25.0	10	a72ed1fc77c1611f104d9f5b2b5d17d2	5e6b9316d3fdc3e625200b625b502995	1920	1080	26338.0	6.0	9007.0	6621.0	False	True
ShowGirl2TeaserClip4000_1920x108	ShowGirl2TeaserClip4000_1920x108	svtav1	svtav1_20191022_0175b58	60	43	837700.0	837.7	40.964833333333345	45.933166666666686	48.29516666666665	40.949541	45.931369	48.293603	90.846643	3221266.0	53.68776666666667	1920	1080	25.0	10	0d48efb4628591f8afc9434f8b7ad1cd	058679d73423e2793ddd52f8dfc6a77c	1920	1080	29736.0	8.0	8147.0	5994.0	False	True
ShowGirl2TeaserClip4000_1920x108	ShowGirl2TeaserClip4000_1920x108	svtav1	svtav1_20191022_0175b58	60	55	424593.0	424.593	39.47716666666667	45.09249999999999	47.15883333333333	39.44044	45.091141	47.157861	85.383491	710303.0	11.838383333333333	1920	1080	25.0	10	23fdd75dbc31f39b20e041f570b0c3e9	0c8f336b0eb68d6ee288bb122f6bafe3	1920	1080	13734.0	13.0	6073.0	6143.0	False	True
ShowGirl2TeaserClip4000_1920x108	ShowGirl2TeaserClip4000_1920x108	svtav1	svtav1_20191022_0175b58	60	63	180250.0	180.25	36.696333333333335	43.23899999999998	44.91366666666667	36.661325	43.23822	44.913032	72.161574	560485.0	9.341416666666667	1920	1080	25.0	10	6c008a79bb11cd58182b799f9b210331	6d2b6c4235c9b980912db6ae8893fd44	1920	1080	13195.0	5.0	4796.0	6308.0	False	True
Cosmos1_1920x856_BT2100_PQ_24fps	Cosmos1_1920x856_BT2100_PQ_24fps	svtav1	svtav1_20191022_0175b58	60	20	26524873.0	26524.873	42.45233333333333	45.44749999999998	47.96916666666667	42.378176	45.382086	47.930337	99.428964	1763716.0	29.395266666666668	1920	856	24.0	10	1cc5a95cef9f5bfd151994a1a3cbb751	4dd0df2e43ce0e5f49e2f14af161b019	1920	856	10671.0	5.0	27418.0	4539.0	False	True
Cosmos1_1920x856_BT2100_PQ_24fps	Cosmos1_1920x856_BT2100_PQ_24fps	svtav1	svtav1_20191022_0175b58	60	32	11427830.0	11427.83	38.69516666666666	43.431666666666665	46.28666666666666	38.542268	43.383813	46.263356	95.728956	1914229.0	31.903816666666668	1920	856	24.0	10	09111e208d037bfc2d1968fd1783d141	fb316c700b996f321472ba238789a64f	1920	856	11296.0	4.0	19509.0	4608.0	False	True
Cosmos1_1920x856_BT2100_PQ_24fps	Cosmos1_1920x856_BT2100_PQ_24fps	svtav1	svtav1_20191022_0175b58	60	43	4378444.0	4378.444	35.736000000000004	41.68099999999999	44.50966666666667	35.615291	41.645623	44.486397	85.673122	1099752.0	18.3292	1920	856	24.0	10	60b5158c3bca3b3471ae3948a2e2a280	098a4c3ac56275bc5dac7ff125eae993	1920	856	11051.0	6.0	14495.0	4630.0	False	True
Cosmos1_1920x856_BT2100_PQ_24fps	Cosmos1_1920x856_BT2100_PQ_24fps	svtav1	svtav1_20191022_0175b58	60	55	1790483.0	1790.483	33.16283333333333	40.15566666666667	42.80333333333333	33.052624	40.123021	42.792972	68.673555	1112120.0	18.535333333333334	1920	856	24.0	10	73ee315bdd9851f4186ef6fe49b8b2f3	da317a95eee1fdb29025139d0e4fad4a	1920	856	12192.0	12.0	13194.0	8205.0	False	True
Cosmos1_1920x856_BT2100_PQ_24fps	Cosmos1_1920x856_BT2100_PQ_24fps	svtav1	svtav1_20191022_0175b58	60	63	614169.0	614.169	30.363666666666653	38.35916666666667	41.123666666666644	30.27107	38.331779	41.118832	43.91175	638893.0	10.648216666666666	1920	856	24.0	10	529d69cff60508eb266fa15e43b566c4	a35cd30d84c05bfe5e6151d95ec774f6	1920	856	10735.0	4.0	8301.0	4528.0	False	True
life_1080p30_60f	life_1080p30_60f	svtav1	svtav1_20191022_0175b58	60	20	13943692.0	13943.692	44.904833333333336	50.609999999999985	49.94650000000001	44.882648	50.590702	49.930276	99.590234	1927852.0	32.13086666666667	1920	1080	30.0	8	fe877132e3b8bb7833dd614661916ca8	bad5a844aef576c19dba4e03a02c5c51	1920	1080	9172.0	5.0	13311.0	5998.0	False	True
life_1080p30_60f	life_1080p30_60f	svtav1	svtav1_20191022_0175b58	60	32	6890164.0	6890.164	42.216	48.15733333333333	47.91033333333334	42.171007	48.133204	47.890327	98.117898	1476106.0	24.601766666666666	1920	1080	30.0	8	3f3b8c8cdff81804120b4f3ca79e0021	01dd39d8f4262241a9b2688597421f01	1920	1080	9143.0	7.0	11918.0	6008.0	False	True
life_1080p30_60f	life_1080p30_60f	svtav1	svtav1_20191022_0175b58	60	43	3394004.0	3394.004	39.467666666666666	45.878499999999995	45.717666666666666	39.418087	45.848619	45.695403000000006	95.106916	1201897.0	20.031616666666668	1920	1080	30.0	8	84eb56c7aefbd646dc93203db07948a2	e48f50e6a147fb8c16a16f3da0185934	1920	1080	9091.0	5.0	10184.0	6590.0	False	True
life_1080p30_60f	life_1080p30_60f	svtav1	svtav1_20191022_0175b58	60	55	1609472.0	1609.472	36.36366666666667	43.428333333333335	43.34383333333332	36.321514	43.3963	43.319165	89.453327	900631.0	15.010516666666666	1920	1080	30.0	8	d04e74cb69360e02bc53041cd1f6ee5b	112a935aebbf3713a6436bc825542857	1920	1080	8762.0	5.0	8651.0	6276.0	False	True
life_1080p30_60f	life_1080p30_60f	svtav1	svtav1_20191022_0175b58	60	63	618460.0	618.4600000000002	32.867999999999995	40.47183333333335	40.13816666666667	32.842065	40.450927	40.128013	77.175927	724515.0	12.07525	1920	1080	30.0	8	3f8cd24f52fb5a28eec6b8bcff28e162	71669febc8fdc73870448819091c3b79	1920	1080	16194.0	4.0	7094.0	6119.0	False	True
speed_bag_640x360_60f	speed_bag_640x360_60f	svtav1	svtav1_20191022_0175b58	60	20	534619.0	534.619	47.27616666666667	49.98883333333333	51.38166666666665	47.195063	49.942119	51.329592	98.378519	1029355.0	17.155916666666666	640	360	29.97	8	f1ffa4d02236f4832b183cad16b30a04	f499d57669a4851648e910fc35c1b743	640	360	1869.0	8.0	1493.0	561.0	False	True
speed_bag_640x360_60f	speed_bag_640x360_60f	svtav1	svtav1_20191022_0175b58	60	32	279940.0	279.94	45.36583333333333	48.448166666666665	50.06100000000002	45.258355	48.398249	49.99509	97.546402	166693.0	2.778216666666667	640	360	29.97	8	f552589f6bb14eb8205e9d9c1a1081f8	dc3a7b41224869598a5f7296b138b663	640	360	1243.0	3.0	1295.0	575.0	False	True
speed_bag_640x360_60f	speed_bag_640x360_60f	svtav1	svtav1_20191022_0175b58	60	43	153282.0	153.282	43.086000000000006	46.454666666666654	48.43866666666666	42.924743	46.395704	48.331357	95.140502	117335.0	1.9555833333333332	640	360	29.97	8	9726cd306314f48d5a9441862e99364b	e7cae0b69972863860c37b7b19ca5de2	640	360	1130.0	4.0	1115.0	724.0	False	True
speed_bag_640x360_60f	speed_bag_640x360_60f	svtav1	svtav1_20191022_0175b58	60	55	86151.0	86.151	40.417666666666676	44.26416666666666	46.62350000000001	40.17259	44.189195	46.43923	88.220137	94850.0	1.5808333333333333	640	360	29.97	8	914ed0afa8f9321aafdf656bbd48ae8d	3b69ea414062fb91c5804857bf171c2a	640	360	1099.0	4.0	992.0	584.0	False	True
speed_bag_640x360_60f	speed_bag_640x360_60f	svtav1	svtav1_20191022_0175b58	60	63	47071.0	47.071	36.96416666666667	41.67433333333333	44.09883333333333	36.678934	41.58422600000001	43.880778	75.078593	76214.0	1.2702333333333333	640	360	29.97	8	d19d9bab6e2dfafa14531cfed54961a6	df0e3d8e507754821845ccbd02760701	640	360	1161.0	4.0	816.0	583.0	False	True
Netflix_Boat_1920x1080_60fps_8bi	Netflix_Boat_1920x1080_60fps_8bi	svtav1	svtav1_20191022_0175b58	60	20	31872328.0	31872.328	43.99516666666668	46.42750000000001	48.21850000000002	43.956287	46.393906	48.192343	99.924665	2521110.0	42.0185	1920	1080	60.0	8	598e4d0180db45ba04438de8e701e6c4	705beb74cbeb47e416fa3d52bc88c28a	1920	1080	9979.0	3.0	14137.0	5845.0	False	True
Netflix_Boat_1920x1080_60fps_8bi	Netflix_Boat_1920x1080_60fps_8bi	svtav1	svtav1_20191022_0175b58	60	32	17579888.0	17579.888	41.57133333333334	44.85900000000001	46.3055	41.503419	44.830223	46.288815	99.762206	6635481.0	110.59135	1920	1080	60.0	8	cdebc7ce0612a78e672cf132d96c9a36	1caa3eff240c347909cf800090f9f291	1920	1080	19735.0	4.0	12602.0	9089.0	False	True
Netflix_Boat_1920x1080_60fps_8bi	Netflix_Boat_1920x1080_60fps_8bi	svtav1	svtav1_20191022_0175b58	60	43	9762184.0	9762.184	38.68699999999999	43.193499999999986	44.17816666666667	38.584337	43.166703	44.166034	96.770497	1456581.0	24.27635	1920	1080	60.0	8	cfdf660e1f472205595be8cced1d085d	a8674b1722484aab7f838d02a4d9402d	1920	1080	9653.0	6.0	10431.0	6047.0	False	True
Netflix_Boat_1920x1080_60fps_8bi	Netflix_Boat_1920x1080_60fps_8bi	svtav1	svtav1_20191022_0175b58	60	55	5085424.0	5085.424	35.23833333333333	41.37633333333333	42.04766666666667	35.110785	41.353951	42.043436	89.807874	1133961.0	18.89935	1920	1080	60.0	8	b04a167152552ec25a482d4c19b6a207	98d7897b582b9a91dc659a740871a4af	1920	1080	9573.0	5.0	8998.0	6117.0	False	True
Netflix_Boat_1920x1080_60fps_8bi	Netflix_Boat_1920x1080_60fps_8bi	svtav1	svtav1_20191022_0175b58	60	63	2259192.0	2259.192	31.199333333333342	38.665166666666664	39.30066666666665	31.1363	38.657819	39.299086	75.714147	887679.0	14.79465	1920	1080	60.0	8	46776f8c84efc942ae54e99fd0a9ea68	5b792c94db50d4ba1d6d422b88ec4745	1920	1080	9943.0	4.0	7692.0	6204.0	False	True
thaloundeskmtg360p_60f	thaloundeskmtg360p_60f	svtav1	svtav1_20191022_0175b58	60	20	937052.0	937.052	44.79083333333333	48.71833333333334	48.698	44.594765	48.673692	48.666972	97.017137	264293.0	4.404883333333333	640	360	30.0	8	88f1188c925442f4416c2d383e501bd2	7494d38ba067293ecdf3389cbfd84b5f	640	360	1338.0	4.0	1206.0	682.0	False	True
thaloundeskmtg360p_60f	thaloundeskmtg360p_60f	svtav1	svtav1_20191022_0175b58	60	32	468660.0	468.66	43.15416666666666	47.46783333333333	47.53333333333334	42.84608	47.417689	47.494731	96.00918500000002	165762.0	2.7627	640	360	30.0	8	a236fca4de7c609070e587f366df844c	c69cc1d0e01140d7ec2a1dfdd3b0f3f7	640	360	1390.0	4.0	937.0	575.0	False	True
thaloundeskmtg360p_60f	thaloundeskmtg360p_60f	svtav1	svtav1_20191022_0175b58	60	43	255900.0	255.9	41.10566666666667	45.77649999999999	45.92550000000002	40.692718	45.707111000000005	45.867866	94.150546	169024.0	2.817066666666667	640	360	30.0	8	6448cedd37825709993fe99a7ae34d12	b789b133fdaf918868d1045bbe9fbeb9	640	360	1602.0	15.0	1103.0	702.0	False	True
thaloundeskmtg360p_60f	thaloundeskmtg360p_60f	svtav1	svtav1_20191022_0175b58	60	55	141372.0	141.372	38.33283333333331	43.57750000000001	43.470500000000015	37.874686	43.487795	43.357682	89.762593	99224.0	1.6537333333333333	640	360	30.0	8	1aa0e93b812ec215cec70d63174460ca	0fc05ddc4644c6732e9f2f4f28e809d0	640	360	1286.0	5.0	694.0	556.0	False	True
thaloundeskmtg360p_60f	thaloundeskmtg360p_60f	svtav1	svtav1_20191022_0175b58	60	63	71888.0	71.888	34.46450000000001	40.484500000000004	40.56366666666667	33.887929	40.381872	40.456743	79.867184	78847.0	1.3141166666666666	640	360	30.0	8	b4fade68fe989daea71ff6af8edcb720	5d0cb86b0804ae49711f732cbe65bec7	640	360	1342.0	3.0	610.0	579.0	False	True
gipsrestat720p_60f	gipsrestat720p_60f	svtav1	svtav1_20191022_0175b58	60	20	3871260.0	3871.26	45.03100000000002	47.521333333333324	49.122833333333325	45.01241	47.516507	49.117784	97.057876	861370.0	14.356166666666667	1280	720	50.0	8	784480bef9340d39d7443e5f856b54e0	f6025809a7289e50dc85dbd9eeb4f5d9	1280	720	3925.0	4.0	3656.0	2714.0	False	True
gipsrestat720p_60f	gipsrestat720p_60f	svtav1	svtav1_20191022_0175b58	60	32	1468133.0	1468.133	43.414833333333334	46.921500000000016	48.400333333333336	43.377348	46.917991	48.3927	95.910285	578371.0	9.639516666666667	1280	720	50.0	8	e8b52a890fb928f49cdd20ca074a045f	63a07a2fa8645538cce0b879db860cfb	1280	720	7548.0	4.0	2359.0	2981.0	False	True
gipsrestat720p_60f	gipsrestat720p_60f	svtav1	svtav1_20191022_0175b58	60	43	752940.0	752.94	41.786166666666645	46.098166666666664	47.3975	41.718878	46.096726	47.39223	94.093801	538258.0	8.970966666666667	1280	720	50.0	8	3b00e5e225b3aa659c2618819b724026	43d1799723b4561e3dee0c74b1767f1b	1280	720	3756.0	4.0	2007.0	2505.0	False	True
gipsrestat720p_60f	gipsrestat720p_60f	svtav1	svtav1_20191022_0175b58	60	55	412980.0	412.9800000000001	39.65866666666668	44.70933333333333	45.68033333333332	39.606636	44.706948	45.678005	90.919101	341639.0	5.693983333333334	1280	720	50.0	8	1389230f6d297b93577fdb43a3bb0881	b2d6ae5b35c7f0c11ed7dd6ddb09fac1	1280	720	4075.0	4.0	1647.0	3746.0	False	True
gipsrestat720p_60f	gipsrestat720p_60f	svtav1	svtav1_20191022_0175b58	60	63	190606.0	190.60600000000002	35.92233333333334	41.8715	42.40683333333334	35.907199	41.870488	42.406191	81.918169	247701.0	4.12835	1280	720	50.0	8	5d0126aa81e1846f940e0d7a6479717f	d944575489d8769d59e30453787e7d18	1280	720	3957.0	5.0	1211.0	2478.0	False	True
