Netflix_Crosswalk_1920x1080_60fp	Netflix_Crosswalk_1920x1080_60fp	libaom	libaom_20190817_f46a106	60	20	7355984.0	7355.984	45.55783333333334	48.31316666666667	50.16033333333332	45.532157	48.306074	50.14952	99.019122	6694705.0	111.57841666666667	1920	1080	60.0	8	9f83f638899730cf6b4b4a976f504ae3	1600e791d982dc096b419fe490a24831	1920	1080	6791.0	251.0	1917.0	8748.0	False
Netflix_Crosswalk_1920x1080_60fp	Netflix_Crosswalk_1920x1080_60fp	libaom	libaom_20190817_f46a106	60	32	3745608.0	3745.608	44.27599999999998	47.51150000000003	49.29916666666668	44.231548	47.504318	49.290612	95.717467	3406407.0	56.77345	1920	1080	60.0	8	9c1e63fb6a2e2b663b44a18eb0021717	3a135e900c681c4b01a6a7fb90d872af	1920	1080	6746.0	264.0	1792.0	6149.0	False
Netflix_Crosswalk_1920x1080_60fp	Netflix_Crosswalk_1920x1080_60fp	libaom	libaom_20190817_f46a106	60	43	2018456.0	2018.456	42.641333333333314	46.53566666666666	48.272999999999996	42.560242	46.52496800000001	48.26339599999999	89.860652	2098324.0	34.97206666666667	1920	1080	60.0	8	71cce03dd37bd487cac151342be33bf3	a20444265a67faaa50a690ea2f04f79b	1920	1080	6739.0	257.0	1351.0	6340.0	False
Netflix_Crosswalk_1920x1080_60fp	Netflix_Crosswalk_1920x1080_60fp	libaom	libaom_20190817_f46a106	60	55	1095472.0	1095.472	40.55916666666666	45.334833333333314	47.0075	40.427651	45.319281	46.99227	79.847809	1344414.0	22.4069	1920	1080	60.0	8	3b6e1a7c312d05acfddcfde937b45cc1	f2c3aeff3be835ca633f2be99d0f1d70	1920	1080	6807.0	331.0	1164.0	7612.0	False
Netflix_Crosswalk_1920x1080_60fp	Netflix_Crosswalk_1920x1080_60fp	libaom	libaom_20190817_f46a106	60	63	571048.0	571.048	37.82133333333333	43.61016666666667	45.20466666666668	37.636118	43.583331	45.176886	63.71717	994294.0	16.571566666666666	1920	1080	60.0	8	9ee31af7834d326306812e97d593cbf4	1804e93f5858af0430c85c78710b2486	1920	1080	6598.0	260.0	1146.0	7154.0	False
kirland360p_60f	kirland360p_60f	libaom	libaom_20190817_f46a106	60	20	283268.0	283.268	47.402	48.54383333333332	49.786500000000004	47.336401	48.504459	49.759512	95.99379	306941.0	5.115683333333333	640	360	30.0	8	3642106c43148b3529cfe90f6863e738	f6b507f69cd577ebe7c9ba090f1269b8	640	360	1052.0	82.0	130.0	495.0	False
kirland360p_60f	kirland360p_60f	libaom	libaom_20190817_f46a106	60	32	148220.0	148.22	46.171166666666664	47.985000000000014	48.93233333333334	46.043713	47.956732	48.908875	94.932516	165142.0	2.7523666666666666	640	360	30.0	8	56f5040926a5f5e5c306d64cc66ad683	05c6db66d4775551510bf48a84150f64	640	360	1103.0	107.0	104.0	829.0	False
kirland360p_60f	kirland360p_60f	libaom	libaom_20190817_f46a106	60	43	90792.0	90.792	44.74283333333333	47.30616666666666	47.77083333333334	44.539531	47.273687	47.725339	92.938555	116060.0	1.9343333333333332	640	360	30.0	8	972883d045a99ce4a3aed62455ffc04d	3b463dea13b94c0953239cf0b3f9de11	640	360	1558.0	91.0	96.0	509.0	False
kirland360p_60f	kirland360p_60f	libaom	libaom_20190817_f46a106	60	55	55344.0	55.344	42.68250000000002	46.13499999999999	46.5521666666667	42.333701	46.082869	46.367534	89.023469	72068.0	1.2011333333333334	640	360	30.0	8	0b8ff260962c93e08aba4768f7281505	ec6f6e5f280c7fd6dd30908dba412b01	640	360	1056.0	90.0	82.0	496.0	False
kirland360p_60f	kirland360p_60f	libaom	libaom_20190817_f46a106	60	63	34748.0	34.748	39.79733333333334	45.16283333333333	44.972999999999985	39.285261	44.934431	44.608085	82.074786	61061.0	1.0176833333333333	640	360	30.0	8	8907186d1a459fb80a7cc5145c9ba674	9494910efa85b0ba8c59fdd769de19b6	640	360	1197.0	96.0	73.0	815.0	False
gipsrestat720p_60f	gipsrestat720p_60f	libaom	libaom_20190817_f46a106	60	20	3659893.0	3659.8930000000005	44.98483333333333	47.51433333333334	49.172999999999995	44.95972100000001	47.503691	49.164735	97.010244	3177743.0	52.962383333333335	1280	720	50.0	8	ee460ed7d9989b1599850e334c3632e6	293ef93a029a89440f96ca634c6b420b	1280	720	4157.0	154.0	712.0	2541.0	False
gipsrestat720p_60f	gipsrestat720p_60f	libaom	libaom_20190817_f46a106	60	32	1587186.0	1587.186	43.644333333333336	47.043	48.59616666666667	43.609007	47.03723	48.588113	96.003347	1408087.0	23.468116666666667	1280	720	50.0	8	01d73e631186eeb69ece8078d131d650	61747d98badf3889db5b01da3410bd72	1280	720	3776.0	153.0	421.0	2470.0	False
gipsrestat720p_60f	gipsrestat720p_60f	libaom	libaom_20190817_f46a106	60	43	861133.0	861.133	42.30383333333334	46.45850000000001	47.82633333333332	42.251265	46.45569	47.820295	94.660927	815104.0	13.585066666666666	1280	720	50.0	8	4f623762953362bc55d60f93a25f4750	4d2797afd9ad896b623713a18bad9473	1280	720	4193.0	152.0	325.0	2528.0	False
gipsrestat720p_60f	gipsrestat720p_60f	libaom	libaom_20190817_f46a106	60	55	456746.0	456.746	40.18333333333331	44.94633333333334	46.054666666666684	40.137048	44.945326	46.051731	91.7502	430642.0	7.177366666666667	1280	720	50.0	8	2dde8468d861345f69ceccc737ca6570	a36037776ebc477a24381ef786f8e23f	1280	720	3920.0	151.0	289.0	2477.0	False
gipsrestat720p_60f	gipsrestat720p_60f	libaom	libaom_20190817_f46a106	60	63	236826.0	236.826	36.732000000000006	42.216333333333345	43.036166666666645	36.70226	42.209446	43.023255	84.147525	343643.0	5.727383333333333	1280	720	50.0	8	bb844789120a905de474f5a364358c0d	c052be0b62fdd9e70d95e24710f9f65b	1280	720	3934.0	189.0	244.0	2613.0	False
STARCRAFT_60f_420	STARCRAFT_60f_420	libaom	libaom_20190817_f46a106	60	20	7960424.0	7960.424	50.80116666666667	53.65233333333333	53.66516666666664	50.788395	53.643257	53.660115	97.680168	1664654.0	27.744233333333334	1920	1080	60.0	8	62dce5e60d7fd063b3c288a1110dea85	f592712c754ae4d40082351b21c83c76	1920	1080	8199.0	310.0	871.0	5957.0	False
STARCRAFT_60f_420	STARCRAFT_60f_420	libaom	libaom_20190817_f46a106	60	32	4930264.0	4930.264	48.03533333333336	51.78816666666665	51.87933333333333	48.012882	51.768654	51.869672	97.120031	1304338.0	21.738966666666666	1920	1080	60.0	8	29076ccccbaa53691db586e8b9bbe628	993e79a197898fafd39f4828947797e6	1920	1080	8592.0	251.0	757.0	6592.0	False
STARCRAFT_60f_420	STARCRAFT_60f_420	libaom	libaom_20190817_f46a106	60	43	2859232.0	2859.2319999999995	44.63016666666667	49.30316666666668	49.513166666666685	44.604724	49.280158	49.502968	95.910253	1075027.0	17.917116666666665	1920	1080	60.0	8	bb0b7956a6184d53c9a828f7608c0141	deb3b8de97269e93f3ff0c31e5e889b9	1920	1080	8332.0	257.0	825.0	6910.0	False
STARCRAFT_60f_420	STARCRAFT_60f_420	libaom	libaom_20190817_f46a106	60	55	1463264.0	1463.264	40.59183333333333	46.03666666666666	46.36699999999999	40.576792	46.02478	46.362245	92.808571	866254.0	14.437566666666667	1920	1080	60.0	8	aaaae42993a03d0cfed1491e0d8ddad3	3a91f7d73df0ba7196b52d6f54154281	1920	1080	8126.0	274.0	795.0	5962.0	False
STARCRAFT_60f_420	STARCRAFT_60f_420	libaom	libaom_20190817_f46a106	60	63	654768.0	654.768	35.71549999999999	42.27616666666667	42.38400000000001	35.707397	42.271819	42.38051699999999	83.535873	751186.0	12.519766666666667	1920	1080	60.0	8	4f431d43da1fc36a4273015df8174708	67b5570af42edd1d174b90aa4ba96f20	1920	1080	8276.0	267.0	617.0	5948.0	False
aspen_1080p_60f	aspen_1080p_60f	libaom	libaom_20190817_f46a106	60	20	7313021.0	7313.021	43.94000000000001	48.05116666666666	49.222333333333346	43.912881	48.047333	49.220332	97.871403	13435942.0	223.93236666666667	1920	1080	29.97	8	e5aed4904f9053c71b1d47933b2e67d5	fb6a3b53d86bf4868bf1103a554f7533	1920	1080	7098.0	272.0	2480.0	6017.0	False
aspen_1080p_60f	aspen_1080p_60f	libaom	libaom_20190817_f46a106	60	32	2249380.0	2249.38	42.22466666666666	46.95166666666667	47.98666666666668	42.209417	46.948758	47.982897	94.257866	6496781.0	108.27968333333334	1920	1080	29.97	8	d07deae4e0b15e83f98cee0b5dd1a46f	40f176447476eb57af01524be5f16f33	1920	1080	6723.0	259.0	1833.0	5805.0	False
aspen_1080p_60f	aspen_1080p_60f	libaom	libaom_20190817_f46a106	60	43	1008341.0	1008.341	40.89	45.7045	46.617	40.87442	45.70114	46.612641	89.559219	2921726.0	48.695433333333334	1920	1080	29.97	8	558f888bc556707fc1d7599c3f5e537c	f1e96611389142b1df15df0a06b5e0b8	1920	1080	6633.0	281.0	1327.0	5823.0	False
aspen_1080p_60f	aspen_1080p_60f	libaom	libaom_20190817_f46a106	60	55	508970.0	508.97	39.11766666666666	44.23800000000001	44.851833333333325	39.092150999999994	44.232649	44.847664	81.615565	1811938.0	30.198966666666667	1920	1080	29.97	8	f6d85bfd9e38a527f4602ec71cdef2ad	022a536f221ecba575ed5d24e9658560	1920	1080	7371.0	269.0	1210.0	6130.0	False
aspen_1080p_60f	aspen_1080p_60f	libaom	libaom_20190817_f46a106	60	63	246655.0	246.655	36.501	42.131499999999996	42.693500000000014	36.458693	42.123996	42.68784	66.546865	1182678.0	19.7113	1920	1080	29.97	8	4eb77ec86199a08e7a4d0fd3193898b3	074d78f83f0644555c454fd840977722	1920	1080	7301.0	301.0	959.0	6453.0	False
Netflix_PierSeaside_1920x1080_60	Netflix_PierSeaside_1920x1080_60	libaom	libaom_20190817_f46a106	60	20	7409400.0	7409.4	45.55433333333333	47.52783333333335	45.56433333333334	45.527797	47.515518	45.548214	99.923059	11039961.0	183.99935	1920	1080	60.0	8	5c4cc43aa1fd5b43cdca710ec00c3af4	772aaac9436b192bb88ded164a1fc115	1920	1080	7330.0	261.0	1794.0	6160.0	False
Netflix_PierSeaside_1920x1080_60	Netflix_PierSeaside_1920x1080_60	libaom	libaom_20190817_f46a106	60	32	3454752.0	3454.752	43.961	46.68433333333334	44.92266666666667	43.921332	46.673751	44.911872	99.61775199999998	6219697.0	103.66161666666666	1920	1080	60.0	8	b0c2e4fdf95f1d156f3fe87f33d441a6	81eea537e8e33fd6169bf2f1a36e2d56	1920	1080	8872.0	236.0	1249.0	5495.0	False
Netflix_PierSeaside_1920x1080_60	Netflix_PierSeaside_1920x1080_60	libaom	libaom_20190817_f46a106	60	43	1704872.0	1704.872	42.04116666666667	45.43316666666667	44.007499999999986	41.993589	45.427579	44.001531	97.888821	3543970.0	59.06616666666667	1920	1080	60.0	8	6d9b43679fd9f8ffa9bdaf610da21439	0d8c16e5f4da43ff98c66d0193063467	1920	1080	8100.0	294.0	1099.0	5838.0	False
Netflix_PierSeaside_1920x1080_60	Netflix_PierSeaside_1920x1080_60	libaom	libaom_20190817_f46a106	60	55	857576.0	857.5759999999999	39.82233333333333	43.63816666666669	42.728500000000004	39.781128	43.636321	42.726084	93.994186	1857908.0	30.965133333333334	1920	1080	60.0	8	cb7b77e84ae55cf032c439afe26d0750	263fd614b072ff8c7917e6fa2b60e210	1920	1080	8163.0	256.0	820.0	5581.0	False
Netflix_PierSeaside_1920x1080_60	Netflix_PierSeaside_1920x1080_60	libaom	libaom_20190817_f46a106	60	63	467632.0	467.632	37.30266666666666	41.507666666666665	40.97233333333333	37.280863	41.494536	40.963745	86.42696300000001	1182761.0	19.712683333333334	1920	1080	60.0	8	171ad66fda62c1ccc6ff39ef3326fea8	ec41ad48ec685df4135426e0b9b318b5	1920	1080	7472.0	264.0	741.0	5943.0	False
red_kayak_360p_60f	red_kayak_360p_60f	libaom	libaom_20190817_f46a106	60	20	8950350.0	8950.35	40.980666666666664	44.523333333333326	49.080000000000005	40.860939	44.460349	49.060511	99.869606	2672458.0	44.54096666666667	640	360	29.97	8	6b2d6c781616f58af93b8f2067426ad5	444d69c55a4245bdd853f67e7eae31a5	640	360	1965.0	99.0	1205.0	842.0	False
red_kayak_360p_60f	red_kayak_360p_60f	libaom	libaom_20190817_f46a106	60	32	5230825.0	5230.825	36.40033333333333	41.92016666666666	47.91800000000001	36.191143	41.842073	47.899823	99.518129	2113966.0	35.23276666666667	640	360	29.97	8	6983e5a1ddee8704b5bacebb016de0c3	4f38b7a2eb477864b934cc30cbabb16d	640	360	1649.0	79.0	732.0	591.0	False
red_kayak_360p_60f	red_kayak_360p_60f	libaom	libaom_20190817_f46a106	60	43	2399444.0	2399.444	31.86133333333334	39.617166666666655	47.09550000000001	31.625687000000003	39.548382999999994	47.061915	86.20799000000001	1667882.0	27.798033333333333	640	360	29.97	8	32ff34d9606ecf77fa2396ef338241a4	6f8dcadb886a6e2b05dced4fa4bf4f7c	640	360	1852.0	91.0	598.0	754.0	False
red_kayak_360p_60f	red_kayak_360p_60f	libaom	libaom_20190817_f46a106	60	55	803549.0	803.5490000000001	28.18766666666668	38.095166666666664	46.4205	28.001736	38.051935	46.321822	59.77758000000001	882753.0	14.71255	640	360	29.97	8	550decbc3029f99355478593a87bcf84	330b9569abead2ce14e970f342909248	640	360	1810.0	108.0	367.0	596.0	False
red_kayak_360p_60f	red_kayak_360p_60f	libaom	libaom_20190817_f46a106	60	63	209670.0	209.67	25.736499999999996	36.7735	44.59866666666667	25.603697	36.736539	44.518641	26.523456	384677.0	6.4112833333333334	640	360	29.97	8	49eee9fd583b2bd371c500505cf1f28a	218e19e2b9fdd67e70e92aab4f2bf630	640	360	1629.0	82.0	197.0	581.0	False
thaloundeskmtg360p_60f	thaloundeskmtg360p_60f	libaom	libaom_20190817_f46a106	60	20	880228.0	880.228	44.77733333333333	48.655000000000015	48.68883333333334	44.566897	48.603997	48.656848	97.035883	493527.0	8.22545	640	360	30.0	8	2e1c26301208fcd04ac7717ca7da7702	90afb5c3f4ac1489967c4ec241cc2e11	640	360	1264.0	92.0	246.0	575.0	False
thaloundeskmtg360p_60f	thaloundeskmtg360p_60f	libaom	libaom_20190817_f46a106	60	32	455912.0	455.912	43.217000000000006	47.408666666666655	47.50583333333334	42.908551	47.340423	47.459756	96.099994	274573.0	4.576216666666666	640	360	30.0	8	76df795e25252a59858abc1586839d8a	6a0e1f0e3018533a30025f702c0b7b56	640	360	1295.0	85.0	168.0	598.0	False
thaloundeskmtg360p_60f	thaloundeskmtg360p_60f	libaom	libaom_20190817_f46a106	60	43	257344.0	257.344	41.255166666666675	45.818666666666665	45.89683333333333	40.832281	45.738072	45.830239	94.258878	189295.0	3.154916666666667	640	360	30.0	8	df9d5b898ee6fde46551bee4de9bce17	c317315d8c88300c110e64bd8d825471	640	360	1564.0	79.0	146.0	741.0	False
thaloundeskmtg360p_60f	thaloundeskmtg360p_60f	libaom	libaom_20190817_f46a106	60	55	149360.0	149.36	38.693	43.89266666666667	43.83549999999999	38.16162	43.785506000000005	43.723411000000006	90.499887	105104.0	1.7517333333333334	640	360	30.0	8	7d8ab5d674227487e158cb597c7bb3f0	498ad436a5dceb3f029e326d0c3290c4	640	360	1302.0	80.0	103.0	607.0	False
thaloundeskmtg360p_60f	thaloundeskmtg360p_60f	libaom	libaom_20190817_f46a106	60	63	79656.0	79.656	34.9265	41.01266666666667	41.02633333333334	34.092916	40.779605	40.81994	81.58942700000001	84253.0	1.4042166666666667	640	360	30.0	8	e0f6831aa95ca41531f9f0c09bbe2370	9ccb2cfa480f7b40235ddec4af7d9f6b	640	360	1317.0	92.0	87.0	588.0	False
DOTA2_60f_420	DOTA2_60f_420	libaom	libaom_20190817_f46a106	60	20	15276808.0	15276.808	45.55166666666666	49.16866666666665	49.33300000000002	45.484629	49.091096	49.310482	97.558967	6919707.0	115.32845	1920	1080	60.0	8	31450c2eae634c3fa714b0e4fa9977d0	32b270afa158175ed018deb5c98f85ec	1920	1080	8808.0	256.0	2008.0	6215.0	False
DOTA2_60f_420	DOTA2_60f_420	libaom	libaom_20190817_f46a106	60	32	7793376.0	7793.376	43.28433333333335	47.183500000000016	47.49399999999999	43.181866	47.07737	47.462921	95.896564	4233363.0	70.55605	1920	1080	60.0	8	75b08f94bf2c0f0ae847a6db9066658b	0f9154a5c156f625b00c7f24b064fa2a	1920	1080	9147.0	246.0	1464.0	5897.0	False
DOTA2_60f_420	DOTA2_60f_420	libaom	libaom_20190817_f46a106	60	43	4061032.0	4061.032	40.88850000000001	45.02483333333332	45.436166666666665	40.770667	44.909917	45.398128	92.83402	3093198.0	51.5533	1920	1080	60.0	8	c5a765967505de2f49c4f73f0ff7e22b	9ed1ceb175d5bd28ee6aa9d81c7c4bf4	1920	1080	10541.0	254.0	1236.0	6135.0	False
DOTA2_60f_420	DOTA2_60f_420	libaom	libaom_20190817_f46a106	60	55	1941408.0	1941.408	38.05766666666668	42.45749999999998	42.89583333333334	37.954444	42.351399	42.870095	86.570633	1723792.0	28.729866666666666	1920	1080	60.0	8	ad4cd254ec908f517506a93033421182	70e983598a6afeb0955a027f95a90924	1920	1080	9021.0	258.0	984.0	6322.0	False
DOTA2_60f_420	DOTA2_60f_420	libaom	libaom_20190817_f46a106	60	63	891640.0	891.64	34.79033333333333	39.354000000000006	39.751999999999995	34.718079	39.281625	39.737017	73.629837	1177572.0	19.6262	1920	1080	60.0	8	9c59788f68340323859b10ffecd7bb74	b30aa9a5bd384aa8a278aad2d50ad3a5	1920	1080	9101.0	257.0	838.0	6126.0	False
Netflix_SquareAndTimelapse_1920x	Netflix_SquareAndTimelapse_1920x	libaom	libaom_20190817_f46a106	60	20	18544000.0	18544.0	44.384833333333326	48.464500000000015	47.58433333333334	44.376233	48.462811	47.582049	99.905748	9565733.0	159.42888333333335	1920	1080	60.0	8	1e9a14ed3831d1244c1ee5d4884783e0	4ab07fe7dbe521ec39e541749b625648	1920	1080	10357.0	274.0	3236.0	6765.0	False
Netflix_SquareAndTimelapse_1920x	Netflix_SquareAndTimelapse_1920x	libaom	libaom_20190817_f46a106	60	32	10608552.0	10608.552	41.92966666666666	46.60166666666667	45.55283333333333	41.917132	46.598259	45.548539	99.883445	6041405.0	100.69008333333333	1920	1080	60.0	8	8daa9fde95a0926c28b893af62af0d41	e2a3a9ec4fd417157a7491c75a0e3943	1920	1080	10131.0	299.0	2825.0	6530.0	False
Netflix_SquareAndTimelapse_1920x	Netflix_SquareAndTimelapse_1920x	libaom	libaom_20190817_f46a106	60	43	6316160.0	6316.16	39.39433333333334	44.929	43.73083333333334	39.36633	44.922811	43.721935	98.87130700000002	4233953.0	70.56588333333333	1920	1080	60.0	8	b57be7aa0cc7f69707a4a40df4a52283	43df334362e30c2b10a31d13e0eba760	1920	1080	9177.0	425.0	2814.0	8077.0	False
Netflix_SquareAndTimelapse_1920x	Netflix_SquareAndTimelapse_1920x	libaom	libaom_20190817_f46a106	60	55	3579800.0	3579.8	36.52083333333333	42.89533333333332	41.61433333333334	36.476109	42.883959	41.596853	91.718135	2707856.0	45.13093333333333	1920	1080	60.0	8	50582c705795a34944870fb856155fb2	6e40cc291031bdf879f7ee58e11c440d	1920	1080	8890.0	236.0	1744.0	6090.0	False
Netflix_SquareAndTimelapse_1920x	Netflix_SquareAndTimelapse_1920x	libaom	libaom_20190817_f46a106	60	63	1869784.0	1869.784	33.28183333333334	40.468833333333336	39.14983333333334	33.209269	40.427503	39.101307	77.717479	1883816.0	31.396933333333333	1920	1080	60.0	8	e1f9100be77db1d5939b18d2d67e0e02	8485fcd1c1585af8524a7176d3cc30e9	1920	1080	9394.0	246.0	1293.0	6419.0	False
ShowGirl2TeaserClip4000_1920x108	ShowGirl2TeaserClip4000_1920x108	libaom	libaom_20190817_f46a106	60	20	3418886.0	3418.886	42.531166666666664	46.59799999999998	49.341666666666676	42.520553	46.597487	49.341342000000004	95.543503	23226084.0	387.1014	1920	1080	25.0	10	464454d0b056797626fcaed58dc2a120	9dbabadc1598a9a92d1b851b19c2d497	1920	1080	12696.0	495.0	2746.0	6691.0	False
ShowGirl2TeaserClip4000_1920x108	ShowGirl2TeaserClip4000_1920x108	libaom	libaom_20190817_f46a106	60	32	1273256.0	1273.256	41.67900000000001	46.052666666666646	48.38300000000002	41.674993	46.052013	48.382367	93.676597	7826910.0	130.4485	1920	1080	25.0	10	67d6df335bedc2c9f38c467c58946616	23a6e37da65e8d742c4b3f293c096ea8	1920	1080	13678.0	556.0	2302.0	6334.0	False
ShowGirl2TeaserClip4000_1920x108	ShowGirl2TeaserClip4000_1920x108	libaom	libaom_20190817_f46a106	60	43	715973.0	715.973	40.697333333333326	45.507499999999986	47.54650000000001	40.68555	45.506801	47.545159	90.573851	3949068.0	65.8178	1920	1080	25.0	10	0b80a20d59eaf71ad66fc9d5a3d3072b	df7791df157d78ccf85ca7350956e3df	1920	1080	12732.0	489.0	1786.0	6931.0	False
ShowGirl2TeaserClip4000_1920x108	ShowGirl2TeaserClip4000_1920x108	libaom	libaom_20190817_f46a106	60	55	398483.0	398.483	39.177666666666674	44.60400000000003	46.42416666666664	39.14903	44.603272	46.422071	84.990807	2181745.0	36.36241666666667	1920	1080	25.0	10	d3216df7a4dbcb2b82f778ae850eeb9d	a14902fa28f49d8be838bba66dd203d4	1920	1080	13312.0	479.0	1602.0	6359.0	False
ShowGirl2TeaserClip4000_1920x108	ShowGirl2TeaserClip4000_1920x108	libaom	libaom_20190817_f46a106	60	63	218573.0	218.573	37.028666666666666	43.09666666666666	44.96050000000002	36.97169900000001	43.089875	44.945207	74.539039	1413201.0	23.55335	1920	1080	25.0	10	d28ee52a5c23916cda916e245835bd06	e786269c1b1c3fa40de7ab3a00dc4f52	1920	1080	14085.0	465.0	1796.0	6319.0	False
MINECRAFT_60f_420	MINECRAFT_60f_420	libaom	libaom_20190817_f46a106	60	20	77369792.0	77369.792	42.92083333333333	45.62366666666665	45.92233333333334	42.764945	45.501658	45.82991	99.919405	18401727.0	306.69545	1920	1080	60.0	8	105f4d524bfa37c52979ce9ad67dc3f1	cca00be25a3aa4618a04be9f7a45c00a	1920	1080	10286.0	268.0	9206.0	6129.0	False
MINECRAFT_60f_420	MINECRAFT_60f_420	libaom	libaom_20190817_f46a106	60	32	43118248.0	43118.248	38.299166666666665	43.828	43.93683333333333	38.063539	43.73491	43.868501	99.770055	15044147.0	250.73578333333333	1920	1080	60.0	8	15e404a18375101f5dfee95f5528b3fb	327ef29715ae739c0a2fe296076bc293	1920	1080	10153.0	239.0	7320.0	5885.0	False
MINECRAFT_60f_420	MINECRAFT_60f_420	libaom	libaom_20190817_f46a106	60	43	17891264.0	17891.264	33.876000000000005	42.17983333333332	42.061666666666675	33.658747	42.114534	42.008609	93.980013	12987915.0	216.46525	1920	1080	60.0	8	bed091eaf7882ee90edde2c74bf94a80	1bd02f5e1fc0aaea882bdd288bcbd606	1920	1080	10809.0	298.0	4766.0	6842.0	False
MINECRAFT_60f_420	MINECRAFT_60f_420	libaom	libaom_20190817_f46a106	60	55	6931272.0	6931.272	31.006666666666664	40.366499999999995	40.18416666666666	30.881366	40.328785	40.138188	80.018381	8320935.0	138.68225	1920	1080	60.0	8	2241ba2c73fa4603a17507ad8e44fef2	32caf98371800f7df649f62cc919d24f	1920	1080	10340.0	252.0	2752.0	6467.0	False
MINECRAFT_60f_420	MINECRAFT_60f_420	libaom	libaom_20190817_f46a106	60	63	2360896.0	2360.896	28.333666666666662	38.36300000000001	38.285166666666676	28.239535	38.346919	38.257924	57.940271	4779878.0	79.66463333333333	1920	1080	60.0	8	d0638272dd33a4e3c067d8c64b974828	08608a5ea8f7011a1eaf825b052c0c2d	1920	1080	9886.0	257.0	1525.0	6147.0	False
rush_hour_1080p25_60f	rush_hour_1080p25_60f	libaom	libaom_20190817_f46a106	60	20	5140020.0	5140.02	43.050333333333334	46.884333333333316	48.88966666666668	43.045959	46.881518	48.886503	97.001204	16416854.0	273.61423333333335	1920	1080	25.0	8	a5b6c23cc0a3c93dd870bf337ef40157	8dcc4cd7b11b43a03c7f350a7aed47f5	1920	1080	7482.0	265.0	2856.0	6425.0	False
rush_hour_1080p25_60f	rush_hour_1080p25_60f	libaom	libaom_20190817_f46a106	60	32	2403166.0	2403.166	42.11166666666668	45.897833333333345	47.64266666666666	42.106039	45.896445	47.638907	93.002226	6408946.0	106.81576666666666	1920	1080	25.0	8	2828a6acb2e042a1d17eea4a65a20e51	6be430a4f5076a5c37268788d303bfac	1920	1080	7229.0	274.0	2288.0	6434.0	False
rush_hour_1080p25_60f	rush_hour_1080p25_60f	libaom	libaom_20190817_f46a106	60	43	1177046.0	1177.046	40.739666666666686	44.84633333333333	46.302499999999995	40.725236	44.845025	46.298673	85.555769	3138644.0	52.31073333333333	1920	1080	25.0	8	5a5c46c181d671c913c0f911392b5f79	56ed5063a40287f030ab7b071a2652a6	1920	1080	7382.0	343.0	2424.0	6331.0	False
rush_hour_1080p25_60f	rush_hour_1080p25_60f	libaom	libaom_20190817_f46a106	60	55	569920.0	569.92	38.848166666666664	43.518	44.713499999999996	38.812875	43.515339	44.705764	74.229265	1742329.0	29.038816666666666	1920	1080	25.0	8	41349f3e7ffd39a2ecde0f1cfd542e7a	6b6f812809899b6f92835eea1e423c51	1920	1080	7639.0	270.0	1208.0	7013.0	False
rush_hour_1080p25_60f	rush_hour_1080p25_60f	libaom	libaom_20190817_f46a106	60	63	259983.0	259.983	36.224666666666664	41.93949999999999	42.686	36.143137	41.93804	42.677816	58.241335	859280.0	14.321333333333333	1920	1080	25.0	8	f1b6404c9a9c082ac97d84f2c94e68a8	1054264f858a11713ee329503a3b3322	1920	1080	7109.0	260.0	893.0	6283.0	False
Market3_1920x1080p_50_10b_pq_709	Market3_1920x1080p_50_10b_pq_709	libaom	libaom_20190817_f46a106	60	20	11792133.0	11792.133	45.16383333333331	51.05416666666669	51.92033333333333	45.138745	51.04947	51.916416	99.864745	9680433.0	161.34055	1920	1080	50.0	10	578f05aaab7ce96bb8f0f7157f7fd22d	8d1e851b41fdb603e9f1ccaa839920c1	1920	1080	13288.0	544.0	3393.0	6150.0	False
Market3_1920x1080p_50_10b_pq_709	Market3_1920x1080p_50_10b_pq_709	libaom	libaom_20190817_f46a106	60	32	6369313.0	6369.313	42.488666666666674	49.006	50.0755	42.461733	49.002442	50.07033	99.099563	6894266.0	114.90443333333333	1920	1080	50.0	10	edef0ebee8bd96d1b3663a4c6ed3dfb8	f84b5c387d2071f77f76c4a2644273bb	1920	1080	13424.0	490.0	3170.0	6481.0	False
Market3_1920x1080p_50_10b_pq_709	Market3_1920x1080p_50_10b_pq_709	libaom	libaom_20190817_f46a106	60	43	3493993.0	3493.993	39.65466666666668	47.08833333333333	48.41533333333332	39.635395	47.08485699999999	48.409721	96.122065	5354362.0	89.23936666666667	1920	1080	50.0	10	6505b7ab1ffef359299633447f3ced94	abe2aa2072061fee93dcd127e6f61f24	1920	1080	13622.0	522.0	2733.0	6935.0	False
Market3_1920x1080p_50_10b_pq_709	Market3_1920x1080p_50_10b_pq_709	libaom	libaom_20190817_f46a106	60	55	1797406.0	1797.406	36.64649999999998	45.22400000000001	46.617499999999986	36.630257	45.216252000000004	46.602993	90.145841	3804018.0	63.4003	1920	1080	50.0	10	39d8f73e6e48e566df1216837ec9abcd	446bd8b92ca74c5f900ed3bb297051d8	1920	1080	14553.0	602.0	2465.0	6456.0	False
Market3_1920x1080p_50_10b_pq_709	Market3_1920x1080p_50_10b_pq_709	libaom	libaom_20190817_f46a106	60	63	894060.0	894.06	33.73850000000001	43.26300000000001	44.730000000000004	33.703991	43.234832	44.68554099999999	78.969298	2468863.0	41.14771666666667	1920	1080	50.0	10	84f7a2d6f5661fe77815482a248d1510	d7641e80095d04e067386690aee8ac53	1920	1080	13116.0	497.0	1889.0	6165.0	False
speed_bag_640x360_60f	speed_bag_640x360_60f	libaom	libaom_20190817_f46a106	60	20	437684.0	437.684	46.80233333333333	49.49533333333332	50.94783333333332	46.74487	49.45419	50.900404	98.235153	353436.0	5.8906	640	360	29.97	8	5f119aec7bbbb8d6c7b890fa8f82c445	9520ecee1540ea6327f5dca1f687e525	640	360	1218.0	88.0	341.0	564.0	False
speed_bag_640x360_60f	speed_bag_640x360_60f	libaom	libaom_20190817_f46a106	60	32	238753.0	238.753	44.885999999999996	47.884666666666675	49.495333333333335	44.780277	47.818246	49.423308	97.153345	219083.0	3.6513833333333334	640	360	29.97	8	63a638b338711bfd378bc9c8d439430f	758bd3749a5b733932356a16b5b16860	640	360	1133.0	83.0	175.0	553.0	False
speed_bag_640x360_60f	speed_bag_640x360_60f	libaom	libaom_20190817_f46a106	60	43	140185.0	140.185	42.86783333333332	46.11916666666668	48.1345	42.655949	46.013786	47.995309	94.662897	154529.0	2.575483333333333	640	360	29.97	8	e15e23a7f2c24b5932c4dcd4cba92383	f1152c78aeddb51f56f2d38b0d59dc35	640	360	1157.0	81.0	144.0	534.0	False
speed_bag_640x360_60f	speed_bag_640x360_60f	libaom	libaom_20190817_f46a106	60	55	81495.0	81.49500000000002	40.25716666666667	44.095333333333336	46.53183333333334	39.946379	43.974675	46.351619	87.990681	100475.0	1.6745833333333333	640	360	29.97	8	0bd7474dd5764bd72e8544bc00f2cba4	cc849f2515241488f4ef190154b24ba0	640	360	1187.0	76.0	121.0	567.0	False
speed_bag_640x360_60f	speed_bag_640x360_60f	libaom	libaom_20190817_f46a106	60	63	49249.0	49.249	37.36566666666666	41.78533333333334	44.507833333333316	36.925478	41.669032	44.260115	76.097033	86837.0	1.4472833333333333	640	360	29.97	8	c9fa720b5f2f10c96bfb936a3ad6a86c	5946b9904b146372ffe7effa9516811a	640	360	1371.0	104.0	208.0	738.0	False
Netflix_Boat_1920x1080_60fps_8bi	Netflix_Boat_1920x1080_60fps_8bi	libaom	libaom_20190817_f46a106	60	20	26131912.0	26131.912	43.604833333333325	45.731333333333346	47.17233333333334	43.583452	45.714628	47.16322	99.916884	10211569.0	170.19281666666666	1920	1080	60.0	8	e7c50c27b06c498b156b33ba9d49fd17	590dd2cfd9a512e6c627fcf6bb2285f0	1920	1080	10908.0	273.0	2969.0	6157.0	False
Netflix_Boat_1920x1080_60fps_8bi	Netflix_Boat_1920x1080_60fps_8bi	libaom	libaom_20190817_f46a106	60	32	15023840.0	15023.84	41.156833333333324	44.1885	45.169000000000004	41.126951	44.17333	45.164367	99.715003	7076592.0	117.9432	1920	1080	60.0	8	f97daf02fd65a547f99afe061e7cf750	9f0fec0acba7488b1db8a890681a82f6	1920	1080	10533.0	343.0	2588.0	5968.0	False
Netflix_Boat_1920x1080_60fps_8bi	Netflix_Boat_1920x1080_60fps_8bi	libaom	libaom_20190817_f46a106	60	43	8724040.0	8724.04	38.344666666666676	42.647	43.30950000000002	38.298933	42.633327	43.308181	96.56753	5143893.0	85.73155	1920	1080	60.0	8	65f2a3fd49bb331d467c333f327a5a4d	e7bd143104d18a3cc51dbc25059ba3dc	1920	1080	34850.0	283.0	1915.0	6317.0	False
Netflix_Boat_1920x1080_60fps_8bi	Netflix_Boat_1920x1080_60fps_8bi	libaom	libaom_20190817_f46a106	60	55	4727648.0	4727.648	35.059666666666665	40.98766666666667	41.44583333333334	35.006262	40.971221	41.445153	89.811828	4021539.0	67.02565	1920	1080	60.0	8	7365599530ad2aeee66be86334704abe	4616342afb031245baf21d595cbf6312	1920	1080	10183.0	266.0	1492.0	7154.0	False
Netflix_Boat_1920x1080_60fps_8bi	Netflix_Boat_1920x1080_60fps_8bi	libaom	libaom_20190817_f46a106	60	63	2479784.0	2479.784	31.723666666666656	39.007333333333335	39.440500000000014	31.66897	39.003342	39.429819	78.393957	2724395.0	45.40658333333333	1920	1080	60.0	8	2fa6391132ea0b5731b043fa77149938	1f935715d5525e8bf70d2219e1a6bc77	1920	1080	12325.0	286.0	1188.0	7387.0	False
blue_sky_360p_60f	blue_sky_360p_60f	libaom	libaom_20190817_f46a106	60	20	1131450.0	1131.45	44.049666666666674	45.07316666666666	46.610166666666665	43.986222	45.035389	46.589176	99.943156	787413.0	13.12355	640	360	25.0	8	ef8c698c0c81540e4c99daab266ab6fb	1832e47fc2b782d8d4c99fab69e1bcef	640	360	1415.0	90.0	424.0	816.0	False
blue_sky_360p_60f	blue_sky_360p_60f	libaom	libaom_20190817_f46a106	60	32	581193.0	581.193	41.131999999999984	42.58100000000001	44.01016666666666	41.068216	42.552134	43.993796	99.92363099999999	607101.0	10.11835	640	360	25.0	8	4ac64b59509a4ecdd2732711935d4723	8076040f3a424c1787fb45d6b693c069	640	360	1546.0	86.0	323.0	632.0	False
blue_sky_360p_60f	blue_sky_360p_60f	libaom	libaom_20190817_f46a106	60	43	328466.0	328.466	38.540833333333325	40.29399999999998	41.84316666666667	38.46350399999999	40.262321	41.830421	99.496648	342520.0	5.708666666666667	640	360	25.0	8	749942886e7dabde556d3e80ad52370a	b3b479f37a611e19bbd3a9e865cb4d6b	640	360	1476.0	97.0	216.0	495.0	False
blue_sky_360p_60f	blue_sky_360p_60f	libaom	libaom_20190817_f46a106	60	55	182193.0	182.193	35.583999999999996	37.55416666666667	39.53066666666665	35.519696	37.53572900000001	39.523183	94.489826	189432.0	3.1572	640	360	25.0	8	c8280e83eaf884007637bc13b8fe3d83	b0863568c4486a1b1ab3510fb2c44ba9	640	360	1371.0	77.0	179.0	488.0	False
blue_sky_360p_60f	blue_sky_360p_60f	libaom	libaom_20190817_f46a106	60	63	103803.0	103.80300000000001	32.38566666666666	35.296	37.94183333333333	32.296205	35.282794	37.937652	85.495492	139607.0	2.326783333333333	640	360	25.0	8	378ceaa95c681b9d03f6355f81ea22ce	5e8d3764c351f8d692bf74024fc9564d	640	360	1467.0	107.0	165.0	514.0	False
Netflix_Aerial_1920x1080_60fps_8	Netflix_Aerial_1920x1080_60fps_8	libaom	libaom_20190817_f46a106	60	20	21258512.0	21258.512	42.90683333333334	45.68133333333335	45.37466666666666	42.865194	45.667178	45.366625	96.897564	12673586.0	211.22643333333335	1920	1080	60.0	8	05724fe473193664ebca789e246e839f	7863d4f1fda01fab2b4867786dad1bb8	1920	1080	10112.0	243.0	2997.0	6154.0	False
Netflix_Aerial_1920x1080_60fps_8	Netflix_Aerial_1920x1080_60fps_8	libaom	libaom_20190817_f46a106	60	32	10650904.0	10650.904	40.99033333333333	44.44916666666668	44.42366666666668	40.923008	44.438286	44.420254	94.796274	6898988.0	114.98313333333333	1920	1080	60.0	8	a201dd3a8bd7a452fcf442f1fda4db45	07764d51cf8974b9d614bf665bfd7e1e	1920	1080	9522.0	270.0	1983.0	6024.0	False
Netflix_Aerial_1920x1080_60fps_8	Netflix_Aerial_1920x1080_60fps_8	libaom	libaom_20190817_f46a106	60	43	5736008.0	5736.008	38.85466666666666	43.0975	43.48266666666666	38.772609	43.091276	43.480578	91.78096	4487981.0	74.79968333333333	1920	1080	60.0	8	38b1a37d6f42fd9b8e448008ec6dd2b2	e4a867d106acf0777e23c4e424210c56	1920	1080	10243.0	261.0	1348.0	6254.0	False
Netflix_Aerial_1920x1080_60fps_8	Netflix_Aerial_1920x1080_60fps_8	libaom	libaom_20190817_f46a106	60	55	2818000.0	2818.0	36.222666666666676	41.37883333333333	42.285000000000004	36.167894	41.375099	42.279542	86.205973	2927817.0	48.79695	1920	1080	60.0	8	ebf18aae9ac57f49593f34bc64fbe0ae	cdea1bde321477ceed8fa546d954a93f	1920	1080	11674.0	239.0	1338.0	6136.0	False
Netflix_Aerial_1920x1080_60fps_8	Netflix_Aerial_1920x1080_60fps_8	libaom	libaom_20190817_f46a106	60	63	1137432.0	1137.432	32.781166666666664	39.31600000000001	41.00016666666667	32.750404	39.291734	40.980803	72.894672	1908487.0	31.808116666666667	1920	1080	60.0	8	2020a88773a64738966764e65863f806	fb45fe6e8f1120dee3ed231c84f162f0	1920	1080	10163.0	301.0	916.0	6901.0	False
Cosmos1_1920x856_BT2100_PQ_24fps	Cosmos1_1920x856_BT2100_PQ_24fps	libaom	libaom_20190817_f46a106	60	20	22961254.0	22961.254	42.02633333333333	44.891166666666685	47.55866666666666	41.836678	44.803212	47.509443	99.382635	20607228.0	343.4538	1920	856	24.0	10	ae093583cc8429c8ab1375d112f68e48	7bedfc9a16f72db0e9074538df9598b4	1920	856	11878.0	394.0	6946.0	4471.0	False
Cosmos1_1920x856_BT2100_PQ_24fps	Cosmos1_1920x856_BT2100_PQ_24fps	libaom	libaom_20190817_f46a106	60	32	9280681.0	9280.681	38.14483333333332	42.89616666666668	45.886833333333335	37.941306000000004	42.842304	45.852307	94.758887	14131133.0	235.51888333333332	1920	856	24.0	10	7aae7b9d047afa97f3cf74017a12ea22	fe5a655fbdd4ec71afbf0fdf9eafe797	1920	856	11536.0	399.0	4748.0	4573.0	False
Cosmos1_1920x856_BT2100_PQ_24fps	Cosmos1_1920x856_BT2100_PQ_24fps	libaom	libaom_20190817_f46a106	60	43	3772409.0	3772.409	35.402166666666666	41.247833333333325	44.47716666666666	35.278603	41.20616400000001	44.446516	84.071981	8539813.0	142.33021666666667	1920	856	24.0	10	c240ac88d0e1df6ec463eb4c1fd2d3ec	d78c53bef33993e78a56d90655227490	1920	856	11090.0	382.0	3138.0	4522.0	False
Cosmos1_1920x856_BT2100_PQ_24fps	Cosmos1_1920x856_BT2100_PQ_24fps	libaom	libaom_20190817_f46a106	60	55	1567036.0	1567.036	32.91216666666667	39.83533333333333	43.02883333333331	32.82673	39.807828	43.004743	66.724983	4807518.0	80.1253	1920	856	24.0	10	9ab7dd0307a3f94d728fbaf5dbb7f127	7e442d637acf26169ea055f096191156	1920	856	11373.0	394.0	2398.0	4546.0	False
Cosmos1_1920x856_BT2100_PQ_24fps	Cosmos1_1920x856_BT2100_PQ_24fps	libaom	libaom_20190817_f46a106	60	63	582944.0	582.944	30.305333333333333	38.447166666666654	41.340333333333334	30.234877	38.429062	41.325024	43.740502	2728268.0	45.471133333333334	1920	856	24.0	10	3df0ac00708e46d6ed07df416081e9d4	e2e61b9961b7e2013228913a6b5bbf3d	1920	856	11124.0	456.0	1680.0	4526.0	False
vidyo1_720p_60fps_60f	vidyo1_720p_60fps_60f	libaom	libaom_20190817_f46a106	60	20	4089432.0	4089.432	45.61249999999999	48.17933333333333	49.524166666666666	45.588725	48.16704	49.516533	96.550047	3129492.0	52.1582	1280	720	60.0	8	bbcf2e8f37c4411ddb407a414f3f9f3f	64ebaeaae86e5c9edd6ce2568f77a137	1280	720	3826.0	140.0	649.0	2613.0	False
vidyo1_720p_60fps_60f	vidyo1_720p_60fps_60f	libaom	libaom_20190817_f46a106	60	32	1746488.0	1746.488	44.31216666666666	47.72583333333332	48.985000000000014	44.296974	47.719486	48.979066	95.456139	1519706.0	25.328433333333333	1280	720	60.0	8	e8ce6219097180de4ae2f4acbbcc12b9	ef8bb2cd7a06a11678ca69a2d13e962c	1280	720	4111.0	143.0	474.0	2505.0	False
vidyo1_720p_60fps_60f	vidyo1_720p_60fps_60f	libaom	libaom_20190817_f46a106	60	43	885816.0	885.816	43.04999999999998	47.23366666666665	48.339833333333296	43.038984	47.228568	48.336284	93.835819	740010.0	12.3335	1280	720	60.0	8	a488c428b7eb6cfcb6b49c37bcf8db93	3e21594de3d195c1615f8ab83e7f5a6e	1280	720	3409.0	150.0	404.0	3157.0	False
vidyo1_720p_60fps_60f	vidyo1_720p_60fps_60f	libaom	libaom_20190817_f46a106	60	55	451184.0	451.184	41.21566666666664	46.1045	46.85833333333334	41.205812	46.103621	46.856983	90.56128599999998	443797.0	7.396616666666667	1280	720	60.0	8	57056672ce9040935739ba566da368c7	ec4bd17dbaf38ab4a28b63399fefcf3d	1280	720	3821.0	167.0	400.0	2853.0	False
vidyo1_720p_60fps_60f	vidyo1_720p_60fps_60f	libaom	libaom_20190817_f46a106	60	63	234936.0	234.936	38.135	43.98716666666665	44.420666666666676	38.113276	43.977379	44.412421	81.817302	294771.0	4.91285	1280	720	60.0	8	2154f283655c3f079288c1d7699b129d	432ff59b7ac211be39fcda3c2a87db64	1280	720	4801.0	156.0	284.0	2500.0	False
Starting_1920x1080p_50_10b_pq_70	Starting_1920x1080p_50_10b_pq_70	libaom	libaom_20190817_f46a106	60	20	5467546.0	5467.546	47.38633333333333	50.16283333333332	51.98566666666663	47.338302	50.114269	51.914149	97.100283	7056742.0	117.61236666666667	1920	1080	50.0	10	66643194a2e2c12445e28b04d3c68606	f76ec375ddf01a71b07291423aba6121	1920	1080	12990.0	510.0	2032.0	6019.0	False
Starting_1920x1080p_50_10b_pq_70	Starting_1920x1080p_50_10b_pq_70	libaom	libaom_20190817_f46a106	60	32	2834666.0	2834.666	46.1255	49.07666666666665	50.528666666666645	46.079517	49.042591	50.486584	96.303184	3647121.0	60.78535	1920	1080	50.0	10	45eeda1d1a39369f091e19c0eb62641a	e6901a6dba65e84defde932ec478208f	1920	1080	11813.0	580.0	2007.0	6265.0	False
Starting_1920x1080p_50_10b_pq_70	Starting_1920x1080p_50_10b_pq_70	libaom	libaom_20190817_f46a106	60	43	1579293.0	1579.293	44.45166666666666	47.659499999999994	48.620666666666665	44.413554	47.650538	48.611807	94.788504	2167728.0	36.1288	1920	1080	50.0	10	0d17c76539c2eaefe08d5aac06da04d9	ed07d12655a4246cc875baa8f5cafcf9	1920	1080	11969.0	487.0	1504.0	5638.0	False
Starting_1920x1080p_50_10b_pq_70	Starting_1920x1080p_50_10b_pq_70	libaom	libaom_20190817_f46a106	60	55	810533.0	810.533	41.585666666666675	45.57283333333333	45.987999999999985	41.569892	45.572334	45.988086	90.828973	1524649.0	25.410816666666665	1920	1080	50.0	10	fd34de0e2a00900134af85af7e8e334a	3a1058554eb910a0a59e22fdc61450c7	1920	1080	11583.0	521.0	1531.0	5945.0	False
Starting_1920x1080p_50_10b_pq_70	Starting_1920x1080p_50_10b_pq_70	libaom	libaom_20190817_f46a106	60	63	377433.0	377.433	37.158666666666676	43.05200000000001	43.22333333333333	37.141799	43.044596	43.216649	79.149698	1313865.0	21.89775	1920	1080	50.0	10	66e100f7862d913e48899690f018b7dc	4986f9c4223c20197f5001b8f230cffa	1920	1080	11994.0	501.0	1169.0	5783.0	False
niklas360p_60f	niklas360p_60f	libaom	libaom_20190817_f46a106	60	20	1323900.0	1323.9	44.33999999999999	47.79250000000001	47.426000000000016	44.275309	47.737993	47.375964	98.35618	1041248.0	17.354133333333333	640	360	30.0	8	73b964f8f83806817ce93d121adfc0d3	6ef603151a6b168b13db2892c8006de3	640	360	1818.0	96.0	357.0	590.0	False
niklas360p_60f	niklas360p_60f	libaom	libaom_20190817_f46a106	60	32	749140.0	749.14	41.97350000000001	46.38983333333333	45.77033333333335	41.900664	46.332874999999994	45.715358	96.732064	667683.0	11.12805	640	360	30.0	8	8a8a8841e9d1adc8cca129685916afdb	911dee7b3bcfb0b2f3f178526514d8eb	640	360	1339.0	80.0	300.0	548.0	False
niklas360p_60f	niklas360p_60f	libaom	libaom_20190817_f46a106	60	43	422568.0	422.568	39.20383333333333	44.76266666666667	43.911166666666674	39.131352	44.726796	43.881341	93.396687	452432.0	7.540533333333333	640	360	30.0	8	0fdc9322b22b33d039a71bcc225b49ea	e9b596964d7f9fccbdf3462ada839d7b	640	360	1442.0	97.0	264.0	635.0	False
niklas360p_60f	niklas360p_60f	libaom	libaom_20190817_f46a106	60	55	233300.0	233.3	36.1565	42.99316666666667	41.74766666666668	36.093811	42.971641	41.726891	87.356774	259603.0	4.326716666666667	640	360	30.0	8	ed993caa68a2b204ef54e4a948a5a6fc	4d757d9620d0e9f1e2ec4df81f1dc2a9	640	360	1351.0	98.0	184.0	562.0	False
niklas360p_60f	niklas360p_60f	libaom	libaom_20190817_f46a106	60	63	121992.0	121.992	32.870166666666684	41.039500000000004	39.601	32.794051	41.023557	39.591175	76.3992	173893.0	2.898216666666667	640	360	30.0	8	a29f0609f4ccd476af43bd480de1fd26	f1ac238bd6a04c399e0cf7fd7947a8ff	640	360	1350.0	101.0	135.0	614.0	False
touchdown_pass_1080p_60f	touchdown_pass_1080p_60f	libaom	libaom_20190817_f46a106	60	20	17887851.0	17887.851	40.62866666666666	47.86649999999999	47.98266666666665	40.535492	47.861368	47.978376	96.314759	20063510.0	334.39183333333335	1920	1080	29.97	8	58b36bf8149dbf5bfabb0b2ca892d21f	e357bea5d5b10fc4192ea22a6bbfd457	1920	1080	10168.0	244.0	4435.0	6183.0	False
touchdown_pass_1080p_60f	touchdown_pass_1080p_60f	libaom	libaom_20190817_f46a106	60	32	4072317.0	4072.317	38.4435	46.94549999999997	47.069333333333354	38.419959	46.943809	47.06832	93.9267	10156463.0	169.27438333333333	1920	1080	29.97	8	4cee3015fce5ccc5fd34964998ba15b9	60177634126630c07e42edc697b6e9eb	1920	1080	9338.0	276.0	1979.0	6396.0	False
touchdown_pass_1080p_60f	touchdown_pass_1080p_60f	libaom	libaom_20190817_f46a106	60	43	1861551.0	1861.551	37.198499999999996	46.115333333333325	46.1785	37.172525	46.111013	46.175078	90.552351	4554215.0	75.90358333333333	1920	1080	29.97	8	69b59323efd5b9f9f10593197e1ab32b	0f5cef9aa2203e3548af2c448f023318	1920	1080	10374.0	278.0	1701.0	7135.0	False
touchdown_pass_1080p_60f	touchdown_pass_1080p_60f	libaom	libaom_20190817_f46a106	60	55	985958.0	985.958	35.61316666666667	44.985666666666674	45.03000000000001	35.576862	44.974827	45.021737	84.014086	2280779.0	38.01298333333333	1920	1080	29.97	8	d41b6b225b10380b3657dc7cc314af13	73e2e3498891253140cd2cf179dffc22	1920	1080	12557.0	273.0	1234.0	6353.0	False
touchdown_pass_1080p_60f	touchdown_pass_1080p_60f	libaom	libaom_20190817_f46a106	60	63	455450.0	455.45	33.1915	43.35550000000002	43.44649999999999	33.131693	43.330864	43.424826	68.385923	1377360.0	22.956	1920	1080	29.97	8	54f91c65861725bb137cd6198b546bfb	05b5be8df644a79a3d93e23e80c25ad9	1920	1080	8875.0	287.0	1054.0	6470.0	False
ducks_take_off_1080p50_60f	ducks_take_off_1080p50_60f	libaom	libaom_20190817_f46a106	60	20	109315380.0	109315.38000000002	38.97483333333333	39.052833333333325	41.30633333333333	38.869559	38.987712	41.284263	98.785695	36806406.0	613.4401	1920	1080	50.0	8	d5fcf5da90e26d34084691637eb06167	624bcc1be42fb6a58a0077c65dc10f51	1920	1080	11073.0	266.0	8822.0	7071.0	False
ducks_take_off_1080p50_60f	ducks_take_off_1080p50_60f	libaom	libaom_20190817_f46a106	60	32	32841446.0	32841.446	35.308166666666665	37.01049999999999	39.99566666666667	35.22386100000001	36.980313	39.985225	93.852848	21975175.0	366.2529166666667	1920	1080	50.0	8	61b8dbe42fc070572e6608a49974d8a2	6f320c8fa439d23ccd5d17f661da12a5	1920	1080	11681.0	270.0	4451.0	6302.0	False
ducks_take_off_1080p50_60f	ducks_take_off_1080p50_60f	libaom	libaom_20190817_f46a106	60	43	11708733.0	11708.733	33.32333333333333	35.4295	38.789333333333325	33.279374	35.392087	38.778861	85.73711	11789390.0	196.48983333333334	1920	1080	50.0	8	e0726e306e5fe950337edea9c3c10b8b	f9b1cfc557330037b3c032d25c3508b6	1920	1080	11328.0	268.0	2723.0	6386.0	False
ducks_take_off_1080p50_60f	ducks_take_off_1080p50_60f	libaom	libaom_20190817_f46a106	60	55	4907313.0	4907.313	31.22766666666668	33.80533333333333	37.736166666666655	31.168265	33.753449	37.728862	72.050121	6146402.0	102.44003333333333	1920	1080	50.0	8	147a42cbc60d961e959856a33f4c484e	015ab7d720a2f36a10460f9bd60a3aec	1920	1080	11457.0	264.0	2241.0	6537.0	False
ducks_take_off_1080p50_60f	ducks_take_off_1080p50_60f	libaom	libaom_20190817_f46a106	60	63	2189393.0	2189.3930000000005	28.97550000000001	32.206500000000005	36.895499999999984	28.88886	32.1573	36.891588	53.698517	3090282.0	51.5047	1920	1080	50.0	8	ced03310c8ac5fe7d8a5fbc884a85744	e6c52236c85b61982a321daa8148a959	1920	1080	11954.0	266.0	1291.0	7503.0	False
vidyo4_720p_60fps_60f	vidyo4_720p_60fps_60f	libaom	libaom_20190817_f46a106	60	20	5119352.0	5119.352	44.285333333333334	49.96883333333335	50.290666666666674	44.22087	49.959482	50.28315	97.73999	4593392.0	76.55653333333333	1280	720	60.0	8	af98fa955d0512d8b9fa5570db173d79	cc353e04ea3e82d8b4711f24c2d8645f	1280	720	4373.0	272.0	934.0	2999.0	False
vidyo4_720p_60fps_60f	vidyo4_720p_60fps_60f	libaom	libaom_20190817_f46a106	60	32	1907656.0	1907.656	42.89416666666667	49.39366666666668	49.74099999999999	42.828317	49.383017	49.733279	96.542726	1828219.0	30.470316666666665	1280	720	60.0	8	511bc55bc8f9476d11a05c02e00381c5	71e6842d843633c61c1fd51687554862	1280	720	3873.0	152.0	603.0	2563.0	False
vidyo4_720p_60fps_60f	vidyo4_720p_60fps_60f	libaom	libaom_20190817_f46a106	60	43	1004896.0	1004.896	41.69516666666667	48.71599999999998	49.03383333333332	41.624596	48.70388	49.023951	94.815112	899819.0	14.996983333333333	1280	720	60.0	8	1578078c0f33d6c6b41cf18ae75e1131	0f439edecefd5a64dd56a0341afb6d35	1280	720	3706.0	214.0	463.0	2455.0	False
vidyo4_720p_60fps_60f	vidyo4_720p_60fps_60f	libaom	libaom_20190817_f46a106	60	55	532112.0	532.112	39.974666666666664	47.44949999999999	47.72	39.902504	47.438307	47.711899	91.158158	467774.0	7.796233333333333	1280	720	60.0	8	3a013a8a254906232aaf33ee01e55766	01e6221c50fa875371094d5534ac2ec5	1280	720	3737.0	148.0	345.0	2629.0	False
vidyo4_720p_60fps_60f	vidyo4_720p_60fps_60f	libaom	libaom_20190817_f46a106	60	63	265752.0	265.752	37.22233333333334	45.08083333333333	45.08166666666666	37.179891	45.069527	45.069626	82.195592	345996.0	5.7666	1280	720	60.0	8	2e4e534f14a73766924270b81643e316	325e4986dd4a5314a4f89b37f5a10b5d	1280	720	3482.0	140.0	321.0	2792.0	False
life_1080p30_60f	life_1080p30_60f	libaom	libaom_20190817_f46a106	60	20	12197368.0	12197.368	44.56249999999999	49.83550000000002	49.20566666666666	44.532629	49.82829	49.199774	99.507349	8699606.0	144.99343333333334	1920	1080	30.0	8	a18b14536d886daffc9b8025e3f7fdf6	a2a3ee5805acb5d57f162fc403f6aaae	1920	1080	9948.0	273.0	3693.0	6280.0	False
life_1080p30_60f	life_1080p30_60f	libaom	libaom_20190817_f46a106	60	32	5803876.0	5803.876	41.66066666666667	47.40183333333334	47.026166666666676	41.633458	47.394013	47.020566	97.753093	5734789.0	95.57981666666667	1920	1080	30.0	8	935b92c395ecf63d6c1db8ffd52922b2	b81d25e7472d45b01a30111a37fbda88	1920	1080	10311.0	254.0	2616.0	6140.0	False
life_1080p30_60f	life_1080p30_60f	libaom	libaom_20190817_f46a106	60	43	2941896.0	2941.896	39.012333333333316	45.43416666666667	45.21766666666666	38.989325	45.424646	45.210859	94.704854	4085076.0	68.0846	1920	1080	30.0	8	febd758749e798945f96c35f6178efaf	dc458f419e2ad4024c46383d6c7be808	1920	1080	9603.0	291.0	2319.0	6849.0	False
life_1080p30_60f	life_1080p30_60f	libaom	libaom_20190817_f46a106	60	55	1491084.0	1491.084	36.189166666666665	43.25199999999998	43.04333333333333	36.168007	43.242015	43.03507	89.28336400000002	2650465.0	44.174416666666666	1920	1080	30.0	8	3638aac86bcf71952880a598b5a78262	650f609cf4b570ed5f3bb55b77e19506	1920	1080	8966.0	269.0	1734.0	6285.0	False
life_1080p30_60f	life_1080p30_60f	libaom	libaom_20190817_f46a106	60	63	692108.0	692.108	33.29650000000001	40.60666666666666	40.23849999999998	33.264896	40.587706	40.221632	78.755557	1629188.0	27.153133333333333	1920	1080	30.0	8	99004ebf7b64872d730484645c096f6f	ab0d2aa0c4fd1a1dc1add997e99f5cb7	1920	1080	9332.0	255.0	1192.0	6144.0	False
Netflix_RollerCoaster_1280x720_6	Netflix_RollerCoaster_1280x720_6	libaom	libaom_20190817_f46a106	60	20	7129600.0	7129.6	44.67933333333334	46.375833333333325	46.392666666666656	44.661462	46.370284	46.388847000000005	99.894969	5059471.0	84.32451666666667	1280	720	60.0	8	f9874aba01fbf8c741f1c7ef1f9c7f92	35b8f0a502975488af2b9d7cad2f6c07	1280	720	3705.0	141.0	1243.0	2365.0	False
Netflix_RollerCoaster_1280x720_6	Netflix_RollerCoaster_1280x720_6	libaom	libaom_20190817_f46a106	60	32	3610392.0	3610.392	42.241333333333344	44.518833333333326	44.876333333333335	42.21531	44.511328	44.871167	99.826153	3444469.0	57.40781666666667	1280	720	60.0	8	8b877a10b5d91f23762b8ff94c46143c	6ee31acf9dc559836c2a1f8795d8666e	1280	720	4781.0	159.0	1030.0	2919.0	False
Netflix_RollerCoaster_1280x720_6	Netflix_RollerCoaster_1280x720_6	libaom	libaom_20190817_f46a106	60	43	1942064.0	1942.064	39.79549999999999	42.64416666666667	43.41166666666667	39.757669	42.62847	43.402802	97.01111	2035234.0	33.920566666666666	1280	720	60.0	8	a090f92a22c8cd9a9321ad438feca190	b6efe8189bc626111206cacf341fe619	1280	720	4385.0	195.0	846.0	2500.0	False
Netflix_RollerCoaster_1280x720_6	Netflix_RollerCoaster_1280x720_6	libaom	libaom_20190817_f46a106	60	55	1058456.0	1058.456	37.19616666666665	40.531	41.775999999999996	37.15703799999999	40.509743	41.76572	89.704453	1355250.0	22.5875	1280	720	60.0	8	574fc9396cc938ef8afe5c13fc143a35	23af0c0bf2e0a471194a7a5390f4d1bf	1280	720	4317.0	147.0	666.0	2415.0	False
Netflix_RollerCoaster_1280x720_6	Netflix_RollerCoaster_1280x720_6	libaom	libaom_20190817_f46a106	60	63	557184.0	557.184	34.21449999999998	38.113166666666665	40.0035	34.15692	38.082024	39.990152	75.158497	839104.0	13.985066666666667	1280	720	60.0	8	4253f3f15a9a63fa8bc53fc233dd0f70	952ac8e314c11f67544748e709f56ecb	1280	720	3825.0	165.0	475.0	2461.0	False
wikipedia_420	wikipedia_420	libaom	libaom_20190817_f46a106	60	20	1289928.0	1289.928	52.4855	52.157666666666664	53.000833333333325	52.463836	51.971883	52.905775999999996	99.812839	1662644.0	27.710733333333334	1920	1080	30.0	8	45d4769d73af79bca8e8fdd0dd5411e9	45373bb2d6acd441aec3af1ef091fc90	1920	1080	6398.0	268.0	689.0	5753.0	False
wikipedia_420	wikipedia_420	libaom	libaom_20190817_f46a106	60	32	790584.0	790.584	48.672833333333344	49.66816666666668	50.84366666666668	48.646338	49.40617	50.75632699999999	99.769984	1485911.0	24.765183333333333	1920	1080	30.0	8	178b41fe39e360f5487de4441d5dc73c	f434645fdede1fbfd4ae628b48d2e7ce	1920	1080	6341.0	265.0	737.0	6269.0	False
wikipedia_420	wikipedia_420	libaom	libaom_20190817_f46a106	60	43	620496.0	620.496	45.965500000000006	47.78083333333331	49.05733333333333	45.89578199999999	47.595482	48.993536999999996	99.702083	1101092.0	18.351533333333332	1920	1080	30.0	8	36663a2f785b2b1bae280e6c52fd33db	e1083590156b80bbc32bed7ecfaa2019	1920	1080	6989.0	258.0	775.0	5956.0	False
wikipedia_420	wikipedia_420	libaom	libaom_20190817_f46a106	60	55	490056.0	490.056	42.50350000000001	45.32099999999999	46.841666666666676	42.361138	45.182016	46.768877	99.529484	874887.0	14.58145	1920	1080	30.0	8	9b6a3a539c136f7f3c91b3151d573084	b2e73876c59eacdd01fdbf9809ae462c	1920	1080	6589.0	303.0	742.0	5772.0	False
wikipedia_420	wikipedia_420	libaom	libaom_20190817_f46a106	60	63	395300.0	395.3	38.232499999999995	42.77750000000002	44.310833333333335	37.854576	42.597612	44.21804	98.505348	762953.0	12.715883333333334	1920	1080	30.0	8	b8e3a3c2b321da4f6b60d1451cdb0aab	8a41bf8a159c071ff206e1628853438f	1920	1080	9520.0	257.0	811.0	5876.0	False
dark720p_60f	dark720p_60f	libaom	libaom_20190817_f46a106	60	20	6726384.0	6726.384	45.83016666666669	43.56933333333335	45.16216666666667	45.740417	43.429852	45.014842	96.012902	5453803.0	90.89671666666666	1280	720	30.0	8	994fbfc932c8e90db00b258d68845abc	cd3e0ce9e62ed509ea4874ea08976f4d	1280	720	3458.0	138.0	1691.0	2487.0	False
dark720p_60f	dark720p_60f	libaom	libaom_20190817_f46a106	60	32	1648696.0	1648.696	43.45250000000001	39.168	41.89766666666669	43.422894	39.071182	41.868709	93.103141	2899285.0	48.321416666666664	1280	720	30.0	8	8461455415889989d87f1d91f8f9f09e	19279a9f8bcef97d64d3e374356caba3	1280	720	3518.0	147.0	1149.0	2527.0	False
dark720p_60f	dark720p_60f	libaom	libaom_20190817_f46a106	60	43	361760.0	361.76	42.336500000000015	37.093666666666664	40.97733333333335	42.326291	37.068399	40.974129999999995	90.82046	1391766.0	23.1961	1280	720	30.0	8	bba2edd918b1a49d072b18d3e8372982	e49e09834e0eed282571a2e39ec7c0f3	1280	720	3897.0	133.0	475.0	2558.0	False
dark720p_60f	dark720p_60f	libaom	libaom_20190817_f46a106	60	55	145508.0	145.508	41.1245	36.454	40.18483333333333	41.11654	36.448743	40.181292	87.111586	551227.0	9.187116666666666	1280	720	30.0	8	1029647228b49d8d7c2ca68a282e96a8	947117b3020bcdcf3ace6916b8692d1f	1280	720	3440.0	143.0	322.0	2406.0	False
dark720p_60f	dark720p_60f	libaom	libaom_20190817_f46a106	60	63	78460.0	78.46	39.00766666666665	35.53566666666667	38.927	38.984775	35.528642	38.91044	79.04844	305833.0	5.097216666666666	1280	720	30.0	8	a3534346368e854fa7409699e07c6af9	ce4f1f1575aa5171d6a28b155b540e3f	1280	720	4036.0	205.0	277.0	2473.0	False
shields_640x360_60f	shields_640x360_60f	libaom	libaom_20190817_f46a106	60	20	2002180.0	2002.18	42.22050000000003	44.953499999999984	46.437000000000005	42.112617	44.933814	46.366288000000004	99.493804	990124.0	16.502066666666668	640	360	50.0	8	252d974fd58863127d4e5a546dad9bf7	e4ad8903288b93619b1150aac3c61274	640	360	1955.0	102.0	325.0	598.0	False
shields_640x360_60f	shields_640x360_60f	libaom	libaom_20190817_f46a106	60	32	1093773.0	1093.773	40.35816666666668	43.208000000000006	44.71383333333334	40.191303	43.16870000000001	44.646552	99.456217	554359.0	9.239316666666667	640	360	50.0	8	64a546d148ca001ae948decfc7f54e44	43b5c3fdf2c2c7c43aa9794c73b42352	640	360	1846.0	81.0	239.0	609.0	False
shields_640x360_60f	shields_640x360_60f	libaom	libaom_20190817_f46a106	60	43	651253.0	651.253	38.115500000000004	41.056	42.7515	37.874731	40.972413	42.670139	99.43503	351997.0	5.866616666666666	640	360	50.0	8	1219b8314cbb622996177828f818ab68	92a8bc06595fa692a94069d3eb4904ac	640	360	2010.0	118.0	192.0	603.0	False
shields_640x360_60f	shields_640x360_60f	libaom	libaom_20190817_f46a106	60	55	375513.0	375.513	35.179	38.48699999999999	40.40566666666664	34.852035	38.33647	40.322599	97.275946	252637.0	4.210616666666667	640	360	50.0	8	1125835c9b6adebace5e7ccea6b919c2	82b5996aeec91455ce0a19a062af102e	640	360	1750.0	88.0	170.0	583.0	False
shields_640x360_60f	shields_640x360_60f	libaom	libaom_20190817_f46a106	60	63	213740.0	213.74000000000004	31.663666666666675	36.10133333333336	37.851833333333325	31.18303	35.869447	37.714534	87.603456	191433.0	3.19055	640	360	50.0	8	ff2a5b5804ac68e043a1750445abaa80	d748ad74c6c3af33da08a83be5d9a8fd	640	360	1772.0	93.0	124.0	906.0	False
KristenAndSara_1280x720_60f	KristenAndSara_1280x720_60f	libaom	libaom_20190817_f46a106	60	20	3212760.0	3212.76	44.683333333333344	49.01283333333333	49.924499999999995	44.674293	49.010483	49.923056	96.928155	3542347.0	59.039116666666665	1280	720	60.0	8	d2a29e55b5b66d08271969b69cf3c676	109c5d13abb1593ed41b466bd0daec02	1280	720	3679.0	150.0	668.0	2412.0	False
KristenAndSara_1280x720_60f	KristenAndSara_1280x720_60f	libaom	libaom_20190817_f46a106	60	32	1389808.0	1389.808	43.63950000000001	48.29183333333334	49.19150000000001	43.631016	48.29062	49.190203	96.150202	1610607.0	26.84345	1280	720	60.0	8	a0a0e0ed21e03c3480300ee3deea28bf	c61b2974d18a72a23431ff6321426d27	1280	720	3782.0	144.0	508.0	2488.0	False
KristenAndSara_1280x720_60f	KristenAndSara_1280x720_60f	libaom	libaom_20190817_f46a106	60	43	733584.0	733.584	42.34400000000001	47.19916666666667	48.1235	42.33447	47.197606	48.122717	94.650832	808239.0	13.47065	1280	720	60.0	8	cc5567ee10cffc99eab260448c4b7698	84c19ad950f8bb55c8ebbbd9d006b749	1280	720	3696.0	164.0	369.0	2407.0	False
KristenAndSara_1280x720_60f	KristenAndSara_1280x720_60f	libaom	libaom_20190817_f46a106	60	55	416672.0	416.67199999999997	40.57466666666666	45.51983333333333	46.672833333333344	40.563268	45.518811	46.671678	91.568037	450356.0	7.505933333333333	1280	720	60.0	8	68f44565cd14d1a299ee7f12a0b4b949	4711690fc63ddadc74786cc11da1e732	1280	720	3687.0	146.0	306.0	2624.0	False
KristenAndSara_1280x720_60f	KristenAndSara_1280x720_60f	libaom	libaom_20190817_f46a106	60	63	237712.0	237.712	37.922166666666634	43.299	44.47033333333332	37.907973	43.293051	44.459158	84.911349	280842.0	4.6807	1280	720	60.0	8	57f5ee6049fa2054ddd75c0a64774f0f	9ca1d322cc440557fe5aa8d574c52dc0	1280	720	3838.0	144.0	274.0	2535.0	False
Netflix_FoodMarket_1920x1080_60f	Netflix_FoodMarket_1920x1080_60f	libaom	libaom_20190817_f46a106	60	20	20361912.0	20361.912	40.981	44.77516666666669	45.54483333333334	40.960454	44.770389	45.542917	99.004218	24793075.0	413.21791666666667	1920	1080	60.0	8	727f9881a7f588c2debbe8cd63e4d1e7	46e30b6ea22be29ed830689d13d66015	1920	1080	8872.0	333.0	3378.0	6980.0	False
Netflix_FoodMarket_1920x1080_60f	Netflix_FoodMarket_1920x1080_60f	libaom	libaom_20190817_f46a106	60	32	6595832.0	6595.832	39.62716666666666	43.86099999999999	44.815500000000014	39.620264	43.859441	44.814791	95.623781	8940591.0	149.00985	1920	1080	60.0	8	53cefed7d8246e17b3fab5d687514397	a44542c11bb16fbc786b0021a02e198b	1920	1080	9066.0	281.0	2185.0	6906.0	False
Netflix_FoodMarket_1920x1080_60f	Netflix_FoodMarket_1920x1080_60f	libaom	libaom_20190817_f46a106	60	43	3279240.0	3279.24	38.29783333333332	42.955	44.049	38.2885	42.952515999999996	44.048163	90.583254	4131776.0	68.86293333333333	1920	1080	60.0	8	50ff942f0b8462a784a7d9047b11adb7	74ed52cf1477ed69091dcc3e2f4cbb4a	1920	1080	8459.0	281.0	1653.0	6427.0	False
Netflix_FoodMarket_1920x1080_60f	Netflix_FoodMarket_1920x1080_60f	libaom	libaom_20190817_f46a106	60	55	1649856.0	1649.856	36.531333333333336	41.92283333333333	43.01883333333334	36.515411	41.918453	43.013487000000005	81.080121	2027188.0	33.78646666666667	1920	1080	60.0	8	87581a22a77647a1c051334d8ceab779	54f0d0bfc589ca8e86ece05cb034f240	1920	1080	8999.0	256.0	1233.0	6823.0	False
Netflix_FoodMarket_1920x1080_60f	Netflix_FoodMarket_1920x1080_60f	libaom	libaom_20190817_f46a106	60	63	748808.0	748.8079999999999	34.089166666666664	40.604000000000006	41.54683333333333	34.065299	40.594025	41.518895	63.478096	1237632.0	20.6272	1920	1080	60.0	8	56275393b6d456d912eada1b2f2f8e56	f3e5a251e2b4d568fadbc72aa08b1f29	1920	1080	9134.0	242.0	879.0	6393.0	False
Netflix_TunnelFlag_1920x1080_60f	Netflix_TunnelFlag_1920x1080_60f	libaom	libaom_20190817_f46a106	60	20	25571376.0	25571.376	42.714499999999994	46.725666666666676	48.242	42.69172	46.722452	48.237557	99.915823	13758949.0	229.31581666666668	1920	1080	60.0	8	404b44891b227ef3fb50386ab924ad98	a49363fe171c103d08c363d850485586	1920	1080	9104.0	260.0	3476.0	6879.0	False
Netflix_TunnelFlag_1920x1080_60f	Netflix_TunnelFlag_1920x1080_60f	libaom	libaom_20190817_f46a106	60	32	13144192.0	13144.192	40.45583333333333	45.05216666666668	46.928500000000014	40.433235	45.051248	46.924833	99.900115	8646878.0	144.11463333333333	1920	1080	60.0	8	e2b2c36d5168a376aeef3007465e07c3	cde7dba9907ea98e522cbdc95a80c5e8	1920	1080	9246.0	286.0	3029.0	6443.0	False
Netflix_TunnelFlag_1920x1080_60f	Netflix_TunnelFlag_1920x1080_60f	libaom	libaom_20190817_f46a106	60	43	6945208.0	6945.208	38.10066666666668	43.21649999999999	45.59616666666667	38.069281	43.215257	45.591288	99.872725	5335321.0	88.92201666666666	1920	1080	60.0	8	155ca201fec403294ce0fd14cdd73180	43501e0848e2632ef421496b77e4b2a1	1920	1080	8689.0	263.0	2196.0	6231.0	False
Netflix_TunnelFlag_1920x1080_60f	Netflix_TunnelFlag_1920x1080_60f	libaom	libaom_20190817_f46a106	60	55	3716336.0	3716.336	35.68600000000001	41.11733333333333	43.86116666666668	35.65273	41.115729	43.857277	99.809556	3185584.0	53.093066666666665	1920	1080	60.0	8	9d12bfe5a2ce36281e2843d6b4d14072	b2472a051ebd7613bc82e00c13a34f0c	1920	1080	9005.0	261.0	1967.0	6388.0	False
Netflix_TunnelFlag_1920x1080_60f	Netflix_TunnelFlag_1920x1080_60f	libaom	libaom_20190817_f46a106	60	63	2020352.0	2020.352	32.81033333333333	39.21783333333334	42.031	32.75942	39.212151	42.023146	97.439107	2228154.0	37.1359	1920	1080	60.0	8	d3011c6f2a30dc21cd1c1ffede83a0c7	5a7ce458b332ffa971e5d3ad9885ef3b	1920	1080	9323.0	258.0	1458.0	7828.0	False
Netflix_DrivingPOV_1280x720_60fp	Netflix_DrivingPOV_1280x720_60fp	libaom	libaom_20190817_f46a106	60	20	10075520.0	10075.52	42.6105	46.19749999999999	44.92683333333334	42.588952	46.191969	44.923249000000006	99.732009	5203445.0	86.72408333333334	1280	720	60.0	8	2c92c7fcec7b54c8cf62fe85573b47f8	a7e0639095ed1daace9ad7c1d5d45abd	1280	720	5170.0	156.0	1363.0	2628.0	False
Netflix_DrivingPOV_1280x720_60fp	Netflix_DrivingPOV_1280x720_60fp	libaom	libaom_20190817_f46a106	60	32	5013224.0	5013.224	40.26149999999999	44.837833333333336	43.9165	40.239668	44.830703	43.913037	98.851173	3443492.0	57.391533333333335	1280	720	60.0	8	38db53607f8f170305aed4d596271b69	d4097bff5e3f228d14dc6f2ee5adb804	1280	720	4920.0	141.0	925.0	2411.0	False
Netflix_DrivingPOV_1280x720_60fp	Netflix_DrivingPOV_1280x720_60fp	libaom	libaom_20190817_f46a106	60	43	2865952.0	2865.952	38.24316666666667	43.54716666666666	43.06933333333333	38.211688	43.53945	43.065399	96.863934	2022416.0	33.70693333333333	1280	720	60.0	8	7cf25129a63640c560e0ae7a61195fd7	f8de66fba2874be0572931f892f1a3b3	1280	720	4397.0	151.0	750.0	2727.0	False
Netflix_DrivingPOV_1280x720_60fp	Netflix_DrivingPOV_1280x720_60fp	libaom	libaom_20190817_f46a106	60	55	1572864.0	1572.864	35.91033333333335	41.84083333333334	41.97750000000003	35.87645	41.833811	41.973889	92.817662	1260671.0	21.011183333333335	1280	720	60.0	8	3a9d18690b1c0b3320f7d05ea4c50118	10dac2027b5891f544a35833d5b20f47	1280	720	4945.0	147.0	581.0	3651.0	False
Netflix_DrivingPOV_1280x720_60fp	Netflix_DrivingPOV_1280x720_60fp	libaom	libaom_20190817_f46a106	60	63	791216.0	791.216	33.0795	39.68083333333333	40.55016666666667	33.029392	39.66662899999999	40.539219	84.277293	817621.0	13.627016666666666	1280	720	60.0	8	56e26d2d8997bc64332a2d94f2162976	b3c0061de23270f7f9dd8f602f5074c2	1280	720	4769.0	150.0	448.0	2432.0	False
