Netflix_DrivingPOV_1280x720_60fp	Netflix_DrivingPOV_1280x720_60fp	svtav1	svtav1_20190924_ef00d20	60	20	13337760.0	13337.76	43.17850000000002	46.78333333333334	45.42216666666666	43.117898	46.765981	45.401955	99.682405	1387024.0	23.117066666666666	1280	720	60.0	8	b910c1f73d3801b4bcb81866a65b9fd7	b0baba2fa0e392850bb388e297a89363	1280	720	4799.0	5.0	5545.0	2442.0	False
Netflix_DrivingPOV_1280x720_60fp	Netflix_DrivingPOV_1280x720_60fp	svtav1	svtav1_20190924_ef00d20	60	32	6328176.0	6328.176	40.86666666666666	45.61883333333332	44.496166666666674	40.808458	45.611303	44.490339999999996	98.78773299999999	943218.0	15.7203	1280	720	60.0	8	e5636a0d0cde378de48663eeb8808eb6	e2a84e2bb1387992d8a90a4fb6e31ed7	1280	720	4645.0	4.0	4569.0	2546.0	False
Netflix_DrivingPOV_1280x720_60fp	Netflix_DrivingPOV_1280x720_60fp	svtav1	svtav1_20190924_ef00d20	60	43	3116840.0	3116.8400000000006	38.34083333333333	43.875833333333354	43.28716666666665	38.288448	43.869350000000004	43.284263	96.643831	704282.0	11.738033333333334	1280	720	60.0	8	dbef5f65c959bddf185df380a0544ba1	7a03e1acddbc4d96fbd79e530acbbd2c	1280	720	4654.0	4.0	4287.0	2670.0	False
Netflix_DrivingPOV_1280x720_60fp	Netflix_DrivingPOV_1280x720_60fp	svtav1	svtav1_20190924_ef00d20	60	55	1566280.0	1566.28	35.74083333333335	41.949166666666656	42.05616666666668	35.686931	41.944352	42.052653	92.230276	713290.0	11.888166666666667	1280	720	60.0	8	466511ca1c5c5779af2d503b7c40c37d	3be6514d9f73e697a34979e422958b05	1280	720	4907.0	5.0	3950.0	2537.0	False
Netflix_DrivingPOV_1280x720_60fp	Netflix_DrivingPOV_1280x720_60fp	svtav1	svtav1_20190924_ef00d20	60	63	681120.0	681.12	32.441833333333335	39.37766666666667	40.24400000000001	32.411793	39.373087000000005	40.240369	81.489979	495642.0	8.2607	1280	720	60.0	8	d3c4d36043a89043228d994810feee2a	f5ab12b20e575e158cc98b10f8de0414	1280	720	4718.0	3.0	3413.0	3723.0	False
niklas360p_60f	niklas360p_60f	svtav1	svtav1_20190924_ef00d20	60	20	1581796.0	1581.796	44.58033333333336	48.12450000000002	47.822833333333314	44.480631	48.063858	47.762964	98.365722	339323.0	5.655383333333333	640	360	30.0	8	9f1bcc58e2a74e80e6502f49811f4dfd	4ed7eca5b2326326486fe61933f5e2a3	640	360	1282.0	3.0	1328.0	572.0	False
niklas360p_60f	niklas360p_60f	svtav1	svtav1_20190924_ef00d20	60	32	857036.0	857.036	42.189666666666675	46.681000000000004	46.14400000000001	42.098898	46.642016	46.103396	96.802451	376007.0	6.266783333333334	640	360	30.0	8	7cd04b1087c381d009838d47b3380a8b	f08b3e7270bd187bb01ae33d6c35d84e	640	360	1624.0	10.0	1816.0	732.0	False
niklas360p_60f	niklas360p_60f	svtav1	svtav1_20190924_ef00d20	60	43	462380.0	462.38	39.36333333333334	44.99066666666666	44.20616666666667	39.280404	44.96792	44.180242	93.716349	501681.0	8.36135	640	360	30.0	8	a5c22871ae19da2d6d1281fbd6b3550e	1dadf1dcedde80f2b39a822a87a174c3	640	360	1564.0	8.0	1082.0	709.0	False
niklas360p_60f	niklas360p_60f	svtav1	svtav1_20190924_ef00d20	60	55	247480.0	247.48	36.25783333333333	43.06716666666666	42.009499999999996	36.181833	43.048943	41.98448700000001	87.35311699999998	168447.0	2.80745	640	360	30.0	8	7ae91f7675afb3cf09ed9d67d367505e	b312522dfe2cf8f253b3bb71eac4f9e4	640	360	1266.0	3.0	881.0	541.0	False
niklas360p_60f	niklas360p_60f	svtav1	svtav1_20190924_ef00d20	60	63	119016.0	119.016	32.60816666666667	40.67550000000001	39.41199999999999	32.548849	40.65542	39.382175	75.006629	188480.0	3.1413333333333333	640	360	30.0	8	5df3d05d15cda6390accc356da24d23c	a7c0c41ca4fb7d0f6b8676e39439d6b5	640	360	1479.0	14.0	1500.0	784.0	False
Market3_1920x1080p_50_10b_pq_709	Market3_1920x1080p_50_10b_pq_709	svtav1	svtav1_20190924_ef00d20	60	20	19831180.0	19831.18	45.85283333333335	52.52433333333333	53.433499999999974	45.705284	52.498177000000005	53.411665	99.849722	2444391.0	40.73985	1920	1080	50.0	10	d8796f2b17760767c5dc84500c4085c3	496d11dfde8953e18ded07de8b1bff03	1920	1080	13853.0	4.0	15432.0	6351.0	False
Market3_1920x1080p_50_10b_pq_709	Market3_1920x1080p_50_10b_pq_709	svtav1	svtav1_20190924_ef00d20	60	32	9727920.0	9727.92	43.413499999999985	50.458499999999994	51.52799999999999	43.31783600000001	50.450217	51.518932	99.111059	1172760.0	19.546	1920	1080	50.0	10	8b0f431740baf25236ba1487ad5449cc	608f40babe992c04bec44891b5bc16cc	1920	1080	12986.0	4.0	10260.0	6058.0	False
Market3_1920x1080p_50_10b_pq_709	Market3_1920x1080p_50_10b_pq_709	svtav1	svtav1_20190924_ef00d20	60	43	4634080.0	4634.08	40.38133333333334	48.01950000000002	49.32266666666666	40.319886	48.016249	49.320211	96.176136	782457.0	13.04095	1920	1080	50.0	10	078a7fb8d1a7fd16a6af8b0842dc758e	7ef1fc3faf376514d4a0f44e063eb2cf	1920	1080	13636.0	4.0	8887.0	7389.0	False
Market3_1920x1080p_50_10b_pq_709	Market3_1920x1080p_50_10b_pq_709	svtav1	svtav1_20190924_ef00d20	60	55	2303860.0	2303.86	37.272	45.99116666666667	47.43599999999999	37.226633	45.990529	47.433977	90.45371099999998	504162.0	8.4027	1920	1080	50.0	10	221ef664ffaadcf5cac19c68e0618022	acb64faee746421125fa6b38ff3aac32	1920	1080	13187.0	3.0	8710.0	6117.0	False
Market3_1920x1080p_50_10b_pq_709	Market3_1920x1080p_50_10b_pq_709	svtav1	svtav1_20190924_ef00d20	60	63	922606.0	922.606	33.586166666666664	43.50733333333333	45.08666666666666	33.570294	43.50556100000001	45.076879	77.068523	769138.0	12.818966666666666	1920	1080	50.0	10	dbb37fde2c1154ab67f14eeb26820d91	9a85373ca3fa40b0239a3a43e0103d37	1920	1080	16516.0	14.0	9453.0	8803.0	False
vidyo4_720p_60fps_60f	vidyo4_720p_60fps_60f	svtav1	svtav1_20190924_ef00d20	60	20	6795632.0	6795.632	44.537833333333325	50.14666666666666	50.453	44.46856	50.137238	50.445012	97.814679	1755734.0	29.262233333333334	1280	720	60.0	8	2644fc022dced58bf0aac9aba2193756	6d8c38dce9ebb69f13ed3840d87f9aca	1280	720	3985.0	5.0	3960.0	2624.0	False
vidyo4_720p_60fps_60f	vidyo4_720p_60fps_60f	svtav1	svtav1_20190924_ef00d20	60	32	2270312.0	2270.312	42.98533333333333	49.5713333333333	49.8715	42.918748	49.562214	49.865075	96.579392	967254.0	16.1209	1280	720	60.0	8	a4ab1171db7570d33a40c41c083ac87b	689af50a5c9d971030d46b24019d4155	1280	720	3441.0	4.0	2754.0	2670.0	False
vidyo4_720p_60fps_60f	vidyo4_720p_60fps_60f	svtav1	svtav1_20190924_ef00d20	60	43	1040808.0	1040.808	41.64116666666667	48.743166666666674	49.05916666666667	41.577001	48.73268	49.05031	94.637196	502717.0	8.378616666666666	1280	720	60.0	8	8a1bafe0185f534fd592c590f1af4cab	e27d1cb016adc0920fc2c64a7f138a4c	1280	720	3497.0	4.0	2264.0	2472.0	False
vidyo4_720p_60fps_60f	vidyo4_720p_60fps_60f	svtav1	svtav1_20190924_ef00d20	60	55	524544.0	524.544	39.73583333333333	47.469500000000004	47.72433333333336	39.659548	47.455532	47.710141	90.539214	578044.0	9.634066666666667	1280	720	60.0	8	f8e02e8cf83775de23edb18afdbf47ae	be79cec031a13be3ea41f2fa60cdb482	1280	720	3693.0	10.0	2150.0	3881.0	False
vidyo4_720p_60fps_60f	vidyo4_720p_60fps_60f	svtav1	svtav1_20190924_ef00d20	60	63	241496.0	241.496	36.72733333333333	44.91783333333331	44.717166666666664	36.670195	44.909746	44.710765	80.374023	313289.0	5.2214833333333335	1280	720	60.0	8	6fe09d999ebc9a405f6d44ee36d51f4a	cc4347c7fd0038be177d449a96265544	1280	720	3473.0	3.0	1772.0	2455.0	False
KristenAndSara_1280x720_60f	KristenAndSara_1280x720_60f	svtav1	svtav1_20190924_ef00d20	60	20	4382416.0	4382.416	44.86483333333333	49.211	50.128333333333345	44.837704	49.205744	50.124959	97.034476	1062962.0	17.716033333333332	1280	720	60.0	8	4a23efc3ccbc608916257a7615b228e1	44134869e2f9a3d831566941f2734cdc	1280	720	4022.0	6.0	3795.0	2603.0	False
KristenAndSara_1280x720_60f	KristenAndSara_1280x720_60f	svtav1	svtav1_20190924_ef00d20	60	32	1662840.0	1662.84	43.73233333333335	48.60516666666667	49.53533333333335	43.711197	48.601402	49.532419	96.268639	862338.0	14.3723	1280	720	60.0	8	a1f9f222b2ec4f0bf9fe2201f80d7e17	34839826c055b8f775f15603bc26408d	1280	720	3822.0	9.0	2706.0	3180.0	False
KristenAndSara_1280x720_60f	KristenAndSara_1280x720_60f	svtav1	svtav1_20190924_ef00d20	60	43	825920.0	825.92	42.49333333333332	47.63366666666666	48.516000000000034	42.470321	47.629415	48.512834	94.876693	599591.0	9.993183333333333	1280	720	60.0	8	b2cd53d194aa629175dc268e24b2d33c	6f6902f9f0b17fad9870cf849443ac32	1280	720	3921.0	2.0	2177.0	3669.0	False
KristenAndSara_1280x720_60f	KristenAndSara_1280x720_60f	svtav1	svtav1_20190924_ef00d20	60	55	431128.0	431.128	40.608333333333334	46.01549999999999	47.017166666666675	40.580951	46.011665	47.014399	91.815685	849636.0	14.1606	1280	720	60.0	8	2d0cb87285df4ddf2fa9d5c3bf3ffc66	a82db2a3716d225530e06a1ff8addcb5	1280	720	5799.0	21.0	3633.0	4407.0	False
KristenAndSara_1280x720_60f	KristenAndSara_1280x720_60f	svtav1	svtav1_20190924_ef00d20	60	63	199912.0	199.912	37.39533333333332	43.214333333333336	44.08499999999999	37.382288	43.212791	44.084981	83.635078	271378.0	4.522966666666667	1280	720	60.0	8	8e7ad6162ef556e6f7b56dc5b1943317	bc42b2ffdb8aba65e15b9c15d767fc20	1280	720	3434.0	2.0	1352.0	2407.0	False
DOTA2_60f_420	DOTA2_60f_420	svtav1	svtav1_20190924_ef00d20	60	20	18654920.0	18654.92	45.96500000000001	49.85316666666667	49.919166666666655	45.914691999999995	49.80009400000001	49.887489	97.726074	1858468.0	30.974466666666668	1920	1080	60.0	8	6c18062bb81a214e907096ea0d373ba1	869d9307ec68a9c0d55950b9cfeed854	1920	1080	8504.0	3.0	6837.0	6164.0	False
DOTA2_60f_420	DOTA2_60f_420	svtav1	svtav1_20190924_ef00d20	60	32	9614896.0	9614.896	43.79883333333334	47.92366666666667	48.126166666666656	43.71183	47.833877	48.080875	96.201867	1712908.0	28.548466666666666	1920	1080	60.0	8	38f3b54798b4566d5c6a5b3327a149e3	bc176cead8b35a9c8d34f2826261c4d9	1920	1080	9470.0	3.0	6233.0	6236.0	False
DOTA2_60f_420	DOTA2_60f_420	svtav1	svtav1_20190924_ef00d20	60	43	4746912.0	4746.912	41.21116666666668	45.54466666666667	45.89066666666667	41.10228300000001	45.430379	45.840956	93.168839	1611463.0	26.857716666666665	1920	1080	60.0	8	b8137613ce5bbb1718bd95c65a3678f8	52548349995ca92e038d41961348fc1b	1920	1080	10769.0	11.0	5623.0	6222.0	False
DOTA2_60f_420	DOTA2_60f_420	svtav1	svtav1_20190924_ef00d20	60	55	2178136.0	2178.136	38.24750000000001	42.82916666666666	43.24249999999999	38.120712	42.710387	43.20087	86.976572	1180586.0	19.676433333333332	1920	1080	60.0	8	8e5137b882507a29b16b32e11f24a436	5710568960e9c7015e4fe473746b1363	1920	1080	8514.0	2.0	4881.0	6394.0	False
DOTA2_60f_420	DOTA2_60f_420	svtav1	svtav1_20190924_ef00d20	60	63	836272.0	836.272	34.48233333333333	39.33950000000001	39.668666666666674	34.427502	39.288941	39.658735	72.086414	935115.0	15.58525	1920	1080	60.0	8	515133edb9445dbd4ca99fc73aeee2d6	7c9cfc5ec511bb44587039168bb54400	1920	1080	8875.0	3.0	3946.0	6084.0	False
Netflix_Aerial_1920x1080_60fps_8	Netflix_Aerial_1920x1080_60fps_8	svtav1	svtav1_20190924_ef00d20	60	20	28331496.0	28331.496	43.21816666666668	46.121	45.77283333333333	43.155959	46.094678	45.751271	96.92429	2630220.0	43.837	1920	1080	60.0	8	97bde8453863c0cba1a08ef8c5ac560e	28bb569a3fa1a4104cb546af1198cc37	1920	1080	9229.0	3.0	13032.0	6166.0	False
Netflix_Aerial_1920x1080_60fps_8	Netflix_Aerial_1920x1080_60fps_8	svtav1	svtav1_20190924_ef00d20	60	32	12990960.0	12990.96	41.27466666666668	44.85733333333334	44.717666666666666	41.210737	44.848161	44.71235	94.807838	3156167.0	52.602783333333335	1920	1080	60.0	8	be65dec2b3ac83d6264f4b48c73dceba	1b2d4b3e24ff7d7d31354d59ec0ee4a1	1920	1080	9810.0	14.0	21720.0	9388.0	False
Netflix_Aerial_1920x1080_60fps_8	Netflix_Aerial_1920x1080_60fps_8	svtav1	svtav1_20190924_ef00d20	60	43	6243088.0	6243.088	38.87	43.2785	43.58666666666668	38.791057	43.271226	43.583426	91.535566	2360498.0	39.341633333333334	1920	1080	60.0	8	b478d4c2dc8063880f835b5f7983cfc2	a155031ad1fbfa65e58b52e036e38d1c	1920	1080	9783.0	3.0	9291.0	6368.0	False
Netflix_Aerial_1920x1080_60fps_8	Netflix_Aerial_1920x1080_60fps_8	svtav1	svtav1_20190924_ef00d20	60	55	2932168.0	2932.168	36.05783333333333	41.52499999999998	42.413666666666686	35.997719	41.519862	42.40797	85.612862	1895498.0	31.591633333333334	1920	1080	60.0	8	0fd15bf5fb219e3c3682dc7b7ce23180	a4881c5678303246eb0038a580422faf	1920	1080	9877.0	14.0	10134.0	8986.0	False
Netflix_Aerial_1920x1080_60fps_8	Netflix_Aerial_1920x1080_60fps_8	svtav1	svtav1_20190924_ef00d20	60	63	998808.0	998.8079999999999	32.25066666666665	39.30283333333333	40.997833333333325	32.23681	39.290272	40.985652	70.630749	1202115.0	20.03525	1920	1080	60.0	8	69d72601c047ab7f556a44a58d836f39	55911adcdb8731beb175ae9972c288f6	1920	1080	9689.0	5.0	8005.0	6819.0	False
ducks_take_off_1080p50_60f	ducks_take_off_1080p50_60f	svtav1	svtav1_20190924_ef00d20	60	20	120442126.0	120442.126	39.1025	39.52116666666667	41.580499999999994	39.017276	39.448155	41.532007	98.794379	4738390.0	78.97316666666667	1920	1080	50.0	8	9083c525e8be1fd76db257f115611a6f	d81a5ea240981851986b33b9796c3645	1920	1080	13669.0	14.0	26618.0	6342.0	False
ducks_take_off_1080p50_60f	ducks_take_off_1080p50_60f	svtav1	svtav1_20190924_ef00d20	60	32	35807946.0	35807.946	35.3555	37.09283333333334	40.01016666666667	35.294482	37.054463000000005	39.993395	93.94553	3229824.0	53.8304	1920	1080	50.0	8	132e6b3d8368f6656960ad1858070801	3510ab775c9cba5c4f03ca107106492d	1920	1080	11569.0	3.0	22045.0	6458.0	False
ducks_take_off_1080p50_60f	ducks_take_off_1080p50_60f	svtav1	svtav1_20190924_ef00d20	60	43	11651946.0	11651.946	33.19516666666667	35.31316666666668	38.64050000000001	33.165865	35.27549	38.629662	85.109874	3525311.0	58.755183333333335	1920	1080	50.0	8	a1bbb290a8d6f6679c10ce6363096a9f	72d19eb02ded02452e8f9c4ef9db0776	1920	1080	11763.0	9.0	16524.0	6796.0	False
ducks_take_off_1080p50_60f	ducks_take_off_1080p50_60f	svtav1	svtav1_20190924_ef00d20	60	55	4546746.0	4546.746	30.91133333333334	33.61466666666667	37.45766666666667	30.863007	33.569275	37.450537000000004	69.85279800000002	1638439.0	27.307316666666665	1920	1080	50.0	8	61cf7b47c7325d0db06dcfa8d0e0b005	ff10108594467d4edcaba22da593bbc2	1920	1080	11263.0	3.0	13089.0	6483.0	False
ducks_take_off_1080p50_60f	ducks_take_off_1080p50_60f	svtav1	svtav1_20190924_ef00d20	60	63	1711286.0	1711.286	28.231833333333345	31.825333333333326	36.32533333333333	28.145226	31.779728	36.32084	47.901217	2672817.0	44.54695	1920	1080	50.0	8	fb39813608517315f78d1e2341eb2f91	36adb47ef7c2d816828c01f944d9b5cd	1920	1080	11345.0	2.0	13228.0	6693.0	False
touchdown_pass_1080p_60f	touchdown_pass_1080p_60f	svtav1	svtav1_20190924_ef00d20	60	20	25051255.0	25051.255	41.164666666666655	48.36050000000001	48.50333333333333	41.02306	48.336936	48.480235	96.51647	4535316.0	75.5886	1920	1080	29.97	8	06583cfa9d709ce20437b7bd6a9a643b	cc031db1b5f685e5c5cb4975b9018c74	1920	1080	9211.0	6.0	35265.0	7392.0	False
touchdown_pass_1080p_60f	touchdown_pass_1080p_60f	svtav1	svtav1_20190924_ef00d20	60	32	6350329.0	6350.329	38.93100000000001	47.56433333333334	47.68450000000002	38.881545	47.555913	47.675121	94.21658899999998	2822289.0	47.03815	1920	1080	29.97	8	32e5b70b453b3896578e6ef3db3d0f1f	fc286320355fa89e956278ac3e1286cd	1920	1080	14608.0	13.0	12554.0	6289.0	False
touchdown_pass_1080p_60f	touchdown_pass_1080p_60f	svtav1	svtav1_20190924_ef00d20	60	43	2371282.0	2371.282	37.5675	46.67216666666666	46.72466666666665	37.538743	46.666935	46.717866	91.281134	3311916.0	55.1986	1920	1080	29.97	8	a8d15315897bf16bef57c85ec8a5e450	418beb07cff28f72020087dcd797b9ed	1920	1080	9422.0	3.0	9585.0	6351.0	False
touchdown_pass_1080p_60f	touchdown_pass_1080p_60f	svtav1	svtav1_20190924_ef00d20	60	55	1171211.0	1171.211	35.91933333333332	45.57816666666667	45.54750000000003	35.881205	45.572455	45.538773	85.440734	1170239.0	19.503983333333334	1920	1080	29.97	8	46e1adc937326ec4bccbb49ba2a97feb	71434a6934c46aca32cbad9f690092e8	1920	1080	8843.0	3.0	7919.0	6416.0	False
touchdown_pass_1080p_60f	touchdown_pass_1080p_60f	svtav1	svtav1_20190924_ef00d20	60	63	458880.0	458.88	32.98316666666666	43.8195	43.84049999999999	32.938977	43.813798	43.829965	68.365253	1478217.0	24.63695	1920	1080	29.97	8	0851257e10ea1957fb7c0bcc2a2ed204	ba78d19567b8a469bb096eaaebf64f1b	1920	1080	11277.0	10.0	6542.0	9187.0	False
vidyo1_720p_60fps_60f	vidyo1_720p_60fps_60f	svtav1	svtav1_20190924_ef00d20	60	20	4826152.0	4826.152	45.78483333333334	48.279	49.618166666666674	45.755755	48.2648	49.61142400000001	96.646673	1559790.0	25.9965	1280	720	60.0	8	bb6fca3db8ec3651ecf5710b350dffe4	59654e9780376eb53d384677cda060f9	1280	720	3940.0	3.0	3007.0	3278.0	False
vidyo1_720p_60fps_60f	vidyo1_720p_60fps_60f	svtav1	svtav1_20190924_ef00d20	60	32	1841560.0	1841.56	44.24166666666667	47.769833333333324	49.02516666666668	44.222609	47.762775	49.020314	95.413947	2135037.0	35.58395	1280	720	60.0	8	e724ce49d51e19d5e808a0cffdc4bb60	e7bf646de05de38edcc1e69a0f068522	1280	720	3898.0	5.0	2176.0	2588.0	False
vidyo1_720p_60fps_60f	vidyo1_720p_60fps_60f	svtav1	svtav1_20190924_ef00d20	60	43	835664.0	835.664	42.80766666666668	47.168833333333325	48.22183333333335	42.79730200000001	47.165518	48.219739	93.566335	885312.0	14.7552	1280	720	60.0	8	eb1387a62a32baffadb9f63cfede6a3b	4958fc1aaea36ed70761ac5336079bcb	1280	720	3634.0	2.0	1901.0	3075.0	False
vidyo1_720p_60fps_60f	vidyo1_720p_60fps_60f	svtav1	svtav1_20190924_ef00d20	60	55	435464.0	435.464	40.89416666666668	46.05833333333335	46.78133333333333	40.878064	46.056013	46.779106	89.81683	1212383.0	20.206383333333335	1280	720	60.0	8	be865781a856819a67de13edb569ed04	7d185d75d3d8c3d03671df11d5763ce9	1280	720	4402.0	8.0	3161.0	2610.0	False
vidyo1_720p_60fps_60f	vidyo1_720p_60fps_60f	svtav1	svtav1_20190924_ef00d20	60	63	205656.0	205.656	37.56466666666667	43.83683333333332	44.09083333333332	37.555618	43.836045	44.089648	79.628225	727850.0	12.130833333333333	1280	720	60.0	8	67814aa5d864147dbf9a30d673bd5223	1cb1ec4545101787919634a21b1773b9	1280	720	3799.0	3.0	1521.0	2502.0	False
Netflix_FoodMarket_1920x1080_60f	Netflix_FoodMarket_1920x1080_60f	svtav1	svtav1_20190924_ef00d20	60	20	33012392.0	33012.392	41.40016666666667	45.198499999999974	45.89516666666666	41.34075500000001	45.174181	45.880109	99.31574	3122653.0	52.044216666666664	1920	1080	60.0	8	fafb1fa770f2f4fde891aa4c80ad1229	a4aceff8d9e9f076a1fd2390d4437f52	1920	1080	8284.0	3.0	17329.0	6438.0	False
Netflix_FoodMarket_1920x1080_60f	Netflix_FoodMarket_1920x1080_60f	svtav1	svtav1_20190924_ef00d20	60	32	9846864.0	9846.864	40.0295	44.433166666666665	45.297833333333344	40.00658	44.424867	45.294409	96.542162	3371512.0	56.19186666666667	1920	1080	60.0	8	dc092b1daebf527db7b1bb1c438e1fcd	b56dfc94a8ba57f2b92a2f15c30447a8	1920	1080	8614.0	6.0	20537.0	7345.0	False
Netflix_FoodMarket_1920x1080_60f	Netflix_FoodMarket_1920x1080_60f	svtav1	svtav1_20190924_ef00d20	60	43	4509864.0	4509.864	38.84883333333333	43.616666666666674	44.62233333333333	38.824498999999996	43.608507	44.620276	92.55637700000001	2692601.0	44.87668333333333	1920	1080	60.0	8	806ba01732f7fcf75283454aed128b55	0d400a4f8ce249e1e4ccf9c41f73d82a	1920	1080	8535.0	3.0	14167.0	7742.0	False
Netflix_FoodMarket_1920x1080_60f	Netflix_FoodMarket_1920x1080_60f	svtav1	svtav1_20190924_ef00d20	60	55	2231640.0	2231.64	37.16583333333333	42.606166666666674	43.687166666666684	37.122406	42.594664	43.681432	84.452165	1135312.0	18.921866666666666	1920	1080	60.0	8	c2bfe51fe1d4d1d6e6b5989141890ddc	dadbf88580295bea4814cdad058874b8	1920	1080	8766.0	4.0	8432.0	6236.0	False
Netflix_FoodMarket_1920x1080_60f	Netflix_FoodMarket_1920x1080_60f	svtav1	svtav1_20190924_ef00d20	60	63	950448.0	950.448	34.6385	41.010166666666684	42.04833333333332	34.594426	40.998325	42.029496	68.136955	1442805.0	24.04675	1920	1080	60.0	8	92e9c56c44ff2e912eea31424f1a7248	2d1bd76e33dfe7eb822e98ebf0b23a8d	1920	1080	12209.0	18.0	13145.0	10171.0	False
rush_hour_1080p25_60f	rush_hour_1080p25_60f	svtav1	svtav1_20190924_ef00d20	60	20	8247590.0	8247.59	43.23883333333334	47.194499999999984	49.24633333333331	43.213703	47.176406	49.229783	97.273428	2504666.0	41.74443333333333	1920	1080	25.0	8	f758e3e837e58cca0730e49df3969442	93805f8b1988b7e8af10e2cd649a0cb3	1920	1080	8035.0	8.0	15926.0	6641.0	False
rush_hour_1080p25_60f	rush_hour_1080p25_60f	svtav1	svtav1_20190924_ef00d20	60	32	3330883.0	3330.883	42.35383333333334	46.42250000000001	48.2748333333333	42.345286	46.416857	48.265826	93.973492	2900819.0	48.346983333333334	1920	1080	25.0	8	047c51723dcbccf9f09b518fb034aeb0	0dc5dfd45ce7568e3259ee36aa23241c	1920	1080	7854.0	3.0	15099.0	7643.0	False
rush_hour_1080p25_60f	rush_hour_1080p25_60f	svtav1	svtav1_20190924_ef00d20	60	43	1571306.0	1571.306	41.12016666666669	45.49216666666667	47.02499999999998	41.096193	45.486832	47.013344	87.578335	3221789.0	53.69648333333333	1920	1080	25.0	8	bf8a7e3aec798ade29b6fc4535632a37	dd683dc297b9153b57702f9df8504794	1920	1080	7864.0	4.0	12133.0	6735.0	False
rush_hour_1080p25_60f	rush_hour_1080p25_60f	svtav1	svtav1_20190924_ef00d20	60	55	747383.0	747.383	39.316500000000005	44.35133333333332	45.542	39.256545	44.342792	45.523025	77.149983	1039936.0	17.332266666666666	1920	1080	25.0	8	29eaa4cbb4b4455f5ce526d97faaae24	3df59988f76c6e709406be79922e4a60	1920	1080	7134.0	9.0	8728.0	8825.0	False
rush_hour_1080p25_60f	rush_hour_1080p25_60f	svtav1	svtav1_20190924_ef00d20	60	63	317710.0	317.71	36.73116666666666	42.52066666666668	43.31416666666668	36.613906	42.514975	43.2911	61.945058	894892.0	14.914866666666667	1920	1080	25.0	8	ccd56a492c46b3ba7b6b1c62c2b10bb9	92f933af7ef28639207c3a78f2aa8bfe	1920	1080	7276.0	3.0	6375.0	6116.0	False
wikipedia_420	wikipedia_420	svtav1	svtav1_20190924_ef00d20	60	20	1742852.0	1742.852	55.80583333333335	53.246833333333356	54.16366666666665	55.78817	53.072803	54.104613	99.838441	1319918.0	21.998633333333334	1920	1080	30.0	8	922b4607d961b384fedbda044ba9ebd0	ea3cd3faa27dbacca0df4327d7f796dc	1920	1080	7918.0	7.0	1730.0	6026.0	False
wikipedia_420	wikipedia_420	svtav1	svtav1_20190924_ef00d20	60	32	939764.0	939.764	51.17899999999998	50.88183333333333	52.087666666666685	51.169458	50.63672	52.025993	99.82438500000002	1021981.0	17.033016666666665	1920	1080	30.0	8	0ca43ad049bceef6c16600998d1e18d5	05ca42c0c64b5fcf02355e2e5500573b	1920	1080	6171.0	4.0	1202.0	7937.0	False
wikipedia_420	wikipedia_420	svtav1	svtav1_20190924_ef00d20	60	43	633212.0	633.212	48.716	48.95466666666667	50.34933333333333	48.698752	48.791663	50.302497	99.797876	962606.0	16.043433333333333	1920	1080	30.0	8	b1f9de94d1ef9274b44acdfcf69afe54	7bd65b7596eb1da4638ea58193bc82e6	1920	1080	5902.0	2.0	1581.0	5896.0	False
wikipedia_420	wikipedia_420	svtav1	svtav1_20190924_ef00d20	60	55	461052.0	461.052	45.23616666666667	46.57449999999999	48.002166666666646	45.21536	46.510103	47.981123	99.687035	925161.0	15.41935	1920	1080	30.0	8	14aa09cb09cdcb5b535a454e6a07dc55	74ed87bf33750f32e2b0ac2d45ff9a84	1920	1080	5894.0	4.0	1633.0	5773.0	False
wikipedia_420	wikipedia_420	svtav1	svtav1_20190924_ef00d20	60	63	313604.0	313.604	38.58916666666666	43.25233333333333	44.47966666666667	38.53388499999999	43.189062	44.446295	98.892171	1287219.0	21.45365	1920	1080	30.0	8	56f34499fcdfb7f503a5e9de0eaef99f	74e3c479c7af2b3bacac08865ff73e4b	1920	1080	7027.0	8.0	1650.0	5676.0	False
MINECRAFT_60f_420	MINECRAFT_60f_420	svtav1	svtav1_20190924_ef00d20	60	20	88245784.0	88245.784	43.546833333333325	46.33683333333333	46.82150000000001	43.358757	46.179501	46.696806	99.950986	3487339.0	58.12231666666667	1920	1080	60.0	8	958bec24fd95d3322617546cffe33aca	871c7e3683396e45108fcadfa3b37be5	1920	1080	9952.0	2.0	18702.0	5949.0	False
MINECRAFT_60f_420	MINECRAFT_60f_420	svtav1	svtav1_20190924_ef00d20	60	32	52706280.0	52706.28	39.26666666666667	44.48083333333333	44.80366666666667	39.011261	44.36006	44.711867	99.915449	2567501.0	42.79168333333333	1920	1080	60.0	8	d8a65f8b0dc867e71f4b2846319609f8	cb005b53a0aca9a20b8e48fa5b433d97	1920	1080	10209.0	10.0	24288.0	7954.0	False
MINECRAFT_60f_420	MINECRAFT_60f_420	svtav1	svtav1_20190924_ef00d20	60	43	24401216.0	24401.216	34.896166666666666	42.723833333333324	42.796000000000014	34.628834	42.642619	42.729606	96.632626	1917636.0	31.9606	1920	1080	60.0	8	ac255cb1c4d0b91c4fdb3ff5a8ce773f	31b1e2093664ffd95e95a33a4f362902	1920	1080	10209.0	4.0	12937.0	7070.0	False
MINECRAFT_60f_420	MINECRAFT_60f_420	svtav1	svtav1_20190924_ef00d20	60	55	9884944.0	9884.944	31.67899999999999	40.85666666666667	40.82500000000002	31.494213	40.807969	40.77974	84.42757	1451739.0	24.19565	1920	1080	60.0	8	79a24626ab8e66a0888081d770252ebb	860bdd64874e7ff5fad07a8f7300a954	1920	1080	9872.0	3.0	9557.0	6114.0	False
MINECRAFT_60f_420	MINECRAFT_60f_420	svtav1	svtav1_20190924_ef00d20	60	63	3361952.0	3361.952	28.771833333333344	38.349999999999994	38.587500000000006	28.652935	38.332388	38.567559	62.147228	1943589.0	32.39315	1920	1080	60.0	8	d68adebd7e083acdf2cd0944adb710ba	58a598dcd3eec4dbcd3f0aaec0774d8a	1920	1080	12103.0	4.0	8087.0	7391.0	False
kirland360p_60f	kirland360p_60f	svtav1	svtav1_20190924_ef00d20	60	20	344068.0	344.068	47.55350000000001	48.56333333333332	49.84583333333333	47.47300400000001	48.53403	49.816883	96.056367	356202.0	5.9367	640	360	30.0	8	d94a5ff4924c7bb125881d2a1712caa5	4a240073c7483df5239276073de3d72d	640	360	1536.0	18.0	1164.0	893.0	False
kirland360p_60f	kirland360p_60f	svtav1	svtav1_20190924_ef00d20	60	32	154412.0	154.412	46.215	48.06416666666666	49.02216666666666	46.08823300000001	48.042267	48.999624	94.923835	137058.0	2.2843	640	360	30.0	8	8152dabdfe240e865e745b746bc28b67	52c4e6b30acb5e6bb1407a69b3dfc2e9	640	360	1014.0	2.0	419.0	484.0	False
kirland360p_60f	kirland360p_60f	svtav1	svtav1_20190924_ef00d20	60	43	84256.0	84.256	44.49783333333333	47.38083333333332	47.87866666666668	44.308634	47.352623	47.81571999999999	92.525993	95683.0	1.5947166666666666	640	360	30.0	8	cdd4acc18346cbe944c7583502afc653	8087f4666bd4a9292a64bcded18e9669	640	360	942.0	3.0	450.0	518.0	False
kirland360p_60f	kirland360p_60f	svtav1	svtav1_20190924_ef00d20	60	55	49108.0	49.108	42.19566666666669	46.49466666666665	46.426333333333325	41.940035	46.442852	46.278238	87.988825	89133.0	1.48555	640	360	30.0	8	ce69afe4c52ac60ec294ceb16b63dbd6	e1d9543f635d13009b55d40ecb4ad4d4	640	360	993.0	2.0	367.0	606.0	False
kirland360p_60f	kirland360p_60f	svtav1	svtav1_20190924_ef00d20	60	63	28796.0	28.796	39.16983333333333	45.204666666666675	44.85649999999998	38.853419	45.069853	44.581916	78.342867	215354.0	3.5892333333333335	640	360	30.0	8	0f92cf329b8ab9ce4eb4da7f0ce07718	07ca598468b3339bccdb5159f67afb88	640	360	1573.0	3.0	312.0	1148.0	False
Starting_1920x1080p_50_10b_pq_70	Starting_1920x1080p_50_10b_pq_70	svtav1	svtav1_20190924_ef00d20	60	20	10202513.0	10202.513	47.073666666666654	50.05966666666666	51.886	46.916346	49.988911	51.829994000000006	96.419648	812627.0	13.543783333333334	1920	1080	50.0	10	2a6f543a9d2adbd23baab7c560cbc2b0	109ca9df597ac6f1c5faf0ea15d5d8ee	1920	1080	11626.0	3.0	7806.0	8419.0	False
Starting_1920x1080p_50_10b_pq_70	Starting_1920x1080p_50_10b_pq_70	svtav1	svtav1_20190924_ef00d20	60	32	4056600.0	4056.6	45.65966666666666	48.84000000000001	50.25066666666665	45.597373	48.815086	50.221348	95.521805	575488.0	9.591466666666667	1920	1080	50.0	10	c589ccf55146bd00874c72b5e944b92b	0f0249dacdfdea6b5fb8030db50942ee	1920	1080	11240.0	4.0	6765.0	6023.0	False
Starting_1920x1080p_50_10b_pq_70	Starting_1920x1080p_50_10b_pq_70	svtav1	svtav1_20190924_ef00d20	60	43	1842540.0	1842.54	43.91683333333334	47.505333333333326	48.44533333333331	43.877086	47.496558	48.436867	93.688445	450323.0	7.5053833333333335	1920	1080	50.0	10	9e2b7905c13655eeb19620aa09480f02	2e894d2d5bf6bed3e875a30f8f5da623	1920	1080	10867.0	15.0	5640.0	5776.0	False
Starting_1920x1080p_50_10b_pq_70	Starting_1920x1080p_50_10b_pq_70	svtav1	svtav1_20190924_ef00d20	60	55	899380.0	899.38	41.34933333333335	45.70583333333336	46.13883333333333	41.326009	45.705341	46.138174	89.735253	348221.0	5.803683333333334	1920	1080	50.0	10	fc8559ddf7bea9e6fcb59d71e2050408	05e132eaf9a0c7e85052d0ea40713af1	1920	1080	11594.0	4.0	6065.0	8230.0	False
Starting_1920x1080p_50_10b_pq_70	Starting_1920x1080p_50_10b_pq_70	svtav1	svtav1_20190924_ef00d20	60	63	342073.0	342.073	36.43400000000001	43.03383333333333	43.24066666666668	36.432722	43.03397499999999	43.240408	74.903715	365841.0	6.09735	1920	1080	50.0	10	7c2f37018806fc6a36815b9a90d94ead	f3ede1a4c69a2abf6cafd1fb838a1d93	1920	1080	11911.0	12.0	10144.0	9232.0	False
red_kayak_360p_60f	red_kayak_360p_60f	svtav1	svtav1_20190924_ef00d20	60	20	9351002.0	9351.002	41.28183333333335	44.82183333333333	49.36066666666667	41.168009	44.766661	49.343287	99.904978	1079156.0	17.98593333333333	640	360	29.97	8	7a5108bacc0d7e3ed505aa84712d3b9b	90644f2977e086cbb3a44382851bf7d6	640	360	1888.0	13.0	2812.0	663.0	False
red_kayak_360p_60f	red_kayak_360p_60f	svtav1	svtav1_20190924_ef00d20	60	32	5511798.0	5511.798	36.75766666666665	42.42116666666666	48.053666666666665	36.57769	42.358917	48.033187	99.813077	376567.0	6.276116666666667	640	360	29.97	8	7850617525ad58ab0987cb277b76400e	eb98b8203548fa8f8119bf5c9ca80da5	640	360	1608.0	2.0	2520.0	720.0	False
red_kayak_360p_60f	red_kayak_360p_60f	svtav1	svtav1_20190924_ef00d20	60	43	2534033.0	2534.033	32.1135	40.135666666666665	46.86483333333333	31.927694	40.075223	46.833286	86.940539	1099845.0	18.33075	640	360	29.97	8	8b8ccec2a483845988fcf1d91163b06e	59a18c507b919eef6e5dd4f5694ea1bb	640	360	2270.0	3.0	2154.0	599.0	False
red_kayak_360p_60f	red_kayak_360p_60f	svtav1	svtav1_20190924_ef00d20	60	55	877623.0	877.623	28.391666666666662	38.189	45.32933333333336	28.237153	38.139199	45.270453	61.903026	386351.0	6.439183333333333	640	360	29.97	8	dd57c2c6913f3f39908e729e9203ce1b	1f623733cfaa90f7464bd4ab3a48f8ef	640	360	1728.0	14.0	2679.0	768.0	False
red_kayak_360p_60f	red_kayak_360p_60f	svtav1	svtav1_20190924_ef00d20	60	63	213375.0	213.375	25.760333333333328	36.46066666666666	43.95433333333333	25.644721	36.400767	43.753497	26.541457	351001.0	5.850016666666667	640	360	29.97	8	26c3a82802451179bc367e54e0078c77	0de0743fd3e009ac63ec5747aa8a51e7	640	360	1556.0	2.0	1740.0	609.0	False
aspen_1080p_60f	aspen_1080p_60f	svtav1	svtav1_20190924_ef00d20	60	20	10840386.0	10840.386	44.32299999999999	48.34183333333333	49.575999999999986	44.270673	48.327369	49.567076	98.185968	3620684.0	60.34473333333333	1920	1080	29.97	8	776fd02047f14353ccb8244505761db3	33a0ba2a4580f62c2644c637a4c5a418	1920	1080	6853.0	4.0	15466.0	6469.0	False
aspen_1080p_60f	aspen_1080p_60f	svtav1	svtav1_20190924_ef00d20	60	32	3479895.0	3479.895	42.45000000000001	47.43016666666666	48.649833333333326	42.41147	47.425249	48.645748	94.647498	2583909.0	43.06515	1920	1080	29.97	8	a1fd932105ccf1fcfbc62f726820f29e	9e208a7e6704043e764d48ca7a4d1cb0	1920	1080	8110.0	13.0	10643.0	5943.0	False
aspen_1080p_60f	aspen_1080p_60f	svtav1	svtav1_20190924_ef00d20	60	43	1441910.0	1441.91	41.10616666666667	46.34516666666666	47.52183333333331	41.070241	46.338109	47.514468	90.093047	1377780.0	22.963	1920	1080	29.97	8	c378471fb7c385d5af000862f53dd188	5fb8daf18dd6af475bc218d41a99ad8c	1920	1080	6656.0	3.0	8446.0	5762.0	False
aspen_1080p_60f	aspen_1080p_60f	svtav1	svtav1_20190924_ef00d20	60	55	655489.0	655.489	39.349	44.733999999999995	45.75916666666667	39.30013900000001	44.722188	45.751374000000006	82.383907	1634139.0	27.23565	1920	1080	29.97	8	1649ff15654a55ff7156dd8cd1a06f4c	7dd7d29874842f38dec6de48a9b175f0	1920	1080	6755.0	4.0	7692.0	6843.0	False
aspen_1080p_60f	aspen_1080p_60f	svtav1	svtav1_20190924_ef00d20	60	63	282418.0	282.418	36.50666666666667	42.26083333333331	43.01683333333331	36.447105	42.247903	43.011337	66.624472	1234770.0	20.5795	1920	1080	29.97	8	d7cecd200f9dcdb9b862c1dd435a4ca1	e898c03c01a92fc0bc0b499b59d21d62	1920	1080	7407.0	3.0	10412.0	6846.0	False
blue_sky_360p_60f	blue_sky_360p_60f	svtav1	svtav1_20190924_ef00d20	60	20	1450830.0	1450.8299999999997	44.55466666666666	45.90216666666666	47.603833333333334	44.453758	45.824787	47.551781	99.945266	318827.0	5.313783333333333	640	360	25.0	8	94e31152920504e1098507bbc6273b40	d23b6564eb0999c4f7177df2dbb845fe	640	360	1350.0	4.0	1532.0	506.0	False
blue_sky_360p_60f	blue_sky_360p_60f	svtav1	svtav1_20190924_ef00d20	60	32	736643.0	736.643	41.65966666666667	43.69183333333332	45.32349999999998	41.52586800000001	43.639333	45.286332	99.930506	327586.0	5.459766666666667	640	360	25.0	8	260eda94c3ec53f1d0725066c8e6fda2	adcaf69de59f11d9f806256902987486	640	360	1696.0	8.0	2410.0	649.0	False
blue_sky_360p_60f	blue_sky_360p_60f	svtav1	svtav1_20190924_ef00d20	60	43	381046.0	381.046	38.726833333333325	40.99766666666667	42.6335	38.588462	40.949056	42.60647000000001	99.543316	233123.0	3.8853833333333334	640	360	25.0	8	6a636a37b9dd9f5a52f27f3a8b1912c0	2da4bfd8bd37c2ebe0b7e65082b5169b	640	360	1522.0	7.0	1167.0	546.0	False
blue_sky_360p_60f	blue_sky_360p_60f	svtav1	svtav1_20190924_ef00d20	60	55	200560.0	200.56	35.64183333333334	38.034000000000006	39.910666666666664	35.515317	38.003971	39.897799	94.667702	183563.0	3.0593833333333333	640	360	25.0	8	ae5dfe228bcb4cabf7a2c8643c500a19	0376c6eb714a8e9e5d5609717c29d204	640	360	1625.0	18.0	2168.0	803.0	False
blue_sky_360p_60f	blue_sky_360p_60f	svtav1	svtav1_20190924_ef00d20	60	63	98293.0	98.29299999999999	31.828000000000007	35.01066666666668	37.799333333333344	31.758783	35.005281	37.79451099999999	83.656297	105536.0	1.7589333333333332	640	360	25.0	8	d89556d71c471b63e20710a5647a337d	0586f8b0d8386e38c499145025208ffd	640	360	1518.0	2.0	931.0	529.0	False
Netflix_Crosswalk_1920x1080_60fp	Netflix_Crosswalk_1920x1080_60fp	svtav1	svtav1_20190924_ef00d20	60	20	10719264.0	10719.264	45.826333333333345	48.57366666666667	50.42483333333334	45.808825	48.559733	50.403609	99.388953	2545350.0	42.4225	1920	1080	60.0	8	62abfd6a6d683f200362adb33a63ad6b	f40342d069aa052203698c6ec7901a9d	1920	1080	6503.0	2.0	13767.0	6637.0	False
Netflix_Crosswalk_1920x1080_60fp	Netflix_Crosswalk_1920x1080_60fp	svtav1	svtav1_20190924_ef00d20	60	32	5294616.0	5294.616	44.74683333333334	47.961333333333336	49.79133333333334	44.713097	47.951189	49.775361	96.841847	1967363.0	32.78938333333333	1920	1080	60.0	8	9e52419c26dbb1258e724a8cf3fe55cb	99a642279e6e1443742009c3e636505b	1920	1080	6805.0	4.0	23088.0	7368.0	False
Netflix_Crosswalk_1920x1080_60fp	Netflix_Crosswalk_1920x1080_60fp	svtav1	svtav1_20190924_ef00d20	60	43	2652224.0	2652.224	43.15099999999999	47.052499999999995	48.81133333333332	43.075074	47.040824	48.796945	91.681154	1333293.0	22.22155	1920	1080	60.0	8	9d623a7d05380698c5f8eabd56c0a37a	a2a0463abdae67a8a0d1bc01fecad1a6	1920	1080	6614.0	4.0	11327.0	6868.0	False
Netflix_Crosswalk_1920x1080_60fp	Netflix_Crosswalk_1920x1080_60fp	svtav1	svtav1_20190924_ef00d20	60	55	1358864.0	1358.864	41.01500000000001	45.817833333333326	47.50666666666666	40.875252	45.797949	47.486725	82.336055	1501952.0	25.032533333333333	1920	1080	60.0	8	0b8106c29ab69006b0e0daab3b9047b1	c425f40129396893b4be67cf2215f0b4	1920	1080	6876.0	7.0	14572.0	9900.0	False
Netflix_Crosswalk_1920x1080_60fp	Netflix_Crosswalk_1920x1080_60fp	svtav1	svtav1_20190924_ef00d20	60	63	636360.0	636.36	38.12383333333334	44.06083333333334	45.662166666666664	37.958511	44.03873	45.640232	66.036523	592700.0	9.878333333333334	1920	1080	60.0	8	75ab405decc5cf4615b4e5bae17bef00	947c8662ff022c04335228fbe9c4ae97	1920	1080	6643.0	3.0	8166.0	8093.0	False
Netflix_TunnelFlag_1920x1080_60f	Netflix_TunnelFlag_1920x1080_60f	svtav1	svtav1_20190924_ef00d20	60	20	33957840.0	33957.84	43.17250000000001	47.51916666666666	48.96833333333334	43.1262	47.497539	48.955833	99.920449	2613394.0	43.55656666666667	1920	1080	60.0	8	a7c8cb6275db3642a22f706670e621b1	a668b15c65f692b8cfe826baaf4ed4dd	1920	1080	8845.0	3.0	15825.0	6102.0	False
Netflix_TunnelFlag_1920x1080_60f	Netflix_TunnelFlag_1920x1080_60f	svtav1	svtav1_20190924_ef00d20	60	32	17278424.0	17278.424	41.050999999999995	46.31466666666666	47.98466666666666	40.992302	46.299841	47.97467100000001	99.914414	4199466.0	69.9911	1920	1080	60.0	8	76a3fa947809a8cd755fe984a5469498	504817b83ef68c903535eaa8c2eb04c8	1920	1080	13415.0	9.0	15081.0	6478.0	False
Netflix_TunnelFlag_1920x1080_60f	Netflix_TunnelFlag_1920x1080_60f	svtav1	svtav1_20190924_ef00d20	60	43	8877536.0	8877.536	38.692999999999984	44.655833333333355	46.542	38.614126000000006	44.643045	46.529293	99.899486	1991635.0	33.19391666666667	1920	1080	60.0	8	1d4544006a87aa751d8883805c754e30	22278a644cbad51136bc8d59a077b16e	1920	1080	8989.0	4.0	13185.0	7737.0	False
Netflix_TunnelFlag_1920x1080_60f	Netflix_TunnelFlag_1920x1080_60f	svtav1	svtav1_20190924_ef00d20	60	55	4574016.0	4574.016	36.150833333333324	42.56866666666668	44.84533333333332	36.05343	42.558342	44.837207	99.86252799999998	2158053.0	35.96755	1920	1080	60.0	8	fb50e9e8f24a84f5f0429cfaf152be93	a2f922ab5031cf5555a018e182f680e8	1920	1080	9501.0	14.0	11677.0	7624.0	False
Netflix_TunnelFlag_1920x1080_60f	Netflix_TunnelFlag_1920x1080_60f	svtav1	svtav1_20190924_ef00d20	60	63	2270592.0	2270.592	33.16983333333333	39.705499999999994	41.72933333333333	33.091472	39.702016	41.723891	98.582828	1564904.0	26.081733333333332	1920	1080	60.0	8	6ab63a13ef208a4c9b0007ed37b36eea	dc8c87b860a65dbdeb882d74c7b6cbbb	1920	1080	8866.0	3.0	14878.0	6463.0	False
Netflix_SquareAndTimelapse_1920x	Netflix_SquareAndTimelapse_1920x	svtav1	svtav1_20190924_ef00d20	60	20	23916512.0	23916.512	45.03600000000001	49.43583333333335	48.66416666666667	45.003157	49.426951	48.649909	99.913575	3442786.0	57.37976666666667	1920	1080	60.0	8	b8811d8c3761f0e644b313746f1caedd	c3f54c8169ce36c4478b197f99f0371b	1920	1080	9870.0	4.0	12354.0	6334.0	False
Netflix_SquareAndTimelapse_1920x	Netflix_SquareAndTimelapse_1920x	svtav1	svtav1_20190924_ef00d20	60	32	13454256.0	13454.256	42.71699999999999	47.836666666666666	46.85266666666666	42.672467	47.827125	46.837321	99.903941	1714865.0	28.581083333333332	1920	1080	60.0	8	9a374bc49a1d41f5af9d29539ae5c555	3c54636ac27edd4d1df87dace7c9c07b	1920	1080	8954.0	4.0	11623.0	6740.0	False
Netflix_SquareAndTimelapse_1920x	Netflix_SquareAndTimelapse_1920x	svtav1	svtav1_20190924_ef00d20	60	43	7446072.0	7446.072	39.936666666666675	45.833	44.609500000000004	39.87521	45.82139300000001	44.591973	99.261251	1805703.0	30.09505	1920	1080	60.0	8	914ad1f4e5622e033bc5b669020f8cc7	572f18a09ba72e5b7857847fe3eab68a	1920	1080	9206.0	12.0	10823.0	6567.0	False
Netflix_SquareAndTimelapse_1920x	Netflix_SquareAndTimelapse_1920x	svtav1	svtav1_20190924_ef00d20	60	55	3989120.0	3989.12	36.77333333333332	43.52383333333333	42.202833333333345	36.695197	43.513647	42.184895	92.227115	1377902.0	22.965033333333334	1920	1080	60.0	8	a3dd1375f09ac1cacbe7d4716efa9334	7c4035fac6a0333708d8138cc69efb33	1920	1080	8551.0	4.0	8561.0	6099.0	False
Netflix_SquareAndTimelapse_1920x	Netflix_SquareAndTimelapse_1920x	svtav1	svtav1_20190924_ef00d20	60	63	1857232.0	1857.232	33.04366666666666	40.50366666666666	39.17550000000002	32.98636	40.499038	39.16488	76.416949	915783.0	15.26305	1920	1080	60.0	8	a211641431ca8e72bbf3560a07fcf949	f25da449e5093db001b68dc6eeb1b036	1920	1080	8469.0	3.0	7709.0	6593.0	False
dark720p_60f	dark720p_60f	svtav1	svtav1_20190924_ef00d20	60	20	8606092.0	8606.092	46.63266666666667	44.35299999999999	45.893333333333345	46.420172	44.002114	45.554159	96.479151	2807218.0	46.786966666666665	1280	720	30.0	8	1cffa93a84056b5b30a3137107e86917	69874c50f2d21c8ff56340cc2621fae7	1280	720	3163.0	4.0	8545.0	3039.0	False
dark720p_60f	dark720p_60f	svtav1	svtav1_20190924_ef00d20	60	32	2577192.0	2577.192	43.91966666666665	39.74100000000001	42.36066666666667	43.771307	39.476617	42.190429	93.533023	1103718.0	18.3953	1280	720	30.0	8	e33230b8f5480987183c5040b2c8829a	b4eed2e1fdf23168fbaed49ed5283bd0	1280	720	3367.0	3.0	7437.0	2351.0	False
dark720p_60f	dark720p_60f	svtav1	svtav1_20190924_ef00d20	60	43	626640.0	626.64	42.47099999999999	37.278999999999996	41.12783333333332	42.40329	37.138987	41.058634	90.878803	814822.0	13.580366666666666	1280	720	30.0	8	d3e62a173226bfb8e2393876c2c84647	ce646e145cbd82d4f5082a1b23786ae1	1280	720	3136.0	4.0	4225.0	2472.0	False
dark720p_60f	dark720p_60f	svtav1	svtav1_20190924_ef00d20	60	55	197268.0	197.268	41.224833333333336	36.50050000000001	40.258000000000024	41.194236	36.471774	40.241522	87.561347	623357.0	10.389283333333333	1280	720	30.0	8	a001c2338b544e3a29ffe98fe0ad79eb	2e11ebf0b2930da698882f7af63c628b	1280	720	4663.0	7.0	2730.0	2488.0	False
dark720p_60f	dark720p_60f	svtav1	svtav1_20190924_ef00d20	60	63	73664.0	73.664	38.910499999999985	35.49249999999999	38.87366666666665	38.893211	35.486626	38.861827999999996	78.933858	396902.0	6.615033333333334	1280	720	30.0	8	47f2a841c61af077829737a7ee4390be	c1f1d9c0a63cbb34954692a44bc54308	1280	720	3656.0	5.0	1985.0	2962.0	False
STARCRAFT_60f_420	STARCRAFT_60f_420	svtav1	svtav1_20190924_ef00d20	60	20	8047960.0	8047.96	50.69983333333333	53.72116666666667	53.7155	50.684886	53.712445	53.71030699999999	97.655025	1808969.0	30.149483333333333	1920	1080	60.0	8	b1078fac23378c961f19d0601cc7d616	48af0764626976404cf974c564ab11e7	1920	1080	9226.0	4.0	2221.0	6439.0	False
STARCRAFT_60f_420	STARCRAFT_60f_420	svtav1	svtav1_20190924_ef00d20	60	32	5255376.0	5255.376	48.286166666666674	52.113666666666674	52.211166666666664	48.257198	52.094189	52.201606	97.166205	1396771.0	23.279516666666666	1920	1080	60.0	8	6cc82b493433ee03ff2e620fe598597c	b770cbf58e6d4a428b2644512868bb7f	1920	1080	8548.0	4.0	1890.0	6858.0	False
STARCRAFT_60f_420	STARCRAFT_60f_420	svtav1	svtav1_20190924_ef00d20	60	43	2961304.0	2961.3039999999996	44.641333333333336	49.48966666666667	49.65800000000001	44.611274	49.466966	49.647688	95.886015	977743.0	16.295716666666667	1920	1080	60.0	8	0f0e6c22ba0fddd21d91dacbc93089dc	9831e10840034861582092bea05ff0a7	1920	1080	7625.0	2.0	1984.0	6244.0	False
STARCRAFT_60f_420	STARCRAFT_60f_420	svtav1	svtav1_20190924_ef00d20	60	55	1533616.0	1533.6159999999998	40.58916666666666	46.390833333333326	46.57516666666667	40.56621499999999	46.375799	46.567005	92.734537	977628.0	16.2938	1920	1080	60.0	8	71d2a75ad8d7108644f3fad9db2b3ca2	4881f4196925440db001b6d5a74f993f	1920	1080	8343.0	16.0	3188.0	7377.0	False
STARCRAFT_60f_420	STARCRAFT_60f_420	svtav1	svtav1_20190924_ef00d20	60	63	603944.0	603.944	35.257	42.284499999999994	42.53183333333332	35.251363	42.28059	42.5282	82.22147	507500.0	8.458333333333334	1920	1080	60.0	8	f31e99da701dd8b44502f23b94b1c1f8	6152f0f8b3dc8796e8b457a33c16839c	1920	1080	7970.0	2.0	1535.0	5916.0	False
shields_640x360_60f	shields_640x360_60f	svtav1	svtav1_20190924_ef00d20	60	20	2811560.0	2811.56	42.50716666666666	45.748166666666684	47.42016666666665	42.345103	45.709832	47.349064	99.485836	465411.0	7.75685	640	360	50.0	8	aff4e0f7e8513bf96a3b9742d43f8fab	8583bdb6c76e01418516cdb014a919aa	640	360	1934.0	4.0	1157.0	554.0	False
shields_640x360_60f	shields_640x360_60f	svtav1	svtav1_20190924_ef00d20	60	32	1363426.0	1363.426	40.622499999999995	43.97966666666668	45.55583333333333	40.409387	43.943126	45.453841	99.431237	709053.0	11.81755	640	360	50.0	8	ed6e1f96ba7b9b2137a1335a65a956ed	bf01783a8507e7dc9e74567344a5e264	640	360	1801.0	2.0	1046.0	616.0	False
shields_640x360_60f	shields_640x360_60f	svtav1	svtav1_20190924_ef00d20	60	43	704906.0	704.9060000000001	38.118000000000016	41.37166666666666	43.06733333333332	37.843858	41.291146	42.906387	99.395005	196359.0	3.27265	640	360	50.0	8	5a74838dfbbf935e5b6a5643840fc9c0	65a57ac353917875c9492c4fbc383ef1	640	360	1795.0	3.0	882.0	596.0	False
shields_640x360_60f	shields_640x360_60f	svtav1	svtav1_20190924_ef00d20	60	55	390026.0	390.026	35.29333333333333	38.817333333333345	40.748	34.948477	38.67479	40.519278	97.037178	169434.0	2.8239	640	360	50.0	8	b3060b4c57615a50c48b93d95a7b3a30	86a32979cb06d400684eb39ffbcbfc0a	640	360	1652.0	3.0	727.0	568.0	False
shields_640x360_60f	shields_640x360_60f	svtav1	svtav1_20190924_ef00d20	60	63	183806.0	183.806	31.1825	36.038	37.835666666666654	30.739313	35.812901	37.579082	85.46384199999999	153127.0	2.5521166666666666	640	360	50.0	8	1e0721c321c20988fadde99ec5bc9d35	ef0fc91dfe9313bf93211f6fdc099b26	640	360	2160.0	3.0	593.0	590.0	False
Netflix_RollerCoaster_1280x720_6	Netflix_RollerCoaster_1280x720_6	svtav1	svtav1_20190924_ef00d20	60	20	10111312.0	10111.312	45.23149999999998	47.23583333333333	47.25883333333333	45.19458	47.218849	47.244678	99.906727	1620218.0	27.003633333333333	1280	720	60.0	8	fe5e70afd4cf819d15006956260fc604	6663c942328b4ebe99ba26c6d7495cbd	1280	720	4077.0	5.0	5667.0	2371.0	False
Netflix_RollerCoaster_1280x720_6	Netflix_RollerCoaster_1280x720_6	svtav1	svtav1_20190924_ef00d20	60	32	5053792.0	5053.792	43.06933333333334	45.679	46.01683333333332	43.010118	45.65641	46.006016	99.863797	962269.0	16.037816666666668	1280	720	60.0	8	333879a7c082ac8c53e692de0b895d89	27a95a68f3b0fe761afc132cb0ed652a	1280	720	3957.0	5.0	4928.0	2372.0	False
Netflix_RollerCoaster_1280x720_6	Netflix_RollerCoaster_1280x720_6	svtav1	svtav1_20190924_ef00d20	60	43	2524184.0	2524.184	40.50483333333334	43.61016666666665	44.32133333333332	40.43845	43.583907	44.312254	98.163202	850124.0	14.168733333333334	1280	720	60.0	8	e4de3e6731084981d009a74b330400aa	e7761010a62afeb99fe6f996babed770	1280	720	4001.0	3.0	4293.0	2424.0	False
Netflix_RollerCoaster_1280x720_6	Netflix_RollerCoaster_1280x720_6	svtav1	svtav1_20190924_ef00d20	60	55	1321264.0	1321.264	37.87083333333332	41.41466666666667	42.57766666666666	37.803016	41.385606	42.566471	91.772422	1874233.0	31.237216666666665	1280	720	60.0	8	7d07f1ba9701034524ce3c8c6b487c39	652b033585a17eb5898ddb32852c986a	1280	720	4458.0	4.0	4006.0	2445.0	False
Netflix_RollerCoaster_1280x720_6	Netflix_RollerCoaster_1280x720_6	svtav1	svtav1_20190924_ef00d20	60	63	611912.0	611.912	34.414500000000004	38.55316666666668	40.297833333333344	34.344125	38.526285	40.28923	76.375538	382430.0	6.373833333333334	1280	720	60.0	8	d3d4da9ce47777dc9dff2b32d3035796	c01d8f892ebffbcdc9b57e3e420309f6	1280	720	4064.0	3.0	3107.0	2382.0	False
Netflix_PierSeaside_1920x1080_60	Netflix_PierSeaside_1920x1080_60	svtav1	svtav1_20190924_ef00d20	60	20	10684208.0	10684.208	45.77666666666665	47.696	45.73416666666666	45.739777	47.675559	45.70373200000001	99.892719	2402020.0	40.03366666666667	1920	1080	60.0	8	9536489c79567bd91ea142d3f7d70b33	157ac1278e46265a4cc47f0a42f9b903	1920	1080	8298.0	5.0	14910.0	5488.0	False
Netflix_PierSeaside_1920x1080_60	Netflix_PierSeaside_1920x1080_60	svtav1	svtav1_20190924_ef00d20	60	32	4303736.0	4303.736	44.17100000000001	46.92999999999999	45.10499999999998	44.115258	46.915661	45.088177	99.55415	2815728.0	46.9288	1920	1080	60.0	8	44dcbbdfa933a965a6e8992e83c1fe2e	5b8d19cc70b452ad59ea94361281b86e	1920	1080	7865.0	2.0	7788.0	5697.0	False
Netflix_PierSeaside_1920x1080_60	Netflix_PierSeaside_1920x1080_60	svtav1	svtav1_20190924_ef00d20	60	43	2006976.0	2006.976	42.35	45.88016666666666	44.35883333333333	42.271383	45.866779	44.345499	98.097376	1081142.0	18.019033333333333	1920	1080	60.0	8	6d96e39a0dc139d066cb76c74ae9caaa	d88ecccd5f28ce0b3ea00a8e6ae05e14	1920	1080	9229.0	7.0	6694.0	6415.0	False
Netflix_PierSeaside_1920x1080_60	Netflix_PierSeaside_1920x1080_60	svtav1	svtav1_20190924_ef00d20	60	55	899736.0	899.736	40.010666666666665	44.0045	42.964333333333336	39.941704	43.996469	42.95679	94.101419	1657981.0	27.633016666666666	1920	1080	60.0	8	6f44b00ca839a65934829949361a17b0	2c5646b2cbc519324c0f7aa51c262d68	1920	1080	8276.0	16.0	10737.0	8047.0	False
Netflix_PierSeaside_1920x1080_60	Netflix_PierSeaside_1920x1080_60	svtav1	svtav1_20190924_ef00d20	60	63	347656.0	347.656	36.45399999999999	41.08549999999999	40.56949999999998	36.434079	41.083842	40.567474999999995	82.79095	1114823.0	18.580383333333334	1920	1080	60.0	8	0de1174bbd0358bd530e663ab657072a	5f514c7d8d6eefc1173142f0ef177ebd	1920	1080	7772.0	9.0	13437.0	6912.0	False
ShowGirl2TeaserClip4000_1920x108	ShowGirl2TeaserClip4000_1920x108	svtav1	svtav1_20190924_ef00d20	60	20	11041390.0	11041.389999999998	43.14016666666667	46.878000000000014	49.73416666666667	42.863536	46.810424	49.714067	95.453041	1350687.0	22.51145	1920	1080	25.0	10	3b32e5f6cfea1bf72b73125584dec51a	79c1c0441319be3e4a4b815aee9e80b7	1920	1080	12735.0	10.0	14789.0	6946.0	False
ShowGirl2TeaserClip4000_1920x108	ShowGirl2TeaserClip4000_1920x108	svtav1	svtav1_20190924_ef00d20	60	32	3446640.0	3446.64	41.94216666666667	46.32749999999998	48.99383333333333	41.866027	46.320469	48.99117	93.5914	980046.0	16.3341	1920	1080	25.0	10	b38390ad6b239b9462168b27f41c963b	4389afa84f9433f496b501ce76cc9e5c	1920	1080	13177.0	2.0	9905.0	6391.0	False
ShowGirl2TeaserClip4000_1920x108	ShowGirl2TeaserClip4000_1920x108	svtav1	svtav1_20190924_ef00d20	60	43	1169610.0	1169.61	40.899333333333324	45.81833333333332	48.182833333333335	40.872585	45.816471	48.181677	90.634546	620617.0	10.343616666666666	1920	1080	25.0	10	a6cd4c69f01c4b57699d02015c0e0b7b	b067845408c0af30973e23fcdd3a8f98	1920	1080	14010.0	3.0	7718.0	7055.0	False
ShowGirl2TeaserClip4000_1920x108	ShowGirl2TeaserClip4000_1920x108	svtav1	svtav1_20190924_ef00d20	60	55	466310.0	466.31	39.36316666666666	45.02483333333332	47.01999999999998	39.327822	45.02402	47.018954	84.854169	861240.0	14.354	1920	1080	25.0	10	6555f5c821fdb8bbf63027c3f281e8b4	16ef19cae0f27a697e8d887ff6e87507	1920	1080	17318.0	20.0	11892.0	8964.0	False
ShowGirl2TeaserClip4000_1920x108	ShowGirl2TeaserClip4000_1920x108	svtav1	svtav1_20190924_ef00d20	60	63	196916.0	196.916	36.597166666666666	43.29766666666663	45.11916666666669	36.562938	43.297366	45.11884	71.207951	526026.0	8.7671	1920	1080	25.0	10	20d457b2116dfdffa81ceb0593c22ae1	dd566edc333e66aa65f3d4c4e79c9d4c	1920	1080	14479.0	9.0	7764.0	6391.0	False
Cosmos1_1920x856_BT2100_PQ_24fps	Cosmos1_1920x856_BT2100_PQ_24fps	svtav1	svtav1_20190924_ef00d20	60	20	28516630.0	28516.63	42.81116666666667	45.51716666666667	47.98016666666667	42.553225	45.357085	47.892575	99.481489	3825600.0	63.76	1920	856	24.0	10	88b90266610bc0fbffbb1f07e4890f7b	3690e681d27c0af716fd2b7eee4aa28e	1920	856	12388.0	17.0	25804.0	5920.0	False
Cosmos1_1920x856_BT2100_PQ_24fps	Cosmos1_1920x856_BT2100_PQ_24fps	svtav1	svtav1_20190924_ef00d20	60	32	12377824.0	12377.824	38.88116666666666	43.40850000000002	46.27233333333336	38.603501	43.326743	46.237389	95.618008	3203392.0	53.38986666666667	1920	856	24.0	10	960f393c394d62818fd1c982c1e39c30	4922107c79115b318a7f081ad05788ff	1920	856	16930.0	6.0	24674.0	5412.0	False
Cosmos1_1920x856_BT2100_PQ_24fps	Cosmos1_1920x856_BT2100_PQ_24fps	svtav1	svtav1_20190924_ef00d20	60	43	4747235.0	4747.235	35.80583333333335	41.64933333333333	44.61800000000001	35.634617	41.603569	44.59453700000001	85.56461800000001	1382151.0	23.03585	1920	856	24.0	10	2d7bb2ebb4c8a740b9a6c71bf83a1da2	1aae0922c30fecf7a3dc3776b84561a3	1920	856	13187.0	12.0	24155.0	7216.0	False
Cosmos1_1920x856_BT2100_PQ_24fps	Cosmos1_1920x856_BT2100_PQ_24fps	svtav1	svtav1_20190924_ef00d20	60	55	1905984.0	1905.984	33.162499999999994	40.14166666666668	42.915000000000006	33.040467	40.104596	42.904194	68.365523	530753.0	8.845883333333333	1920	856	24.0	10	6ad420895c8bd8ad42201dc11b469290	372295e180f8a87deed5709b99a6c748	1920	856	11078.0	3.0	10161.0	4604.0	False
Cosmos1_1920x856_BT2100_PQ_24fps	Cosmos1_1920x856_BT2100_PQ_24fps	svtav1	svtav1_20190924_ef00d20	60	63	642835.0	642.8350000000002	30.317999999999994	38.372	41.31233333333334	30.225651000000003	38.347026	41.308221	43.495013	360584.0	6.009733333333333	1920	856	24.0	10	7b707af5bb095898857dd5f182733a03	c1e06a10d22eb8b5d0ed25f5c3d67488	1920	856	10555.0	4.0	8078.0	4480.0	False
life_1080p30_60f	life_1080p30_60f	svtav1	svtav1_20190924_ef00d20	60	20	14297864.0	14297.864	44.99049999999999	50.767666666666656	50.08900000000001	44.948683	50.74763599999999	50.071967	99.57447900000001	2317339.0	38.62231666666667	1920	1080	30.0	8	ad04cb31d6cc647ccdcd6ca961ce6e48	2d44c3a54dc76a0750d3e7df38ef37e6	1920	1080	9153.0	4.0	9404.0	6252.0	False
life_1080p30_60f	life_1080p30_60f	svtav1	svtav1_20190924_ef00d20	60	32	7038244.0	7038.244	42.246500000000005	48.357166666666686	48.065500000000014	42.195607	48.33251	48.046844	98.096348	3894134.0	64.90223333333333	1920	1080	30.0	8	2eeaafe6ec483dfeeaa9dd4568c9dc65	b515090c871fcfb3aed67aa8ee6e1053	1920	1080	10162.0	5.0	9249.0	6241.0	False
life_1080p30_60f	life_1080p30_60f	svtav1	svtav1_20190924_ef00d20	60	43	3440068.0	3440.068	39.470666666666666	45.983333333333356	45.851833333333346	39.420931	45.953798	45.830071	95.099543	1319720.0	21.995333333333335	1920	1080	30.0	8	7701d4fda0bbd62a0df1d5219a087e80	c5c91926563f138ecebe0b1fc43f487f	1920	1080	8914.0	3.0	8036.0	6150.0	False
life_1080p30_60f	life_1080p30_60f	svtav1	svtav1_20190924_ef00d20	60	55	1630640.0	1630.64	36.37	43.54783333333333	43.48150000000001	36.328757	43.516739	43.45883	89.477296	1012283.0	16.871383333333334	1920	1080	30.0	8	59ed0344e2507eaeb07f6dc8266aa379	1f88c49086724d275517c5e2eab16f49	1920	1080	8605.0	4.0	7151.0	6048.0	False
life_1080p30_60f	life_1080p30_60f	svtav1	svtav1_20190924_ef00d20	60	63	627196.0	627.196	32.87566666666667	40.566500000000005	40.337833333333336	32.849781	40.543452	40.326326	77.160664	995770.0	16.596166666666665	1920	1080	30.0	8	a09709d97af451cab08db95eb156daf9	d2205fa7b6a816e9a0d58d78ab4f87d8	1920	1080	9436.0	3.0	5830.0	5966.0	False
speed_bag_640x360_60f	speed_bag_640x360_60f	svtav1	svtav1_20190924_ef00d20	60	20	548405.0	548.405	47.20016666666667	50.01733333333334	51.39733333333332	47.12127	49.968024	51.340778	98.282504	529185.0	8.81975	640	360	29.97	8	052919f1e49cfad8dd4026362254c278	4b5c458dd971983a790ea9504f5ee68b	640	360	1108.0	3.0	1216.0	565.0	False
speed_bag_640x360_60f	speed_bag_640x360_60f	svtav1	svtav1_20190924_ef00d20	60	32	283856.0	283.856	45.27099999999999	48.52983333333335	50.10166666666667	45.163167	48.472995	50.021804	97.392609	613815.0	10.23025	640	360	29.97	8	508905ee82d0c4d8161e3f8275d12945	10605d8bc0323b79c89e085336eb3de7	640	360	1296.0	6.0	1441.0	938.0	False
speed_bag_640x360_60f	speed_bag_640x360_60f	svtav1	svtav1_20190924_ef00d20	60	43	154724.0	154.724	43.02700000000001	46.566166666666646	48.447333333333326	42.862288	46.494014	48.329029	94.960403	160611.0	2.67685	640	360	29.97	8	266666524643281ae7430bd5ec770d89	d8ec994193b1d4ded30112d313f53c99	640	360	1132.0	3.0	951.0	664.0	False
speed_bag_640x360_60f	speed_bag_640x360_60f	svtav1	svtav1_20190924_ef00d20	60	55	86179.0	86.179	40.348333333333336	44.408	46.70083333333333	40.10937	44.325251	46.519575	87.976572	143248.0	2.3874666666666666	640	360	29.97	8	19352b3a18bf38de3ad08dc75a6efa0b	20948a54a8278813f700f30eeaf89120	640	360	1213.0	14.0	804.0	693.0	False
speed_bag_640x360_60f	speed_bag_640x360_60f	svtav1	svtav1_20190924_ef00d20	60	63	45880.0	45.88	36.91899999999998	41.70833333333333	44.37066666666668	36.642155	41.623122	44.153005	74.251769	82578.0	1.3763	640	360	29.97	8	7fe347a2c9aa1b9c471dba569a88ad6b	7f11cf6158df329e0f9c8d7620705c3c	640	360	1033.0	2.0	644.0	568.0	False
Netflix_Boat_1920x1080_60fps_8bi	Netflix_Boat_1920x1080_60fps_8bi	svtav1	svtav1_20190924_ef00d20	60	20	33238648.0	33238.648	44.077500000000015	46.57600000000001	48.379166666666684	44.021668	46.54162800000001	48.358244	99.92439	3640341.0	60.67235	1920	1080	60.0	8	266bc6a8ee4c8cec8ffabb0c3585cfee	4d0d7cb244a488432597c06b8fb869a8	1920	1080	9942.0	10.0	17228.0	7628.0	False
Netflix_Boat_1920x1080_60fps_8bi	Netflix_Boat_1920x1080_60fps_8bi	svtav1	svtav1_20190924_ef00d20	60	32	18100304.0	18100.304	41.631833333333326	45.00466666666667	46.45483333333332	41.556855	44.981084	46.44297199999999	99.751177	1856076.0	30.9346	1920	1080	60.0	8	f327a41f5653eaeacf580f4a289bf0d8	c461bd79d6ec4accb03c8ed7a6c49698	1920	1080	10026.0	4.0	9446.0	6078.0	False
Netflix_Boat_1920x1080_60fps_8bi	Netflix_Boat_1920x1080_60fps_8bi	svtav1	svtav1_20190924_ef00d20	60	43	10047480.0	10047.48	38.77016666666666	43.30649999999998	44.31833333333332	38.667728	43.284074	44.309244	96.865826	1461290.0	24.354833333333332	1920	1080	60.0	8	c3e5a81324ff04593142c68bf282852c	2a75a96b7e1667b54d38e0209fbe8a7d	1920	1080	9472.0	4.0	8353.0	6008.0	False
Netflix_Boat_1920x1080_60fps_8bi	Netflix_Boat_1920x1080_60fps_8bi	svtav1	svtav1_20190924_ef00d20	60	55	5246976.0	5246.976	35.3525	41.4745	42.17866666666669	35.225766	41.455834	42.176056	90.064593	1496511.0	24.94185	1920	1080	60.0	8	c17f99425f91a92cead94438bf482af0	8fb07f89f2455c03b5123d03104b9c5d	1920	1080	9778.0	3.0	8750.0	6246.0	False
Netflix_Boat_1920x1080_60fps_8bi	Netflix_Boat_1920x1080_60fps_8bi	svtav1	svtav1_20190924_ef00d20	60	63	2349616.0	2349.616	31.312333333333346	38.92183333333332	39.492833333333316	31.249805	38.917669	39.492431	76.211478	1128180.0	18.803	1920	1080	60.0	8	ee2641ca82de931669e8a2a4f12dad74	b334d7d995dece3d334b79b04a1781ac	1920	1080	9789.0	2.0	6709.0	6739.0	False
thaloundeskmtg360p_60f	thaloundeskmtg360p_60f	svtav1	svtav1_20190924_ef00d20	60	20	1014540.0	1014.5399999999998	44.81750000000002	48.81249999999999	48.784	44.605523999999996	48.767502	48.753277	97.025295	245394.0	4.0899	640	360	30.0	8	cd9cbb00562b16680849de130a9464e4	63cc2c2c2d9440ca382bcf2a970f5e86	640	360	1364.0	4.0	881.0	556.0	False
thaloundeskmtg360p_60f	thaloundeskmtg360p_60f	svtav1	svtav1_20190924_ef00d20	60	32	486940.0	486.94	43.11133333333334	47.47066666666665	47.54183333333335	42.805775	47.425586	47.505315	95.933784	399972.0	6.6662	640	360	30.0	8	6f097b5ca9f9c06b2d6c008d26c958ca	089dd5057ea3a6db19ed5619ce056de0	640	360	1316.0	9.0	1304.0	589.0	False
thaloundeskmtg360p_60f	thaloundeskmtg360p_60f	svtav1	svtav1_20190924_ef00d20	60	43	263384.0	263.384	41.053833333333344	45.84733333333333	45.94966666666666	40.642914	45.773908	45.886647	94.02766	173926.0	2.8987666666666665	640	360	30.0	8	27c36a210fa853016d3922702ff02316	f57215b8df9ac496af501ec2f3bc33e5	640	360	1286.0	3.0	571.0	556.0	False
thaloundeskmtg360p_60f	thaloundeskmtg360p_60f	svtav1	svtav1_20190924_ef00d20	60	55	144036.0	144.036	38.28766666666666	43.70199999999998	43.63133333333335	37.828666	43.599153	43.516878	90.045633	135689.0	2.2614833333333335	640	360	30.0	8	a6212ac99ee58aad1247c97ed03edf4e	e7fa7bda728bb6eb5f091e6c295b997f	640	360	1558.0	3.0	470.0	705.0	False
thaloundeskmtg360p_60f	thaloundeskmtg360p_60f	svtav1	svtav1_20190924_ef00d20	60	63	72868.0	72.868	34.415	40.50333333333332	40.620666666666686	33.819825	40.409272	40.488804	79.573197	104155.0	1.7359166666666668	640	360	30.0	8	ee253f4b15ef3268ea9657498ae2fc99	b1cd7a7fa7b8e605d0e6b0279cf0083d	640	360	1299.0	4.0	526.0	695.0	False
gipsrestat720p_60f	gipsrestat720p_60f	svtav1	svtav1_20190924_ef00d20	60	20	4115513.0	4115.513	45.06050000000001	47.56799999999999	49.17050000000001	45.031531	47.560236	49.164887	97.044462	1075021.0	17.917016666666665	1280	720	50.0	8	8271861ee711d542231bef2169a804ef	661b55664462a20e94d6fb0888fc8bd0	1280	720	4059.0	4.0	3155.0	2726.0	False
gipsrestat720p_60f	gipsrestat720p_60f	svtav1	svtav1_20190924_ef00d20	60	32	1508480.0	1508.48	43.44583333333335	46.94666666666669	48.432833333333335	43.4066	46.943482	48.42446499999999	95.872255	632704.0	10.545066666666667	1280	720	50.0	8	3d90f3075aaab9b0ba21703a54e7df80	745302cbd41967bf6f6423afa94ca261	1280	720	3743.0	3.0	1959.0	2617.0	False
gipsrestat720p_60f	gipsrestat720p_60f	svtav1	svtav1_20190924_ef00d20	60	43	763053.0	763.053	41.788	46.137166666666666	47.42550000000001	41.72232	46.13522	47.419906	94.095092	592266.0	9.8711	1280	720	50.0	8	d68457b0dc35f8d57cd7079b5c97516b	0f7a58777343e8480f957a31dd33f180	1280	720	4713.0	4.0	1698.0	2795.0	False
gipsrestat720p_60f	gipsrestat720p_60f	svtav1	svtav1_20190924_ef00d20	60	55	418206.0	418.206	39.690500000000014	44.71383333333333	45.73483333333332	39.638738	44.7115	45.731933	90.94336	363535.0	6.058916666666667	1280	720	50.0	8	8d4893208d8eef79c47fe0c97a912d9b	c1aebb0968066e9977688d2652f46a76	1280	720	3650.0	2.0	1293.0	2512.0	False
gipsrestat720p_60f	gipsrestat720p_60f	svtav1	svtav1_20190924_ef00d20	60	63	193593.0	193.593	35.99199999999999	42.04250000000002	42.55350000000001	35.976945	42.0414	42.552517	82.116473	290459.0	4.840983333333333	1280	720	50.0	8	a8d5c715f01a64851372e46b632336c2	5a9608ea13028fb48c5c7f88cc6fef81	1280	720	3954.0	3.0	1022.0	2824.0	False
