Netflix_DrivingPOV_1280x720_60fp	Netflix_DrivingPOV_1280x720_60fp	svtav1	svtav1_20190921_4e47e9b	60	20	13337760.0	13337.76	43.17850000000002	46.78333333333334	45.42216666666666	43.117898	46.765981	45.401955	99.682405	1576271.0	26.271183333333333	1280	720	60.0	8	b910c1f73d3801b4bcb81866a65b9fd7	b0baba2fa0e392850bb388e297a89363	1280	720	4653.0	3.0	5527.0	2551.0	False
Netflix_DrivingPOV_1280x720_60fp	Netflix_DrivingPOV_1280x720_60fp	svtav1	svtav1_20190921_4e47e9b	60	32	6328176.0	6328.176	40.86666666666666	45.61883333333332	44.496166666666674	40.808458	45.611303	44.490339999999996	98.78773299999999	1086740.0	18.112333333333332	1280	720	60.0	8	e5636a0d0cde378de48663eeb8808eb6	e2a84e2bb1387992d8a90a4fb6e31ed7	1280	720	4849.0	12.0	4740.0	2892.0	False
Netflix_DrivingPOV_1280x720_60fp	Netflix_DrivingPOV_1280x720_60fp	svtav1	svtav1_20190921_4e47e9b	60	43	3116840.0	3116.8400000000006	38.34083333333333	43.875833333333354	43.28716666666665	38.288448	43.869350000000004	43.284263	96.643831	800161.0	13.336016666666668	1280	720	60.0	8	dbef5f65c959bddf185df380a0544ba1	7a03e1acddbc4d96fbd79e530acbbd2c	1280	720	4584.0	4.0	4236.0	2448.0	False
Netflix_DrivingPOV_1280x720_60fp	Netflix_DrivingPOV_1280x720_60fp	svtav1	svtav1_20190921_4e47e9b	60	55	1566280.0	1566.28	35.74083333333335	41.949166666666656	42.05616666666668	35.686931	41.944352	42.052653	92.230276	604784.0	10.079733333333333	1280	720	60.0	8	466511ca1c5c5779af2d503b7c40c37d	3be6514d9f73e697a34979e422958b05	1280	720	4890.0	4.0	3751.0	2447.0	False
Netflix_DrivingPOV_1280x720_60fp	Netflix_DrivingPOV_1280x720_60fp	svtav1	svtav1_20190921_4e47e9b	60	63	681120.0	681.12	32.441833333333335	39.37766666666667	40.24400000000001	32.411793	39.373087000000005	40.240369	81.489979	611842.0	10.197366666666667	1280	720	60.0	8	d3c4d36043a89043228d994810feee2a	f5ab12b20e575e158cc98b10f8de0414	1280	720	4638.0	4.0	3292.0	2600.0	False
niklas360p_60f	niklas360p_60f	svtav1	svtav1_20190921_4e47e9b	60	20	1581796.0	1581.796	44.58033333333336	48.12450000000002	47.822833333333314	44.480631	48.063858	47.762964	98.365722	485047.0	8.084116666666667	640	360	30.0	8	9f1bcc58e2a74e80e6502f49811f4dfd	4ed7eca5b2326326486fe61933f5e2a3	640	360	1274.0	4.0	1328.0	851.0	False
niklas360p_60f	niklas360p_60f	svtav1	svtav1_20190921_4e47e9b	60	32	857036.0	857.036	42.189666666666675	46.681000000000004	46.14400000000001	42.098898	46.642016	46.103396	96.802451	277865.0	4.631083333333334	640	360	30.0	8	7cd04b1087c381d009838d47b3380a8b	f08b3e7270bd187bb01ae33d6c35d84e	640	360	1256.0	4.0	1154.0	825.0	False
niklas360p_60f	niklas360p_60f	svtav1	svtav1_20190921_4e47e9b	60	43	462380.0	462.38	39.36333333333334	44.99066666666666	44.20616666666667	39.280404	44.96792	44.180242	93.716349	296646.0	4.9441	640	360	30.0	8	a5c22871ae19da2d6d1281fbd6b3550e	1dadf1dcedde80f2b39a822a87a174c3	640	360	1314.0	3.0	1042.0	550.0	False
niklas360p_60f	niklas360p_60f	svtav1	svtav1_20190921_4e47e9b	60	55	247480.0	247.48	36.25783333333333	43.06716666666666	42.009499999999996	36.181833	43.048943	41.98448700000001	87.35311699999998	132448.0	2.2074666666666665	640	360	30.0	8	7ae91f7675afb3cf09ed9d67d367505e	b312522dfe2cf8f253b3bb71eac4f9e4	640	360	1188.0	4.0	886.0	548.0	False
niklas360p_60f	niklas360p_60f	svtav1	svtav1_20190921_4e47e9b	60	63	119016.0	119.016	32.60816666666667	40.67550000000001	39.41199999999999	32.548849	40.65542	39.382175	75.006629	146689.0	2.4448166666666666	640	360	30.0	8	5df3d05d15cda6390accc356da24d23c	a7c0c41ca4fb7d0f6b8676e39439d6b5	640	360	1341.0	3.0	740.0	766.0	False
Market3_1920x1080p_50_10b_pq_709	Market3_1920x1080p_50_10b_pq_709	svtav1	svtav1_20190921_4e47e9b	60	20	19827793.0	19827.793	45.85250000000001	52.52416666666667	53.43299999999999	45.70476	52.498391	53.41135	99.849722	976441.0	16.274016666666668	1920	1080	50.0	10	99e943cf30e4723a0c5ac49b2c08ec62	475a3a1204292f788b5f21bcbf19d63c	1920	1080	12966.0	3.0	11434.0	5944.0	False
Market3_1920x1080p_50_10b_pq_709	Market3_1920x1080p_50_10b_pq_709	svtav1	svtav1_20190921_4e47e9b	60	32	9727920.0	9727.92	43.413499999999985	50.458499999999994	51.52799999999999	43.31783600000001	50.450217	51.518932	99.111059	817307.0	13.621783333333333	1920	1080	50.0	10	8b0f431740baf25236ba1487ad5449cc	608f40babe992c04bec44891b5bc16cc	1920	1080	12552.0	8.0	17120.0	6377.0	False
Market3_1920x1080p_50_10b_pq_709	Market3_1920x1080p_50_10b_pq_709	svtav1	svtav1_20190921_4e47e9b	60	43	4634080.0	4634.08	40.38133333333334	48.01950000000002	49.32266666666666	40.319886	48.016249	49.320211	96.176136	640143.0	10.66905	1920	1080	50.0	10	078a7fb8d1a7fd16a6af8b0842dc758e	7ef1fc3faf376514d4a0f44e063eb2cf	1920	1080	12637.0	4.0	8999.0	6088.0	False
Market3_1920x1080p_50_10b_pq_709	Market3_1920x1080p_50_10b_pq_709	svtav1	svtav1_20190921_4e47e9b	60	55	2303860.0	2303.86	37.272	45.99116666666667	47.43599999999999	37.226633	45.990529	47.433977	90.45371099999998	653360.0	10.889333333333333	1920	1080	50.0	10	221ef664ffaadcf5cac19c68e0618022	acb64faee746421125fa6b38ff3aac32	1920	1080	13402.0	4.0	8747.0	7123.0	False
Market3_1920x1080p_50_10b_pq_709	Market3_1920x1080p_50_10b_pq_709	svtav1	svtav1_20190921_4e47e9b	60	63	922560.0	922.56	33.58616666666666	43.50649999999999	45.085999999999984	33.570428	43.50444	45.075797	77.060407	619991.0	10.333183333333332	1920	1080	50.0	10	4732c4c69ba67d7900a73491d7d9c34f	d7dd9dc8d48e91eaed48d84537e328bc	1920	1080	14588.0	20.0	14280.0	8646.0	False
vidyo4_720p_60fps_60f	vidyo4_720p_60fps_60f	svtav1	svtav1_20190921_4e47e9b	60	20	6795632.0	6795.632	44.537833333333325	50.14666666666666	50.453	44.46856	50.137238	50.445012	97.814679	1155632.0	19.260533333333335	1280	720	60.0	8	2644fc022dced58bf0aac9aba2193756	6d8c38dce9ebb69f13ed3840d87f9aca	1280	720	3623.0	4.0	3864.0	2405.0	False
vidyo4_720p_60fps_60f	vidyo4_720p_60fps_60f	svtav1	svtav1_20190921_4e47e9b	60	32	2270312.0	2270.312	42.98533333333333	49.5713333333333	49.8715	42.918748	49.562214	49.865075	96.579392	695768.0	11.596133333333333	1280	720	60.0	8	a4ab1171db7570d33a40c41c083ac87b	689af50a5c9d971030d46b24019d4155	1280	720	3435.0	2.0	2605.0	2555.0	False
vidyo4_720p_60fps_60f	vidyo4_720p_60fps_60f	svtav1	svtav1_20190921_4e47e9b	60	43	1040808.0	1040.808	41.64116666666667	48.743166666666674	49.05916666666667	41.577001	48.73268	49.05031	94.637196	601100.0	10.018333333333333	1280	720	60.0	8	8a1bafe0185f534fd592c590f1af4cab	e27d1cb016adc0920fc2c64a7f138a4c	1280	720	3346.0	4.0	2612.0	3056.0	False
vidyo4_720p_60fps_60f	vidyo4_720p_60fps_60f	svtav1	svtav1_20190921_4e47e9b	60	55	524544.0	524.544	39.73583333333333	47.469500000000004	47.72433333333336	39.659548	47.455532	47.710141	90.539214	467641.0	7.794016666666667	1280	720	60.0	8	f8e02e8cf83775de23edb18afdbf47ae	be79cec031a13be3ea41f2fa60cdb482	1280	720	3395.0	3.0	1984.0	2504.0	False
vidyo4_720p_60fps_60f	vidyo4_720p_60fps_60f	svtav1	svtav1_20190921_4e47e9b	60	63	241496.0	241.496	36.72733333333333	44.91783333333331	44.717166666666664	36.670195	44.909746	44.710765	80.374023	359756.0	5.995933333333333	1280	720	60.0	8	6fe09d999ebc9a405f6d44ee36d51f4a	cc4347c7fd0038be177d449a96265544	1280	720	3633.0	5.0	2782.0	3019.0	False
KristenAndSara_1280x720_60f	KristenAndSara_1280x720_60f	svtav1	svtav1_20190921_4e47e9b	60	20	4382416.0	4382.416	44.86483333333333	49.211	50.128333333333345	44.837704	49.205744	50.124959	97.034476	976860.0	16.281	1280	720	60.0	8	4a23efc3ccbc608916257a7615b228e1	44134869e2f9a3d831566941f2734cdc	1280	720	3760.0	3.0	3701.0	2360.0	False
KristenAndSara_1280x720_60f	KristenAndSara_1280x720_60f	svtav1	svtav1_20190921_4e47e9b	60	32	1662840.0	1662.84	43.73233333333335	48.60516666666667	49.53533333333335	43.711197	48.601402	49.532419	96.268639	796692.0	13.2782	1280	720	60.0	8	a1f9f222b2ec4f0bf9fe2201f80d7e17	34839826c055b8f775f15603bc26408d	1280	720	3429.0	4.0	2615.0	2425.0	False
KristenAndSara_1280x720_60f	KristenAndSara_1280x720_60f	svtav1	svtav1_20190921_4e47e9b	60	43	825920.0	825.92	42.49333333333332	47.63366666666666	48.516000000000034	42.470321	47.629415	48.512834	94.876693	541614.0	9.0269	1280	720	60.0	8	b2cd53d194aa629175dc268e24b2d33c	6f6902f9f0b17fad9870cf849443ac32	1280	720	3519.0	4.0	2168.0	2352.0	False
KristenAndSara_1280x720_60f	KristenAndSara_1280x720_60f	svtav1	svtav1_20190921_4e47e9b	60	55	431128.0	431.128	40.608333333333334	46.01549999999999	47.017166666666675	40.580951	46.011665	47.014399	91.815685	541818.0	9.0303	1280	720	60.0	8	2d0cb87285df4ddf2fa9d5c3bf3ffc66	a82db2a3716d225530e06a1ff8addcb5	1280	720	3680.0	3.0	1802.0	2417.0	False
KristenAndSara_1280x720_60f	KristenAndSara_1280x720_60f	svtav1	svtav1_20190921_4e47e9b	60	63	199912.0	199.912	37.39533333333332	43.214333333333336	44.08499999999999	37.382288	43.212791	44.084981	83.635078	277838.0	4.630633333333333	1280	720	60.0	8	8e7ad6162ef556e6f7b56dc5b1943317	bc42b2ffdb8aba65e15b9c15d767fc20	1280	720	3649.0	2.0	1315.0	2620.0	False
DOTA2_60f_420	DOTA2_60f_420	svtav1	svtav1_20190921_4e47e9b	60	20	18654920.0	18654.92	45.96500000000001	49.85316666666667	49.919166666666655	45.914691999999995	49.80009400000001	49.887489	97.726074	2015856.0	33.5976	1920	1080	60.0	8	6c18062bb81a214e907096ea0d373ba1	869d9307ec68a9c0d55950b9cfeed854	1920	1080	9445.0	9.0	7117.0	6579.0	False
DOTA2_60f_420	DOTA2_60f_420	svtav1	svtav1_20190921_4e47e9b	60	32	9614896.0	9614.896	43.79883333333334	47.92366666666667	48.126166666666656	43.71183	47.833877	48.080875	96.201867	1346342.0	22.439033333333334	1920	1080	60.0	8	38f3b54798b4566d5c6a5b3327a149e3	bc176cead8b35a9c8d34f2826261c4d9	1920	1080	8670.0	4.0	6001.0	6166.0	False
DOTA2_60f_420	DOTA2_60f_420	svtav1	svtav1_20190921_4e47e9b	60	43	4746912.0	4746.912	41.21116666666668	45.54466666666667	45.89066666666667	41.10228300000001	45.430379	45.840956	93.168839	1612796.0	26.879933333333334	1920	1080	60.0	8	b8137613ce5bbb1718bd95c65a3678f8	52548349995ca92e038d41961348fc1b	1920	1080	9169.0	3.0	5708.0	6220.0	False
DOTA2_60f_420	DOTA2_60f_420	svtav1	svtav1_20190921_4e47e9b	60	55	2178136.0	2178.136	38.24750000000001	42.82916666666666	43.24249999999999	38.120712	42.710387	43.20087	86.976572	951114.0	15.8519	1920	1080	60.0	8	8e5137b882507a29b16b32e11f24a436	5710568960e9c7015e4fe473746b1363	1920	1080	8906.0	3.0	5003.0	6274.0	False
DOTA2_60f_420	DOTA2_60f_420	svtav1	svtav1_20190921_4e47e9b	60	63	836272.0	836.272	34.48233333333333	39.33950000000001	39.668666666666674	34.427502	39.288941	39.658735	72.086414	1129260.0	18.821	1920	1080	60.0	8	515133edb9445dbd4ca99fc73aeee2d6	7c9cfc5ec511bb44587039168bb54400	1920	1080	8953.0	3.0	4092.0	6171.0	False
Netflix_Aerial_1920x1080_60fps_8	Netflix_Aerial_1920x1080_60fps_8	svtav1	svtav1_20190921_4e47e9b	60	20	28331496.0	28331.496	43.21816666666668	46.121	45.77283333333333	43.155959	46.094678	45.751271	96.92429	3176829.0	52.94715	1920	1080	60.0	8	97bde8453863c0cba1a08ef8c5ac560e	28bb569a3fa1a4104cb546af1198cc37	1920	1080	9836.0	11.0	14604.0	6585.0	False
Netflix_Aerial_1920x1080_60fps_8	Netflix_Aerial_1920x1080_60fps_8	svtav1	svtav1_20190921_4e47e9b	60	32	12990960.0	12990.96	41.27466666666668	44.85733333333334	44.717666666666666	41.210737	44.848161	44.71235	94.807838	2360525.0	39.342083333333335	1920	1080	60.0	8	be65dec2b3ac83d6264f4b48c73dceba	1b2d4b3e24ff7d7d31354d59ec0ee4a1	1920	1080	9872.0	3.0	10845.0	6205.0	False
Netflix_Aerial_1920x1080_60fps_8	Netflix_Aerial_1920x1080_60fps_8	svtav1	svtav1_20190921_4e47e9b	60	43	6243088.0	6243.088	38.87	43.2785	43.58666666666668	38.791057	43.271226	43.583426	91.535566	1503336.0	25.0556	1920	1080	60.0	8	b478d4c2dc8063880f835b5f7983cfc2	a155031ad1fbfa65e58b52e036e38d1c	1920	1080	10037.0	3.0	9454.0	6398.0	False
Netflix_Aerial_1920x1080_60fps_8	Netflix_Aerial_1920x1080_60fps_8	svtav1	svtav1_20190921_4e47e9b	60	55	2932168.0	2932.168	36.05783333333333	41.52499999999998	42.413666666666686	35.997719	41.519862	42.40797	85.612862	1363889.0	22.731483333333333	1920	1080	60.0	8	0fd15bf5fb219e3c3682dc7b7ce23180	a4881c5678303246eb0038a580422faf	1920	1080	10141.0	4.0	8832.0	6393.0	False
Netflix_Aerial_1920x1080_60fps_8	Netflix_Aerial_1920x1080_60fps_8	svtav1	svtav1_20190921_4e47e9b	60	63	998808.0	998.8079999999999	32.25066666666665	39.30283333333333	40.997833333333325	32.23681	39.290272	40.985652	70.630749	1138203.0	18.97005	1920	1080	60.0	8	69d72601c047ab7f556a44a58d836f39	55911adcdb8731beb175ae9972c288f6	1920	1080	10708.0	3.0	6802.0	6509.0	False
ducks_take_off_1080p50_60f	ducks_take_off_1080p50_60f	svtav1	svtav1_20190921_4e47e9b	60	20	120442126.0	120442.126	39.1025	39.52116666666667	41.580499999999994	39.017276	39.448155	41.532007	98.794379	5661517.0	94.35861666666666	1920	1080	50.0	8	9083c525e8be1fd76db257f115611a6f	d81a5ea240981851986b33b9796c3645	1920	1080	12436.0	3.0	26559.0	6724.0	False
ducks_take_off_1080p50_60f	ducks_take_off_1080p50_60f	svtav1	svtav1_20190921_4e47e9b	60	32	35807946.0	35807.946	35.3555	37.09283333333334	40.01016666666667	35.294482	37.054463000000005	39.993395	93.94553	3449004.0	57.4834	1920	1080	50.0	8	132e6b3d8368f6656960ad1858070801	3510ab775c9cba5c4f03ca107106492d	1920	1080	10973.0	3.0	21917.0	6239.0	False
ducks_take_off_1080p50_60f	ducks_take_off_1080p50_60f	svtav1	svtav1_20190921_4e47e9b	60	43	11651946.0	11651.946	33.19516666666667	35.31316666666668	38.64050000000001	33.165865	35.27549	38.629662	85.109874	2585797.0	43.09661666666667	1920	1080	50.0	8	a1bbb290a8d6f6679c10ce6363096a9f	72d19eb02ded02452e8f9c4ef9db0776	1920	1080	11571.0	2.0	16320.0	6170.0	False
ducks_take_off_1080p50_60f	ducks_take_off_1080p50_60f	svtav1	svtav1_20190921_4e47e9b	60	55	4546746.0	4546.746	30.91133333333334	33.61466666666667	37.45766666666667	30.863007	33.569275	37.450537000000004	69.85279800000002	1658796.0	27.6466	1920	1080	50.0	8	61cf7b47c7325d0db06dcfa8d0e0b005	ff10108594467d4edcaba22da593bbc2	1920	1080	10764.0	3.0	12663.0	6370.0	False
ducks_take_off_1080p50_60f	ducks_take_off_1080p50_60f	svtav1	svtav1_20190921_4e47e9b	60	63	1711286.0	1711.286	28.231833333333345	31.825333333333326	36.32533333333333	28.145226	31.779728	36.32084	47.901217	1184156.0	19.73593333333333	1920	1080	50.0	8	fb39813608517315f78d1e2341eb2f91	36adb47ef7c2d816828c01f944d9b5cd	1920	1080	10865.0	14.0	9964.0	6361.0	False
touchdown_pass_1080p_60f	touchdown_pass_1080p_60f	svtav1	svtav1_20190921_4e47e9b	60	20	25051255.0	25051.255	41.164666666666655	48.36050000000001	48.50333333333333	41.02306	48.336936	48.480235	96.51647	3359497.0	55.991616666666665	1920	1080	29.97	8	06583cfa9d709ce20437b7bd6a9a643b	cc031db1b5f685e5c5cb4975b9018c74	1920	1080	8487.0	3.0	20883.0	6371.0	False
touchdown_pass_1080p_60f	touchdown_pass_1080p_60f	svtav1	svtav1_20190921_4e47e9b	60	32	6350329.0	6350.329	38.93100000000001	47.56433333333334	47.68450000000002	38.881545	47.555913	47.675121	94.21658899999998	2485620.0	41.427	1920	1080	29.97	8	32e5b70b453b3896578e6ef3db3d0f1f	fc286320355fa89e956278ac3e1286cd	1920	1080	8953.0	3.0	12957.0	6465.0	False
touchdown_pass_1080p_60f	touchdown_pass_1080p_60f	svtav1	svtav1_20190921_4e47e9b	60	43	2371282.0	2371.282	37.5675	46.67216666666666	46.72466666666665	37.538743	46.666935	46.717866	91.281134	1447479.0	24.12465	1920	1080	29.97	8	a8d15315897bf16bef57c85ec8a5e450	418beb07cff28f72020087dcd797b9ed	1920	1080	8319.0	4.0	9182.0	6288.0	False
touchdown_pass_1080p_60f	touchdown_pass_1080p_60f	svtav1	svtav1_20190921_4e47e9b	60	55	1171211.0	1171.211	35.91933333333332	45.57816666666667	45.54750000000003	35.881205	45.572455	45.538773	85.440734	1517801.0	25.296683333333334	1920	1080	29.97	8	46e1adc937326ec4bccbb49ba2a97feb	71434a6934c46aca32cbad9f690092e8	1920	1080	9626.0	3.0	8207.0	6554.0	False
touchdown_pass_1080p_60f	touchdown_pass_1080p_60f	svtav1	svtav1_20190921_4e47e9b	60	63	458880.0	458.88	32.98316666666666	43.8195	43.84049999999999	32.938977	43.813798	43.829965	68.365253	939250.0	15.654166666666667	1920	1080	29.97	8	0851257e10ea1957fb7c0bcc2a2ed204	ba78d19567b8a469bb096eaaebf64f1b	1920	1080	8816.0	4.0	6315.0	6304.0	False
vidyo1_720p_60fps_60f	vidyo1_720p_60fps_60f	svtav1	svtav1_20190921_4e47e9b	60	20	4826152.0	4826.152	45.78483333333334	48.279	49.618166666666674	45.755755	48.2648	49.61142400000001	96.646673	1177696.0	19.628266666666665	1280	720	60.0	8	bb6fca3db8ec3651ecf5710b350dffe4	59654e9780376eb53d384677cda060f9	1280	720	3993.0	10.0	3075.0	2639.0	False
vidyo1_720p_60fps_60f	vidyo1_720p_60fps_60f	svtav1	svtav1_20190921_4e47e9b	60	32	1841560.0	1841.56	44.24166666666667	47.769833333333324	49.02516666666668	44.222609	47.762775	49.020314	95.413947	704535.0	11.74225	1280	720	60.0	8	e724ce49d51e19d5e808a0cffdc4bb60	e7bf646de05de38edcc1e69a0f068522	1280	720	3402.0	5.0	2188.0	2705.0	False
vidyo1_720p_60fps_60f	vidyo1_720p_60fps_60f	svtav1	svtav1_20190921_4e47e9b	60	43	835664.0	835.664	42.80766666666668	47.168833333333325	48.22183333333335	42.79730200000001	47.165518	48.219739	93.566335	535577.0	8.926283333333334	1280	720	60.0	8	eb1387a62a32baffadb9f63cfede6a3b	4958fc1aaea36ed70761ac5336079bcb	1280	720	3527.0	4.0	1771.0	2493.0	False
vidyo1_720p_60fps_60f	vidyo1_720p_60fps_60f	svtav1	svtav1_20190921_4e47e9b	60	55	435464.0	435.464	40.89416666666668	46.05833333333335	46.78133333333333	40.878064	46.056013	46.779106	89.81683	434904.0	7.2484	1280	720	60.0	8	be865781a856819a67de13edb569ed04	7d185d75d3d8c3d03671df11d5763ce9	1280	720	3307.0	3.0	1494.0	2623.0	False
vidyo1_720p_60fps_60f	vidyo1_720p_60fps_60f	svtav1	svtav1_20190921_4e47e9b	60	63	205656.0	205.656	37.56466666666667	43.83683333333332	44.09083333333332	37.555618	43.836045	44.089648	79.628225	287712.0	4.7952	1280	720	60.0	8	67814aa5d864147dbf9a30d673bd5223	1cb1ec4545101787919634a21b1773b9	1280	720	3475.0	4.0	1527.0	2513.0	False
Netflix_FoodMarket_1920x1080_60f	Netflix_FoodMarket_1920x1080_60f	svtav1	svtav1_20190921_4e47e9b	60	20	33012392.0	33012.392	41.40016666666667	45.198499999999974	45.89516666666666	41.34075500000001	45.174181	45.880109	99.31574	3284859.0	54.74765	1920	1080	60.0	8	fafb1fa770f2f4fde891aa4c80ad1229	a4aceff8d9e9f076a1fd2390d4437f52	1920	1080	8464.0	4.0	17075.0	6392.0	False
Netflix_FoodMarket_1920x1080_60f	Netflix_FoodMarket_1920x1080_60f	svtav1	svtav1_20190921_4e47e9b	60	32	9846864.0	9846.864	40.0295	44.433166666666665	45.297833333333344	40.00658	44.424867	45.294409	96.542162	2075874.0	34.5979	1920	1080	60.0	8	dc092b1daebf527db7b1bb1c438e1fcd	b56dfc94a8ba57f2b92a2f15c30447a8	1920	1080	8580.0	3.0	10982.0	6146.0	False
Netflix_FoodMarket_1920x1080_60f	Netflix_FoodMarket_1920x1080_60f	svtav1	svtav1_20190921_4e47e9b	60	43	4509864.0	4509.864	38.84883333333333	43.616666666666674	44.62233333333333	38.824498999999996	43.608507	44.620276	92.55637700000001	1437550.0	23.95916666666667	1920	1080	60.0	8	806ba01732f7fcf75283454aed128b55	0d400a4f8ce249e1e4ccf9c41f73d82a	1920	1080	8338.0	3.0	9320.0	6240.0	False
Netflix_FoodMarket_1920x1080_60f	Netflix_FoodMarket_1920x1080_60f	svtav1	svtav1_20190921_4e47e9b	60	55	2231640.0	2231.64	37.16583333333333	42.606166666666674	43.687166666666684	37.122406	42.594664	43.681432	84.452165	1358857.0	22.647616666666668	1920	1080	60.0	8	c2bfe51fe1d4d1d6e6b5989141890ddc	dadbf88580295bea4814cdad058874b8	1920	1080	7930.0	4.0	8428.0	8902.0	False
Netflix_FoodMarket_1920x1080_60f	Netflix_FoodMarket_1920x1080_60f	svtav1	svtav1_20190921_4e47e9b	60	63	950448.0	950.448	34.6385	41.010166666666684	42.04833333333332	34.594426	40.998325	42.029496	68.136955	957462.0	15.9577	1920	1080	60.0	8	92e9c56c44ff2e912eea31424f1a7248	2d1bd76e33dfe7eb822e98ebf0b23a8d	1920	1080	8187.0	3.0	7080.0	6288.0	False
rush_hour_1080p25_60f	rush_hour_1080p25_60f	svtav1	svtav1_20190921_4e47e9b	60	20	8247590.0	8247.59	43.23883333333334	47.194499999999984	49.24633333333331	43.213703	47.176406	49.229783	97.273428	3113395.0	51.889916666666664	1920	1080	25.0	8	f758e3e837e58cca0730e49df3969442	93805f8b1988b7e8af10e2cd649a0cb3	1920	1080	6882.0	3.0	16164.0	6435.0	False
rush_hour_1080p25_60f	rush_hour_1080p25_60f	svtav1	svtav1_20190921_4e47e9b	60	32	3330883.0	3330.883	42.35383333333334	46.42250000000001	48.2748333333333	42.345286	46.416857	48.265826	93.973492	2208714.0	36.8119	1920	1080	25.0	8	047c51723dcbccf9f09b518fb034aeb0	0dc5dfd45ce7568e3259ee36aa23241c	1920	1080	7127.0	3.0	13327.0	6183.0	False
rush_hour_1080p25_60f	rush_hour_1080p25_60f	svtav1	svtav1_20190921_4e47e9b	60	43	1571306.0	1571.306	41.12016666666669	45.49216666666667	47.02499999999998	41.096193	45.486832	47.013344	87.578335	1676665.0	27.944416666666665	1920	1080	25.0	8	bf8a7e3aec798ade29b6fc4535632a37	dd683dc297b9153b57702f9df8504794	1920	1080	7111.0	4.0	10643.0	6118.0	False
rush_hour_1080p25_60f	rush_hour_1080p25_60f	svtav1	svtav1_20190921_4e47e9b	60	55	747383.0	747.383	39.316500000000005	44.35133333333332	45.542	39.256545	44.342792	45.523025	77.149983	1094775.0	18.24625	1920	1080	25.0	8	29eaa4cbb4b4455f5ce526d97faaae24	3df59988f76c6e709406be79922e4a60	1920	1080	7169.0	3.0	8534.0	6637.0	False
rush_hour_1080p25_60f	rush_hour_1080p25_60f	svtav1	svtav1_20190921_4e47e9b	60	63	317710.0	317.71	36.73116666666666	42.52066666666668	43.31416666666668	36.613906	42.514975	43.2911	61.945058	785561.0	13.092683333333333	1920	1080	25.0	8	ccd56a492c46b3ba7b6b1c62c2b10bb9	92f933af7ef28639207c3a78f2aa8bfe	1920	1080	7366.0	4.0	6483.0	8889.0	False
wikipedia_420	wikipedia_420	svtav1	svtav1_20190921_4e47e9b	60	20	1742852.0	1742.852	55.80583333333335	53.246833333333356	54.16366666666665	55.78817	53.072803	54.104613	99.838441	1069740.0	17.829	1920	1080	30.0	8	922b4607d961b384fedbda044ba9ebd0	ea3cd3faa27dbacca0df4327d7f796dc	1920	1080	5951.0	4.0	1349.0	5900.0	False
wikipedia_420	wikipedia_420	svtav1	svtav1_20190921_4e47e9b	60	32	939764.0	939.764	51.17899999999998	50.88183333333333	52.087666666666685	51.169458	50.63672	52.025993	99.82438500000002	957807.0	15.96345	1920	1080	30.0	8	0ca43ad049bceef6c16600998d1e18d5	05ca42c0c64b5fcf02355e2e5500573b	1920	1080	6256.0	3.0	1258.0	5846.0	False
wikipedia_420	wikipedia_420	svtav1	svtav1_20190921_4e47e9b	60	43	633212.0	633.212	48.716	48.95466666666667	50.34933333333333	48.698752	48.791663	50.302497	99.797876	1035979.0	17.26631666666667	1920	1080	30.0	8	b1f9de94d1ef9274b44acdfcf69afe54	7bd65b7596eb1da4638ea58193bc82e6	1920	1080	5904.0	5.0	1557.0	5716.0	False
wikipedia_420	wikipedia_420	svtav1	svtav1_20190921_4e47e9b	60	55	461052.0	461.052	45.23616666666667	46.57449999999999	48.002166666666646	45.21536	46.510103	47.981123	99.687035	973862.0	16.231033333333333	1920	1080	30.0	8	14aa09cb09cdcb5b535a454e6a07dc55	74ed87bf33750f32e2b0ac2d45ff9a84	1920	1080	6076.0	4.0	1740.0	6895.0	False
wikipedia_420	wikipedia_420	svtav1	svtav1_20190921_4e47e9b	60	63	313604.0	313.604	38.58916666666666	43.25233333333333	44.47966666666667	38.53388499999999	43.189062	44.446295	98.892171	1146421.0	19.107016666666667	1920	1080	30.0	8	56f34499fcdfb7f503a5e9de0eaef99f	74e3c479c7af2b3bacac08865ff73e4b	1920	1080	6120.0	6.0	1667.0	5821.0	False
MINECRAFT_60f_420	MINECRAFT_60f_420	svtav1	svtav1_20190921_4e47e9b	60	20	88245784.0	88245.784	43.546833333333325	46.33683333333333	46.82150000000001	43.358757	46.179501	46.696806	99.950986	3416703.0	56.94505	1920	1080	60.0	8	958bec24fd95d3322617546cffe33aca	871c7e3683396e45108fcadfa3b37be5	1920	1080	10449.0	3.0	18707.0	6531.0	False
MINECRAFT_60f_420	MINECRAFT_60f_420	svtav1	svtav1_20190921_4e47e9b	60	32	52706280.0	52706.28	39.26666666666667	44.48083333333333	44.80366666666667	39.011261	44.36006	44.711867	99.915449	3030320.0	50.50533333333333	1920	1080	60.0	8	d8a65f8b0dc867e71f4b2846319609f8	cb005b53a0aca9a20b8e48fa5b433d97	1920	1080	10544.0	8.0	17098.0	7430.0	False
MINECRAFT_60f_420	MINECRAFT_60f_420	svtav1	svtav1_20190921_4e47e9b	60	43	24401216.0	24401.216	34.896166666666666	42.723833333333324	42.796000000000014	34.628834	42.642619	42.729606	96.632626	2190805.0	36.513416666666664	1920	1080	60.0	8	ac255cb1c4d0b91c4fdb3ff5a8ce773f	31b1e2093664ffd95e95a33a4f362902	1920	1080	11170.0	5.0	12615.0	8775.0	False
MINECRAFT_60f_420	MINECRAFT_60f_420	svtav1	svtav1_20190921_4e47e9b	60	55	9884944.0	9884.944	31.67899999999999	40.85666666666667	40.82500000000002	31.494213	40.807969	40.77974	84.42757	1334626.0	22.243766666666666	1920	1080	60.0	8	79a24626ab8e66a0888081d770252ebb	860bdd64874e7ff5fad07a8f7300a954	1920	1080	9734.0	4.0	10349.0	7005.0	False
MINECRAFT_60f_420	MINECRAFT_60f_420	svtav1	svtav1_20190921_4e47e9b	60	63	3361952.0	3361.952	28.771833333333344	38.349999999999994	38.587500000000006	28.652935	38.332388	38.567559	62.147228	1528890.0	25.4815	1920	1080	60.0	8	d68adebd7e083acdf2cd0944adb710ba	58a598dcd3eec4dbcd3f0aaec0774d8a	1920	1080	10092.0	4.0	7580.0	6226.0	False
kirland360p_60f	kirland360p_60f	svtav1	svtav1_20190921_4e47e9b	60	20	344068.0	344.068	47.55350000000001	48.56333333333332	49.84583333333333	47.47300400000001	48.53403	49.816883	96.056367	182073.0	3.03455	640	360	30.0	8	d94a5ff4924c7bb125881d2a1712caa5	4a240073c7483df5239276073de3d72d	640	360	1030.0	3.0	556.0	661.0	False
kirland360p_60f	kirland360p_60f	svtav1	svtav1_20190921_4e47e9b	60	32	154412.0	154.412	46.215	48.06416666666666	49.02216666666666	46.08823300000001	48.042267	48.999624	94.923835	138082.0	2.3013666666666666	640	360	30.0	8	8152dabdfe240e865e745b746bc28b67	52c4e6b30acb5e6bb1407a69b3dfc2e9	640	360	1121.0	3.0	417.0	477.0	False
kirland360p_60f	kirland360p_60f	svtav1	svtav1_20190921_4e47e9b	60	43	84256.0	84.256	44.49783333333333	47.38083333333332	47.87866666666668	44.308634	47.352623	47.81571999999999	92.525993	95368.0	1.5894666666666666	640	360	30.0	8	cdd4acc18346cbe944c7583502afc653	8087f4666bd4a9292a64bcded18e9669	640	360	962.0	3.0	377.0	548.0	False
kirland360p_60f	kirland360p_60f	svtav1	svtav1_20190921_4e47e9b	60	55	49108.0	49.108	42.19566666666669	46.49466666666665	46.426333333333325	41.940035	46.442852	46.278238	87.988825	115345.0	1.9224166666666667	640	360	30.0	8	ce69afe4c52ac60ec294ceb16b63dbd6	e1d9543f635d13009b55d40ecb4ad4d4	640	360	1044.0	3.0	321.0	489.0	False
kirland360p_60f	kirland360p_60f	svtav1	svtav1_20190921_4e47e9b	60	63	28796.0	28.796	39.16983333333333	45.204666666666675	44.85649999999998	38.853419	45.069853	44.581916	78.342867	52451.0	0.8741833333333333	640	360	30.0	8	0f92cf329b8ab9ce4eb4da7f0ce07718	07ca598468b3339bccdb5159f67afb88	640	360	997.0	2.0	259.0	738.0	False
Starting_1920x1080p_50_10b_pq_70	Starting_1920x1080p_50_10b_pq_70	svtav1	svtav1_20190921_4e47e9b	60	20	10202513.0	10202.513	47.073666666666654	50.05966666666666	51.886	46.916346	49.988911	51.829994000000006	96.419648	817117.0	13.618616666666666	1920	1080	50.0	10	2a6f543a9d2adbd23baab7c560cbc2b0	109ca9df597ac6f1c5faf0ea15d5d8ee	1920	1080	11015.0	5.0	7639.0	5596.0	False
Starting_1920x1080p_50_10b_pq_70	Starting_1920x1080p_50_10b_pq_70	svtav1	svtav1_20190921_4e47e9b	60	32	4056466.0	4056.466	45.66016666666666	48.84033333333335	50.250666666666646	45.597795	48.815076	50.221406	95.520132	1059503.0	17.658383333333333	1920	1080	50.0	10	0fbef5b0847777180a6080cc690fd6a3	4211a83848fd2256e0806463d016e33f	1920	1080	13098.0	4.0	7402.0	7336.0	False
Starting_1920x1080p_50_10b_pq_70	Starting_1920x1080p_50_10b_pq_70	svtav1	svtav1_20190921_4e47e9b	60	43	1842226.0	1842.226	43.914333333333346	47.504999999999995	48.44416666666665	43.874344	47.496869	48.435905	93.681297	622374.0	10.3729	1920	1080	50.0	10	a69c79c263798a3ebd5c0cce6c6134e5	0c004f1a19e30b25ca8e8b331b287d09	1920	1080	12051.0	18.0	10429.0	6597.0	False
Starting_1920x1080p_50_10b_pq_70	Starting_1920x1080p_50_10b_pq_70	svtav1	svtav1_20190921_4e47e9b	60	55	899380.0	899.38	41.34933333333335	45.70583333333336	46.13883333333333	41.326009	45.705341	46.138174	89.735253	392112.0	6.5352	1920	1080	50.0	10	fc8559ddf7bea9e6fcb59d71e2050408	05e132eaf9a0c7e85052d0ea40713af1	1920	1080	11171.0	3.0	5732.0	6138.0	False
Starting_1920x1080p_50_10b_pq_70	Starting_1920x1080p_50_10b_pq_70	svtav1	svtav1_20190921_4e47e9b	60	63	342073.0	342.073	36.43400000000001	43.03383333333333	43.24066666666668	36.432722	43.03397499999999	43.240408	74.903715	297531.0	4.95885	1920	1080	50.0	10	7c2f37018806fc6a36815b9a90d94ead	f3ede1a4c69a2abf6cafd1fb838a1d93	1920	1080	11209.0	3.0	5552.0	6002.0	False
red_kayak_360p_60f	red_kayak_360p_60f	svtav1	svtav1_20190921_4e47e9b	60	20	9351002.0	9351.002	41.28183333333335	44.82183333333333	49.36066666666667	41.168009	44.766661	49.343287	99.904978	564194.0	9.403233333333333	640	360	29.97	8	7a5108bacc0d7e3ed505aa84712d3b9b	90644f2977e086cbb3a44382851bf7d6	640	360	1563.0	3.0	2691.0	897.0	False
red_kayak_360p_60f	red_kayak_360p_60f	svtav1	svtav1_20190921_4e47e9b	60	32	5511798.0	5511.798	36.75766666666665	42.42116666666666	48.053666666666665	36.57769	42.358917	48.033187	99.813077	520030.0	8.667166666666667	640	360	29.97	8	7850617525ad58ab0987cb277b76400e	eb98b8203548fa8f8119bf5c9ca80da5	640	360	1509.0	2.0	2548.0	641.0	False
red_kayak_360p_60f	red_kayak_360p_60f	svtav1	svtav1_20190921_4e47e9b	60	43	2534033.0	2534.033	32.1135	40.135666666666665	46.86483333333333	31.927694	40.075223	46.833286	86.940539	380138.0	6.335633333333333	640	360	29.97	8	8b8ccec2a483845988fcf1d91163b06e	59a18c507b919eef6e5dd4f5694ea1bb	640	360	1540.0	4.0	2110.0	893.0	False
red_kayak_360p_60f	red_kayak_360p_60f	svtav1	svtav1_20190921_4e47e9b	60	55	877623.0	877.623	28.391666666666662	38.189	45.32933333333336	28.237153	38.139199	45.270453	61.903026	234536.0	3.908933333333333	640	360	29.97	8	dd57c2c6913f3f39908e729e9203ce1b	1f623733cfaa90f7464bd4ab3a48f8ef	640	360	1807.0	6.0	1767.0	569.0	False
red_kayak_360p_60f	red_kayak_360p_60f	svtav1	svtav1_20190921_4e47e9b	60	63	213375.0	213.375	25.760333333333328	36.46066666666666	43.95433333333333	25.644721	36.400767	43.753497	26.541457	181737.0	3.02895	640	360	29.97	8	26c3a82802451179bc367e54e0078c77	0de0743fd3e009ac63ec5747aa8a51e7	640	360	1570.0	7.0	1529.0	573.0	False
aspen_1080p_60f	aspen_1080p_60f	svtav1	svtav1_20190921_4e47e9b	60	20	10840386.0	10840.386	44.32299999999999	48.34183333333333	49.575999999999986	44.270673	48.327369	49.567076	98.185968	3051007.0	50.850116666666665	1920	1080	29.97	8	776fd02047f14353ccb8244505761db3	33a0ba2a4580f62c2644c637a4c5a418	1920	1080	6419.0	5.0	14597.0	6607.0	False
aspen_1080p_60f	aspen_1080p_60f	svtav1	svtav1_20190921_4e47e9b	60	32	3479895.0	3479.895	42.45000000000001	47.43016666666666	48.649833333333326	42.41147	47.425249	48.645748	94.647498	2117263.0	35.28771666666667	1920	1080	29.97	8	a1fd932105ccf1fcfbc62f726820f29e	9e208a7e6704043e764d48ca7a4d1cb0	1920	1080	6400.0	3.0	11225.0	6783.0	False
aspen_1080p_60f	aspen_1080p_60f	svtav1	svtav1_20190921_4e47e9b	60	43	1441910.0	1441.91	41.10616666666667	46.34516666666666	47.52183333333331	41.070241	46.338109	47.514468	90.093047	1725399.0	28.75665	1920	1080	29.97	8	c378471fb7c385d5af000862f53dd188	5fb8daf18dd6af475bc218d41a99ad8c	1920	1080	6627.0	3.0	8505.0	6038.0	False
aspen_1080p_60f	aspen_1080p_60f	svtav1	svtav1_20190921_4e47e9b	60	55	655489.0	655.489	39.349	44.733999999999995	45.75916666666667	39.30013900000001	44.722188	45.751374000000006	82.383907	1137865.0	18.964416666666665	1920	1080	29.97	8	1649ff15654a55ff7156dd8cd1a06f4c	7dd7d29874842f38dec6de48a9b175f0	1920	1080	6626.0	3.0	7127.0	5745.0	False
aspen_1080p_60f	aspen_1080p_60f	svtav1	svtav1_20190921_4e47e9b	60	63	282418.0	282.418	36.50666666666667	42.26083333333331	43.01683333333331	36.447105	42.247903	43.011337	66.624472	785628.0	13.0938	1920	1080	29.97	8	d7cecd200f9dcdb9b862c1dd435a4ca1	e898c03c01a92fc0bc0b499b59d21d62	1920	1080	6381.0	3.0	6125.0	5815.0	False
blue_sky_360p_60f	blue_sky_360p_60f	svtav1	svtav1_20190921_4e47e9b	60	20	1450830.0	1450.8299999999997	44.55466666666666	45.90216666666666	47.603833333333334	44.453758	45.824787	47.551781	99.945266	385656.0	6.4276	640	360	25.0	8	94e31152920504e1098507bbc6273b40	d23b6564eb0999c4f7177df2dbb845fe	640	360	1260.0	4.0	1529.0	483.0	False
blue_sky_360p_60f	blue_sky_360p_60f	svtav1	svtav1_20190921_4e47e9b	60	32	736643.0	736.643	41.65966666666667	43.69183333333332	45.32349999999998	41.52586800000001	43.639333	45.286332	99.930506	322234.0	5.370566666666667	640	360	25.0	8	260eda94c3ec53f1d0725066c8e6fda2	adcaf69de59f11d9f806256902987486	640	360	1590.0	12.0	1358.0	613.0	False
blue_sky_360p_60f	blue_sky_360p_60f	svtav1	svtav1_20190921_4e47e9b	60	43	381046.0	381.046	38.726833333333325	40.99766666666667	42.6335	38.588462	40.949056	42.60647000000001	99.543316	197362.0	3.2893666666666665	640	360	25.0	8	6a636a37b9dd9f5a52f27f3a8b1912c0	2da4bfd8bd37c2ebe0b7e65082b5169b	640	360	1574.0	4.0	1181.0	530.0	False
blue_sky_360p_60f	blue_sky_360p_60f	svtav1	svtav1_20190921_4e47e9b	60	55	200560.0	200.56	35.64183333333334	38.034000000000006	39.910666666666664	35.515317	38.003971	39.897799	94.667702	139786.0	2.3297666666666665	640	360	25.0	8	ae5dfe228bcb4cabf7a2c8643c500a19	0376c6eb714a8e9e5d5609717c29d204	640	360	1330.0	5.0	1032.0	647.0	False
blue_sky_360p_60f	blue_sky_360p_60f	svtav1	svtav1_20190921_4e47e9b	60	63	98293.0	98.29299999999999	31.828000000000007	35.01066666666668	37.799333333333344	31.758783	35.005281	37.79451099999999	83.656297	162362.0	2.7060333333333335	640	360	25.0	8	d89556d71c471b63e20710a5647a337d	0586f8b0d8386e38c499145025208ffd	640	360	1285.0	3.0	1058.0	728.0	False
Netflix_Crosswalk_1920x1080_60fp	Netflix_Crosswalk_1920x1080_60fp	svtav1	svtav1_20190921_4e47e9b	60	20	10719264.0	10719.264	45.826333333333345	48.57366666666667	50.42483333333334	45.808825	48.559733	50.403609	99.388953	1914609.0	31.91015	1920	1080	60.0	8	62abfd6a6d683f200362adb33a63ad6b	f40342d069aa052203698c6ec7901a9d	1920	1080	6303.0	4.0	13426.0	6127.0	False
Netflix_Crosswalk_1920x1080_60fp	Netflix_Crosswalk_1920x1080_60fp	svtav1	svtav1_20190921_4e47e9b	60	32	5294616.0	5294.616	44.74683333333334	47.961333333333336	49.79133333333334	44.713097	47.951189	49.775361	96.841847	1911199.0	31.853316666666668	1920	1080	60.0	8	9e52419c26dbb1258e724a8cf3fe55cb	99a642279e6e1443742009c3e636505b	1920	1080	6538.0	4.0	13033.0	6726.0	False
Netflix_Crosswalk_1920x1080_60fp	Netflix_Crosswalk_1920x1080_60fp	svtav1	svtav1_20190921_4e47e9b	60	43	2652224.0	2652.224	43.15099999999999	47.052499999999995	48.81133333333332	43.075074	47.040824	48.796945	91.681154	1445261.0	24.087683333333334	1920	1080	60.0	8	9d623a7d05380698c5f8eabd56c0a37a	a2a0463abdae67a8a0d1bc01fecad1a6	1920	1080	7500.0	14.0	11417.0	8779.0	False
Netflix_Crosswalk_1920x1080_60fp	Netflix_Crosswalk_1920x1080_60fp	svtav1	svtav1_20190921_4e47e9b	60	55	1358864.0	1358.864	41.01500000000001	45.817833333333326	47.50666666666666	40.875252	45.797949	47.486725	82.336055	1232640.0	20.544	1920	1080	60.0	8	0b8106c29ab69006b0e0daab3b9047b1	c425f40129396893b4be67cf2215f0b4	1920	1080	9788.0	14.0	9982.0	6330.0	False
Netflix_Crosswalk_1920x1080_60fp	Netflix_Crosswalk_1920x1080_60fp	svtav1	svtav1_20190921_4e47e9b	60	63	636360.0	636.36	38.12383333333334	44.06083333333334	45.662166666666664	37.958511	44.03873	45.640232	66.036523	900806.0	15.013433333333333	1920	1080	60.0	8	75ab405decc5cf4615b4e5bae17bef00	947c8662ff022c04335228fbe9c4ae97	1920	1080	6540.0	8.0	8760.0	6679.0	False
Netflix_TunnelFlag_1920x1080_60f	Netflix_TunnelFlag_1920x1080_60f	svtav1	svtav1_20190921_4e47e9b	60	20	33957840.0	33957.84	43.17250000000001	47.51916666666666	48.96833333333334	43.1262	47.497539	48.955833	99.920449	2729686.0	45.49476666666666	1920	1080	60.0	8	a7c8cb6275db3642a22f706670e621b1	a668b15c65f692b8cfe826baaf4ed4dd	1920	1080	8584.0	3.0	16248.0	6101.0	False
Netflix_TunnelFlag_1920x1080_60f	Netflix_TunnelFlag_1920x1080_60f	svtav1	svtav1_20190921_4e47e9b	60	32	17278424.0	17278.424	41.050999999999995	46.31466666666666	47.98466666666666	40.992302	46.299841	47.97467100000001	99.914414	2939246.0	48.987433333333335	1920	1080	60.0	8	76a3fa947809a8cd755fe984a5469498	504817b83ef68c903535eaa8c2eb04c8	1920	1080	10138.0	5.0	13793.0	6106.0	False
Netflix_TunnelFlag_1920x1080_60f	Netflix_TunnelFlag_1920x1080_60f	svtav1	svtav1_20190921_4e47e9b	60	43	8877536.0	8877.536	38.692999999999984	44.655833333333355	46.542	38.614126000000006	44.643045	46.529293	99.899486	1695899.0	28.264983333333333	1920	1080	60.0	8	1d4544006a87aa751d8883805c754e30	22278a644cbad51136bc8d59a077b16e	1920	1080	8434.0	4.0	12100.0	6698.0	False
Netflix_TunnelFlag_1920x1080_60f	Netflix_TunnelFlag_1920x1080_60f	svtav1	svtav1_20190921_4e47e9b	60	55	4574016.0	4574.016	36.150833333333324	42.56866666666668	44.84533333333332	36.05343	42.558342	44.837207	99.86252799999998	1604423.0	26.740383333333334	1920	1080	60.0	8	fb50e9e8f24a84f5f0429cfaf152be93	a2f922ab5031cf5555a018e182f680e8	1920	1080	10348.0	4.0	10770.0	6189.0	False
Netflix_TunnelFlag_1920x1080_60f	Netflix_TunnelFlag_1920x1080_60f	svtav1	svtav1_20190921_4e47e9b	60	63	2270592.0	2270.592	33.16983333333333	39.705499999999994	41.72933333333333	33.091472	39.702016	41.723891	98.582828	1062742.0	17.712366666666668	1920	1080	60.0	8	6ab63a13ef208a4c9b0007ed37b36eea	dc8c87b860a65dbdeb882d74c7b6cbbb	1920	1080	10335.0	8.0	9232.0	6464.0	False
Netflix_SquareAndTimelapse_1920x	Netflix_SquareAndTimelapse_1920x	svtav1	svtav1_20190921_4e47e9b	60	20	23916512.0	23916.512	45.03600000000001	49.43583333333335	48.66416666666667	45.003157	49.426951	48.649909	99.913575	3249635.0	54.160583333333335	1920	1080	60.0	8	b8811d8c3761f0e644b313746f1caedd	c3f54c8169ce36c4478b197f99f0371b	1920	1080	9304.0	8.0	17120.0	6389.0	False
Netflix_SquareAndTimelapse_1920x	Netflix_SquareAndTimelapse_1920x	svtav1	svtav1_20190921_4e47e9b	60	32	13454256.0	13454.256	42.71699999999999	47.836666666666666	46.85266666666666	42.672467	47.827125	46.837321	99.903941	2306659.0	38.444316666666666	1920	1080	60.0	8	9a374bc49a1d41f5af9d29539ae5c555	3c54636ac27edd4d1df87dace7c9c07b	1920	1080	9315.0	3.0	11412.0	6215.0	False
Netflix_SquareAndTimelapse_1920x	Netflix_SquareAndTimelapse_1920x	svtav1	svtav1_20190921_4e47e9b	60	43	7446072.0	7446.072	39.936666666666675	45.833	44.609500000000004	39.87521	45.82139300000001	44.591973	99.261251	1915702.0	31.928366666666665	1920	1080	60.0	8	914ad1f4e5622e033bc5b669020f8cc7	572f18a09ba72e5b7857847fe3eab68a	1920	1080	9108.0	2.0	10519.0	6283.0	False
Netflix_SquareAndTimelapse_1920x	Netflix_SquareAndTimelapse_1920x	svtav1	svtav1_20190921_4e47e9b	60	55	3989120.0	3989.12	36.77333333333332	43.52383333333333	42.202833333333345	36.695197	43.513647	42.184895	92.227115	1810943.0	30.182383333333334	1920	1080	60.0	8	a3dd1375f09ac1cacbe7d4716efa9334	7c4035fac6a0333708d8138cc69efb33	1920	1080	9256.0	9.0	9703.0	7273.0	False
Netflix_SquareAndTimelapse_1920x	Netflix_SquareAndTimelapse_1920x	svtav1	svtav1_20190921_4e47e9b	60	63	1857232.0	1857.232	33.04366666666666	40.50366666666666	39.17550000000002	32.98636	40.499038	39.16488	76.416949	1001491.0	16.691516666666665	1920	1080	60.0	8	a211641431ca8e72bbf3560a07fcf949	f25da449e5093db001b68dc6eeb1b036	1920	1080	8698.0	4.0	7723.0	6375.0	False
dark720p_60f	dark720p_60f	svtav1	svtav1_20190921_4e47e9b	60	20	8606092.0	8606.092	46.63266666666667	44.35299999999999	45.893333333333345	46.420172	44.002114	45.554159	96.479151	1567575.0	26.12625	1280	720	30.0	8	1cffa93a84056b5b30a3137107e86917	69874c50f2d21c8ff56340cc2621fae7	1280	720	3497.0	4.0	8577.0	2698.0	False
dark720p_60f	dark720p_60f	svtav1	svtav1_20190921_4e47e9b	60	32	2577192.0	2577.192	43.91966666666665	39.74100000000001	42.36066666666667	43.771307	39.476617	42.190429	93.533023	1032254.0	17.204233333333335	1280	720	30.0	8	e33230b8f5480987183c5040b2c8829a	b4eed2e1fdf23168fbaed49ed5283bd0	1280	720	3314.0	3.0	7225.0	2351.0	False
dark720p_60f	dark720p_60f	svtav1	svtav1_20190921_4e47e9b	60	43	626640.0	626.64	42.47099999999999	37.278999999999996	41.12783333333332	42.40329	37.138987	41.058634	90.878803	742435.0	12.373916666666666	1280	720	30.0	8	d3e62a173226bfb8e2393876c2c84647	ce646e145cbd82d4f5082a1b23786ae1	1280	720	3373.0	2.0	4118.0	2313.0	False
dark720p_60f	dark720p_60f	svtav1	svtav1_20190921_4e47e9b	60	55	197268.0	197.268	41.224833333333336	36.50050000000001	40.258000000000024	41.194236	36.471774	40.241522	87.561347	438444.0	7.3074	1280	720	30.0	8	a001c2338b544e3a29ffe98fe0ad79eb	2e11ebf0b2930da698882f7af63c628b	1280	720	3194.0	3.0	2597.0	2358.0	False
dark720p_60f	dark720p_60f	svtav1	svtav1_20190921_4e47e9b	60	63	73664.0	73.664	38.910499999999985	35.49249999999999	38.87366666666665	38.893211	35.486626	38.861827999999996	78.933858	398088.0	6.6348	1280	720	30.0	8	47f2a841c61af077829737a7ee4390be	c1f1d9c0a63cbb34954692a44bc54308	1280	720	3428.0	4.0	2118.0	2573.0	False
STARCRAFT_60f_420	STARCRAFT_60f_420	svtav1	svtav1_20190921_4e47e9b	60	20	8047960.0	8047.96	50.69983333333333	53.72116666666667	53.7155	50.684886	53.712445	53.71030699999999	97.655025	1315729.0	21.928816666666666	1920	1080	60.0	8	b1078fac23378c961f19d0601cc7d616	48af0764626976404cf974c564ab11e7	1920	1080	8175.0	7.0	1916.0	5973.0	False
STARCRAFT_60f_420	STARCRAFT_60f_420	svtav1	svtav1_20190921_4e47e9b	60	32	5255376.0	5255.376	48.286166666666674	52.113666666666674	52.211166666666664	48.257198	52.094189	52.201606	97.166205	1191196.0	19.853266666666666	1920	1080	60.0	8	6cc82b493433ee03ff2e620fe598597c	b770cbf58e6d4a428b2644512868bb7f	1920	1080	8484.0	3.0	1926.0	6448.0	False
STARCRAFT_60f_420	STARCRAFT_60f_420	svtav1	svtav1_20190921_4e47e9b	60	43	2961304.0	2961.3039999999996	44.641333333333336	49.48966666666667	49.65800000000001	44.611274	49.466966	49.647688	95.886015	723840.0	12.064	1920	1080	60.0	8	0f0e6c22ba0fddd21d91dacbc93089dc	9831e10840034861582092bea05ff0a7	1920	1080	7504.0	4.0	1706.0	5672.0	False
STARCRAFT_60f_420	STARCRAFT_60f_420	svtav1	svtav1_20190921_4e47e9b	60	55	1533616.0	1533.6159999999998	40.58916666666666	46.390833333333326	46.57516666666667	40.56621499999999	46.375799	46.567005	92.734537	692794.0	11.546566666666667	1920	1080	60.0	8	71d2a75ad8d7108644f3fad9db2b3ca2	4881f4196925440db001b6d5a74f993f	1920	1080	7700.0	3.0	1910.0	6109.0	False
STARCRAFT_60f_420	STARCRAFT_60f_420	svtav1	svtav1_20190921_4e47e9b	60	63	603944.0	603.944	35.257	42.284499999999994	42.53183333333332	35.251363	42.28059	42.5282	82.22147	665887.0	11.098116666666666	1920	1080	60.0	8	f31e99da701dd8b44502f23b94b1c1f8	6152f0f8b3dc8796e8b457a33c16839c	1920	1080	9806.0	3.0	1635.0	6079.0	False
shields_640x360_60f	shields_640x360_60f	svtav1	svtav1_20190921_4e47e9b	60	20	2811560.0	2811.56	42.50716666666666	45.748166666666684	47.42016666666665	42.345103	45.709832	47.349064	99.485836	436339.0	7.272316666666667	640	360	50.0	8	aff4e0f7e8513bf96a3b9742d43f8fab	8583bdb6c76e01418516cdb014a919aa	640	360	1896.0	3.0	1177.0	620.0	False
shields_640x360_60f	shields_640x360_60f	svtav1	svtav1_20190921_4e47e9b	60	32	1363426.0	1363.426	40.622499999999995	43.97966666666668	45.55583333333333	40.409387	43.943126	45.453841	99.431237	299262.0	4.9877	640	360	50.0	8	ed6e1f96ba7b9b2137a1335a65a956ed	bf01783a8507e7dc9e74567344a5e264	640	360	1688.0	4.0	1245.0	603.0	False
shields_640x360_60f	shields_640x360_60f	svtav1	svtav1_20190921_4e47e9b	60	43	704906.0	704.9060000000001	38.118000000000016	41.37166666666666	43.06733333333332	37.843858	41.291146	42.906387	99.395005	325853.0	5.430883333333333	640	360	50.0	8	5a74838dfbbf935e5b6a5643840fc9c0	65a57ac353917875c9492c4fbc383ef1	640	360	1984.0	3.0	822.0	622.0	False
shields_640x360_60f	shields_640x360_60f	svtav1	svtav1_20190921_4e47e9b	60	55	390026.0	390.026	35.29333333333333	38.817333333333345	40.748	34.948477	38.67479	40.519278	97.037178	171356.0	2.855933333333333	640	360	50.0	8	b3060b4c57615a50c48b93d95a7b3a30	86a32979cb06d400684eb39ffbcbfc0a	640	360	1849.0	3.0	728.0	574.0	False
shields_640x360_60f	shields_640x360_60f	svtav1	svtav1_20190921_4e47e9b	60	63	183806.0	183.806	31.1825	36.038	37.835666666666654	30.739313	35.812901	37.579082	85.46384199999999	150306.0	2.5051	640	360	50.0	8	1e0721c321c20988fadde99ec5bc9d35	ef0fc91dfe9313bf93211f6fdc099b26	640	360	1885.0	12.0	626.0	620.0	False
Netflix_RollerCoaster_1280x720_6	Netflix_RollerCoaster_1280x720_6	svtav1	svtav1_20190921_4e47e9b	60	20	10111312.0	10111.312	45.23149999999998	47.23583333333333	47.25883333333333	45.19458	47.218849	47.244678	99.906727	1528931.0	25.48218333333333	1280	720	60.0	8	fe5e70afd4cf819d15006956260fc604	6663c942328b4ebe99ba26c6d7495cbd	1280	720	5405.0	25.0	5674.0	2501.0	False
Netflix_RollerCoaster_1280x720_6	Netflix_RollerCoaster_1280x720_6	svtav1	svtav1_20190921_4e47e9b	60	32	5053792.0	5053.792	43.06933333333334	45.679	46.01683333333332	43.010118	45.65641	46.006016	99.863797	1088348.0	18.139133333333334	1280	720	60.0	8	333879a7c082ac8c53e692de0b895d89	27a95a68f3b0fe761afc132cb0ed652a	1280	720	3873.0	3.0	5004.0	2899.0	False
Netflix_RollerCoaster_1280x720_6	Netflix_RollerCoaster_1280x720_6	svtav1	svtav1_20190921_4e47e9b	60	43	2524184.0	2524.184	40.50483333333334	43.61016666666665	44.32133333333332	40.43845	43.583907	44.312254	98.163202	1072921.0	17.882016666666665	1280	720	60.0	8	e4de3e6731084981d009a74b330400aa	e7761010a62afeb99fe6f996babed770	1280	720	3998.0	3.0	4350.0	2457.0	False
Netflix_RollerCoaster_1280x720_6	Netflix_RollerCoaster_1280x720_6	svtav1	svtav1_20190921_4e47e9b	60	55	1321264.0	1321.264	37.87083333333332	41.41466666666667	42.57766666666666	37.803016	41.385606	42.566471	91.772422	577766.0	9.629433333333333	1280	720	60.0	8	7d07f1ba9701034524ce3c8c6b487c39	652b033585a17eb5898ddb32852c986a	1280	720	3693.0	7.0	4258.0	2508.0	False
Netflix_RollerCoaster_1280x720_6	Netflix_RollerCoaster_1280x720_6	svtav1	svtav1_20190921_4e47e9b	60	63	611912.0	611.912	34.414500000000004	38.55316666666668	40.297833333333344	34.344125	38.526285	40.28923	76.375538	482679.0	8.04465	1280	720	60.0	8	d3d4da9ce47777dc9dff2b32d3035796	c01d8f892ebffbcdc9b57e3e420309f6	1280	720	3997.0	2.0	3379.0	2805.0	False
Netflix_PierSeaside_1920x1080_60	Netflix_PierSeaside_1920x1080_60	svtav1	svtav1_20190921_4e47e9b	60	20	10684208.0	10684.208	45.77666666666665	47.696	45.73416666666666	45.739777	47.675559	45.70373200000001	99.892719	1892021.0	31.533683333333332	1920	1080	60.0	8	9536489c79567bd91ea142d3f7d70b33	157ac1278e46265a4cc47f0a42f9b903	1920	1080	7422.0	8.0	8173.0	5674.0	False
Netflix_PierSeaside_1920x1080_60	Netflix_PierSeaside_1920x1080_60	svtav1	svtav1_20190921_4e47e9b	60	32	4303736.0	4303.736	44.17100000000001	46.92999999999999	45.10499999999998	44.115258	46.915661	45.088177	99.55415	1357458.0	22.6243	1920	1080	60.0	8	44dcbbdfa933a965a6e8992e83c1fe2e	5b8d19cc70b452ad59ea94361281b86e	1920	1080	7521.0	2.0	7671.0	6457.0	False
Netflix_PierSeaside_1920x1080_60	Netflix_PierSeaside_1920x1080_60	svtav1	svtav1_20190921_4e47e9b	60	43	2006976.0	2006.976	42.35	45.88016666666666	44.35883333333333	42.271383	45.866779	44.345499	98.097376	1068559.0	17.809316666666668	1920	1080	60.0	8	6d96e39a0dc139d066cb76c74ae9caaa	d88ecccd5f28ce0b3ea00a8e6ae05e14	1920	1080	7349.0	3.0	6468.0	5588.0	False
Netflix_PierSeaside_1920x1080_60	Netflix_PierSeaside_1920x1080_60	svtav1	svtav1_20190921_4e47e9b	60	55	899736.0	899.736	40.010666666666665	44.0045	42.964333333333336	39.941704	43.996469	42.95679	94.101419	885965.0	14.766083333333333	1920	1080	60.0	8	6f44b00ca839a65934829949361a17b0	2c5646b2cbc519324c0f7aa51c262d68	1920	1080	7485.0	3.0	6306.0	5432.0	False
Netflix_PierSeaside_1920x1080_60	Netflix_PierSeaside_1920x1080_60	svtav1	svtav1_20190921_4e47e9b	60	63	347656.0	347.656	36.45399999999999	41.08549999999999	40.56949999999998	36.434079	41.083842	40.567474999999995	82.79095	651053.0	10.850883333333334	1920	1080	60.0	8	0de1174bbd0358bd530e663ab657072a	5f514c7d8d6eefc1173142f0ef177ebd	1920	1080	7066.0	3.0	10159.0	5923.0	False
ShowGirl2TeaserClip4000_1920x108	ShowGirl2TeaserClip4000_1920x108	svtav1	svtav1_20190921_4e47e9b	60	20	11053630.0	11053.63	43.142166666666675	46.87866666666668	49.73416666666667	42.86566	46.810927	49.713982	95.45455	1540758.0	25.6793	1920	1080	25.0	10	abd0d5c1e985ef6ac74573a00599b1b8	d38140c8090e6dde7efdd5302968d44f	1920	1080	12543.0	4.0	13490.0	6320.0	False
ShowGirl2TeaserClip4000_1920x108	ShowGirl2TeaserClip4000_1920x108	svtav1	svtav1_20190921_4e47e9b	60	32	3446640.0	3446.64	41.94216666666667	46.32749999999998	48.99383333333333	41.866027	46.320469	48.99117	93.5914	824977.0	13.749616666666666	1920	1080	25.0	10	b38390ad6b239b9462168b27f41c963b	4389afa84f9433f496b501ce76cc9e5c	1920	1080	12686.0	4.0	9617.0	6297.0	False
ShowGirl2TeaserClip4000_1920x108	ShowGirl2TeaserClip4000_1920x108	svtav1	svtav1_20190921_4e47e9b	60	43	1169610.0	1169.61	40.899333333333324	45.81833333333332	48.182833333333335	40.872585	45.816471	48.181677	90.634546	744000.0	12.4	1920	1080	25.0	10	a6cd4c69f01c4b57699d02015c0e0b7b	b067845408c0af30973e23fcdd3a8f98	1920	1080	13824.0	2.0	7875.0	6473.0	False
ShowGirl2TeaserClip4000_1920x108	ShowGirl2TeaserClip4000_1920x108	svtav1	svtav1_20190921_4e47e9b	60	55	466310.0	466.31	39.36316666666666	45.02483333333332	47.01999999999998	39.327822	45.02402	47.018954	84.854169	558964.0	9.316066666666666	1920	1080	25.0	10	6555f5c821fdb8bbf63027c3f281e8b4	16ef19cae0f27a697e8d887ff6e87507	1920	1080	13771.0	7.0	6402.0	6297.0	False
ShowGirl2TeaserClip4000_1920x108	ShowGirl2TeaserClip4000_1920x108	svtav1	svtav1_20190921_4e47e9b	60	63	196916.0	196.916	36.597166666666666	43.29766666666663	45.11916666666669	36.562938	43.297366	45.11884	71.207951	320415.0	5.34025	1920	1080	25.0	10	20d457b2116dfdffa81ceb0593c22ae1	dd566edc333e66aa65f3d4c4e79c9d4c	1920	1080	13364.0	4.0	4784.0	5972.0	False
Cosmos1_1920x856_BT2100_PQ_24fps	Cosmos1_1920x856_BT2100_PQ_24fps	svtav1	svtav1_20190921_4e47e9b	60	20	28516630.0	28516.63	42.81116666666667	45.51716666666667	47.98016666666667	42.553225	45.357085	47.892575	99.481489	1482942.0	24.7157	1920	856	24.0	10	88b90266610bc0fbffbb1f07e4890f7b	3690e681d27c0af716fd2b7eee4aa28e	1920	856	11586.0	3.0	24065.0	5720.0	False
Cosmos1_1920x856_BT2100_PQ_24fps	Cosmos1_1920x856_BT2100_PQ_24fps	svtav1	svtav1_20190921_4e47e9b	60	32	12380720.0	12380.72	38.88166666666666	43.40933333333335	46.27133333333336	38.603998	43.32727	46.236299	95.624602	1185195.0	19.75325	1920	856	24.0	10	f9fc02f0e02f4fe76de5a77194957bf8	01c0d60fe6b551fe3ddc67830e6ea0cc	1920	856	11806.0	4.0	15868.0	5479.0	False
Cosmos1_1920x856_BT2100_PQ_24fps	Cosmos1_1920x856_BT2100_PQ_24fps	svtav1	svtav1_20190921_4e47e9b	60	43	4743804.0	4743.804	35.80316666666668	41.64349999999999	44.618	35.632035	41.59772	44.594392	85.54808900000002	730543.0	12.175716666666666	1920	856	24.0	10	c2af61a44280ea9d65416fb67313b507	db68ade835cebb2e0c8e7b9a03e9b9b7	1920	856	11029.0	3.0	11679.0	4636.0	False
Cosmos1_1920x856_BT2100_PQ_24fps	Cosmos1_1920x856_BT2100_PQ_24fps	svtav1	svtav1_20190921_4e47e9b	60	55	1905168.0	1905.168	33.16166666666666	40.14183333333334	42.914666666666676	33.039103	40.104993	42.90364	68.388774	472641.0	7.87735	1920	856	24.0	10	ff6c1041aeaf2ece7bb0c4ab9618bdf1	283f45b46cb77846d861f0adf16d2d61	1920	856	11317.0	3.0	9946.0	4626.0	False
Cosmos1_1920x856_BT2100_PQ_24fps	Cosmos1_1920x856_BT2100_PQ_24fps	svtav1	svtav1_20190921_4e47e9b	60	63	642342.0	642.342	30.311333333333327	38.3765	41.31683333333334	30.219092	38.350883	41.312094	43.379218	476555.0	7.942583333333333	1920	856	24.0	10	63cdcfbdc77a15849a4ee65f9817784e	82cf4c6159d9b46872eed83147dd294d	1920	856	11556.0	2.0	8155.0	6652.0	False
life_1080p30_60f	life_1080p30_60f	svtav1	svtav1_20190921_4e47e9b	60	20	14297864.0	14297.864	44.99049999999999	50.767666666666656	50.08900000000001	44.948683	50.74763599999999	50.071967	99.57447900000001	2105422.0	35.09036666666667	1920	1080	30.0	8	ad04cb31d6cc647ccdcd6ca961ce6e48	2d44c3a54dc76a0750d3e7df38ef37e6	1920	1080	8792.0	3.0	9343.0	5837.0	False
life_1080p30_60f	life_1080p30_60f	svtav1	svtav1_20190921_4e47e9b	60	32	7038244.0	7038.244	42.246500000000005	48.357166666666686	48.065500000000014	42.195607	48.33251	48.046844	98.096348	2702047.0	45.03411666666667	1920	1080	30.0	8	2eeaafe6ec483dfeeaa9dd4568c9dc65	b515090c871fcfb3aed67aa8ee6e1053	1920	1080	9804.0	14.0	16268.0	7247.0	False
life_1080p30_60f	life_1080p30_60f	svtav1	svtav1_20190921_4e47e9b	60	43	3440068.0	3440.068	39.470666666666666	45.983333333333356	45.851833333333346	39.420931	45.953798	45.830071	95.099543	1419201.0	23.65335	1920	1080	30.0	8	7701d4fda0bbd62a0df1d5219a087e80	c5c91926563f138ecebe0b1fc43f487f	1920	1080	11300.0	5.0	8163.0	6881.0	False
life_1080p30_60f	life_1080p30_60f	svtav1	svtav1_20190921_4e47e9b	60	55	1630640.0	1630.64	36.37	43.54783333333333	43.48150000000001	36.328757	43.516739	43.45883	89.477296	1247720.0	20.795333333333332	1920	1080	30.0	8	59ed0344e2507eaeb07f6dc8266aa379	1f88c49086724d275517c5e2eab16f49	1920	1080	9348.0	4.0	7107.0	6203.0	False
life_1080p30_60f	life_1080p30_60f	svtav1	svtav1_20190921_4e47e9b	60	63	627196.0	627.196	32.87566666666667	40.566500000000005	40.337833333333336	32.849781	40.543452	40.326326	77.160664	1003738.0	16.72896666666667	1920	1080	30.0	8	a09709d97af451cab08db95eb156daf9	d2205fa7b6a816e9a0d58d78ab4f87d8	1920	1080	8629.0	4.0	6428.0	6414.0	False
speed_bag_640x360_60f	speed_bag_640x360_60f	svtav1	svtav1_20190921_4e47e9b	60	20	548405.0	548.405	47.20016666666667	50.01733333333334	51.39733333333332	47.12127	49.968024	51.340778	98.282504	281625.0	4.69375	640	360	29.97	8	052919f1e49cfad8dd4026362254c278	4b5c458dd971983a790ea9504f5ee68b	640	360	958.0	4.0	1149.0	845.0	False
speed_bag_640x360_60f	speed_bag_640x360_60f	svtav1	svtav1_20190921_4e47e9b	60	32	283856.0	283.856	45.27099999999999	48.52983333333335	50.10166666666667	45.163167	48.472995	50.021804	97.392609	231137.0	3.8522833333333333	640	360	29.97	8	508905ee82d0c4d8161e3f8275d12945	10605d8bc0323b79c89e085336eb3de7	640	360	1142.0	3.0	1031.0	536.0	False
speed_bag_640x360_60f	speed_bag_640x360_60f	svtav1	svtav1_20190921_4e47e9b	60	43	154724.0	154.724	43.02700000000001	46.566166666666646	48.447333333333326	42.862288	46.494014	48.329029	94.960403	240760.0	4.012666666666667	640	360	29.97	8	266666524643281ae7430bd5ec770d89	d8ec994193b1d4ded30112d313f53c99	640	360	1182.0	5.0	930.0	551.0	False
speed_bag_640x360_60f	speed_bag_640x360_60f	svtav1	svtav1_20190921_4e47e9b	60	55	86179.0	86.179	40.348333333333336	44.408	46.70083333333333	40.10937	44.325251	46.519575	87.976572	189347.0	3.1557833333333334	640	360	29.97	8	19352b3a18bf38de3ad08dc75a6efa0b	20948a54a8278813f700f30eeaf89120	640	360	1100.0	3.0	787.0	724.0	False
speed_bag_640x360_60f	speed_bag_640x360_60f	svtav1	svtav1_20190921_4e47e9b	60	63	45880.0	45.88	36.91899999999998	41.70833333333333	44.37066666666668	36.642155	41.623122	44.153005	74.251769	104880.0	1.748	640	360	29.97	8	7fe347a2c9aa1b9c471dba569a88ad6b	7f11cf6158df329e0f9c8d7620705c3c	640	360	1080.0	3.0	645.0	597.0	False
Netflix_Boat_1920x1080_60fps_8bi	Netflix_Boat_1920x1080_60fps_8bi	svtav1	svtav1_20190921_4e47e9b	60	20	33238648.0	33238.648	44.077500000000015	46.57600000000001	48.379166666666684	44.021668	46.54162800000001	48.358244	99.92439	2574313.0	42.90521666666667	1920	1080	60.0	8	266bc6a8ee4c8cec8ffabb0c3585cfee	4d0d7cb244a488432597c06b8fb869a8	1920	1080	10039.0	4.0	10734.0	6181.0	False
Netflix_Boat_1920x1080_60fps_8bi	Netflix_Boat_1920x1080_60fps_8bi	svtav1	svtav1_20190921_4e47e9b	60	32	18100304.0	18100.304	41.631833333333326	45.00466666666667	46.45483333333332	41.556855	44.981084	46.44297199999999	99.751177	1983412.0	33.056866666666664	1920	1080	60.0	8	f327a41f5653eaeacf580f4a289bf0d8	c461bd79d6ec4accb03c8ed7a6c49698	1920	1080	9422.0	3.0	9650.0	6026.0	False
Netflix_Boat_1920x1080_60fps_8bi	Netflix_Boat_1920x1080_60fps_8bi	svtav1	svtav1_20190921_4e47e9b	60	43	10047480.0	10047.48	38.77016666666666	43.30649999999998	44.31833333333332	38.667728	43.284074	44.309244	96.865826	1758759.0	29.31265	1920	1080	60.0	8	c3e5a81324ff04593142c68bf282852c	2a75a96b7e1667b54d38e0209fbe8a7d	1920	1080	10350.0	3.0	8605.0	6117.0	False
Netflix_Boat_1920x1080_60fps_8bi	Netflix_Boat_1920x1080_60fps_8bi	svtav1	svtav1_20190921_4e47e9b	60	55	5246976.0	5246.976	35.3525	41.4745	42.17866666666669	35.225766	41.455834	42.176056	90.064593	1854699.0	30.91165	1920	1080	60.0	8	c17f99425f91a92cead94438bf482af0	8fb07f89f2455c03b5123d03104b9c5d	1920	1080	10673.0	4.0	7968.0	6943.0	False
Netflix_Boat_1920x1080_60fps_8bi	Netflix_Boat_1920x1080_60fps_8bi	svtav1	svtav1_20190921_4e47e9b	60	63	2349616.0	2349.616	31.312333333333346	38.92183333333332	39.492833333333316	31.249805	38.917669	39.492431	76.211478	1141359.0	19.02265	1920	1080	60.0	8	ee2641ca82de931669e8a2a4f12dad74	b334d7d995dece3d334b79b04a1781ac	1920	1080	10604.0	12.0	6515.0	6352.0	False
thaloundeskmtg360p_60f	thaloundeskmtg360p_60f	svtav1	svtav1_20190921_4e47e9b	60	20	1014540.0	1014.5399999999998	44.81750000000002	48.81249999999999	48.784	44.605523999999996	48.767502	48.753277	97.025295	308503.0	5.1417166666666665	640	360	30.0	8	cd9cbb00562b16680849de130a9464e4	63cc2c2c2d9440ca382bcf2a970f5e86	640	360	1373.0	3.0	937.0	748.0	False
thaloundeskmtg360p_60f	thaloundeskmtg360p_60f	svtav1	svtav1_20190921_4e47e9b	60	32	486940.0	486.94	43.11133333333334	47.47066666666665	47.54183333333335	42.805775	47.425586	47.505315	95.933784	241105.0	4.018416666666667	640	360	30.0	8	6f097b5ca9f9c06b2d6c008d26c958ca	089dd5057ea3a6db19ed5619ce056de0	640	360	1400.0	10.0	718.0	761.0	False
thaloundeskmtg360p_60f	thaloundeskmtg360p_60f	svtav1	svtav1_20190921_4e47e9b	60	43	263384.0	263.384	41.053833333333344	45.84733333333333	45.94966666666666	40.642914	45.773908	45.886647	94.02766	206563.0	3.4427166666666666	640	360	30.0	8	27c36a210fa853016d3922702ff02316	f57215b8df9ac496af501ec2f3bc33e5	640	360	1391.0	13.0	598.0	613.0	False
thaloundeskmtg360p_60f	thaloundeskmtg360p_60f	svtav1	svtav1_20190921_4e47e9b	60	55	144036.0	144.036	38.28766666666666	43.70199999999998	43.63133333333335	37.828666	43.599153	43.516878	90.045633	130158.0	2.1693	640	360	30.0	8	a6212ac99ee58aad1247c97ed03edf4e	e7fa7bda728bb6eb5f091e6c295b997f	640	360	1487.0	3.0	484.0	630.0	False
thaloundeskmtg360p_60f	thaloundeskmtg360p_60f	svtav1	svtav1_20190921_4e47e9b	60	63	72868.0	72.868	34.415	40.50333333333332	40.620666666666686	33.819825	40.409272	40.488804	79.573197	84805.0	1.4134166666666668	640	360	30.0	8	ee253f4b15ef3268ea9657498ae2fc99	b1cd7a7fa7b8e605d0e6b0279cf0083d	640	360	1296.0	4.0	428.0	557.0	False
gipsrestat720p_60f	gipsrestat720p_60f	svtav1	svtav1_20190921_4e47e9b	60	20	4115513.0	4115.513	45.06050000000001	47.56799999999999	49.17050000000001	45.031531	47.560236	49.164887	97.044462	941352.0	15.6892	1280	720	50.0	8	8271861ee711d542231bef2169a804ef	661b55664462a20e94d6fb0888fc8bd0	1280	720	3819.0	3.0	2848.0	2419.0	False
gipsrestat720p_60f	gipsrestat720p_60f	svtav1	svtav1_20190921_4e47e9b	60	32	1508480.0	1508.48	43.44583333333335	46.94666666666669	48.432833333333335	43.4066	46.943482	48.42446499999999	95.872255	901154.0	15.019233333333334	1280	720	50.0	8	3d90f3075aaab9b0ba21703a54e7df80	745302cbd41967bf6f6423afa94ca261	1280	720	3965.0	2.0	1893.0	2500.0	False
gipsrestat720p_60f	gipsrestat720p_60f	svtav1	svtav1_20190921_4e47e9b	60	43	763053.0	763.053	41.788	46.137166666666666	47.42550000000001	41.72232	46.13522	47.419906	94.095092	585749.0	9.762483333333334	1280	720	50.0	8	d68457b0dc35f8d57cd7079b5c97516b	0f7a58777343e8480f957a31dd33f180	1280	720	3850.0	3.0	1645.0	2468.0	False
gipsrestat720p_60f	gipsrestat720p_60f	svtav1	svtav1_20190921_4e47e9b	60	55	418206.0	418.206	39.690500000000014	44.71383333333333	45.73483333333332	39.638738	44.7115	45.731933	90.94336	354139.0	5.902316666666667	1280	720	50.0	8	8d4893208d8eef79c47fe0c97a912d9b	c1aebb0968066e9977688d2652f46a76	1280	720	3756.0	3.0	1305.0	2532.0	False
gipsrestat720p_60f	gipsrestat720p_60f	svtav1	svtav1_20190921_4e47e9b	60	63	193593.0	193.593	35.99199999999999	42.04250000000002	42.55350000000001	35.976945	42.0414	42.552517	82.116473	274380.0	4.573	1280	720	50.0	8	a8d5c715f01a64851372e46b632336c2	5a9608ea13028fb48c5c7f88cc6fef81	1280	720	3993.0	3.0	938.0	2452.0	False
