KristenAndSara_1280x720_60_10b	KristenAndSara_1280x720_60_10b	svtav1	svtav1_20200120_f229f7e_enc-mode0	60	20	0	3389568.0	3389.568	44.959999999999994	49.60299999999998	50.62099999999999	44.953175	49.600892	50.620537	97.1185667846173	2819299.0	46.98831666666667	4498.58	1280	720	60.0	10	3c43ec92509b1f707493e465465d2ac0	337e07d7ba6af80ab3f9bd2f96b2822b	1280	720	8581.0	5.0	1331.0	10445.0	True	True	0.9963481585184734	0.9957805162005691
KristenAndSara_1280x720_60_10b	KristenAndSara_1280x720_60_10b	svtav1	svtav1_20200120_f229f7e_enc-mode0	60	32	0	1260976.0	1260.976	43.66383333333333	48.655999999999985	49.65099999999999	43.654937	48.653627	49.649411	96.20910469401548	1918510.0	31.975166666666667	3107.43	1280	720	60.0	10	be759bf4ad8a41a7accd98347cbafe3a	76014ac57967bf6144d211216df5709a	1280	720	9386.0	7.0	1460.0	11138.0	True	True	0.9950953483581543	0.9946188839723498
KristenAndSara_1280x720_60_10b	KristenAndSara_1280x720_60_10b	svtav1	svtav1_20200120_f229f7e_enc-mode0	60	43	0	668808.0	668.8079999999999	42.25216666666666	47.57633333333334	48.52066666666666	42.234021	47.572233	48.516617	94.62240646257345	1488131.0	24.802183333333332	2425.54	1280	720	60.0	10	51ee9cae138bc8c04018a479eceebfbe	e265d6aa23d1f7ffbc9e1667c8dd583f	1280	720	11973.0	6.0	990.0	10667.0	True	True	0.9927931040525436	0.9926851458294078
KristenAndSara_1280x720_60_10b	KristenAndSara_1280x720_60_10b	svtav1	svtav1_20200120_f229f7e_enc-mode0	60	55	0	291288.0	291.28799999999995	39.332499999999996	44.74533333333333	45.90799999999999	39.313731	44.738431	45.902	88.86597373832886	1249970.0	20.832833333333333	1898.74	1280	720	60.0	10	d8eb56f02667d30b18ef5931eff4230b	d730e3e7a0bfe66784b7e7a674c36742	1280	720	9810.0	7.0	870.0	10684.0	True	True	0.9849383711814881	0.9863255498815107
KristenAndSara_1280x720_60_10b	KristenAndSara_1280x720_60_10b	svtav1	svtav1_20200120_f229f7e_enc-mode0	60	59	0	191896.0	191.896	37.37049999999999	43.05966666666667	44.00666666666668	37.354674	43.056178	44.003695	82.86961562501006	1022782.0	17.046366666666668	1631.71	1280	720	60.0	10	70274d06889abbec931316104267406b	a4bba4a9d014ff206da2e9accd07d423	1280	720	11176.0	8.0	880.0	10978.0	True	True	0.9770491818586985	0.9800629891603595
KristenAndSara_1280x720_60f	KristenAndSara_1280x720_60f	svtav1	svtav1_20200120_f229f7e_enc-mode0	60	20	0	3306376.0	3306.3759999999997	44.644666666666666	49.01349999999999	49.91866666666666	44.637878	49.011355	49.917571	96.96090287463988	2491056.0	41.5176	4239.32	1280	720	60.0	8	72d54d6a052d7cffe84186b72dbc8b51	bd70838b0b5f4119c7069b64e101623b	1280	720	5432.0	5.0	1004.0	11088.0	True	True	0.9960003823041916	0.9954620649630289
KristenAndSara_1280x720_60f	KristenAndSara_1280x720_60f	svtav1	svtav1_20200120_f229f7e_enc-mode0	60	32	0	1369088.0	1369.088	43.545666666666655	48.347500000000004	49.240666666666655	43.5361	48.345147	49.238508	96.10964835320475	1817542.0	30.292366666666666	2832.29	1280	720	60.0	8	b0ddd5734090ffed18c2b16838ef3b71	e16292f11832090fbb3923905b9e3587	1280	720	6236.0	19.0	681.0	10919.0	True	True	0.9948164612054825	0.9943773628364412
KristenAndSara_1280x720_60f	KristenAndSara_1280x720_60f	svtav1	svtav1_20200120_f229f7e_enc-mode0	60	43	0	695880.0	695.88	42.15933333333333	47.28533333333334	48.15966666666668	42.143105	47.281455	48.156973	94.56506083825609	1293032.0	21.550533333333334	2080.36	1280	720	60.0	8	0aab1e593ac7fe41185852ad3dc03e96	b96b63cad9d3a60a7249585fb75c749b	1280	720	6056.0	4.0	583.0	10355.0	True	True	0.992616065343221	0.99249543504238
KristenAndSara_1280x720_60f	KristenAndSara_1280x720_60f	svtav1	svtav1_20200120_f229f7e_enc-mode0	60	55	0	301600.0	301.6	39.33266666666666	44.67233333333333	45.81733333333333	39.310467	44.664912	45.812381	89.2128326486269	977333.0	16.288883333333334	1616.12	1280	720	60.0	8	dce1000b514123b16a7c40e2c3a347d0	faac25bcb01fb6fcf30c893340399478	1280	720	6522.0	3.0	519.0	10870.0	True	True	0.9849338680505753	0.986302187229396
KristenAndSara_1280x720_60f	KristenAndSara_1280x720_60f	svtav1	svtav1_20200120_f229f7e_enc-mode0	60	59	0	198472.0	198.472	37.453833333333314	43.042333333333346	44.23133333333332	37.435196	43.0365	44.227465	83.57578900925718	985696.0	16.428266666666666	1580.87	1280	720	60.0	8	37596b9063e182fe21b57506134a12ac	f44915bd33341a0c95699395bc95c42c	1280	720	7342.0	15.0	525.0	13004.0	True	True	0.9774377723534902	0.9802952359382845
Aerial_1920x1080_2997_10b	Aerial_1920x1080_2997_10b	svtav1	svtav1_20200120_f229f7e_enc-mode0	60	20	0	9594352.0	9594.352	43.60699999999999	46.050666666666665	45.36083333333333	43.570986	46.034152999999996	45.346192	96.4739940449606	6410473.0	106.84121666666667	10121.2	1920	1080	29.97	10	b2d11926d6ab22fe1f794abc647e5de6	d67ca28d1d59bbb5405747543f14f8a1	1920	1080	24041.0	5.0	3386.0	24733.0	True	True	0.9989715188741684	0.9979544134561033
Aerial_1920x1080_2997_10b	Aerial_1920x1080_2997_10b	svtav1	svtav1_20200120_f229f7e_enc-mode0	60	32	0	5182838.0	5182.838	41.872666666666674	44.86500000000001	44.33416666666667	41.822700000000005	44.850344	44.322921	95.41782782569062	4658397.0	77.63995	7709.99	1920	1080	29.97	10	4a7d694abc034a454859714ea17f8073	30c14b37276833f3bbe171e30d060eb5	1920	1080	25435.0	7.0	4523.0	37460.0	True	True	0.998497681816419	0.9971178068970892
Aerial_1920x1080_2997_10b	Aerial_1920x1080_2997_10b	svtav1	svtav1_20200120_f229f7e_enc-mode0	60	43	0	2989089.0	2989.089	39.713166666666666	43.17249999999999	42.99966666666668	39.662458	43.164261	42.996008	93.27390433976147	3738853.0	62.31421666666667	6111.89	1920	1080	29.97	10	b126aa914e9cf80e3eef2a1d8a210951	608c75393741aa14a0bccab3505436dd	1920	1080	27799.0	5.0	2711.0	25833.0	True	True	0.9975018411874771	0.9953935801010533
Aerial_1920x1080_2997_10b	Aerial_1920x1080_2997_10b	svtav1	svtav1_20200120_f229f7e_enc-mode0	60	55	0	1164308.0	1164.308	35.06916666666666	40.03050000000001	40.64483333333335	35.056079	40.029149	40.645045	85.88772434677685	2734084.0	45.56806666666667	3980.76	1920	1080	29.97	10	a5dc57b8ccd0c9f4b186ba3f905cf81b	1826c177cd5476b0639e3f4cc79c086f	1920	1080	25560.0	6.0	2031.0	25138.0	True	True	0.9926815003156662	0.9866270559250648
Aerial_1920x1080_2997_10b	Aerial_1920x1080_2997_10b	svtav1	svtav1_20200120_f229f7e_enc-mode0	60	59	0	619448.0	619.448	32.11983333333332	38.43166666666671	39.60449999999998	32.117335	38.431135	39.604275	76.97254173578423	2488769.0	41.479483333333334	4089.0	1920	1080	29.97	10	3bc883f2b3df78141511c4570c5589a8	854bba021bd2372963aa7f8a7060ecc6	1920	1080	29267.0	3.0	1892.0	25115.0	True	True	0.9842423697312673	0.9713544869962251
DinnerScene_1920x1080_2997_10b	DinnerScene_1920x1080_2997_10b	svtav1	svtav1_20200120_f229f7e_enc-mode0	60	20	0	1585533.0	1585.533	41.81933333333332	42.70833333333334	47.54799999999997	41.817976	42.705513	47.547891	91.57898676725793	5564217.0	92.73695	8915.03	1920	1080	29.97	10	218b9cb0eb9ee52a2ef36b80f5a628ab	19a532f4c027e32c96c0abf5880844f1	1920	1080	23159.0	5.0	3710.0	25395.0	True	True	0.9942300419012705	0.9883238871954884
DinnerScene_1920x1080_2997_10b	DinnerScene_1920x1080_2997_10b	svtav1	svtav1_20200120_f229f7e_enc-mode0	60	32	0	295348.0	295.348	41.632333333333335	42.29366666666665	47.385000000000005	41.631962	42.293226	47.384462	89.8381319302086	3115293.0	51.92155	4954.82	1920	1080	29.97	10	1539d2a750d800565a412779a6932ced	80b8524dc8c28ca516d4dd94514949a6	1920	1080	20822.0	7.0	2388.0	24200.0	True	True	0.9934277166922887	0.9875290342991233
DinnerScene_1920x1080_2997_10b	DinnerScene_1920x1080_2997_10b	svtav1	svtav1_20200120_f229f7e_enc-mode0	60	43	0	151338.0	151.338	41.382	42.21233333333335	47.20233333333333	41.382151	42.211234	47.201501	86.93879483187943	2852783.0	47.54638333333333	4536.38	1920	1080	29.97	10	53224de101a31579ee8e5ce7dbadcb4c	bc1725afd07ae6f5b96898ef144ca0aa	1920	1080	26086.0	6.0	2134.0	25151.0	True	True	0.99255397717158	0.9866629637537099
DinnerScene_1920x1080_2997_10b	DinnerScene_1920x1080_2997_10b	svtav1	svtav1_20200120_f229f7e_enc-mode0	60	55	0	70011.0	70.011	40.59933333333334	41.88950000000001	46.51833333333332	40.595924	41.889239	46.516426	78.44999005951793	2231316.0	37.1886	3503.93	1920	1080	29.97	10	c7cb4fc89f493f12d56e71ea667973e9	bf66d0d1a0d5ab387298ca89ad45a4a3	1920	1080	23076.0	10.0	2107.0	24784.0	True	True	0.9888320038715999	0.9832562086502572
DinnerScene_1920x1080_2997_10b	DinnerScene_1920x1080_2997_10b	svtav1	svtav1_20200120_f229f7e_enc-mode0	60	59	0	49779.0	49.779	39.835499999999996	41.544333333333356	45.90866666666666	39.826628	41.544262	45.907528	68.8407974113276	1949034.0	32.4839	3040.41	1920	1080	29.97	10	5393db1bfa9c4724aacb9402d17e8459	82e3d5dbe233a9af7be8eff081fa0ae8	1920	1080	22111.0	5.0	2488.0	26236.0	True	True	0.9843427419662476	0.9793335408765139
RollerCoastPas_1920x1080_2997_10	RollerCoastPas_1920x1080_2997_10	svtav1	svtav1_20200120_f229f7e_enc-mode0	60	20	0	3150494.0	3150.494	45.102499999999985	45.31199999999999	43.89416666666667	45.10079600000001	45.311338	43.892643	97.10978868215417	4502453.0	75.04088333333333	7599.89	1920	1080	29.97	10	e6b272477955ab5513ad99f8d94e72c4	948666ee90f807429545f255f06a34d1	1920	1080	22090.0	9.0	2662.0	24319.0	True	True	0.998641640941302	0.996911301663155
RollerCoastPas_1920x1080_2997_10	RollerCoastPas_1920x1080_2997_10	svtav1	svtav1_20200120_f229f7e_enc-mode0	60	32	0	1375640.0	1375.64	43.95166666666665	44.589666666666645	43.09083333333332	43.950144	44.589393	43.089555	96.35299115861972	3456223.0	57.603716666666664	5500.97	1920	1080	29.97	10	dac3e63a13bca8e39bab0574272fdbdd	4e5980643170cda3a39244a571ca636f	1920	1080	23791.0	6.0	2208.0	25468.0	True	True	0.9981006056070327	0.996006190094896
RollerCoastPas_1920x1080_2997_10	RollerCoastPas_1920x1080_2997_10	svtav1	svtav1_20200120_f229f7e_enc-mode0	60	43	0	766608.0	766.608	42.34066666666669	43.59249999999998	42.248833333333344	42.334561	43.591822	42.24831	94.88791357104347	2994393.0	49.90655	4716.24	1920	1080	29.97	10	3f918a3f99461956348fa6ea90fc45fc	17f460b257326cd8a037cf68595d9e68	1920	1080	23173.0	22.0	2181.0	26008.0	True	True	0.9969567626714706	0.9942474458220013
RollerCoastPas_1920x1080_2997_10	RollerCoastPas_1920x1080_2997_10	svtav1	svtav1_20200120_f229f7e_enc-mode0	60	55	0	315396.0	315.396	38.67983333333333	41.03216666666666	39.91649999999998	38.668899	41.031305	39.914223	88.87724011326983	2544461.0	42.40768333333333	4019.44	1920	1080	29.97	10	041964a1c2dd2acd3c97978b3d71696e	7b82fb28d44f659943871885f0c64404	1920	1080	26281.0	5.0	1878.0	24934.0	True	True	0.9914799978335699	0.9869963386375884
RollerCoastPas_1920x1080_2997_10	RollerCoastPas_1920x1080_2997_10	svtav1	svtav1_20200120_f229f7e_enc-mode0	60	59	0	201620.0	201.62	36.42616666666667	39.44149999999999	38.41799999999999	36.412962	39.440245	38.416554	81.7217462790592	2157723.0	35.96205	3568.23	1920	1080	29.97	10	c3967761b9cc85252244b20caecee9e3	742824791172d2006c51e8f94652b3e7	1920	1080	21513.0	5.0	1836.0	25837.0	True	True	0.9844047357638677	0.978466966394556
Netflix_DrivingPOV_1280x720_60fp	Netflix_DrivingPOV_1280x720_60fp	svtav1	svtav1_20200120_f229f7e_enc-mode0	60	20	0	11543248.0	11543.248	42.8465	46.54366666666667	45.211000000000006	42.8246	46.536693	45.205088	99.68568995220993	4268658.0	71.1443	7266.33	1280	720	60.0	8	c4d84abe3f5523c84452a0382b7b9bb6	df3d4aa834ecc24b92a897d4e0b1fafa	1280	720	7132.0	3.0	1751.0	10709.0	True	True	0.9980361878871917	0.9974759930943478
Netflix_DrivingPOV_1280x720_60fp	Netflix_DrivingPOV_1280x720_60fp	svtav1	svtav1_20200120_f229f7e_enc-mode0	60	32	0	5356080.0	5356.08	40.35316666666667	45.1475	44.150166666666664	40.321097	45.137116	44.14519	98.62009564119377	3420961.0	57.016016666666665	5620.82	1280	720	60.0	8	1421b61812985c6881c38b00165e69a0	4b5bd4d2b77bfd46fa14abe74958eb2d	1280	720	7645.0	8.0	2039.0	13644.0	True	True	0.9963473637898763	0.9953427953848064
Netflix_DrivingPOV_1280x720_60fp	Netflix_DrivingPOV_1280x720_60fp	svtav1	svtav1_20200120_f229f7e_enc-mode0	60	43	0	2765104.0	2765.104	38.018833333333326	43.644333333333336	43.17299999999999	37.972261	43.628622	43.168045	96.28396868084062	2438309.0	40.63848333333333	4254.37	1280	720	60.0	8	6479b767fa484871228648b479bf4bb6	f4680f9e081e5d415f67a5d25f95b640	1280	720	6838.0	5.0	986.0	10604.0	True	True	0.9923717707395554	0.9913487243931803
Netflix_DrivingPOV_1280x720_60fp	Netflix_DrivingPOV_1280x720_60fp	svtav1	svtav1_20200120_f229f7e_enc-mode0	60	55	0	1131072.0	1131.072	34.657	41.175333333333334	41.48833333333334	34.61982	41.15993	41.483365	89.60099678078737	1592038.0	26.533966666666668	2713.84	1280	720	60.0	8	20b29f2bd83149ed7e85145b3af35d42	81ab11f0b50dc58d78c4ca6841b46251	1280	720	7283.0	15.0	851.0	10687.0	True	True	0.9847038785616556	0.9836030252305774
Netflix_DrivingPOV_1280x720_60fp	Netflix_DrivingPOV_1280x720_60fp	svtav1	svtav1_20200120_f229f7e_enc-mode0	60	59	0	707072.0	707.072	32.72766666666667	39.60316666666667	40.27216666666667	32.712427	39.599046	40.269553	83.37160847867044	1468749.0	24.47915	2326.69	1280	720	60.0	8	ea6c8c99c11ed43c542d7e9d0fa1848c	ba054d9a8cf0778a43e989ee62a2169f	1280	720	6879.0	17.0	795.0	10449.0	True	True	0.977299565076828	0.975854054313848
blue_sky_360p_60f	blue_sky_360p_60f	svtav1	svtav1_20200120_f229f7e_enc-mode0	60	20	0	1338703.0	1338.703	44.271999999999984	45.73366666666664	47.46383333333332	44.227821	45.673542	47.414621	99.9248176446847	1006241.0	16.770683333333334	1770.14	640	360	25.0	8	326aba449a8e85a038fdc66648798107	77f599a44f03eb02535386f3386eaa5a	640	360	2119.0	5.0	633.0	3090.0	True	True	0.9929622888565064	0.9986137717375179
blue_sky_360p_60f	blue_sky_360p_60f	svtav1	svtav1_20200120_f229f7e_enc-mode0	60	32	0	677260.0	677.26	41.523666666666664	43.54616666666667	45.21383333333334	41.442365	43.489959	45.170024	99.91645595398316	689671.0	11.494516666666666	1176.13	640	360	25.0	8	a6fbefe5b2f9c4fe01a35c937943321a	8ab40f29c80470ce152c3e00cb484928	640	360	1925.0	5.0	358.0	3037.0	True	True	0.9899637401103973	0.9979228664696211
blue_sky_360p_60f	blue_sky_360p_60f	svtav1	svtav1_20200120_f229f7e_enc-mode0	60	43	0	353790.0	353.79	38.697	40.96533333333332	42.649000000000015	38.593042	40.913348	42.61643	99.55681952879027	470778.0	7.8463	813.4	640	360	25.0	8	0c1c82c31be149550da699282490907f	efea3dd0a4914670aa31522abf03b253	640	360	1966.0	9.0	414.0	2990.0	True	True	0.9842656036218007	0.9965046910710011
blue_sky_360p_60f	blue_sky_360p_60f	svtav1	svtav1_20200120_f229f7e_enc-mode0	60	55	0	161113.0	161.113	35.01283333333333	37.26866666666667	39.45	34.921689	37.232795	39.425573	93.15217134735856	342175.0	5.702916666666667	555.32	640	360	25.0	8	f94b0a0a214003b3389cd5ac6d8675c5	302f26be074e173eb9f31f009777cdf8	640	360	1801.0	6.0	478.0	3724.0	True	True	0.9687399635712306	0.9924658738571434
blue_sky_360p_60f	blue_sky_360p_60f	svtav1	svtav1_20200120_f229f7e_enc-mode0	60	59	0	101316.0	101.316	32.58400000000001	35.490500000000004	38.17516666666668	32.549477	35.477416	38.16140600000001	86.40545518986907	312030.0	5.2005	477.65	640	360	25.0	8	aa70dfd175564203833161fe3f957e28	7bb8ef0f844736c1f9bf25ba2576c66c	640	360	2306.0	5.0	258.0	2883.0	True	True	0.9506674865881602	0.9872214221603213
dark720p_60f	dark720p_60f	svtav1	svtav1_20200120_f229f7e_enc-mode0	60	20	0	7052468.0	7052.468	46.03733333333334	43.331999999999994	44.86450000000002	45.980888	43.176388	44.73532	96.19749488803659	4521032.0	75.35053333333333	7292.34	1280	720	30.0	8	5c26ea070717cf0b7856a4f4bc27654d	27157a513c7ba056f42e37a88bb36772	1280	720	5603.0	4.0	1866.0	10156.0	True	True	0.9943114767471949	0.9950710316225868
dark720p_60f	dark720p_60f	svtav1	svtav1_20200120_f229f7e_enc-mode0	60	32	0	1744748.0	1744.748	43.50949999999999	39.10966666666666	41.85683333333334	43.471662	39.013412	41.822852	93.11923529091771	2557599.0	42.62665	4292.48	1280	720	30.0	8	15d275157e77da2576f26d31456f6d26	2f0b50708cea7733517737c26c45372d	1280	720	5103.0	7.0	1455.0	11188.0	True	True	0.991139942407608	0.9926167601786225
dark720p_60f	dark720p_60f	svtav1	svtav1_20200120_f229f7e_enc-mode0	60	43	0	300564.0	300.564	42.230500000000006	36.9655	40.819	42.218292	36.950691	40.812803	90.46117437780323	1314593.0	21.909883333333333	2152.19	1280	720	30.0	8	1447444996dfb76cfd8eed0715baca64	45d867dd74c133ac7a4d6951cd9fa4f3	1280	720	4996.0	4.0	775.0	10645.0	True	True	0.9894017696380615	0.9912486997802372
dark720p_60f	dark720p_60f	svtav1	svtav1_20200120_f229f7e_enc-mode0	60	55	0	111956.0	111.956	40.66533333333334	36.2425	39.83400000000001	40.658949	36.239534	39.830049	85.9929618433931	1040912.0	17.348533333333332	1447.32	1280	720	30.0	8	5bd42bbded32d09a7c4c42b46f707a71	93d25b6fc53083b3019861b60b28a6dc	1280	720	7206.0	13.0	563.0	10455.0	True	True	0.985337616999944	0.9881743797375937
dark720p_60f	dark720p_60f	svtav1	svtav1_20200120_f229f7e_enc-mode0	60	59	0	74768.0	74.768	39.187666666666665	35.567166666666665	38.90433333333333	39.182513	35.564681	38.894651	80.37991123249586	1071020.0	17.85033333333333	1748.64	1280	720	30.0	8	b3bb715ceb0796842d1fdf7e3f5768bf	2ee6452c6cb5a3c852c43e293cafe610	1280	720	6061.0	10.0	520.0	10585.0	True	True	0.9800111929575602	0.9841586381700858
kirland360p_60f	kirland360p_60f	svtav1	svtav1_20200120_f229f7e_enc-mode0	60	20	0	266880.0	266.88	47.29216666666667	48.38883333333335	49.57116666666668	47.222397	48.370895	49.555711	95.97993486991975	475607.0	7.926783333333334	782.33	640	360	30.0	8	9f481bd4693e46571df5b54d6f87accd	c41e2ec99d6177ae5fc914e67d3845a9	640	360	1734.0	9.0	304.0	3167.0	True	True	0.9908317625522614	0.9973605881401538
kirland360p_60f	kirland360p_60f	svtav1	svtav1_20200120_f229f7e_enc-mode0	60	32	0	136712.0	136.712	46.116666666666674	47.94616666666666	48.872500000000024	45.958697	47.924243	48.842129	94.89527357935418	394662.0	6.5777	701.66	640	360	30.0	8	7bd62369eb2aa980b1c14824edfce496	8056a46f649deb43dfa75ef6781b6e33	640	360	1471.0	17.0	187.0	3548.0	True	True	0.9897320846716563	0.9969558861363798
kirland360p_60f	kirland360p_60f	svtav1	svtav1_20200120_f229f7e_enc-mode0	60	43	0	73324.0	73.324	44.21183333333334	47.267000000000024	47.75266666666664	43.950357000000004	47.228922	47.636299	91.96497794308249	258078.0	4.3013	427.16	640	360	30.0	8	1d4f3b08f53dabd6f6cec5343ab29a0f	7fa4bd9b6016078c6e659aa3f32b97ee	640	360	1385.0	4.0	136.0	3152.0	True	True	0.9872787843147913	0.9960431025844318
kirland360p_60f	kirland360p_60f	svtav1	svtav1_20200120_f229f7e_enc-mode0	60	55	0	39092.0	39.092	41.291666666666664	46.166000000000004	46.143833333333326	40.924892	46.063842	45.830793	85.43267888277911	258833.0	4.313883333333333	406.06	640	360	30.0	8	70c4afaf0c232de6ae6460f27b2ad63e	36b2859475661edfa765be0deffb7540	640	360	2444.0	4.0	120.0	5655.0	True	True	0.9813016444444657	0.993755189510973
kirland360p_60f	kirland360p_60f	svtav1	svtav1_20200120_f229f7e_enc-mode0	60	59	0	28492.0	28.492	39.35100000000001	45.32316666666667	45.13649999999999	38.975173	45.188837	44.793828	79.21739274157153	185987.0	3.0997833333333333	296.86	640	360	30.0	8	f96d1ad5e08fbba2cf7c9fc3ff919ae4	a512d9bf8f04db7c161ee6309686c80e	640	360	1389.0	4.0	126.0	2996.0	True	True	0.9747931132713954	0.9908891373701381
BarScene1_1920x1080_2997_10b	BarScene1_1920x1080_2997_10b	svtav1	svtav1_20200120_f229f7e_enc-mode0	60	20	0	1809253.0	1809.253	42.476666666666674	44.778833333333345	43.791833333333344	42.475701	44.778669	43.790925	93.13486490154965	5057439.0	84.29065	8388.23	1920	1080	29.97	10	0546bb1543b7773f2e2c5e1671c26276	547a871b04e981eb8ad19f0724d40f33	1920	1080	23102.0	7.0	3670.0	27736.0	True	True	0.9958545962969462	0.9910162798239378
BarScene1_1920x1080_2997_10b	BarScene1_1920x1080_2997_10b	svtav1	svtav1_20200120_f229f7e_enc-mode0	60	32	0	474434.0	474.434	42.14266666666668	44.56099999999999	43.45050000000001	42.14199700000001	44.561631	43.450714	92.02221106317269	3694352.0	61.57253333333333	5815.34	1920	1080	29.97	10	3904a892ea1b2dcba247e329ec4aa245	59436c1e7341dd8508fc777f7b989933	1920	1080	23274.0	6.0	2099.0	27625.0	True	True	0.9950497269630432	0.9900058928012122
BarScene1_1920x1080_2997_10b	BarScene1_1920x1080_2997_10b	svtav1	svtav1_20200120_f229f7e_enc-mode0	60	43	0	233184.0	233.184	41.65816666666669	44.38716666666668	43.285833333333336	41.658278	44.386943	43.285587	90.05919899132194	2504447.0	41.74078333333333	3579.31	1920	1080	29.97	10	860d19e555ccab4793b44c5f6cf926cb	47855ba16c19e19e6866c8f8acde03a1	1920	1080	25178.0	7.0	1824.0	25301.0	True	True	0.9938193370898565	0.9884004697563248
BarScene1_1920x1080_2997_10b	BarScene1_1920x1080_2997_10b	svtav1	svtav1_20200120_f229f7e_enc-mode0	60	55	0	95958.0	95.958	40.4811666666667	43.83733333333331	42.85066666666664	40.480562	43.836891	42.84999	83.71358582719563	1931212.0	32.18686666666667	3081.68	1920	1080	29.97	10	20f5a7fa682166afe296a1031a7baf6f	e1c3a3c501fa2a66df2bac3957f7344f	1920	1080	20936.0	10.0	1863.0	26959.0	True	True	0.9891264011462529	0.9834582815080758
BarScene1_1920x1080_2997_10b	BarScene1_1920x1080_2997_10b	svtav1	svtav1_20200120_f229f7e_enc-mode0	60	59	0	60008.0	60.008	39.50683333333333	43.234333333333325	42.36433333333333	39.505052	43.234423	42.364706	76.91350019600387	1620648.0	27.0108	2527.67	1920	1080	29.97	10	cc5ffbe9201f65ecbfa2bf65427fdd66	63464075773a9da569d4c9b8c670d64d	1920	1080	21878.0	4.0	2403.0	26300.0	True	True	0.9836315512657166	0.9785774662417431
Market3_1920x1080p_50_10b_pq_709	Market3_1920x1080p_50_10b_pq_709	svtav1	svtav1_20200120_f229f7e_enc-mode0	60	20	0	12952833.0	12952.833	45.00266666666667	51.536666666666676	52.517833333333336	44.989814	51.529641	52.514249	99.86258539223516	7164124.0	119.40206666666667	12293.17	1920	1080	50.0	10	ca93b84bd14b6e4feb88ac5d33e480a1	fe0e232b8dcd44962b6891b878847493	1920	1080	22113.0	5.0	5701.0	28065.0	True	True	0.9992035984992981	0.9982287367697972
Market3_1920x1080p_50_10b_pq_709	Market3_1920x1080p_50_10b_pq_709	svtav1	svtav1_20200120_f229f7e_enc-mode0	60	32	0	6520780.0	6520.78	42.32133333333336	49.27400000000001	50.41233333333333	42.298336	49.270149999999994	50.411122	98.9279276220148	5893323.0	98.22205	9569.65	1920	1080	50.0	10	5e96c9086a00e4266c3140c1db853a71	d9744f79304afb6625f639952ac5f158	1920	1080	20765.0	5.0	3513.0	24752.0	True	True	0.9985285053650538	0.9967639069004228
Market3_1920x1080p_50_10b_pq_709	Market3_1920x1080p_50_10b_pq_709	svtav1	svtav1_20200120_f229f7e_enc-mode0	60	43	0	3396340.0	3396.3400000000006	39.51149999999998	47.2815	48.67866666666667	39.479765	47.279025	48.678045	95.65591612317068	4594483.0	76.57471666666666	7488.48	1920	1080	50.0	10	9cded8d462c1cf17d912755dcb602204	31e1a7528ebc4eeaa666fa0e0b743f3b	1920	1080	22802.0	14.0	3416.0	26135.0	True	True	0.9968490898609161	0.9933380723989357
Market3_1920x1080p_50_10b_pq_709	Market3_1920x1080p_50_10b_pq_709	svtav1	svtav1_20200120_f229f7e_enc-mode0	60	55	0	1340173.0	1340.173	35.540166666666664	44.52383333333334	46.08250000000002	35.52026	44.523283	46.081182	86.43696572268057	3482912.0	58.04853333333333	5843.1	1920	1080	50.0	10	f51a7d183e7d30024e46bca71e202bd1	0a3ee16d07fb9c66b2813ecd474e447f	1920	1080	21075.0	5.0	2478.0	24918.0	True	True	0.9890175501505534	0.9796710623710141
Market3_1920x1080p_50_10b_pq_709	Market3_1920x1080p_50_10b_pq_709	svtav1	svtav1_20200120_f229f7e_enc-mode0	60	59	0	828086.0	828.086	33.64666666666667	43.13466666666667	44.647833333333345	33.637209	43.134482	44.644279	78.1139181242719	2961933.0	49.36555	4959.31	1920	1080	50.0	10	4f043a60fad1a048db120cd2baa1af64	b618798933cf65c1b246bb7c4321e011	1920	1080	21435.0	5.0	3212.0	26410.0	True	True	0.9799001087745031	0.9668350480017324
ShowGirl2TeaserClip4000_1920x108	ShowGirl2TeaserClip4000_1920x108	svtav1	svtav1_20200120_f229f7e_enc-mode0	60	20	0	3157506.0	3157.506	42.41600000000001	46.651833333333336	49.511999999999986	42.413908	46.650616	49.510428	95.41483780380075	6609345.0	110.15575	10908.9	1920	1080	25.0	10	612f06db0724b5c7d714f311a7d12ec7	c180dfc5bd3307de1b9d92ca15c44a50	1920	1080	22126.0	4.0	2904.0	24018.0	True	True	0.9960982034603755	0.9915306527800446
ShowGirl2TeaserClip4000_1920x108	ShowGirl2TeaserClip4000_1920x108	svtav1	svtav1_20200120_f229f7e_enc-mode0	60	32	0	1330656.0	1330.656	41.692833333333326	46.273	48.86333333333331	41.689193	46.270593	48.861794	93.56955470466109	4803507.0	80.05845	8032.29	1920	1080	25.0	10	642f3521bde3ab0326551fab5c31adba	d9aa6aed6108257fd46c63c206c47ad2	1920	1080	22838.0	5.0	2662.0	27073.0	True	True	0.9950024088223776	0.9901471270450138
ShowGirl2TeaserClip4000_1920x108	ShowGirl2TeaserClip4000_1920x108	svtav1	svtav1_20200120_f229f7e_enc-mode0	60	43	0	693506.0	693.506	40.668	45.81133333333332	48.07966666666664	40.654832000000006	45.80923599999999	48.078758	90.10879000177066	3383936.0	56.39893333333333	5549.63	1920	1080	25.0	10	8d48d7d96ba79b5bf352ccd1cc5e7375	b86f8123a174aaea11b36dc86020965d	1920	1080	22305.0	6.0	2959.0	26179.0	True	True	0.9930944164594014	0.9879932497076693
ShowGirl2TeaserClip4000_1920x108	ShowGirl2TeaserClip4000_1920x108	svtav1	svtav1_20200120_f229f7e_enc-mode0	60	55	0	294080.0	294.08	38.455	44.634833333333354	46.389	38.432682	44.63416300000001	46.388263	81.28542426312269	2513199.0	41.88665	4139.09	1920	1080	25.0	10	67ff6dba7d5c742c6aaa50495b8945a3	e45d9fd5f55d6cae12419f29b47b55d6	1920	1080	20537.0	4.0	2145.0	24970.0	True	True	0.9867258618275324	0.9811509463162952
ShowGirl2TeaserClip4000_1920x108	ShowGirl2TeaserClip4000_1920x108	svtav1	svtav1_20200120_f229f7e_enc-mode0	60	59	0	181690.0	181.69	36.756499999999996	43.493666666666655	45.14616666666668	36.740102	43.493729	45.145708	72.45049678287037	2400105.0	40.00175	3708.0	1920	1080	25.0	10	1717938d9dc1b44a5fa12742af54ef40	fb86447e3da5d04ee3a6e4526baa8f7e	1920	1080	21090.0	5.0	2335.0	26445.0	True	True	0.9787388801574707	0.9729321871325101
Starting_1920x1080p_50_10b_pq_70	Starting_1920x1080p_50_10b_pq_70	svtav1	svtav1_20200120_f229f7e_enc-mode0	60	20	0	4930546.0	4930.546	46.999166666666675	49.89616666666666	51.66416666666667	46.948392	49.832697	51.56785	96.81738720513538	5195666.0	86.59443333333333	8573.26	1920	1080	50.0	10	91f6ac8ddf3dcb033a4056eb2676e077	349e7f737a1ff6d493cda49a18f4e7ac	1920	1080	19054.0	2.0	3645.0	26578.0	True	True	0.9992364078760148	0.9981866434877882
Starting_1920x1080p_50_10b_pq_70	Starting_1920x1080p_50_10b_pq_70	svtav1	svtav1_20200120_f229f7e_enc-mode0	60	32	0	2466700.0	2466.7	45.51216666666667	48.784	50.18716666666666	45.440151	48.735058	50.125583	95.73344337778066	2922860.0	48.714333333333336	4631.59	1920	1080	50.0	10	fe2fd08c06da72cb39be8e9d24d56616	9a04168b49f4d9850ee3e0bebd98224f	1920	1080	17847.0	3.0	2697.0	25679.0	True	True	0.998805413643519	0.9975057054642094
Starting_1920x1080p_50_10b_pq_70	Starting_1920x1080p_50_10b_pq_70	svtav1	svtav1_20200120_f229f7e_enc-mode0	60	43	0	1393120.0	1393.12	43.685166666666646	47.51983333333336	48.4425	43.604651	47.508033	48.427268	93.77645781786508	2466212.0	41.10353333333333	3665.65	1920	1080	50.0	10	da9f153f0ed69eeb70109e7b6176619b	41393e5fdc3e1c542bd501f01e8ae2ea	1920	1080	17658.0	5.0	2813.0	25320.0	True	True	0.9979242155949275	0.9962880894755922
Starting_1920x1080p_50_10b_pq_70	Starting_1920x1080p_50_10b_pq_70	svtav1	svtav1_20200120_f229f7e_enc-mode0	60	55	0	560540.0	560.5399999999998	39.64833333333333	44.82483333333333	45.09033333333334	39.609649	44.824268	45.090178	86.56561326505553	2005448.0	33.42413333333333	3164.21	1920	1080	50.0	10	16dc750b945e989de7cd27663a6bb10d	e4bf237d2ef54ebb7a4a1c7fc9feebd4	1920	1080	18627.0	4.0	1935.0	26090.0	True	True	0.9938180734713872	0.9907702334316739
Starting_1920x1080p_50_10b_pq_70	Starting_1920x1080p_50_10b_pq_70	svtav1	svtav1_20200120_f229f7e_enc-mode0	60	59	0	326513.0	326.513	36.95816666666668	43.151833333333336	43.31683333333333	36.938534	43.151992	43.316702	78.40733649367553	1937708.0	32.29513333333333	3126.67	1920	1080	50.0	10	0d9efdecd6ef783bf99d4ed51313132c	06edf553f24593eff72f26c4651ace8f	1920	1080	18266.0	5.0	1897.0	25324.0	True	True	0.987806964914004	0.9828542045765694
Netflix_PierSeaside_1920x1080_60	Netflix_PierSeaside_1920x1080_60	svtav1	svtav1_20200120_f229f7e_enc-mode0	60	20	0	7943112.0	7943.112	45.427000000000014	47.42833333333333	45.51600000000004	45.405516	47.416925	45.501564	99.8843254138116	5460908.0	91.01513333333334	9111.41	1920	1080	60.0	8	f02cadaea06f06cb90681dd4a37e417f	7f1c9cab5d0eaf10a20626f7185f6df7	1920	1080	11782.0	6.0	2186.0	25539.0	True	True	0.9980342199405035	0.9968375029830571
Netflix_PierSeaside_1920x1080_60	Netflix_PierSeaside_1920x1080_60	svtav1	svtav1_20200120_f229f7e_enc-mode0	60	32	0	3430616.0	3430.616	43.777333333333324	46.6625	44.91633333333335	43.728429	46.648178	44.900588	99.37168638572504	3050526.0	50.8421	4998.41	1920	1080	60.0	8	24e2c8a3bf7c827e101aa6519f7eda65	e0daf32c06744ac351b5fa160da1ca52	1920	1080	10550.0	4.0	1985.0	24573.0	True	True	0.9971058458089829	0.9954019270526242
Netflix_PierSeaside_1920x1080_60	Netflix_PierSeaside_1920x1080_60	svtav1	svtav1_20200120_f229f7e_enc-mode0	60	43	0	1512320.0	1512.32	41.71983333333334	45.44700000000001	44.087500000000006	41.653206	45.433219	44.073682	97.37484134394553	2325913.0	38.76521666666667	3732.14	1920	1080	60.0	8	98903d6b3c4665af547bb4e6cfa41f99	521a809bd2fc0b405f0c5b122ae7c377	1920	1080	10972.0	4.0	1412.0	26918.0	True	True	0.9950266857941945	0.9924023127865038
Netflix_PierSeaside_1920x1080_60	Netflix_PierSeaside_1920x1080_60	svtav1	svtav1_20200120_f229f7e_enc-mode0	60	55	0	588968.0	588.968	38.81416666666668	43.08166666666666	42.300000000000004	38.758355	43.071027	42.290851	91.3009995209605	2414225.0	40.23708333333333	3803.16	1920	1080	60.0	8	d35aa8990ac2df92ad22eb3bc833ee24	c68c0e95e11311eb4227b631c13cb586	1920	1080	12913.0	17.0	1560.0	25766.0	True	True	0.989694798986117	0.9857133763266873
Netflix_PierSeaside_1920x1080_60	Netflix_PierSeaside_1920x1080_60	svtav1	svtav1_20200120_f229f7e_enc-mode0	60	59	0	341624.0	341.624	36.81899999999998	41.326333333333345	40.74633333333333	36.78523499999999	41.320704	40.742214	84.54098049924225	1783061.0	29.717683333333333	2775.51	1920	1080	60.0	8	ae8da846b3b457804e38dea3ad54cece	e27e74e6a7b0d2c35f8ba6ac0f6e36b7	1920	1080	12343.0	4.0	1267.0	24723.0	True	True	0.9845220615466436	0.9795907684912483
Netflix_RollerCoaster_1280x720_6	Netflix_RollerCoaster_1280x720_6	svtav1	svtav1_20200120_f229f7e_enc-mode0	60	20	0	8290176.0	8290.176	44.856333333333346	46.7375	46.75016666666667	44.842557000000006	46.72893	46.742648	99.91298570002725	3995370.0	66.5895	6420.44	1280	720	60.0	8	7fc262c96d3957e594c133395788411c	b0fd704d8ddf90006fe492b152c92c63	1280	720	5901.0	4.0	1679.0	12558.0	True	True	0.9979289631048839	0.9975442156592109
Netflix_RollerCoaster_1280x720_6	Netflix_RollerCoaster_1280x720_6	svtav1	svtav1_20200120_f229f7e_enc-mode0	60	32	0	4257504.0	4257.504	42.63899999999999	45.138333333333335	45.52066666666666	42.61007	45.122839	45.513358	99.87558259423595	2961898.0	49.36496666666667	4678.08	1280	720	60.0	8	2ac476b6846014270a011b46509ee363	0a03c9ccf71fc0c606d0d62cc2ac6a23	1280	720	5620.0	5.0	1412.0	10886.0	True	True	0.9964901357889175	0.9960100854350326
Netflix_RollerCoaster_1280x720_6	Netflix_RollerCoaster_1280x720_6	svtav1	svtav1_20200120_f229f7e_enc-mode0	60	43	0	2182616.0	2182.616	40.15416666666667	43.14983333333334	43.882666666666665	40.109694	43.130548	43.87364	97.82013904477523	2292136.0	38.20226666666667	3913.71	1280	720	60.0	8	ec7d0a54dd775e8dc650eadcf9a1ea9a	49d0149725b8b70a26d9e4fb48ca5d76	1280	720	6021.0	7.0	1178.0	10713.0	True	True	0.9933483233054479	0.9928263839203463
Netflix_RollerCoaster_1280x720_6	Netflix_RollerCoaster_1280x720_6	svtav1	svtav1_20200120_f229f7e_enc-mode0	60	55	0	956112.0	956.112	36.595666666666666	40.1365	41.498666666666665	36.556813	40.114045	41.486314	87.75586076141931	1575279.0	26.25465	2487.01	1280	720	60.0	8	ad9e50b80c02fc6c6e2ad1dae5547faa	4bec9319ece824c9cd370d8ecb061c86	1280	720	5354.0	5.0	828.0	10004.0	True	True	0.9817828595638275	0.9821461974241577
Netflix_RollerCoaster_1280x720_6	Netflix_RollerCoaster_1280x720_6	svtav1	svtav1_20200120_f229f7e_enc-mode0	60	59	0	652176.0	652.176	34.823333333333345	38.44816666666668	40.23966666666667	34.79552	38.426926	40.229855	79.41837974338986	1483781.0	24.729683333333334	2502.9	1280	720	60.0	8	5e07cb035e524d906488fd2f759700c9	ef926e571c20b0ae7e035effa0a9ccd5	1280	720	7009.0	9.0	1116.0	11069.0	True	True	0.9704157501459122	0.9725729679101269
niklas360p_60f	niklas360p_60f	svtav1	svtav1_20200120_f229f7e_enc-mode0	60	20	0	1436868.0	1436.868	44.38716666666666	47.870166666666655	47.577500000000015	44.30834	47.796495	47.497895	98.31978110940813	905849.0	15.097483333333333	1653.19	640	360	30.0	8	c5bb6d10593c8cd48f2d5211e9d0e454	66bfbc53907a6fcaf4c6a4f065edfddc	640	360	1880.0	7.0	466.0	3046.0	True	True	0.9866214245557785	0.9968778618272142
niklas360p_60f	niklas360p_60f	svtav1	svtav1_20200120_f229f7e_enc-mode0	60	32	0	776460.0	776.4600000000002	41.901833333333336	46.35349999999999	45.818666666666665	41.806702	46.292432	45.747405	96.63570929906426	720521.0	12.008683333333334	1123.53	640	360	30.0	8	447078bf0273b7b7bc77046a77eb0fed	1d75156a86efd474f6024a26b37225b0	640	360	1703.0	6.0	329.0	2948.0	True	True	0.981138625741005	0.995194282477834
niklas360p_60f	niklas360p_60f	svtav1	svtav1_20200120_f229f7e_enc-mode0	60	43	0	415612.0	415.612	38.98316666666666	44.61416666666666	43.78949999999999	38.886958	44.573063	43.742415	93.17894908852992	617069.0	10.284483333333334	991.93	640	360	30.0	8	9e454d81198114e182a4391fbe2d119a	48767e3e9f6d3710cb1993c49f33a96d	640	360	2085.0	4.0	351.0	3192.0	True	True	0.9711598833401998	0.9918020429026176
niklas360p_60f	niklas360p_60f	svtav1	svtav1_20200120_f229f7e_enc-mode0	60	55	0	202780.0	202.78	35.31433333333334	42.181833333333344	41.058166666666686	35.246217	42.145786	41.028366	85.03374186312575	409746.0	6.8291	689.84	640	360	30.0	8	42c92e1ba2486d50c54c35a462b78084	0c9632dc5e94d3fe0118c8d22f9a38ce	640	360	1829.0	4.0	277.0	3140.0	True	True	0.9479923168818156	0.9826867110827794
niklas360p_60f	niklas360p_60f	svtav1	svtav1_20200120_f229f7e_enc-mode0	60	59	0	137228.0	137.228	33.29133333333333	40.75450000000001	39.37916666666668	33.253828	40.738767	39.349065	78.4243259244789	395747.0	6.595783333333333	679.41	640	360	30.0	8	2f3637334818b78e3462c09512468617	0d0b4a20ae2ab9a2c0bc31a4a4141f3a	640	360	1916.0	5.0	231.0	3072.0	True	True	0.926386218269666	0.9733508442276191
shields_640x360_60f	shields_640x360_60f	svtav1	svtav1_20200120_f229f7e_enc-mode0	60	20	0	2348953.0	2348.953	42.405999999999985	45.61316666666667	47.30616666666666	42.27584	45.591636	47.239795	99.44134088487107	904908.0	15.0818	1526.02	640	360	50.0	8	f6f8e7a6c566132a10e6805294d34b50	aa842ca16573a82d56a91a64fe201d1c	640	360	2359.0	4.0	389.0	3344.0	True	True	0.9857297033071518	0.9982913498352598
shields_640x360_60f	shields_640x360_60f	svtav1	svtav1_20200120_f229f7e_enc-mode0	60	32	0	1259506.0	1259.506	40.70216666666666	44.07416666666666	45.6215	40.50497	44.038437	45.515330999999996	99.43734546610257	683150.0	11.385833333333334	1220.91	640	360	50.0	8	de1fe0953dff2570b703ccc415f51edb	e953ad14b6d13dc28d9b6b4018eaa105	640	360	2686.0	4.0	311.0	3194.0	True	True	0.9812307933966319	0.9976580154554481
shields_640x360_60f	shields_640x360_60f	svtav1	svtav1_20200120_f229f7e_enc-mode0	60	43	0	665026.0	665.026	38.161500000000004	41.36583333333332	43.152499999999996	37.887573	41.285067	42.989282	99.39281774910799	581877.0	9.69795	994.59	640	360	50.0	8	4b786e90bebfec8a5ba929ea358d6ea0	32c527d7a650c463975bd9e91b46a45e	640	360	2539.0	4.0	255.0	3107.0	True	True	0.9702499111493429	0.9958807908037666
shields_640x360_60f	shields_640x360_60f	svtav1	svtav1_20200120_f229f7e_enc-mode0	60	55	0	324026.0	324.026	34.45899999999999	38.108500000000014	40.191666666666656	34.104396	37.946771	39.947941	95.40627951030811	475896.0	7.9316	823.66	640	360	50.0	8	f7e19db07e5f0ae2a16d5eadadd10d12	0fc22a886852db9ea938d79b23280fe7	640	360	2576.0	3.0	337.0	3150.0	True	True	0.9405975580215454	0.9899984280157726
shields_640x360_60f	shields_640x360_60f	svtav1	svtav1_20200120_f229f7e_enc-mode0	60	59	0	206466.0	206.466	31.874333333333336	36.324499999999986	38.41099999999999	31.455419	36.111484	38.172986	88.42789023298546	535145.0	8.919083333333333	889.72	640	360	50.0	8	d3e1f637d85af7cd45d46332de767c79	8ff082a9f720dfc49acfe916a29e124a	640	360	2703.0	7.0	190.0	3284.0	True	True	0.9018343895673752	0.9808446193859732
speed_bag_640x360_60f	speed_bag_640x360_60f	svtav1	svtav1_20200120_f229f7e_enc-mode0	60	20	0	464261.0	464.261	46.91400000000001	49.63416666666667	51.09866666666668	46.841458	49.585672	51.048796	98.26748516290536	587601.0	9.79335	1000.55	640	360	29.97	8	b561908f03f6ef045bc858609dbca564	578e66479a407a55e63461f1e4720e73	640	360	1448.0	4.0	293.0	3055.0	True	True	0.9887277821699778	0.9974990053217498
speed_bag_640x360_60f	speed_bag_640x360_60f	svtav1	svtav1_20200120_f229f7e_enc-mode0	60	32	0	246297.0	246.297	45.10983333333333	48.34666666666666	49.98499999999999	44.967529	48.258915	49.879581	97.3558947612995	457055.0	7.617583333333333	766.89	640	360	29.97	8	5b694761c0f55e2d578da20a0ddad9f9	28da3ebabc9e4ee7b624470ad2ca14cc	640	360	1571.0	4.0	238.0	3048.0	True	True	0.9857105811436971	0.9962277615286901
speed_bag_640x360_60f	speed_bag_640x360_60f	svtav1	svtav1_20200120_f229f7e_enc-mode0	60	43	0	136719.0	136.719	43.01333333333332	46.72266666666666	48.56000000000001	42.810179	46.611092	48.407414	94.82352570182799	355549.0	5.925816666666667	568.2	640	360	29.97	8	7cd87fe176d0b7e976e599004ee266d0	198eb8225bae79d113eb1fdb55280251	640	360	1537.0	4.0	277.0	3212.0	True	True	0.98157726029555	0.9940057161202223
speed_bag_640x360_60f	speed_bag_640x360_60f	svtav1	svtav1_20200120_f229f7e_enc-mode0	60	55	0	68266.0	68.266	39.66933333333332	43.932	46.37683333333333	39.4039	43.83362	46.165135	85.03165295294801	327194.0	5.453233333333333	570.31	640	360	29.97	8	876453f5fe0860392948ce0e403c362f	cc2030f5349527201b82eac1e9105df4	640	360	1599.0	3.0	181.0	3177.0	True	True	0.9719240655501683	0.9878063086009786
speed_bag_640x360_60f	speed_bag_640x360_60f	svtav1	svtav1_20200120_f229f7e_enc-mode0	60	59	0	50500.0	50.5	37.764500000000005	42.20916666666665	44.96549999999999	37.570813	42.137823	44.759836	77.23925830420539	301091.0	5.018183333333333	534.51	640	360	29.97	8	2660397de8a771a464397137d03d77b2	ca152662fef610dd81b5f4c1db686c4c	640	360	1527.0	5.0	173.0	3078.0	True	True	0.9642775813738506	0.9822682269733864
thaloundeskmtg360p_60f	thaloundeskmtg360p_60f	svtav1	svtav1_20200120_f229f7e_enc-mode0	60	20	0	842044.0	842.044	44.62999999999999	48.5365	48.57099999999999	44.452716	48.495023999999994	48.541019	96.91818064636642	805823.0	13.430383333333333	1392.28	640	360	30.0	8	db14839727ce8dd6f514706a12b40492	4cad25fc1add464cc07f46f8c8120fd4	640	360	1794.0	2.0	303.0	3140.0	True	True	0.992320058743159	0.9983485932938356
thaloundeskmtg360p_60f	thaloundeskmtg360p_60f	svtav1	svtav1_20200120_f229f7e_enc-mode0	60	32	0	439304.0	439.304	42.990166666666674	47.26983333333332	47.38516666666667	42.745061	47.234839	47.364734	95.79608153386502	518444.0	8.640733333333333	828.96	640	360	30.0	8	f04145be33dd890f72c10a899f466139	7ea0113de8946459b5e953d11e6ff237	640	360	1726.0	5.0	237.0	3752.0	True	True	0.9900692979494731	0.9976410091234741
thaloundeskmtg360p_60f	thaloundeskmtg360p_60f	svtav1	svtav1_20200120_f229f7e_enc-mode0	60	43	0	249980.0	249.98	40.98366666666667	45.713499999999996	45.874833333333335	40.681292	45.68632	45.856018999999996	93.55422796408398	431525.0	7.192083333333334	674.07	640	360	30.0	8	4279c2f0f47df58a14c871087f855951	7cbc1a6e9eee360ee8303b0b6b31286a	640	360	2462.0	16.0	202.0	3219.0	True	True	0.9862636258204778	0.9963073901093101
thaloundeskmtg360p_60f	thaloundeskmtg360p_60f	svtav1	svtav1_20200120_f229f7e_enc-mode0	60	55	0	123988.0	123.988	37.56766666666666	42.851500000000016	42.91283333333333	37.318318	42.830896	42.896768	87.33871884628046	372121.0	6.202016666666666	637.62	640	360	30.0	8	5c0ccf5b8e0784da7e19bac1825356d7	cd3a359b6cbd8d8c4f0ca55c9476e0ef	640	360	1803.0	4.0	169.0	3091.0	True	True	0.9760240485270818	0.992046251035345
thaloundeskmtg360p_60f	thaloundeskmtg360p_60f	svtav1	svtav1_20200120_f229f7e_enc-mode0	60	59	0	83756.0	83.756	35.28800000000001	40.99033333333334	41.123999999999995	34.977186	40.978349	41.104157	81.4890407332942	354733.0	5.912216666666667	583.05	640	360	30.0	8	bb5e75aee6249963740bf15b2da76525	c108c6c2348b37e40adc95567ebcdc43	640	360	2831.0	4.0	169.0	6635.0	True	True	0.9652437527974447	0.9872104825091103
Sintel_Dragons_1920x816_24_10b	Sintel_Dragons_1920x816_24_10b	svtav1	svtav1_20200120_f229f7e_enc-mode0	60	20	0	5201075.0	5201.075	46.88233333333332	51.23666666666664	51.442999999999984	46.80851	51.210975	51.399512	99.91228090591758	6193821.0	103.23035	10551.96	1920	816	24.0	10	c5c3d00e0ade6e6d1f9a33a6345d0323	4a3d7ff8c39028726a4628ab7feaed2a	1920	816	11845.0	10.0	4173.0	18049.0	True	True	0.9966852724552154	0.9968482343783499
Sintel_Dragons_1920x816_24_10b	Sintel_Dragons_1920x816_24_10b	svtav1	svtav1_20200120_f229f7e_enc-mode0	60	32	0	2659936.0	2659.936	43.81100000000001	48.80766666666667	48.92333333333332	43.73476	48.772415	48.854938999999995	99.89337600396553	5850087.0	97.50145	9620.22	1920	816	24.0	10	de68fde127f5f29c7838864d013b1f1e	5cd1920c72c724cc14ff85cc1857bd21	1920	816	12485.0	11.0	3989.0	18540.0	True	True	0.9940312087535859	0.9944634833823857
Sintel_Dragons_1920x816_24_10b	Sintel_Dragons_1920x816_24_10b	svtav1	svtav1_20200120_f229f7e_enc-mode0	60	43	0	1385155.0	1385.155	40.81366666666666	46.39733333333333	46.47849999999999	40.740948	46.352106	46.3928	97.95518672233857	4557013.0	75.95021666666666	7591.34	1920	816	24.0	10	3d64f885172591faa0391791c53798ba	fd8efb6d6c8d7667abb1a40549885cef	1920	816	11183.0	21.0	2953.0	17813.0	True	True	0.9884822378555934	0.989765263108558
Sintel_Dragons_1920x816_24_10b	Sintel_Dragons_1920x816_24_10b	svtav1	svtav1_20200120_f229f7e_enc-mode0	60	55	0	670889.0	670.889	37.39783333333333	43.44550000000002	43.63283333333333	37.34243	43.401964	43.560351	85.09190014501284	4094393.0	68.23988333333334	6925.89	1920	816	24.0	10	55624fd2935d66c07ff677bea5847c69	da9e2ac9289d62a6596da13987f2839c	1920	816	17288.0	15.0	4655.0	24953.0	True	True	0.975279567639033	0.9790498958043599
Sintel_Dragons_1920x816_24_10b	Sintel_Dragons_1920x816_24_10b	svtav1	svtav1_20200120_f229f7e_enc-mode0	60	59	0	479136.0	479.136	35.780333333333324	41.98966666666667	42.19966666666668	35.728254	41.945803	42.135555	75.8912094020431	3006104.0	50.101733333333335	4715.6	1920	816	24.0	10	667787af0238c0913284b88da6567105	ab888edbee7dd2e477b72d3da7609509	1920	816	12327.0	5.0	2268.0	16459.0	True	True	0.9648959477742513	0.9706936847815328
DOTA2_60f_420	DOTA2_60f_420	svtav1	svtav1_20200120_f229f7e_enc-mode0	60	20	0	16061976.0	16061.976	45.54433333333335	49.32733333333335	49.43733333333334	45.517373	49.291016	49.410786	97.57111467452529	6309713.0	105.16188333333334	10388.53	1920	1080	60.0	8	19106a0c81e45eebf3569421857857e5	225f6235b818eb0c6f5294981e7f3baa	1920	1080	13785.0	4.0	2405.0	24221.0	True	True	0.9986594905455907	0.9974210542325228
DOTA2_60f_420	DOTA2_60f_420	svtav1	svtav1_20200120_f229f7e_enc-mode0	60	32	0	7853048.0	7853.048	43.062666666666665	47.083166666666685	47.34700000000001	43.013599	47.03168	47.312947	95.76287912209719	4015799.0	66.92998333333334	6102.96	1920	1080	60.0	8	606ee2f61cee61ba418143916ad79119	606156b89eb774b71c8aba7dfb3ffd4c	1920	1080	12303.0	5.0	1867.0	24343.0	True	True	0.9974161018927892	0.9952362155254467
DOTA2_60f_420	DOTA2_60f_420	svtav1	svtav1_20200120_f229f7e_enc-mode0	60	43	0	3744976.0	3744.976	40.34499999999999	44.55966666666665	44.92516666666668	40.284956	44.496193999999996	44.887199	92.11068699489347	3306558.0	55.1093	5276.3	1920	1080	60.0	8	80127c9fa6261470751ceb7b5a5c55f2	71726753fbe067539aa03ad5ce398cf8	1920	1080	12456.0	4.0	1649.0	24293.0	True	True	0.9942131370306015	0.9902713679118165
DOTA2_60f_420	DOTA2_60f_420	svtav1	svtav1_20200120_f229f7e_enc-mode0	60	55	0	1394232.0	1394.232	36.55133333333331	41.011666666666684	41.340500000000006	36.512251	40.973632	41.3171	81.74341465142531	2278642.0	37.97736666666667	3645.42	1920	1080	60.0	8	76a08d0b563026297426c3f1b7e4d986	3580d33249d0709dba57c507156a0e99	1920	1080	12553.0	7.0	1811.0	25531.0	True	True	0.9802176624536514	0.9733757258711097
DOTA2_60f_420	DOTA2_60f_420	svtav1	svtav1_20200120_f229f7e_enc-mode0	60	59	0	880736.0	880.736	34.723666666666674	39.30700000000001	39.59166666666667	34.701947	39.286635	39.57192	72.69831225906529	2298904.0	38.31506666666667	3565.65	1920	1080	60.0	8	ce53e75e31efd92cc58d449e44254b60	25cff1c79a8259a4a3634f5e455a2b44	1920	1080	13329.0	7.0	2221.0	26602.0	True	True	0.9651561270157496	0.9582605742155593
Netflix_Crosswalk_1920x1080_60fp	Netflix_Crosswalk_1920x1080_60fp	svtav1	svtav1_20200120_f229f7e_enc-mode0	60	20	0	7646272.0	7646.272	45.56199999999999	48.30166666666666	50.13650000000003	45.551669999999994	48.297323	50.130419	99.11080380455135	5992926.0	99.8821	9402.82	1920	1080	60.0	8	38a67953c8c19e81aa6fb044d707a86a	23606b98cd7649efc000f42924afd8ed	1920	1080	10862.0	7.0	2739.0	25272.0	True	True	0.9976035932699839	0.9957083089696225
Netflix_Crosswalk_1920x1080_60fp	Netflix_Crosswalk_1920x1080_60fp	svtav1	svtav1_20200120_f229f7e_enc-mode0	60	32	0	3883552.0	3883.552	44.30216666666664	47.549666666666646	49.35250000000001	44.27148	47.545344	49.346997	95.86439578551706	4827938.0	80.46563333333333	7595.63	1920	1080	60.0	8	6be0a031d657efabca23d972193d2e68	d83967433e229ea3469b779eb7beb880	1920	1080	11433.0	6.0	2668.0	24984.0	True	True	0.9959685375293096	0.993905834083638
Netflix_Crosswalk_1920x1080_60fp	Netflix_Crosswalk_1920x1080_60fp	svtav1	svtav1_20200120_f229f7e_enc-mode0	60	43	0	1914616.0	1914.6159999999998	42.4425	46.40516666666669	48.1635	42.39328	46.399555	48.157395	89.30839491416677	3540145.0	59.00241666666667	5518.28	1920	1080	60.0	8	08311291e8ef56f8d48685f6dd9f6976	de84525aa72af79dbec874c77cc63b90	1920	1080	12127.0	8.0	2325.0	39980.0	True	True	0.9920028001070023	0.9900412373742419
Netflix_Crosswalk_1920x1080_60fp	Netflix_Crosswalk_1920x1080_60fp	svtav1	svtav1_20200120_f229f7e_enc-mode0	60	55	0	892560.0	892.56	39.733500000000014	44.63849999999999	46.272	39.672389	44.631978	46.266348	75.21724648092172	2740912.0	45.681866666666664	4149.15	1920	1080	60.0	8	9bece3e6faac238f9d70461cdc815ef5	92d2261d239848a4db82d85d9d795192	1920	1080	10207.0	4.0	1768.0	25021.0	True	True	0.9810931930939356	0.9804950655505792
Netflix_Crosswalk_1920x1080_60fp	Netflix_Crosswalk_1920x1080_60fp	svtav1	svtav1_20200120_f229f7e_enc-mode0	60	59	0	641192.0	641.1920000000001	38.32083333333332	43.68116666666666	45.26766666666666	38.270245	43.676025	45.263387	65.95704070840763	2843472.0	47.3912	4660.85	1920	1080	60.0	8	e94d2fb3edaeaad64db7cc901d2af6d0	5e84f2213693a5cec39b37f2bf0f41e1	1920	1080	9847.0	6.0	1977.0	26209.0	True	True	0.9717625409364701	0.9727941776857334
STARCRAFT_60f_420	STARCRAFT_60f_420	svtav1	svtav1_20200120_f229f7e_enc-mode0	60	20	0	6964360.0	6964.36	49.84150000000001	53.015333333333345	53.02166666666667	49.832296	53.008148	53.018059	97.50722041282772	2624368.0	43.739466666666665	4409.88	1920	1080	60.0	8	2f53eb7923fef7ff8d491de05d6a75dc	4979836704a7764132ff92874e1aa5bd	1920	1080	11752.0	6.0	1350.0	25281.0	True	True	0.9995338251193364	0.9991089843151771
STARCRAFT_60f_420	STARCRAFT_60f_420	svtav1	svtav1_20200120_f229f7e_enc-mode0	60	32	0	4383280.0	4383.28	47.09033333333334	51.08000000000002	51.242	47.071705	51.064216	51.233609	96.82831463916915	2270766.0	37.8461	3730.0	1920	1080	60.0	8	423ee6d9d6ca834a00d3e87f72312e41	220c3c9e756fce018138f74f43d2ab05	1920	1080	11446.0	7.0	1390.0	25367.0	True	True	0.9990775515635808	0.9983615320449235
STARCRAFT_60f_420	STARCRAFT_60f_420	svtav1	svtav1_20200120_f229f7e_enc-mode0	60	43	0	2693104.0	2693.104	44.00599999999999	48.91616666666667	49.04699999999999	43.972299	48.883425	49.032671	95.50640477934276	1905584.0	31.759733333333333	3089.63	1920	1080	60.0	8	e88ab92ff5efc3354aa1500c68585822	f1e636b562f7ae90a53ec30391e5d046	1920	1080	12690.0	10.0	1799.0	26354.0	True	True	0.9981293857097626	0.996945014093916
STARCRAFT_60f_420	STARCRAFT_60f_420	svtav1	svtav1_20200120_f229f7e_enc-mode0	60	55	0	1057064.0	1057.064	38.545333333333346	44.49183333333334	44.66633333333332	38.525315	44.470099	44.652064	89.69826119404266	1619904.0	26.9984	2590.1	1920	1080	60.0	8	958a022fc269f19657475e6392a131c4	1221cddf494226f5ad751bbaed0a8162	1920	1080	11748.0	5.0	1339.0	26234.0	True	True	0.9921814739704132	0.9889015725264346
STARCRAFT_60f_420	STARCRAFT_60f_420	svtav1	svtav1_20200120_f229f7e_enc-mode0	60	59	0	583440.0	583.44	35.320166666666665	41.89083333333333	42.06333333333334	35.306723	41.877377	42.050418	81.87188554500514	1449794.0	24.163233333333334	2237.02	1920	1080	60.0	8	e79a8415f3d51abc8b45a06c057218de	a4a1eb6342a71355e4e276f7f930a066	1920	1080	11051.0	4.0	996.0	24471.0	True	True	0.9822216739257177	0.9768014484854937
gipsrestat720p_60f	gipsrestat720p_60f	svtav1	svtav1_20200120_f229f7e_enc-mode0	60	20	0	3510466.0	3510.466	44.9045	47.46566666666667	49.08133333333332	44.893482999999996	47.461417	49.078295	96.9875482083797	2595927.0	43.26545	4403.89	1280	720	50.0	8	182024537c342a1aaea2c73b7307db47	de2bb213ff36d20f1a8719dea629661c	1280	720	5811.0	14.0	1017.0	10936.0	True	True	0.9976511240005493	0.9969955928745914
gipsrestat720p_60f	gipsrestat720p_60f	svtav1	svtav1_20200120_f229f7e_enc-mode0	60	32	0	1343873.0	1343.873	43.315500000000014	46.87333333333333	48.36666666666667	43.292983	46.8696	48.362247	95.8460612828413	1666743.0	27.77905	2832.94	1280	720	50.0	8	b13279c3577505a7d143d4bb84d062e9	c557d6a9428e6504d1b7af45b6254254	1280	720	5764.0	4.0	682.0	10666.0	True	True	0.9966540634632111	0.9959871496636062
gipsrestat720p_60f	gipsrestat720p_60f	svtav1	svtav1_20200120_f229f7e_enc-mode0	60	43	0	679866.0	679.866	41.614833333333344	45.94416666666668	47.21416666666665	41.574357	45.942165	47.211351	94.06843944714075	1263707.0	21.061783333333334	1873.07	1280	720	50.0	8	53990078894f15b6df7813487e2864a1	34eede997cdc8d5536f2544d92d6acff	1280	720	6698.0	9.0	665.0	10687.0	True	True	0.9949668119351069	0.9944100482007342
gipsrestat720p_60f	gipsrestat720p_60f	svtav1	svtav1_20200120_f229f7e_enc-mode0	60	55	0	304220.0	304.22	38.45	43.6245	44.565500000000014	38.429891	43.623237	44.564876	88.51392779451189	1229810.0	20.496833333333335	1971.46	1280	720	50.0	8	3e63e576adefadb2f03505b5d1097498	19fe901acab41c4548a1b5747d45a589	1280	720	6987.0	10.0	604.0	14776.0	True	True	0.9882980853319168	0.9885765179110165
gipsrestat720p_60f	gipsrestat720p_60f	svtav1	svtav1_20200120_f229f7e_enc-mode0	60	59	0	209020.0	209.02	36.57183333333333	42.202499999999986	42.86383333333334	36.562713	42.201021	42.863002	83.61506108232405	853584.0	14.2264	1348.76	1280	720	50.0	8	ede3db04056eab57a8cd4c9a0546d3f1	31f448128fb2b5f3fc18bf0373cebf4b	1280	720	6664.0	6.0	763.0	11379.0	True	True	0.9810813973347347	0.9825468198964307
red_kayak_360p_60f	red_kayak_360p_60f	svtav1	svtav1_20200120_f229f7e_enc-mode0	60	20	0	9211573.0	9211.573	41.12516666666666	44.75933333333333	49.210166666666666	41.045292	44.726257	49.199507	99.89570751606405	1719989.0	28.666483333333332	3074.46	640	360	29.97	8	9d70f6997c62873df72e842889d41da2	4d9bf15502191a936f89f43eb8cee9eb	640	360	2570.0	6.0	1090.0	3136.0	True	True	0.972682535648346	0.9944154944148689
red_kayak_360p_60f	red_kayak_360p_60f	svtav1	svtav1_20200120_f229f7e_enc-mode0	60	32	0	5412987.0	5412.987	36.57483333333333	42.2845	47.884	36.411174	42.230105	47.871359	99.74735087961875	1841016.0	30.6836	3044.56	640	360	29.97	8	2b3b746faa810d628e2de6655e4af83b	2db5a958f0e95f00c182d57de653b3cd	640	360	2633.0	8.0	969.0	3932.0	True	True	0.9408555517594019	0.986357164287067
red_kayak_360p_60f	red_kayak_360p_60f	svtav1	svtav1_20200120_f229f7e_enc-mode0	60	43	0	2383531.0	2383.531	31.82916666666667	39.896166666666666	46.67949999999999	31.682313	39.852873	46.656461	85.82611362321431	1238398.0	20.639966666666666	2100.12	640	360	29.97	8	3c045cbd03cab5a7ae1a6b423fd7485c	a532cd7007073b16e1b17892261e3160	640	360	2330.0	6.0	703.0	4533.0	True	True	0.8689722796281178	0.9651020926137054
red_kayak_360p_60f	red_kayak_360p_60f	svtav1	svtav1_20200120_f229f7e_enc-mode0	60	55	0	699879.0	699.879	27.928833333333326	38.06683333333334	45.422	27.836688	38.040117	45.352697	57.65806933224805	811787.0	13.529783333333333	1379.48	640	360	29.97	8	d999aefbd2d4375e9933d7d48fac094d	8b2647bed6fa4abd5704b3c468a4da7d	640	360	2334.0	7.0	418.0	3022.0	True	True	0.7500983158747355	0.9160125315986989
red_kayak_360p_60f	red_kayak_360p_60f	svtav1	svtav1_20200120_f229f7e_enc-mode0	60	59	0	372381.0	372.381	26.757499999999997	37.471000000000004	44.9885	26.686613	37.447232	44.886967	42.680281111011645	651003.0	10.85005	1158.97	640	360	29.97	8	564507f454edf9d6fc1876d1a23ceaf6	f03cdd9f6b5d6d8cb31d00b4bd3d8a0a	640	360	2377.0	3.0	378.0	3128.0	True	True	0.7014517416556676	0.8837870346186936
ducks_1920x1080_50fps_10b	ducks_1920x1080_50fps_10b	svtav1	svtav1_20200120_f229f7e_enc-mode0	60	20	0	118433246.0	118433.246	39.199000000000005	39.4995	41.57333333333333	39.177443	39.484229	41.553188	98.96787042134014	19447226.0	324.1204333333333	31285.01	1920	1080	50.0	10	cb997f4802c1a18719c025c8cb3bd7ef	2ddc31e80daf0c43c8e2e0d895bd6c41	1920	1080	22902.0	3.0	11823.0	25417.0	True	True	0.9989392747481664	0.9961861743022435
ducks_1920x1080_50fps_10b	ducks_1920x1080_50fps_10b	svtav1	svtav1_20200120_f229f7e_enc-mode0	60	32	0	31554213.0	31554.213	35.206166666666675	36.97566666666665	39.970333333333336	35.17312	36.949936	39.954651	93.6909642264032	11222982.0	187.0497	18286.35	1920	1080	50.0	10	60b325f97914bb1f5c053759700d5323	3f12e885f31f7d4e121b92ec189aece9	1920	1080	23122.0	22.0	5850.0	25797.0	True	True	0.9967066903909048	0.9901876245439168
ducks_1920x1080_50fps_10b	ducks_1920x1080_50fps_10b	svtav1	svtav1_20200120_f229f7e_enc-mode0	60	43	0	10668573.0	10668.573	33.10933333333334	35.15250000000001	38.60033333333334	33.081482	35.112432	38.588273	84.57012680755824	7915963.0	131.93271666666666	13423.1	1920	1080	50.0	10	4cd8ef5b1b20f436964d4e0dad77da1e	ea8b36c001ff39783b7d3c1a0b13496c	1920	1080	26376.0	5.0	4348.0	25150.0	True	True	0.9911818852027258	0.9817114324953702
ducks_1920x1080_50fps_10b	ducks_1920x1080_50fps_10b	svtav1	svtav1_20200120_f229f7e_enc-mode0	60	55	0	3702620.0	3702.62	30.505999999999993	33.05116666666667	37.27683333333335	30.465896	33.007469	37.271737	67.05574835302049	5535035.0	92.25058333333334	9091.28	1920	1080	50.0	10	f62e90fd8fcbd3476ee4a9ae566b80d2	53c9c2df87e918638ddc7811728430e4	1920	1080	23186.0	5.0	3871.0	29001.0	True	True	0.9741831153631211	0.9605908964440666
ducks_1920x1080_50fps_10b	ducks_1920x1080_50fps_10b	svtav1	svtav1_20200120_f229f7e_enc-mode0	60	59	0	2379666.0	2379.666	29.30099999999999	32.133	36.633166666666675	29.26076	32.097007	36.631478	57.409344303784955	4392754.0	73.21256666666666	7044.02	1920	1080	50.0	10	e805ef93c3a25407a43dfc2c66711945	3e0f012d03061a5fb707b69e5e15e93f	1920	1080	23675.0	7.0	3285.0	26044.0	True	True	0.9603090345859527	0.9448733406983665
Netflix_FoodMarket_1920x1080_60f	Netflix_FoodMarket_1920x1080_60f	svtav1	svtav1_20200120_f229f7e_enc-mode0	60	20	0	22418488.0	22418.488	41.09399999999999	44.90916666666666	45.646166666666645	41.085304	44.905375	45.644908	99.24363068197285	10627101.0	177.11835	16953.31	1920	1080	60.0	8	1fc40e82eca2fe0f7e382dc7c1ce9c19	f193c54c11c38cae965866c4a8654664	1920	1080	14112.0	9.0	3662.0	24061.0	True	True	0.9953403353691102	0.9899303967946865
Netflix_FoodMarket_1920x1080_60f	Netflix_FoodMarket_1920x1080_60f	svtav1	svtav1_20200120_f229f7e_enc-mode0	60	32	0	7177936.0	7177.936	39.76333333333334	44.0575	44.98966666666666	39.751123	44.053176	44.987979	96.14743775498098	6033580.0	100.55966666666667	10139.76	1920	1080	60.0	8	e2cfecf8e844b156d47b9101c2588594	2d0048e86b2c562ebab91dc6e9fc81e1	1920	1080	12852.0	7.0	3052.0	24565.0	True	True	0.9919236938158671	0.9851043362221106
Netflix_FoodMarket_1920x1080_60f	Netflix_FoodMarket_1920x1080_60f	svtav1	svtav1_20200120_f229f7e_enc-mode0	60	43	0	3561696.0	3561.6960000000004	38.4675	43.203833333333336	44.27816666666669	38.444854	43.197976	44.276132	91.39661640087851	4484871.0	74.74785	7389.04	1920	1080	60.0	8	da8031a01c0cc63e5ca303290ef283a2	9e51732855ddedaa870c625301d7c549	1920	1080	13514.0	5.0	3001.0	27382.0	True	True	0.9871715873479843	0.9790837934850224
Netflix_FoodMarket_1920x1080_60f	Netflix_FoodMarket_1920x1080_60f	svtav1	svtav1_20200120_f229f7e_enc-mode0	60	55	0	1432248.0	1432.248	35.982000000000006	41.655	42.680333333333344	35.959465	41.648406	42.67243799999999	78.16243273262312	3563916.0	59.3986	5713.81	1920	1080	60.0	8	af98bf9ac4c637fb3dedcc153c1a4a3b	fd2ab0a9f189e1d4c454c451ef3fcb57	1920	1080	12874.0	5.0	2363.0	26501.0	True	True	0.9681355933348338	0.9587825209549954
Netflix_FoodMarket_1920x1080_60f	Netflix_FoodMarket_1920x1080_60f	svtav1	svtav1_20200120_f229f7e_enc-mode0	60	59	0	922168.0	922.168	34.56516666666667	40.69266666666669	41.64366666666667	34.547763	40.687584	41.622919	67.90401289365653	3002279.0	50.03798333333334	4946.79	1920	1080	60.0	8	58c263956ea9ff81dd005a706f7fc3a3	cd23a18753eb1244c8e663c34a51e526	1920	1080	12362.0	5.0	1976.0	25229.0	True	True	0.947702803214391	0.9396698629555843
vidyo1_720p_60fps_60f	vidyo1_720p_60fps_60f	svtav1	svtav1_20200120_f229f7e_enc-mode0	60	20	0	3901744.0	3901.744	45.565166666666656	48.15066666666665	49.47083333333332	45.551495	48.144444	49.468056	96.53253527240976	3470929.0	57.848816666666664	3535.3	1280	720	60.0	8	3e35af95764a74ed826abf2dcf2a734f	3d5b60795107f58c06f1f28c4e450319	1280	720	7125.0	4.0	781.0	19954.0	True	True	0.9976043691237767	0.9969922575951784
vidyo1_720p_60fps_60f	vidyo1_720p_60fps_60f	svtav1	svtav1_20200120_f229f7e_enc-mode0	60	32	0	1453168.0	1453.168	44.000833333333304	47.595000000000006	48.80399999999999	43.995266	47.591532	48.802413	95.20672936859778	1686532.0	28.108866666666668	2732.63	1280	720	60.0	8	e4114e6504d66a8be601e92df381e2e8	370f8dc99a26d464e736a49ed89beb2d	1280	720	5338.0	22.0	1019.0	11494.0	True	True	0.9960889289776484	0.9955293198688815
vidyo1_720p_60fps_60f	vidyo1_720p_60fps_60f	svtav1	svtav1_20200120_f229f7e_enc-mode0	60	43	0	700544.0	700.544	42.51983333333331	46.87350000000001	47.823833333333326	42.514129	46.871664	47.822677	93.11602744017556	1180210.0	19.670166666666667	1895.06	1280	720	60.0	8	7feec5be87f27b30a7d04d9e9b0a678a	93c70a4156728f31071b1e65a6a2f6c9	1280	720	5420.0	6.0	1138.0	15338.0	True	True	0.9940553973118464	0.9937390803594978
vidyo1_720p_60fps_60f	vidyo1_720p_60fps_60f	svtav1	svtav1_20200120_f229f7e_enc-mode0	60	55	0	334336.0	334.336	40.07049999999999	45.442666666666646	45.931833333333344	40.060779	45.441445	45.929482	87.87943546397663	1018613.0	16.976883333333333	1669.36	1280	720	60.0	8	5ab00f420607db11ec8d6af27230303e	9abab3d0a1a76ad83255fcc3c83f2f38	1280	720	5518.0	6.0	575.0	10760.0	True	True	0.9882183998823166	0.9889774268001857
vidyo1_720p_60fps_60f	vidyo1_720p_60fps_60f	svtav1	svtav1_20200120_f229f7e_enc-mode0	60	59	0	215472.0	215.472	37.98566666666666	43.8825	44.074666666666666	37.97782	43.881944	44.074016	81.16442508021593	867819.0	14.46365	1418.38	1280	720	60.0	8	a91a8cd5d13b8be2f788ac2758399793	8ae29c4d271897a9c191eef91467d14e	1280	720	5244.0	3.0	504.0	10384.0	True	True	0.9795243402322134	0.9820187959892944
vidyo4_720p_60fps_60f	vidyo4_720p_60fps_60f	svtav1	svtav1_20200120_f229f7e_enc-mode0	60	20	0	5355728.0	5355.728	44.26816666666666	49.97416666666668	50.25783333333333	44.240174	49.970865	50.254827	97.760936733635	2840668.0	47.34446666666667	4643.52	1280	720	60.0	8	560f9c770ea1b83b35042c3da296f8f9	705e1bfa2fd830811f178e9cc9123295	1280	720	5401.0	2.0	1001.0	10109.0	True	True	0.9964592059453329	0.9957045360270897
vidyo4_720p_60fps_60f	vidyo4_720p_60fps_60f	svtav1	svtav1_20200120_f229f7e_enc-mode0	60	32	0	1899784.0	1899.784	42.82983333333335	49.37500000000001	49.67133333333334	42.787619	49.369103	49.666164	96.45535968192168	1875956.0	31.265933333333333	3111.06	1280	720	60.0	8	f500f54a08a7323827f4d8470416298c	7b6afe4cc6d4159d02ea9d9b5f6ff48b	1280	720	5292.0	5.0	908.0	10711.0	True	True	0.9946921775738399	0.9939208127202117
vidyo4_720p_60fps_60f	vidyo4_720p_60fps_60f	svtav1	svtav1_20200120_f229f7e_enc-mode0	60	43	0	911264.0	911.264	41.416999999999994	48.459166666666675	48.71266666666668	41.365887	48.451712	48.706087	94.38650573405216	1477368.0	24.6228	2421.29	1280	720	60.0	8	10fb265b38b3835ba5d7ceb666d55cb8	e5d1d910ecc5943e3fd75ccec6f5cd71	1280	720	5308.0	5.0	1221.0	14331.0	True	True	0.9918023476998011	0.9913309433276836
vidyo4_720p_60fps_60f	vidyo4_720p_60fps_60f	svtav1	svtav1_20200120_f229f7e_enc-mode0	60	55	0	420400.0	420.4	39.133166666666675	46.66866666666667	46.826000000000015	39.073638	46.658702	46.818687	89.00176359922813	1055572.0	17.592866666666666	1652.5	1280	720	60.0	8	d429f3b6edbb6e863d2df572604c24a3	5ac5566f45e9828828e40834cb1a5a74	1280	720	5076.0	12.0	800.0	34874.0	True	True	0.9833944916725159	0.9845452921661972
vidyo4_720p_60fps_60f	vidyo4_720p_60fps_60f	svtav1	svtav1_20200120_f229f7e_enc-mode0	60	59	0	274248.0	274.248	37.38483333333334	45.09533333333333	45.12933333333333	37.338132	45.09131	45.124809	83.01938620586346	1039245.0	17.32075	1588.7	1280	720	60.0	8	9a7afe6f862bcf39e93f868b12028d5e	415f380310143624eef51b427edfccdc	1280	720	5859.0	3.0	568.0	10686.0	True	True	0.9731463372707367	0.9766226332943974
Netflix_Aerial_1920x1080_60fps_8	Netflix_Aerial_1920x1080_60fps_8	svtav1	svtav1_20200120_f229f7e_enc-mode0	60	20	0	21693968.0	21693.968	42.757166666666656	45.684000000000005	45.39266666666668	42.73309299999999	45.67581400000001	45.386824	96.68294472067367	9278208.0	154.6368	15055.41	1920	1080	60.0	8	7a191a4b6436b8d4a2ab9d7b9a3af77b	4ad5f1a23657d8199664130cf8d557b0	1920	1080	17555.0	5.0	3151.0	23823.0	True	True	0.9979279239972433	0.996525873100556
Netflix_Aerial_1920x1080_60fps_8	Netflix_Aerial_1920x1080_60fps_8	svtav1	svtav1_20200120_f229f7e_enc-mode0	60	32	0	10769856.0	10769.856	40.83266666666665	44.53983333333333	44.53133333333332	40.771248	44.525708	44.527269	94.47662792305488	5611576.0	93.52626666666667	8911.37	1920	1080	60.0	8	7053b7646de658c87fe3a89927367587	b3dd610534e2959b917cdcd70b455618	1920	1080	14240.0	10.0	2312.0	24340.0	True	True	0.9965229014555613	0.9944206841250776
Netflix_Aerial_1920x1080_60fps_8	Netflix_Aerial_1920x1080_60fps_8	svtav1	svtav1_20200120_f229f7e_enc-mode0	60	43	0	5004216.0	5004.216	38.26883333333334	42.76549999999998	43.27066666666667	38.19651	42.759913	43.268285	90.7412651183282	4601652.0	76.6942	7269.49	1920	1080	60.0	8	8eb03dcdd022afa5cd99e692323b6827	31d1754a03582a137a28fbec938e1880	1920	1080	14037.0	5.0	2266.0	34544.0	True	True	0.993502676486969	0.989610853025758
Netflix_Aerial_1920x1080_60fps_8	Netflix_Aerial_1920x1080_60fps_8	svtav1	svtav1_20200120_f229f7e_enc-mode0	60	55	0	1754872.0	1754.872	34.349000000000004	40.236833333333344	41.57716666666668	34.324052	40.230159	41.568678	80.79899259795735	3206435.0	53.440583333333336	4894.71	1920	1080	60.0	8	a90e22327a41f697bed00d159ce775da	c3351d6d2481726ceeb035087909969a	1920	1080	19241.0	5.0	1986.0	27421.0	True	True	0.9825465927521387	0.9713250732021532
Netflix_Aerial_1920x1080_60fps_8	Netflix_Aerial_1920x1080_60fps_8	svtav1	svtav1_20200120_f229f7e_enc-mode0	60	59	0	966592.0	966.592	32.27333333333333	39.04316666666666	40.92566666666667	32.266239	39.034002	40.914792	71.15128533450287	2529809.0	42.16348333333333	3907.73	1920	1080	60.0	8	50d67356962d6830097715f3849c2f2d	9c6535e6b368cda9852666d86bb2ed37	1920	1080	14390.0	6.0	2020.0	27367.0	True	True	0.9671692053476969	0.9480978223777922
aspen_1080p_60f	aspen_1080p_60f	svtav1	svtav1_20200120_f229f7e_enc-mode0	60	20	0	8493402.0	8493.402	44.02066666666668	47.997166666666665	49.15183333333334	44.008287	47.994883	49.149388	97.92133886002595	7635208.0	127.25346666666667	12248.33	1920	1080	29.97	8	a1c771abf80227195f4241aed523ff93	45c57608d0571cb1197f4393c7bd57fe	1920	1080	9641.0	5.0	2941.0	23224.0	True	True	0.9960425625244776	0.9925171384766458
aspen_1080p_60f	aspen_1080p_60f	svtav1	svtav1_20200120_f229f7e_enc-mode0	60	32	0	2594667.0	2594.667	42.14949999999999	46.998666666666665	48.14016666666666	42.135268	46.997329	48.136987	94.0025389534873	5517244.0	91.95406666666666	8956.51	1920	1080	29.97	8	8461239dd50dbe924b3b1dc0d9b6ec3b	3f344e64482ed23f40100feb89ba9a26	1920	1080	10552.0	8.0	2927.0	24923.0	True	True	0.9939940710862477	0.98967987264341
aspen_1080p_60f	aspen_1080p_60f	svtav1	svtav1_20200120_f229f7e_enc-mode0	60	43	0	1070269.0	1070.269	40.70716666666667	45.698166666666665	46.774666666666654	40.690887	45.695489	46.77193	88.74928187790778	4638643.0	77.31071666666666	7605.3	1920	1080	29.97	8	8dbf13a3d7a22d2e7a2d702e0241cd86	86783ad1b896f8f5872a080dd388898f	1920	1080	11571.0	5.0	4165.0	33489.0	True	True	0.9911944309870402	0.9865166796146254
aspen_1080p_60f	aspen_1080p_60f	svtav1	svtav1_20200120_f229f7e_enc-mode0	60	55	0	456856.0	456.856	38.5275	43.5085	44.42366666666666	38.5014	43.502941	44.419795	78.43788871429928	2712018.0	45.2003	4299.09	1920	1080	29.97	8	3e16100d51807cbd6c5661ea954d9ff5	2d3cbca8d214c41e95a7ce114a845fea	1920	1080	8970.0	7.0	1939.0	24173.0	True	True	0.9840900897979736	0.9791433757619326
aspen_1080p_60f	aspen_1080p_60f	svtav1	svtav1_20200120_f229f7e_enc-mode0	60	59	0	298112.0	298.112	36.92100000000001	42.151333333333355	42.84583333333333	36.894317	42.146068	42.842773	69.00291574072756	2399315.0	39.98858333333333	3943.24	1920	1080	29.97	8	d9a327c0caecebb8a74131a6ce983747	18be78907d2f2cf789e38c655351cf76	1920	1080	9525.0	4.0	1778.0	26534.0	True	True	0.9748459577560424	0.9701913068941458
Netflix_Boat_1920x1080_60fps_8bi	Netflix_Boat_1920x1080_60fps_8bi	svtav1	svtav1_20200120_f229f7e_enc-mode0	60	20	0	29415176.0	29415.176	43.68583333333333	46.1625	47.871833333333335	43.660649	46.135274	47.85153	99.90901912057738	8227566.0	137.1261	13608.81	1920	1080	60.0	8	6ddbb122b11454963fdc94f9ede05c90	614d4d5f5befbc3ca8ab903f12bb5420	1920	1080	15162.0	4.0	4089.0	27503.0	True	True	0.9993163069089254	0.9985890124615526
Netflix_Boat_1920x1080_60fps_8bi	Netflix_Boat_1920x1080_60fps_8bi	svtav1	svtav1_20200120_f229f7e_enc-mode0	60	32	0	16613744.0	16613.744	41.29200000000001	44.65116666666666	46.08250000000001	41.238174	44.620942	46.064912	99.67204970485643	6022322.0	100.37203333333333	9869.88	1920	1080	60.0	8	8e9ac12296a0740dd100908abee508a4	1abfe59795b7f7c8db3000a999e06d51	1920	1080	17998.0	4.0	2629.0	24098.0	True	True	0.9988431841135025	0.9976800897643301
Netflix_Boat_1920x1080_60fps_8bi	Netflix_Boat_1920x1080_60fps_8bi	svtav1	svtav1_20200120_f229f7e_enc-mode0	60	43	0	8905816.0	8905.816	38.17316666666667	42.812	43.78966666666666	38.090405	42.784674	43.779476	96.06371663226777	4641895.0	77.36491666666667	7803.16	1920	1080	60.0	8	68f4974b8d7419429655a7d977d7166c	1e593c658aa0129e9f11f96146464d46	1920	1080	15264.0	5.0	2500.0	27714.0	True	True	0.9975774010022481	0.9952145785861638
Netflix_Boat_1920x1080_60fps_8bi	Netflix_Boat_1920x1080_60fps_8bi	svtav1	svtav1_20200120_f229f7e_enc-mode0	60	55	0	3869864.0	3869.864	33.90166666666667	40.588	41.07249999999999	33.828252	40.559614	41.069645	86.46480696327302	3684905.0	61.415083333333335	5806.84	1920	1080	60.0	8	3295524f4bfeb3abed41aeb1dda60162	824d0ac81d4e9b05190e64cfd0b15150	1920	1080	19100.0	10.0	2715.0	27995.0	True	True	0.9924293080965678	0.9858346999290348
Netflix_Boat_1920x1080_60fps_8bi	Netflix_Boat_1920x1080_60fps_8bi	svtav1	svtav1_20200120_f229f7e_enc-mode0	60	59	0	2404200.0	2404.2	31.516000000000002	39.09216666666666	39.41233333333336	31.483399	39.075364	39.41111	77.81188760537594	3494109.0	58.23515	5288.0	1920	1080	60.0	8	002776cd821386f83655d7d25ee0849d	8c87d1aae225e94ecb6adc0913d54b6d	1920	1080	14711.0	8.0	1730.0	25584.0	True	True	0.9846504429976145	0.9721129518769968
Cosmos1_1920x856_BT2100_PQ_24fps	Cosmos1_1920x856_BT2100_PQ_24fps	svtav1	svtav1_20200120_f229f7e_enc-mode0	60	20	0	23639264.0	23639.264	42.11283333333332	44.94916666666666	47.60366666666665	42.070096	44.893449	47.574496	99.43113293066857	12456822.0	207.6137	19738.2	1920	856	24.0	10	b427b52622414315e9b0232221537269	dfeb68673d1a7a62e989d074527a13c7	1920	856	21219.0	13.0	7606.0	18065.0	True	True	0.9968780328830084	0.99616294236021
Cosmos1_1920x856_BT2100_PQ_24fps	Cosmos1_1920x856_BT2100_PQ_24fps	svtav1	svtav1_20200120_f229f7e_enc-mode0	60	32	0	9709267.0	9709.267	38.34283333333334	42.87916666666668	45.97116666666667	38.22223999999999	42.84489	45.952005	95.36237771849954	9523013.0	158.71688333333333	16123.54	1920	856	24.0	10	8c97d34d59eec7ff3c2b8463f25fe7d4	990c59090ea33c8a1c7ddc478af1cfb5	1920	856	17860.0	3.0	5226.0	18117.0	True	True	0.9920448551575343	0.9910782302450751
Cosmos1_1920x856_BT2100_PQ_24fps	Cosmos1_1920x856_BT2100_PQ_24fps	svtav1	svtav1_20200120_f229f7e_enc-mode0	60	43	0	3685747.0	3685.747	35.462333333333326	41.1975	44.53283333333332	35.36777300000001	41.171611	44.521616	84.67986273154449	6923803.0	115.39671666666666	10625.16	1920	856	24.0	10	fae521207664a7b81ce14203a15b6f13	079f5de96bb75c394a597dce089d2f47	1920	856	19574.0	17.0	3551.0	18344.0	True	True	0.9805462112029394	0.9804631278327286
Cosmos1_1920x856_BT2100_PQ_24fps	Cosmos1_1920x856_BT2100_PQ_24fps	svtav1	svtav1_20200120_f229f7e_enc-mode0	60	55	0	1254851.0	1254.851	32.482166666666664	39.44283333333333	42.49483333333332	32.432171	39.428532	42.475397	63.85622002123743	6171768.0	102.8628	10713.09	1920	856	24.0	10	868708761110e713a09ef08e151bb03e	2c72b37194fd2140271014fefcee6bf0	1920	856	18863.0	4.0	3497.0	19469.0	True	True	0.946564648548762	0.9514832885545909
Cosmos1_1920x856_BT2100_PQ_24fps	Cosmos1_1920x856_BT2100_PQ_24fps	svtav1	svtav1_20200120_f229f7e_enc-mode0	60	59	0	772019.0	772.019	31.17783333333334	38.70700000000001	41.375499999999995	31.139702	38.697185	41.373487	52.13761259575761	4316165.0	71.93608333333333	6728.47	1920	856	24.0	10	5f30c5aeed2db95999add53173a114cf	03a6db4d14b51e8bfd52e357dbf1d141	1920	856	20025.0	7.0	3416.0	34525.0	True	True	0.9173407346010208	0.9273913008336149
Netflix_TunnelFlag_1920x1080_60f	Netflix_TunnelFlag_1920x1080_60f	svtav1	svtav1_20200120_f229f7e_enc-mode0	60	20	0	27964544.0	27964.544	42.89216666666667	46.902499999999996	48.44533333333332	42.874026	46.893487	48.44113	99.93509401848861	10197627.0	169.96045	16386.56	1920	1080	60.0	8	4c78accb7043131a804d4e735cc9b642	78aadbed5eb6344921ff20ca68aff785	1920	1080	13364.0	7.0	3902.0	23865.0	True	True	0.9986650188763936	0.9965982304094612
Netflix_TunnelFlag_1920x1080_60f	Netflix_TunnelFlag_1920x1080_60f	svtav1	svtav1_20200120_f229f7e_enc-mode0	60	32	0	13972512.0	13972.512	40.587833333333336	45.34266666666667	47.19666666666667	40.551218	45.338248	47.19326	99.91975547875738	7922170.0	132.03616666666667	12617.25	1920	1080	60.0	8	7b13a9603c345b626c8e5fdac1907e50	25ba603c1101c0441c6a8706b585d5fb	1920	1080	15298.0	6.0	3069.0	24121.0	True	True	0.9976010332504909	0.9943131118393271
Netflix_TunnelFlag_1920x1080_60f	Netflix_TunnelFlag_1920x1080_60f	svtav1	svtav1_20200120_f229f7e_enc-mode0	60	43	0	6975664.0	6975.664	38.07816666666667	43.42983333333334	45.769666666666666	38.02636	43.427769	45.765138	99.88977489193051	6039364.0	100.65606666666666	9874.79	1920	1080	60.0	8	196ea63abd3c9d0c0b20c00acfe8a066	f032022c900cd136e26a4b5ce58ca911	1920	1080	13878.0	4.0	2593.0	24275.0	True	True	0.9953226715326309	0.990190948672718
Netflix_TunnelFlag_1920x1080_60f	Netflix_TunnelFlag_1920x1080_60f	svtav1	svtav1_20200120_f229f7e_enc-mode0	60	55	0	3233392.0	3233.392	35.11283333333334	40.47633333333335	43.30533333333334	35.080735	40.475134	43.301446000000006	99.79117644207572	4695635.0	78.26058333333333	7698.71	1920	1080	60.0	8	4332c2b197c5a5ef7bdb693c5a9c8003	c533f364eea73414c278c9db1da394f7	1920	1080	15552.0	5.0	2305.0	25150.0	True	True	0.9907679388920466	0.983558983728525
Netflix_TunnelFlag_1920x1080_60f	Netflix_TunnelFlag_1920x1080_60f	svtav1	svtav1_20200120_f229f7e_enc-mode0	60	59	0	2376040.0	2376.04	33.67716666666667	39.382999999999996	41.94149999999999	33.65918	39.38204699999999	41.939137	99.66662087504896	4043072.0	67.38453333333334	6734.79	1920	1080	60.0	8	58797c8ad25321bf115f8af43899654c	b9d8c29a6271cf40186758a3425dc762	1920	1080	13034.0	7.0	3106.0	26348.0	True	True	0.9874679187933604	0.979503533231667
Netflix_SquareAndTimelapse_1920x	Netflix_SquareAndTimelapse_1920x	svtav1	svtav1_20200120_f229f7e_enc-mode0	60	20	0	20556808.0	20556.808	44.574500000000015	48.92799999999998	48.080166666666656	44.559973	48.923165	48.072441	99.89470886783126	8706094.0	145.10156666666666	14257.22	1920	1080	60.0	8	23e7adde749a27167f38aed9dc50d816	354f82fc8eae5a3cd5d4b9c8f5cae915	1920	1080	16810.0	5.0	3174.0	23480.0	True	True	0.9991708666086196	0.9979172874430914
Netflix_SquareAndTimelapse_1920x	Netflix_SquareAndTimelapse_1920x	svtav1	svtav1_20200120_f229f7e_enc-mode0	60	32	0	11396672.0	11396.672	42.09066666666668	47.13733333333333	46.06416666666668	42.068413	47.129898	46.05356	99.88343434856672	7078370.0	117.97283333333333	11800.92	1920	1080	60.0	8	9cb6ee3e9a6deedafb2d01a6a42ba558	bd74953bfc8c66cfec6f1e5f73c12245	1920	1080	13305.0	4.0	3011.0	24568.0	True	True	0.99830442070961	0.9961641087574663
Netflix_SquareAndTimelapse_1920x	Netflix_SquareAndTimelapse_1920x	svtav1	svtav1_20200120_f229f7e_enc-mode0	60	43	0	6272448.0	6272.448	39.24850000000001	45.202333333333314	43.905333333333324	39.208369	45.193231	43.892707	98.46951914079706	5473640.0	91.22733333333333	9041.58	1920	1080	60.0	8	6a472b274fee3d67a34fbbaafc233204	84b869d0e8ba37f0362b25ed56a3384e	1920	1080	14940.0	3.0	2569.0	28094.0	True	True	0.9960736999909083	0.9923103810850658
Netflix_SquareAndTimelapse_1920x	Netflix_SquareAndTimelapse_1920x	svtav1	svtav1_20200120_f229f7e_enc-mode0	60	55	0	2873144.0	2873.144	35.399166666666666	42.19883333333333	40.793333333333344	35.362404	42.189362	40.781295	87.90634965959022	4226556.0	70.4426	6690.95	1920	1080	60.0	8	5d93471f87028039a9e4042cedd7b8d3	467026465a97a0336b822161da788009	1920	1080	15014.0	6.0	2225.0	24620.0	True	True	0.9876814097166061	0.9801068381235359
Netflix_SquareAndTimelapse_1920x	Netflix_SquareAndTimelapse_1920x	svtav1	svtav1_20200120_f229f7e_enc-mode0	60	59	0	1905328.0	1905.328	33.33416666666668	40.22600000000001	38.96383333333332	33.31469	40.222831	38.958628	78.73999935055973	3735085.0	62.251416666666664	6011.45	1920	1080	60.0	8	414b86594fc84ce8068855ff482c5495	024843aa84894a5297902e238d645aeb	1920	1080	13267.0	6.0	2313.0	26565.0	True	True	0.9775217860937119	0.9669508016355479
ducks_take_off_1080p50_60f	ducks_take_off_1080p50_60f	svtav1	svtav1_20200120_f229f7e_enc-mode0	60	20	0	114556626.0	114556.626	38.946500000000015	39.27283333333335	41.38916666666667	38.925422	39.255164	41.369667	98.7732844891274	17003541.0	283.39235	27118.57	1920	1080	50.0	8	85941a748f64e5f07b5aaf854183da72	d8ec530ce8a5aed4cb96dae2c5149825	1920	1080	16387.0	4.0	9032.0	24221.0	True	True	0.998869921763738	0.9959739265615345
ducks_take_off_1080p50_60f	ducks_take_off_1080p50_60f	svtav1	svtav1_20200120_f229f7e_enc-mode0	60	32	0	32638193.0	32638.193000000003	35.20783333333334	36.95033333333333	39.89616666666666	35.173259	36.925516	39.881538	93.7383920673332	9729649.0	162.16081666666668	16342.16	1920	1080	50.0	8	0c26555f17c6f939c5995ef13735176c	edc7019dabc0a81debd0e3ef291fb2c4	1920	1080	17496.0	6.0	4943.0	24130.0	True	True	0.9967236806948979	0.9902305883627451
ducks_take_off_1080p50_60f	ducks_take_off_1080p50_60f	svtav1	svtav1_20200120_f229f7e_enc-mode0	60	43	0	10721113.0	10721.113	33.07683333333333	35.092666666666666	38.49666666666666	33.04982	35.054711	38.484684	84.6868911648133	6448961.0	107.48268333333333	10504.24	1920	1080	50.0	8	9e2d212a048ff0017e2d4c484ff82adf	d6aed84707289778e4c80f48e5a5526b	1920	1080	18157.0	4.0	2916.0	24137.0	True	True	0.9911709030469259	0.981677830098555
ducks_take_off_1080p50_60f	ducks_take_off_1080p50_60f	svtav1	svtav1_20200120_f229f7e_enc-mode0	60	55	0	3717286.0	3717.286	30.486499999999996	33.018499999999996	37.18933333333334	30.446793	32.976273	37.182718	67.20422328452673	4488228.0	74.8038	7178.75	1920	1080	50.0	8	8534c749d7210f1f385f75127d433a98	b17a27809672bd9430a3523743113fe9	1920	1080	16637.0	11.0	2665.0	25749.0	True	True	0.9741981754700343	0.9606225012210802
ducks_take_off_1080p50_60f	ducks_take_off_1080p50_60f	svtav1	svtav1_20200120_f229f7e_enc-mode0	60	59	0	2388620.0	2388.62	29.285666666666653	32.10616666666667	36.58166666666667	29.244637	32.072292	36.57739	57.53837485693804	3760499.0	62.67498333333333	5838.62	1920	1080	50.0	8	f4bf2a78cc2deaebdefd0809d2cc20b6	ba39a07303e949bc0b37e4f0dccc479b	1920	1080	19606.0	3.0	2045.0	25335.0	True	True	0.9604412764310837	0.9450149340456002
rush_hour_1080p25_60f	rush_hour_1080p25_60f	svtav1	svtav1_20200120_f229f7e_enc-mode0	60	20	0	5490776.0	5490.776	43.08650000000001	46.88249999999998	48.87950000000001	43.08454100000001	46.880881	48.876536	97.12474867361183	8650318.0	144.17196666666666	14120.77	1920	1080	25.0	8	ceef9293a1ca91d95a1b1730415ce5ea	33dcab46cc8d33a07e8f7bcc1e31eb1c	1920	1080	10498.0	4.0	3200.0	24014.0	True	True	0.9964802831411361	0.9925232134180599
rush_hour_1080p25_60f	rush_hour_1080p25_60f	svtav1	svtav1_20200120_f229f7e_enc-mode0	60	32	0	2611400.0	2611.4	42.2105	45.90250000000001	47.687	42.206427	45.90002	47.681976	93.46286632197142	6157073.0	102.61788333333334	9926.96	1920	1080	25.0	8	6317495c0aa58d1ebb6bc57b07dae857	95a63309ef80cc3cadd96d9a0af58e5f	1920	1080	10545.0	4.0	2425.0	24163.0	True	True	0.9943701446056366	0.9904713038515377
rush_hour_1080p25_60f	rush_hour_1080p25_60f	svtav1	svtav1_20200120_f229f7e_enc-mode0	60	43	0	1245573.0	1245.573	40.83633333333332	44.79066666666666	46.248499999999986	40.820054	44.786729	46.237338	86.19876175962449	4589059.0	76.48431666666667	7339.24	1920	1080	25.0	8	6e1ee2faef5f8d9b2a61353b9fd08276	cca5e06cade9b48d5f92863cdc6cefff	1920	1080	10857.0	6.0	2154.0	24530.0	True	True	0.9902590076128642	0.9867931587000697
rush_hour_1080p25_60f	rush_hour_1080p25_60f	svtav1	svtav1_20200120_f229f7e_enc-mode0	60	55	0	545380.0	545.38	38.66866666666667	43.09983333333331	44.25916666666669	38.633755	43.095184	44.247065	73.17391858203425	3276753.0	54.61255	5334.86	1920	1080	25.0	8	078190e095951b13dd02728b35398a8f	fd4a18b722db70971e36855a6fbe066b	1920	1080	10967.0	4.0	1737.0	24548.0	True	True	0.9809899955987931	0.9789490268054735
rush_hour_1080p25_60f	rush_hour_1080p25_60f	svtav1	svtav1_20200120_f229f7e_enc-mode0	60	59	0	371780.0	371.78	37.458333333333336	42.059999999999995	43.01049999999999	37.424343	42.055874	42.996455	65.76661262076512	3060194.0	51.003233333333334	4879.75	1920	1080	25.0	8	187552cafea9ab08c044a8d779c2f653	5574c5a15f103109fdc85523c3f28df0	1920	1080	11129.0	10.0	1659.0	25227.0	True	True	0.9733990718921025	0.9726692652078057
touchdown_pass_1080p_60f	touchdown_pass_1080p_60f	svtav1	svtav1_20200120_f229f7e_enc-mode0	60	20	0	20446860.0	20446.86	40.733333333333334	48.12266666666667	48.272499999999994	40.69625899999999	48.114639	48.264391	96.39844807139674	11031123.0	183.85205	17526.47	1920	1080	29.97	8	ecd84e8728200354a5550c85dbb10673	f03af041773af5ee81f3e76433a115e9	1920	1080	13356.0	4.0	5607.0	24254.0	True	True	0.9959716151158015	0.9912316801851091
touchdown_pass_1080p_60f	touchdown_pass_1080p_60f	svtav1	svtav1_20200120_f229f7e_enc-mode0	60	32	0	4942974.0	4942.974	38.73783333333333	47.402499999999996	47.532166666666654	38.719055	47.394907	47.524777	94.40641902864104	5826439.0	97.10731666666666	9557.05	1920	1080	29.97	8	041a76c63ca78f5bb0dde13901cb8476	25bf4393ea86974446b3c9be81015121	1920	1080	14976.0	4.0	2593.0	24130.0	True	True	0.9939323127269745	0.9869059384704111
touchdown_pass_1080p_60f	touchdown_pass_1080p_60f	svtav1	svtav1_20200120_f229f7e_enc-mode0	60	43	0	2188220.0	2188.22	37.563	46.52233333333331	46.566833333333335	37.540741	46.516293	46.559608	91.46132382965237	4172852.0	69.54753333333333	6861.0	1920	1080	29.97	8	ebfc74c05448d62f29075bd68c75b42a	e157533638536752cb7c5cb36967a39a	1920	1080	14213.0	6.0	2005.0	25791.0	True	True	0.9917258729537328	0.9829649431698683
touchdown_pass_1080p_60f	touchdown_pass_1080p_60f	svtav1	svtav1_20200120_f229f7e_enc-mode0	60	55	0	862033.0	862.033	35.21566666666666	44.55866666666667	44.64549999999999	35.189367	44.55518399999999	44.640606	82.49911100741248	3037668.0	50.6278	4843.83	1920	1080	29.97	8	02f8212964a7e02e70638516aa6a57f8	93b799e974b2a94732e95c0d16f3af58	1920	1080	14641.0	11.0	1465.0	24072.0	True	True	0.9806202948093414	0.9656036326592978
touchdown_pass_1080p_60f	touchdown_pass_1080p_60f	svtav1	svtav1_20200120_f229f7e_enc-mode0	60	59	0	504170.0	504.17	33.38366666666666	43.38633333333333	43.53833333333334	33.358139	43.384584	43.535349	72.16492369359679	2767973.0	46.13288333333333	4316.0	1920	1080	29.97	8	99780af2bbdb581da86cf2e72c371f81	ac8518a6fef1632dd17cc3051d6760cd	1920	1080	13417.0	7.0	3026.0	33626.0	True	True	0.9543108582496643	0.9340987194862073
life_1080p30_60f	life_1080p30_60f	svtav1	svtav1_20200120_f229f7e_enc-mode0	60	20	0	12736896.0	12736.896	44.47583333333334	49.694999999999986	49.272333333333336	44.461206999999995	49.687945	49.266045	99.48609778998774	7792263.0	129.87105	12729.74	1920	1080	30.0	8	a5535c5ff3c0b47be0ce560e45982abd	506dd37f35520261bfcfe24db14cdae8	1920	1080	13637.0	4.0	3542.0	23364.0	True	True	0.9991910268863042	0.9979179656150067
life_1080p30_60f	life_1080p30_60f	svtav1	svtav1_20200120_f229f7e_enc-mode0	60	32	0	6014824.0	6014.824	41.61666666666667	47.51766666666667	47.18633333333334	41.594051	47.506214	47.177682	97.78474147838249	6232570.0	103.87616666666666	10263.89	1920	1080	30.0	8	17ced216bea3a96726368c8cfa3c3bbb	2f886e30cd64e004739df8a229d116f9	1920	1080	14215.0	6.0	3388.0	24689.0	True	True	0.9984718948602677	0.9963023708123928
life_1080p30_60f	life_1080p30_60f	svtav1	svtav1_20200120_f229f7e_enc-mode0	60	43	0	2929360.0	2929.36	38.808499999999995	45.478	45.30216666666667	38.780346	45.457733	45.288327	94.57317451732187	4950156.0	82.5026	8077.48	1920	1080	30.0	8	26fac93210f811ebed7326c5fd367c37	35ba23f2950b8c17c2c05475ad560ff0	1920	1080	14149.0	4.0	3014.0	25663.0	True	True	0.9967471539974213	0.9927907420915726
life_1080p30_60f	life_1080p30_60f	svtav1	svtav1_20200120_f229f7e_enc-mode0	60	55	0	1190068.0	1190.068	35.12033333333333	42.53433333333335	42.40316666666668	35.103584	42.519752	42.390939	87.28876056839455	3683414.0	61.390233333333335	6131.82	1920	1080	30.0	8	7a4c5c09cc1dff576d0373a72ebb5b53	4084bef14f28524d46ab445b97efbf1e	1920	1080	13140.0	3.0	2455.0	24792.0	True	True	0.9894693781932195	0.9788680515258473
life_1080p30_60f	life_1080p30_60f	svtav1	svtav1_20200120_f229f7e_enc-mode0	60	59	0	738668.0	738.668	33.38966666666668	40.980166666666676	40.663000000000004	33.381431	40.972995	40.658349	80.4410853631061	3239134.0	53.985566666666664	5349.95	1920	1080	30.0	8	fb3f30335836caeff042fd64cb3ed232	e93ed4ad49ea46deeb1ff9b8ca8ac6ed	1920	1080	13638.0	4.0	1697.0	24074.0	True	True	0.9791810343662898	0.9629361571662096
ToddlerFountn_1920x1080_2997_10b	ToddlerFountn_1920x1080_2997_10b	svtav1	svtav1_20200120_f229f7e_enc-mode0	60	20	0	58110754.0	58110.754	41.346999999999994	46.46649999999999	43.94266666666667	41.283942	46.451525	43.910225	99.90719106271897	16223075.0	270.38458333333335	26214.0	1920	1080	29.97	10	b94e269cd23349f2e3c001b8cd51318d	70625477ccf3d10fbb24828e3e4770fd	1920	1080	26248.0	4.0	8772.0	23489.0	True	True	0.9978600561618804	0.9952913741980489
ToddlerFountn_1920x1080_2997_10b	ToddlerFountn_1920x1080_2997_10b	svtav1	svtav1_20200120_f229f7e_enc-mode0	60	32	0	28996320.0	28996.32	37.15983333333333	44.970166666666664	41.98149999999999	37.055359	44.96057600000001	41.958582	99.8762852843709	13596953.0	226.61588333333333	21346.87	1920	1080	29.97	10	f8dd56e6c3c6123d9368a17f33003c14	0102671b0999c8d4dffd3d11413753cc	1920	1080	21987.0	4.0	7091.0	23798.0	True	True	0.9934190213680267	0.9869929562224163
ToddlerFountn_1920x1080_2997_10b	ToddlerFountn_1920x1080_2997_10b	svtav1	svtav1_20200120_f229f7e_enc-mode0	60	43	0	12630273.0	12630.273	33.40833333333334	43.498999999999995	40.47849999999998	33.318225	43.492043	40.468494	89.58800911863952	11052432.0	184.2072	17856.39	1920	1080	29.97	10	3061f86ebcc0599bb036cb4b370ff4a1	e26254982e540f2d3483433737f87bd7	1920	1080	22329.0	7.0	5727.0	25065.0	True	True	0.9797028690576554	0.9660486105696264
ToddlerFountn_1920x1080_2997_10b	ToddlerFountn_1920x1080_2997_10b	svtav1	svtav1_20200120_f229f7e_enc-mode0	60	55	0	4460277.0	4460.277	29.961833333333328	41.854000000000006	39.23833333333334	29.909484	41.852681	39.235688	66.042224791524	8812924.0	146.88206666666667	14924.45	1920	1080	29.97	10	084bf90d92f2e4be1e08333448e11cf8	872a5efd7f7aaa50e0f5b6e3a35c2465	1920	1080	23105.0	3.0	4551.0	25382.0	True	True	0.937938717007637	0.9165679667170953
ToddlerFountn_1920x1080_2997_10b	ToddlerFountn_1920x1080_2997_10b	svtav1	svtav1_20200120_f229f7e_enc-mode0	60	59	0	2784704.0	2784.704	28.738500000000002	41.15083333333334	38.86533333333333	28.698599	41.150527	38.863085	54.43421795213354	7002018.0	116.7003	11545.53	1920	1080	29.97	10	690279bcf327c0af571090f68707f0df	36ad7ffbb16aea0eac64291b01a3f7f1	1920	1080	22864.0	7.0	4955.0	26858.0	True	True	0.9093135098616282	0.8875760535791586
wikipedia_420	wikipedia_420	svtav1	svtav1_20200120_f229f7e_enc-mode0	60	20	0	1631588.0	1631.588	55.44849999999998	52.66866666666668	53.64183333333334	55.435493	52.50092200000001	53.576007	99.83841311014052	5482591.0	91.37651666666666	7997.16	1920	1080	30.0	8	27e6af2c59d2c75bd55b51d9dd0d7693	3cc2c697600d3863873d33879191c6b0	1920	1080	9229.0	11.0	990.0	23915.0	True	True	0.9993941485881805	0.9991398394173673
wikipedia_420	wikipedia_420	svtav1	svtav1_20200120_f229f7e_enc-mode0	60	32	0	925300.0	925.3	51.210166666666666	50.73383333333335	51.913	51.202152	50.497639	51.851053	99.82214616784296	5550599.0	92.50998333333334	7988.37	1920	1080	30.0	8	4bfec7fe0ce75831d139edd3a4b9c7b7	0d1c208f567889a267573812e72c9a70	1920	1080	9199.0	4.0	918.0	23840.0	True	True	0.9990426510572433	0.9984479357699743
wikipedia_420	wikipedia_420	svtav1	svtav1_20200120_f229f7e_enc-mode0	60	43	0	625856.0	625.856	48.67999999999999	48.752333333333326	50.072500000000005	48.664371	48.612139	50.028865	99.78435073168399	5413578.0	90.2263	7421.56	1920	1080	30.0	8	43b33626643e28d79950a1822fe6852d	18721863aedc9f7b492c43f4e61afbf4	1920	1080	9097.0	4.0	848.0	24679.0	True	True	0.9987006952365239	0.9979532993947854
wikipedia_420	wikipedia_420	svtav1	svtav1_20200120_f229f7e_enc-mode0	60	55	0	420712.0	420.71200000000005	44.099833333333336	45.811166666666665	47.14149999999999	44.080329	45.763488	47.11031	99.59567752993719	5142017.0	85.70028333333333	7455.71	1920	1080	30.0	8	1a6f109eba57754a13fe4f415350e358	c9021387ce030b1ddd8167616cf48f51	1920	1080	9852.0	5.0	970.0	24855.0	True	True	0.9980241864919662	0.9972085228950284
wikipedia_420	wikipedia_420	svtav1	svtav1_20200120_f229f7e_enc-mode0	60	59	0	334716.0	334.716	41.03116666666666	43.64916666666667	45.01683333333334	41.01328	43.609555	44.98034500000001	99.29201743493637	5267159.0	87.78598333333333	7471.56	1920	1080	30.0	8	e1000cf6540c11e1349d33bc89c45f5d	9a42215be996c86fb6584e54ea141f13	1920	1080	9495.0	22.0	1820.0	32083.0	True	True	0.9969804227352143	0.9961282685472774
MINECRAFT_60f_420	MINECRAFT_60f_420	svtav1	svtav1_20200120_f229f7e_enc-mode0	60	20	0	85227408.0	85227.408	43.71583333333333	46.051833333333335	46.644499999999994	43.562685	45.893894	46.52215	99.95145874553364	12560860.0	209.34766666666667	20790.87	1920	1080	60.0	8	4a3fa894c871f6d81525b72ecf2187d1	bb2b17352d5999cd04c936e89487b5c4	1920	1080	13648.0	5.0	8247.0	23784.0	True	True	0.9983261744181315	0.9972177085855607
MINECRAFT_60f_420	MINECRAFT_60f_420	svtav1	svtav1_20200120_f229f7e_enc-mode0	60	32	0	50809848.0	50809.848	39.49966666666667	44.264500000000005	44.785833333333336	39.230992	44.141442	44.695789	99.92698609475157	12477990.0	207.9665	18761.92	1920	1080	60.0	8	cb9f23bc1d0c428bf3aea5e77d2b88ba	5d81540ae866c595802c4f00761f32a9	1920	1080	16109.0	5.0	6853.0	24057.0	True	True	0.995854048927625	0.9930181107689143
MINECRAFT_60f_420	MINECRAFT_60f_420	svtav1	svtav1_20200120_f229f7e_enc-mode0	60	43	0	23323200.0	23323.2	35.07216666666668	42.643166666666666	42.98049999999999	34.76330500000001	42.562177	42.914015	96.65432459022178	10661203.0	177.68671666666665	16694.0	1920	1080	60.0	8	ee94ffb657d3f5b097cb651211012e31	16a9dbbc2517c44a89ed7b8f9ae02436	1920	1080	15264.0	6.0	4832.0	24864.0	True	True	0.9883106132348378	0.9811792518547942
MINECRAFT_60f_420	MINECRAFT_60f_420	svtav1	svtav1_20200120_f229f7e_enc-mode0	60	55	0	8536176.0	8536.176	31.50483333333333	40.52283333333333	40.57199999999999	31.341344	40.48259500000001	40.530752	82.94745832913948	9022537.0	150.37561666666667	13985.06	1920	1080	60.0	8	0305a67cd86c6c5cc490334834d437f9	161ff05d72bfc30ccf93caad2d9ebdf4	1920	1080	14803.0	3.0	2673.0	23587.0	True	True	0.9674623211224874	0.9528201195296088
MINECRAFT_60f_420	MINECRAFT_60f_420	svtav1	svtav1_20200120_f229f7e_enc-mode0	60	59	0	5251504.0	5251.504	30.214833333333328	39.44266666666667	38.962999999999994	30.123703	39.419771	38.928939	74.6624548797791	8053072.0	134.21786666666668	12063.28	1920	1080	60.0	8	a3ab99960ec4954919d7b67ef637f3b5	e8e929b3079e81548b44d04ffd095e41	1920	1080	13013.0	4.0	2160.0	24095.0	True	True	0.9476807634035747	0.928861201725248
