KristenAndSara_1280x720_60_10b	KristenAndSara_1280x720_60_10b	svtav1	svtav1_20200122_2e6b46b_enc-mode0	60	20	0	3393864.0	3393.864	44.96083333333334	49.60316666666667	50.61916666666666	44.953996	49.601286	50.618406	97.12432484666851	2895301.0	48.25501666666667	4978.37	1280	720	60.0	10	e35eb6283441d50cfd6e00ea683ef1b3	917e45e18c56f1b62f91d2e4fb528275	1280	720	8518.0	4.0	1355.0	10975.0	True	True	0.9963494578997294	0.9957812506634868
KristenAndSara_1280x720_60_10b	KristenAndSara_1280x720_60_10b	svtav1	svtav1_20200122_2e6b46b_enc-mode0	60	32	0	1260928.0	1260.928	43.66300000000001	48.66783333333332	49.647333333333336	43.654875	48.665791	49.645654	96.22365406005162	1975173.0	32.91955	3261.25	1280	720	60.0	10	a327a6d0a7087388426fedecde313aef	8c126ca3827aa41742bf465a72e70855	1280	720	8602.0	4.0	1082.0	10835.0	True	True	0.9951038400332133	0.9946233603413781
KristenAndSara_1280x720_60_10b	KristenAndSara_1280x720_60_10b	svtav1	svtav1_20200122_2e6b46b_enc-mode0	60	43	0	662168.0	662.168	42.226166666666664	47.564833333333326	48.51516666666667	42.208688	47.560626	48.511376	94.514693532231	1524602.0	25.410033333333335	2466.14	1280	720	60.0	10	6db1a307c274f1b37818e2b3d0f123f8	dc6aae42dca3fdb2e3f724ba97ca69b9	1280	720	9200.0	4.0	968.0	10660.0	True	True	0.9927317500114441	0.992629896642727
KristenAndSara_1280x720_60_10b	KristenAndSara_1280x720_60_10b	svtav1	svtav1_20200122_2e6b46b_enc-mode0	60	55	0	291544.0	291.544	39.32599999999999	44.74016666666668	45.977500000000035	39.306737	44.7348	45.97349	88.92903074750502	1176074.0	19.601233333333333	1886.57	1280	720	60.0	10	daf1f5fb5ac576a3424ada459859c7ad	7cec428ba957c19629374271598bd0e7	1280	720	9008.0	23.0	860.0	11634.0	True	True	0.9850085268417994	0.9863814828527347
KristenAndSara_1280x720_60_10b	KristenAndSara_1280x720_60_10b	svtav1	svtav1_20200122_2e6b46b_enc-mode0	60	59	0	191768.0	191.768	37.36933333333332	43.03900000000002	44.00333333333335	37.353988	43.03517	44.00047	82.87382187061458	1212711.0	20.21185	2060.97	1280	720	60.0	10	a2601972c44c1bd52bd73b307ce64bfe	18f29a647a362e53b4a1496c8ff54197	1280	720	8805.0	5.0	830.0	11140.0	True	True	0.9770112643639247	0.9800427069289986
Aerial_1920x1080_2997_10b	Aerial_1920x1080_2997_10b	svtav1	svtav1_20200122_2e6b46b_enc-mode0	60	20	0	9590982.0	9590.982	43.60900000000001	46.04866666666667	45.36033333333333	43.572917	46.033052	45.346517999999996	96.47660995248002	5133233.0	85.55388333333333	9148.09	1920	1080	29.97	10	e4515f2e1bc270c4d7934714f1074889	479d539583481df0af2594f7c23dac14	1920	1080	23851.0	8.0	3023.0	24196.0	True	True	0.9989710867404937	0.9979551865921015
Aerial_1920x1080_2997_10b	Aerial_1920x1080_2997_10b	svtav1	svtav1_20200122_2e6b46b_enc-mode0	60	32	0	5180388.0	5180.388	41.869833333333325	44.863333333333365	44.33550000000001	41.81933	44.848225	44.324352	95.42123534803854	4791761.0	79.86268333333334	7864.31	1920	1080	29.97	10	9cb4d42e09017123a6df6829ed309b2f	a287849672399ff5522a00ed87524937	1920	1080	24087.0	24.0	3666.0	28846.0	True	True	0.9984959761301676	0.9971150065322988
Aerial_1920x1080_2997_10b	Aerial_1920x1080_2997_10b	svtav1	svtav1_20200122_2e6b46b_enc-mode0	60	43	0	2988244.0	2988.244	39.71816666666666	43.17733333333332	42.998666666666686	39.667545	43.168317	42.994354	93.30941472805331	3938036.0	65.63393333333333	5948.87	1920	1080	29.97	10	6b5d59c32f863bb11f706668d19b8778	770c458303cefb27371ea8b8e27c5651	1920	1080	26135.0	5.0	2974.0	27082.0	True	True	0.9975110391775767	0.995402503090133
Aerial_1920x1080_2997_10b	Aerial_1920x1080_2997_10b	svtav1	svtav1_20200122_2e6b46b_enc-mode0	60	55	0	1202397.0	1202.397	35.25033333333333	40.17183333333332	40.744499999999995	35.234618	40.169527	40.74419	86.03671922896714	2970426.0	49.5071	4645.32	1920	1080	29.97	10	16283811cc9aadce1e01999d86f608e9	10671693c8d97e17ffee17924b3569bf	1920	1080	24382.0	8.0	2081.0	25763.0	True	True	0.9929344624280929	0.9871778944110007
Aerial_1920x1080_2997_10b	Aerial_1920x1080_2997_10b	svtav1	svtav1_20200122_2e6b46b_enc-mode0	60	59	0	623778.0	623.778	32.12933333333333	38.47900000000002	39.59766666666665	32.126637	38.478277	39.597901	77.13763354447362	2726663.0	45.444383333333334	4201.68	1920	1080	29.97	10	fc237b941b4086f58eec2afc87adb8e1	a3ceedc393aa3ebd088278163a761dfb	1920	1080	25626.0	5.0	1981.0	26209.0	True	True	0.9843599518140157	0.9714543788015703
BarScene1_1920x1080_2997_10b	BarScene1_1920x1080_2997_10b	svtav1	svtav1_20200122_2e6b46b_enc-mode0	60	20	0	1788823.0	1788.823	42.47516666666666	44.77733333333333	43.784166666666664	42.474595	44.776678999999994	43.78356900000001	93.13318625500325	5265078.0	87.7513	8831.31	1920	1080	29.97	10	982169ac8ec58c33858ac5bbadb96e13	0e9c44f4392949b4b2f72924567524d3	1920	1080	21673.0	7.0	3714.0	28330.0	True	True	0.9958501547574997	0.9910110301999387
BarScene1_1920x1080_2997_10b	BarScene1_1920x1080_2997_10b	svtav1	svtav1_20200122_2e6b46b_enc-mode0	60	32	0	474235.0	474.235	42.14250000000001	44.561499999999995	43.450166666666675	42.141714	44.561588	43.450621	92.00072630582493	2856502.0	47.60836666666667	4554.26	1920	1080	29.97	10	5e85389822d8b666b0ee2d89dd2ada0d	bb19b8cdb0263d2ec377b0b2e8e1aee6	1920	1080	21707.0	3.0	1757.0	26772.0	True	True	0.9950492272774378	0.9900054094792259
BarScene1_1920x1080_2997_10b	BarScene1_1920x1080_2997_10b	svtav1	svtav1_20200122_2e6b46b_enc-mode0	60	43	0	233108.0	233.108	41.65783333333334	44.38700000000001	43.284166666666664	41.657762	44.3875	43.284186	90.06688578483096	2317075.0	38.617916666666666	3690.38	1920	1080	29.97	10	fcd6009a313e86882e6a1dadc46968db	1e23d9770d65658e22371ac95b17ecdf	1920	1080	22706.0	4.0	1674.0	25775.0	True	True	0.9938157975673676	0.9883974322654366
BarScene1_1920x1080_2997_10b	BarScene1_1920x1080_2997_10b	svtav1	svtav1_20200122_2e6b46b_enc-mode0	60	55	0	95703.0	95.703	40.48366666666671	43.83583333333332	42.8443333333333	40.482509	43.834904	42.844298	83.7414751952588	2225955.0	37.09925	3330.81	1920	1080	29.97	10	28aab714cefed4461c5d22d80b3e9b91	79ed619d8dda51857086032b2bdb0853	1920	1080	22562.0	4.0	1568.0	25468.0	True	True	0.9891380290190379	0.9834624317276324
BarScene1_1920x1080_2997_10b	BarScene1_1920x1080_2997_10b	svtav1	svtav1_20200122_2e6b46b_enc-mode0	60	59	0	59977.0	59.977	39.50633333333333	43.23299999999999	42.36349999999998	39.504146	43.232499	42.363874	76.92777944730989	1981948.0	33.032466666666664	2977.47	1920	1080	29.97	10	775c669051c441a22a703d9ccdbecb57	04d43f4091654b38b0c5974546408556	1920	1080	20269.0	13.0	1508.0	25796.0	True	True	0.9836356858412425	0.9785767666740888
KristenAndSara_1280x720_60f	KristenAndSara_1280x720_60f	svtav1	svtav1_20200122_2e6b46b_enc-mode0	60	20	0	3307736.0	3307.736	44.64500000000001	49.0135	49.91866666666666	44.63794599999999	49.01186	49.91724	96.95497206662647	2600154.0	43.3359	4008.36	1280	720	60.0	8	e4661be9cf6391db22637cd378511985	d1f3588eceb9b320850941def0f0eded	1280	720	5349.0	5.0	868.0	10671.0	True	True	0.9960004955530166	0.9954623583891561
KristenAndSara_1280x720_60f	KristenAndSara_1280x720_60f	svtav1	svtav1_20200122_2e6b46b_enc-mode0	60	32	0	1367760.0	1367.76	43.54683333333332	48.32866666666667	49.24266666666666	43.537027	48.326649	49.240545	96.10365770212961	1692391.0	28.206516666666666	2796.42	1280	720	60.0	8	ae016986af8db61a1ea9966a602ded56	47d9d35bf04d6f9ee55bf13de1c80d68	1280	720	5709.0	5.0	720.0	10569.0	True	True	0.9948162992795309	0.9943779758592892
KristenAndSara_1280x720_60f	KristenAndSara_1280x720_60f	svtav1	svtav1_20200122_2e6b46b_enc-mode0	60	43	0	696328.0	696.328	42.168833333333325	47.28316666666669	48.149666666666654	42.152682	47.279466	48.147151	94.57899390607238	1299079.0	21.651316666666666	2048.88	1280	720	60.0	8	9a140ff0622c733a8757e09af9225c29	ad8e7cc530ea3f7267d93bc6b211a1f1	1280	720	5930.0	4.0	891.0	10892.0	True	True	0.9925985962152482	0.9924881353335907
KristenAndSara_1280x720_60f	KristenAndSara_1280x720_60f	svtav1	svtav1_20200122_2e6b46b_enc-mode0	60	55	0	300984.0	300.984	39.331999999999994	44.65766666666665	45.81550000000001	39.308271	44.650881	45.810786	89.1607298023893	1122922.0	18.715366666666668	1832.19	1280	720	60.0	8	5061f65d9c95890948c16a36630b9ab3	1a8d85501281c2dfa288a14f99ed5988	1280	720	6165.0	4.0	534.0	10576.0	True	True	0.9849339902400971	0.9863015716641386
KristenAndSara_1280x720_60f	KristenAndSara_1280x720_60f	svtav1	svtav1_20200122_2e6b46b_enc-mode0	60	59	0	198648.0	198.648	37.464333333333315	43.038166666666704	44.24333333333334	37.445206	43.032248	44.239884	83.6110987625822	1015086.0	16.9181	1604.34	1280	720	60.0	8	44be9055caf38cef2db2ae412fdbe782	37f701ddb90505a08425d1ad5ffdb3da	1280	720	5486.0	10.0	674.0	14374.0	True	True	0.9775044987599055	0.9803468355830255
Netflix_DrivingPOV_1280x720_60fp	Netflix_DrivingPOV_1280x720_60fp	svtav1	svtav1_20200122_2e6b46b_enc-mode0	60	20	0	11545416.0	11545.416	42.846833333333315	46.54216666666666	45.210833333333326	42.824199	46.535566	45.204698	99.67729803804988	4973839.0	82.89731666666667	7997.67	1280	720	60.0	8	0dde22c33b011041d4eec46a82504d4e	c967046864b9cd08aa8428aed9c80118	1280	720	6854.0	5.0	1782.0	10555.0	True	True	0.9980347424745559	0.9974740213951494
Netflix_DrivingPOV_1280x720_60fp	Netflix_DrivingPOV_1280x720_60fp	svtav1	svtav1_20200122_2e6b46b_enc-mode0	60	32	0	5353848.0	5353.848	40.35466666666666	45.145999999999994	44.1545	40.321797	45.135785000000006	44.148951	98.61641348662593	3111808.0	51.86346666666667	4797.29	1280	720	60.0	8	02d5b317908816ef23ec7f663ffc4ac1	adfcfb1c49e337526cc021be5432ad55	1280	720	6823.0	8.0	1276.0	11117.0	True	True	0.996334312359492	0.9953299649165083
Netflix_DrivingPOV_1280x720_60fp	Netflix_DrivingPOV_1280x720_60fp	svtav1	svtav1_20200122_2e6b46b_enc-mode0	60	43	0	2765840.0	2765.8400000000006	38.02033333333331	43.642166666666675	43.168499999999995	37.974102	43.626757	43.162407	96.279964308278	2411561.0	40.192683333333335	3958.22	1280	720	60.0	8	23cffc848b3902b35c6eb31d5e35f676	8bd59b867e495847849dcc7fb5d0daa0	1280	720	7175.0	5.0	967.0	10839.0	True	True	0.9923002143700917	0.991297873962435
Netflix_DrivingPOV_1280x720_60fp	Netflix_DrivingPOV_1280x720_60fp	svtav1	svtav1_20200122_2e6b46b_enc-mode0	60	55	0	1129344.0	1129.344	34.66299999999999	41.20166666666665	41.48883333333333	34.625801	41.188058	41.483914	89.70828408177977	1664435.0	27.740583333333333	2497.05	1280	720	60.0	8	d411d4a9d4ea4fcbc47b8fd63c2f2eee	f2edeac5e5e4eec4477f6007a8e75df3	1280	720	6333.0	4.0	786.0	10191.0	True	True	0.9847008496522903	0.9835915280417923
Netflix_DrivingPOV_1280x720_60fp	Netflix_DrivingPOV_1280x720_60fp	svtav1	svtav1_20200122_2e6b46b_enc-mode0	60	59	0	715552.0	715.552	32.78666666666667	39.654499999999985	40.31516666666666	32.768292	39.649648	40.312415	83.64956647555208	1573866.0	26.2311	2395.12	1280	720	60.0	8	522f7027aa49d23b34eb23278b601cbe	d7ef176b8f260d81bf03a0444e1a657c	1280	720	7060.0	5.0	790.0	10762.0	True	True	0.9774764607350032	0.976021269260056
blue_sky_360p_60f	blue_sky_360p_60f	svtav1	svtav1_20200122_2e6b46b_enc-mode0	60	20	0	1336906.0	1336.906	44.26899999999999	45.738166666666665	47.460499999999996	44.224548	45.677877	47.411069	99.9248176446847	874346.0	14.572433333333333	1461.16	640	360	25.0	8	4147df58fd1ad184f936abbf2f390884	44cbfe7ba642b0ac841712cb50610b5a	640	360	2023.0	4.0	422.0	2851.0	True	True	0.9929620176553726	0.9986167029985393
blue_sky_360p_60f	blue_sky_360p_60f	svtav1	svtav1_20200122_2e6b46b_enc-mode0	60	32	0	675340.0	675.34	41.52116666666666	43.55550000000001	45.20133333333334	41.442179	43.497169	45.155933	99.91627137770708	666398.0	11.106633333333333	1178.74	640	360	25.0	8	b84a62d06dba27339112342e1eb76645	c9d9ceab4ce7e18b229a3b9488040d4c	640	360	2064.0	4.0	401.0	3047.0	True	True	0.9899037579695383	0.9979072417070681
blue_sky_360p_60f	blue_sky_360p_60f	svtav1	svtav1_20200122_2e6b46b_enc-mode0	60	43	0	354100.0	354.1	38.704833333333326	40.95016666666666	42.65183333333335	38.600523	40.89569199999999	42.62085	99.57195025423836	566969.0	9.449483333333333	918.13	640	360	25.0	8	65cc1303bd5fdebc0c9d5b9a689b3350	e5729894be27496b2007a46dd08af139	640	360	1944.0	7.0	354.0	3328.0	True	True	0.9842389424641927	0.9965296485686627
blue_sky_360p_60f	blue_sky_360p_60f	svtav1	svtav1_20200122_2e6b46b_enc-mode0	60	55	0	161220.0	161.22	35.01583333333334	37.26866666666667	39.44983333333334	34.92473	37.232663	39.425412	93.15094250267497	389645.0	6.494083333333333	621.26	640	360	25.0	8	43c31fcfb5060f161608c6188788d4f3	3d5d342a222cb22c2e635e8653a9b473	640	360	2014.0	6.0	362.0	3365.0	True	True	0.96873792608579	0.992464043401384
blue_sky_360p_60f	blue_sky_360p_60f	svtav1	svtav1_20200122_2e6b46b_enc-mode0	60	59	0	100696.0	100.696	32.576333333333324	35.475500000000004	38.1915	32.540936	35.462456	38.178393	86.51142862733874	342029.0	5.700483333333334	554.95	640	360	25.0	8	b438826f6e2364008e821b8c4653f24a	41c9b6347d1cebab6346cc3c2e9a9b9b	640	360	1979.0	4.0	276.0	3006.0	True	True	0.9506009529034297	0.9872599811025108
kirland360p_60f	kirland360p_60f	svtav1	svtav1_20200122_2e6b46b_enc-mode0	60	20	0	267720.0	267.72	47.29	48.36783333333334	49.566666666666656	47.217221	48.350193	49.549327	95.98927202510185	456382.0	7.606366666666666	761.54	640	360	30.0	8	b85675befd51041686bc498cc44b2f97	c827be74e8d80560b750a2235d5163a0	640	360	1420.0	4.0	234.0	3043.0	True	True	0.9908343712488811	0.9973636159324198
kirland360p_60f	kirland360p_60f	svtav1	svtav1_20200122_2e6b46b_enc-mode0	60	32	0	133036.0	133.036	46.033666666666676	47.882000000000026	48.81983333333336	45.886589	47.86166	48.789354	94.8407650600111	437783.0	7.296383333333333	761.0	640	360	30.0	8	d0693582cbd4ed836d03276eb5f91d3f	19664f25742a952337cbaba1a74b115d	640	360	1385.0	6.0	154.0	3028.0	True	True	0.9896224230527878	0.9969128420774157
kirland360p_60f	kirland360p_60f	svtav1	svtav1_20200122_2e6b46b_enc-mode0	60	43	0	73676.0	73.676	44.20583333333332	47.28883333333333	47.75883333333333	43.944314	47.253126	47.640958	92.12288783632167	287407.0	4.790116666666667	448.09	640	360	30.0	8	935b9613064447dabf3873bd3ebffd4f	627cbdf5731e8df64c12de562f080c0a	640	360	1673.0	8.0	225.0	3321.0	True	True	0.9872543146212895	0.9960386816722421
kirland360p_60f	kirland360p_60f	svtav1	svtav1_20200122_2e6b46b_enc-mode0	60	55	0	39012.0	39.01200000000001	41.26949999999998	46.143166666666666	46.14166666666667	40.906261	46.044935	45.831137	85.49619504291317	260484.0	4.3414	394.33	640	360	30.0	8	fc1279546e914b8474154d0ecca12cbb	afd227ac7227a5a7383fd56fa9f053e0	640	360	1591.0	5.0	133.0	3026.0	True	True	0.9812326351801555	0.9937406353781424
kirland360p_60f	kirland360p_60f	svtav1	svtav1_20200122_2e6b46b_enc-mode0	60	59	0	28656.0	28.656	39.36716666666666	45.3415	45.200166666666654	38.987226	45.19733899999999	44.841369	79.13843582727128	229797.0	3.82995	346.23	640	360	30.0	8	ef16b0057bbbf54a91849bc513f2f694	a49bcf82053f62b61a2cd4906cc6c587	640	360	1395.0	19.0	125.0	3189.0	True	True	0.9748873343070348	0.9910123079510249
niklas360p_60f	niklas360p_60f	svtav1	svtav1_20200122_2e6b46b_enc-mode0	60	20	0	1410064.0	1410.064	44.34633333333332	47.797999999999995	47.46666666666666	44.272691	47.737039	47.4005	98.34743092141704	954722.0	15.912033333333333	1566.49	640	360	30.0	8	bb53545b275cfe763a83d54788b1e258	035ec2139d5e53bfd677e6e7c2c2cedf	640	360	1779.0	5.0	604.0	3639.0	True	True	0.9865053713321685	0.9968616456278468
niklas360p_60f	niklas360p_60f	svtav1	svtav1_20200122_2e6b46b_enc-mode0	60	32	0	775956.0	775.956	41.89666666666666	46.331999999999994	45.818999999999996	41.802313	46.265691	45.745765	96.61592959775273	727634.0	12.127233333333333	1192.84	640	360	30.0	8	fbded80b28f8091be1813b8a0bb10c55	f117b094a5468ba547507c7d1530a6f0	640	360	1977.0	4.0	342.0	2972.0	True	True	0.9810967286427815	0.9951788744308044
niklas360p_60f	niklas360p_60f	svtav1	svtav1_20200122_2e6b46b_enc-mode0	60	43	0	416592.0	416.592	38.99416666666666	44.595	43.806	38.89974300000001	44.552513	43.758597	93.10278266706875	525630.0	8.7605	864.93	640	360	30.0	8	e42f9952db7fbc43036368157e87030b	7854c51697c4cab2755f132cd1f77722	640	360	1771.0	3.0	275.0	3093.0	True	True	0.9712296416362126	0.9918245340910056
niklas360p_60f	niklas360p_60f	svtav1	svtav1_20200122_2e6b46b_enc-mode0	60	55	0	202556.0	202.556	35.32733333333333	42.134000000000015	41.063166666666675	35.258221	42.103925	41.023095	85.0308324580682	444477.0	7.40795	725.74	640	360	30.0	8	319fc51412233ceb3352c2ac84ddc33f	3758a957df39db36c6ec37e695a5fb94	640	360	1962.0	6.0	282.0	3124.0	True	True	0.9482818424701691	0.9829075040550491
niklas360p_60f	niklas360p_60f	svtav1	svtav1_20200122_2e6b46b_enc-mode0	60	59	0	139328.0	139.328	33.393000000000015	40.82716666666666	39.418	33.354342	40.812846	39.390277	78.48758055951298	482860.0	8.047666666666666	806.13	640	360	30.0	8	bef08351c1e0344963e9476a80fa8aca	5941f30094285a385e87873f1b277714	640	360	1988.0	6.0	224.0	3034.0	True	True	0.9278308103481928	0.9738705281256437
DinnerScene_1920x1080_2997_10b	DinnerScene_1920x1080_2997_10b	svtav1	svtav1_20200122_2e6b46b_enc-mode0	60	20	0	1583462.0	1583.462	41.81966666666665	42.70633333333337	47.54816666666663	41.818037	42.703445	47.546857	91.55359163457616	5617505.0	93.62508333333334	9164.47	1920	1080	29.97	10	544a33ce2c68060eebaa20ceb2c3ca65	987f9077cff810729146bdc703cb31ec	1920	1080	21385.0	8.0	4457.0	27506.0	True	True	0.9942289123932521	0.9883241592659334
DinnerScene_1920x1080_2997_10b	DinnerScene_1920x1080_2997_10b	svtav1	svtav1_20200122_2e6b46b_enc-mode0	60	32	0	295961.0	295.961	41.63466666666667	42.292166666666645	47.38483333333334	41.633427	42.291853999999994	47.384943	89.81745837492637	3383873.0	56.39788333333333	5573.65	1920	1080	29.97	10	15d73d838b9584edeeafe6e8426f9b9b	02c6a9a84b68842109fdd0d5a362245e	1920	1080	22250.0	5.0	2553.0	30025.0	True	True	0.9934338311354319	0.9875339041783769
DinnerScene_1920x1080_2997_10b	DinnerScene_1920x1080_2997_10b	svtav1	svtav1_20200122_2e6b46b_enc-mode0	60	43	0	151247.0	151.247	41.38083333333332	42.21100000000001	47.20333333333335	41.381477	42.210719	47.203175	86.87470337849153	2694076.0	44.901266666666665	4395.01	1920	1080	29.97	10	35bdc4a469760e7209a375052c48ecde	83c0acf15829b832b8c07ea701f8cae5	1920	1080	21301.0	5.0	2164.0	24974.0	True	True	0.9925532678763072	0.9866597727893637
DinnerScene_1920x1080_2997_10b	DinnerScene_1920x1080_2997_10b	svtav1	svtav1_20200122_2e6b46b_enc-mode0	60	55	0	69704.0	69.704	40.59633333333334	41.896499999999996	46.52233333333331	40.593341	41.896573	46.520734	78.20148032270797	2454637.0	40.91061666666667	3832.46	1920	1080	29.97	10	51071aec260b8f7dab0e6f9edf514040	d49d214c8853ab23da25f5a5920ca5cb	1920	1080	21637.0	3.0	1765.0	26042.0	True	True	0.9888547370831172	0.9832742108743475
DinnerScene_1920x1080_2997_10b	DinnerScene_1920x1080_2997_10b	svtav1	svtav1_20200122_2e6b46b_enc-mode0	60	59	0	49572.0	49.572	39.82450000000002	41.551666666666684	45.9045	39.813793	41.551723	45.902638	68.88156259029468	2200772.0	36.67953333333333	3430.56	1920	1080	29.97	10	b0a1f9d775757476187adc3a5d0fecb0	35ff3f371a320c0f653f206d36f6034b	1920	1080	21169.0	6.0	2245.0	26196.0	True	True	0.9842623382806778	0.9792575916199274
RollerCoastPas_1920x1080_2997_10	RollerCoastPas_1920x1080_2997_10	svtav1	svtav1_20200122_2e6b46b_enc-mode0	60	20	0	3146769.0	3146.769	45.10266666666665	45.31166666666666	43.89283333333332	45.100732	45.310227000000005	43.89109	97.11290869728855	4949880.0	82.498	8358.73	1920	1080	29.97	10	7b84a33463e0e86cc887a68b8dc82037	53a1b7781f1a96ecbaea5111c592c8ec	1920	1080	21211.0	5.0	3351.0	27646.0	True	True	0.9986430794000626	0.9969117354500668
RollerCoastPas_1920x1080_2997_10	RollerCoastPas_1920x1080_2997_10	svtav1	svtav1_20200122_2e6b46b_enc-mode0	60	32	0	1375126.0	1375.126	43.95266666666665	44.58849999999999	43.08966666666664	43.950361	44.588304	43.08905	96.3670729532449	3583718.0	59.728633333333335	5732.64	1920	1080	29.97	10	bc38dd04a9706dc61233c9507cb22b86	0682640a7426d448cb7968bd7025ddb2	1920	1080	21960.0	10.0	2223.0	27244.0	True	True	0.998101994395256	0.9960068703716761
RollerCoastPas_1920x1080_2997_10	RollerCoastPas_1920x1080_2997_10	svtav1	svtav1_20200122_2e6b46b_enc-mode0	60	43	0	763903.0	763.903	42.3115	43.58633333333333	42.23900000000001	42.30509	43.58575	42.238641	94.82309261712813	2781336.0	46.3556	4081.79	1920	1080	29.97	10	9bb1a7383a84425af516f680f8b7598b	2936e1bc3a4d07c19a44b2119edf02d4	1920	1080	20062.0	5.0	2152.0	25274.0	True	True	0.9969290167093277	0.9942139823547692
RollerCoastPas_1920x1080_2997_10	RollerCoastPas_1920x1080_2997_10	svtav1	svtav1_20200122_2e6b46b_enc-mode0	60	55	0	315902.0	315.902	38.68733333333332	41.019000000000005	39.90116666666666	38.676354999999994	41.018968	39.899581	88.88378482711795	2565528.0	42.7588	3749.67	1920	1080	29.97	10	c94b523305e8cf415270cc5e7a70a847	d6e56c7d923c2a5b41032804774ed9b4	1920	1080	23880.0	7.0	1936.0	26983.0	True	True	0.9915200422207514	0.9870191199089301
RollerCoastPas_1920x1080_2997_10	RollerCoastPas_1920x1080_2997_10	svtav1	svtav1_20200122_2e6b46b_enc-mode0	60	59	0	201867.0	201.867	36.43533333333333	39.44849999999998	38.428166666666655	36.422621	39.446923	38.426076	81.8060727341518	2302808.0	38.38013333333333	3522.81	1920	1080	29.97	10	3e49a24674113468192027d32e9f0076	f1d853329c27b583b6372ac77022ffb3	1920	1080	22585.0	23.0	1969.0	27825.0	True	True	0.9844533046086629	0.978517215385652
Starting_1920x1080p_50_10b_pq_70	Starting_1920x1080p_50_10b_pq_70	svtav1	svtav1_20200122_2e6b46b_enc-mode0	60	20	0	4932313.0	4932.313	47.00350000000001	49.895166666666654	51.66383333333333	46.951947	49.831359	51.568079	96.82694048918366	3884749.0	64.74581666666667	6425.9	1920	1080	50.0	10	f4328566d05cfdc67d2bdd1bf6f61f6e	e4b2017bc97b20f8601c2ed27b299a39	1920	1080	18134.0	5.0	2558.0	25443.0	True	True	0.9992373575766881	0.9981878752458871
Starting_1920x1080p_50_10b_pq_70	Starting_1920x1080p_50_10b_pq_70	svtav1	svtav1_20200122_2e6b46b_enc-mode0	60	32	0	2467380.0	2467.38	45.51533333333334	48.78883333333332	50.18516666666668	45.443137	48.739878	50.122866	95.72997452885117	3057590.0	50.959833333333336	4537.13	1920	1080	50.0	10	4ef7d105bb303a9d779de66847e9acce	195530d189f55a62b0c3599b4a922c28	1920	1080	17678.0	5.0	2152.0	24409.0	True	True	0.9988043387730916	0.9975046740262179
Starting_1920x1080p_50_10b_pq_70	Starting_1920x1080p_50_10b_pq_70	svtav1	svtav1_20200122_2e6b46b_enc-mode0	60	43	0	1392626.0	1392.626	43.68599999999999	47.52250000000001	48.44050000000001	43.606537	47.510693999999994	48.425018	93.80029158889043	2019176.0	33.65293333333333	3483.93	1920	1080	50.0	10	b14ae4ada63b6bf1008db1f0e17a2eb2	6a44047bdaf5924a22a5dbf167ea8f1c	1920	1080	17913.0	4.0	1767.0	23291.0	True	True	0.9979191998640696	0.996285830765044
Starting_1920x1080p_50_10b_pq_70	Starting_1920x1080p_50_10b_pq_70	svtav1	svtav1_20200122_2e6b46b_enc-mode0	60	55	0	559720.0	559.72	39.64066666666667	44.84066666666668	45.09666666666667	39.600416	44.840225	45.095488	86.48000258201277	2301713.0	38.36188333333333	3641.63	1920	1080	50.0	10	861479402b38dd99d9d0199e3070292c	e615a8b4f6c7d8d44cb95f914134a8c4	1920	1080	18637.0	4.0	1972.0	25334.0	True	True	0.9938255021969478	0.9907747122612072
Starting_1920x1080p_50_10b_pq_70	Starting_1920x1080p_50_10b_pq_70	svtav1	svtav1_20200122_2e6b46b_enc-mode0	60	59	0	327120.0	327.12	36.96950000000001	43.15400000000001	43.31716666666668	36.950517	43.154071	43.317294999999994	78.4678657911878	2210983.0	36.849716666666666	3408.7	1920	1080	50.0	10	15fd89249ae9c046972fff08af68b011	255affcf8239fcc43aeaa9388c82357f	1920	1080	21318.0	9.0	3541.0	27312.0	True	True	0.9878346592187881	0.9828754658425761
dark720p_60f	dark720p_60f	svtav1	svtav1_20200122_2e6b46b_enc-mode0	60	20	0	7072044.0	7072.044	46.04833333333334	43.358166666666655	44.88683333333334	45.991476	43.201891	44.757264	96.21045602481199	4218375.0	70.30625	6700.83	1280	720	30.0	8	1e25ce0d02e48afd27769acdb8832d4a	58fa1dea632a1e4dd0b29a96b98ccea4	1280	720	4600.0	4.0	1977.0	10428.0	True	True	0.9943182130654653	0.9950763940044328
dark720p_60f	dark720p_60f	svtav1	svtav1_20200122_2e6b46b_enc-mode0	60	32	0	1740836.0	1740.836	43.512499999999996	39.09466666666667	41.85383333333332	43.47459	38.997567	41.818423	93.12486750490685	2510714.0	41.84523333333333	3823.55	1280	720	30.0	8	02aeaa1bd9afe5658df20e675bf775fb	8f4499262a50a0f6b5964c50e888d3c8	1280	720	4419.0	5.0	1325.0	10572.0	True	True	0.9911512533823649	0.9926232367619127
dark720p_60f	dark720p_60f	svtav1	svtav1_20200122_2e6b46b_enc-mode0	60	43	0	303072.0	303.072	42.22700000000002	36.97333333333333	40.821	42.216163	36.95843	40.815331	90.39800308392152	1457053.0	24.284216666666666	2259.1	1280	720	30.0	8	d73a58c3255b7cbc7f205ef289b3cecc	d45bd2b20a4a0bfbed366d82d5e58911	1280	720	5295.0	4.0	783.0	11551.0	True	True	0.9894112110137939	0.991251926234611
dark720p_60f	dark720p_60f	svtav1	svtav1_20200122_2e6b46b_enc-mode0	60	55	0	111640.0	111.64	40.68033333333332	36.241500000000016	39.84350000000001	40.67376	36.239138	39.839743	85.8151281965873	871842.0	14.5307	1497.05	1280	720	30.0	8	e9ea17bfa56b555c7ed3dbb26de20ef9	c150bbe657fa1ee67d04e5da3f57e9db	1280	720	4592.0	3.0	469.0	9859.0	True	True	0.9852831522623698	0.9881172939021341
dark720p_60f	dark720p_60f	svtav1	svtav1_20200122_2e6b46b_enc-mode0	60	59	0	74464.0	74.464	39.16900000000002	35.56733333333332	38.917333333333346	39.162175	35.565157	38.908181	80.4728665343282	986831.0	16.447183333333335	1596.56	1280	720	30.0	8	98bbce5a623f2b1304b919cf5c181e7a	530bee07038f0646e4b22d480984c01b	1280	720	4937.0	5.0	523.0	10791.0	True	True	0.9799154927333196	0.9840906984175951
red_kayak_360p_60f	red_kayak_360p_60f	svtav1	svtav1_20200122_2e6b46b_enc-mode0	60	20	0	9209618.0	9209.618	41.126666666666665	44.75750000000001	49.19366666666667	41.047137	44.724967	49.183905	99.89570751606405	1730871.0	28.84785	2773.34	640	360	29.97	8	a07ccd8ad5cbaee8fe71e69b875af706	c531f958a0d6083a2fff3a0120de7639	640	360	2228.0	4.0	1204.0	3431.0	True	True	0.9727010548114776	0.9944260419430989
red_kayak_360p_60f	red_kayak_360p_60f	svtav1	svtav1_20200122_2e6b46b_enc-mode0	60	32	0	5412190.0	5412.19	36.575833333333335	42.286833333333334	47.85483333333334	36.411799	42.232153	47.841158	99.73893477184815	1572226.0	26.203766666666667	2870.06	640	360	29.97	8	d33a486f76e611a518d95ee79330c4ac	98764d6025a04e227167cd1b0fa7c263	640	360	2183.0	16.0	896.0	3105.0	True	True	0.9408595224221548	0.9863516604960675
red_kayak_360p_60f	red_kayak_360p_60f	svtav1	svtav1_20200122_2e6b46b_enc-mode0	60	43	0	2384765.0	2384.765	31.831833333333332	39.90049999999999	46.78866666666665	31.684872	39.853449	46.763659	85.93330276789652	1218809.0	20.313483333333334	1998.26	640	360	29.97	8	c0260981a23f1270f778a6c438a09eb5	09ba3e157b97dd9a58435d2dc3454072	640	360	2200.0	5.0	763.0	3306.0	True	True	0.8690284023682276	0.9651626485999033
red_kayak_360p_60f	red_kayak_360p_60f	svtav1	svtav1_20200122_2e6b46b_enc-mode0	60	55	0	700855.0	700.855	27.936166666666665	38.049166666666665	45.42633333333333	27.843838	38.026067	45.365327	57.48118741406498	873599.0	14.559983333333333	1446.47	640	360	29.97	8	a6b5a331352cb943cf8a202b14b2af75	52314e799e15132354bcf95ca96b4c9a	640	360	2296.0	7.0	467.0	3201.0	True	True	0.7503994961579641	0.9161428692047625
red_kayak_360p_60f	red_kayak_360p_60f	svtav1	svtav1_20200122_2e6b46b_enc-mode0	60	59	0	372716.0	372.716	26.760833333333334	37.408500000000004	45.03933333333334	26.689234	37.386449	44.94497	42.74549311928538	610273.0	10.171216666666666	986.78	640	360	29.97	8	e7026b81a7920a3e016ad72d573b266c	10af2396f055122116d6bb2c5b2f14ba	640	360	2270.0	19.0	332.0	2941.0	True	True	0.7014470358689626	0.8837069668726772
shields_640x360_60f	shields_640x360_60f	svtav1	svtav1_20200122_2e6b46b_enc-mode0	60	20	0	2350440.0	2350.44	42.406999999999975	45.60933333333334	47.305	42.277302	45.58745	47.23837	99.44134088487107	1209113.0	20.151883333333334	2143.81	640	360	50.0	8	6d5ec7f9d5047f0927a093060784ffa6	b9b80c3a5e8ddc4190ddfafdc52b3cb2	640	360	2882.0	6.0	392.0	3076.0	True	True	0.9857282996177673	0.9982911791203425
shields_640x360_60f	shields_640x360_60f	svtav1	svtav1_20200122_2e6b46b_enc-mode0	60	32	0	1258573.0	1258.573	40.70316666666667	44.07533333333332	45.622666666666674	40.505847	44.038114	45.516289	99.43734546610257	738562.0	12.309366666666667	1239.97	640	360	50.0	8	b594fd82fa5275d34c59654e7b52abec	b464b64410e3c2774109642def35d494	640	360	2609.0	4.0	325.0	3193.0	True	True	0.9812340050935745	0.9976594143415861
shields_640x360_60f	shields_640x360_60f	svtav1	svtav1_20200122_2e6b46b_enc-mode0	60	43	0	665273.0	665.273	38.16383333333332	41.366833333333325	43.152333333333345	37.890835	41.285201	42.988722	99.39892567439549	508859.0	8.480983333333333	840.3	640	360	50.0	8	5b434dcecc14fffef9c8ec52fdc8a051	b45a0970030960c67c21f101975028c9	640	360	2425.0	8.0	231.0	2962.0	True	True	0.9702735622723897	0.9958812093145476
shields_640x360_60f	shields_640x360_60f	svtav1	svtav1_20200122_2e6b46b_enc-mode0	60	55	0	325233.0	325.233	34.46466666666666	38.11266666666667	40.193333333333335	34.1102	37.951345999999994	39.949497	95.47039747711051	330116.0	5.501933333333334	576.15	640	360	50.0	8	43f08259ed993477d34d01a289689a5d	03336ffd69e500afc64a22216d0bd283	640	360	2505.0	3.0	183.0	2916.0	True	True	0.940648975968361	0.9900120121305276
shields_640x360_60f	shields_640x360_60f	svtav1	svtav1_20200122_2e6b46b_enc-mode0	60	59	0	206413.0	206.413	31.87216666666667	36.318	38.36050000000001	31.451687	36.104667	38.120625	88.1738052831585	448635.0	7.47725	717.73	640	360	50.0	8	471ab817cb42106bb915aa1e51e3e407	8ca164a3414d54012ffe21d83e1f326d	640	360	2632.0	11.0	416.0	4139.0	True	True	0.9018228739500046	0.9807776826547301
speed_bag_640x360_60f	speed_bag_640x360_60f	svtav1	svtav1_20200122_2e6b46b_enc-mode0	60	20	0	464293.0	464.293	46.915500000000016	49.63516666666666	51.09049999999999	46.84433	49.587928	51.039349	98.27439166357122	640002.0	10.6667	1019.1	640	360	29.97	8	1bbcad368c7a83c8fce7e4be430e74b3	c067d5ac980acbcffe582625b7dc8385	640	360	1672.0	6.0	428.0	3286.0	True	True	0.9887242913246155	0.9974996147637917
speed_bag_640x360_60f	speed_bag_640x360_60f	svtav1	svtav1_20200122_2e6b46b_enc-mode0	60	32	0	246389.0	246.389	45.115166666666674	48.34099999999999	49.97566666666667	44.973308	48.2521	49.868299	97.36697096297843	464866.0	7.747766666666666	802.62	640	360	29.97	8	e4b23773216041e589479193377cbb99	77e5f2367494daaf308380c28e03d27b	640	360	1472.0	4.0	244.0	3235.0	True	True	0.9857150346040726	0.9962339012127208
speed_bag_640x360_60f	speed_bag_640x360_60f	svtav1	svtav1_20200122_2e6b46b_enc-mode0	60	43	0	136711.0	136.71099999999998	43.01399999999999	46.724	48.56216666666668	42.810735	46.61167	48.409264	94.82362056116226	277198.0	4.6199666666666666	489.42	640	360	29.97	8	012026a7ecddac353574662b23788621	3fab43ec0a4b5b53046627bff215b199	640	360	1602.0	2.0	176.0	2867.0	True	True	0.981577514608701	0.9940061669541624
speed_bag_640x360_60f	speed_bag_640x360_60f	svtav1	svtav1_20200122_2e6b46b_enc-mode0	60	55	0	68481.0	68.481	39.6705	43.934833333333344	46.41333333333334	39.407182	43.835941	46.204104	84.99769838738068	360857.0	6.014283333333333	586.25	640	360	29.97	8	91033cacba1e0fa979ba8f8fa4c5dcd0	f1115a02bb5f7b8c9a17c67d7e6695a9	640	360	1615.0	6.0	183.0	3985.0	True	True	0.9719644616047541	0.9877999121258986
speed_bag_640x360_60f	speed_bag_640x360_60f	svtav1	svtav1_20200122_2e6b46b_enc-mode0	60	59	0	50500.0	50.5	37.764500000000005	42.20916666666665	44.96549999999999	37.570813	42.137823	44.759836	77.23925830420539	336247.0	5.604116666666667	465.69	640	360	29.97	8	2660397de8a771a464397137d03d77b2	ca152662fef610dd81b5f4c1db686c4c	640	360	1895.0	5.0	204.0	3056.0	True	True	0.9642775813738506	0.9822682269733864
thaloundeskmtg360p_60f	thaloundeskmtg360p_60f	svtav1	svtav1_20200122_2e6b46b_enc-mode0	60	20	0	841456.0	841.456	44.62783333333332	48.53966666666666	48.571999999999996	44.451185	48.498239	48.542181	96.92631314457657	577598.0	9.626633333333332	974.39	640	360	30.0	8	f56c17ce70c620241c94c3bb4f6ff5d3	1c089ec134cc0665b38a37ebb8c918c0	640	360	1602.0	3.0	277.0	2931.0	True	True	0.9923172881205876	0.9983471034457164
thaloundeskmtg360p_60f	thaloundeskmtg360p_60f	svtav1	svtav1_20200122_2e6b46b_enc-mode0	60	32	0	438792.0	438.792	42.989	47.27066666666668	47.39133333333332	42.74442	47.235521	47.369828	95.8078568737788	546419.0	9.106983333333334	926.22	640	360	30.0	8	c4789c2b309f061f255191b4ea983f4d	d65bfd08bedb686284ca697c8883d627	640	360	1674.0	3.0	206.0	3121.0	True	True	0.9900625238815943	0.9976388023313838
thaloundeskmtg360p_60f	thaloundeskmtg360p_60f	svtav1	svtav1_20200122_2e6b46b_enc-mode0	60	43	0	250056.0	250.056	40.99066666666667	45.70483333333334	45.855166666666655	40.688393	45.677768	45.83736	93.62436596480138	457796.0	7.629933333333334	753.61	640	360	30.0	8	7b84eee88e65ea087955e6d6ffa7df64	fcdb0094c2ab79e809f658cb5d0b3cdb	640	360	2039.0	6.0	299.0	3935.0	True	True	0.9862854490677516	0.9963213737496233
thaloundeskmtg360p_60f	thaloundeskmtg360p_60f	svtav1	svtav1_20200122_2e6b46b_enc-mode0	60	55	0	123884.0	123.884	37.56416666666666	42.851833333333346	42.91316666666668	37.31619	42.830919	42.897181	87.30404740675688	350581.0	5.843016666666666	552.84	640	360	30.0	8	6531e97fd0c1370c5573d744e75b79ba	c469404fb467cf3601e1c01a6e4e49df	640	360	3250.0	23.0	276.0	3623.0	True	True	0.9760033458471298	0.9920397214674787
thaloundeskmtg360p_60f	thaloundeskmtg360p_60f	svtav1	svtav1_20200122_2e6b46b_enc-mode0	60	59	0	84260.0	84.26	35.31749999999999	40.92016666666666	41.18483333333334	34.997729	40.909022	41.165236	81.55695264939543	320231.0	5.337183333333333	481.09	640	360	30.0	8	47d97c61e3fc2a3b1786157861e96613	3c0e0c555e9e4f5f326b6dcf6d86e3ef	640	360	2013.0	3.0	217.0	3297.0	True	True	0.9653418898582459	0.9872364367663392
Sintel_Dragons_1920x816_24_10b	Sintel_Dragons_1920x816_24_10b	svtav1	svtav1_20200122_2e6b46b_enc-mode0	60	20	0	5205056.0	5205.056	46.88700000000001	51.22666666666666	51.44333333333332	46.814382	51.202004	51.398855	99.91228090591758	6081307.0	101.35511666666666	10149.06	1920	816	24.0	10	7d777198903f057fdce3b9b2b4852e6b	6b6d1918d86e9250c782d47460cbd44d	1920	816	12828.0	5.0	3304.0	16247.0	True	True	0.9966848313808441	0.9968488002921733
Sintel_Dragons_1920x816_24_10b	Sintel_Dragons_1920x816_24_10b	svtav1	svtav1_20200122_2e6b46b_enc-mode0	60	32	0	2662588.0	2662.588	43.81383333333334	48.81816666666666	48.9235	43.737149	48.78226299999999	48.852376	99.89288437118503	5208934.0	86.81556666666667	8639.0	1920	816	24.0	10	126ddb01954230526e044a4e8cecd3e3	c18657d838705452d8656b08fa7ed6c3	1920	816	11731.0	3.0	4666.0	19577.0	True	True	0.9940332561731339	0.9944637235764693
Sintel_Dragons_1920x816_24_10b	Sintel_Dragons_1920x816_24_10b	svtav1	svtav1_20200122_2e6b46b_enc-mode0	60	43	0	1383945.0	1383.945	40.81083333333333	46.405166666666666	46.461	40.73829	46.361096	46.371301	97.9210162677222	4590049.0	76.50081666666667	7460.95	1920	816	24.0	10	42f5799ce81616cbfb734ead6dba046e	5d0eda47418d22a430599ec0fdc36b3a	1920	816	11056.0	5.0	3690.0	18137.0	True	True	0.9884485175212224	0.9897417014943489
Sintel_Dragons_1920x816_24_10b	Sintel_Dragons_1920x816_24_10b	svtav1	svtav1_20200122_2e6b46b_enc-mode0	60	55	0	671171.0	671.171	37.402833333333334	43.44233333333333	43.632999999999996	37.34592	43.400253	43.562823	85.11598540855472	3779147.0	62.98578333333333	6141.48	1920	816	24.0	10	3dff8571bddaff1ae9d0339e4cd1969f	94d4f929fd443b4c285a62a17085bbfd	1920	816	14607.0	6.0	2532.0	17775.0	True	True	0.97528950770696	0.9790598324983332
Sintel_Dragons_1920x816_24_10b	Sintel_Dragons_1920x816_24_10b	svtav1	svtav1_20200122_2e6b46b_enc-mode0	60	59	0	479827.0	479.827	35.78516666666667	41.983500000000014	42.22433333333334	35.732936	41.93936	42.158486	75.95578259681726	3373145.0	56.21908333333333	5459.81	1920	816	24.0	10	016c33b1ed80265992d579b4f481e94b	303cbe8c26d01d151c3c81fe2ae48750	1920	816	11766.0	6.0	3013.0	18540.0	True	True	0.964789405465126	0.9706240973571294
ShowGirl2TeaserClip4000_1920x108	ShowGirl2TeaserClip4000_1920x108	svtav1	svtav1_20200122_2e6b46b_enc-mode0	60	20	0	3165993.0	3165.993	42.41816666666666	46.652166666666666	49.513166666666656	42.416336	46.650893	49.511869	95.41342766056437	6483936.0	108.0656	10509.74	1920	1080	25.0	10	caf233ebb2331e41ed44aa030903fe3c	f63f302b8bf4343860e1056f9811b85e	1920	1080	20207.0	4.0	2624.0	24499.0	True	True	0.9961007624864578	0.9915360549163843
ShowGirl2TeaserClip4000_1920x108	ShowGirl2TeaserClip4000_1920x108	svtav1	svtav1_20200122_2e6b46b_enc-mode0	60	32	0	1349436.0	1349.436	41.71183333333334	46.277833333333334	48.86916666666664	41.708242	46.275278	48.867795	93.59605486920017	4935848.0	82.26413333333333	7767.71	1920	1080	25.0	10	2d1b3b7325bca13d77e0c04daed3754a	252a09c5ecb5651fba1638fc10fb3802	1920	1080	21937.0	4.0	2528.0	27425.0	True	True	0.9950303375720978	0.9901849239145799
ShowGirl2TeaserClip4000_1920x108	ShowGirl2TeaserClip4000_1920x108	svtav1	svtav1_20200122_2e6b46b_enc-mode0	60	43	0	694786.0	694.786	40.672166666666676	45.81549999999999	48.06649999999997	40.65955999999999	45.813547	48.065053	90.14413742918647	3460486.0	57.67476666666666	5605.56	1920	1080	25.0	10	adc41102644c8c07866750c27a12b9eb	7b1f740f805e0b5fb78425d253f08020	1920	1080	21039.0	5.0	2656.0	25965.0	True	True	0.9931134770313899	0.9880093384470996
ShowGirl2TeaserClip4000_1920x108	ShowGirl2TeaserClip4000_1920x108	svtav1	svtav1_20200122_2e6b46b_enc-mode0	60	55	0	294890.0	294.89	38.46166666666666	44.63733333333334	46.39050000000001	38.438968	44.635963	46.390185	81.2978647078677	2738042.0	45.634033333333335	4241.01	1920	1080	25.0	10	88e9abe6c65ab9d8e806a37ade3ee516	fab3bb6f38351c891dfc49fe3801d302	1920	1080	20493.0	3.0	2400.0	24436.0	True	True	0.9867477963368098	0.9811630455977892
ShowGirl2TeaserClip4000_1920x108	ShowGirl2TeaserClip4000_1920x108	svtav1	svtav1_20200122_2e6b46b_enc-mode0	60	59	0	182976.0	182.976	36.77916666666667	43.47783333333332	45.15150000000001	36.763663	43.477244	45.150722	72.7206196071537	2822887.0	47.048116666666665	4461.09	1920	1080	25.0	10	28fde93ea44cb107f453428e762b736d	fb8d18f6373d0e63dab425e0f8f7cf57	1920	1080	21833.0	5.0	2063.0	25764.0	True	True	0.9789117823044459	0.9730927038765971
DOTA2_60f_420	DOTA2_60f_420	svtav1	svtav1_20200122_2e6b46b_enc-mode0	60	20	0	16063528.0	16063.528	45.54116666666667	49.328666666666656	49.44149999999999	45.515247	49.29104300000001	49.41505399999999	97.56876977594837	5523964.0	92.06606666666667	9235.66	1920	1080	60.0	8	764a0fde66a4606f7ea0a965b6550fee	e16074c1cb94bec84584329c96b36cc5	1920	1080	14245.0	6.0	2194.0	23673.0	True	True	0.9986587325731914	0.997419781389262
DOTA2_60f_420	DOTA2_60f_420	svtav1	svtav1_20200122_2e6b46b_enc-mode0	60	32	0	7853664.0	7853.664	43.071000000000005	47.08400000000002	47.345833333333324	43.023096	47.03155	47.311822	95.78186739529433	4148657.0	69.14428333333333	6540.18	1920	1080	60.0	8	7352428c0ff93a79dae961b9ac283bc4	bd9163fa2213874049eb36b02bfda5cf	1920	1080	12431.0	5.0	2181.0	25541.0	True	True	0.9974273016055425	0.9952532070139184
DOTA2_60f_420	DOTA2_60f_420	svtav1	svtav1_20200122_2e6b46b_enc-mode0	60	43	0	3745544.0	3745.544	40.347999999999985	44.557	44.93866666666667	40.288054	44.494444	44.900715	92.11221948787644	3312690.0	55.2115	5323.3	1920	1080	60.0	8	0cb309da19505266f1c1faf5768de02e	401d06568167119c8f1ea75d9cd90f08	1920	1080	12684.0	5.0	1771.0	25718.0	True	True	0.994241613149643	0.9902957334509821
DOTA2_60f_420	DOTA2_60f_420	svtav1	svtav1_20200122_2e6b46b_enc-mode0	60	55	0	1439792.0	1439.792	36.70766666666667	41.19849999999999	41.512499999999996	36.663142	41.154479	41.486551	82.04018049367227	2790101.0	46.50168333333333	4159.97	1920	1080	60.0	8	f74dac75dc1334872d30603158f15e7a	1c9a835768cb8de4a5b61dfcab5c967c	1920	1080	12637.0	4.0	1512.0	27109.0	True	True	0.98121683994929	0.9745329260375556
DOTA2_60f_420	DOTA2_60f_420	svtav1	svtav1_20200122_2e6b46b_enc-mode0	60	59	0	874888.0	874.888	34.71666666666666	39.31666666666667	39.60616666666665	34.695846	39.296618	39.587937	72.77847825256863	2202586.0	36.70976666666667	3386.11	1920	1080	60.0	8	237f9127d12e71dd535f0dd56209e650	9fd61f7c2e1fb317aeddab361ae1cc7d	1920	1080	12027.0	4.0	1248.0	24225.0	True	True	0.9654485424359639	0.9585246104697768
STARCRAFT_60f_420	STARCRAFT_60f_420	svtav1	svtav1_20200122_2e6b46b_enc-mode0	60	20	0	6965768.0	6965.768	49.84333333333334	53.018666666666654	53.02416666666668	49.834089999999996	53.011977	53.020011	97.50845015307159	3402881.0	56.71468333333333	5348.58	1920	1080	60.0	8	987c95350091c32ff5e056ad62cbbcb4	17a642d64314b63ead0bae96d3181f27	1920	1080	11209.0	4.0	1676.0	29606.0	True	True	0.999533764521281	0.999107908980542
STARCRAFT_60f_420	STARCRAFT_60f_420	svtav1	svtav1_20200122_2e6b46b_enc-mode0	60	32	0	4382808.0	4382.808	47.095166666666664	51.06983333333333	51.244166666666665	47.076267	51.054701	51.23645	96.82879468535981	2492792.0	41.546533333333336	3711.68	1920	1080	60.0	8	6833a0e555144c69216e4692f2cd71a6	c5e4101857db7fd40e3cfae43acc5ead	1920	1080	11338.0	4.0	1351.0	26171.0	True	True	0.9990782221158345	0.9983636815030345
STARCRAFT_60f_420	STARCRAFT_60f_420	svtav1	svtav1_20200122_2e6b46b_enc-mode0	60	43	0	2695592.0	2695.592	44.01216666666666	48.918	49.073666666666654	43.97903899999999	48.883944	49.059244	95.53364595865739	2249248.0	37.48746666666667	3570.44	1920	1080	60.0	8	5b5bf15831c5e5a2ec73d96141c339d9	d2fe7918a6a573da544a7e14a76b0f28	1920	1080	11805.0	10.0	1015.0	24600.0	True	True	0.9981321016947429	0.9969479149337972
STARCRAFT_60f_420	STARCRAFT_60f_420	svtav1	svtav1_20200122_2e6b46b_enc-mode0	60	55	0	1054216.0	1054.216	38.52983333333332	44.47866666666665	44.64333333333333	38.508212	44.45536	44.629735	89.65550034896071	1820776.0	30.346266666666665	2874.58	1920	1080	60.0	8	4daf6b81b17e1011cef9d79f372903b2	1b5d23c664598a0be8f2e4a491c8b20d	1920	1080	11340.0	18.0	1138.0	25557.0	True	True	0.9921492904424667	0.9888678248678774
STARCRAFT_60f_420	STARCRAFT_60f_420	svtav1	svtav1_20200122_2e6b46b_enc-mode0	60	59	0	596616.0	596.616	35.452	42.090833333333336	42.207499999999996	35.441016	42.078746	42.197430000000004	82.32278597254425	2037618.0	33.9603	2943.26	1920	1080	60.0	8	71f7709d66e04f816cdd948a3f7859f2	ceb1df99802ae41f75dcfe2da05678e7	1920	1080	13340.0	4.0	1357.0	31279.0	True	True	0.9828779011964798	0.977458168230283
vidyo1_720p_60fps_60f	vidyo1_720p_60fps_60f	svtav1	svtav1_20200122_2e6b46b_enc-mode0	60	20	0	3906752.0	3906.752	45.56866666666666	48.14766666666665	49.47099999999999	45.55522	48.141625	49.468391	96.53980852193972	2613217.0	43.55361666666667	4202.98	1280	720	60.0	8	d4b6ddf6aa29dee4e6e6e11dd8d524b0	98217e860aef7c0e86e4114e2557382c	1280	720	6070.0	4.0	961.0	11013.0	True	True	0.9976047952969869	0.996993448961652
vidyo1_720p_60fps_60f	vidyo1_720p_60fps_60f	svtav1	svtav1_20200122_2e6b46b_enc-mode0	60	32	0	1451624.0	1451.624	43.99899999999998	47.59566666666668	48.80283333333333	43.993446999999996	47.5918	48.80103900000001	95.19363019578988	1796571.0	29.94285	2873.42	1280	720	60.0	8	a03ed7edfca50eba630d711694e32b63	11c9a0952be1e3bb5844ff2468e54aa2	1280	720	5581.0	7.0	866.0	11511.0	True	True	0.9960900515317916	0.9955304939119424
vidyo1_720p_60fps_60f	vidyo1_720p_60fps_60f	svtav1	svtav1_20200122_2e6b46b_enc-mode0	60	43	0	701800.0	701.8	42.523999999999994	46.867000000000026	47.83216666666666	42.51843900000001	46.865642	47.831105	93.07843343343511	1242596.0	20.709933333333332	1936.52	1280	720	60.0	8	f17fee3d1e3965d46e082a19ff09f7cb	207929612287d9f088264ca1655fad5b	1280	720	5462.0	5.0	671.0	11686.0	True	True	0.9940560470024745	0.9937389983047528
vidyo1_720p_60fps_60f	vidyo1_720p_60fps_60f	svtav1	svtav1_20200122_2e6b46b_enc-mode0	60	55	0	334136.0	334.136	40.078333333333326	45.43966666666665	45.92966666666667	40.067679	45.437594	45.927164999999995	87.9239218467521	945109.0	15.751816666666667	1514.84	1280	720	60.0	8	ad0adfd23b304a918a4e459e106858e8	f3971690d6a84576c9adb5044fbd6f69	1280	720	5198.0	3.0	623.0	10583.0	True	True	0.9882319380839666	0.9889892615661361
vidyo1_720p_60fps_60f	vidyo1_720p_60fps_60f	svtav1	svtav1_20200122_2e6b46b_enc-mode0	60	59	0	215072.0	215.072	37.9895	43.88816666666666	44.05933333333334	37.981322	43.887331	44.058082	81.22918995325371	1015808.0	16.930133333333334	1579.21	1280	720	60.0	8	f50b4369e5b2bf90447cc33838222c72	d8f4023fac0a0a79c91d9bafc7ba058d	1280	720	5927.0	4.0	522.0	11405.0	True	True	0.9795060008764267	0.9819926106964264
ducks_1920x1080_50fps_10b	ducks_1920x1080_50fps_10b	svtav1	svtav1_20200122_2e6b46b_enc-mode0	60	20	0	118421913.0	118421.913	39.198666666666675	39.498999999999995	41.573499999999996	39.177164	39.483468	41.553346	98.97332908572669	18045930.0	300.7655	29648.96	1920	1080	50.0	10	75fe03272b1e95af4bb6f6db02563a0a	d0fe742633975c30c6d0c161cfc53bd1	1920	1080	25886.0	23.0	10532.0	24088.0	True	True	0.9989389439423879	0.9961859536334142
ducks_1920x1080_50fps_10b	ducks_1920x1080_50fps_10b	svtav1	svtav1_20200122_2e6b46b_enc-mode0	60	32	0	31532646.0	31532.646	35.20466666666667	36.97666666666667	39.972833333333334	35.171765	36.951958	39.957755	93.68566551489697	12018047.0	200.30078333333333	19508.98	1920	1080	50.0	10	f60e1194c517eac177c935a0db45deca	a123ff6bd17ab204d310d889fd3556b1	1920	1080	25080.0	19.0	6015.0	24473.0	True	True	0.9967060695091884	0.9901865482286857
ducks_1920x1080_50fps_10b	ducks_1920x1080_50fps_10b	svtav1	svtav1_20200122_2e6b46b_enc-mode0	60	43	0	10671380.0	10671.38	33.109833333333334	35.146	38.60266666666667	33.08242	35.106079	38.590733	84.5799203860969	7745377.0	129.08961666666667	12987.62	1920	1080	50.0	10	64fd243a8c0c40d95364312287dcf7ca	82fe975da574bfb12ab48949d2e8d87d	1920	1080	24229.0	4.0	4152.0	24244.0	True	True	0.991188578804334	0.9817205693572855
ducks_1920x1080_50fps_10b	ducks_1920x1080_50fps_10b	svtav1	svtav1_20200122_2e6b46b_enc-mode0	60	55	0	3717433.0	3717.433	30.514666666666653	33.07816666666666	37.28900000000001	30.475534	33.035781	37.283518	67.11114289780687	5633923.0	93.89871666666667	9049.37	1920	1080	50.0	10	6a46ff799ef7d1ba21bb4e11894b1e8d	0fabf0ba2901c942f36026b65d1d300c	1920	1080	22914.0	5.0	3461.0	24694.0	True	True	0.9742737074693044	0.9606972890854479
ducks_1920x1080_50fps_10b	ducks_1920x1080_50fps_10b	svtav1	svtav1_20200122_2e6b46b_enc-mode0	60	59	0	2386906.0	2386.906	29.30649999999999	32.14316666666667	36.63999999999999	29.266052	32.106519	36.637428	57.53643092521973	4343109.0	72.38515	7124.37	1920	1080	50.0	10	89faa0c2b2da126579e67addbd843c04	658d2dc9327bfde61e70027478fb7e0d	1920	1080	23098.0	5.0	4448.0	25603.0	True	True	0.9604415317376455	0.9449560502431811
Netflix_Aerial_1920x1080_60fps_8	Netflix_Aerial_1920x1080_60fps_8	svtav1	svtav1_20200122_2e6b46b_enc-mode0	60	20	0	21706184.0	21706.184	42.75866666666664	45.685166666666674	45.390833333333354	42.73474	45.676598	45.38478	96.69410809629069	9156989.0	152.61648333333332	15055.83	1920	1080	60.0	8	1bdd22f6a5cd82323874dfb684c70f04	487e7f151d7ee7df99c64afd6f71cab2	1920	1080	14606.0	9.0	3335.0	23977.0	True	True	0.9979274849096934	0.9965264537569124
Netflix_Aerial_1920x1080_60fps_8	Netflix_Aerial_1920x1080_60fps_8	svtav1	svtav1_20200122_2e6b46b_enc-mode0	60	32	0	10776648.0	10776.648	40.834833333333314	44.533166666666666	44.528666666666645	40.773521	44.518493	44.523301	94.46704759794675	6160028.0	102.66713333333334	9942.18	1920	1080	60.0	8	4be299463d123ce04694c1c5c1698f7c	8607ca30d2e0a6bb14905979140b8805	1920	1080	14757.0	4.0	2324.0	24577.0	True	True	0.9965247094631196	0.9944236944298362
Netflix_Aerial_1920x1080_60fps_8	Netflix_Aerial_1920x1080_60fps_8	svtav1	svtav1_20200122_2e6b46b_enc-mode0	60	43	0	5005216.0	5005.216	38.26700000000001	42.75783333333332	43.265499999999996	38.194189	42.751411	43.26268	90.75735275963852	4114942.0	68.58236666666667	6255.45	1920	1080	60.0	8	bdbef4e4c78bb5b2fe48e819f603e9b8	eb6042092ec6d65869f89b9f73512d71	1920	1080	12815.0	3.0	1667.0	25464.0	True	True	0.9934809376796087	0.989593184566635
Netflix_Aerial_1920x1080_60fps_8	Netflix_Aerial_1920x1080_60fps_8	svtav1	svtav1_20200122_2e6b46b_enc-mode0	60	55	0	1754256.0	1754.256	34.34850000000001	40.23716666666668	41.566500000000005	34.324325	40.23016500000001	41.558453	80.86102663665555	2858086.0	47.634766666666664	4504.72	1920	1080	60.0	8	a0332f0a06869c38b431b2bb1fc39eda	4b00242f4ca0f67d482e8df0afe29f0b	1920	1080	14231.0	10.0	2304.0	27622.0	True	True	0.9825286775827408	0.9713154409514643
Netflix_Aerial_1920x1080_60fps_8	Netflix_Aerial_1920x1080_60fps_8	svtav1	svtav1_20200122_2e6b46b_enc-mode0	60	59	0	967848.0	967.848	32.2745	39.039500000000004	40.92333333333334	32.267527	39.029778	40.911457	70.97792086310093	3707509.0	61.79181666666667	5888.38	1920	1080	60.0	8	dea329e5b57b5cf38cfed2ad274cbc34	44f4d814f4c37c821f436f79190bc4dd	1920	1080	14554.0	5.0	1468.0	24779.0	True	True	0.9672099560499191	0.9481600032645638
Netflix_Crosswalk_1920x1080_60fp	Netflix_Crosswalk_1920x1080_60fp	svtav1	svtav1_20200122_2e6b46b_enc-mode0	60	20	0	7636776.0	7636.776	45.561	48.29833333333333	50.13283333333335	45.552029999999995	48.294905	50.126221	99.13887138472124	5943795.0	99.06325	9450.5	1920	1080	60.0	8	ba79d57d5c8f8a7535767d4d89845510	df48d687a604225a836ffab6c8af0bd0	1920	1080	9215.0	10.0	2403.0	24380.0	True	True	0.9976064811150233	0.9957098318531765
Netflix_Crosswalk_1920x1080_60fp	Netflix_Crosswalk_1920x1080_60fp	svtav1	svtav1_20200122_2e6b46b_enc-mode0	60	32	0	3878968.0	3878.968	44.300499999999985	47.54616666666666	49.35266666666669	44.270355	47.54116	49.347425	95.88430790137159	4360553.0	72.67588333333333	6501.59	1920	1080	60.0	8	9467f1b329f8ffb324155fafd18b516c	cdec3156dadfa556040868f411df4601	1920	1080	9143.0	22.0	2299.0	24029.0	True	True	0.9959677298863728	0.9939067275724213
Netflix_Crosswalk_1920x1080_60fp	Netflix_Crosswalk_1920x1080_60fp	svtav1	svtav1_20200122_2e6b46b_enc-mode0	60	43	0	1918112.0	1918.112	42.446666666666665	46.42	48.15400000000001	42.398324	46.414844	48.14842	89.30973040030405	3558458.0	59.307633333333335	5368.14	1920	1080	60.0	8	36524ae79a86f1f81298afcfcb42128a	9749de3ef90075169b10a2a13c345852	1920	1080	9044.0	5.0	1953.0	25435.0	True	True	0.992009836435318	0.9900508167285286
Netflix_Crosswalk_1920x1080_60fp	Netflix_Crosswalk_1920x1080_60fp	svtav1	svtav1_20200122_2e6b46b_enc-mode0	60	55	0	896512.0	896.512	39.74000000000001	44.65066666666666	46.294499999999985	39.679798	44.644051	46.288833	75.35046008797785	2971010.0	49.51683333333333	4521.03	1920	1080	60.0	8	a8be6904050ba01fc3368a1d5a045247	896719c703065adc6020c2572b8e0677	1920	1080	10944.0	5.0	2029.0	28396.0	True	True	0.9811550488074621	0.9805465227951932
Netflix_Crosswalk_1920x1080_60fp	Netflix_Crosswalk_1920x1080_60fp	svtav1	svtav1_20200122_2e6b46b_enc-mode0	60	59	0	642272.0	642.272	38.32616666666665	43.68366666666665	45.25233333333335	38.276302	43.678091	45.247658	66.02973588266383	2541225.0	42.35375	3860.2	1920	1080	60.0	8	06f42cb8abfcd29d07f0b276babb70ec	3c0bc7a49d770b8195a53d1903fb12b7	1920	1080	9921.0	4.0	1680.0	25609.0	True	True	0.9718770166238149	0.972878672553896
Netflix_PierSeaside_1920x1080_60	Netflix_PierSeaside_1920x1080_60	svtav1	svtav1_20200122_2e6b46b_enc-mode0	60	20	0	7934952.0	7934.952	45.42233333333334	47.42633333333333	45.515833333333354	45.399853	47.41542	45.501195	99.88259137096831	4946947.0	82.44911666666667	7860.17	1920	1080	60.0	8	99b50ae9e022dbaa44fc727233874d8e	60b566a27bf4c47860af14bdc98dc2e9	1920	1080	11400.0	4.0	2291.0	23738.0	True	True	0.9980341364940007	0.9968365894635691
Netflix_PierSeaside_1920x1080_60	Netflix_PierSeaside_1920x1080_60	svtav1	svtav1_20200122_2e6b46b_enc-mode0	60	32	0	3432720.0	3432.72	43.77700000000001	46.65649999999999	44.910500000000006	43.728087	46.642196	44.895223	99.38436562514588	3417524.0	56.958733333333335	5369.18	1920	1080	60.0	8	98012d45cc3580b78957ad05b2e196ed	33bce9367be9fdeed3c199f75b5c1b91	1920	1080	15818.0	8.0	1783.0	25234.0	True	True	0.997098766764005	0.9953936858581944
Netflix_PierSeaside_1920x1080_60	Netflix_PierSeaside_1920x1080_60	svtav1	svtav1_20200122_2e6b46b_enc-mode0	60	43	0	1512752.0	1512.752	41.720833333333324	45.451	44.08899999999999	41.654182	45.436964	44.075181	97.38341124575373	2458736.0	40.97893333333333	3602.89	1920	1080	60.0	8	a41fb2f15cf5475892b0632dec931a52	99fbf2b72d859d8eb83e562bc0625dbf	1920	1080	11063.0	5.0	2276.0	31132.0	True	True	0.9950426052014033	0.9924100544451552
Netflix_PierSeaside_1920x1080_60	Netflix_PierSeaside_1920x1080_60	svtav1	svtav1_20200122_2e6b46b_enc-mode0	60	55	0	591096.0	591.096	38.824833333333345	43.084500000000006	42.298999999999985	38.770202	43.074178	42.289765	91.3934652162471	2011200.0	33.52	3245.44	1920	1080	60.0	8	28f82130fa2e12339ddb9ab7b1784f9c	d5e8828a4b67ffbe04d11c860c951b3e	1920	1080	11268.0	8.0	1312.0	25321.0	True	True	0.989757165312767	0.9857812175821407
Netflix_PierSeaside_1920x1080_60	Netflix_PierSeaside_1920x1080_60	svtav1	svtav1_20200122_2e6b46b_enc-mode0	60	59	0	341936.0	341.936	36.81933333333333	41.32916666666668	40.74966666666667	36.785598	41.323863	40.745317	84.61237055429943	1932933.0	32.21555	2926.12	1920	1080	60.0	8	32f92721de553eee43cb071e26745210	a599431c04e7d0fa06f82e9b848332b9	1920	1080	11917.0	6.0	1820.0	25298.0	True	True	0.9844471921523412	0.9795457259440368
Netflix_RollerCoaster_1280x720_6	Netflix_RollerCoaster_1280x720_6	svtav1	svtav1_20200122_2e6b46b_enc-mode0	60	20	0	8285280.0	8285.28	44.85583333333333	46.742666666666665	46.75083333333334	44.841569	46.734189	46.743802	99.91298570002725	4212425.0	70.20708333333333	7028.05	1280	720	60.0	8	ee9ed268cf6b831a79f7cd3b90124fc1	93044f2a364c45d18a25b11f3aeacb02	1280	720	5902.0	6.0	1620.0	11470.0	True	True	0.9979194581508637	0.9975392096689552
Netflix_RollerCoaster_1280x720_6	Netflix_RollerCoaster_1280x720_6	svtav1	svtav1_20200122_2e6b46b_enc-mode0	60	32	0	4255456.0	4255.456	42.639500000000005	45.13883333333334	45.50883333333333	42.609917	45.122969	45.501042	99.87668280761208	3000896.0	50.01493333333333	4879.32	1280	720	60.0	8	71948aa3de16ebd1032094351118e5bd	eb0c6c197cdbea1e4822abc577151b35	1280	720	6226.0	5.0	1881.0	11674.0	True	True	0.9964848945538203	0.996005348112953
Netflix_RollerCoaster_1280x720_6	Netflix_RollerCoaster_1280x720_6	svtav1	svtav1_20200122_2e6b46b_enc-mode0	60	43	0	2184544.0	2184.544	40.146833333333326	43.14166666666666	43.884833333333326	40.10094	43.121118	43.875443	97.83121756889159	2440827.0	40.68045	4031.76	1280	720	60.0	8	d3e3c675b1658642df0f6aefce9a0a79	c09390e09d58654eda8b79f828ceecb3	1280	720	7259.0	3.0	1350.0	10800.0	True	True	0.9933462331692378	0.9928183302694116
Netflix_RollerCoaster_1280x720_6	Netflix_RollerCoaster_1280x720_6	svtav1	svtav1_20200122_2e6b46b_enc-mode0	60	55	0	955312.0	955.312	36.60733333333334	40.124999999999986	41.49283333333333	36.569958	40.103361	41.480764	87.75618262929166	1764905.0	29.41508333333333	2835.94	1280	720	60.0	8	325b136fdb2dd95a682f186193b185e6	2152b8fd446525caad726d2edcea30b0	1280	720	5721.0	3.0	1011.0	10428.0	True	True	0.9818374822537105	0.9821894860942141
Netflix_RollerCoaster_1280x720_6	Netflix_RollerCoaster_1280x720_6	svtav1	svtav1_20200122_2e6b46b_enc-mode0	60	59	0	650688.0	650.688	34.82283333333334	38.442833333333326	40.215833333333315	34.794929	38.423852	40.206432	79.41506404629061	1598787.0	26.64645	2592.09	1280	720	60.0	8	c4e2201e9902f9f58bc23fd8ce7fc04c	bcc95e60287ca55c25a661a70c50994c	1280	720	5840.0	4.0	1311.0	10509.0	True	True	0.9703926503658294	0.972571204926828
aspen_1080p_60f	aspen_1080p_60f	svtav1	svtav1_20200122_2e6b46b_enc-mode0	60	20	0	8504536.0	8504.536	44.022999999999996	48.00016666666666	49.15583333333331	44.009958	47.997423	49.154251	97.90787384735732	8129872.0	135.49786666666665	13138.44	1920	1080	29.97	8	729f66dd6d47545a71d614c7c5f8aa9d	f973295bf379341c2f89b7d32fd46173	1920	1080	10718.0	22.0	3106.0	24334.0	True	True	0.9960414032141368	0.9925185805057347
aspen_1080p_60f	aspen_1080p_60f	svtav1	svtav1_20200122_2e6b46b_enc-mode0	60	32	0	2588274.0	2588.274	42.14866666666664	46.995833333333344	48.136499999999984	42.134827	46.99403300000001	48.133447	94.02524953124724	5194935.0	86.58225	8384.87	1920	1080	29.97	8	010e5ca8d23d9a6eea84690ae81b15d9	a3cbb0f5b0a08c05a1687580c917107f	1920	1080	9688.0	3.0	2049.0	23698.0	True	True	0.9939958622058233	0.9896800364366585
aspen_1080p_60f	aspen_1080p_60f	svtav1	svtav1_20200122_2e6b46b_enc-mode0	60	43	0	1075619.0	1075.619	40.726666666666674	45.699166666666684	46.79533333333334	40.71032	45.696902	46.791697	88.80835925014841	3913352.0	65.22253333333333	6320.4	1920	1080	29.97	8	ac6d2f0e63ff876f4bd1bfe41e739527	f2e2aa75729b38ef3966bb0fa12a522d	1920	1080	10925.0	14.0	1904.0	25110.0	True	True	0.9912375857432684	0.9865737047838423
aspen_1080p_60f	aspen_1080p_60f	svtav1	svtav1_20200122_2e6b46b_enc-mode0	60	55	0	462277.0	462.277	38.5595	43.54316666666668	44.503499999999995	38.533611	43.53672199999999	44.499029	78.63286091592632	3062160.0	51.036	4744.51	1920	1080	29.97	8	ad2893881b61fafff06e56098bd6b5bf	1963a1f0b6e4e668bb2194b80fcdead7	1920	1080	14945.0	4.0	1625.0	23858.0	True	True	0.9842585911353429	0.979323323426067
aspen_1080p_60f	aspen_1080p_60f	svtav1	svtav1_20200122_2e6b46b_enc-mode0	60	59	0	298761.0	298.761	36.91083333333335	42.146499999999996	42.81533333333333	36.884464	42.141947	42.813169	68.83771092189674	2490447.0	41.50745	3773.31	1920	1080	29.97	8	3ff65bb8e020ee834f3df8040d682397	cc3761b7377ec340cdb066a5c9c74b0d	1920	1080	9176.0	4.0	1471.0	23569.0	True	True	0.9748184035221735	0.9701715960101371
gipsrestat720p_60f	gipsrestat720p_60f	svtav1	svtav1_20200122_2e6b46b_enc-mode0	60	20	0	3521646.0	3521.646	44.90716666666667	47.46566666666666	49.080666666666644	44.896634	47.461199	49.077311	96.98251113712381	2719749.0	45.32915	4530.36	1280	720	50.0	8	25879a7c2143152d9a7df223798de1f6	043391bad9341bbb947f35d270905fbd	1280	720	6026.0	7.0	1115.0	10860.0	True	True	0.9976504484812418	0.9969966373982867
gipsrestat720p_60f	gipsrestat720p_60f	svtav1	svtav1_20200122_2e6b46b_enc-mode0	60	32	0	1343600.0	1343.6	43.31416666666667	46.871666666666655	48.36433333333332	43.290794	46.86764	48.360143	95.82718890398748	1725897.0	28.76495	3049.78	1280	720	50.0	8	8baf987743bafca010889724ef541853	cf37aa2e004c9dbc719de85443c33daf	1280	720	6149.0	6.0	637.0	10570.0	True	True	0.9966518451770147	0.9959853375727993
gipsrestat720p_60f	gipsrestat720p_60f	svtav1	svtav1_20200122_2e6b46b_enc-mode0	60	43	0	680706.0	680.706	41.6155	45.93900000000003	47.214499999999994	41.574353	45.936935	47.211595	94.06765337616841	1320356.0	22.005933333333335	2075.25	1280	720	50.0	8	168187e5f770aed84ea8ee2aa25490e4	c9682ae0b96672594aabad107767afb6	1280	720	6427.0	4.0	557.0	11446.0	True	True	0.9949598948160807	0.9944061606849551
gipsrestat720p_60f	gipsrestat720p_60f	svtav1	svtav1_20200122_2e6b46b_enc-mode0	60	55	0	304206.0	304.206	38.44033333333332	43.6185	44.573333333333316	38.4206	43.616399	44.573068	88.53588019650483	980613.0	16.34355	1443.47	1280	720	50.0	8	a86c04de56470596a8f7890309f3f6fb	32149a4b9e344168bc52984845dd3a9f	1280	720	5517.0	4.0	433.0	10129.0	True	True	0.9882133861382802	0.9885222315333111
gipsrestat720p_60f	gipsrestat720p_60f	svtav1	svtav1_20200122_2e6b46b_enc-mode0	60	59	0	208760.0	208.75999999999996	36.577	42.19883333333333	42.868333333333325	36.567462	42.197901	42.868625	83.6500967304598	932892.0	15.5482	1448.05	1280	720	50.0	8	e7a3fc67261ad45fa4b2d85e7806c978	15de2477d9b543831c32755f99991a88	1280	720	5898.0	4.0	838.0	10848.0	True	True	0.9811663607756297	0.9825938169961831
vidyo4_720p_60fps_60f	vidyo4_720p_60fps_60f	svtav1	svtav1_20200122_2e6b46b_enc-mode0	60	20	0	5351816.0	5351.816	44.26883333333333	49.972	50.26116666666666	44.240981	49.968578	50.257959	97.7546434869834	2741761.0	45.696016666666665	4335.19	1280	720	60.0	8	d15c57791ec71a639a7621b18d04377d	de38cdcc3a9da07024322d6f793c5ea2	1280	720	4796.0	5.0	927.0	9777.0	True	True	0.9964608550071716	0.9957077563673232
vidyo4_720p_60fps_60f	vidyo4_720p_60fps_60f	svtav1	svtav1_20200122_2e6b46b_enc-mode0	60	32	0	1901496.0	1901.496	42.82666666666668	49.371999999999986	49.6655	42.783813	49.366724	49.660138	96.46383216925014	1938496.0	32.30826666666667	3069.74	1280	720	60.0	8	15fc2280db6140124713b91948068799	8ad4516336795a8b52b9984336e49683	1280	720	5099.0	17.0	712.0	10290.0	True	True	0.9946902185678482	0.9939182441116354
vidyo4_720p_60fps_60f	vidyo4_720p_60fps_60f	svtav1	svtav1_20200122_2e6b46b_enc-mode0	60	43	0	910888.0	910.888	41.417333333333325	48.460833333333326	48.72183333333333	41.365709	48.453194	48.715117	94.35711799405291	1521822.0	25.3637	2287.85	1280	720	60.0	8	bd4bd9ac315c4a15193e4dd24404dd56	e617e4dd9be25721f193ec43b32edd2d	1280	720	5668.0	34.0	805.0	10589.0	True	True	0.9917885680993398	0.9913192706359435
vidyo4_720p_60fps_60f	vidyo4_720p_60fps_60f	svtav1	svtav1_20200122_2e6b46b_enc-mode0	60	55	0	421400.0	421.4	39.12883333333333	46.66016666666666	46.791833333333344	39.069713	46.651606	46.78421	89.00629967992491	924460.0	15.407666666666668	1621.0	1280	720	60.0	8	9760cdd93f0875a1dab859407cdd47c5	2e45b7fd6f2f2986992fbd4ac59ce085	1280	720	4914.0	3.0	481.0	9872.0	True	True	0.9833656450112661	0.9845339083901162
vidyo4_720p_60fps_60f	vidyo4_720p_60fps_60f	svtav1	svtav1_20200122_2e6b46b_enc-mode0	60	59	0	274792.0	274.792	37.391500000000015	45.09516666666668	45.12683333333334	37.345269	45.091499	45.122144	82.96877588042126	1278270.0	21.3045	1897.14	1280	720	60.0	8	b970dfa3e9f58ddecc7d178c88218fe7	8a0854a44de778a93971efff159982d4	1280	720	6530.0	7.0	827.0	11109.0	True	True	0.9731186479330063	0.9766076375726314
Market3_1920x1080p_50_10b_pq_709	Market3_1920x1080p_50_10b_pq_709	svtav1	svtav1_20200122_2e6b46b_enc-mode0	60	20	0	12964146.0	12964.146	45.008166666666675	51.53033333333336	52.516666666666666	44.995203	51.523827	52.513127000000004	99.86178617301405	7368106.0	122.80176666666667	11348.02	1920	1080	50.0	10	529a21b442e7b80fc0c8802c6ec36adb	7bcb4b6e9539ae133e3e6760e3abeee8	1920	1080	21143.0	5.0	3681.0	26318.0	True	True	0.9992039839426676	0.9982299612991601
Market3_1920x1080p_50_10b_pq_709	Market3_1920x1080p_50_10b_pq_709	svtav1	svtav1_20200122_2e6b46b_enc-mode0	60	32	0	6524786.0	6524.786000000001	42.32899999999999	49.274833333333326	50.40116666666667	42.305496999999995	49.271482	50.400101	98.94974665119439	4875396.0	81.2566	8312.79	1920	1080	50.0	10	765fd819e52d96ad9faaa12f58e67c26	5709e82d6105fa726c621426e9463d86	1920	1080	21460.0	12.0	2945.0	24531.0	True	True	0.9985305339097976	0.9967685613988729
Market3_1920x1080p_50_10b_pq_709	Market3_1920x1080p_50_10b_pq_709	svtav1	svtav1_20200122_2e6b46b_enc-mode0	60	43	0	3371026.0	3371.026	39.480166666666655	47.2565	48.64466666666667	39.447970000000005	47.253766	48.643587	95.62644662443589	4777470.0	79.6245	7839.07	1920	1080	50.0	10	58a94c89977529ed023ff33acd8fe688	24f0323f678aa2f94d2bb8c69b82b66b	1920	1080	21845.0	3.0	2759.0	24203.0	True	True	0.9968278517325719	0.9932901723676169
Market3_1920x1080p_50_10b_pq_709	Market3_1920x1080p_50_10b_pq_709	svtav1	svtav1_20200122_2e6b46b_enc-mode0	60	55	0	1342940.0	1342.94	35.54816666666667	44.50949999999998	46.14300000000001	35.528257	44.509708	46.141522	86.60680666416582	3729102.0	62.1517	6076.26	1920	1080	50.0	10	8cfc5295d3ccbb589a387dd06f0bc044	19b33e0c780b882bbf0a1bfed0b0e22f	1920	1080	21080.0	5.0	3331.0	27189.0	True	True	0.9890585462252299	0.9797391126410744
Market3_1920x1080p_50_10b_pq_709	Market3_1920x1080p_50_10b_pq_709	svtav1	svtav1_20200122_2e6b46b_enc-mode0	60	59	0	828940.0	828.94	33.653333333333336	43.17500000000002	44.65850000000001	33.643935	43.174543	44.655343	78.24135042365023	3222366.0	53.7061	5136.62	1920	1080	50.0	10	bb4ed90ce866f6f0eb8a5a46ada69ab5	d47b31d343069c049e891e4bad254200	1920	1080	21286.0	7.0	2685.0	26758.0	True	True	0.9799134204785029	0.9668321223658922
Netflix_Boat_1920x1080_60fps_8bi	Netflix_Boat_1920x1080_60fps_8bi	svtav1	svtav1_20200122_2e6b46b_enc-mode0	60	20	0	29430528.0	29430.528	43.6965	46.163999999999994	47.86949999999999	43.672207	46.137087	47.849901	99.90901912057738	7728131.0	128.80218333333335	12993.89	1920	1080	60.0	8	67b421b1cbfd863c14986301a5b1add3	181f957d725c75ff94fab369d7721d07	1920	1080	16098.0	4.0	3038.0	23411.0	True	True	0.9993170231580735	0.9985913246869237
Netflix_Boat_1920x1080_60fps_8bi	Netflix_Boat_1920x1080_60fps_8bi	svtav1	svtav1_20200122_2e6b46b_enc-mode0	60	32	0	16604976.0	16604.976	41.301833333333335	44.659166666666664	46.08016666666665	41.24808	44.628779	46.061539	99.67498214706957	6610177.0	110.16961666666667	10495.15	1920	1080	60.0	8	7413ce90c76e29af6d9fac521617997b	c60e8f695aabd1e5e048a85f2ba820fc	1920	1080	15197.0	5.0	2886.0	28667.0	True	True	0.9988465934991837	0.9976860371947371
Netflix_Boat_1920x1080_60fps_8bi	Netflix_Boat_1920x1080_60fps_8bi	svtav1	svtav1_20200122_2e6b46b_enc-mode0	60	43	0	8910392.0	8910.392	38.192833333333326	42.828166666666675	43.79483333333336	38.109649	42.800457	43.784779	96.09755627982587	5017556.0	83.62593333333334	8184.66	1920	1080	60.0	8	937fc159cd1bbd8c54631f00630e6b00	75f74e9544defe28680bfdda9b407c8f	1920	1080	19001.0	4.0	1961.0	24020.0	True	True	0.9975872377554575	0.9952386928551616
Netflix_Boat_1920x1080_60fps_8bi	Netflix_Boat_1920x1080_60fps_8bi	svtav1	svtav1_20200122_2e6b46b_enc-mode0	60	55	0	3842832.0	3842.832	33.87516666666667	40.57433333333334	41.06499999999999	33.804224	40.545595	41.061602	86.36963053803817	3733521.0	62.22535	6010.9	1920	1080	60.0	8	89e696dde57f214e329a44ae26d4e186	4e869d36c89cd3fb6e03edb56669e725	1920	1080	17385.0	9.0	1946.0	25348.0	True	True	0.9923302074273427	0.9857014181982836
Netflix_Boat_1920x1080_60fps_8bi	Netflix_Boat_1920x1080_60fps_8bi	svtav1	svtav1_20200122_2e6b46b_enc-mode0	60	59	0	2414384.0	2414.384	31.53516666666667	39.10599999999999	39.445166666666715	31.502509999999997	39.08797	39.444505	77.94664097614913	2888539.0	48.142316666666666	4790.49	1920	1080	60.0	8	e19d89161d7a75e3c00857c298f70217	024098f8f6bb56cbd5948f7913c50bfb	1920	1080	14586.0	4.0	1603.0	23217.0	True	True	0.9847276836633683	0.9722898714340107
Netflix_FoodMarket_1920x1080_60f	Netflix_FoodMarket_1920x1080_60f	svtav1	svtav1_20200122_2e6b46b_enc-mode0	60	20	0	22409776.0	22409.776	41.09183333333332	44.907	45.64533333333331	41.08398	44.90312000000001	45.64319	99.2358834972918	8978658.0	149.6443	14809.89	1920	1080	60.0	8	f0c8b0f91be2bd2ba2f010675fc797f4	8da891ba129d9f31b82bf09a653a567b	1920	1080	15515.0	3.0	3057.0	23069.0	True	True	0.9953380386034648	0.9899239558531691
Netflix_FoodMarket_1920x1080_60f	Netflix_FoodMarket_1920x1080_60f	svtav1	svtav1_20200122_2e6b46b_enc-mode0	60	32	0	7182912.0	7182.912	39.763500000000015	44.05566666666666	44.98866666666667	39.751349	44.05189699999999	44.98725	96.13207846694151	5713875.0	95.23125	9261.86	1920	1080	60.0	8	c5b60adf49210bb9c60dcf8a5ced7850	d5a7fce9f5e853267549ce373c3667c6	1920	1080	14470.0	4.0	2286.0	24162.0	True	True	0.9919199585914612	0.9851035922806974
Netflix_FoodMarket_1920x1080_60f	Netflix_FoodMarket_1920x1080_60f	svtav1	svtav1_20200122_2e6b46b_enc-mode0	60	43	0	3557984.0	3557.984	38.46766666666667	43.19316666666665	44.278833333333345	38.444886	43.18799	44.277271	91.44705566210196	4140195.0	69.00325	6475.29	1920	1080	60.0	8	a5bd91f2f4bbcb087448cb9e47d830f0	16c5e10838ee00bfa8c4211167bfc20b	1920	1080	12414.0	4.0	1661.0	24005.0	True	True	0.9871672501166662	0.9790907762047957
Netflix_FoodMarket_1920x1080_60f	Netflix_FoodMarket_1920x1080_60f	svtav1	svtav1_20200122_2e6b46b_enc-mode0	60	55	0	1433192.0	1433.192	35.97666666666666	41.62933333333333	42.683000000000014	35.953551	41.623186	42.675436	78.09616129616569	3799085.0	63.318083333333334	5483.77	1920	1080	60.0	8	5b1c03f0b29be305e428bf2c3e49230a	217d8fed867072512ea15801f58d50f7	1920	1080	12958.0	4.0	2094.0	30902.0	True	True	0.9679361631472906	0.958593471748535
Netflix_FoodMarket_1920x1080_60f	Netflix_FoodMarket_1920x1080_60f	svtav1	svtav1_20200122_2e6b46b_enc-mode0	60	59	0	922832.0	922.832	34.569833333333335	40.68533333333335	41.63616666666667	34.552492	40.680507	41.615617	67.9119465260504	3091777.0	51.52961666666667	4985.4	1920	1080	60.0	8	edef76b59b1c4004cae0b522a936171c	bc62854cf237af5d85d1e996283312d6	1920	1080	13084.0	4.0	2274.0	25086.0	True	True	0.9475676745176316	0.9395867150397196
rush_hour_1080p25_60f	rush_hour_1080p25_60f	svtav1	svtav1_20200122_2e6b46b_enc-mode0	60	20	0	5496606.0	5496.606	43.08716666666669	46.883666666666656	48.87733333333334	43.085603	46.880504	48.874197	97.10911063656386	7939080.0	132.318	13085.46	1920	1080	25.0	8	c6fc69320780ad9b332cf851c23ab43a	76947b06a8cd050a16083a98c3a752ed	1920	1080	10690.0	6.0	2917.0	23037.0	True	True	0.9964821110169093	0.9925228303698997
rush_hour_1080p25_60f	rush_hour_1080p25_60f	svtav1	svtav1_20200122_2e6b46b_enc-mode0	60	32	0	2613003.0	2613.003	42.21033333333334	45.91416666666669	47.68049999999999	42.205859	45.911025	47.67581499999999	93.43715055214895	5217727.0	86.96211666666666	9113.15	1920	1080	25.0	8	247e488640bc2bc96c19958d4cf04679	ca1a8639541d93da2fb944fc3e6eaae3	1920	1080	10129.0	4.0	2201.0	23323.0	True	True	0.9943627576033275	0.9904651854501824
rush_hour_1080p25_60f	rush_hour_1080p25_60f	svtav1	svtav1_20200122_2e6b46b_enc-mode0	60	43	0	1243860.0	1243.86	40.83349999999999	44.79999999999998	46.244499999999995	40.817126	44.795439	46.234381	86.208115760566	4936467.0	82.27445	7804.39	1920	1080	25.0	8	70bd35ba6bc5a77d3eceba5bed09a590	439001d99257c3832a2237ed6d7a4625	1920	1080	11527.0	3.0	2417.0	26145.0	True	True	0.9902365724245707	0.9867757264136539
rush_hour_1080p25_60f	rush_hour_1080p25_60f	svtav1	svtav1_20200122_2e6b46b_enc-mode0	60	55	0	544046.0	544.046	38.66583333333334	43.10599999999999	44.26450000000001	38.630959	43.100394	44.250228	73.20207532154791	3417853.0	56.964216666666665	5542.5	1920	1080	25.0	8	48f1f8497732cc6a0a6c55cb2ef6633d	b30b64cc35867a0c962b6f3f6ed3643c	1920	1080	10655.0	22.0	1666.0	23626.0	True	True	0.9809815963109334	0.9789207037722567
rush_hour_1080p25_60f	rush_hour_1080p25_60f	svtav1	svtav1_20200122_2e6b46b_enc-mode0	60	59	0	371143.0	371.143	37.45133333333334	42.047	43.0555	37.417584	42.042333	43.04185	65.69088285689166	3143782.0	52.396366666666665	5067.98	1920	1080	25.0	8	d670a6802f9e0c5b231dbb42874c702f	3bfba7add8c48523f6db53971bdd4aad	1920	1080	12402.0	5.0	2798.0	28044.0	True	True	0.9732422600189845	0.9725474424854414
Cosmos1_1920x856_BT2100_PQ_24fps	Cosmos1_1920x856_BT2100_PQ_24fps	svtav1	svtav1_20200122_2e6b46b_enc-mode0	60	20	0	23640704.0	23640.704	42.11599999999999	44.947999999999986	47.601333333333315	42.07369099999999	44.892723	47.572933	99.42890764054661	11479955.0	191.33258333333333	18746.74	1920	856	24.0	10	9e301c8c4825f1fad9d449e2b651c33d	556e85bc2d28ab4e8359f3dae0145d01	1920	856	18230.0	8.0	6862.0	17530.0	True	True	0.9968791405359904	0.9961645276310677
Cosmos1_1920x856_BT2100_PQ_24fps	Cosmos1_1920x856_BT2100_PQ_24fps	svtav1	svtav1_20200122_2e6b46b_enc-mode0	60	32	0	9720336.0	9720.336	38.34783333333334	42.88033333333333	45.968166666666654	38.226215	42.845739	45.949912	95.37621177484125	8987637.0	149.79395	14958.82	1920	856	24.0	10	3d933f03acf9e80afd47af7eb144a9a9	b942670a4348c396df09479631420524	1920	856	18140.0	5.0	5390.0	18398.0	True	True	0.9920558551947276	0.9910927594759326
Cosmos1_1920x856_BT2100_PQ_24fps	Cosmos1_1920x856_BT2100_PQ_24fps	svtav1	svtav1_20200122_2e6b46b_enc-mode0	60	43	0	3682464.0	3682.464	35.46183333333334	41.20833333333333	44.525666666666666	35.367828	41.183136	44.515037	84.74352671220339	7340202.0	122.3367	11661.09	1920	856	24.0	10	b2fea63bf8032fcc90ac6c309756e1b4	7f4ae6c139fc1ab9b423d0f9d445dc94	1920	856	18764.0	3.0	3801.0	18928.0	True	True	0.980572035908699	0.9804816548869508
Cosmos1_1920x856_BT2100_PQ_24fps	Cosmos1_1920x856_BT2100_PQ_24fps	svtav1	svtav1_20200122_2e6b46b_enc-mode0	60	55	0	1267472.0	1267.472	32.510499999999986	39.478000000000016	42.56816666666666	32.458631	39.464059	42.548504	64.0615252167414	5170261.0	86.17101666666667	7809.03	1920	856	24.0	10	91cbf631291ca8ca5d8a81f676e4de2e	5102fe4166c80876669a74d20aa92805	1920	856	19332.0	7.0	3529.0	19954.0	True	True	0.9470783392588298	0.9519070829515012
Cosmos1_1920x856_BT2100_PQ_24fps	Cosmos1_1920x856_BT2100_PQ_24fps	svtav1	svtav1_20200122_2e6b46b_enc-mode0	60	59	0	769561.0	769.561	31.175833333333333	38.7055	41.191	31.137301	38.696057	41.187546	52.12217276436312	3926732.0	65.44553333333333	6500.86	1920	856	24.0	10	121b27e70af8c993924a2f5d0198fe16	f920ac04a303d3c2fad1d8cff5a3bbcb	1920	856	18253.0	4.0	3448.0	20220.0	True	True	0.917249862353007	0.9273236394935659
Netflix_SquareAndTimelapse_1920x	Netflix_SquareAndTimelapse_1920x	svtav1	svtav1_20200122_2e6b46b_enc-mode0	60	20	0	20571056.0	20571.056	44.580333333333336	48.92733333333334	48.089000000000006	44.56506	48.921669	48.081167	99.89470886783126	8259508.0	137.65846666666667	13443.47	1920	1080	60.0	8	b2a7a4fce6958f4f7d9ba87720acb995	96b8e2738109700885d5f89af4e7128d	1920	1080	12793.0	4.0	3246.0	24264.0	True	True	0.9991708020369212	0.9979193598819833
Netflix_SquareAndTimelapse_1920x	Netflix_SquareAndTimelapse_1920x	svtav1	svtav1_20200122_2e6b46b_enc-mode0	60	32	0	11399288.0	11399.288	42.094999999999985	47.14016666666665	46.07733333333336	42.072406	47.132062	46.066918	99.88343434856672	6318850.0	105.31416666666667	10515.06	1920	1080	60.0	8	c58594c8a4f23bdfa1011a210a5bd691	3517efe3ac95e079a658d5541836b42d	1920	1080	14702.0	6.0	2651.0	23385.0	True	True	0.9983022570610046	0.9961627705138987
Netflix_SquareAndTimelapse_1920x	Netflix_SquareAndTimelapse_1920x	svtav1	svtav1_20200122_2e6b46b_enc-mode0	60	43	0	6265896.0	6265.896	39.25483333333334	45.19466666666666	43.91066666666666	39.213967	45.185598	43.897085	98.502376773257	4845068.0	80.75113333333333	7900.47	1920	1080	60.0	8	25da3fd54e2571cc9e95bced799a8d01	683bef3d0a004225048e2e5098640173	1920	1080	11416.0	3.0	2466.0	23487.0	True	True	0.9960851599772771	0.9923217262226952
Netflix_SquareAndTimelapse_1920x	Netflix_SquareAndTimelapse_1920x	svtav1	svtav1_20200122_2e6b46b_enc-mode0	60	55	0	2873136.0	2873.136	35.39933333333333	42.19916666666666	40.80666666666668	35.362535	42.188868	40.793804	87.90128749151187	4264261.0	71.07101666666667	6962.7	1920	1080	60.0	8	00f2dadc8052d333e0dfd99e09e94ce5	e0b332c07219531be9d98b5c951b6b64	1920	1080	13920.0	9.0	2256.0	24924.0	True	True	0.9876543362935384	0.9800788506622904
Netflix_SquareAndTimelapse_1920x	Netflix_SquareAndTimelapse_1920x	svtav1	svtav1_20200122_2e6b46b_enc-mode0	60	59	0	1904152.0	1904.1519999999998	33.334	40.231166666666674	38.952833333333324	33.313703	40.227882	38.947735	78.71715164140248	3631941.0	60.53235	5824.63	1920	1080	60.0	8	5031c9ff70da7a04661bd49e51261982	1b3397785fdf03e0ff5bf1192152b5db	1920	1080	13367.0	5.0	2366.0	25556.0	True	True	0.9774359832207362	0.9668934686278138
life_1080p30_60f	life_1080p30_60f	svtav1	svtav1_20200122_2e6b46b_enc-mode0	60	20	0	12768180.0	12768.18	44.51266666666666	49.7015	49.28483333333333	44.496202	49.693079	49.278291	99.49025432655588	8356184.0	139.26973333333333	13096.12	1920	1080	30.0	8	dee0fb786141ef163ebe0d58bb1fe791	8055f1f9d772976b5325bb2a6abf66bb	1920	1080	14981.0	4.0	4130.0	25040.0	True	True	0.9991947780052821	0.997929172960601
life_1080p30_60f	life_1080p30_60f	svtav1	svtav1_20200122_2e6b46b_enc-mode0	60	32	0	6009520.0	6009.52	41.61200000000001	47.499833333333335	47.18449999999999	41.589601	47.487888	47.1769	97.80192783746203	6348222.0	105.8037	10678.53	1920	1080	30.0	8	33b875a345a2dc81aa310cd2c0c7d765	fc8b1022b9a3a4d1855b26a70a5eaedf	1920	1080	13979.0	3.0	3255.0	25655.0	True	True	0.9984708875417709	0.9962973539088001
life_1080p30_60f	life_1080p30_60f	svtav1	svtav1_20200122_2e6b46b_enc-mode0	60	43	0	2925864.0	2925.864	38.81283333333334	45.47666666666666	45.290333333333336	38.785647	45.455507	45.276823	94.58259649312134	5021415.0	83.69025	8208.27	1920	1080	30.0	8	9726f69c1ccf0e7c8ff1231e0e188292	cf2f1bb4883482a7bce1a909f6d79d07	1920	1080	13423.0	3.0	2321.0	26589.0	True	True	0.996740405758222	0.9927885888136129
life_1080p30_60f	life_1080p30_60f	svtav1	svtav1_20200122_2e6b46b_enc-mode0	60	55	0	1181592.0	1181.592	35.10333333333333	42.482	42.37416666666666	35.087889	42.466573	42.363158	87.0978656995945	4084366.0	68.07276666666667	6362.79	1920	1080	30.0	8	85ee35b7f5e653e492007aad49ddf541	0c7752e1ff68f8988e3031e312fb8a24	1920	1080	13735.0	8.0	1904.0	24030.0	True	True	0.9893691251675288	0.9787998513515549
life_1080p30_60f	life_1080p30_60f	svtav1	svtav1_20200122_2e6b46b_enc-mode0	60	59	0	747548.0	747.548	33.42566666666667	41.02649999999999	40.72216666666668	33.416334	41.01843900000001	40.716292	80.71921068668274	3531883.0	58.864716666666666	5711.28	1920	1080	30.0	8	30826ee67b3b75283276e614547360b2	a98b98a9af2f6f0c181281152b3cecca	1920	1080	14754.0	9.0	1792.0	23924.0	True	True	0.9791550656159719	0.9628614587657277
Netflix_TunnelFlag_1920x1080_60f	Netflix_TunnelFlag_1920x1080_60f	svtav1	svtav1_20200122_2e6b46b_enc-mode0	60	20	0	27953776.0	27953.776	42.89266666666668	46.905166666666666	48.448333333333316	42.873826	46.89611	48.444345	99.93509401848861	10702173.0	178.36955	17199.46	1920	1080	60.0	8	641b83d2b1c4c59b99b5a85393887fe8	fef4c9739747306208fa61146b2f3d85	1920	1080	14553.0	7.0	4207.0	23735.0	True	True	0.9986665417750676	0.9966034424005
Netflix_TunnelFlag_1920x1080_60f	Netflix_TunnelFlag_1920x1080_60f	svtav1	svtav1_20200122_2e6b46b_enc-mode0	60	32	0	13973920.0	13973.92	40.58833333333334	45.34266666666667	47.19150000000001	40.550713	45.338100000000004	47.187813	99.91817233016553	8358891.0	139.31485	13007.83	1920	1080	60.0	8	2f02c13faf8fe09ddd6e2fcebfaefee7	c67c738b9ec0d434087a88025543f5ac	1920	1080	14901.0	5.0	3859.0	25082.0	True	True	0.9976016183694204	0.994310415006357
Netflix_TunnelFlag_1920x1080_60f	Netflix_TunnelFlag_1920x1080_60f	svtav1	svtav1_20200122_2e6b46b_enc-mode0	60	43	0	6970160.0	6970.16	38.07716666666667	43.424166666666665	45.767333333333326	38.025011	43.42144700000001	45.762297	99.88977489193051	6040990.0	100.68316666666666	10137.84	1920	1080	60.0	8	ca5629515c1c7956c714bc0afb57e5f7	74c0b18f232dd894588b8cb0823acaba	1920	1080	13823.0	4.0	2537.0	24034.0	True	True	0.9953185389439265	0.9901815999054672
Netflix_TunnelFlag_1920x1080_60f	Netflix_TunnelFlag_1920x1080_60f	svtav1	svtav1_20200122_2e6b46b_enc-mode0	60	55	0	3264936.0	3264.936	35.147833333333345	40.55416666666666	43.347666666666655	35.115443	40.553788000000004	43.343963	99.79152340822462	3998686.0	66.64476666666667	6721.77	1920	1080	60.0	8	26ed9fd510ac54b9e75e3fcd2e48341a	6da8d46e8ad848b19e66c86511ca01f5	1920	1080	14056.0	4.0	1919.0	23353.0	True	True	0.9908467233181	0.9836612984614804
Netflix_TunnelFlag_1920x1080_60f	Netflix_TunnelFlag_1920x1080_60f	svtav1	svtav1_20200122_2e6b46b_enc-mode0	60	59	0	2388424.0	2388.424	33.706833333333336	39.35583333333333	41.926	33.68652	39.35372	41.922757	99.66733246377203	4156886.0	69.28143333333334	6735.48	1920	1080	60.0	8	cd7a118ec68159690588fc6823a4b148	c1d63307b146ce1c5392f90d4a876f30	1920	1080	14767.0	5.0	1925.0	23679.0	True	True	0.987529601653417	0.9795781531802868
ducks_take_off_1080p50_60f	ducks_take_off_1080p50_60f	svtav1	svtav1_20200122_2e6b46b_enc-mode0	60	20	0	114578686.0	114578.686	38.94733333333334	39.27183333333335	41.38733333333333	38.926674	39.25488	41.367927	98.77839227548725	17097575.0	284.95958333333334	28161.13	1920	1080	50.0	8	fd66f3e3554c91b22626a4328f86b752	c93fdcf811b59aac43842f1a2e096662	1920	1080	17901.0	6.0	9061.0	24069.0	True	True	0.9988702158133189	0.9959759823837847
ducks_take_off_1080p50_60f	ducks_take_off_1080p50_60f	svtav1	svtav1_20200122_2e6b46b_enc-mode0	60	32	0	32629926.0	32629.926	35.2075	36.952833333333324	39.89816666666668	35.174049	36.928577	39.883653	93.71086595140088	10168376.0	169.47293333333334	16595.07	1920	1080	50.0	8	d53d394da65b78e10bb15d399c513893	9e5b85ac790de0a7b7ac4a45458e5b43	1920	1080	17261.0	6.0	4916.0	25517.0	True	True	0.9967276702324549	0.9902338655188317
ducks_take_off_1080p50_60f	ducks_take_off_1080p50_60f	svtav1	svtav1_20200122_2e6b46b_enc-mode0	60	43	0	10724166.0	10724.166	33.07750000000001	35.0965	38.497166666666665	33.050352	35.057804	38.484789	84.68678470592246	6673763.0	111.22938333333333	10309.98	1920	1080	50.0	8	06115a1010ab5565cb93fb6056a274ab	ae6a852c2749d4770c120490dfd9b1c8	1920	1080	19759.0	4.0	3047.0	25038.0	True	True	0.9911613762378693	0.9816742964376421
ducks_take_off_1080p50_60f	ducks_take_off_1080p50_60f	svtav1	svtav1_20200122_2e6b46b_enc-mode0	60	55	0	3723286.0	3723.286	30.49483333333333	33.025	37.17583333333333	30.454921	32.983318	37.170288	67.25604957438006	4511062.0	75.18436666666666	7164.53	1920	1080	50.0	8	c873ca7c9289e4aa5dfd734763f796ed	f32a4c4b17ac536413403fbbc52ece5b	1920	1080	17119.0	5.0	2287.0	25346.0	True	True	0.9742347151041031	0.9606843749548661
ducks_take_off_1080p50_60f	ducks_take_off_1080p50_60f	svtav1	svtav1_20200122_2e6b46b_enc-mode0	60	59	0	2390326.0	2390.326	29.29466666666666	32.0925	36.587500000000006	29.253618	32.057418	36.584165	57.61427535375747	3862242.0	64.3707	6173.11	1920	1080	50.0	8	3f3f85bb42c0c122a5955a5a8d767a1f	6f1204da0d3fdac1a2d762545be7e475	1920	1080	16946.0	3.0	2000.0	24468.0	True	True	0.9605368226766586	0.9450935413306508
touchdown_pass_1080p_60f	touchdown_pass_1080p_60f	svtav1	svtav1_20200122_2e6b46b_enc-mode0	60	20	0	20457057.0	20457.056999999997	40.734833333333334	48.120666666666665	48.27333333333335	40.696931	48.113105	48.265262	96.39786447233298	10344084.0	172.4014	17463.58	1920	1080	29.97	8	648c009bdb8bf0d01e6bd603b71fc0d9	363832cda81f0610f8b5e49d19570b7b	1920	1080	12774.0	3.0	5405.0	23952.0	True	True	0.9959691017866135	0.991231281474736
touchdown_pass_1080p_60f	touchdown_pass_1080p_60f	svtav1	svtav1_20200122_2e6b46b_enc-mode0	60	32	0	4942583.0	4942.583	38.74133333333334	47.40533333333334	47.529999999999994	38.722123	47.397632	47.521899	94.38920831318723	5016922.0	83.61536666666667	8737.41	1920	1080	29.97	8	3f5fafe9a394f4b08b399f759910c131	7854e57da790aa4e2d7f81cfbadc6ae2	1920	1080	13143.0	4.0	2083.0	23544.0	True	True	0.9939386039972306	0.9869208265368479
touchdown_pass_1080p_60f	touchdown_pass_1080p_60f	svtav1	svtav1_20200122_2e6b46b_enc-mode0	60	43	0	2186435.0	2186.435	37.56600000000001	46.5295	46.55683333333332	37.543361	46.523773	46.550027	91.52315356664734	4049353.0	67.48921666666666	6531.53	1920	1080	29.97	8	a709319a70602249806f59c87c57de7a	5139f2a66177cd1cb917954bee2dac90	1920	1080	13376.0	5.0	1891.0	24828.0	True	True	0.9917378962039948	0.9829791424280011
touchdown_pass_1080p_60f	touchdown_pass_1080p_60f	svtav1	svtav1_20200122_2e6b46b_enc-mode0	60	55	0	862061.0	862.061	35.215499999999984	44.559	44.64200000000001	35.188972	44.555122	44.636605	82.51220095402364	3054773.0	50.91288333333333	4767.64	1920	1080	29.97	8	e6d1969b668b0a1aacbd63ccff7c54d9	6771dbbb7c81b10e70af176fdbd6096b	1920	1080	12776.0	4.0	1476.0	24332.0	True	True	0.9805712978045146	0.9655661942732618
touchdown_pass_1080p_60f	touchdown_pass_1080p_60f	svtav1	svtav1_20200122_2e6b46b_enc-mode0	60	59	0	505142.0	505.142	33.394999999999996	43.374833333333335	43.559	33.369754	43.373492000000006	43.555952	72.17789136264196	2848157.0	47.46928333333334	4659.75	1920	1080	29.97	8	e9b483c166851681601ca7ed384be467	f560483cdc2482dc2893e50d1a1c8375	1920	1080	13187.0	4.0	1562.0	24605.0	True	True	0.9545074731111527	0.9343634879377747
ToddlerFountn_1920x1080_2997_10b	ToddlerFountn_1920x1080_2997_10b	svtav1	svtav1_20200122_2e6b46b_enc-mode0	60	20	0	58106835.0	58106.835	41.348333333333336	46.471999999999994	43.94483333333333	41.285517	46.45698	43.912758000000004	99.90719106271897	15893975.0	264.89958333333334	27304.56	1920	1080	29.97	10	18e02b4100f66ea92d7ba045307ad68e	13163ec70245b3194fd9247af2dae2f9	1920	1080	23097.0	4.0	9966.0	23816.0	True	True	0.9978594799836477	0.9952914477459791
ToddlerFountn_1920x1080_2997_10b	ToddlerFountn_1920x1080_2997_10b	svtav1	svtav1_20200122_2e6b46b_enc-mode0	60	32	0	29003303.0	29003.303	37.158166666666666	44.9665	41.97466666666665	37.054792	44.956449	41.952783	99.8762852843709	13059299.0	217.65498333333332	22595.85	1920	1080	29.97	10	cb2c2147ac2043ea823b846af440e59b	24e33d8787773d32724edbbf1ef89545	1920	1080	22260.0	4.0	7899.0	25768.0	True	True	0.9934157232443491	0.9869896395166335
ToddlerFountn_1920x1080_2997_10b	ToddlerFountn_1920x1080_2997_10b	svtav1	svtav1_20200122_2e6b46b_enc-mode0	60	43	0	12643872.0	12643.872	33.416166666666676	43.47833333333334	40.48650000000001	33.32622	43.471644	40.475807	89.61953682385185	10350606.0	172.5101	17378.73	1920	1080	29.97	10	4c4ea2d8e97fc496c4d42173e43d9202	347de8adad1bcb0aa9ccb769e0511c2a	1920	1080	22932.0	5.0	5027.0	23379.0	True	True	0.9797392586867014	0.9660899441605432
ToddlerFountn_1920x1080_2997_10b	ToddlerFountn_1920x1080_2997_10b	svtav1	svtav1_20200122_2e6b46b_enc-mode0	60	55	0	4485671.0	4485.671	29.986499999999996	41.829166666666666	39.23350000000002	29.936534	41.827477	39.231007	66.27545803021276	8924522.0	148.74203333333332	14812.79	1920	1080	29.97	10	50cc1a9cd7a8964f0142c9f0c9539f29	409d36cdce26ebde178308f3a80a5e07	1920	1080	23666.0	4.0	4600.0	25131.0	True	True	0.9383659829696019	0.9169702788184113
ToddlerFountn_1920x1080_2997_10b	ToddlerFountn_1920x1080_2997_10b	svtav1	svtav1_20200122_2e6b46b_enc-mode0	60	59	0	2808899.0	2808.899	28.76400000000001	41.11533333333332	38.80733333333334	28.724263	41.114484	38.804474	54.77987215881156	6672671.0	111.21118333333334	11271.66	1920	1080	29.97	10	956adb37b6e98eff10362d55564c74ce	bb5db6307ef2dabdbc20223a4a7c6f06	1920	1080	24576.0	5.0	3942.0	24511.0	True	True	0.9095207174619039	0.8877345797100868
wikipedia_420	wikipedia_420	svtav1	svtav1_20200122_2e6b46b_enc-mode0	60	20	0	1654936.0	1654.936	55.47083333333334	52.70150000000002	53.62933333333334	55.458449	52.536877	53.562536	99.83905201052872	5810740.0	96.84566666666667	8169.73	1920	1080	30.0	8	02aec4ab797556c77e670fe5306dbf7e	623f69b44f538551f23f7ba49023db28	1920	1080	8794.0	28.0	920.0	22732.0	True	True	0.9993949194749197	0.9991410211880027
wikipedia_420	wikipedia_420	svtav1	svtav1_20200122_2e6b46b_enc-mode0	60	32	0	945636.0	945.636	51.21866666666665	50.74483333333333	51.925833333333344	51.208568	50.514528	51.866009	99.82056626268472	5978745.0	99.64575	8473.13	1920	1080	30.0	8	88bf33cbc955d449aea452936f744296	23c526a7c9cb27bf8418fe4a5c54a683	1920	1080	11863.0	7.0	1021.0	24486.0	True	True	0.9990414679050446	0.9984466068730583
wikipedia_420	wikipedia_420	svtav1	svtav1_20200122_2e6b46b_enc-mode0	60	43	0	645268.0	645.268	48.6855	48.75766666666666	50.10049999999998	48.670211	48.613718	50.054306	99.7808926056095	5793126.0	96.5521	8625.89	1920	1080	30.0	8	b1ab6013cab417587fea8f1a8ef2195d	f5359cc50dfb6ab1e1d216d9857dd273	1920	1080	9349.0	4.0	868.0	24053.0	True	True	0.9986929327249527	0.9979428748193954
wikipedia_420	wikipedia_420	svtav1	svtav1_20200122_2e6b46b_enc-mode0	60	55	0	434868.0	434.868	44.12066666666667	45.86966666666668	47.20933333333332	44.100892	45.827328	47.182179	99.5987251847388	5885059.0	98.08431666666667	8292.99	1920	1080	30.0	8	fdc160ac9eaa76bfc52d7f7b85cfde55	108feb8c2fe24f058a322cdd0bb82c7e	1920	1080	8857.0	4.0	807.0	23672.0	True	True	0.9980781257152558	0.9972512810788032
wikipedia_420	wikipedia_420	svtav1	svtav1_20200122_2e6b46b_enc-mode0	60	59	0	349052.0	349.052	41.01116666666666	43.79683333333334	45.19983333333334	40.993186	43.751572	45.16991500000001	99.28851645974005	6339718.0	105.66196666666667	8697.31	1920	1080	30.0	8	0559ef2cc2eb064ca94c753aa1dfc788	ec2ffb8ff9849195038d9c5a8c3ea8b4	1920	1080	9585.0	4.0	888.0	24925.0	True	True	0.996994220217069	0.9961491283101469
MINECRAFT_60f_420	MINECRAFT_60f_420	svtav1	svtav1_20200122_2e6b46b_enc-mode0	60	20	0	85209272.0	85209.27200000001	43.71383333333333	46.05366666666667	46.6455	43.560515	45.895427	46.523214	99.951536588709	14574860.0	242.91433333333333	21727.13	1920	1080	60.0	8	302b7511c7d90930488fe25b5a154f18	43812b5e452bacbd6c67e658cf70299e	1920	1080	14942.0	5.0	8475.0	23987.0	True	True	0.9983262161413828	0.9972168898407379
MINECRAFT_60f_420	MINECRAFT_60f_420	svtav1	svtav1_20200122_2e6b46b_enc-mode0	60	32	0	50793800.0	50793.8	39.496999999999986	44.267166666666675	44.78583333333334	39.228726	44.143747	44.695419	99.9252924907694	11729119.0	195.48531666666668	18544.51	1920	1080	60.0	8	b4b3424f247748403e8468a7c986c64f	35df83a03c6a1636aebd5b3b30b22d06	1920	1080	14188.0	4.0	6397.0	23356.0	True	True	0.995843983689944	0.9930078968257589
MINECRAFT_60f_420	MINECRAFT_60f_420	svtav1	svtav1_20200122_2e6b46b_enc-mode0	60	43	0	23303600.0	23303.6	35.07066666666667	42.632	42.96816666666666	34.761965	42.550516	42.903657	96.67010698490519	9855443.0	164.25738333333334	15809.12	1920	1080	60.0	8	47a9712c672a3b29b78e8e2b6be5683b	b474fc19b890af00c5a80ecf3da7eede	1920	1080	17201.0	7.0	4473.0	23323.0	True	True	0.988311396042506	0.9811774828943455
MINECRAFT_60f_420	MINECRAFT_60f_420	svtav1	svtav1_20200122_2e6b46b_enc-mode0	60	55	0	8529112.0	8529.112	31.509833333333333	40.543	40.58233333333333	31.347371	40.50511100000001	40.540782	83.03258336795099	8844886.0	147.41476666666668	13825.41	1920	1080	60.0	8	313a5db6b9bb5297639d37430e343277	5f860c6388d09b94f171ab3a8ea6bf3a	1920	1080	17082.0	6.0	2623.0	23424.0	True	True	0.9676089227199555	0.9529491330123653
MINECRAFT_60f_420	MINECRAFT_60f_420	svtav1	svtav1_20200122_2e6b46b_enc-mode0	60	59	0	5247200.0	5247.2	30.21383333333333	39.461833333333324	38.944666666666656	30.122322	39.437616	38.911841	74.63134232695506	8812646.0	146.87743333333333	13484.14	1920	1080	60.0	8	0c9c9d3a3521bcb73cae17c4c9bee751	80ef9ba0182e0cded9eef99bc6feefbc	1920	1080	16269.0	4.0	2554.0	25795.0	True	True	0.9474745601415634	0.9286522599027297
