kirland360p_60f	kirland360p_60f	svtav1	svtav1_20191120_3ea18c2	60	20	315040.0	315.04	47.487333333333325	48.47666666666665	49.748333333333356	47.413335	48.455538	49.724877	96.086339	596643.0	9.94405	640	360	30.0	8	6492c59b9ad50e3ef3d8de73714921d8	bde34294d429fb167f4970161e3f53bc	640	360	1801.0	6.0	824.0	819.0	False	False
kirland360p_60f	kirland360p_60f	svtav1	svtav1_20191120_3ea18c2	60	32	149336.0	149.33599999999998	46.24616666666667	48.0125	49.04950000000001	46.11044	47.991164	49.022454	94.933183	379293.0	6.32155	640	360	30.0	8	d3eb772b268b52acfd10623e7743a51b	5ad6a4f9aa0f3555edeb79c838de9973	640	360	1684.0	8.0	665.0	484.0	False	False
kirland360p_60f	kirland360p_60f	svtav1	svtav1_20191120_3ea18c2	60	43	75940.0	75.94	44.30999999999999	47.23650000000001	47.823499999999996	44.045515	47.187948	47.699821	92.365627	345622.0	5.760366666666667	640	360	30.0	8	253096c726318ad883deb047aab1f763	74aa0058d910bf38e87e35782ff92968	640	360	2066.0	20.0	569.0	573.0	False	False
kirland360p_60f	kirland360p_60f	svtav1	svtav1_20191120_3ea18c2	60	55	40652.0	40.652	41.39066666666667	46.151999999999994	46.14050000000002	41.028111	46.053813	45.859997	85.803367	334208.0	5.570133333333334	640	360	30.0	8	26fbd170be539e33a4b804664ca02cc3	0956a1c5f8caf9c05838bbf102570955	640	360	2714.0	6.0	483.0	592.0	False	False
kirland360p_60f	kirland360p_60f	svtav1	svtav1_20191120_3ea18c2	60	59	30620.0	30.62	39.653999999999996	45.33633333333333	45.09066666666666	39.252345	45.188616	44.762389	79.65435899999999	216753.0	3.61255	640	360	30.0	8	1821afd14689b1e9a6dd2f6c4973bda0	83df0f2e806ee78c81bcedc5144b3697	640	360	1677.0	4.0	369.0	485.0	False	False
red_kayak_360p_60f	red_kayak_360p_60f	svtav1	svtav1_20191120_3ea18c2	60	20	9314001.0	9314.001	41.17716666666666	44.5535	49.12800000000001	41.091245	44.51425	49.118411	99.897671	2421859.0	40.36431666666667	640	360	29.97	8	7cf0b67b61c944472e2713bab7318aab	d3df445f3d4aa4d295a143af559d21ed	640	360	3287.0	7.0	3930.0	608.0	False	False
red_kayak_360p_60f	red_kayak_360p_60f	svtav1	svtav1_20191120_3ea18c2	60	32	5490547.0	5490.547	36.60816666666667	42.09199999999999	47.73033333333333	36.435312	42.031342	47.711907	99.730479	1446270.0	24.1045	640	360	29.97	8	7cc8539959cf897f7079774cc7751ea1	73bf6e61591db595c4d9a058c0bb698c	640	360	2831.0	10.0	3618.0	619.0	False	False
red_kayak_360p_60f	red_kayak_360p_60f	svtav1	svtav1_20191120_3ea18c2	60	43	2483126.0	2483.1259999999997	31.9175	39.75333333333334	46.8235	31.742634	39.694467	46.79462	86.095332	1731192.0	28.8532	640	360	29.97	8	d76d1b200e94fc3f14bdfec7459b4944	e67b6c25d6fc5112ae67bb13eb973dc7	640	360	3947.0	8.0	3937.0	851.0	False	False
red_kayak_360p_60f	red_kayak_360p_60f	svtav1	svtav1_20191120_3ea18c2	60	55	757880.0	757.88	28.02216666666666	37.97166666666667	45.239000000000004	27.918422	37.944598	45.164479	58.633981999999996	855038.0	14.250633333333333	640	360	29.97	8	a0771ea36aaa29405751f527bfba1462	e6ed30a006a46344b1f56fbdb186ab76	640	360	4325.0	18.0	2607.0	680.0	False	False
red_kayak_360p_60f	red_kayak_360p_60f	svtav1	svtav1_20191120_3ea18c2	60	59	414449.0	414.449	26.873999999999988	37.238166666666665	44.705333333333336	26.799636	37.212998	44.604762	44.110926	753291.0	12.55485	640	360	29.97	8	1225ec885136ea87e3cf844cffe9ba08	798d51d772698b6d1f8701f98dee6a84	640	360	3345.0	18.0	2467.0	787.0	False	False
KristenAndSara_1280x720_60_10b	KristenAndSara_1280x720_60_10b	svtav1	svtav1_20191120_3ea18c2	60	20	3202792.0	3202.792	44.79983333333333	49.24566666666667	50.255166666666675	44.796629	49.244685	50.254825	96.935807	8293190.0	138.21983333333333	1280	720	60.0	10	14770f80bc0ad9e883bd2d8001ccdbed	2a50a102b1b21e8eacf2348294e2a5a0	1280	720	21486.0	44.0	10857.0	8029.0	False	False
KristenAndSara_1280x720_60_10b	KristenAndSara_1280x720_60_10b	svtav1	svtav1_20191120_3ea18c2	60	32	1229632.0	1229.632	43.44716666666667	48.19283333333332	49.184166666666684	43.440901000000004	48.191956	49.183946	95.978138	3876339.0	64.60565	1280	720	60.0	10	55b57e094db1891e1e9081ef3eb58711	2981a6ad13f301520cb9f5894f0d4cb5	1280	720	17461.0	18.0	6827.0	5194.0	False	False
KristenAndSara_1280x720_60_10b	KristenAndSara_1280x720_60_10b	svtav1	svtav1_20191120_3ea18c2	60	43	706808.0	706.8079999999999	42.30433333333331	47.62333333333332	48.54850000000002	42.288075	47.619644	48.544964	94.521411	1918086.0	31.9681	1280	720	60.0	10	b4171c7a7833192511f99ddf0b16b547	9b0baf8e8217e7224cecdac291eca2a8	1280	720	11329.0	6.0	3242.0	2798.0	False	False
KristenAndSara_1280x720_60_10b	KristenAndSara_1280x720_60_10b	svtav1	svtav1_20191120_3ea18c2	60	55	321120.0	321.12	39.63400000000001	45.14766666666665	46.26049999999999	39.611718	45.141825	46.256323	89.604665	1566113.0	26.101883333333333	1280	720	60.0	10	0783735041365d5b2118d8dfb94ea342	fa02b28b95fea774c49a10a755e74772	1280	720	11993.0	6.0	2725.0	3004.0	False	False
KristenAndSara_1280x720_60_10b	KristenAndSara_1280x720_60_10b	svtav1	svtav1_20191120_3ea18c2	60	59	208520.0	208.52	37.65866666666667	43.402666666666654	44.444833333333364	37.643537	43.399062	44.442108	83.913636	1440403.0	24.006716666666666	1280	720	60.0	10	c738b7d79a22aeadf89d588e70a7e76d	15f06edbc780fbd53ca44472ec8711ee	1280	720	12147.0	5.0	2418.0	2782.0	False	False
blue_sky_360p_60f	blue_sky_360p_60f	svtav1	svtav1_20191120_3ea18c2	60	20	1341603.0	1341.603	44.28033333333334	45.57183333333334	47.27183333333334	44.23295	45.518773	47.231635	99.924797	1102848.0	18.3808	640	360	25.0	8	e72cc66f87a83a6a36d5c1e6805f726b	9f0b9dbeb8dc8f7a80f707194c8fec4b	640	360	3314.0	8.0	2586.0	660.0	False	False
blue_sky_360p_60f	blue_sky_360p_60f	svtav1	svtav1_20191120_3ea18c2	60	32	699246.0	699.246	41.546	43.53066666666668	45.25516666666668	41.47122	43.476287	45.215451	99.917008	698732.0	11.645533333333333	640	360	25.0	8	85ceaeae839757cfe650f751dda21c9a	63b5b744d75898adedfde475b1af54ce	640	360	2413.0	4.0	2345.0	997.0	False	False
blue_sky_360p_60f	blue_sky_360p_60f	svtav1	svtav1_20191120_3ea18c2	60	43	368886.0	368.886	38.81516666666667	41.01566666666667	42.729166666666664	38.71126	40.953537	42.687638	99.630826	556521.0	9.27535	640	360	25.0	8	60018ef0d07c61c0e939c440490bd74d	241b73d483457a7e986a1579fc3826c6	640	360	2753.0	5.0	1669.0	983.0	False	False
blue_sky_360p_60f	blue_sky_360p_60f	svtav1	svtav1_20191120_3ea18c2	60	55	167670.0	167.67	35.1455	37.28083333333335	39.379333333333335	35.070383	37.255366	39.364788	93.629873	525827.0	8.763783333333333	640	360	25.0	8	b9af4b6127b10a161c15127cfad0fd3f	a1d9e7deb7c4235833fbc8b29b0c2fd5	640	360	3085.0	5.0	1711.0	580.0	False	False
blue_sky_360p_60f	blue_sky_360p_60f	svtav1	svtav1_20191120_3ea18c2	60	59	107440.0	107.44	32.76033333333332	35.61766666666666	38.29733333333332	32.717855	35.605068	38.283858	87.068747	467129.0	7.7854833333333335	640	360	25.0	8	0e0b99657f9542dfcc4cdee19ac3d85f	9d6527f606607b16487c89b0a198ca4b	640	360	2793.0	6.0	1690.0	596.0	False	False
shields_640x360_60f	shields_640x360_60f	svtav1	svtav1_20191120_3ea18c2	60	20	2412640.0	2412.64	42.43133333333332	45.6	47.28366666666667	42.30198	45.578319	47.216141	99.44524	1151457.0	19.19095	640	360	50.0	8	463571dea71ee6028b8a9df9929b24f8	45c69d3091d36a71dedef6674fdaf1d1	640	360	3266.0	24.0	1728.0	654.0	False	False
shields_640x360_60f	shields_640x360_60f	svtav1	svtav1_20191120_3ea18c2	60	32	1282073.0	1282.073	40.71033333333334	44.03283333333333	45.61483333333332	40.513661	43.995231	45.510251	99.434024	814230.0	13.5705	640	360	50.0	8	21df9db204ffc48121d714e2c3b08054	31bca87532cc562d556bbf62bb5c7a48	640	360	3742.0	4.0	1337.0	794.0	False	False
shields_640x360_60f	shields_640x360_60f	svtav1	svtav1_20191120_3ea18c2	60	43	678706.0	678.706	38.20383333333336	41.351833333333325	43.13716666666668	37.938768	41.271744	42.974901	99.397763	628877.0	10.481283333333334	640	360	50.0	8	b862ba009471ef931fcffc59e5fe75c3	92cfa30ecc3c3010361afa23cd7da696	640	360	3259.0	5.0	1219.0	735.0	False	False
shields_640x360_60f	shields_640x360_60f	svtav1	svtav1_20191120_3ea18c2	60	55	328293.0	328.293	34.42833333333333	37.92383333333334	39.943666666666665	34.07557	37.756498	39.694072	95.31907299999999	543027.0	9.05045	640	360	50.0	8	54369fcd84213c48ff6c63290f0025e0	6c87ccae2cf17e16b29156bae3edeb7a	640	360	4066.0	6.0	1196.0	674.0	False	False
shields_640x360_60f	shields_640x360_60f	svtav1	svtav1_20191120_3ea18c2	60	59	221093.0	221.093	32.14099999999999	36.28549999999999	38.164833333333306	31.728848000000003	36.070637	37.919406	88.979665	412659.0	6.87765	640	360	50.0	8	d779fca6d0a11c00409c334a599622a5	83439dc478d41916eb48f05b51a6c3fa	640	360	3579.0	6.0	1062.0	678.0	False	False
DinnerScene_1920x1080_2997_10b	DinnerScene_1920x1080_2997_10b	svtav1	svtav1_20191120_3ea18c2	60	20	1017841.0	1017.841	41.783333333333296	42.389333333333326	47.496500000000005	41.78316499999999	42.388135	47.495673	91.320951	11042092.0	184.03486666666666	1920	1080	29.97	10	045aaf603953966ad164bf2ee8535bb4	cdf42cc83f1739d4059b5af65f020938	1920	1080	52053.0	17.0	11233.0	12110.0	False	False
DinnerScene_1920x1080_2997_10b	DinnerScene_1920x1080_2997_10b	svtav1	svtav1_20191120_3ea18c2	60	32	278705.0	278.705	41.57833333333331	42.262499999999974	47.29133333333333	41.577585	42.262199	47.29092	89.30715	5968172.0	99.46953333333333	1920	1080	29.97	10	20d81135e6721e425103cd0516743a58	b12746f8e5ee7d32012e9e9e91a31966	1920	1080	30351.0	11.0	10367.0	7600.0	False	False
DinnerScene_1920x1080_2997_10b	DinnerScene_1920x1080_2997_10b	svtav1	svtav1_20191120_3ea18c2	60	43	150115.0	150.11500000000004	41.35766666666666	42.18816666666669	47.108333333333356	41.357135	42.188052	47.10809299999999	86.732425	5129338.0	85.48896666666667	1920	1080	29.97	10	c5c15acd0dbb0884784db587d40f3b35	1820d9be8466927811b27930a4ebe8ee	1920	1080	26511.0	6.0	8171.0	6729.0	False	False
DinnerScene_1920x1080_2997_10b	DinnerScene_1920x1080_2997_10b	svtav1	svtav1_20191120_3ea18c2	60	55	76033.0	76.033	40.69983333333335	41.95400000000002	46.60983333333333	40.696533	41.953934	46.608414	78.87405599999998	4150546.0	69.17576666666666	1920	1080	29.97	10	42f698d5c2ee4b869d305541b9095af7	7d886ef852b064eb151880c10225ce86	1920	1080	31704.0	17.0	7780.0	7169.0	False	False
DinnerScene_1920x1080_2997_10b	DinnerScene_1920x1080_2997_10b	svtav1	svtav1_20191120_3ea18c2	60	59	53782.0	53.782	39.97383333333334	41.633166666666625	46.00283333333333	39.961294	41.633205	46.001042	70.939378	2981814.0	49.6969	1920	1080	29.97	10	26e125b003cf2d553d3bf0b269628eb1	b6e8a39894be24a2ecf568a7dfbc70ed	1920	1080	28716.0	47.0	7217.0	6385.0	False	False
Sintel_Dragons_1920x816_24_10b	Sintel_Dragons_1920x816_24_10b	svtav1	svtav1_20191120_3ea18c2	60	20	5672889.0	5672.889	47.129	51.31366666666668	51.55849999999999	47.058338	51.286282	51.513443	99.910996	5363152.0	89.38586666666667	1920	816	24.0	10	c7beb40c3fb4bd09b67c2ae567782091	ef029ef19d481199a947292fd15d0da1	1920	816	15735.0	5.0	17600.0	4777.0	False	False
Sintel_Dragons_1920x816_24_10b	Sintel_Dragons_1920x816_24_10b	svtav1	svtav1_20191120_3ea18c2	60	32	2889779.0	2889.779	44.03466666666668	48.863000000000014	48.95516666666666	43.960832	48.828251	48.879417	99.891167	4269631.0	71.16051666666667	1920	816	24.0	10	b5e36b56cc550b36eceb8b743be19e1e	c9c83f054f9f242ff2d1403ff30f5193	1920	816	14852.0	4.0	14486.0	4141.0	False	False
Sintel_Dragons_1920x816_24_10b	Sintel_Dragons_1920x816_24_10b	svtav1	svtav1_20191120_3ea18c2	60	43	1492777.0	1492.7769999999998	40.973666666666674	46.372166666666665	46.46666666666666	40.89916	46.333985	46.384398	98.113939	3723104.0	62.05173333333333	1920	816	24.0	10	442a37c4eeec6af6eecb4c95100be049	48f26db5e5baa67177fd69e81b545940	1920	816	15103.0	5.0	12149.0	4151.0	False	False
Sintel_Dragons_1920x816_24_10b	Sintel_Dragons_1920x816_24_10b	svtav1	svtav1_20191120_3ea18c2	60	55	712419.0	712.419	37.45816666666666	43.371166666666674	43.53716666666667	37.404312	43.338204	43.478011	85.16951	3185506.0	53.091766666666665	1920	816	24.0	10	a1bc3910c3ed7f9580498d2235608ffb	3153093169a7db3b51dca3d6587f3238	1920	816	17660.0	8.0	11250.0	4477.0	False	False
Sintel_Dragons_1920x816_24_10b	Sintel_Dragons_1920x816_24_10b	svtav1	svtav1_20191120_3ea18c2	60	59	503379.0	503.379	35.786166666666674	41.83500000000002	42.09449999999999	35.734871	41.795739	42.042191	75.693956	3081234.0	51.3539	1920	816	24.0	10	01aa3fa1881515733b176e7b5209038d	b4b2da640a4606e0ea413b3f103defa4	1920	816	15782.0	4.0	10968.0	4520.0	False	False
KristenAndSara_1280x720_60f	KristenAndSara_1280x720_60f	svtav1	svtav1_20191120_3ea18c2	60	20	3414120.0	3414.12	44.676166666666674	49.01416666666666	49.93316666666667	44.670611	49.013164	49.931558	96.938924	5859961.0	97.66601666666666	1280	720	60.0	8	c36706d6e1cd422c6a966b140827e399	9f8e083e7877d7bbe8965a84d485169e	1280	720	8419.0	19.0	4765.0	2702.0	False	False
KristenAndSara_1280x720_60f	KristenAndSara_1280x720_60f	svtav1	svtav1_20191120_3ea18c2	60	32	1359592.0	1359.592	43.52816666666664	48.311	49.20016666666666	43.51913	48.308128	49.197975	96.126056	3784805.0	63.080083333333334	1280	720	60.0	8	1efd1af7ed7082b8cd22f7ca0057265e	98dc68e212066d754942c8cacadcec03	1280	720	10426.0	15.0	3267.0	3046.0	False	False
KristenAndSara_1280x720_60f	KristenAndSara_1280x720_60f	svtav1	svtav1_20191120_3ea18c2	60	43	718408.0	718.408	42.225166666666674	47.300833333333344	48.184000000000005	42.211302	47.297374	48.18184	94.521803	4144710.0	69.0785	1280	720	60.0	8	d02315cb33fce9b5334b6a9c1b64636b	36112b08465190736668c4fd2d0b4ef1	1280	720	18235.0	22.0	2915.0	2805.0	False	False
KristenAndSara_1280x720_60f	KristenAndSara_1280x720_60f	svtav1	svtav1_20191120_3ea18c2	60	55	318496.0	318.496	39.54766666666667	44.82400000000002	45.84799999999999	39.527706	44.818341	45.844936	89.423728	1390201.0	23.170016666666665	1280	720	60.0	8	6c59f6515bd8567b558a06da3ea55ca0	5e88959bf5ba7da52995b05a5a545bbf	1280	720	7984.0	12.0	2467.0	2718.0	False	False
KristenAndSara_1280x720_60f	KristenAndSara_1280x720_60f	svtav1	svtav1_20191120_3ea18c2	60	59	208424.0	208.424	37.58883333333333	43.132999999999974	44.28933333333336	37.5738	43.12875999999999	44.284989	83.85344	1145058.0	19.0843	1280	720	60.0	8	116853716974210a9ff64b8bf25dc017	4820d65fc4450b01b21f13558a7c09e2	1280	720	7338.0	5.0	2011.0	2544.0	False	False
Netflix_RollerCoaster_1280x720_6	Netflix_RollerCoaster_1280x720_6	svtav1	svtav1_20191120_3ea18c2	60	20	8481544.0	8481.544	44.847500000000004	46.77433333333334	46.794999999999995	44.833636	46.766472	46.789252	99.916706	6027008.0	100.45013333333333	1280	720	60.0	8	23f0be7d8296012b0ad7f1aba8d87de7	aa15f58b266275636f3698bf89b1d757	1280	720	20008.0	12.0	13426.0	4833.0	False	False
Netflix_RollerCoaster_1280x720_6	Netflix_RollerCoaster_1280x720_6	svtav1	svtav1_20191120_3ea18c2	60	32	4309520.0	4309.52	42.62883333333335	45.10400000000003	45.48633333333332	42.599328	45.088016	45.477281	99.8701	2978653.0	49.644216666666665	1280	720	60.0	8	86ba6ea2575ce7f1805643f6725c8681	3b7f6ae73f1b85ec34bae913e15a0368	1280	720	7182.0	5.0	6720.0	2470.0	False	False
Netflix_RollerCoaster_1280x720_6	Netflix_RollerCoaster_1280x720_6	svtav1	svtav1_20191120_3ea18c2	60	43	2231368.0	2231.368	40.175333333333334	43.18350000000001	43.93149999999999	40.135725	43.159268	43.920759	97.773406	2783901.0	46.39835	1280	720	60.0	8	65011dd28c2372d889df0da0dde1a4f6	bf5fd65887a6d32084740507566d4893	1280	720	9031.0	8.0	6693.0	5547.0	False	False
Netflix_RollerCoaster_1280x720_6	Netflix_RollerCoaster_1280x720_6	svtav1	svtav1_20191120_3ea18c2	60	55	989776.0	989.776	36.717166666666664	40.175833333333344	41.56833333333334	36.682139	40.150469	41.556457	88.212676	2638237.0	43.970616666666665	1280	720	60.0	8	097413903d0bf3e9ff76d07fe15d1463	03b0c7348f832451e245f8c6a3ba704c	1280	720	11934.0	28.0	6059.0	4323.0	False	False
Netflix_RollerCoaster_1280x720_6	Netflix_RollerCoaster_1280x720_6	svtav1	svtav1_20191120_3ea18c2	60	59	691800.0	691.8	35.02700000000001	38.649499999999996	40.34149999999999	35.00029299999999	38.629948	40.330788	80.610933	1644718.0	27.411966666666668	1280	720	60.0	8	aec2c8c804f41695264893e6161aa265	2afac42cde31a26166ccdfc46079757c	1280	720	7537.0	5.0	5153.0	2689.0	False	False
gipsrestat720p_60f	gipsrestat720p_60f	svtav1	svtav1_20191120_3ea18c2	60	20	3612673.0	3612.673	44.93433333333333	47.473666666666674	49.07999999999996	44.923262	47.469439	49.077159	97.00576100000002	3435949.0	57.265816666666666	1280	720	50.0	8	3f687bebbb17add00578a42c49cb8069	d060c6daf5f0d5f307b9771416ef3941	1280	720	8714.0	3.0	4348.0	2819.0	False	False
gipsrestat720p_60f	gipsrestat720p_60f	svtav1	svtav1_20191120_3ea18c2	60	32	1366286.0	1366.286	43.340166666666654	46.87166666666667	48.37133333333333	43.318535	46.86844	48.367382	95.829953	2167237.0	36.12061666666666	1280	720	50.0	8	ff09233e590dbdc6964f13f176302fdd	1c0c995b79ae6cf644f318cdff6e8fc1	1280	720	7979.0	8.0	2581.0	3134.0	False	False
gipsrestat720p_60f	gipsrestat720p_60f	svtav1	svtav1_20191120_3ea18c2	60	43	714346.0	714.346	41.73749999999999	46.05383333333332	47.34583333333334	41.69555	46.051779	47.342153	94.097031	1655832.0	27.5972	1280	720	50.0	8	7fe4cbde7535e9f7affe1dc9799981a5	25b3ae485664442a9b3a9d23dd5fa269	1280	720	7249.0	9.0	2216.0	2732.0	False	False
gipsrestat720p_60f	gipsrestat720p_60f	svtav1	svtav1_20191120_3ea18c2	60	55	338966.0	338.966	38.93200000000001	44.130833333333335	45.05766666666666	38.906468	44.129661000000006	45.056508	89.587122	1289653.0	21.494216666666667	1280	720	50.0	8	283a23e515ae27475520ea3398fe3f73	5da0bc2f0f772fb499dd9255664308d4	1280	720	9693.0	14.0	1844.0	3094.0	False	False
gipsrestat720p_60f	gipsrestat720p_60f	svtav1	svtav1_20191120_3ea18c2	60	59	213693.0	213.693	36.571999999999996	42.33133333333334	42.84	36.562816	42.33011	42.839592	83.792887	1334831.0	22.247183333333332	1280	720	50.0	8	9418b1c6c3143e428029784f2bfffc13	43aae23d560f252b21a40f53fb7013b7	1280	720	7625.0	8.0	1832.0	2832.0	False	False
niklas360p_60f	niklas360p_60f	svtav1	svtav1_20191120_3ea18c2	60	20	1488232.0	1488.232	44.466833333333334	47.94783333333335	47.67383333333333	44.384107	47.877607	47.597481	98.369062	1071329.0	17.855483333333332	640	360	30.0	8	872b736a0d6e646efa9f5496bdaab412	20cf2c812679f8d0788a0d6e64e3337e	640	360	2766.0	6.0	2080.0	702.0	False	False
niklas360p_60f	niklas360p_60f	svtav1	svtav1_20191120_3ea18c2	60	32	821684.0	821.684	42.083	46.514499999999984	46.04183333333333	41.981186	46.441964	45.960552	96.812957	977449.0	16.290816666666668	640	360	30.0	8	817439cf034b65c663e0590dc7381f45	1579a877485f4e843264bdaa31598835	640	360	2213.0	3.0	2810.0	1328.0	False	False
niklas360p_60f	niklas360p_60f	svtav1	svtav1_20191120_3ea18c2	60	43	438132.0	438.132	39.129333333333335	44.679333333333325	43.8955	39.033225	44.641799	43.853391	93.415926	704974.0	11.749566666666666	640	360	30.0	8	66e09f370d77ba204fff9de54e480b68	d6f97482850b282959826183ff91ecd5	640	360	3407.0	42.0	1538.0	658.0	False	False
niklas360p_60f	niklas360p_60f	svtav1	svtav1_20191120_3ea18c2	60	55	209640.0	209.64	35.38883333333333	42.226166666666686	41.00366666666668	35.343258	42.20643400000001	40.982803	85.500476	532707.0	8.87845	640	360	30.0	8	0f20dda46648718b6b296b9ad1d7e1f1	6b8298ea8b4db3293a3fce503dcee356	640	360	2167.0	3.0	1260.0	582.0	False	False
niklas360p_60f	niklas360p_60f	svtav1	svtav1_20191120_3ea18c2	60	59	143504.0	143.504	33.37033333333332	40.695000000000014	39.37349999999999	33.347048	40.684344	39.349934	78.140359	621798.0	10.3633	640	360	30.0	8	7f65c7e1622bc70eb59d34b21c01961a	0d62aa0a2009aa980cfbafc2fbcf9c40	640	360	6169.0	29.0	2105.0	880.0	False	False
Starting_1920x1080p_50_10b_pq_70	Starting_1920x1080p_50_10b_pq_70	svtav1	svtav1_20191120_3ea18c2	60	20	5311280.0	5311.28	47.031166666666664	49.93383333333332	51.69466666666666	46.985111	49.874361	51.605196	96.72966	6031442.0	100.52403333333334	1920	1080	50.0	10	b478a2a10b5a59e7fd4738ac27d1848c	0cdb9d7c8a6cb81be34d7b036bf6e24c	1920	1080	25688.0	5.0	8808.0	6627.0	False	False
Starting_1920x1080p_50_10b_pq_70	Starting_1920x1080p_50_10b_pq_70	svtav1	svtav1_20191120_3ea18c2	60	32	2608413.0	2608.413	45.571333333333335	48.81566666666665	50.22016666666666	45.507281	48.771259	50.162795	95.644682	4751890.0	79.19816666666667	1920	1080	50.0	10	533bbc7f1766a8c00ca9b686ed55dffd	96f2960bf60a4635f7ead6a34b3fe00b	1920	1080	26923.0	5.0	7654.0	7111.0	False	False
Starting_1920x1080p_50_10b_pq_70	Starting_1920x1080p_50_10b_pq_70	svtav1	svtav1_20191120_3ea18c2	60	43	1468086.0	1468.086	43.8115	47.56066666666666	48.52466666666666	43.740215	47.547686	48.509969	93.79411	6058295.0	100.97158333333333	1920	1080	50.0	10	44f36854cd1936e32d8bac443473e7fd	864f9856a9389f4fcd8415170adb9b4a	1920	1080	44142.0	6.0	7203.0	8621.0	False	False
Starting_1920x1080p_50_10b_pq_70	Starting_1920x1080p_50_10b_pq_70	svtav1	svtav1_20191120_3ea18c2	60	55	619100.0	619.1	39.99466666666667	45.074499999999986	45.311166666666686	39.955487999999995	45.07386	45.310953	87.215074	5483652.0	91.3942	1920	1080	50.0	10	3807d67e36af5e87dd3fbd7184f4b19d	ff3e4d59256082c5b8f20d0ba4b6a655	1920	1080	25372.0	4.0	5836.0	6157.0	False	False
Starting_1920x1080p_50_10b_pq_70	Starting_1920x1080p_50_10b_pq_70	svtav1	svtav1_20191120_3ea18c2	60	59	349813.0	349.813	37.162833333333325	43.40783333333335	43.51700000000002	37.148327	43.407831	43.517423	78.811197	3257049.0	54.28415	1920	1080	50.0	10	044c1535ec29a0176fc23f196ea5b894	393935de3e25ea60a15e1e7f28b8ea94	1920	1080	23968.0	5.0	7982.0	12780.0	False	False
STARCRAFT_60f_420	STARCRAFT_60f_420	svtav1	svtav1_20191120_3ea18c2	60	20	7800784.0	7800.784	50.49633333333334	53.55433333333334	53.5285	50.484905	53.54414	53.522842	97.61576799999999	4646544.0	77.4424	1920	1080	60.0	8	692faade58f23119f1f5a3aac73b6c0b	46e7bb2c1f5e051b45f8019aa50bfc49	1920	1080	27291.0	56.0	4000.0	8001.0	False	False
STARCRAFT_60f_420	STARCRAFT_60f_420	svtav1	svtav1_20191120_3ea18c2	60	32	4485960.0	4485.96	47.17416666666665	51.18150000000001	51.33116666666667	47.159349	51.166128	51.323475	96.85842699999999	3083192.0	51.38653333333333	1920	1080	60.0	8	2aa0de61dcfc45a0c453851c9bd037f7	864b0600eddc3f458dc3dd800a4d2adb	1920	1080	18286.0	7.0	3131.0	6791.0	False	False
STARCRAFT_60f_420	STARCRAFT_60f_420	svtav1	svtav1_20191120_3ea18c2	60	43	2707312.0	2707.312	44.032	48.88866666666667	49.049666666666674	44.00637	48.863937	49.038783	95.527753	2251900.0	37.531666666666666	1920	1080	60.0	8	646668b1481a2c1017b9c2fb60b53824	c8de897f246d1f5d98f09abf2dc1df0a	1920	1080	17996.0	3.0	3119.0	6128.0	False	False
STARCRAFT_60f_420	STARCRAFT_60f_420	svtav1	svtav1_20191120_3ea18c2	60	55	1102264.0	1102.264	38.671166666666664	44.693499999999986	44.69616666666666	38.655559	44.67546	44.681559	90.041903	1809046.0	30.150766666666666	1920	1080	60.0	8	c5311fb43ac8d1122ba0a9feb3e9ba51	575b81e9c22059dd0f4d9ec933f124c0	1920	1080	14949.0	4.0	2768.0	6124.0	False	False
STARCRAFT_60f_420	STARCRAFT_60f_420	svtav1	svtav1_20191120_3ea18c2	60	59	653856.0	653.856	35.80366666666666	42.40933333333334	42.501333333333335	35.79367	42.396484	42.493605	83.736392	2097788.0	34.96313333333333	1920	1080	60.0	8	60e15c2b792c03fc53ec06218661f3d2	89c8b7832e01406cb2cb936702bba7a3	1920	1080	16334.0	39.0	2528.0	6494.0	False	False
vidyo1_720p_60fps_60f	vidyo1_720p_60fps_60f	svtav1	svtav1_20191120_3ea18c2	60	20	3975168.0	3975.168	45.573499999999996	48.15583333333334	49.48249999999998	45.560806	48.150018	49.479717	96.552326	2712557.0	45.20928333333333	1280	720	60.0	8	52efec31ad094a2919e7f502aa599f1c	262278468e025af96f029988c4608784	1280	720	6873.0	3.0	3551.0	2955.0	False	False
vidyo1_720p_60fps_60f	vidyo1_720p_60fps_60f	svtav1	svtav1_20191120_3ea18c2	60	32	1511440.0	1511.44	44.06666666666667	47.627	48.849000000000004	44.061215	47.623473	48.846982	95.268431	1967652.0	32.7942	1280	720	60.0	8	ba19af2ca07867392b787254b9416799	a59bab5fc667136585fa705c8938b555	1280	720	6794.0	8.0	2743.0	2655.0	False	False
vidyo1_720p_60fps_60f	vidyo1_720p_60fps_60f	svtav1	svtav1_20191120_3ea18c2	60	43	729224.0	729.224	42.602999999999994	46.93266666666667	47.90533333333335	42.597363	46.93035	47.903624	93.263566	1905269.0	31.754483333333333	1280	720	60.0	8	c79b8406a23c49172ed3b9bcccc6be43	90707f5d534a3db909e5c6b13de7f80f	1280	720	7322.0	11.0	2477.0	2794.0	False	False
vidyo1_720p_60fps_60f	vidyo1_720p_60fps_60f	svtav1	svtav1_20191120_3ea18c2	60	55	341832.0	341.832	40.13583333333333	45.507333333333335	46.015499999999996	40.126704	45.505797	46.013851	87.840456	1267788.0	21.1298	1280	720	60.0	8	9b7cf3f6635cbdaa47b763ca5c59aece	8b738aea00e51b34a1f035d154bea22f	1280	720	6829.0	4.0	2034.0	2673.0	False	False
vidyo1_720p_60fps_60f	vidyo1_720p_60fps_60f	svtav1	svtav1_20191120_3ea18c2	60	59	225072.0	225.072	38.04466666666667	43.98066666666667	44.17899999999998	38.037794	43.979138	44.178042	81.275345	1031071.0	17.184516666666667	1280	720	60.0	8	3bc8ab924ec9a5fd12ad788969820795	b756a2d5b72a4f8a234b2116e5eeb943	1280	720	7158.0	5.0	1995.0	2598.0	False	False
RollerCoastPas_1920x1080_2997_10	RollerCoastPas_1920x1080_2997_10	svtav1	svtav1_20191120_3ea18c2	60	20	2902204.0	2902.204	44.984166666666695	45.17866666666666	43.699333333333314	44.983347	45.177624	43.698033	97.005061	8278123.0	137.96871666666667	1920	1080	29.97	10	59bf5134efcbeaf5186881b10d62ebbc	0f61b47cc9fe46f1ccde694594d6d9b1	1920	1080	30963.0	7.0	6388.0	7137.0	False	False
RollerCoastPas_1920x1080_2997_10	RollerCoastPas_1920x1080_2997_10	svtav1	svtav1_20191120_3ea18c2	60	32	1426212.0	1426.212	43.93916666666664	44.56433333333333	43.06616666666666	43.938232	44.563759	43.066146	96.332231	5188546.0	86.47576666666667	1920	1080	29.97	10	d1f79e6cd87cd2730efae14e7820843a	f26f58d2c07cfe987e55ed2c0b055523	1920	1080	29311.0	25.0	5139.0	6906.0	False	False
RollerCoastPas_1920x1080_2997_10	RollerCoastPas_1920x1080_2997_10	svtav1	svtav1_20191120_3ea18c2	60	43	804665.0	804.6649999999998	42.37983333333334	43.58983333333334	42.24716666666667	42.374628	43.58984	42.246852	94.765713	6190884.0	103.1814	1920	1080	29.97	10	e14d50afbe8c7cc622c1db2c927dfd9f	57f8e3ed36b73029f57e1eff801f1ebe	1920	1080	43687.0	32.0	5377.0	10158.0	False	False
RollerCoastPas_1920x1080_2997_10	RollerCoastPas_1920x1080_2997_10	svtav1	svtav1_20191120_3ea18c2	60	55	370732.0	370.732	39.34116666666667	41.5335	40.3825	39.330019	41.532191	40.380932	90.227936	3646892.0	60.781533333333336	1920	1080	29.97	10	1fd0b22b5312f06aacb987c06fd8b3be	9956261e210a092dec2bad7b0cd7b087	1920	1080	26460.0	4.0	4062.0	6508.0	False	False
RollerCoastPas_1920x1080_2997_10	RollerCoastPas_1920x1080_2997_10	svtav1	svtav1_20191120_3ea18c2	60	59	231678.0	231.678	37.07683333333333	39.891000000000005	38.91833333333331	37.066376	39.890087	38.917323	84.122902	3806500.0	63.44166666666667	1920	1080	29.97	10	5f51a26e19286de782224ffc039c8d1a	fbc931378d019a2f0ce9ea9dabce0489	1920	1080	28250.0	3.0	3596.0	6747.0	False	False
Netflix_FoodMarket_1920x1080_60f	Netflix_FoodMarket_1920x1080_60f	svtav1	svtav1_20191120_3ea18c2	60	20	23189744.0	23189.744	41.12616666666667	44.89266666666667	45.6215	41.119696	44.888338	45.620155	99.291289	10941302.0	182.35503333333332	1920	1080	60.0	8	5e59896a4e5309fffc17f42778e71154	805ef1b50bc5fc42c0ca1ec73403ab5d	1920	1080	19576.0	6.0	22175.0	8280.0	False	False
Netflix_FoodMarket_1920x1080_60f	Netflix_FoodMarket_1920x1080_60f	svtav1	svtav1_20191120_3ea18c2	60	32	7247536.0	7247.536000000001	39.753166666666665	44.023166666666675	44.932500000000005	39.742031	44.018502	44.930327	96.083269	7201774.0	120.02956666666667	1920	1080	60.0	8	ae56e8d0cb3b4dbb2a400ca74b4d513e	16559528769f2cafdd58ecda44111e35	1920	1080	16809.0	4.0	14008.0	7004.0	False	False
Netflix_FoodMarket_1920x1080_60f	Netflix_FoodMarket_1920x1080_60f	svtav1	svtav1_20191120_3ea18c2	60	43	3580936.0	3580.936	38.452999999999996	43.153999999999996	44.20933333333333	38.431265	43.14928	44.20733499999999	91.365979	5361449.0	89.35748333333333	1920	1080	60.0	8	18f0ea34c04f96e413e2d7d691937296	b3ad53eb5c45594d998ed65a780e157f	1920	1080	17571.0	4.0	17044.0	6978.0	False	False
Netflix_FoodMarket_1920x1080_60f	Netflix_FoodMarket_1920x1080_60f	svtav1	svtav1_20191120_3ea18c2	60	55	1474944.0	1474.944	36.01566666666667	41.60216666666667	42.66533333333335	35.99331300000001	41.59593499999999	42.657159	78.285425	4098203.0	68.30338333333333	1920	1080	60.0	8	b77c29ec5e63a6f158bcdc11ece5000f	772f3d11071567379537e133ecf1509b	1920	1080	17886.0	6.0	11192.0	7240.0	False	False
Netflix_FoodMarket_1920x1080_60f	Netflix_FoodMarket_1920x1080_60f	svtav1	svtav1_20191120_3ea18c2	60	59	939128.0	939.128	34.57833333333333	40.67250000000003	41.58066666666666	34.560166	40.66692	41.564089	67.804072	3276549.0	54.60915	1920	1080	60.0	8	586b881295cc41016983a165799bb8c5	d1891d1505887e4b6f5ee0a7abe06882	1920	1080	18716.0	10.0	9498.0	7678.0	False	False
aspen_1080p_60f	aspen_1080p_60f	svtav1	svtav1_20191120_3ea18c2	60	20	8595933.0	8595.933	44.06783333333332	47.96133333333333	49.085	44.05968500000001	47.959323	49.082581	98.016744	8004142.0	133.40236666666667	1920	1080	29.97	8	e34a0260aebe191119b13519eca75d6b	a7ae426661b74f7ca435ee9ec3c01518	1920	1080	13643.0	3.0	18440.0	6136.0	False	False
aspen_1080p_60f	aspen_1080p_60f	svtav1	svtav1_20191120_3ea18c2	60	32	2648327.0	2648.327	42.170333333333346	47.02083333333334	48.17616666666667	42.15690200000001	47.019193	48.17308	94.085435	7843781.0	130.72968333333333	1920	1080	29.97	8	863fb63e9c04291814d16c43e256d77b	b9cc10085110e6899b8fa087f6f6c590	1920	1080	29161.0	71.0	25534.0	9770.0	False	False
aspen_1080p_60f	aspen_1080p_60f	svtav1	svtav1_20191120_3ea18c2	60	43	1116564.0	1116.564	40.78166666666667	45.782500000000006	46.929833333333335	40.765755	45.779425999999994	46.92563499999999	88.98613099999999	6757457.0	112.62428333333334	1920	1080	29.97	8	4144891636934640505f7bb416dc1f1e	72a93025ae6272b2e03452ffbcb973fc	1920	1080	26244.0	15.0	11773.0	7594.0	False	False
aspen_1080p_60f	aspen_1080p_60f	svtav1	svtav1_20191120_3ea18c2	60	55	468324.0	468.324	38.55116666666667	43.48866666666667	44.45866666666667	38.526521	43.483116	44.454845	78.634667	2820477.0	47.00795	1920	1080	29.97	8	f3f2895320efbaec8067eb96a33ef22e	ca69effab8db76cf54f154120e09727b	1920	1080	12777.0	6.0	9679.0	6314.0	False	False
aspen_1080p_60f	aspen_1080p_60f	svtav1	svtav1_20191120_3ea18c2	60	59	311528.0	311.528	37.063	42.20583333333334	42.975833333333334	37.036445	42.199428	42.973093	69.7737	2505234.0	41.7539	1920	1080	29.97	8	9297517abde175d870b8dfea607ce835	d1c975e722357a8636832257c581a162	1920	1080	12553.0	7.0	9175.0	6613.0	False	False
dark720p_60f	dark720p_60f	svtav1	svtav1_20191120_3ea18c2	60	20	7387044.0	7387.044	46.09349999999999	43.46466666666667	45.025833333333345	46.040392	43.247737	44.879351	96.275851	4494422.0	74.90703333333333	1280	720	30.0	8	87d44fe4e33160f582ba8d7c94502147	fc52b33ab58d95df60788851529b04b5	1280	720	6571.0	4.0	11221.0	2507.0	False	False
dark720p_60f	dark720p_60f	svtav1	svtav1_20191120_3ea18c2	60	32	1881792.0	1881.792	43.61033333333334	39.167999999999985	41.90383333333333	43.573144	39.070253	41.87094	93.29439	3234100.0	53.901666666666664	1280	720	30.0	8	065e4345485df34f04e538dfd5df7660	df0d09e4f2cecebdc1ede1402d97a084	1280	720	6994.0	7.0	10054.0	3143.0	False	False
dark720p_60f	dark720p_60f	svtav1	svtav1_20191120_3ea18c2	60	43	339436.0	339.436	42.33366666666666	37.00616666666666	40.878166666666665	42.319677	36.98722	40.870763	90.676765	1875433.0	31.257216666666668	1280	720	30.0	8	49d7a2e767855ffa42dc20f8b76d7d41	d0a08c4ec8fbd9960efaf0a7bba32dd8	1280	720	6215.0	12.0	5634.0	4010.0	False	False
dark720p_60f	dark720p_60f	svtav1	svtav1_20191120_3ea18c2	60	55	121572.0	121.57199999999999	40.824500000000015	36.30499999999999	39.961999999999996	40.817659	36.301431	39.957445	86.240827	1265728.0	21.095466666666667	1280	720	30.0	8	84b9e8530db5bf7ce11e51522e1fc087	a32435358c0b3980f3431d1ad133f612	1280	720	11753.0	7.0	3053.0	2705.0	False	False
dark720p_60f	dark720p_60f	svtav1	svtav1_20191120_3ea18c2	60	59	83976.0	83.97599999999998	39.66166666666666	35.759833333333326	39.15966666666667	39.655918	35.756553000000004	39.149291	81.900413	972968.0	16.21613333333333	1280	720	30.0	8	24b2e66c2f2263d34318f8d79635484e	a42c7a7aecc90e40c688c2f7bc6b5640	1280	720	6677.0	4.0	2511.0	2537.0	False	False
thaloundeskmtg360p_60f	thaloundeskmtg360p_60f	svtav1	svtav1_20191120_3ea18c2	60	20	885992.0	885.992	44.71333333333334	48.628499999999995	48.65650000000001	44.53874	48.589656	48.630373	96.974917	720088.0	12.001466666666667	640	360	30.0	8	2691d1ecee4f9683d7c187562aac340a	80d76096669c99bec9ac9c82f77011fe	640	360	2337.0	6.0	1187.0	591.0	False	False
thaloundeskmtg360p_60f	thaloundeskmtg360p_60f	svtav1	svtav1_20191120_3ea18c2	60	32	487692.0	487.692	43.22933333333335	47.5845	47.69383333333334	42.997114	47.532627	47.665434	95.925424	669675.0	11.16125	640	360	30.0	8	90681b1133b1530ce2e6eb9ed7338f97	a2dd036a531b9fa1cb5ff19fbdeaaff5	640	360	3012.0	4.0	1016.0	684.0	False	False
thaloundeskmtg360p_60f	thaloundeskmtg360p_60f	svtav1	svtav1_20191120_3ea18c2	60	43	259840.0	259.84	41.11033333333333	45.86366666666668	45.971	40.79312	45.831926	45.94619	93.810837	562446.0	9.3741	640	360	30.0	8	9ef79f7e6169f913c1f2d60bff92dcff	6cd927cce76674f763a8cd78b958f1d8	640	360	2597.0	7.0	942.0	695.0	False	False
thaloundeskmtg360p_60f	thaloundeskmtg360p_60f	svtav1	svtav1_20191120_3ea18c2	60	55	128720.0	128.72	37.72583333333333	42.92383333333334	42.895333333333305	37.50081	42.907211	42.878778	87.939478	438123.0	7.30205	640	360	30.0	8	d7f53d80986730093ac23d236d54fd53	bd2ba5efbcb16da7a3473c678bb0105b	640	360	2761.0	4.0	861.0	720.0	False	False
thaloundeskmtg360p_60f	thaloundeskmtg360p_60f	svtav1	svtav1_20191120_3ea18c2	60	59	87876.0	87.876	35.58716666666667	41.01166666666667	41.25416666666668	35.281537	41.001575	41.230021	82.452023	587956.0	9.799266666666666	640	360	30.0	8	4422d300ede80c5113f42ef4b01d73a3	676c431e3dbb4c09586820c765947d0b	640	360	3575.0	22.0	754.0	1261.0	False	False
vidyo4_720p_60fps_60f	vidyo4_720p_60fps_60f	svtav1	svtav1_20191120_3ea18c2	60	20	5589320.0	5589.319999999999	44.31733333333334	49.983500000000014	50.26849999999999	44.290578	49.980263	50.26544	97.785042	3526334.0	58.77223333333333	1280	720	60.0	8	dcb83dcfe2bf6988722fd37cdda98015	9cb57e86919422977f1f61d0b4dfd39b	1280	720	7785.0	16.0	5762.0	3452.0	False	False
vidyo4_720p_60fps_60f	vidyo4_720p_60fps_60f	svtav1	svtav1_20191120_3ea18c2	60	32	1901712.0	1901.712	42.802166666666686	49.33883333333334	49.62866666666666	42.76485	49.334089999999996	49.625207	96.433513	2034256.0	33.904266666666665	1280	720	60.0	8	a3a1757ddac2fe22bd8f03b9017f038d	f80b8a8c16b484661e0c8c2fbb9c5d29	1280	720	7010.0	3.0	3356.0	2668.0	False	False
vidyo4_720p_60fps_60f	vidyo4_720p_60fps_60f	svtav1	svtav1_20191120_3ea18c2	60	43	930112.0	930.112	41.414333333333346	48.42416666666666	48.69366666666665	41.368061	48.416462	48.687534	94.421411	1825739.0	30.428983333333335	1280	720	60.0	8	1a916bd82baecea3d21cee7405229f23	a5fddc6353f8d88e03f63fb5935da8c3	1280	720	8064.0	8.0	3270.0	2835.0	False	False
vidyo4_720p_60fps_60f	vidyo4_720p_60fps_60f	svtav1	svtav1_20191120_3ea18c2	60	55	431952.0	431.952	39.14099999999999	46.75183333333333	46.9515	39.086413	46.74164	46.943612	89.20794	1255726.0	20.928766666666668	1280	720	60.0	8	421050284ab3069105ef6d9ac03a07c3	61eebeead6e9b5856de0f3779e8b52d8	1280	720	6882.0	7.0	2641.0	2680.0	False	False
vidyo4_720p_60fps_60f	vidyo4_720p_60fps_60f	svtav1	svtav1_20191120_3ea18c2	60	59	285016.0	285.016	37.444	45.188500000000005	45.11183333333334	37.402448	45.184454	45.107429	83.705978	1242604.0	20.710066666666666	1280	720	60.0	8	c518d06151d463a0f560aabbaecfac29	c767002599283d9419af57bfddcd25a9	1280	720	7023.0	5.0	2511.0	2702.0	False	False
BarScene1_1920x1080_2997_10b	BarScene1_1920x1080_2997_10b	svtav1	svtav1_20191120_3ea18c2	60	20	990360.0	990.36	42.31933333333332	44.61449999999996	43.519000000000005	42.318729	44.614526	43.518684	92.570673	6885136.0	114.75226666666667	1920	1080	29.97	10	9eb62ed08be62708aaddcd407b8eca77	56ab510b17b4efaed7819fe42b3f237c	1920	1080	27432.0	4.0	6183.0	6692.0	False	False
BarScene1_1920x1080_2997_10b	BarScene1_1920x1080_2997_10b	svtav1	svtav1_20191120_3ea18c2	60	32	357528.0	357.528	41.92850000000001	44.424000000000014	43.335333333333324	41.928872	44.423806	43.334936	91.254608	8402562.0	140.0427	1920	1080	29.97	10	40315a6eb634a5b4b6779e2cee47f9ab	92bd04242701a70c108f0d4f21acbbe7	1920	1080	40909.0	27.0	4853.0	15066.0	False	False
BarScene1_1920x1080_2997_10b	BarScene1_1920x1080_2997_10b	svtav1	svtav1_20191120_3ea18c2	60	43	252658.0	252.658	41.71633333333333	44.39100000000003	43.29600000000001	41.716399	44.391937	43.296228	90.225106	4397466.0	73.2911	1920	1080	29.97	10	dd77727bb5bab8bac1dd4ac05891375d	06e3986b94bae5337b65e1358d5e6f3b	1920	1080	29367.0	5.0	3593.0	7141.0	False	False
BarScene1_1920x1080_2997_10b	BarScene1_1920x1080_2997_10b	svtav1	svtav1_20191120_3ea18c2	60	55	103845.0	103.845	40.59983333333332	43.88583333333335	42.86216666666664	40.599408	43.88635	42.86236999999999	84.304874	3928430.0	65.47383333333333	1920	1080	29.97	10	f96460f905f31711ba4bfebc821e02e7	65d1251bc7aec718c2afe5b7b3b19f5e	1920	1080	26993.0	6.0	3098.0	7522.0	False	False
BarScene1_1920x1080_2997_10b	BarScene1_1920x1080_2997_10b	svtav1	svtav1_20191120_3ea18c2	60	59	65936.0	65.936	39.694833333333314	43.35033333333331	42.46816666666667	39.693562	43.350369	42.46807	78.158765	3671185.0	61.186416666666666	1920	1080	29.97	10	482cd6232b3b095748591a0e98f105ad	fb5dde9387ca08d622ec425f53cc04b8	1920	1080	29480.0	6.0	4303.0	8858.0	False	False
Netflix_Crosswalk_1920x1080_60fp	Netflix_Crosswalk_1920x1080_60fp	svtav1	svtav1_20191120_3ea18c2	60	20	7892208.0	7892.208	45.595166666666664	48.339000000000006	50.17333333333334	45.583008	48.334493	50.165844	99.17714099999999	10261075.0	171.01791666666668	1920	1080	60.0	8	52a04a09e936aff698feb323e513f476	9ca0316b7034a0e0c5b8f1a013f00209	1920	1080	22951.0	18.0	22999.0	10891.0	False	False
Netflix_Crosswalk_1920x1080_60fp	Netflix_Crosswalk_1920x1080_60fp	svtav1	svtav1_20191120_3ea18c2	60	32	3974208.0	3974.208	44.32916666666665	47.575666666666656	49.37166666666667	44.296861	47.570526	49.36628	95.948675	5252533.0	87.54221666666666	1920	1080	60.0	8	e4525f65a34a3f43524c9e6c9a7e3638	22c55419011e5e3d046f5d7366c2a7f0	1920	1080	12564.0	4.0	15049.0	6717.0	False	False
Netflix_Crosswalk_1920x1080_60fp	Netflix_Crosswalk_1920x1080_60fp	svtav1	svtav1_20191120_3ea18c2	60	43	2037480.0	2037.48	42.58516666666666	46.549000000000014	48.282166666666676	42.525394	46.540524	48.273145	89.79831399999999	6378895.0	106.31491666666666	1920	1080	60.0	8	e0931256ef614db4af5ea73018e2c2dc	c8ce766b5435f65cd1212918ef97f6ae	1920	1080	20305.0	25.0	17426.0	9769.0	False	False
Netflix_Crosswalk_1920x1080_60fp	Netflix_Crosswalk_1920x1080_60fp	svtav1	svtav1_20191120_3ea18c2	60	55	930960.0	930.9600000000002	39.81583333333334	44.70766666666667	46.339999999999996	39.746987	44.700249	46.332674	75.787692	3724475.0	62.07458333333334	1920	1080	60.0	8	7083853ddede50401af1c84aa5e8b47b	de7e1a88c69e669051182246d5ebdeb3	1920	1080	15667.0	9.0	12895.0	8003.0	False	False
Netflix_Crosswalk_1920x1080_60fp	Netflix_Crosswalk_1920x1080_60fp	svtav1	svtav1_20191120_3ea18c2	60	59	675600.0	675.6	38.401333333333326	43.70766666666667	45.26250000000001	38.351949	43.700518	45.258269	66.522415	3692754.0	61.5459	1920	1080	60.0	8	9f0e17538a36268be9eed2b090aabd18	a651b319fc3d4a809f523373b5c7a4b7	1920	1080	14655.0	4.0	11763.0	7170.0	False	False
Netflix_DrivingPOV_1280x720_60fp	Netflix_DrivingPOV_1280x720_60fp	svtav1	svtav1_20191120_3ea18c2	60	20	11469392.0	11469.392	42.7775	46.46133333333334	45.13883333333334	42.756065	46.45509	45.134417	99.636137	4871376.0	81.1896	1280	720	60.0	8	e6f1775b01b7754f974927d9b66d869e	e8ba701db1a70e4068afa9fca36038dd	1280	720	9702.0	8.0	8106.0	3285.0	False	False
Netflix_DrivingPOV_1280x720_60fp	Netflix_DrivingPOV_1280x720_60fp	svtav1	svtav1_20191120_3ea18c2	60	32	5615512.0	5615.512	40.482	45.19699999999999	44.162833333333325	40.447516	45.187407	44.158181	98.670047	3687800.0	61.46333333333333	1280	720	60.0	8	abeb805244823b4593668997e909d997	cfaee8ad802bcfb26c63c913a1ef6bfc	1280	720	9229.0	7.0	6469.0	3034.0	False	False
Netflix_DrivingPOV_1280x720_60fp	Netflix_DrivingPOV_1280x720_60fp	svtav1	svtav1_20191120_3ea18c2	60	43	2803800.0	2803.8	38.034	43.64266666666668	43.14783333333333	37.988458	43.624511	43.140731	96.328164	2747899.0	45.798316666666665	1280	720	60.0	8	c047770d4698c9d931e199893412608c	dace7f895adaca258733c76e95a4ddcf	1280	720	8884.0	4.0	5659.0	2787.0	False	False
Netflix_DrivingPOV_1280x720_60fp	Netflix_DrivingPOV_1280x720_60fp	svtav1	svtav1_20191120_3ea18c2	60	55	1185256.0	1185.256	34.78083333333334	41.23199999999999	41.556333333333335	34.745144	41.21819	41.551202	89.95336	1988153.0	33.13588333333333	1280	720	60.0	8	0771b26dc4a1a8844d0b7c285a2d6142	c859654022c7dade7d58f9a7ac6aad36	1280	720	8827.0	10.0	4724.0	2743.0	False	False
Netflix_DrivingPOV_1280x720_60fp	Netflix_DrivingPOV_1280x720_60fp	svtav1	svtav1_20191120_3ea18c2	60	59	728968.0	728.968	32.768833333333326	39.683166666666665	40.36083333333332	32.753046	39.677343	40.357991	83.56265	2047472.0	34.12453333333333	1280	720	60.0	8	4507b80e8074690a6e153e49da2c9a24	730e6326b83a0503af1496b13308bb30	1280	720	9177.0	15.0	4731.0	2737.0	False	False
Netflix_SquareAndTimelapse_1920x	Netflix_SquareAndTimelapse_1920x	svtav1	svtav1_20191120_3ea18c2	60	20	21025792.0	21025.792	44.595	48.950666666666685	48.11550000000001	44.579549	48.945367	48.105329	99.893695	13286996.0	221.44993333333332	1920	1080	60.0	8	2bf264416bdc5faa992f88f5b5399908	9ea3a09b055a21c564d5bd793e95d394	1920	1080	30949.0	11.0	20895.0	11922.0	False	False
Netflix_SquareAndTimelapse_1920x	Netflix_SquareAndTimelapse_1920x	svtav1	svtav1_20191120_3ea18c2	60	32	11790760.0	11790.76	42.168166666666664	47.20266666666664	46.150166666666664	42.144717	47.192471	46.136314	99.882314	7628427.0	127.14045	1920	1080	60.0	8	aee2794970e59193d47864f9676be7a8	6d1a3b6394cdf04ea15f0796dfd388c1	1920	1080	16822.0	5.0	15455.0	6654.0	False	False
Netflix_SquareAndTimelapse_1920x	Netflix_SquareAndTimelapse_1920x	svtav1	svtav1_20191120_3ea18c2	60	43	6512064.0	6512.064	39.35033333333334	45.232	43.9545	39.308563	45.220796	43.938252	98.647629	6142850.0	102.38083333333333	1920	1080	60.0	8	9814b46d729e713ddf48d5d9555bfc63	855466eff3209669879615149b1a9e76	1920	1080	21630.0	10.0	14432.0	8062.0	False	False
Netflix_SquareAndTimelapse_1920x	Netflix_SquareAndTimelapse_1920x	svtav1	svtav1_20191120_3ea18c2	60	55	2998072.0	2998.072	35.502	42.15666666666667	40.82266666666665	35.463651	42.145396	40.808421	88.341777	16575404.0	276.25673333333333	1920	1080	60.0	8	8084d3980875c3dc7996daae4496dba1	0f1c25599ff9622e65497461ab69f090	1920	1080	74262.0	14.0	16898.0	10874.0	False	False
Netflix_SquareAndTimelapse_1920x	Netflix_SquareAndTimelapse_1920x	svtav1	svtav1_20191120_3ea18c2	60	59	2007808.0	2007.808	33.48233333333334	40.35900000000001	39.05450000000001	33.463048	40.353414	39.047323	79.535248	3764623.0	62.743716666666664	1920	1080	60.0	8	cb8dcbdaab81cdf1ede86587874977ff	bf1eba5a57c0b7892a4c6bd75a75b495	1920	1080	19867.0	5.0	11446.0	6676.0	False	False
speed_bag_640x360_60f	speed_bag_640x360_60f	svtav1	svtav1_20191120_3ea18c2	60	20	485568.0	485.568	47.056999999999995	49.798999999999985	51.2415	46.981953	49.749803	51.186575	98.321628	711409.0	11.856816666666667	640	360	29.97	8	c85e1be57972c5c794da1592eb3aacf4	a1a596bc7284238b07000010472523fe	640	360	2261.0	14.0	1545.0	661.0	False	False
speed_bag_640x360_60f	speed_bag_640x360_60f	svtav1	svtav1_20191120_3ea18c2	60	32	262657.0	262.657	45.2975	48.577000000000005	50.14799999999999	45.181675	48.498157	50.042530000000006	97.467772	490981.0	8.183016666666667	640	360	29.97	8	143abb935f31f4ba242bf9a4997dee76	8a15209e25e02412b69d0bf823b24390	640	360	3080.0	5.0	2217.0	685.0	False	False
speed_bag_640x360_60f	speed_bag_640x360_60f	svtav1	svtav1_20191120_3ea18c2	60	43	147550.0	147.55	43.24433333333333	46.985499999999995	48.781500000000015	43.030546	46.868874	48.635843	95.22946	528217.0	8.803616666666667	640	360	29.97	8	482ffaed1523f644461636ed1daa2398	37fa297f648d4d83ad6649efebd52bc4	640	360	2571.0	6.0	1313.0	695.0	False	False
speed_bag_640x360_60f	speed_bag_640x360_60f	svtav1	svtav1_20191120_3ea18c2	60	55	74488.0	74.488	40.064333333333344	44.20116666666667	46.522000000000006	39.782413	44.081669	46.31764	86.520937	327017.0	5.450283333333333	640	360	29.97	8	b260f565b024a18ba8ca7313c661b46b	ba64726f20d52039042a325e1d5b6551	640	360	1924.0	5.0	1016.0	553.0	False	False
speed_bag_640x360_60f	speed_bag_640x360_60f	svtav1	svtav1_20191120_3ea18c2	60	59	54563.0	54.563	38.057333333333325	42.3895	45.0065	37.852821	42.30884	44.824402	78.701968	294369.0	4.90615	640	360	29.97	8	e033ed34868dbf1a409d48dcdb4c2505	e0eca5b40748082b60922e45e3de7efc	640	360	1801.0	9.0	881.0	749.0	False	False
Aerial_1920x1080_2997_10b	Aerial_1920x1080_2997_10b	svtav1	svtav1_20191120_3ea18c2	60	20	10296398.0	10296.398	43.60966666666669	46.05233333333333	45.36083333333334	43.576617000000006	46.037616	45.348323	96.419067	8213650.0	136.89416666666668	1920	1080	29.97	10	d7daccdbb4afa159845e4e23aa3afa44	fad6d440283f22323236e42db7cd6c7e	1920	1080	35366.0	12.0	11587.0	8780.0	False	False
Aerial_1920x1080_2997_10b	Aerial_1920x1080_2997_10b	svtav1	svtav1_20191120_3ea18c2	60	32	5413118.0	5413.118	41.833333333333336	44.85766666666669	44.327500000000015	41.786221	44.84399	44.316928	95.289574	5016455.0	83.60758333333334	1920	1080	29.97	10	fd29838c3a5be7c7baffdd3308cf1a78	4b07eaa8ff113b660badebfd7224e03b	1920	1080	29720.0	3.0	7741.0	6258.0	False	False
Aerial_1920x1080_2997_10b	Aerial_1920x1080_2997_10b	svtav1	svtav1_20191120_3ea18c2	60	43	3090564.0	3090.564	39.691333333333326	43.20483333333332	43.00083333333336	39.64073	43.197003	42.996598	93.161045	4470234.0	74.5039	1920	1080	29.97	10	4376679adefc318a556af102955348df	a17b66405a4a7049a3ef0c3a672036f4	1920	1080	29504.0	19.0	6423.0	6262.0	False	False
Aerial_1920x1080_2997_10b	Aerial_1920x1080_2997_10b	svtav1	svtav1_20191120_3ea18c2	60	55	1279032.0	1279.032	35.37850000000001	40.2336666666667	40.78116666666666	35.364016	40.231496	40.781087	86.257707	4592669.0	76.54448333333333	1920	1080	29.97	10	1a9a525195f8536f929601630774d141	57893925c238e2ea68e2f3199f1fb23e	1920	1080	36353.0	14.0	5996.0	8969.0	False	False
Aerial_1920x1080_2997_10b	Aerial_1920x1080_2997_10b	svtav1	svtav1_20191120_3ea18c2	60	59	705627.0	705.627	32.536166666666674	38.70950000000003	39.77749999999999	32.532487	38.70855100000001	39.777302	78.465758	6385611.0	106.42685	1920	1080	29.97	10	6fce6ceaf4a4fd997c4943259e2ad6bc	66b3d80101cc21bddc8082c78017f355	1920	1080	47113.0	10.0	6439.0	11802.0	False	False
Netflix_PierSeaside_1920x1080_60	Netflix_PierSeaside_1920x1080_60	svtav1	svtav1_20191120_3ea18c2	60	20	7809464.0	7809.463999999999	45.339666666666666	47.3385	45.43433333333333	45.321387	47.328025	45.422848	99.871058	9098264.0	151.63773333333333	1920	1080	60.0	8	2c4bda186169bcf76e3cf2cd766ba631	25927d32c420ec9b4e0b57f0a131490e	1920	1080	23139.0	34.0	16949.0	8420.0	False	False
Netflix_PierSeaside_1920x1080_60	Netflix_PierSeaside_1920x1080_60	svtav1	svtav1_20191120_3ea18c2	60	32	3306832.0	3306.832	43.650833333333345	46.580999999999996	44.86033333333332	43.606232	46.566854	44.844622	99.325769	4251120.0	70.852	1920	1080	60.0	8	f06daee6a512d6c57c662da7d2cc047e	d0f334b808936392e33554361d80e697	1920	1080	19087.0	14.0	10388.0	6391.0	False	False
Netflix_PierSeaside_1920x1080_60	Netflix_PierSeaside_1920x1080_60	svtav1	svtav1_20191120_3ea18c2	60	43	1540568.0	1540.568	41.689666666666675	45.40533333333333	44.03233333333333	41.625188	45.391964	44.018419	97.206058	4449689.0	74.16148333333334	1920	1080	60.0	8	86822920a306e977a763b4303cd98147	ab2d18d8d54aa3ccc4292674f3eb211f	1920	1080	22401.0	19.0	14417.0	9739.0	False	False
Netflix_PierSeaside_1920x1080_60	Netflix_PierSeaside_1920x1080_60	svtav1	svtav1_20191120_3ea18c2	60	55	604160.0	604.16	38.707166666666666	42.9395	42.16916666666667	38.651691	42.926307	42.160148	90.904445	2346578.0	39.109633333333335	1920	1080	60.0	8	af06f9151311c1b708a00be060fa3677	be342facdd19da33a53bae232ccb0fcb	1920	1080	14811.0	5.0	7504.0	5970.0	False	False
Netflix_PierSeaside_1920x1080_60	Netflix_PierSeaside_1920x1080_60	svtav1	svtav1_20191120_3ea18c2	60	59	356752.0	356.752	36.69316666666667	41.20899999999998	40.69466666666666	36.659628	41.202195	40.689085	83.949941	4950505.0	82.50841666666666	1920	1080	60.0	8	9493d87a1549dfea29ef9e32a528caf7	e13ab3cfc81c2e5277228227938b30d7	1920	1080	38960.0	5.0	7889.0	6601.0	False	False
DOTA2_60f_420	DOTA2_60f_420	svtav1	svtav1_20191120_3ea18c2	60	20	16305192.0	16305.192	45.524	49.293666666666674	49.407166666666676	45.496212	49.256212	49.378884	97.564804	10645977.0	177.43295	1920	1080	60.0	8	7a027407a3663f332335bda9f288f662	d0b4cc966737cbea458d7ef81d44e2fb	1920	1080	28134.0	55.0	10640.0	8710.0	False	False
DOTA2_60f_420	DOTA2_60f_420	svtav1	svtav1_20191120_3ea18c2	60	32	8273384.0	8273.384	43.21983333333334	47.26733333333334	47.48650000000001	43.162921	47.205617	47.444822	95.874606	8528447.0	142.14078333333333	1920	1080	60.0	8	91890a43b3b81ec3c7b54b910ffff378	fa67f80e7914de069539e7f7612c2d61	1920	1080	41348.0	22.0	8839.0	8119.0	False	False
DOTA2_60f_420	DOTA2_60f_420	svtav1	svtav1_20191120_3ea18c2	60	43	3985072.0	3985.072	40.532333333333334	44.754833333333366	45.094333333333324	40.459969	44.680331	45.047413	92.311727	4317591.0	71.95985	1920	1080	60.0	8	540ae148ec11620d921e8ec23b935a7e	4b915bcb487eb24da4a59c05651fd61e	1920	1080	16908.0	7.0	7065.0	6234.0	False	False
DOTA2_60f_420	DOTA2_60f_420	svtav1	svtav1_20191120_3ea18c2	60	55	1543152.0	1543.1519999999998	36.95283333333334	41.42199999999999	41.79083333333333	36.897246	41.367068	41.757645	82.747635	3910189.0	65.16981666666666	1920	1080	60.0	8	2b778ad1727887adcd0de55b3482b4a1	738efbfef612e6055fbd3a631199223b	1920	1080	16835.0	4.0	6738.0	7023.0	False	False
DOTA2_60f_420	DOTA2_60f_420	svtav1	svtav1_20191120_3ea18c2	60	59	911800.0	911.8	34.806000000000004	39.41366666666667	39.706333333333326	34.781517	39.389963	39.687486	73.280669	4482740.0	74.71233333333333	1920	1080	60.0	8	ca2b7477a183ddc627066790dc76331c	d417f64d56e478ece58957f4d65acc22	1920	1080	26458.0	5.0	5985.0	14407.0	False	False
Cosmos1_1920x856_BT2100_PQ_24fps	Cosmos1_1920x856_BT2100_PQ_24fps	svtav1	svtav1_20191120_3ea18c2	60	20	24855868.0	24855.868	42.274000000000015	45.07600000000001	47.5765	42.239023	45.029687	47.551278	99.439694	12946125.0	215.76875	1920	856	24.0	10	7206b2c6f9b9232d633e123276afe04b	a3b699181e6ccb2a30b0fdf60c7d68dd	1920	856	68235.0	25.0	42576.0	8557.0	False	False
Cosmos1_1920x856_BT2100_PQ_24fps	Cosmos1_1920x856_BT2100_PQ_24fps	svtav1	svtav1_20191120_3ea18c2	60	32	10090112.0	10090.112	38.374166666666675	42.937666666666665	45.84850000000001	38.255077	42.902935	45.831896	95.317347	10999242.0	183.3207	1920	856	24.0	10	5af3b3c33b69bfb1738ecabe42aec2bd	308903c981603bd751201ba9b032b155	1920	856	33694.0	29.0	34639.0	10694.0	False	False
Cosmos1_1920x856_BT2100_PQ_24fps	Cosmos1_1920x856_BT2100_PQ_24fps	svtav1	svtav1_20191120_3ea18c2	60	43	3815248.0	3815.248	35.46466666666666	41.279999999999994	44.063166666666675	35.376157	41.257535	44.053223	84.472622	5803848.0	96.7308	1920	856	24.0	10	44f189f79b426887bb362a1980d7d187	e6182f745be50824745b0340fb45b5cc	1920	856	25609.0	9.0	14459.0	4617.0	False	False
Cosmos1_1920x856_BT2100_PQ_24fps	Cosmos1_1920x856_BT2100_PQ_24fps	svtav1	svtav1_20191120_3ea18c2	60	55	1336252.0	1336.252	32.55666666666666	39.50033333333333	42.045666666666655	32.506023	39.489341	42.041973	64.198685	5000090.0	83.33483333333334	1920	856	24.0	10	879284520bc158f4af2156f885e5ec4a	5586e0ff75c045718ed79e9cbb484926	1920	856	26629.0	5.0	13332.0	5401.0	False	False
Cosmos1_1920x856_BT2100_PQ_24fps	Cosmos1_1920x856_BT2100_PQ_24fps	svtav1	svtav1_20191120_3ea18c2	60	59	813913.0	813.913	31.231333333333332	38.631166666666665	41.26433333333332	31.195215	38.622795	41.26149	52.403183	6864364.0	114.40606666666666	1920	856	24.0	10	9cca81e8c0d206ece877373a9382c569	2a5ce81a6025c8f643c08f0b35872add	1920	856	54494.0	6.0	11898.0	5409.0	False	False
Market3_1920x1080p_50_10b_pq_709	Market3_1920x1080p_50_10b_pq_709	svtav1	svtav1_20191120_3ea18c2	60	20	13943553.0	13943.552999999998	45.07833333333331	51.68866666666667	52.68166666666665	45.067086	51.683845	52.677273	99.85356699999998	10892071.0	181.53451666666666	1920	1080	50.0	10	ce31f313dc94879eed4a6abc4621c0a9	1bcd881755b5113f46827cdbb5ebccbd	1920	1080	43747.0	13.0	17233.0	11964.0	False	False
Market3_1920x1080p_50_10b_pq_709	Market3_1920x1080p_50_10b_pq_709	svtav1	svtav1_20191120_3ea18c2	60	32	7066766.0	7066.766	42.497666666666674	49.554166666666674	50.68083333333333	42.469834	49.54943	50.679144	98.897261	8136782.0	135.61303333333333	1920	1080	50.0	10	8be347e907609e40dd66f65f38c628ca	3a0d399c0718cfd566ba1b7f44c3cdf9	1920	1080	44294.0	7.0	13387.0	7374.0	False	False
Market3_1920x1080p_50_10b_pq_709	Market3_1920x1080p_50_10b_pq_709	svtav1	svtav1_20191120_3ea18c2	60	43	3623046.0	3623.046	39.65433333333333	47.532000000000004	48.83883333333333	39.618286	47.529705	48.83800800000001	95.679931	5436655.0	90.61091666666667	1920	1080	50.0	10	756dc7952ce6a54a187c63127560b216	dbda904ac0859f53608accfc89655869	1920	1080	27578.0	4.0	11522.0	6600.0	False	False
Market3_1920x1080p_50_10b_pq_709	Market3_1920x1080p_50_10b_pq_709	svtav1	svtav1_20191120_3ea18c2	60	55	1491833.0	1491.833	35.89116666666668	44.95650000000002	46.353833333333334	35.866673	44.956131	46.352792	87.341712	4725018.0	78.7503	1920	1080	50.0	10	b73271f6cdcb93fb16bd1bd7bb98463e	12eb2801def321899f9bccc7cf1f7a59	1920	1080	27652.0	29.0	10340.0	6603.0	False	False
Market3_1920x1080p_50_10b_pq_709	Market3_1920x1080p_50_10b_pq_709	svtav1	svtav1_20191120_3ea18c2	60	59	884000.0	884.0	33.80066666666667	43.449833333333316	45.02866666666663	33.790595	43.449263	45.024181	78.844854	6682176.0	111.3696	1920	1080	50.0	10	3169d3dd77086c2cd6f9aa9197addce7	cc8f68d602f94191dd4ab276748bd810	1920	1080	37075.0	7.0	10334.0	9109.0	False	False
touchdown_pass_1080p_60f	touchdown_pass_1080p_60f	svtav1	svtav1_20191120_3ea18c2	60	20	21041472.0	21041.472	40.76500000000001	48.095499999999994	48.248333333333335	40.724759	48.086885	48.240349	96.367561	10792309.0	179.87181666666666	1920	1080	29.97	8	cfd60728ee644f69b8a70b796fa895bd	bb5357d0892cf636a61c48d793e77d00	1920	1080	18112.0	34.0	26670.0	6435.0	False	False
touchdown_pass_1080p_60f	touchdown_pass_1080p_60f	svtav1	svtav1_20191120_3ea18c2	60	32	5207869.0	5207.869	38.74900000000001	47.440166666666684	47.57166666666667	38.727728	47.43255	47.563485	94.353214	6486482.0	108.10803333333334	1920	1080	29.97	8	f34bef54275c920244c736e5509e4278	a9353b962b7a635b60322c6dd7ba917e	1920	1080	17089.0	4.0	13705.0	6405.0	False	False
touchdown_pass_1080p_60f	touchdown_pass_1080p_60f	svtav1	svtav1_20191120_3ea18c2	60	43	2169152.0	2169.152	37.50483333333333	46.46016666666667	46.519999999999996	37.482853	46.454927	46.513369	91.4061	5387062.0	89.78436666666667	1920	1080	29.97	8	48ee7871b27b9cdffab4008ee8db443f	767f7226976ce2a8113e437fe70b24ef	1920	1080	20051.0	3.0	12288.0	7968.0	False	False
touchdown_pass_1080p_60f	touchdown_pass_1080p_60f	svtav1	svtav1_20191120_3ea18c2	60	55	866020.0	866.02	35.102833333333336	44.60516666666668	44.67216666666668	35.077012	44.600049	44.66581899999999	82.269259	5883016.0	98.05026666666667	1920	1080	29.97	8	3c8914e00f24e64deb1ffce3ec3b8465	79a7b396e206b638534fa30687073c98	1920	1080	23840.0	5.0	11384.0	14537.0	False	False
touchdown_pass_1080p_60f	touchdown_pass_1080p_60f	svtav1	svtav1_20191120_3ea18c2	60	59	526783.0	526.783	33.421499999999995	43.512999999999984	43.67783333333336	33.397693	43.511322	43.672207	72.458776	4054502.0	67.57503333333334	1920	1080	29.97	8	7b60f94af445deeab1c1722074ef65a1	b6b0762a3f56133a40948538f2892aa8	1920	1080	24684.0	11.0	9661.0	7391.0	False	False
ShowGirl2TeaserClip4000_1920x108	ShowGirl2TeaserClip4000_1920x108	svtav1	svtav1_20191120_3ea18c2	60	20	3265953.0	3265.953	42.3825	46.513666666666644	49.230999999999995	42.38141699999999	46.513203	49.231617	95.287458	9265081.0	154.41801666666666	1920	1080	25.0	10	2e6e2bee59c095ebd4b180d8d3acb65c	67d87d51db9cc3c2b922687d1cab92f2	1920	1080	48863.0	7.0	13089.0	7897.0	False	False
ShowGirl2TeaserClip4000_1920x108	ShowGirl2TeaserClip4000_1920x108	svtav1	svtav1_20191120_3ea18c2	60	32	1289500.0	1289.5	41.571999999999996	46.086999999999975	48.54783333333332	41.568976	46.086602	48.547533	93.25398	6300008.0	105.00013333333334	1920	1080	25.0	10	2845a61d88eff69441249ab0bde14641	99eba5c90f68da616e1b4aa5d186abf2	1920	1080	32549.0	13.0	10209.0	7377.0	False	False
ShowGirl2TeaserClip4000_1920x108	ShowGirl2TeaserClip4000_1920x108	svtav1	svtav1_20191120_3ea18c2	60	43	740650.0	740.65	40.73833333333334	45.81016666666666	48.13316666666669	40.726079	45.808617	48.132083	90.374906	7831688.0	130.52813333333333	1920	1080	25.0	10	31fd791eff61573680797e7e3d5c3baf	749e41b6d36a256c42324d74d452ef2b	1920	1080	41585.0	35.0	14096.0	11233.0	False	False
ShowGirl2TeaserClip4000_1920x108	ShowGirl2TeaserClip4000_1920x108	svtav1	svtav1_20191120_3ea18c2	60	55	319060.0	319.06	38.62583333333335	44.66800000000003	46.58683333333332	38.604122	44.667348	46.586143	82.120082	4417431.0	73.62385	1920	1080	25.0	10	db2a970800329383379596a47c20130e	09d53f13cc51d6208f91e72fd285c134	1920	1080	29358.0	28.0	6825.0	7091.0	False	False
ShowGirl2TeaserClip4000_1920x108	ShowGirl2TeaserClip4000_1920x108	svtav1	svtav1_20191120_3ea18c2	60	59	200190.0	200.19	37.03266666666668	43.57099999999999	45.412333333333336	37.015442	43.570747	45.411953	74.222017	3601588.0	60.026466666666664	1920	1080	25.0	10	30e1460e0b543cb11e4ff9963e3cb9a3	fe5bd7122ed1db4ef8a0a94a677b0a07	1920	1080	26910.0	4.0	5722.0	6567.0	False	False
Netflix_Boat_1920x1080_60fps_8bi	Netflix_Boat_1920x1080_60fps_8bi	svtav1	svtav1_20191120_3ea18c2	60	20	29874512.0	29874.512	43.73133333333332	46.158166666666666	47.8585	43.709205	46.131106	47.839184	99.908923	8916897.0	148.61495	1920	1080	60.0	8	0fc9403c8f17d555e700e4e4663288c2	476cb443dbc342526375ea77320f81d4	1920	1080	20003.0	11.0	14323.0	6398.0	False	False
Netflix_Boat_1920x1080_60fps_8bi	Netflix_Boat_1920x1080_60fps_8bi	svtav1	svtav1_20191120_3ea18c2	60	32	16998120.0	16998.12	41.350500000000004	44.72833333333334	46.21750000000001	41.297491	44.693481	46.192126	99.707381	8048719.0	134.14531666666667	1920	1080	60.0	8	cffad13301f0667655aabdda2ae45062	6d3cad1f1870e1122899d7d37a3c93df	1920	1080	21320.0	6.0	13657.0	6888.0	False	False
Netflix_Boat_1920x1080_60fps_8bi	Netflix_Boat_1920x1080_60fps_8bi	svtav1	svtav1_20191120_3ea18c2	60	43	9127416.0	9127.416	38.293	42.89166666666666	43.92233333333332	38.208452	42.864495	43.909152999999996	96.273273	5402215.0	90.03691666666667	1920	1080	60.0	8	a827a4c460e7a252bc485f3a42336d3b	4d8ec7d3615b17dba02d1a119c532a1c	1920	1080	18561.0	6.0	10412.0	6284.0	False	False
Netflix_Boat_1920x1080_60fps_8bi	Netflix_Boat_1920x1080_60fps_8bi	svtav1	svtav1_20191120_3ea18c2	60	55	3935104.0	3935.104	33.94666666666665	40.428333333333335	41.020333333333355	33.885908	40.408782	41.017562	86.67777499999998	5983585.0	99.72641666666667	1920	1080	60.0	8	6f186885648dcffd54f6c2ce6cd3a44a	7cb54686c1d16edbca6294f0a5eebd93	1920	1080	21312.0	14.0	9343.0	6346.0	False	False
Netflix_Boat_1920x1080_60fps_8bi	Netflix_Boat_1920x1080_60fps_8bi	svtav1	svtav1_20191120_3ea18c2	60	59	2570112.0	2570.112	31.776166666666665	39.04866666666666	39.626833333333316	31.743385	39.034665	39.624681	78.741208	5031891.0	83.86485	1920	1080	60.0	8	55fa1b7228079f7087d62331ad666ee0	4bcda3ac4aadab85ae02e94c02bc0a3e	1920	1080	19978.0	25.0	9067.0	6181.0	False	False
life_1080p30_60f	life_1080p30_60f	svtav1	svtav1_20191120_3ea18c2	60	20	12684540.0	12684.54	44.37016666666668	49.52516666666667	49.126166666666656	44.357287	49.517308	49.119859	99.448692	7365359.0	122.75598333333333	1920	1080	30.0	8	8a2fa4c58ca8effd9d2d29c39c4305a8	d1c93e6d26a5612f1b6b4b2d8c7e1ea0	1920	1080	16961.0	6.0	14189.0	6180.0	False	False
life_1080p30_60f	life_1080p30_60f	svtav1	svtav1_20191120_3ea18c2	60	32	6087188.0	6087.188	41.566999999999986	47.41333333333332	47.12933333333333	41.545679	47.400781	47.120418	97.758371	8290894.0	138.18156666666667	1920	1080	30.0	8	67b7a6df35d0998efb7d379185cded8a	ef863402487a2b207fad8e45df6b8260	1920	1080	21707.0	7.0	13891.0	7800.0	False	False
life_1080p30_60f	life_1080p30_60f	svtav1	svtav1_20191120_3ea18c2	60	43	2984444.0	2984.444	38.760499999999986	45.35633333333333	45.22983333333333	38.733656	45.336462	45.216008	94.539579	5267962.0	87.79936666666667	1920	1080	30.0	8	c157a1624fa9383d4afe144521e6588e	aec8858bedc3313178387fc5014ab948	1920	1080	18302.0	3.0	11395.0	6370.0	False	False
life_1080p30_60f	life_1080p30_60f	svtav1	svtav1_20191120_3ea18c2	60	55	1230864.0	1230.864	35.11	42.51083333333331	42.28383333333333	35.093821	42.493708	42.269723	87.197856	3786170.0	63.102833333333336	1920	1080	30.0	8	99922db588fafeac56bc7d4137b3db17	5f5505a0105c84e8c509b356843447ae	1920	1080	17718.0	4.0	9308.0	6051.0	False	False
life_1080p30_60f	life_1080p30_60f	svtav1	svtav1_20191120_3ea18c2	60	59	774852.0	774.852	33.43133333333333	40.973166666666664	40.5925	33.423376	40.964508	40.587482	80.777023	3563849.0	59.397483333333334	1920	1080	30.0	8	68ebd330b5c300afffa67cdb76e68be2	bfc72e5de352848705f6c9612613a981	1920	1080	16538.0	3.0	8874.0	6021.0	False	False
Netflix_Aerial_1920x1080_60fps_8	Netflix_Aerial_1920x1080_60fps_8	svtav1	svtav1_20191120_3ea18c2	60	20	22695112.0	22695.112	42.788666666666636	45.751666666666665	45.45199999999999	42.763299	45.738734	45.443364	96.711	23146423.0	385.77371666666664	1920	1080	60.0	8	745ce14a02805098777ab4d86433d221	234756039677d40d0558edfa54974e96	1920	1080	47321.0	8.0	28886.0	12203.0	False	False
Netflix_Aerial_1920x1080_60fps_8	Netflix_Aerial_1920x1080_60fps_8	svtav1	svtav1_20191120_3ea18c2	60	32	11198680.0	11198.68	40.889999999999986	44.5875	44.54966666666666	40.830993	44.573864	44.544875	94.573241	8500794.0	141.6799	1920	1080	60.0	8	7ebe4b5e259d87bf0e4026ad1314d92f	3b0006d671e5bbd42fa33a839e2cb920	1920	1080	18773.0	4.0	13613.0	6740.0	False	False
Netflix_Aerial_1920x1080_60fps_8	Netflix_Aerial_1920x1080_60fps_8	svtav1	svtav1_20191120_3ea18c2	60	43	5232560.0	5232.56	38.33050000000001	42.8165	43.27416666666666	38.262955	42.810764	43.271777	90.850579	4848184.0	80.80306666666667	1920	1080	60.0	8	c3930e1924210ec7a39be6ac2275ed05	b42248fbafddf6b08b2f0812d7abe467	1920	1080	23018.0	3.0	11169.0	6320.0	False	False
Netflix_Aerial_1920x1080_60fps_8	Netflix_Aerial_1920x1080_60fps_8	svtav1	svtav1_20191120_3ea18c2	60	55	1806920.0	1806.9200000000003	34.39416666666667	40.307	41.634	34.370514	40.302474	41.627917	81.034987	4298739.0	71.64565	1920	1080	60.0	8	df6b05f47d74fa802d082d3988ba0bf7	7511711a0790a118f0fa76afd24d6d4c	1920	1080	20662.0	7.0	10241.0	6461.0	False	False
Netflix_Aerial_1920x1080_60fps_8	Netflix_Aerial_1920x1080_60fps_8	svtav1	svtav1_20191120_3ea18c2	60	59	1053392.0	1053.392	32.52316666666667	39.15133333333333	40.889833333333314	32.515274	39.143523	40.879838	72.322684	5992332.0	99.8722	1920	1080	60.0	8	98e03040f58eb3e8146c2c1891fafa34	bdc7852074f8e991b0acba69245da0b2	1920	1080	29925.0	21.0	10213.0	8778.0	False	False
rush_hour_1080p25_60f	rush_hour_1080p25_60f	svtav1	svtav1_20191120_3ea18c2	60	20	5582570.0	5582.569999999999	43.09066666666667	46.89683333333333	48.89850000000001	43.089229	46.89477	48.895683	97.141151	9345580.0	155.75966666666667	1920	1080	25.0	8	9d158cef9e1c15f4264d712858f474d6	06b9fd551f9746aa2073a7132f3c1195	1920	1080	15722.0	5.0	21736.0	7189.0	False	False
rush_hour_1080p25_60f	rush_hour_1080p25_60f	svtav1	svtav1_20191120_3ea18c2	60	32	2658906.0	2658.906	42.223500000000016	45.93183333333332	47.690999999999995	42.219822	45.929364	47.685990999999994	93.504416	7070259.0	117.83765	1920	1080	25.0	8	9e0c3e92cc52abc3dcf4c1d2231acf2b	ff7e7eb526cdbcfeab393c39a6b4173e	1920	1080	15881.0	6.0	18660.0	7969.0	False	False
rush_hour_1080p25_60f	rush_hour_1080p25_60f	svtav1	svtav1_20191120_3ea18c2	60	43	1283386.0	1283.386	40.87716666666664	44.79949999999999	46.26783333333335	40.863268	44.796587	46.259527	86.339918	4938143.0	82.30238333333334	1920	1080	25.0	8	33a7d4325480e677d43c07f7dff7df2a	38e7337951ae09a7987cc73cb83364ab	1920	1080	14715.0	8.0	14763.0	7027.0	False	False
rush_hour_1080p25_60f	rush_hour_1080p25_60f	svtav1	svtav1_20191120_3ea18c2	60	55	564280.0	564.28	38.74150000000001	43.112166666666646	44.16533333333333	38.711305	43.107131	44.152655	73.725786	3712589.0	61.87648333333333	1920	1080	25.0	8	a2a8a99f8790b441faedccd79dd2b65d	ff672f73491876c3b9ca7e723fbad677	1920	1080	17375.0	8.0	11484.0	7562.0	False	False
rush_hour_1080p25_60f	rush_hour_1080p25_60f	svtav1	svtav1_20191120_3ea18c2	60	59	389373.0	389.373	37.57083333333332	42.06666666666668	43.02283333333334	37.539556999999995	42.06115	43.010639	66.291413	2597568.0	43.2928	1920	1080	25.0	8	5ee84ba6d91163817a3ffc45cf9546c2	fb3f9095c00d13af562bebb5c8a46bec	1920	1080	13369.0	5.0	9158.0	6538.0	False	False
ducks_1920x1080_50fps_10b	ducks_1920x1080_50fps_10b	svtav1	svtav1_20191120_3ea18c2	60	20	124592993.0	124592.993	39.345666666666666	39.54816666666666	41.677999999999976	39.32567000000001	39.531714	41.660146000000005	98.925155	17560957.0	292.68261666666666	1920	1080	50.0	10	688c0cc1e12de8f6449b5802ba71ad42	218f4905878bc92a5ce2ff272a95a24d	1920	1080	52259.0	18.0	61123.0	8856.0	False	False
ducks_1920x1080_50fps_10b	ducks_1920x1080_50fps_10b	svtav1	svtav1_20191120_3ea18c2	60	32	35898593.0	35898.593	35.387166666666666	37.036500000000004	40.02816666666668	35.356682	37.012498	40.015277	93.67456	10344813.0	172.41355	1920	1080	50.0	10	32ab8821ea3bb8364c4d5a5d1628d6eb	ddada809de30c9d90162b04a6358991a	1920	1080	31216.0	4.0	31230.0	6888.0	False	False
ducks_1920x1080_50fps_10b	ducks_1920x1080_50fps_10b	svtav1	svtav1_20191120_3ea18c2	60	43	11642260.0	11642.26	33.22433333333333	35.2585	38.658666666666676	33.200556	35.221735	38.649712	84.761455	8265942.0	137.7657	1920	1080	50.0	10	2d76a8ae5348fc411c26746eefc804ca	63d14a9889f6fef923457766a08f9c1a	1920	1080	45251.0	6.0	21054.0	6603.0	False	False
ducks_1920x1080_50fps_10b	ducks_1920x1080_50fps_10b	svtav1	svtav1_20191120_3ea18c2	60	55	4027600.0	4027.6	30.64483333333333	33.22933333333333	37.22866666666667	30.612767	33.190627	37.225244	67.580043	7779950.0	129.66583333333332	1920	1080	50.0	10	ec546aefa72daec9be7b86029b32b564	094ae51c28a8c378337aab0c0ebed2df	1920	1080	39481.0	12.0	21100.0	10587.0	False	False
ducks_1920x1080_50fps_10b	ducks_1920x1080_50fps_10b	svtav1	svtav1_20191120_3ea18c2	60	59	2574400.0	2574.4	29.43266666666667	32.321666666666665	36.63849999999999	29.400676	32.290431	36.635411	57.924282999999996	7983498.0	133.0583	1920	1080	50.0	10	f0e7a0d5a0e315ecc97e18890d3ba949	1a3b9b6593fe732b631b9aa8ffd3ea38	1920	1080	48354.0	21.0	17060.0	7419.0	False	False
Netflix_TunnelFlag_1920x1080_60f	Netflix_TunnelFlag_1920x1080_60f	svtav1	svtav1_20191120_3ea18c2	60	20	28112288.0	28112.288	42.85100000000002	46.86983333333332	48.39133333333332	42.833345	46.861715	48.388492	99.931663	13262667.0	221.04445	1920	1080	60.0	8	30e1ef0ee2ff1391c265781761a2a324	97010c65bc72338c44592cd2c9172a51	1920	1080	21295.0	6.0	23487.0	7590.0	False	False
Netflix_TunnelFlag_1920x1080_60f	Netflix_TunnelFlag_1920x1080_60f	svtav1	svtav1_20191120_3ea18c2	60	32	14105496.0	14105.496000000001	40.547000000000004	45.28166666666666	47.07299999999998	40.51001	45.27704099999999	47.071076999999995	99.916486	10972786.0	182.87976666666665	1920	1080	60.0	8	4fda2101331fa4246f516152bd57e4c9	6270286fe0b82543064aa470e9122924	1920	1080	26138.0	46.0	23728.0	11932.0	False	False
Netflix_TunnelFlag_1920x1080_60f	Netflix_TunnelFlag_1920x1080_60f	svtav1	svtav1_20191120_3ea18c2	60	43	6997288.0	6997.288	38.005166666666675	43.277499999999996	45.40716666666666	37.955555	43.272295	45.403778	99.879566	8827702.0	147.12836666666666	1920	1080	60.0	8	42f8cf2fdc57e1c8b3c8204f1e1e8972	89e5a017156e9ac2145d4047b888bccc	1920	1080	21292.0	17.0	31274.0	12246.0	False	False
Netflix_TunnelFlag_1920x1080_60f	Netflix_TunnelFlag_1920x1080_60f	svtav1	svtav1_20191120_3ea18c2	60	55	3314152.0	3314.152	35.06299999999999	40.351833333333346	42.63466666666668	35.03047	40.349824	42.631486	99.779015	4162144.0	69.36906666666667	1920	1080	60.0	8	6bd6c68974b43a73782573130251a115	4ff270bcf558eaf7610e86db7084da70	1920	1080	19565.0	3.0	13544.0	6563.0	False	False
Netflix_TunnelFlag_1920x1080_60f	Netflix_TunnelFlag_1920x1080_60f	svtav1	svtav1_20191120_3ea18c2	60	59	2438680.0	2438.68	33.61016666666667	38.937	40.94000000000001	33.590764	38.934206	40.937292	99.641463	3496726.0	58.27876666666667	1920	1080	60.0	8	77f18b9d81e1ccc01c822646e2b87692	c22c08697010b72ee61022970a4a8341	1920	1080	16582.0	4.0	13159.0	6415.0	False	False
ToddlerFountn_1920x1080_2997_10b	ToddlerFountn_1920x1080_2997_10b	svtav1	svtav1_20191120_3ea18c2	60	20	60516010.0	60516.01	41.47783333333333	46.559833333333344	44.01799999999999	41.420823	46.546091	43.988311	99.903977	10613583.0	176.89305	1920	1080	29.97	10	3f595035036740e7805d1a5db42e87c7	58bc4fec422ca90adf5419addbf85f0b	1920	1080	30455.0	9.0	34743.0	6500.0	False	False
ToddlerFountn_1920x1080_2997_10b	ToddlerFountn_1920x1080_2997_10b	svtav1	svtav1_20191120_3ea18c2	60	32	30409690.0	30409.69	37.28466666666668	45.040333333333336	42.07516666666666	37.187846	45.031021	42.0532	99.875267	14462438.0	241.04063333333335	1920	1080	29.97	10	0703a003a8efcce379baa9ab7002ffd7	d1a76cb1fa6827b8e4f987655888403f	1920	1080	42983.0	26.0	38495.0	10587.0	False	False
ToddlerFountn_1920x1080_2997_10b	ToddlerFountn_1920x1080_2997_10b	svtav1	svtav1_20191120_3ea18c2	60	43	13394225.0	13394.225	33.55849999999999	43.56516666666667	40.58616666666667	33.472036	43.558996	40.574961	89.923638	7218449.0	120.30748333333334	1920	1080	29.97	10	9626f3796084b56c9ead1b23f4b933bd	7fcd7d8395cd58e330d77570bcb21677	1920	1080	28777.0	4.0	24199.0	6542.0	False	False
ToddlerFountn_1920x1080_2997_10b	ToddlerFountn_1920x1080_2997_10b	svtav1	svtav1_20191120_3ea18c2	60	55	4769344.0	4769.344	30.124333333333333	41.907833333333336	39.3295	30.075915	41.905807	39.326359	67.398018	6380833.0	106.34721666666667	1920	1080	29.97	10	340fca4f529becac6676bdf11cf39406	1aff22a5fbb18ef5a1098035d11230b6	1920	1080	28509.0	4.0	19562.0	6628.0	False	False
ToddlerFountn_1920x1080_2997_10b	ToddlerFountn_1920x1080_2997_10b	svtav1	svtav1_20191120_3ea18c2	60	59	2983560.0	2983.56	28.887833333333326	41.349	38.94666666666668	28.851208	41.347439	38.943702	55.940971	8232379.0	137.20631666666668	1920	1080	29.97	10	40709ebdb71c01b683e8b9642ff6a978	2c7cd10b63d5ec1d5894ccd6129f0fa2	1920	1080	62891.0	9.0	19615.0	7414.0	False	False
ducks_take_off_1080p50_60f	ducks_take_off_1080p50_60f	svtav1	svtav1_20191120_3ea18c2	60	20	114866040.0	114866.04	38.922000000000004	39.29033333333335	41.34883333333333	38.901732	39.273394	41.326849	98.761332	19606960.0	326.78266666666667	1920	1080	50.0	8	18d7fac5aa4b5f88abf03ff60b24f7bf	a8b023705c02eb5c8f50332aa3000877	1920	1080	26713.0	8.0	39967.0	7557.0	False	False
ducks_take_off_1080p50_60f	ducks_take_off_1080p50_60f	svtav1	svtav1_20191120_3ea18c2	60	32	33764126.0	33764.126	35.280833333333334	36.99616666666667	39.9235	35.248799	36.972564	39.909994	93.898256	11143020.0	185.717	1920	1080	50.0	8	3f8d19b383094111b0367733bf23cb24	fe08d2a3a8c2c3792e948a43dc5154f1	1920	1080	21722.0	3.0	26791.0	6197.0	False	False
ducks_take_off_1080p50_60f	ducks_take_off_1080p50_60f	svtav1	svtav1_20191120_3ea18c2	60	43	11131966.0	11131.965999999999	33.15233333333333	35.17816666666667	38.505500000000005	33.128197	35.142767	38.495586	84.954115	10044140.0	167.40233333333333	1920	1080	50.0	8	40d96e08ffd9c73aaf5ee6d33c16bff8	5ccc8ce4cc456b17a3cc30c6952a2feb	1920	1080	26740.0	15.0	22510.0	7738.0	False	False
ducks_take_off_1080p50_60f	ducks_take_off_1080p50_60f	svtav1	svtav1_20191120_3ea18c2	60	55	3937566.0	3937.566	30.604666666666677	33.157833333333336	37.08383333333334	30.573484	33.124091	37.079529	67.802093	5749885.0	95.83141666666667	1920	1080	50.0	8	fb55004bbc91925a515f10c36c7b29c4	a557ddc5720840fb4b0bad1026b905ee	1920	1080	22150.0	3.0	15623.0	6586.0	False	False
ducks_take_off_1080p50_60f	ducks_take_off_1080p50_60f	svtav1	svtav1_20191120_3ea18c2	60	59	2528700.0	2528.7	29.408500000000004	32.278333333333336	36.484500000000004	29.376477	32.25015	36.480551	58.183143	7222069.0	120.36781666666667	1920	1080	50.0	8	af55ac1741a796e199f40b73b9765b72	3876b32a2d1c90ec5781064f7f49bd5f	1920	1080	28885.0	6.0	16243.0	8710.0	False	False
wikipedia_420	wikipedia_420	svtav1	svtav1_20191120_3ea18c2	60	20	1689304.0	1689.304	55.8735	52.99466666666669	53.937000000000005	55.855625	52.834969	53.879428	99.837628	13605556.0	226.75926666666666	1920	1080	30.0	8	944950aa5e613e9e79508a6d4573e406	fc32b018280a0c47c6b967c314625e8e	1920	1080	15915.0	27.0	2753.0	7770.0	False	False
wikipedia_420	wikipedia_420	svtav1	svtav1_20191120_3ea18c2	60	32	908316.0	908.316	51.221999999999966	50.8095	51.99400000000001	51.212055	50.583772	51.934147	99.821485	10015545.0	166.92575	1920	1080	30.0	8	f333c9072d3119abd4c6c041e38ec61d	ed6d700d8212475592735e530399eb6e	1920	1080	21211.0	9.0	1840.0	5640.0	False	False
wikipedia_420	wikipedia_420	svtav1	svtav1_20191120_3ea18c2	60	43	615404.0	615.404	48.76966666666666	48.833000000000006	50.280666666666654	48.753583	48.683173	50.234357	99.793668	9510425.0	158.50708333333333	1920	1080	30.0	8	0203adbb243e3eb599d9bbd8ac73694f	a2a520d53b6eb1f95b33ff9504dfedbb	1920	1080	12091.0	3.0	2261.0	5840.0	False	False
wikipedia_420	wikipedia_420	svtav1	svtav1_20191120_3ea18c2	60	55	413936.0	413.936	44.16816666666666	46.03433333333334	47.382333333333335	44.154753	45.986263	47.359799	99.61329499999998	9337053.0	155.61755	1920	1080	30.0	8	afd9b68215fd476e3a5ef623c94a7f10	1d57497357233f4a3fddc01c41821606	1920	1080	11668.0	4.0	2173.0	5855.0	False	False
wikipedia_420	wikipedia_420	svtav1	svtav1_20191120_3ea18c2	60	59	332660.0	332.66	41.21916666666666	43.965833333333315	45.43316666666668	41.20444	43.931172	45.403672	99.333192	9467044.0	157.78406666666666	1920	1080	30.0	8	6ed616f7ce48110846898d86184d9d0b	57429e833e9086a141d3243050304e7b	1920	1080	11795.0	7.0	2174.0	5777.0	False	False
MINECRAFT_60f_420	MINECRAFT_60f_420	svtav1	svtav1_20191120_3ea18c2	60	20	85342720.0	85342.72	43.441333333333326	46.153833333333324	46.60750000000001	43.275806	45.998888	46.485959	99.951649	21315276.0	355.2546	1920	1080	60.0	8	dc08745429c77eef55c8dedcd0d46be6	8b330b78d1e87469c807990478121148	1920	1080	26204.0	6.0	30133.0	7302.0	False	False
MINECRAFT_60f_420	MINECRAFT_60f_420	svtav1	svtav1_20191120_3ea18c2	60	32	50897160.0	50897.16	39.3095	44.401833333333336	44.74683333333332	39.036997	44.278225	44.6543	99.926277	18570858.0	309.5143	1920	1080	60.0	8	3dcce95bd6bd6ffa2b2ec786a4b182e5	36bc54243ccf4371ac694742a25679ca	1920	1080	22508.0	4.0	28187.0	7567.0	False	False
MINECRAFT_60f_420	MINECRAFT_60f_420	svtav1	svtav1_20191120_3ea18c2	60	43	23611384.0	23611.384	34.99633333333334	42.74816666666667	42.91199999999999	34.680608	42.660457	42.842367	96.717154	17217129.0	286.95215	1920	1080	60.0	8	a6235e1de9cd1ed44c24ec16a7e03672	3563662c42b4efc09bd0a762ee1d32ab	1920	1080	22726.0	7.0	19892.0	8414.0	False	False
MINECRAFT_60f_420	MINECRAFT_60f_420	svtav1	svtav1_20191120_3ea18c2	60	55	8848632.0	8848.632	31.511833333333335	40.64483333333333	40.63016666666667	31.331707	40.599099	40.591006	83.355656	14155807.0	235.93011666666666	1920	1080	60.0	8	8a50d45df296341e639904ac7edb1186	b14d631143003c1d7a83210c9a551b21	1920	1080	22518.0	8.0	14160.0	8180.0	False	False
MINECRAFT_60f_420	MINECRAFT_60f_420	svtav1	svtav1_20191120_3ea18c2	60	59	5493080.0	5493.08	30.23683333333333	39.310666666666656	39.283500000000004	30.134104	39.286399	39.255003	75.124527	16131221.0	268.8536833333333	1920	1080	60.0	8	26e869b08197262d80d3d638551c5259	33891557de78aebc67d12621d134c505	1920	1080	21421.0	4.0	10916.0	6525.0	False	False
