blue_sky_360p_60f	blue_sky_360p_60f	svtav1	svtav1_20191201_d8c5bc2	60	20	1323530.0	1323.53	44.22783333333332	45.582333333333324	47.27983333333334	44.188509	45.531679000000004	47.241653	99.92466600000002	1328448.0	22.1408	640	360	25.0	8	f6bb13b172ef07cdd80dc45515464e9f	65e89c3aff9d76107e0f191e47f854b3	640	360	3025.0	5.0	3920.0	576.0	False	False
blue_sky_360p_60f	blue_sky_360p_60f	svtav1	svtav1_20191201_d8c5bc2	60	32	686790.0	686.7899999999998	41.543	43.53499999999999	45.232833333333346	41.468109	43.4795	45.19179900000001	99.919627	821672.0	13.694533333333334	640	360	25.0	8	b05942fd2e84a9ad7bf3cad13438add4	4330f4f12b0a8cba0eacff4cc7a3cae9	640	360	2490.0	8.0	1980.0	583.0	False	False
blue_sky_360p_60f	blue_sky_360p_60f	svtav1	svtav1_20191201_d8c5bc2	60	43	364046.0	364.046	38.77083333333334	41.0815	42.782500000000006	38.665616	41.027242	42.74313399999999	99.626962	943195.0	15.719916666666666	640	360	25.0	8	562c027586bada4cdddae6a89325bb64	336e58796ab952ae5f4de73f9813ac21	640	360	2861.0	6.0	1757.0	803.0	False	False
blue_sky_360p_60f	blue_sky_360p_60f	svtav1	svtav1_20191201_d8c5bc2	60	55	163790.0	163.79	35.1195	37.2915	39.40066666666667	35.041585000000005	37.262749	39.385718	93.585357	600780.0	10.013	640	360	25.0	8	c2142e0582f2448aa39c334fbbcb10b7	a415f217fd6f8c8b93cb07e5384e22c2	640	360	3888.0	3.0	1637.0	633.0	False	False
blue_sky_360p_60f	blue_sky_360p_60f	svtav1	svtav1_20191201_d8c5bc2	60	59	105043.0	105.04299999999999	32.69383333333334	35.549	38.233500000000014	32.662701	35.537328	38.223448	86.847847	442729.0	7.378816666666666	640	360	25.0	8	b027833d91f87132415f3922e62456b9	158cd874f2ab5ed8f418194e1496416e	640	360	2278.0	4.0	1594.0	535.0	False	False
kirland360p_60f	kirland360p_60f	svtav1	svtav1_20191201_d8c5bc2	60	20	298668.0	298.668	47.45083333333332	48.4405	49.70649999999998	47.380758	48.41849	49.684218	96.118408	1704241.0	28.404016666666667	640	360	30.0	8	eb2dd163af698cd2705f29cec725f934	cd99f42199bebed8c81db42475de1296	640	360	4164.0	8.0	1659.0	1785.0	False	False
kirland360p_60f	kirland360p_60f	svtav1	svtav1_20191201_d8c5bc2	60	32	146308.0	146.308	46.19933333333333	47.980666666666664	48.92233333333334	46.07089899999999	47.960759	48.89801	94.99482000000002	533664.0	8.8944	640	360	30.0	8	14eb1524df6847e27f0b571e41a751af	cf65aeb51a50ec26e33da5a2ce79039b	640	360	1650.0	4.0	724.0	580.0	False	False
kirland360p_60f	kirland360p_60f	svtav1	svtav1_20191201_d8c5bc2	60	43	75352.0	75.352	44.293833333333325	47.2726666666667	47.849000000000025	44.023876	47.230433	47.737231	92.081035	394930.0	6.582166666666667	640	360	30.0	8	9a90cd20da65eecc209fb85665cea0f0	10ece4c8c5a285bac79bd779edce2c32	640	360	1662.0	3.0	566.0	591.0	False	False
kirland360p_60f	kirland360p_60f	svtav1	svtav1_20191201_d8c5bc2	60	55	40604.0	40.604	41.414333333333346	46.24283333333332	46.115	41.055533	46.14727	45.842385	85.88544699999998	403882.0	6.731366666666666	640	360	30.0	8	940cf84de80ea2b2123a956219066c4e	3b1d2538dd14ba0918ac2efa80fe233f	640	360	2664.0	5.0	474.0	1019.0	False	False
kirland360p_60f	kirland360p_60f	svtav1	svtav1_20191201_d8c5bc2	60	59	30416.0	30.416	39.634	45.33766666666667	44.97116666666663	39.230354	45.181617	44.653494	79.646082	323693.0	5.3948833333333335	640	360	30.0	8	fc9c5dfca908b574ba657dbcd8fb77f1	2a67a9d92102f94611ad01e2f6fa4c15	640	360	1709.0	5.0	437.0	537.0	False	False
speed_bag_640x360_60f	speed_bag_640x360_60f	svtav1	svtav1_20191201_d8c5bc2	60	20	481445.0	481.445	47.03916666666668	49.78566666666665	51.21183333333335	46.967486	49.738601	51.157529	98.310167	976397.0	16.27328333333333	640	360	29.97	8	ce09d012766d1af5cb4e636854595a3c	478f3c88ea9727b0c753ebe2ebc9fb61	640	360	3135.0	4.0	1593.0	605.0	False	False
speed_bag_640x360_60f	speed_bag_640x360_60f	svtav1	svtav1_20191201_d8c5bc2	60	32	258526.0	258.526	45.2545	48.557333333333325	50.155999999999985	45.136996	48.482158	50.054755	97.491229	615678.0	10.2613	640	360	29.97	8	9f89be4c4c55e2a1cbf33c803aa11710	b457345a6fe259cce63bc026ca34d464	640	360	1730.0	3.0	1395.0	617.0	False	False
speed_bag_640x360_60f	speed_bag_640x360_60f	svtav1	svtav1_20191201_d8c5bc2	60	43	145312.0	145.312	43.23883333333334	46.92600000000001	48.77716666666666	43.022038	46.814962	48.624660999999996	95.00036299999998	514779.0	8.57965	640	360	29.97	8	a4dd594f861e94d92ce42b4521d3069f	d9b7ade6c1faaaa5249e788c854c292f	640	360	1879.0	5.0	1226.0	639.0	False	False
speed_bag_640x360_60f	speed_bag_640x360_60f	svtav1	svtav1_20191201_d8c5bc2	60	55	73337.0	73.337	39.98933333333334	44.092	46.42533333333335	39.719854000000005	43.978173	46.239326	86.06882	620576.0	10.342933333333333	640	360	29.97	8	da7f9429a016f1ce0e019a8e7b7bc47c	48eba1ddc3e3c881f806ec488c870ca3	640	360	1798.0	6.0	2114.0	848.0	False	False
speed_bag_640x360_60f	speed_bag_640x360_60f	svtav1	svtav1_20191201_d8c5bc2	60	59	53559.0	53.559	38.08133333333335	42.449999999999996	45.06733333333332	37.866586	42.374177	44.872212	78.525292	435778.0	7.262966666666666	640	360	29.97	8	bef1407ea8529a05e7f45caa67bd247f	50c72b5227741951f561ea7fa3fb1839	640	360	1687.0	3.0	936.0	595.0	False	False
thaloundeskmtg360p_60f	thaloundeskmtg360p_60f	svtav1	svtav1_20191201_d8c5bc2	60	20	922228.0	922.228	44.765000000000015	48.804166666666674	48.81766666666666	44.613443	48.751326	48.782762	96.977605	1333662.0	22.2277	640	360	30.0	8	113793e38e88a11dbda238412b65cde5	4d5ac57789d771323e9ab4e5c3521c4d	640	360	2719.0	5.0	2160.0	832.0	False	False
thaloundeskmtg360p_60f	thaloundeskmtg360p_60f	svtav1	svtav1_20191201_d8c5bc2	60	32	485372.0	485.372	43.23716666666667	47.59250000000001	47.66749999999998	43.001934	47.543178	47.640015999999996	95.859533	724887.0	12.08145	640	360	30.0	8	7629dc0f1fe08332847ba1402cab6a1e	0b71ec5d550bd825bccad9de9e55880a	640	360	2225.0	4.0	1022.0	612.0	False	False
thaloundeskmtg360p_60f	thaloundeskmtg360p_60f	svtav1	svtav1_20191201_d8c5bc2	60	43	264992.0	264.992	41.20699999999999	45.98583333333334	46.08399999999999	40.896762	45.948708	46.062191	93.859816	751136.0	12.518933333333333	640	360	30.0	8	6344eb95a542a56ac23a5b61e1f6291a	f9d66fa2534ad8902c64fc605e3e5864	640	360	2254.0	5.0	860.0	663.0	False	False
thaloundeskmtg360p_60f	thaloundeskmtg360p_60f	svtav1	svtav1_20191201_d8c5bc2	60	55	128168.0	128.168	37.780166666666666	42.948	42.96900000000001	37.541094	42.92986	42.953035	88.152088	396318.0	6.6053	640	360	30.0	8	1a7c6b9222410b6fa0afc5af847e7485	36c4c072830764e49a3f3ba56773a944	640	360	2244.0	3.0	763.0	639.0	False	False
thaloundeskmtg360p_60f	thaloundeskmtg360p_60f	svtav1	svtav1_20191201_d8c5bc2	60	59	87276.0	87.276	35.564166666666665	41.101166666666664	41.24816666666666	35.242816999999995	41.090145	41.234356	82.221669	396970.0	6.6161666666666665	640	360	30.0	8	f7eebfb33d06fb4a25bf0f401a83dc4d	16b5b6ad85ea02dfa14dfdc25f9ecdef	640	360	2503.0	11.0	677.0	632.0	False	False
KristenAndSara_1280x720_60_10b	KristenAndSara_1280x720_60_10b	svtav1	svtav1_20191201_d8c5bc2	60	20	2878504.0	2878.504	44.716	49.21483333333334	50.23333333333334	44.712586	49.214446	50.232464	96.931871	4367130.0	72.7855	1280	720	60.0	10	fbf70803713f88548aaee6eb2de13145	248d4f93aceb8c9d3a7b6b8d5cf51a67	1280	720	15616.0	4.0	4792.0	5177.0	False	False
KristenAndSara_1280x720_60_10b	KristenAndSara_1280x720_60_10b	svtav1	svtav1_20191201_d8c5bc2	60	32	1128360.0	1128.36	43.36066666666669	48.13999999999999	49.15600000000002	43.354573	48.139387000000006	49.155452	95.933548	3759603.0	62.66005	1280	720	60.0	10	ccb946a7fb75ca92edad4cdb462b277a	c3f89c6715ef457c051e027dae9951ad	1280	720	13980.0	5.0	6040.0	3632.0	False	False
KristenAndSara_1280x720_60_10b	KristenAndSara_1280x720_60_10b	svtav1	svtav1_20191201_d8c5bc2	60	43	673480.0	673.48	42.25083333333334	47.558833333333354	48.48233333333334	42.233004	47.55455	48.47962	94.69102	2145724.0	35.76206666666667	1280	720	60.0	10	7b966d2901207f6308cfa01f17aa1d44	65ba53c161db1587713283eadd72ab45	1280	720	10867.0	4.0	3829.0	5188.0	False	False
KristenAndSara_1280x720_60_10b	KristenAndSara_1280x720_60_10b	svtav1	svtav1_20191201_d8c5bc2	60	55	310664.0	310.664	39.54366666666666	45.08816666666665	46.15166666666666	39.522299	45.081371	46.145013	89.435524	1471975.0	24.532916666666665	1280	720	60.0	10	c8d48c327ac9cd56eec2efd346b61ee0	35ef5e55b4b7c0799c9f1bd97342ee05	1280	720	11054.0	5.0	3012.0	2799.0	False	False
KristenAndSara_1280x720_60_10b	KristenAndSara_1280x720_60_10b	svtav1	svtav1_20191201_d8c5bc2	60	59	202464.0	202.464	37.565833333333345	43.26083333333335	44.395666666666656	37.550484	43.256788	44.392455	83.441232	2575784.0	42.92973333333333	1280	720	60.0	10	30963a63943130b391f42feee6fe09a2	62af37655c61440f4ecc226134be27ac	1280	720	15339.0	5.0	2997.0	5791.0	False	False
Starting_1920x1080p_50_10b_pq_70	Starting_1920x1080p_50_10b_pq_70	svtav1	svtav1_20191201_d8c5bc2	60	20	4961720.0	4961.72	47.00150000000001	49.878000000000014	51.63066666666666	46.949663	49.812862	51.533449	96.81414	4243935.0	70.73225	1920	1080	50.0	10	55f0e35ba4bc37b918ad87182de23997	c552a45ad2f3112bebac976d65d76706	1920	1080	23469.0	5.0	8979.0	6170.0	False	False
Starting_1920x1080p_50_10b_pq_70	Starting_1920x1080p_50_10b_pq_70	svtav1	svtav1_20191201_d8c5bc2	60	32	2497966.0	2497.966	45.53316666666669	48.78483333333334	50.18483333333334	45.463916	48.737735	50.126098	95.749212	4632708.0	77.2118	1920	1080	50.0	10	4c129b601579db2346dc27c48d035853	bfb28c06686c3f865fcc70a0700a62c0	1920	1080	26307.0	16.0	8593.0	7148.0	False	False
Starting_1920x1080p_50_10b_pq_70	Starting_1920x1080p_50_10b_pq_70	svtav1	svtav1_20191201_d8c5bc2	60	43	1405033.0	1405.033	43.65533333333331	47.49633333333334	48.418666666666674	43.572865	47.484007	48.403899	93.757237	3535903.0	58.93171666666667	1920	1080	50.0	10	9b293bcb7a57c825a499a8dd74487bb8	4594f0e83e68f1f1123f73d384492c33	1920	1080	23788.0	4.0	8187.0	7022.0	False	False
Starting_1920x1080p_50_10b_pq_70	Starting_1920x1080p_50_10b_pq_70	svtav1	svtav1_20191201_d8c5bc2	60	55	564693.0	564.693	39.52283333333335	44.859999999999985	45.05433333333333	39.475618000000004	44.859266	45.053883	86.072619	3052880.0	50.88133333333333	1920	1080	50.0	10	ed21c1b67d2e18482347618da3d09c55	be86b519f3a092c996bcae6efed079ad	1920	1080	25008.0	5.0	7399.0	6463.0	False	False
Starting_1920x1080p_50_10b_pq_70	Starting_1920x1080p_50_10b_pq_70	svtav1	svtav1_20191201_d8c5bc2	60	59	331686.0	331.686	36.89966666666667	43.28650000000002	43.40650000000001	36.87962	43.28684	43.406405	77.724035	2496098.0	41.60163333333333	1920	1080	50.0	10	72c564d2878a8cec93288881150bcc69	fa6d1923d06d6316459db91bf228c2c8	1920	1080	23247.0	5.0	6795.0	6385.0	False	False
KristenAndSara_1280x720_60f	KristenAndSara_1280x720_60f	svtav1	svtav1_20191201_d8c5bc2	60	20	3406864.0	3406.864	44.68150000000001	49.01233333333332	49.918999999999976	44.675683	49.010488	49.917618	96.952814	4014809.0	66.91348333333333	1280	720	60.0	8	f57cdb871bd87d51631783a62284d674	2ee7579aaa081597cddd53d926001439	1280	720	7083.0	5.0	4805.0	2966.0	False	False
KristenAndSara_1280x720_60f	KristenAndSara_1280x720_60f	svtav1	svtav1_20191201_d8c5bc2	60	32	1340680.0	1340.68	43.51449999999998	48.30816666666668	49.19733333333333	43.505228	48.305978	49.195176	96.07443200000002	2155987.0	35.93311666666666	1280	720	60.0	8	a23d825d2ef7fe885302fd412324561d	3b79d9a266d1a5017e9a9558803e6c60	1280	720	9300.0	7.0	3133.0	2503.0	False	False
KristenAndSara_1280x720_60f	KristenAndSara_1280x720_60f	svtav1	svtav1_20191201_d8c5bc2	60	43	712856.0	712.856	42.23333333333333	47.27083333333335	48.1805	42.218274	47.267789	48.1771	94.571538	1996068.0	33.2678	1280	720	60.0	8	d30d30d9b4639bb47ab3e5633e0b7025	459daa0deb86aaf905ecedf191fa5833	1280	720	6927.0	6.0	2979.0	2686.0	False	False
KristenAndSara_1280x720_60f	KristenAndSara_1280x720_60f	svtav1	svtav1_20191201_d8c5bc2	60	55	317480.0	317.4800000000001	39.56616666666666	44.852499999999985	45.897166666666635	39.546331	44.847295	45.893606	89.539692	1690273.0	28.171216666666666	1280	720	60.0	8	5892ff7f10ff4d1898acea5b8635b8a9	7a71e300bb840b6e9a88fc9f01ec66d9	1280	720	6726.0	3.0	2457.0	2711.0	False	False
KristenAndSara_1280x720_60f	KristenAndSara_1280x720_60f	svtav1	svtav1_20191201_d8c5bc2	60	59	206848.0	206.848	37.60683333333334	43.15433333333331	44.1945	37.591387000000005	43.150922	44.191191	83.810437	1934906.0	32.24843333333333	1280	720	60.0	8	76fef76541833c5eafe62baa21bfc1bb	1bb60b62197b63fdb94aed8e8518b74e	1280	720	11273.0	14.0	2280.0	2854.0	False	False
dark720p_60f	dark720p_60f	svtav1	svtav1_20191201_d8c5bc2	60	20	7411756.0	7411.756	46.10533333333332	43.52783333333333	45.0815	46.050323	43.305478	44.931689	96.288313	6584321.0	109.73868333333333	1280	720	30.0	8	c928c10f499a0dc90370fa163c74f055	6311181134decc86ac8e3b8789012e56	1280	720	8489.0	8.0	12264.0	2838.0	False	False
dark720p_60f	dark720p_60f	svtav1	svtav1_20191201_d8c5bc2	60	32	1913972.0	1913.972	43.63433333333334	39.22233333333333	41.94750000000001	43.597199	39.124578	41.914662	93.360089	4652854.0	77.54756666666667	1280	720	30.0	8	ee181745c7b192b5b168e60608a691e1	cdc7764ef4b19b06e49991d4ce5d99cf	1280	720	7985.0	4.0	9434.0	2766.0	False	False
dark720p_60f	dark720p_60f	svtav1	svtav1_20191201_d8c5bc2	60	43	338164.0	338.164	42.32533333333333	37.01616666666668	40.88849999999999	42.309827	36.99716	40.880555	90.606244	3043055.0	50.71758333333333	1280	720	30.0	8	c06b888d998e44a11146319770fefff2	e08d1823961ad4a5b468da75ce0db7d0	1280	720	8393.0	6.0	10312.0	4164.0	False	False
dark720p_60f	dark720p_60f	svtav1	svtav1_20191201_d8c5bc2	60	55	121144.0	121.144	40.85983333333332	36.31266666666665	39.969166666666666	40.852293	36.309412	39.963827	86.359085	1243551.0	20.72585	1280	720	30.0	8	f2d6a2a6d05bea9a7029ae48b30c9b97	5ff928f160fb987c5686f1564a557d69	1280	720	6733.0	4.0	3528.0	2579.0	False	False
dark720p_60f	dark720p_60f	svtav1	svtav1_20191201_d8c5bc2	60	59	83168.0	83.16799999999999	39.63933333333333	35.76699999999999	39.163000000000004	39.634099	35.764309	39.153754	82.039586	1785200.0	29.753333333333334	1280	720	30.0	8	7d1f4344558023027dce5a433c2a5f09	ea16c711f97fb629d1bbcef0e64201ea	1280	720	8690.0	12.0	2930.0	2774.0	False	False
niklas360p_60f	niklas360p_60f	svtav1	svtav1_20191201_d8c5bc2	60	20	1473248.0	1473.248	44.46150000000001	47.93966666666667	47.65083333333334	44.378255	47.871169	47.573133	98.375244	1133986.0	18.899766666666668	640	360	30.0	8	a48b444ba05a9534532a63994e87c5fc	5cb5bc699b18e2260530636e64aee134	640	360	2155.0	4.0	1874.0	585.0	False	False
niklas360p_60f	niklas360p_60f	svtav1	svtav1_20191201_d8c5bc2	60	32	817612.0	817.612	42.09716666666669	46.57866666666666	46.0595	41.993194	46.511323	45.982304	96.807893	922182.0	15.3697	640	360	30.0	8	0885ae94be222141ae50da40d1799f81	4e1a99c621a0a4ec3673aedf2234b2dc	640	360	2114.0	3.0	1665.0	588.0	False	False
niklas360p_60f	niklas360p_60f	svtav1	svtav1_20191201_d8c5bc2	60	43	420492.0	420.492	39.00983333333333	44.56633333333334	43.76983333333333	38.926145	44.53771100000001	43.73855	93.190854	818371.0	13.639516666666667	640	360	30.0	8	cac873cd479aa47186fcb9aa5fdf7a9e	721d4c06900437875ff9fa93a86ecec7	640	360	2406.0	5.0	1492.0	651.0	False	False
niklas360p_60f	niklas360p_60f	svtav1	svtav1_20191201_d8c5bc2	60	55	202108.0	202.108	35.34583333333334	42.09266666666666	40.91983333333334	35.304617	42.07626	40.900607	85.428309	592248.0	9.8708	640	360	30.0	8	37817945551d436cf0b033cd05950b98	7c03a88607599406044428f21d628c6c	640	360	2198.0	3.0	1317.0	657.0	False	False
niklas360p_60f	niklas360p_60f	svtav1	svtav1_20191201_d8c5bc2	60	59	139528.0	139.528	33.375499999999995	40.717666666666666	39.41549999999999	33.352645	40.703575	39.394433	78.413708	639292.0	10.654866666666667	640	360	30.0	8	8c80b452021381b59d0d608ce87f1179	c1e8d815fe61b72b5e6cc33921149f19	640	360	2284.0	4.0	1244.0	644.0	False	False
shields_640x360_60f	shields_640x360_60f	svtav1	svtav1_20191201_d8c5bc2	60	20	2385453.0	2385.453	42.4365	45.61183333333333	47.28300000000001	42.307083	45.589663	47.215669	99.443681	1507175.0	25.119583333333335	640	360	50.0	8	63dd201ddcfc4acacfaaf333b7f3cfd1	0cc2242d491260d50f8e08c2e0298128	640	360	5160.0	7.0	1806.0	679.0	False	False
shields_640x360_60f	shields_640x360_60f	svtav1	svtav1_20191201_d8c5bc2	60	32	1269406.0	1269.406	40.72033333333333	44.02783333333333	45.59816666666668	40.523541	43.989808	45.492286	99.433884	1068013.0	17.800216666666667	640	360	50.0	8	4d52db346076afa3d37b117d5a35aeba	3558fed234dd85e7ed609d42e0857a97	640	360	4210.0	6.0	1537.0	686.0	False	False
shields_640x360_60f	shields_640x360_60f	svtav1	svtav1_20191201_d8c5bc2	60	43	671980.0	671.98	38.171500000000016	41.36733333333333	43.07949999999998	37.897081	41.28557	42.915019	99.378472	924714.0	15.4119	640	360	50.0	8	86adf51943a87eab4ee2f0412f554530	fe21e2b75dd6ae19df3b610784d9692f	640	360	3797.0	13.0	1408.0	855.0	False	False
shields_640x360_60f	shields_640x360_60f	svtav1	svtav1_20191201_d8c5bc2	60	55	336020.0	336.0199999999999	34.66400000000001	38.21716666666667	40.214000000000006	34.311302	38.05935	39.970928	95.909926	632105.0	10.535083333333333	640	360	50.0	8	ee7159dae68de750d0b9bfd68e20dab5	ad146a13e17fc337de7a1fe87f5e2597	640	360	2981.0	4.0	1156.0	769.0	False	False
shields_640x360_60f	shields_640x360_60f	svtav1	svtav1_20191201_d8c5bc2	60	59	221800.0	221.8	32.16999999999999	36.34099999999999	38.169999999999995	31.758352	36.128056	37.922768	89.245794	595999.0	9.933316666666666	640	360	50.0	8	1297840e6e1e649b228dee595e90f81d	731316f86ad3e6918de466a36b3e3da9	640	360	3229.0	4.0	1011.0	648.0	False	False
STARCRAFT_60f_420	STARCRAFT_60f_420	svtav1	svtav1_20191201_d8c5bc2	60	20	7784640.0	7784.64	50.52366666666668	53.55699999999998	53.535333333333355	50.511661	53.547203	53.530098	97.618341	3867490.0	64.45816666666667	1920	1080	60.0	8	b91d1af51d5ad1c368a6239b85254598	6424839c702eeab3d8cb9e128f31fb0a	1920	1080	15692.0	4.0	3496.0	6109.0	False	False
STARCRAFT_60f_420	STARCRAFT_60f_420	svtav1	svtav1_20191201_d8c5bc2	60	32	4469256.0	4469.256	47.20816666666664	51.19616666666668	51.369333333333344	47.191832	51.181463	51.362536	96.884666	3763415.0	62.72358333333333	1920	1080	60.0	8	6ad435e313887299128734f91facd3b1	66f326f3aa6414baa5432e475c7d3fed	1920	1080	18518.0	14.0	3124.0	7937.0	False	False
STARCRAFT_60f_420	STARCRAFT_60f_420	svtav1	svtav1_20191201_d8c5bc2	60	43	2695656.0	2695.656	44.065500000000014	48.90233333333333	49.10666666666667	44.039868	48.876801	49.095707999999995	95.547829	2892130.0	48.20216666666666	1920	1080	60.0	8	a228fae44f1be615db672a63a7515dc8	a5489f4ea71e8fd5beaebeac10701575	1920	1080	18921.0	6.0	3485.0	6316.0	False	False
STARCRAFT_60f_420	STARCRAFT_60f_420	svtav1	svtav1_20191201_d8c5bc2	60	55	1102616.0	1102.6159999999998	38.71450000000001	44.68716666666667	44.714499999999994	38.699042	44.669991	44.701771	90.133431	2085797.0	34.763283333333334	1920	1080	60.0	8	8de675fa067ebcb383b290532ba02622	b50a5672a9c47b3610105f8646cb4937	1920	1080	14797.0	5.0	3221.0	6419.0	False	False
STARCRAFT_60f_420	STARCRAFT_60f_420	svtav1	svtav1_20191201_d8c5bc2	60	59	658208.0	658.208	35.84950000000002	42.414333333333325	42.55950000000001	35.839821	42.40312000000001	42.553556	83.595273	2155862.0	35.93103333333333	1920	1080	60.0	8	bf382a34fee180221efefd6f7e50be6f	47c00a3f32ff70b26be378c726075ace	1920	1080	17289.0	6.0	3067.0	6459.0	False	False
BarScene1_1920x1080_2997_10b	BarScene1_1920x1080_2997_10b	svtav1	svtav1_20191201_d8c5bc2	60	20	1302390.0	1302.39	42.32999999999998	44.695499999999996	43.703833333333336	42.329539	44.694577	43.702719	92.891854	6706329.0	111.77215	1920	1080	29.97	10	1d8ad8f94c10422fa03a77f9bd927964	5d8ba0c47aef9375240d521f155bbc15	1920	1080	26887.0	4.0	10932.0	6836.0	False	False
BarScene1_1920x1080_2997_10b	BarScene1_1920x1080_2997_10b	svtav1	svtav1_20191201_d8c5bc2	60	32	335540.0	335.54	41.89733333333334	44.425333333333356	43.32499999999998	41.896716	44.425142	43.325457	91.354182	4955892.0	82.5982	1920	1080	29.97	10	b8db76985d6ac80e956d5f2bb6cdc507	ca307c81aa1e0c5ac35de6df021eda55	1920	1080	31678.0	10.0	5391.0	7358.0	False	False
BarScene1_1920x1080_2997_10b	BarScene1_1920x1080_2997_10b	svtav1	svtav1_20191201_d8c5bc2	60	43	235566.0	235.566	41.66283333333336	44.38433333333334	43.29416666666666	41.662857	44.383852	43.293814	90.139588	3367469.0	56.12448333333333	1920	1080	29.97	10	219f21c29b82c368981dd81f015eebbf	576e0b94a6c691466100e234ba7658dd	1920	1080	27802.0	4.0	4376.0	7021.0	False	False
BarScene1_1920x1080_2997_10b	BarScene1_1920x1080_2997_10b	svtav1	svtav1_20191201_d8c5bc2	60	55	99212.0	99.212	40.54483333333334	43.864166666666634	42.84949999999999	40.544786	43.864325	42.849737	84.127345	4300539.0	71.67565	1920	1080	29.97	10	6c3e894a74a9349566e4b8e30ca25642	bc606f1c39b53b69cdc70cc1370ffdcd	1920	1080	26894.0	12.0	6071.0	8860.0	False	False
BarScene1_1920x1080_2997_10b	BarScene1_1920x1080_2997_10b	svtav1	svtav1_20191201_d8c5bc2	60	59	62761.0	62.761	39.60349999999999	43.26033333333333	42.389	39.602211	43.260666	42.389311	77.663945	3151937.0	52.53228333333333	1920	1080	29.97	10	cb24a3936b512e6fa0823f8a587783f2	ce3a4b7f77c8dd90d574c5505cad892d	1920	1080	26688.0	4.0	4174.0	6663.0	False	False
ShowGirl2TeaserClip4000_1920x108	ShowGirl2TeaserClip4000_1920x108	svtav1	svtav1_20191201_d8c5bc2	60	20	2986880.0	2986.88	42.35916666666665	46.48766666666666	49.18733333333333	42.35793	46.487036	49.18709	95.360622	8214302.0	136.90503333333334	1920	1080	25.0	10	5b694984ea11c7b49b5715107f39d438	03081ca8d0625eacfa7cea03bfa769a8	1920	1080	25942.0	7.0	12302.0	7025.0	False	False
ShowGirl2TeaserClip4000_1920x108	ShowGirl2TeaserClip4000_1920x108	svtav1	svtav1_20191201_d8c5bc2	60	32	1199490.0	1199.49	41.52116666666667	46.05149999999997	48.50033333333331	41.51776400000001	46.051351	48.499515	93.218003	4834048.0	80.56746666666666	1920	1080	25.0	10	1361574e66457a218266eb631cf06cb1	0b3825cbea1e8c0ef850a5690dec2363	1920	1080	26547.0	19.0	10626.0	6971.0	False	False
ShowGirl2TeaserClip4000_1920x108	ShowGirl2TeaserClip4000_1920x108	svtav1	svtav1_20191201_d8c5bc2	60	43	697113.0	697.113	40.640166666666666	45.780999999999985	48.04499999999997	40.625976	45.779276	48.044068	90.170866	4150521.0	69.17535	1920	1080	25.0	10	64ab7c7cbd0d7a88302923c1ace0c3e7	26453b8e56d1d179fbbf472c6a43f403	1920	1080	27571.0	11.0	8763.0	6976.0	False	False
ShowGirl2TeaserClip4000_1920x108	ShowGirl2TeaserClip4000_1920x108	svtav1	svtav1_20191201_d8c5bc2	60	55	302970.0	302.97	38.49299999999999	44.670500000000025	46.57016666666664	38.463448	44.66891	46.569716	81.503714	3544573.0	59.07621666666667	1920	1080	25.0	10	d2ec190dcc1bf45ebc4a92b4f3a2aff2	0633871a1640e8db1cd78bca9210953c	1920	1080	26496.0	5.0	7424.0	6706.0	False	False
ShowGirl2TeaserClip4000_1920x108	ShowGirl2TeaserClip4000_1920x108	svtav1	svtav1_20191201_d8c5bc2	60	59	184740.0	184.74000000000004	36.762000000000015	43.49683333333334	45.13516666666669	36.744238	43.496082	45.134976	72.410291	3409407.0	56.82345	1920	1080	25.0	10	69aa6ae0dac27be4dd56d5bafe86161e	45bce9b657ab5af675ba1e45d8c2c8d4	1920	1080	27824.0	10.0	7230.0	6796.0	False	False
Aerial_1920x1080_2997_10b	Aerial_1920x1080_2997_10b	svtav1	svtav1_20191201_d8c5bc2	60	20	9662487.0	9662.487	43.61566666666666	46.02850000000001	45.34133333333333	43.57828299999999	46.01211	45.326902	96.472776	7772746.0	129.54576666666668	1920	1080	29.97	10	6441effb0b42c097fa2ba06076e17e6a	4e8dade6e4c02b466801f98103df47fa	1920	1080	28969.0	3.0	10379.0	6598.0	False	False
Aerial_1920x1080_2997_10b	Aerial_1920x1080_2997_10b	svtav1	svtav1_20191201_d8c5bc2	60	32	5169486.0	5169.486	41.821500000000015	44.831833333333336	44.29566666666668	41.76914	44.815908	44.28406499999999	95.370977	5184823.0	86.41371666666667	1920	1080	29.97	10	e7cedec0f18e301c8db7f8a625486fc8	ac879c68420bdd0456c3ac3c4e58fea2	1920	1080	30251.0	5.0	9223.0	6794.0	False	False
Aerial_1920x1080_2997_10b	Aerial_1920x1080_2997_10b	svtav1	svtav1_20191201_d8c5bc2	60	43	2985683.0	2985.683	39.638	43.15133333333333	42.95366666666668	39.581802	43.142354	42.950338	93.167988	4061142.0	67.6857	1920	1080	29.97	10	7a7c7fd4d7ff935e5daf7cf0c44170c6	da8fdbc416693ebb8df3f39e61536614	1920	1080	29816.0	3.0	7963.0	6939.0	False	False
Aerial_1920x1080_2997_10b	Aerial_1920x1080_2997_10b	svtav1	svtav1_20191201_d8c5bc2	60	55	1216187.0	1216.1870000000001	35.22283333333334	40.12783333333333	40.729833333333346	35.207745	40.125849	40.729102	86.035127	3916674.0	65.2779	1920	1080	29.97	10	29889ba6ceb3130de75d3350d59a5a61	25f77f9fb0597f31660e3f106c33f1d0	1920	1080	30324.0	5.0	6591.0	6769.0	False	False
Aerial_1920x1080_2997_10b	Aerial_1920x1080_2997_10b	svtav1	svtav1_20191201_d8c5bc2	60	59	623335.0	623.3350000000002	32.06666666666668	38.50350000000001	39.63950000000001	32.06405	38.503351	39.639582	77.06043	4012519.0	66.87531666666666	1920	1080	29.97	10	b4dd888da95bfe3c7577a93e8bd62718	e7cf761c8e93d94e7ee3f4dd392cc63f	1920	1080	30943.0	5.0	5694.0	6751.0	False	False
RollerCoastPas_1920x1080_2997_10	RollerCoastPas_1920x1080_2997_10	svtav1	svtav1_20191201_d8c5bc2	60	20	2779247.0	2779.247	44.88733333333332	45.17166666666664	43.78183333333335	44.886127	45.170992	43.780009	97.020889	6455478.0	107.5913	1920	1080	29.97	10	c6e1e03a927e1e0a6ef3a30fad8f3b86	fa10294af921de5d85209926fdc9791c	1920	1080	27972.0	5.0	8823.0	7164.0	False	False
RollerCoastPas_1920x1080_2997_10	RollerCoastPas_1920x1080_2997_10	svtav1	svtav1_20191201_d8c5bc2	60	32	1273077.0	1273.077	43.72850000000003	44.42283333333334	42.95433333333336	43.726634	44.422807	42.953639	96.218217	4053857.0	67.56428333333334	1920	1080	29.97	10	e9f05a5c2b0692a8a9433b5b0d610d9d	02d3cb6b164375b240e23d9c34685ab8	1920	1080	27225.0	4.0	6101.0	6681.0	False	False
RollerCoastPas_1920x1080_2997_10	RollerCoastPas_1920x1080_2997_10	svtav1	svtav1_20191201_d8c5bc2	60	43	763816.0	763.816	42.25616666666665	43.537500000000016	42.18233333333332	42.250294000000004	43.537123	42.181476	94.834207	4375184.0	72.91973333333334	1920	1080	29.97	10	ad70079421c4ba595e44b6c6a05bea8e	aa0ab41f38cefde28b5c0ab2aaee3126	1920	1080	29754.0	9.0	5708.0	6987.0	False	False
RollerCoastPas_1920x1080_2997_10	RollerCoastPas_1920x1080_2997_10	svtav1	svtav1_20191201_d8c5bc2	60	55	364271.0	364.271	39.318333333333335	41.57	40.42133333333331	39.30481	41.568705	40.419239	90.10677	8346635.0	139.11058333333332	1920	1080	29.97	10	8c5d981b08fb7c04dd1dd6658e808346	669cac08d354a4f28f162e720e9f8508	1920	1080	64021.0	6.0	7189.0	17833.0	False	False
RollerCoastPas_1920x1080_2997_10	RollerCoastPas_1920x1080_2997_10	svtav1	svtav1_20191201_d8c5bc2	60	59	221923.0	221.92300000000003	36.925499999999985	39.76066666666665	38.79466666666668	36.913938	39.759381	38.793156	83.685808	3078067.0	51.301116666666665	1920	1080	29.97	10	33246705f069062b3d3c6d061eb87c8d	4fe8b5430a8ad2c38eb3c4e196a3c212	1920	1080	27639.0	6.0	4836.0	6969.0	False	False
Market3_1920x1080p_50_10b_pq_709	Market3_1920x1080p_50_10b_pq_709	svtav1	svtav1_20191201_d8c5bc2	60	20	12978106.0	12978.106	44.93283333333333	51.50833333333331	52.4935	44.918819	51.502734	52.489471	99.847376	8232069.0	137.20115	1920	1080	50.0	10	d08dab461a098c361bc0e7a40135e95d	67b1296d51754c13375698d81baf97d4	1920	1080	26584.0	5.0	15135.0	6823.0	False	False
Market3_1920x1080p_50_10b_pq_709	Market3_1920x1080p_50_10b_pq_709	svtav1	svtav1_20191201_d8c5bc2	60	32	6623073.0	6623.073	42.296	49.354833333333346	50.466666666666676	42.266157	49.349663	50.464922	98.87238899999998	7008125.0	116.80208333333333	1920	1080	50.0	10	23efb2a275644a58d4ca8b87158e4757	9d0752a3bd30e232e64575c4cc08dbde	1920	1080	27861.0	5.0	14567.0	6689.0	False	False
Market3_1920x1080p_50_10b_pq_709	Market3_1920x1080p_50_10b_pq_709	svtav1	svtav1_20191201_d8c5bc2	60	43	3486946.0	3486.9460000000004	39.52966666666667	47.508500000000005	48.80200000000001	39.487288	47.503651	48.801644	95.636365	5650755.0	94.17925	1920	1080	50.0	10	ca1aad3f5420ac15ebe6f1b1c0588f60	a9237f8382a5596c11a6ffce866976eb	1920	1080	26753.0	4.0	14253.0	6858.0	False	False
Market3_1920x1080p_50_10b_pq_709	Market3_1920x1080p_50_10b_pq_709	svtav1	svtav1_20191201_d8c5bc2	60	55	1405120.0	1405.12	35.64333333333333	44.934833333333344	46.370000000000005	35.616514	44.93351	46.368952	86.687069	5691858.0	94.8643	1920	1080	50.0	10	f46d94963577b0e5cd6646b4643f3e0b	43b31737f5b44077f184d1f78e0dd773	1920	1080	31231.0	6.0	13630.0	7189.0	False	False
Market3_1920x1080p_50_10b_pq_709	Market3_1920x1080p_50_10b_pq_709	svtav1	svtav1_20191201_d8c5bc2	60	59	836540.0	836.5399999999998	33.6115	43.37483333333333	44.95533333333333	33.599891	43.37403	44.951019	78.05255000000001	4017925.0	66.96541666666667	1920	1080	50.0	10	a192e8dc427c7df6261961f9282f6f5b	2e38513731bf900bd04a54e56fca9e64	1920	1080	27968.0	4.0	12598.0	6831.0	False	False
Netflix_Crosswalk_1920x1080_60fp	Netflix_Crosswalk_1920x1080_60fp	svtav1	svtav1_20191201_d8c5bc2	60	20	7855792.0	7855.792	45.5945	48.34216666666668	50.174833333333346	45.582895	48.33733399999999	50.16792	99.17750499999998	8178042.0	136.3007	1920	1080	60.0	8	168cab12b2889acbd1095d9913ecda5c	08afeddd064eebbf460695f2982d9f45	1920	1080	12430.0	3.0	16582.0	6352.0	False	False
Netflix_Crosswalk_1920x1080_60fp	Netflix_Crosswalk_1920x1080_60fp	svtav1	svtav1_20191201_d8c5bc2	60	32	4007272.0	4007.272	44.36616666666668	47.59033333333334	49.41033333333334	44.33547	47.584166	49.403622	96.009243	8820949.0	147.01581666666667	1920	1080	60.0	8	938c25ce2ef2fb75db91eb8bf0a26946	844c406d541317e2c68d3243e881340a	1920	1080	13345.0	5.0	15666.0	6390.0	False	False
Netflix_Crosswalk_1920x1080_60fp	Netflix_Crosswalk_1920x1080_60fp	svtav1	svtav1_20191201_d8c5bc2	60	43	2035032.0	2035.032	42.605666666666664	46.54716666666666	48.305333333333344	42.546135	46.539861	48.296479	89.83195300000001	5308427.0	88.47378333333333	1920	1080	60.0	8	ca6b4052ebbab63f190b6d9ec29e6a40	7e93564f29b0084757360955527e42f0	1920	1080	12512.0	6.0	14982.0	6960.0	False	False
Netflix_Crosswalk_1920x1080_60fp	Netflix_Crosswalk_1920x1080_60fp	svtav1	svtav1_20191201_d8c5bc2	60	55	940920.0	940.92	39.92133333333333	44.81700000000001	46.46216666666667	39.840057	44.806042	46.449063	76.35752900000001	3829586.0	63.826433333333334	1920	1080	60.0	8	d08a309350c1c21d73d01a8d1873a268	8a035fc72836a2f8c98c2d02e4845125	1920	1080	12718.0	5.0	12443.0	7209.0	False	False
Netflix_Crosswalk_1920x1080_60fp	Netflix_Crosswalk_1920x1080_60fp	svtav1	svtav1_20191201_d8c5bc2	60	59	683200.0	683.2	38.538333333333334	43.806999999999995	45.40600000000001	38.474121	43.799698	45.398412	67.325767	4803690.0	80.0615	1920	1080	60.0	8	462fdb04418ac4276ae026e8532e4cb8	b393c07c74efeb5ac8cd203cf174942b	1920	1080	12919.0	18.0	11165.0	7933.0	False	False
gipsrestat720p_60f	gipsrestat720p_60f	svtav1	svtav1_20191201_d8c5bc2	60	20	3612386.0	3612.386	44.93883333333334	47.47149999999999	49.082499999999996	44.928189	47.466815	49.079854	97.010023	4391346.0	73.1891	1280	720	50.0	8	d872e4d60167b3b86a85a9de72276685	0608f9a2b5f2c96be2b9f11343d05b76	1280	720	7915.0	9.0	4210.0	2682.0	False	False
gipsrestat720p_60f	gipsrestat720p_60f	svtav1	svtav1_20191201_d8c5bc2	60	32	1366960.0	1366.96	43.33583333333333	46.87516666666666	48.35983333333333	43.312997	46.872868	48.355201	95.834036	2311608.0	38.5268	1280	720	50.0	8	8da443ecb741d7137b841581704ef1f5	c6b5e8b481a397ce80823a00260066b7	1280	720	8439.0	5.0	2752.0	2637.0	False	False
gipsrestat720p_60f	gipsrestat720p_60f	svtav1	svtav1_20191201_d8c5bc2	60	43	712973.0	712.973	41.73283333333334	46.04566666666664	47.36699999999999	41.689756	46.043368	47.364169	94.0898	4235112.0	70.5852	1280	720	50.0	8	1add424d9f772819b3be2a6c3f06cba2	30aff9e1fcd19d3806819adf0910961b	1280	720	18923.0	19.0	2594.0	3203.0	False	False
gipsrestat720p_60f	gipsrestat720p_60f	svtav1	svtav1_20191201_d8c5bc2	60	55	338626.0	338.626	38.98133333333333	44.18550000000001	45.123	38.95599	44.183367	45.121444	89.636414	1966432.0	32.77386666666666	1280	720	50.0	8	e1de5ec70a38aeafc7d949acb342e7bb	6dbfc5aab46df56b590e10b71c2e0333	1280	720	7854.0	11.0	2211.0	3272.0	False	False
gipsrestat720p_60f	gipsrestat720p_60f	svtav1	svtav1_20191201_d8c5bc2	60	59	214040.0	214.04	36.61433333333334	42.28016666666668	42.82483333333332	36.604854	42.279609	42.824652	83.740707	1667025.0	27.78375	1280	720	50.0	8	20c8efb0cafa9ca2e1cb27f6fb2bec56	80c7b8c5a3d551cdcc25892a8ee87d11	1280	720	8940.0	10.0	2034.0	2810.0	False	False
DinnerScene_1920x1080_2997_10b	DinnerScene_1920x1080_2997_10b	svtav1	svtav1_20191201_d8c5bc2	60	20	1426925.0	1426.925	41.796	42.672500000000014	47.50550000000001	41.795262	42.66914	47.505174	91.42610600000002	7517306.0	125.28843333333333	1920	1080	29.97	10	a2ee1040fa340956f723501a048c468c	60fb4873f015c48c052148f40162f4b9	1920	1080	26028.0	3.0	16797.0	6224.0	False	False
DinnerScene_1920x1080_2997_10b	DinnerScene_1920x1080_2997_10b	svtav1	svtav1_20191201_d8c5bc2	60	32	257845.0	257.845	41.55666666666664	42.260166666666656	47.282833333333336	41.555717	42.259853	47.282891	89.152814	4420130.0	73.66883333333334	1920	1080	29.97	10	731d1a144608ba25374283bc130ffedd	031b9a0d96026c918c438fdc1f85ea93	1920	1080	25934.0	4.0	10434.0	6400.0	False	False
DinnerScene_1920x1080_2997_10b	DinnerScene_1920x1080_2997_10b	svtav1	svtav1_20191201_d8c5bc2	60	43	142440.0	142.44	41.33033333333333	42.180000000000035	47.08883333333331	41.32996	42.179543	47.088834	86.369181	9689771.0	161.49618333333333	1920	1080	29.97	10	e2bca6aba69e35fcb381e5d4221a449e	8c26dc9f15b8271b5d34babb500c12bb	1920	1080	39053.0	3.0	9064.0	6330.0	False	False
DinnerScene_1920x1080_2997_10b	DinnerScene_1920x1080_2997_10b	svtav1	svtav1_20191201_d8c5bc2	60	55	74536.0	74.536	40.68600000000001	41.94216666666667	46.65783333333336	40.681109	41.942085	46.65594	78.748546	3697718.0	61.62863333333333	1920	1080	29.97	10	29f8e2d4a5e76dc38b4ff3f0ee70b77a	3bb1e83311c415315e2e372571d2bd2d	1920	1080	26181.0	4.0	8476.0	6712.0	False	False
DinnerScene_1920x1080_2997_10b	DinnerScene_1920x1080_2997_10b	svtav1	svtav1_20191201_d8c5bc2	60	59	52667.0	52.667	39.95850000000001	41.6555	45.93449999999999	39.946648	41.6549	45.932413	70.25832999999999	3588991.0	59.816516666666665	1920	1080	29.97	10	f8b813fb8e4d9ac03a11ed9ef59c3f36	8ef8b841bb9226c6e03614ee36926427	1920	1080	26247.0	4.0	8413.0	6575.0	False	False
Sintel_Dragons_1920x816_24_10b	Sintel_Dragons_1920x816_24_10b	svtav1	svtav1_20191201_d8c5bc2	60	20	5235600.0	5235.6	46.82466666666665	51.186166666666665	51.383	46.754481000000006	51.16148	51.338867	99.912546	6678813.0	111.31355	1920	816	24.0	10	ab0856ed485d980bf25145d467f131b9	2751f55fca082b7a1863aee46a491802	1920	816	16444.0	4.0	16157.0	4306.0	False	False
Sintel_Dragons_1920x816_24_10b	Sintel_Dragons_1920x816_24_10b	svtav1	svtav1_20191201_d8c5bc2	60	32	2714928.0	2714.928	43.79866666666667	48.766333333333336	48.866333333333344	43.723251	48.730535	48.794386	99.892626	5496974.0	91.61623333333333	1920	816	24.0	10	6f254b2a6dd91162e1925c59e99ce203	ed574cf653dac96c04dcd8c8c15e466f	1920	816	14245.0	4.0	16398.0	4329.0	False	False
Sintel_Dragons_1920x816_24_10b	Sintel_Dragons_1920x816_24_10b	svtav1	svtav1_20191201_d8c5bc2	60	43	1404979.0	1404.979	40.718666666666664	46.29833333333333	46.33683333333334	40.63965	46.252116	46.25116	97.789137	5152180.0	85.86966666666666	1920	816	24.0	10	a04075c53188c5ad87c665c6242fd632	ce473c8b72aac72aff463591147e28a7	1920	816	14905.0	6.0	14810.0	4751.0	False	False
Sintel_Dragons_1920x816_24_10b	Sintel_Dragons_1920x816_24_10b	svtav1	svtav1_20191201_d8c5bc2	60	55	669705.0	669.705	37.211666666666666	43.30733333333333	43.48949999999999	37.155826	43.266589	43.417521	84.167785	3709240.0	61.82066666666667	1920	816	24.0	10	f7b7cb39a668f2348c5700086737db41	7a619cd24bd3ab1ac46d6aa8eb605c66	1920	816	15068.0	5.0	11947.0	4253.0	False	False
Sintel_Dragons_1920x816_24_10b	Sintel_Dragons_1920x816_24_10b	svtav1	svtav1_20191201_d8c5bc2	60	59	476713.0	476.713	35.58883333333334	41.81316666666667	42.07733333333335	35.536666	41.772384	42.018869	74.663775	3650659.0	60.844316666666664	1920	816	24.0	10	ecbff81b2284872dd9632e37da297dca	1e72c4763ac25f438fa9cf459136bc8f	1920	816	13831.0	4.0	11842.0	4647.0	False	False
Netflix_RollerCoaster_1280x720_6	Netflix_RollerCoaster_1280x720_6	svtav1	svtav1_20191201_d8c5bc2	60	20	8454616.0	8454.616	44.849	46.778000000000006	46.80433333333333	44.835103	46.770143	46.797899	99.918509	5606784.0	93.4464	1280	720	60.0	8	ea4c0c508daf75b225c77285eb377e2c	bda68d32e483b2f4eae5afd537382f55	1280	720	8237.0	8.0	15884.0	3539.0	False	False
Netflix_RollerCoaster_1280x720_6	Netflix_RollerCoaster_1280x720_6	svtav1	svtav1_20191201_d8c5bc2	60	32	4300232.0	4300.232	42.639500000000005	45.13416666666668	45.51666666666666	42.607813	45.117839	45.507432	99.879615	4828144.0	80.46906666666666	1280	720	60.0	8	b07873a6895fbfa1fcb5a0973f9647ef	92c44ea99dfebd1856872a46caf67cbc	1280	720	11780.0	16.0	11312.0	3340.0	False	False
Netflix_RollerCoaster_1280x720_6	Netflix_RollerCoaster_1280x720_6	svtav1	svtav1_20191201_d8c5bc2	60	43	2208248.0	2208.248	40.17383333333333	43.15066666666666	43.933666666666674	40.127407999999996	43.127959	43.92298	97.793429	3083697.0	51.39495	1280	720	60.0	8	fd2a594a70ea05b69affa98fd523f240	adb64a95fcacdd7a4e5e05dfa340657c	1280	720	8013.0	3.0	6201.0	3788.0	False	False
Netflix_RollerCoaster_1280x720_6	Netflix_RollerCoaster_1280x720_6	svtav1	svtav1_20191201_d8c5bc2	60	55	998632.0	998.632	36.80716666666668	40.29983333333333	41.61150000000001	36.772385	40.273365	41.598072	88.602341	1949190.0	32.4865	1280	720	60.0	8	ba7654127372567459478805851db3c5	8a5dd6b1d3b686db2beb1e0f18f56d40	1280	720	7575.0	6.0	5656.0	2735.0	False	False
Netflix_RollerCoaster_1280x720_6	Netflix_RollerCoaster_1280x720_6	svtav1	svtav1_20191201_d8c5bc2	60	59	689728.0	689.728	35.04966666666667	38.62449999999999	40.34483333333333	35.022715	38.600281	40.331596	80.639784	2444713.0	40.745216666666664	1280	720	60.0	8	40401253cfa85e8596ebad3d19553502	e6425281d44afc59db93a5c7227fc8ce	1280	720	10930.0	8.0	6393.0	3421.0	False	False
Netflix_DrivingPOV_1280x720_60fp	Netflix_DrivingPOV_1280x720_60fp	svtav1	svtav1_20191201_d8c5bc2	60	20	11456040.0	11456.04	42.78116666666667	46.466499999999996	45.13183333333335	42.759445	46.460386	45.12709499999999	99.64099	7903039.0	131.71731666666668	1280	720	60.0	8	2d1e5a27cdad8ade4a5e4506a090be33	065659689fe6aca85bf69de1831e2f60	1280	720	16428.0	6.0	7250.0	5153.0	False	False
Netflix_DrivingPOV_1280x720_60fp	Netflix_DrivingPOV_1280x720_60fp	svtav1	svtav1_20191201_d8c5bc2	60	32	5597912.0	5597.912	40.4895	45.197166666666675	44.16833333333333	40.454004000000005	45.187223	44.163087	98.660458	5076700.0	84.61166666666666	1280	720	60.0	8	fd44786b90939a47d6cce52faff020b6	9b2a39fff93ecf4276aed31f19dacef2	1280	720	10850.0	8.0	6502.0	3601.0	False	False
Netflix_DrivingPOV_1280x720_60fp	Netflix_DrivingPOV_1280x720_60fp	svtav1	svtav1_20191201_d8c5bc2	60	43	2797784.0	2797.784	38.04016666666666	43.664	43.15283333333333	37.9941	43.646561	43.145734999999995	96.346687	4249750.0	70.82916666666667	1280	720	60.0	8	8d897225b670cc1bf2aea3570883edfc	aecb2e9e0a8c460638778d7cdcfc6d5c	1280	720	10961.0	6.0	5905.0	3429.0	False	False
Netflix_DrivingPOV_1280x720_60fp	Netflix_DrivingPOV_1280x720_60fp	svtav1	svtav1_20191201_d8c5bc2	60	55	1183936.0	1183.936	34.80833333333333	41.24283333333332	41.55516666666667	34.770768	41.229236	41.549081	90.08614199999998	2494824.0	41.5804	1280	720	60.0	8	0ad3f4cf9dcce9247ca4309cc0d92d2e	15d429f264102f74914f8732d1f01083	1280	720	9165.0	6.0	5249.0	2824.0	False	False
Netflix_DrivingPOV_1280x720_60fp	Netflix_DrivingPOV_1280x720_60fp	svtav1	svtav1_20191201_d8c5bc2	60	59	729904.0	729.904	32.78383333333334	39.63866666666666	40.39533333333335	32.767751	39.63316	40.391948	83.664773	2986452.0	49.7742	1280	720	60.0	8	9abc504d2eb17b9034134f8dd5f21146	4d2f1b16abc1ad160efe039e0fa0c19a	1280	720	11649.0	6.0	5099.0	2775.0	False	False
Netflix_PierSeaside_1920x1080_60	Netflix_PierSeaside_1920x1080_60	svtav1	svtav1_20191201_d8c5bc2	60	20	7868880.0	7868.88	45.372833333333325	47.36549999999999	45.45433333333335	45.35528	47.357164	45.442471	99.880707	7832764.0	130.54606666666666	1920	1080	60.0	8	e07b31e557d9f440167e57eb5c40ba53	b313f5c41ecf526b9abc77a6e23f1a85	1920	1080	19649.0	6.0	11929.0	5996.0	False	False
Netflix_PierSeaside_1920x1080_60	Netflix_PierSeaside_1920x1080_60	svtav1	svtav1_20191201_d8c5bc2	60	32	3328696.0	3328.6960000000004	43.673499999999976	46.60783333333333	44.866666666666674	43.63059	46.594576	44.850666	99.347042	4484963.0	74.74938333333333	1920	1080	60.0	8	e921fe27b273d98c1f3f3f9ee0d5df2a	9091239d0f9fb7b324a4a86143f157f2	1920	1080	15154.0	10.0	9867.0	6426.0	False	False
Netflix_PierSeaside_1920x1080_60	Netflix_PierSeaside_1920x1080_60	svtav1	svtav1_20191201_d8c5bc2	60	43	1578432.0	1578.432	41.782666666666664	45.50616666666668	44.13883333333333	41.713147	45.490917	44.12318	97.48539	7986088.0	133.10146666666665	1920	1080	60.0	8	761bad46af31075e184911509c44f728	c9e6feceff1ca30acd4f622b44eb666e	1920	1080	15105.0	5.0	15289.0	7500.0	False	False
Netflix_PierSeaside_1920x1080_60	Netflix_PierSeaside_1920x1080_60	svtav1	svtav1_20191201_d8c5bc2	60	55	600128.0	600.128	38.7805	42.974999999999994	42.20933333333333	38.722231	42.963666	42.200807000000005	91.285455	3011435.0	50.190583333333336	1920	1080	60.0	8	956b03b22b239bfc2b1d0152dd77e0e9	13d4f421ea109b45b74d8a1e4daebada	1920	1080	14733.0	4.0	12399.0	7070.0	False	False
Netflix_PierSeaside_1920x1080_60	Netflix_PierSeaside_1920x1080_60	svtav1	svtav1_20191201_d8c5bc2	60	59	351216.0	351.216	36.791166666666655	41.20583333333332	40.736666666666665	36.755532	41.200286	40.731126	84.295711	5656357.0	94.27261666666666	1920	1080	60.0	8	ab142ae114a1fbc3027bef8ea5301862	3a5804d27af720c3d8e30311b63d38ab	1920	1080	35295.0	5.0	12858.0	16503.0	False	False
red_kayak_360p_60f	red_kayak_360p_60f	svtav1	svtav1_20191201_d8c5bc2	60	20	9284130.0	9284.13	41.170999999999985	44.55383333333332	49.11133333333333	41.084569	44.514924	49.101245	99.894697	2582429.0	43.040483333333334	640	360	29.97	8	85bd5086d2cf677070e1939eb3696909	4bf9e8a3220cd843449a9b73e5a8dc31	640	360	2999.0	4.0	4336.0	1387.0	False	False
red_kayak_360p_60f	red_kayak_360p_60f	svtav1	svtav1_20191201_d8c5bc2	60	32	5462209.0	5462.209	36.61050000000001	42.10033333333333	47.75983333333333	36.435548	42.042224	47.745806	99.742578	1857131.0	30.952183333333334	640	360	29.97	8	be245639faf269afca24fb12fe499d32	85dd4cea4a0d554ca5e66ab8204a839a	640	360	2666.0	4.0	3742.0	692.0	False	False
red_kayak_360p_60f	red_kayak_360p_60f	svtav1	svtav1_20191201_d8c5bc2	60	43	2462576.0	2462.576	31.950500000000012	39.789999999999985	46.71833333333334	31.7766	39.734007	46.692057	86.277912	1204081.0	20.068016666666665	640	360	29.97	8	59f7495664b8b227210369104d74cadf	6f5fa1c507d7fe65399f08b8ad5c928e	640	360	2717.0	6.0	3102.0	662.0	False	False
red_kayak_360p_60f	red_kayak_360p_60f	svtav1	svtav1_20191201_d8c5bc2	60	55	753790.0	753.7899999999998	28.077166666666663	37.9435	45.255833333333314	27.974570000000003	37.914508	45.181738	59.054946	1222676.0	20.377933333333335	640	360	29.97	8	4aabf2e935986c35a07c784a7f86cd10	1130000a4a51a6b04eb327d0fb59e3b3	640	360	3099.0	6.0	2613.0	674.0	False	False
red_kayak_360p_60f	red_kayak_360p_60f	svtav1	svtav1_20191201_d8c5bc2	60	59	414258.0	414.258	26.925666666666668	37.296333333333344	44.25416666666667	26.851248	37.270284999999994	44.178976	44.711955	1111278.0	18.5213	640	360	29.97	8	93a547d8735df09b5f62acbb94e1dde8	9c3c4fdc88f35be48d7f871cb627bd1b	640	360	3867.0	5.0	2885.0	832.0	False	False
vidyo4_720p_60fps_60f	vidyo4_720p_60fps_60f	svtav1	svtav1_20191201_d8c5bc2	60	20	5673472.0	5673.472	44.34883333333333	50.009666666666675	50.30966666666667	44.319315	50.005638	50.306705	97.802445	4361070.0	72.6845	1280	720	60.0	8	80bbade2bbbf4d102702ca0a8dc48850	7da38930ba6af27b7a38e35affd646d6	1280	720	6959.0	13.0	5192.0	2823.0	False	False
vidyo4_720p_60fps_60f	vidyo4_720p_60fps_60f	svtav1	svtav1_20191201_d8c5bc2	60	32	1916792.0	1916.792	42.836499999999994	49.351000000000006	49.65849999999999	42.798764	49.345705	49.65436	96.457657	3540396.0	59.0066	1280	720	60.0	8	eaacef3a5bc1218a475eeea0ee4718be	7fe56d8923989dfc82222536af3f412a	1280	720	6764.0	4.0	3856.0	3454.0	False	False
vidyo4_720p_60fps_60f	vidyo4_720p_60fps_60f	svtav1	svtav1_20191201_d8c5bc2	60	43	944232.0	944.232	41.486	48.50950000000001	48.78383333333334	41.436963	48.50113	48.778474	94.531342	2098397.0	34.973283333333335	1280	720	60.0	8	42df980b7359a06bce3d84a92b4781f0	501f05b6ca6a26c4f3d8d55a228bf379	1280	720	7053.0	5.0	3428.0	2808.0	False	False
vidyo4_720p_60fps_60f	vidyo4_720p_60fps_60f	svtav1	svtav1_20191201_d8c5bc2	60	55	428512.0	428.512	39.16266666666668	46.67283333333332	46.9535	39.10902	46.662811	46.944924	89.274165	1695057.0	28.25095	1280	720	60.0	8	bd058e5d6b67d3fbb2ff1a7771e770d2	0d83fb27cbc9b88fff09cab1d988bee9	1280	720	7122.0	4.0	2770.0	2579.0	False	False
vidyo4_720p_60fps_60f	vidyo4_720p_60fps_60f	svtav1	svtav1_20191201_d8c5bc2	60	59	284032.0	284.032	37.478	45.16116666666665	45.12483333333334	37.434941	45.15756	45.119219	83.507371	1834135.0	30.568916666666667	1280	720	60.0	8	512ccfe970b45ff4c90036fcb8193d0e	65ffe73044c18736b33831e690f477d4	1280	720	9053.0	10.0	2742.0	3401.0	False	False
Cosmos1_1920x856_BT2100_PQ_24fps	Cosmos1_1920x856_BT2100_PQ_24fps	svtav1	svtav1_20191201_d8c5bc2	60	20	23554403.0	23554.403	42.04600000000002	44.8405	47.40999999999999	42.006978	44.788002	47.383132	99.391619	15916691.0	265.27818333333335	1920	856	24.0	10	82677d11ee476b798e4967e3078260d2	13fb5a6410092ae06fc4da28a5857b28	1920	856	25116.0	4.0	27524.0	4990.0	False	False
Cosmos1_1920x856_BT2100_PQ_24fps	Cosmos1_1920x856_BT2100_PQ_24fps	svtav1	svtav1_20191201_d8c5bc2	60	32	9423168.0	9423.168	38.15366666666669	42.72083333333334	45.75216666666667	38.029727	42.68253	45.734625	94.90693	12780526.0	213.00876666666667	1920	856	24.0	10	577ca6beba2a1da65a077b0e06394c00	8483738c6beb1bedd7e6b056d9b53906	1920	856	28575.0	4.0	21550.0	4940.0	False	False
Cosmos1_1920x856_BT2100_PQ_24fps	Cosmos1_1920x856_BT2100_PQ_24fps	svtav1	svtav1_20191201_d8c5bc2	60	43	3541155.0	3541.155	35.248666666666665	41.085333333333345	44.246166666666646	35.154839	41.059079	44.234612	83.790924	7858686.0	130.9781	1920	856	24.0	10	281b16e67820ad64fd70385954b33bea	d302ea227d841ed35e2f4a7c3ab11945	1920	856	27653.0	5.0	17367.0	6044.0	False	False
Cosmos1_1920x856_BT2100_PQ_24fps	Cosmos1_1920x856_BT2100_PQ_24fps	svtav1	svtav1_20191201_d8c5bc2	60	55	1210697.0	1210.697	32.299499999999995	39.38983333333332	42.271666666666675	32.245317	39.373617	42.264374	62.437714	6116866.0	101.94776666666667	1920	856	24.0	10	2476693971ec718658fb63918022d522	0cd29d6ce78c9e0a04915876f59984f1	1920	856	24649.0	10.0	13403.0	5765.0	False	False
Cosmos1_1920x856_BT2100_PQ_24fps	Cosmos1_1920x856_BT2100_PQ_24fps	svtav1	svtav1_20191201_d8c5bc2	60	59	748006.0	748.006	31.047833333333333	38.65533333333334	41.50016666666667	31.007803	38.643647	41.497018	50.861736	4571501.0	76.19168333333333	1920	856	24.0	10	9610643d766046f2081fe854c5005a93	0eea260c9afb0c4347be0e918368de3e	1920	856	21899.0	18.0	12168.0	4879.0	False	False
DOTA2_60f_420	DOTA2_60f_420	svtav1	svtav1_20191201_d8c5bc2	60	20	16240488.0	16240.488	45.55183333333334	49.31683333333334	49.434000000000005	45.524224	49.279376	49.404589	97.580231	8029585.0	133.82641666666666	1920	1080	60.0	8	a3c57a3471943274e54fd9dc934670f0	4c47beea4fbf369397378994d3fafd74	1920	1080	19433.0	4.0	9778.0	7375.0	False	False
DOTA2_60f_420	DOTA2_60f_420	svtav1	svtav1_20191201_d8c5bc2	60	32	8249568.0	8249.568	43.29116666666667	47.300666666666665	47.53566666666667	43.231925	47.237956000000004	47.493605	95.844959	7406784.0	123.4464	1920	1080	60.0	8	a493fd96438382d47189c07758595f1c	2431ab50f471f230bf1e31a8fd3c5bdd	1920	1080	24010.0	6.0	9544.0	7336.0	False	False
DOTA2_60f_420	DOTA2_60f_420	svtav1	svtav1_20191201_d8c5bc2	60	43	4035928.0	4035.928	40.67566666666666	44.88133333333334	45.217166666666664	40.599664	44.80146	45.170041	92.428309	5187478.0	86.45796666666666	1920	1080	60.0	8	2d987bccd8aee693d1dc786291502354	851782ab4319bb75c739f470baf21c3e	1920	1080	16711.0	9.0	8061.0	6783.0	False	False
DOTA2_60f_420	DOTA2_60f_420	svtav1	svtav1_20191201_d8c5bc2	60	55	1540728.0	1540.728	37.00416666666667	41.4585	41.80049999999999	36.946674	41.402299	41.770628	83.11677	4343809.0	72.39681666666667	1920	1080	60.0	8	bf6a6cd362d223002ebb1b97efce38c7	95977afa54bf0ea59fd147361c94ef97	1920	1080	16449.0	4.0	6969.0	7009.0	False	False
DOTA2_60f_420	DOTA2_60f_420	svtav1	svtav1_20191201_d8c5bc2	60	59	905904.0	905.904	34.81949999999999	39.39716666666667	39.68749999999999	34.796416	39.37475	39.66864	73.450167	6570501.0	109.50835	1920	1080	60.0	8	7170a7d17f175c9f05c7d69ebcb8d164	e1a79820580a43c889d818c03b55dc36	1920	1080	21508.0	3.0	7358.0	11537.0	False	False
Netflix_Aerial_1920x1080_60fps_8	Netflix_Aerial_1920x1080_60fps_8	svtav1	svtav1_20191201_d8c5bc2	60	20	22572256.0	22572.256	42.79816666666666	45.75250000000001	45.455333333333336	42.771597	45.739809	45.446203	96.744899	12810321.0	213.50535	1920	1080	60.0	8	e05c5a086df1c9a285d27150332d68bf	a2ff2728cb558ad970712cdcc5ca73c7	1920	1080	19797.0	5.0	15976.0	6653.0	False	False
Netflix_Aerial_1920x1080_60fps_8	Netflix_Aerial_1920x1080_60fps_8	svtav1	svtav1_20191201_d8c5bc2	60	32	11143688.0	11143.688	40.91333333333333	44.59183333333331	44.546833333333325	40.851855	44.578531	44.542493	94.555174	8452100.0	140.86833333333334	1920	1080	60.0	8	31c5f5b5acfbcafc99723a435a9906cd	4f92ff5aa451803a052ce4c8c0d1909b	1920	1080	19751.0	3.0	13819.0	7006.0	False	False
Netflix_Aerial_1920x1080_60fps_8	Netflix_Aerial_1920x1080_60fps_8	svtav1	svtav1_20191201_d8c5bc2	60	43	5200136.0	5200.136	38.35650000000001	42.82483333333333	43.287333333333315	38.28374900000001	42.820023	43.285473	90.883814	6376398.0	106.2733	1920	1080	60.0	8	1fc88ea9c57cb1c5c0c93fa7f50deb37	7529ba60f12f4f82da02d68195b5c730	1920	1080	19855.0	10.0	11764.0	6541.0	False	False
Netflix_Aerial_1920x1080_60fps_8	Netflix_Aerial_1920x1080_60fps_8	svtav1	svtav1_20191201_d8c5bc2	60	55	1961184.0	1961.184	34.761	40.46283333333334	41.73116666666667	34.729873	40.457653	41.724155	82.035351	5557736.0	92.62893333333334	1920	1080	60.0	8	f425494f6622c87da419a47081b9289e	5fd974f99368ed4ac0eb37e8b5545bc5	1920	1080	18558.0	5.0	17766.0	7561.0	False	False
Netflix_Aerial_1920x1080_60fps_8	Netflix_Aerial_1920x1080_60fps_8	svtav1	svtav1_20191201_d8c5bc2	60	59	1041960.0	1041.96	32.51050000000001	39.122	40.90049999999999	32.502628	39.112873	40.891204	72.438418	4431987.0	73.86645	1920	1080	60.0	8	85294726e2dc174a1bf9743d8d5fe843	92fbcb04ce071a9acce6699cfbe666bf	1920	1080	18151.0	15.0	9855.0	6470.0	False	False
aspen_1080p_60f	aspen_1080p_60f	svtav1	svtav1_20191201_d8c5bc2	60	20	8623522.0	8623.522	44.07666666666668	47.97466666666666	49.0885	44.067922	47.97227	49.086174	98.034795	9812127.0	163.53545	1920	1080	29.97	8	2c971c622699a08da7835a0ceea40d81	c958c993af393aea57651f434ed433b7	1920	1080	13551.0	4.0	25089.0	6890.0	False	False
aspen_1080p_60f	aspen_1080p_60f	svtav1	svtav1_20191201_d8c5bc2	60	32	2631740.0	2631.74	42.1675	47.0065	48.169166666666676	42.152976	47.005739	48.166555	94.058426	7965826.0	132.76376666666667	1920	1080	29.97	8	113d3e796d4077dd335e737d4b99b13c	f08b4e7190e7e97027d1d86b035a9bfb	1920	1080	13517.0	5.0	13486.0	6250.0	False	False
aspen_1080p_60f	aspen_1080p_60f	svtav1	svtav1_20191201_d8c5bc2	60	43	1128068.0	1128.068	40.81266666666667	45.7905	46.94216666666666	40.795986	45.787337	46.937715	89.09649599999999	4404199.0	73.40331666666667	1920	1080	29.97	8	5c0f6f0bed6e01ddab81476da18e9c2a	32b61d5466f530b01e2915cbfd6b94af	1920	1080	12717.0	8.0	11200.0	6120.0	False	False
aspen_1080p_60f	aspen_1080p_60f	svtav1	svtav1_20191201_d8c5bc2	60	55	473853.0	473.853	38.614333333333335	43.573333333333316	44.56916666666665	38.588370000000005	43.567518	44.56562900000001	79.027631	3943982.0	65.73303333333334	1920	1080	29.97	8	62e15a8b7633f75dd082618a2561e89c	a4014d693b3eed7e2d15fec850243a94	1920	1080	12433.0	7.0	11084.0	6602.0	False	False
aspen_1080p_60f	aspen_1080p_60f	svtav1	svtav1_20191201_d8c5bc2	60	59	312074.0	312.074	37.10133333333333	42.22466666666669	43.02149999999998	37.074561	42.218273	43.018306	70.07452200000002	3337688.0	55.62813333333333	1920	1080	29.97	8	9a5a95e662b0a97cdcd5eeef13825ebf	24fe0f7d17e5a28ed73b174042f15107	1920	1080	14419.0	3.0	10025.0	6544.0	False	False
ducks_1920x1080_50fps_10b	ducks_1920x1080_50fps_10b	svtav1	svtav1_20191201_d8c5bc2	60	20	117969440.0	117969.44	39.159666666666666	39.507500000000014	41.52516666666668	39.140249	39.492153	41.500688	98.933803	20040508.0	334.00846666666666	1920	1080	50.0	10	31ff9989fe6b972735100e4c62c198bc	d1776f26364667266e6e8e673f1b934e	1920	1080	29289.0	6.0	40556.0	6690.0	False	False
ducks_1920x1080_50fps_10b	ducks_1920x1080_50fps_10b	svtav1	svtav1_20191201_d8c5bc2	60	32	32023906.0	32023.906	35.25083333333334	37.007166666666656	39.99633333333334	35.218923	36.982929	39.981996	93.755516	14624983.0	243.74971666666667	1920	1080	50.0	10	962a94cfa9c5085ae1f7e477385e81ce	c0b876da462bcc94c020b861b15df1bb	1920	1080	31435.0	4.0	29247.0	6852.0	False	False
ducks_1920x1080_50fps_10b	ducks_1920x1080_50fps_10b	svtav1	svtav1_20191201_d8c5bc2	60	43	10751426.0	10751.426	33.1295	35.18383333333333	38.60250000000001	33.102256	35.14541	38.591966	84.636176	10630744.0	177.17906666666667	1920	1080	50.0	10	eec2886671d5fafd4c213a4f15ea07af	3a9bef5a97703e07d795eebbddb0ada6	1920	1080	30658.0	3.0	22640.0	6646.0	False	False
ducks_1920x1080_50fps_10b	ducks_1920x1080_50fps_10b	svtav1	svtav1_20191201_d8c5bc2	60	55	3753960.0	3753.96	30.539166666666656	33.132166666666656	37.16449999999999	30.501463	33.092156	37.160624	67.096754	6667510.0	111.12516666666667	1920	1080	50.0	10	fcd9775a2a8e3bbaa19444fb8502c634	38bfecba86dee1a5f703ec53d52b15bf	1920	1080	29205.0	3.0	18262.0	6898.0	False	False
ducks_1920x1080_50fps_10b	ducks_1920x1080_50fps_10b	svtav1	svtav1_20191201_d8c5bc2	60	59	2414226.0	2414.226	29.34633333333335	32.240500000000004	36.602666666666664	29.309099	32.207132	36.598832	57.603733	5375029.0	89.58381666666666	1920	1080	50.0	10	559776bcb1df8a603718a3c366c4068e	e07acc8fc1767b4d2182d587b914885c	1920	1080	30202.0	4.0	16839.0	7283.0	False	False
Netflix_Boat_1920x1080_60fps_8bi	Netflix_Boat_1920x1080_60fps_8bi	svtav1	svtav1_20191201_d8c5bc2	60	20	29792440.0	29792.44	43.7435	46.16816666666667	47.880833333333335	43.720821	46.140945	47.861368	99.909151	11759552.0	195.99253333333334	1920	1080	60.0	8	027c1a720219d8df086bbf1eb0d19d3d	320e63d6abe1f0198ed35fd7d494446b	1920	1080	25846.0	11.0	13970.0	6004.0	False	False
Netflix_Boat_1920x1080_60fps_8bi	Netflix_Boat_1920x1080_60fps_8bi	svtav1	svtav1_20191201_d8c5bc2	60	32	16559824.0	16559.824	41.294166666666676	44.61	46.053666666666665	41.244115	44.581304	46.03645199999999	99.683799	8108692.0	135.14486666666667	1920	1080	60.0	8	ee8fd63407c97fb560397f3bfed54acc	23525a2556285737b8d1a3d0242f17be	1920	1080	19175.0	3.0	12988.0	6113.0	False	False
Netflix_Boat_1920x1080_60fps_8bi	Netflix_Boat_1920x1080_60fps_8bi	svtav1	svtav1_20191201_d8c5bc2	60	43	9217408.0	9217.408	38.370833333333344	42.985499999999995	44.04483333333333	38.282118	42.955221	44.029036	96.385141	8110843.0	135.18071666666665	1920	1080	60.0	8	e6b9f4d39a62a848e25b64bc005bfb2c	baed6c095ec268ccfd7b0031470e0ecf	1920	1080	20186.0	4.0	11978.0	7037.0	False	False
Netflix_Boat_1920x1080_60fps_8bi	Netflix_Boat_1920x1080_60fps_8bi	svtav1	svtav1_20191201_d8c5bc2	60	55	3992168.0	3992.168	34.055	40.470000000000006	41.06749999999999	33.989038	40.449513	41.064972	87.09780299999998	7546358.0	125.77263333333333	1920	1080	60.0	8	ccde1e88ce67ad9941a2da738d50f692	e4fa54af78dd7695aeed40886a2b183c	1920	1080	27295.0	6.0	10500.0	6783.0	False	False
Netflix_Boat_1920x1080_60fps_8bi	Netflix_Boat_1920x1080_60fps_8bi	svtav1	svtav1_20191201_d8c5bc2	60	59	2570712.0	2570.712	31.769666666666673	39.00233333333332	39.62533333333332	31.737103	38.994098	39.624352	79.056549	5467916.0	91.13193333333334	1920	1080	60.0	8	be2cc4a3c3ecf2f4fa1085a1ddc68926	4edef4040e2e566b82e8b3bb47ab97a4	1920	1080	19459.0	5.0	10628.0	6928.0	False	False
ducks_take_off_1080p50_60f	ducks_take_off_1080p50_60f	svtav1	svtav1_20191201_d8c5bc2	60	20	114719653.0	114719.653	38.927666666666674	39.297000000000004	41.35683333333334	38.90730799999999	39.279625	41.335071	98.763776	18916255.0	315.27091666666666	1920	1080	50.0	8	01bb6d20a2c1338e03066e3322a7aaed	8f0032d20e2483bd19910070894b4774	1920	1080	29289.0	5.0	35818.0	6723.0	False	False
ducks_take_off_1080p50_60f	ducks_take_off_1080p50_60f	svtav1	svtav1_20191201_d8c5bc2	60	32	33699226.0	33699.226	35.289	37.00016666666668	39.93483333333334	35.255756	36.976516999999994	39.921712	93.917039	12985504.0	216.42506666666668	1920	1080	50.0	8	29e66fb1beceb17da3c81669714df5ca	55155558e4c592bf65bccf8fae02c9f3	1920	1080	21336.0	3.0	27294.0	6277.0	False	False
ducks_take_off_1080p50_60f	ducks_take_off_1080p50_60f	svtav1	svtav1_20191201_d8c5bc2	60	43	11104186.0	11104.186	33.155833333333334	35.184	38.520833333333336	33.13179	35.14829	38.510929	84.978222	11301663.0	188.36105	1920	1080	50.0	8	a5cdb340a74739e48b559122c07b89c6	50dd1fad42bbe73640926354edae6c29	1920	1080	25396.0	3.0	20364.0	6490.0	False	False
ducks_take_off_1080p50_60f	ducks_take_off_1080p50_60f	svtav1	svtav1_20191201_d8c5bc2	60	55	3939960.0	3939.96	30.630166666666675	33.18333333333333	37.10099999999999	30.598402	33.149848	37.09746	68.044867	7619876.0	126.99793333333334	1920	1080	50.0	8	2ef47687bdada7343960548dbc0116c8	c3005e293d95e2cb595cc05db602e474	1920	1080	44890.0	6.0	17125.0	7075.0	False	False
ducks_take_off_1080p50_60f	ducks_take_off_1080p50_60f	svtav1	svtav1_20191201_d8c5bc2	60	59	2535766.0	2535.766	29.440499999999997	32.3095	36.5185	29.407689	32.28107	36.515014	58.623459	5785508.0	96.42513333333333	1920	1080	50.0	8	c17ac2b13a9683083eb1f916babad8f8	a4cd6ac6e0170821aaa8b05899137042	1920	1080	22827.0	4.0	15167.0	7584.0	False	False
life_1080p30_60f	life_1080p30_60f	svtav1	svtav1_20191201_d8c5bc2	60	20	12822804.0	12822.804	44.448666666666675	49.645999999999994	49.23683333333334	44.434885	49.638223	49.229778	99.470176	10005546.0	166.7591	1920	1080	30.0	8	085de1cb7411374a393508af31c07a47	9778d56968012d775ac724153f2d018d	1920	1080	20509.0	4.0	13899.0	6450.0	False	False
life_1080p30_60f	life_1080p30_60f	svtav1	svtav1_20191201_d8c5bc2	60	32	6082444.0	6082.444	41.586999999999996	47.45683333333332	47.15866666666666	41.5656	47.44422	47.149686	97.782015	7395669.0	123.26115	1920	1080	30.0	8	07a46ee6d6c186270abf89e9dcf0d1c3	53835072ffcfc633d2883f47fe01fc2b	1920	1080	16694.0	4.0	12930.0	6276.0	False	False
life_1080p30_60f	life_1080p30_60f	svtav1	svtav1_20191201_d8c5bc2	60	43	3028920.0	3028.92	38.9055	45.47283333333332	45.335666666666675	38.877024	45.451468	45.321459	94.665765	8858586.0	147.6431	1920	1080	30.0	8	83764c8ce21fee048967c57fba282c3f	2154ac6e79a9db1a130e863d58283824	1920	1080	45314.0	5.0	10531.0	6496.0	False	False
life_1080p30_60f	life_1080p30_60f	svtav1	svtav1_20191201_d8c5bc2	60	55	1230444.0	1230.444	35.1555	42.58416666666666	42.402	35.139483	42.566427	42.385696	87.378542	4083512.0	68.05853333333333	1920	1080	30.0	8	fdb12cf6a395d32156818e6fe7348e2c	b5731707de33c478341eacfea5650b96	1920	1080	17331.0	5.0	9537.0	6459.0	False	False
life_1080p30_60f	life_1080p30_60f	svtav1	svtav1_20191201_d8c5bc2	60	59	775116.0	775.116	33.48466666666666	40.99833333333333	40.712833333333315	33.476454	40.989653	40.707613	81.06521	5241360.0	87.356	1920	1080	30.0	8	69eb76a6141749c9a82360b5ab71c22c	e833e6db6f9d65576fbe3fe82e69414d	1920	1080	18020.0	4.0	10131.0	7000.0	False	False
vidyo1_720p_60fps_60f	vidyo1_720p_60fps_60f	svtav1	svtav1_20191201_d8c5bc2	60	20	3974664.0	3974.664	45.590999999999994	48.15783333333334	49.48266666666664	45.577808	48.151826	49.479778	96.552058	4251183.0	70.85305	1280	720	60.0	8	d147ab747368ef05bffe14bac611b357	82d4ad7376ef3b354c7a3b8b3294faf1	1280	720	7209.0	18.0	4088.0	3010.0	False	False
vidyo1_720p_60fps_60f	vidyo1_720p_60fps_60f	svtav1	svtav1_20191201_d8c5bc2	60	32	1597232.0	1597.232	44.115500000000004	47.667000000000016	48.90683333333335	44.107122	47.662107	48.903531	95.333109	2783328.0	46.3888	1280	720	60.0	8	8df2804e3c5719cd065fc7165f530e33	f41587972d2d84a762e96095b05f2d2e	1280	720	8070.0	7.0	4832.0	3500.0	False	False
vidyo1_720p_60fps_60f	vidyo1_720p_60fps_60f	svtav1	svtav1_20191201_d8c5bc2	60	43	725800.0	725.8	42.60883333333333	46.90966666666667	47.894	42.603597	46.906999	47.89309	93.233809	1833274.0	30.554566666666666	1280	720	60.0	8	6d5aa845e42f1c56c153fabf569ce0d5	1b94fd62dbdbdf6efabca8ddc145b4eb	1280	720	7002.0	5.0	4831.0	3439.0	False	False
vidyo1_720p_60fps_60f	vidyo1_720p_60fps_60f	svtav1	svtav1_20191201_d8c5bc2	60	55	342624.0	342.624	40.15316666666666	45.45249999999999	45.94833333333335	40.143312	45.451222	45.946145	88.033605	1430224.0	23.837066666666665	1280	720	60.0	8	9b12f02c255788c9f7b4b0bc6879890d	20d98e60d218db263ed05f1e8112b8fd	1280	720	6584.0	4.0	2357.0	2801.0	False	False
vidyo1_720p_60fps_60f	vidyo1_720p_60fps_60f	svtav1	svtav1_20191201_d8c5bc2	60	59	223784.0	223.784	38.07233333333332	43.97749999999999	44.2735	38.066265	43.976854	44.272189	81.242488	1542417.0	25.70695	1280	720	60.0	8	65711f38cde05f1588b811bb20b5b4ca	e536b7bbdad9ea4b0a35973d060b7282	1280	720	9260.0	6.0	2624.0	3336.0	False	False
Netflix_TunnelFlag_1920x1080_60f	Netflix_TunnelFlag_1920x1080_60f	svtav1	svtav1_20191201_d8c5bc2	60	20	28003952.0	28003.952	42.865833333333335	46.88533333333334	48.40449999999999	42.847681	46.877109	48.401233	99.933286	12428551.0	207.14251666666667	1920	1080	60.0	8	6613cb661854f1dfeb4bf84d2f61d8bd	604a1cadb9003916afc7f8efce2df24f	1920	1080	19674.0	5.0	20372.0	6161.0	False	False
Netflix_TunnelFlag_1920x1080_60f	Netflix_TunnelFlag_1920x1080_60f	svtav1	svtav1_20191201_d8c5bc2	60	32	14020304.0	14020.304	40.5615	45.29333333333333	47.07716666666666	40.524604	45.289129	47.074355	99.917709	9041909.0	150.69848333333334	1920	1080	60.0	8	a6f1a1c2bdd0d3fa68ec0212f43a766f	251f221de1f6339f594c1d8c60afaf9e	1920	1080	16530.0	3.0	17792.0	6209.0	False	False
Netflix_TunnelFlag_1920x1080_60f	Netflix_TunnelFlag_1920x1080_60f	svtav1	svtav1_20191201_d8c5bc2	60	43	6937176.0	6937.176	38.02250000000001	43.328666666666656	45.46383333333334	37.972936	43.325279	45.460464	99.885904	6405431.0	106.75718333333333	1920	1080	60.0	8	132dba6a4ae87343bc6b65896c7aba5d	1407ae77ac24790ae43cdf57ed66e0e8	1920	1080	17264.0	6.0	15991.0	6738.0	False	False
Netflix_TunnelFlag_1920x1080_60f	Netflix_TunnelFlag_1920x1080_60f	svtav1	svtav1_20191201_d8c5bc2	60	55	3291360.0	3291.36	35.12316666666666	40.3165	42.62583333333332	35.090545	40.314508	42.622759	99.78799	5865938.0	97.76563333333333	1920	1080	60.0	8	49751426f3db2a6c9755f0def693836a	2bb65805cee8ed651903355b9eca459f	1920	1080	17511.0	6.0	14873.0	7376.0	False	False
Netflix_TunnelFlag_1920x1080_60f	Netflix_TunnelFlag_1920x1080_60f	svtav1	svtav1_20191201_d8c5bc2	60	59	2422768.0	2422.7680000000005	33.692	39.002500000000005	40.95333333333334	33.672326	38.999762	40.95003	99.667413	4830334.0	80.50556666666667	1920	1080	60.0	8	bc4889a7823a91b784d0d47c11492adb	db5a8f1e949b5deaaa4ec75ae58c08a4	1920	1080	17108.0	5.0	12815.0	6426.0	False	False
rush_hour_1080p25_60f	rush_hour_1080p25_60f	svtav1	svtav1_20191201_d8c5bc2	60	20	5582463.0	5582.463	43.09300000000001	46.89883333333333	48.898833333333336	43.091915	46.896398	48.89599	97.147068	10148180.0	169.13633333333334	1920	1080	25.0	8	1bc9e494bc341f0ff7204c4b9c949b1c	d2d4b4e6688a2d3b74a3a9eb9ddc64e5	1920	1080	14137.0	3.0	19005.0	6234.0	False	False
rush_hour_1080p25_60f	rush_hour_1080p25_60f	svtav1	svtav1_20191201_d8c5bc2	60	32	2650810.0	2650.81	42.226833333333346	45.931666666666665	47.69733333333334	42.223026	45.928749	47.693416	93.519566	11294766.0	188.2461	1920	1080	25.0	8	5cd7e031dc7f50d70fd7c9faaf0021b4	253e69b5e478f74c8468b746df9d671c	1920	1080	34204.0	19.0	17042.0	6625.0	False	False
rush_hour_1080p25_60f	rush_hour_1080p25_60f	svtav1	svtav1_20191201_d8c5bc2	60	43	1272950.0	1272.95	40.87066666666665	44.822333333333354	46.27333333333332	40.857163	44.818589	46.26339	86.345482	5007380.0	83.45633333333333	1920	1080	25.0	8	3cdea8b8c967c55312a127ba0e60be48	1ca967f4ea4e41a3645f8d595da0d420	1920	1080	13351.0	4.0	14567.0	6562.0	False	False
rush_hour_1080p25_60f	rush_hour_1080p25_60f	svtav1	svtav1_20191201_d8c5bc2	60	55	560573.0	560.573	38.73883333333333	43.064333333333316	44.16649999999998	38.709273	43.059664	44.154174	73.614679	3714297.0	61.90495	1920	1080	25.0	8	b6ed706bfd319abf733ff46cdbae534e	b84023cdcce46f4d2a44b3c7911892d3	1920	1080	13338.0	3.0	11921.0	6657.0	False	False
rush_hour_1080p25_60f	rush_hour_1080p25_60f	svtav1	svtav1_20191201_d8c5bc2	60	59	389340.0	389.34	37.59666666666667	42.125833333333325	43.03	37.564605	42.120823	43.016878	66.540823	4727322.0	78.7887	1920	1080	25.0	8	bccda23eb3e2ed537d6ef262a3b3f856	5c07b9f7dfdd76322a50225fe461c048	1920	1080	13366.0	16.0	10007.0	6593.0	False	False
MINECRAFT_60f_420	MINECRAFT_60f_420	svtav1	svtav1_20191201_d8c5bc2	60	20	84749488.0	84749.488	43.429166666666646	46.01483333333333	46.573833333333326	43.264584	45.852503	46.449813999999996	99.952378	10098872.0	168.31453333333334	1920	1080	60.0	8	33e1645fb1d1272e78952cbbfce84dbd	74c8194d6161ddf938a0f5aa305a7e8a	1920	1080	19543.0	4.0	27570.0	6395.0	False	False
MINECRAFT_60f_420	MINECRAFT_60f_420	svtav1	svtav1_20191201_d8c5bc2	60	32	50236384.0	50236.384	39.21766666666668	44.24466666666667	44.67616666666666	38.934126	44.118231	44.583244	99.919062	10197726.0	169.9621	1920	1080	60.0	8	5a77a155c89fb9dd5ca5f106d0f20f4f	6e2e59cc8e440bcf2980120ad9f5cfa4	1920	1080	21119.0	5.0	24587.0	6447.0	False	False
MINECRAFT_60f_420	MINECRAFT_60f_420	svtav1	svtav1_20191201_d8c5bc2	60	43	23020056.0	23020.056	34.875166666666665	42.623	42.846000000000004	34.560866	42.540109	42.781485	96.286167	8286687.0	138.11145	1920	1080	60.0	8	dca744d6100bb125fd5c6307d5a71659	04c30f14abb5e766436470dc1a21e0f9	1920	1080	19264.0	4.0	18340.0	6901.0	False	False
MINECRAFT_60f_420	MINECRAFT_60f_420	svtav1	svtav1_20191201_d8c5bc2	60	55	8447720.0	8447.72	31.387333333333338	40.40966666666668	40.52516666666668	31.222574	40.373677	40.489583	82.374496	7060729.0	117.67881666666666	1920	1080	60.0	8	c008d6692e95f387008a658da78f88aa	46bfb36d12a8bab81182112ce232ca93	1920	1080	19950.0	4.0	13645.0	6473.0	False	False
MINECRAFT_60f_420	MINECRAFT_60f_420	svtav1	svtav1_20191201_d8c5bc2	60	59	5183240.0	5183.24	30.12483333333334	39.14183333333334	39.150166666666664	30.032544999999995	39.12365	39.121778	74.193688	6624484.0	110.40806666666667	1920	1080	60.0	8	f030353800ece2a3f8e14d27619cc794	a03b13c492b688e192ed9837e0f41c94	1920	1080	19917.0	5.0	12375.0	6656.0	False	False
Netflix_FoodMarket_1920x1080_60f	Netflix_FoodMarket_1920x1080_60f	svtav1	svtav1_20191201_d8c5bc2	60	20	23113088.0	23113.088	41.128833333333326	44.891333333333336	45.62316666666665	41.121489	44.887744	45.621447	99.301123	12501722.0	208.36203333333333	1920	1080	60.0	8	7e96c4e3d5fa2f7a5d9840a4c64c8198	a7c4b63d5b1b747859b17797d8d8c701	1920	1080	17465.0	3.0	19958.0	6529.0	False	False
Netflix_FoodMarket_1920x1080_60f	Netflix_FoodMarket_1920x1080_60f	svtav1	svtav1_20191201_d8c5bc2	60	32	7212504.0	7212.504	39.75533333333332	44.03200000000001	44.93683333333334	39.74427	44.027382	44.934457	96.116916	8526383.0	142.10638333333333	1920	1080	60.0	8	afc745a3f4392a66779f4e460d19462a	900e075ae89526572dc36a83532cebfa	1920	1080	39406.0	7.0	13741.0	6551.0	False	False
Netflix_FoodMarket_1920x1080_60f	Netflix_FoodMarket_1920x1080_60f	svtav1	svtav1_20191201_d8c5bc2	60	43	3557904.0	3557.904	38.456166666666675	43.15233333333333	44.20683333333333	38.435474	43.146982	44.204866	91.402061	6581169.0	109.68615	1920	1080	60.0	8	26de4e31d683d5e5da978902b309370d	56f281c23c6aff8c2a738a4721e2e372	1920	1080	17220.0	8.0	12480.0	7093.0	False	False
Netflix_FoodMarket_1920x1080_60f	Netflix_FoodMarket_1920x1080_60f	svtav1	svtav1_20191201_d8c5bc2	60	55	1458672.0	1458.672	36.018	41.626999999999995	42.64216666666666	35.995847	41.620802	42.634194	78.310495	5062589.0	84.37648333333334	1920	1080	60.0	8	afd83800c7387becbbfaf4250855810d	6da87b31e3a006a526b3c25832e54b3f	1920	1080	17356.0	4.0	10643.0	6850.0	False	False
Netflix_FoodMarket_1920x1080_60f	Netflix_FoodMarket_1920x1080_60f	svtav1	svtav1_20191201_d8c5bc2	60	59	939440.0	939.44	34.6	40.68350000000001	41.61749999999999	34.58203	40.678964	41.599461	67.940354	4951125.0	82.51875	1920	1080	60.0	8	b628425a55afc69384dfd737bf5286a2	e0d11a1beba072742b5c3f6928c7198c	1920	1080	18581.0	18.0	9973.0	7182.0	False	False
ToddlerFountn_1920x1080_2997_10b	ToddlerFountn_1920x1080_2997_10b	svtav1	svtav1_20191201_d8c5bc2	60	20	58195719.0	58195.719	41.349833333333336	46.37533333333333	43.836833333333324	41.282315	46.357385	43.799112	99.908195	17311368.0	288.5228	1920	1080	29.97	10	4e39feac3806a8b1bd45e8f707734bd0	0eb8e62e2fab9b4322ece66f07ba3af1	1920	1080	29129.0	3.0	35043.0	6677.0	False	False
ToddlerFountn_1920x1080_2997_10b	ToddlerFountn_1920x1080_2997_10b	svtav1	svtav1_20191201_d8c5bc2	60	32	28961800.0	28961.8	37.11749999999999	44.781	41.87250000000002	37.008018	44.767998	41.847594	99.8747	14492520.0	241.542	1920	1080	29.97	10	2348a191c830b28f3d1232bc79f854ad	a6dd09922c65b6e911662a81a97b8afe	1920	1080	27758.0	5.0	29549.0	6483.0	False	False
ToddlerFountn_1920x1080_2997_10b	ToddlerFountn_1920x1080_2997_10b	svtav1	svtav1_20191201_d8c5bc2	60	43	12570169.0	12570.169	33.337333333333326	43.313833333333335	40.39099999999999	33.234291	43.306772	40.380707	89.299402	10603909.0	176.73181666666667	1920	1080	29.97	10	99955670730d66c78aa4104b98ffa529	ef8a70fd3d53ce9cb89652462817c263	1920	1080	28210.0	5.0	25784.0	6685.0	False	False
ToddlerFountn_1920x1080_2997_10b	ToddlerFountn_1920x1080_2997_10b	svtav1	svtav1_20191201_d8c5bc2	60	55	4392043.0	4392.043	29.878500000000006	41.933666666666674	39.27216666666667	29.818881	41.93117	39.270434	65.202321	9703670.0	161.72783333333334	1920	1080	29.97	10	73625fc1d83a76234c2c88ae983b62a5	45b900f694f5cb21f62b369d0f68413f	1920	1080	30696.0	3.0	21689.0	7114.0	False	False
ToddlerFountn_1920x1080_2997_10b	ToddlerFountn_1920x1080_2997_10b	svtav1	svtav1_20191201_d8c5bc2	60	59	2730419.0	2730.419	28.657333333333327	41.28633333333333	38.85266666666666	28.611571	41.285437	38.85123	53.507982	7376214.0	122.9369	1920	1080	29.97	10	53ba7b38b21414f5c3b6fc95bcbcb53a	73a58676b2256dabec547caba5bacbd7	1920	1080	29017.0	5.0	20198.0	7085.0	False	False
wikipedia_420	wikipedia_420	svtav1	svtav1_20191201_d8c5bc2	60	20	1639828.0	1639.828	55.30350000000001	52.677833333333346	53.64066666666667	55.291144	52.496873	53.57576000000001	99.83695000000002	5821258.0	97.02096666666667	1920	1080	30.0	8	8b678d9386d0cc80f0d67ecd6da7d226	7bf3e24a279146b8a9ca373ac984b37d	1920	1080	11966.0	4.0	3332.0	6582.0	False	False
wikipedia_420	wikipedia_420	svtav1	svtav1_20191201_d8c5bc2	60	32	938772.0	938.772	51.20783333333333	50.720666666666666	51.894833333333324	51.198699	50.485458	51.833428	99.822563	5662631.0	94.37718333333333	1920	1080	30.0	8	f4fee7aa5cc5d6564c4232540c5110f3	912d6c6f8ced1812a9b521d85517ad0b	1920	1080	11209.0	3.0	2628.0	5993.0	False	False
wikipedia_420	wikipedia_420	svtav1	svtav1_20191201_d8c5bc2	60	43	634404.0	634.404	48.620833333333316	48.76616666666666	50.11900000000001	48.60427	48.625897	50.074585	99.784238	5308340.0	88.47233333333334	1920	1080	30.0	8	cf89464921d7ab0733d6afb7db4ce4fd	57e1cb4be0f8eedafb2574fab3535d97	1920	1080	15801.0	4.0	2445.0	5722.0	False	False
wikipedia_420	wikipedia_420	svtav1	svtav1_20191201_d8c5bc2	60	55	428052.0	428.052	44.12083333333332	45.90133333333333	47.219	44.102678	45.85537	47.194302	99.593163	5927816.0	98.79693333333333	1920	1080	30.0	8	f7405170d512aa6ad5dc856156d0ab8d	3ff5b117160ffad970df803f6c648ee3	1920	1080	11689.0	3.0	2494.0	5880.0	False	False
wikipedia_420	wikipedia_420	svtav1	svtav1_20191201_d8c5bc2	60	59	341056.0	341.056	40.93916666666666	43.71033333333333	45.19616666666668	40.923171	43.669103	45.168211	99.30362	5813532.0	96.8922	1920	1080	30.0	8	0b343824a7db81503fc7569754255425	182fbea3fb23d6c5ab7782552b6d14c8	1920	1080	13968.0	16.0	2853.0	6250.0	False	False
Netflix_SquareAndTimelapse_1920x	Netflix_SquareAndTimelapse_1920x	svtav1	svtav1_20191201_d8c5bc2	60	20	20938064.0	20938.064	44.61050000000001	48.962166666666675	48.120000000000005	44.595638	48.955633	48.111069	99.894665	9366234.0	156.1039	1920	1080	60.0	8	42d959494823ff1134cb4f0c6da76059	e13482e0ee940f1ba01b6251a492ba6b	1920	1080	16563.0	16.0	16109.0	6570.0	False	False
Netflix_SquareAndTimelapse_1920x	Netflix_SquareAndTimelapse_1920x	svtav1	svtav1_20191201_d8c5bc2	60	32	11819728.0	11819.728	42.22533333333333	47.275499999999994	46.215500000000006	42.200162	47.263127000000004	46.199118	99.883771	8058400.0	134.30666666666667	1920	1080	60.0	8	615f13ee84f9543ef0879e6b3e0db799	50d6e06569053ec4e616f34c82d0ab44	1920	1080	16870.0	4.0	15202.0	6612.0	False	False
Netflix_SquareAndTimelapse_1920x	Netflix_SquareAndTimelapse_1920x	svtav1	svtav1_20191201_d8c5bc2	60	43	6473904.0	6473.904	39.367500000000014	45.21833333333333	43.951333333333324	39.325026	45.208295	43.935092000000004	98.699459	7736106.0	128.9351	1920	1080	60.0	8	303dcee317bf2b56b68c6798de8484c9	15f32cfdede9f2bcdfe7df8afe353cfc	1920	1080	16969.0	3.0	13239.0	6444.0	False	False
Netflix_SquareAndTimelapse_1920x	Netflix_SquareAndTimelapse_1920x	svtav1	svtav1_20191201_d8c5bc2	60	55	2983656.0	2983.656	35.52033333333335	42.17783333333334	40.855000000000025	35.482677	42.162624	40.84121	88.43586	8256162.0	137.6027	1920	1080	60.0	8	1d2174ab972a8dfb65e88ac4523dd25e	f6b367a1f2e03b6afe392c7701c7fbb1	1920	1080	33131.0	9.0	12277.0	6790.0	False	False
Netflix_SquareAndTimelapse_1920x	Netflix_SquareAndTimelapse_1920x	svtav1	svtav1_20191201_d8c5bc2	60	59	1988520.0	1988.52	33.45816666666667	40.40200000000001	39.08100000000001	33.438022	40.396694	39.074014	79.34931	6655162.0	110.91936666666666	1920	1080	60.0	8	970d1e17931cfc24dbdb2e1f24a17b2d	43ce27b1b9c04b1fd4eb3721ffbcc946	1920	1080	33355.0	7.0	12233.0	7242.0	False	False
touchdown_pass_1080p_60f	touchdown_pass_1080p_60f	svtav1	svtav1_20191201_d8c5bc2	60	20	20944171.0	20944.171	40.76200000000001	48.08066666666665	48.23750000000002	40.722952	48.07310300000001	48.228701	96.38551	12688690.0	211.47816666666668	1920	1080	29.97	8	6f078bda0a8a3281bbabf4e2a831e083	958fcfa3e74af7780544ce5b619c07e7	1920	1080	17315.0	5.0	27555.0	6833.0	False	False
touchdown_pass_1080p_60f	touchdown_pass_1080p_60f	svtav1	svtav1_20191201_d8c5bc2	60	32	5269523.0	5269.523	38.784333333333315	47.45233333333332	47.581	38.762493	47.444265	47.572329	94.301749	7952313.0	132.53855	1920	1080	29.97	8	429ac9ccd1cfdfe902d808eb9f69efe3	94b04fae46366996d4b04f8254132d92	1920	1080	19452.0	4.0	14428.0	6608.0	False	False
touchdown_pass_1080p_60f	touchdown_pass_1080p_60f	svtav1	svtav1_20191201_d8c5bc2	60	43	2153346.0	2153.346	37.52450000000001	46.42483333333335	46.501833333333344	37.503065	46.419042	46.494396	91.561085	7490496.0	124.8416	1920	1080	29.97	8	9a6d887cd4012ef53e20eb91aae33029	804deab1abe37d8f51aba22950ac6da2	1920	1080	19555.0	6.0	11510.0	6366.0	False	False
touchdown_pass_1080p_60f	touchdown_pass_1080p_60f	svtav1	svtav1_20191201_d8c5bc2	60	55	874186.0	874.186	35.20533333333333	44.55383333333334	44.64483333333333	35.179263	44.54775299999999	44.63757	82.725174	4347551.0	72.45918333333333	1920	1080	29.97	8	07bdbf0fea5ea18b68b08b3c9a187bbc	744fc0fe96ee9196f3c6bb3501daad7e	1920	1080	17270.0	4.0	10565.0	6952.0	False	False
touchdown_pass_1080p_60f	touchdown_pass_1080p_60f	svtav1	svtav1_20191201_d8c5bc2	60	59	521900.0	521.9	33.41283333333333	43.44016666666667	43.603666666666655	33.388515	43.43759	43.597894	72.277529	4761910.0	79.36516666666667	1920	1080	29.97	8	7c8494e09105af7c145498ea1532aba7	21c2e160baa5f084b328e9dd90d8c723	1920	1080	24409.0	5.0	8864.0	6530.0	False	False
