blue_sky_360p_60f	blue_sky_360p_60f	svtav1	svtav1_20191218_c72560a_enc-mode0	60	20	0	1334740.0	1334.74	44.25966666666668	45.73783333333333	47.45266666666667	44.213546	45.677319	47.402695	99.924455	772970.0	12.882833333333334	1268.79	640	360	25.0	8	f819153ea5d73dbd694f2395b6e66b2b	00d2823aa9d3e08881b10b8cab2da4f3	640	360	2480.0	4.0	2216.0	2911.0	False	False	0.992951	0.998611
blue_sky_360p_60f	blue_sky_360p_60f	svtav1	svtav1_20191218_c72560a_enc-mode0	60	32	0	679523.0	679.523	41.526999999999994	43.54433333333334	45.17100000000001	41.448042	43.488964	45.128709	99.917979	841311.0	14.02185	1509.28	640	360	25.0	8	ff1e308cdd8b7bea7fab23a0e20af3ab	e3c4851be71ed5b66356400f824feb4a	640	360	3072.0	5.0	3442.0	3975.0	False	False	0.989936	0.997907
blue_sky_360p_60f	blue_sky_360p_60f	svtav1	svtav1_20191218_c72560a_enc-mode0	60	43	0	360646.0	360.646	38.769	41.038	42.75616666666666	38.658036	40.974001	42.721091	99.620338	564397.0	9.406616666666666	994.29	640	360	25.0	8	5d556cf24aa8ff71a357fc12681d389a	2b729989424c8fd054f609faa9e0494b	640	360	3289.0	10.0	1962.0	3313.0	False	False	0.984556	0.996579
blue_sky_360p_60f	blue_sky_360p_60f	svtav1	svtav1_20191218_c72560a_enc-mode0	60	55	0	158376.0	158.376	35.00816666666667	37.23316666666668	39.390666666666654	34.921445	37.195248	39.368501	93.382746	325462.0	5.424366666666667	498.35	640	360	25.0	8	dd45b89fedb6524f8f9993c95c88a000	8fce72ac97de8e934957a1b54a88cc5b	640	360	2375.0	4.0	1584.0	2806.0	False	False	0.968749	0.99252
blue_sky_360p_60f	blue_sky_360p_60f	svtav1	svtav1_20191218_c72560a_enc-mode0	60	59	0	99843.0	99.843	32.479833333333325	35.44116666666668	38.19833333333335	32.448496	35.427528	38.186107	86.153376	307902.0	5.1317	544.51	640	360	25.0	8	4271ec0c739d21e570df458e162eb331	435b13fc6f0ab0617de02d73e4c246e4	640	360	2488.0	4.0	1498.0	2819.0	False	False	0.949723	0.986989
dark720p_60f	dark720p_60f	svtav1	svtav1_20191218_c72560a_enc-mode0	60	20	0	7056548.0	7056.548	46.038333333333334	43.333333333333336	44.86983333333334	45.981084	43.179224	44.74203	96.187928	4617377.0	76.95628333333333	7580.72	1280	720	30.0	8	2a9b6ce7bd23d38c7bda4a12b226ca97	0f7ffcb9875369119eac76a45c493161	1280	720	6979.0	11.0	11790.0	10478.0	False	False	0.994313	0.995071
dark720p_60f	dark720p_60f	svtav1	svtav1_20191218_c72560a_enc-mode0	60	32	0	1739316.0	1739.316	43.49999999999999	39.08983333333334	41.84183333333335	43.461139	39.000481	41.809827	93.121339	2532971.0	42.21618333333333	4129.49	1280	720	30.0	8	e23768d2e5a9db308287535af18ed4d7	5ef3099a54dc9ff2beac66e6775f5f06	1280	720	7176.0	4.0	9654.0	10886.0	False	False	0.991133	0.9926100000000001
dark720p_60f	dark720p_60f	svtav1	svtav1_20191218_c72560a_enc-mode0	60	43	0	301316.0	301.316	42.22050000000002	36.964333333333315	40.81366666666668	42.208914	36.949439	40.807553	90.362512	2628433.0	43.80721666666667	2738.63	1280	720	30.0	8	f0c1b1a1ec5c5d6bdf41df6f20bdab13	db8883c572a27f5b070e2847ea023d72	1280	720	16386.0	7.0	5649.0	10524.0	False	False	0.98939	0.9912310000000001
dark720p_60f	dark720p_60f	svtav1	svtav1_20191218_c72560a_enc-mode0	60	55	0	111356.0	111.356	40.65516666666667	36.23566666666668	39.829000000000015	40.64921	36.232147000000005	39.824955	85.870851	791398.0	13.189966666666667	1323.1	1280	720	30.0	8	d01a6b05d3a8349b8f42c0d0afc31b31	e57749e67c61e7187c857f3700aa7078	1280	720	6205.0	3.0	3075.0	10211.0	False	False	0.985306	0.988151
dark720p_60f	dark720p_60f	svtav1	svtav1_20191218_c72560a_enc-mode0	60	59	0	74208.0	74.208	39.18966666666669	35.55949999999999	38.87983333333332	39.184696	35.557039	38.87031	80.394398	794878.0	13.247966666666667	1267.98	1280	720	30.0	8	31372ddbb2bdf96cf10108505426566f	ec61ffec66116dd6a89ed8a14ab177c3	1280	720	6549.0	4.0	2707.0	10467.0	False	False	0.979892	0.98404
gipsrestat720p_60f	gipsrestat720p_60f	svtav1	svtav1_20191218_c72560a_enc-mode0	60	20	0	3524840.0	3524.8400000000006	44.90749999999999	47.46516666666666	49.073666666666654	44.896852	47.460977	49.070662	96.987279	2495636.0	41.59393333333333	4267.77	1280	720	50.0	8	7d47e7728d7ff9586f62eaa29f8e9e7b	f48c70833525a7c8d8f654d9718d0d89	1280	720	9443.0	6.0	4000.0	10350.0	False	False	0.997654	0.996999
gipsrestat720p_60f	gipsrestat720p_60f	svtav1	svtav1_20191218_c72560a_enc-mode0	60	32	0	1342366.0	1342.3659999999998	43.327333333333364	46.875	48.363499999999995	43.305255	46.872392	48.359583	95.836437	1722178.0	28.702966666666665	2740.37	1280	720	50.0	8	77ee64fc812555ee006234a16e079c6d	ae74a9c3e6c4942f5411920bcba29adc	1280	720	8483.0	5.0	2990.0	11114.0	False	False	0.996663	0.995992
gipsrestat720p_60f	gipsrestat720p_60f	svtav1	svtav1_20191218_c72560a_enc-mode0	60	43	0	699620.0	699.62	41.711833333333324	46.036499999999975	47.333833333333345	41.668973	46.034279	47.330991	94.104603	1089615.0	18.16025	1646.61	1280	720	50.0	8	c7ffc3053cb77caf515a38383b7e98d1	6ae58027498533a3fa56d6d12058bdb4	1280	720	7825.0	5.0	2691.0	10109.0	False	False	0.99506	0.9944970000000001
gipsrestat720p_60f	gipsrestat720p_60f	svtav1	svtav1_20191218_c72560a_enc-mode0	60	55	0	301933.0	301.933	38.420999999999985	43.61699999999999	44.58033333333332	38.40157	43.615804	44.579677999999994	88.672087	741283.0	12.354716666666667	1237.42	1280	720	50.0	8	65c3072a409d85a8932d02b1de3c1e39	7a8d90778d9c435849f0655e74fe5bd1	1280	720	7242.0	21.0	1731.0	9773.0	False	False	0.988225	0.988515
gipsrestat720p_60f	gipsrestat720p_60f	svtav1	svtav1_20191218_c72560a_enc-mode0	60	59	0	208026.0	208.026	36.56000000000002	42.26	42.82416666666665	36.550482	42.259101	42.823894	83.501721	1048819.0	17.480316666666667	1850.24	1280	720	50.0	8	400fa2c32ee8689d6581a6d478c79d81	df38156fe4e5f77e046f5832814f4e8e	1280	720	7213.0	4.0	1867.0	10159.0	False	False	0.980898	0.982413
kirland360p_60f	kirland360p_60f	svtav1	svtav1_20191218_c72560a_enc-mode0	60	20	0	265484.0	265.484	47.286666666666676	48.362500000000004	49.55250000000001	47.214726	48.346302	49.535371000000005	96.00839	462023.0	7.700383333333333	765.8	640	360	30.0	8	14d10dc370a60fd9792674c88e6d8751	64e7a0e13a79bc2a19e5a9a96c5c2a69	640	360	2072.0	5.0	905.0	3181.0	False	False	0.990819	0.99736
kirland360p_60f	kirland360p_60f	svtav1	svtav1_20191218_c72560a_enc-mode0	60	32	0	136876.0	136.876	46.11183333333333	47.935333333333354	48.87383333333334	45.952826	47.912166	48.844587	94.82240900000001	320062.0	5.334366666666667	535.9	640	360	30.0	8	48fb8503c1894e7ad329958db499421c	d2e0894f0b7409888280c0dedcccca10	640	360	2137.0	15.0	909.0	3119.0	False	False	0.989714	0.996952
kirland360p_60f	kirland360p_60f	svtav1	svtav1_20191218_c72560a_enc-mode0	60	43	0	72204.0	72.204	44.141000000000005	47.311000000000014	47.650666666666666	43.890938	47.273102	47.550917	91.91461	187517.0	3.1252833333333334	314.14	640	360	30.0	8	7f6060624070a61c4589bf0f10d569b5	a009e218c9ca87c3e2b67452b4246ea2	640	360	1714.0	4.0	493.0	2808.0	False	False	0.987186	0.995947
kirland360p_60f	kirland360p_60f	svtav1	svtav1_20191218_c72560a_enc-mode0	60	55	0	38548.0	38.548	41.14849999999999	46.15300000000001	46.10950000000002	40.808508	46.066116	45.812559	85.073517	231337.0	3.8556166666666667	393.98	640	360	30.0	8	b5aa49d8846daaec2aa363d1a392d94e	f3d0ec425095fefd6075bf369e235555	640	360	1672.0	5.0	500.0	2939.0	False	False	0.980991	0.993556
kirland360p_60f	kirland360p_60f	svtav1	svtav1_20191218_c72560a_enc-mode0	60	59	0	29004.0	29.004	39.37849999999999	45.37849999999999	45.10149999999999	38.993195	45.230134	44.751774	78.882776	228682.0	3.811366666666667	379.57	640	360	30.0	8	29edf4174f8e62618e08775746fb0102	07e7649b021e5275b71e810cacf351a5	640	360	1895.0	5.0	482.0	3009.0	False	False	0.975016	0.991024
niklas360p_60f	niklas360p_60f	svtav1	svtav1_20191218_c72560a_enc-mode0	60	20	0	1408664.0	1408.664	44.341333333333324	47.81216666666666	47.488499999999995	44.268185	47.752503	47.423214	98.34542	878700.0	14.645	1464.29	640	360	30.0	8	5c878e31d3efd34bf0b0feb5fe7c7bd4	2ad0185c6372ae436184d762cdfc39d2	640	360	2248.0	5.0	2020.0	3060.0	False	False	0.98648	0.996851
niklas360p_60f	niklas360p_60f	svtav1	svtav1_20191218_c72560a_enc-mode0	60	32	0	778260.0	778.26	41.900333333333336	46.34516666666668	45.81116666666666	41.806228	46.280995	45.739264	96.706613	696478.0	11.607966666666666	1227.27	640	360	30.0	8	58e96ce387e3889abd3235a8b909072c	815b222df4ec36a452d1d0cd4c4a920d	640	360	2299.0	4.0	1715.0	3101.0	False	False	0.981137	0.995196
niklas360p_60f	niklas360p_60f	svtav1	svtav1_20191218_c72560a_enc-mode0	60	43	0	414732.0	414.732	38.9575	44.571999999999996	43.76916666666667	38.861597	44.528578	43.716409	93.130196	523040.0	8.717333333333332	937.08	640	360	30.0	8	a05390f387276f1bd4ba759ce96a16d8	7032dc8f60c8cc6b14fb587ce770884a	640	360	2246.0	4.0	1403.0	2929.0	False	False	0.971003	0.991716
niklas360p_60f	niklas360p_60f	svtav1	svtav1_20191218_c72560a_enc-mode0	60	55	0	202948.0	202.948	35.32800000000001	42.161833333333334	41.012499999999996	35.25763	42.134639	40.976044	85.063244	456399.0	7.60665	780.54	640	360	30.0	8	73ee50d6faf0fcae742fa666cd3b2f31	fcf4968fc16a15805a5212c920fb900b	640	360	2263.0	3.0	1370.0	3025.0	False	False	0.948071	0.982818
niklas360p_60f	niklas360p_60f	svtav1	svtav1_20191218_c72560a_enc-mode0	60	59	0	138672.0	138.672	33.35366666666667	40.69933333333333	39.38500000000001	33.31506	40.68419000000001	39.359906	78.382578	371964.0	6.1994	620.62	640	360	30.0	8	a6d4cead87ab659ae0287084cd04ed23	2197897c3d1ca1b4c1c90027f2fa3eb2	640	360	2310.0	6.0	1162.0	3100.0	False	False	0.927466	0.973865
speed_bag_640x360_60f	speed_bag_640x360_60f	svtav1	svtav1_20191218_c72560a_enc-mode0	60	20	0	464516.0	464.516	46.914500000000004	49.65716666666666	51.127500000000005	46.842902	49.60885	51.075178	98.269277	631064.0	10.517733333333334	1041.83	640	360	29.97	8	3f3ff8208320d901c02150055700917c	01cebfb783c0b02d48a8d983f5e5d99c	640	360	1993.0	5.0	1645.0	3161.0	False	False	0.988713	0.997496
speed_bag_640x360_60f	speed_bag_640x360_60f	svtav1	svtav1_20191218_c72560a_enc-mode0	60	32	0	246914.0	246.91400000000002	45.11816666666664	48.381999999999984	49.94916666666668	44.977674	48.293111	49.842958	97.397325	513580.0	8.559666666666667	922.18	640	360	29.97	8	d5de79cff7cc3cb8f6f543b4d28c2a8f	1b48165ad55df92968348f598d851502	640	360	1984.0	18.0	1435.0	4099.0	False	False	0.985702	0.996246
speed_bag_640x360_60f	speed_bag_640x360_60f	svtav1	svtav1_20191218_c72560a_enc-mode0	60	43	0	138540.0	138.54	42.99516666666666	46.78783333333334	48.55516666666667	42.796263	46.674731	48.387999	94.915364	345419.0	5.756983333333333	591.41	640	360	29.97	8	2cbce455d79e5f59357932e1c372545f	b8357e871131da01407d1057262a25cb	640	360	1951.0	6.0	1290.0	3040.0	False	False	0.981502	0.99401
speed_bag_640x360_60f	speed_bag_640x360_60f	svtav1	svtav1_20191218_c72560a_enc-mode0	60	55	0	68907.0	68.907	39.65316666666664	43.86899999999999	46.20816666666667	39.401106	43.77453	46.007485	85.169881	277562.0	4.626033333333333	448.53	640	360	29.97	8	38e7afce7a869505fa32605724c3cea6	867113d5e724a5bd212909791e3d3ada	640	360	2183.0	5.0	1261.0	3274.0	False	False	0.972078	0.987991
speed_bag_640x360_60f	speed_bag_640x360_60f	svtav1	svtav1_20191218_c72560a_enc-mode0	60	59	0	51337.0	51.337	37.72233333333334	42.12416666666666	44.86116666666668	37.526719	42.058565	44.67015	77.05406	244419.0	4.07365	401.06	640	360	29.97	8	6568d560d6653ad6fb0e2ce5e03ea79f	e494a1a57e548e4ec9db4a24e0531dd9	640	360	2006.0	5.0	995.0	2971.0	False	False	0.964268	0.982238
DinnerScene_1920x1080_2997_10b	DinnerScene_1920x1080_2997_10b	svtav1	svtav1_20191218_c72560a_enc-mode0	60	20	0	1586987.0	1586.987	41.81999999999998	42.70883333333335	47.54733333333331	41.81811	42.706564	47.547141	91.560798	5304514.0	88.40856666666667	8370.54	1920	1080	29.97	10	34eac7ff5c576c7e782de9ef7a89a00d	96b97342085204012657d1cbf712cf14	1920	1080	28335.0	3.0	18769.0	24186.0	False	False	0.994233	0.988326
DinnerScene_1920x1080_2997_10b	DinnerScene_1920x1080_2997_10b	svtav1	svtav1_20191218_c72560a_enc-mode0	60	32	0	295352.0	295.352	41.632333333333335	42.29366666666665	47.385000000000005	41.631962	42.293226	47.384462	89.838132	3439254.0	57.3209	5522.23	1920	1080	29.97	10	9af4713f2537279084f475b1451ce9b8	4c815b9891b10ecb0a405cd4053f73ac	1920	1080	26101.0	6.0	10855.0	24695.0	False	False	0.993428	0.987529
DinnerScene_1920x1080_2997_10b	DinnerScene_1920x1080_2997_10b	svtav1	svtav1_20191218_c72560a_enc-mode0	60	43	0	151075.0	151.075	41.38183333333333	42.21200000000002	47.20216666666668	41.381989	42.211113	47.201724	86.891043	2101442.0	35.024033333333335	3572.91	1920	1080	29.97	10	1f773d64fe22f95468dcb9570892323b	5ead42423c79324d844bd13f327e3ab2	1920	1080	26671.0	6.0	8473.0	25472.0	False	False	0.9925529999999999	0.986661
DinnerScene_1920x1080_2997_10b	DinnerScene_1920x1080_2997_10b	svtav1	svtav1_20191218_c72560a_enc-mode0	60	55	0	70011.0	70.011	40.59933333333334	41.88950000000001	46.51833333333332	40.595924	41.889239	46.516426	78.44999	2050789.0	34.17981666666667	3207.89	1920	1080	29.97	10	c7cb4fc89f493f12d56e71ea667973e9	bf66d0d1a0d5ab387298ca89ad45a4a3	1920	1080	26168.0	15.0	8568.0	24472.0	False	False	0.988832	0.983256
DinnerScene_1920x1080_2997_10b	DinnerScene_1920x1080_2997_10b	svtav1	svtav1_20191218_c72560a_enc-mode0	60	59	0	49779.0	49.779	39.835499999999996	41.544333333333356	45.90866666666666	39.826628	41.544262	45.907528	68.840797	1671107.0	27.851783333333334	2804.36	1920	1080	29.97	10	5393db1bfa9c4724aacb9402d17e8459	82e3d5dbe233a9af7be8eff081fa0ae8	1920	1080	26312.0	19.0	8316.0	25791.0	False	False	0.9843430000000001	0.979334
KristenAndSara_1280x720_60f	KristenAndSara_1280x720_60f	svtav1	svtav1_20191218_c72560a_enc-mode0	60	20	0	3310088.0	3310.088	44.64683333333333	49.01599999999998	49.91966666666666	44.640138	49.014430999999995	49.918629	96.970646	2669214.0	44.4869	4513.47	1280	720	60.0	8	75fb5f8a45b99d7655c2eb0ceaa90e11	a493fa7429324e0f267c88104e721ae9	1280	720	7692.0	9.0	5054.0	11080.0	False	False	0.996004	0.995464
KristenAndSara_1280x720_60f	KristenAndSara_1280x720_60f	svtav1	svtav1_20191218_c72560a_enc-mode0	60	32	0	1351488.0	1351.488	43.52516666666665	48.32766666666667	49.22333333333333	43.515461	48.32602	49.221439	96.082587	1817592.0	30.2932	2876.53	1280	720	60.0	8	f6d9767a2383b636f964f19bc7a6a13c	554dff25b89f79484544729e2a810319	1280	720	7122.0	22.0	3635.0	10684.0	False	False	0.994782	0.994347
KristenAndSara_1280x720_60f	KristenAndSara_1280x720_60f	svtav1	svtav1_20191218_c72560a_enc-mode0	60	43	0	689560.0	689.56	42.13416666666667	47.231166666666674	48.11216666666665	42.117493	47.227954	48.109253	94.46984	1166357.0	19.439283333333332	1782.12	1280	720	60.0	8	3f812140c697b97e7b17294bc17a0393	74a9b5f0d3e7d10db3a6b804aa63dcbc	1280	720	11650.0	5.0	3297.0	10190.0	False	False	0.992543	0.992446
KristenAndSara_1280x720_60f	KristenAndSara_1280x720_60f	svtav1	svtav1_20191218_c72560a_enc-mode0	60	55	0	298368.0	298.368	39.283666666666676	44.6725	45.7365	39.258705	44.66509899999999	45.730263	88.826203	907167.0	15.11945	1515.62	1280	720	60.0	8	c92d382ce7fa9a377e3b3b1eb161bb4a	539fdcb8a7723b8100d82892d2236392	1280	720	7495.0	5.0	2697.0	10829.0	False	False	0.984733	0.986142
KristenAndSara_1280x720_60f	KristenAndSara_1280x720_60f	svtav1	svtav1_20191218_c72560a_enc-mode0	60	59	0	198416.0	198.416	37.45149999999998	43.05250000000002	44.24666666666668	37.432045	43.046347	44.243254	83.569648	1182259.0	19.704316666666667	2052.66	1280	720	60.0	8	b264a977aff808d16d0e32afc9064405	2c512235828414b16fa1a9506dcdb18c	1280	720	9029.0	4.0	2143.0	16665.0	False	False	0.977412	0.98029
STARCRAFT_60f_420	STARCRAFT_60f_420	svtav1	svtav1_20191218_c72560a_enc-mode0	60	20	0	6967792.0	6967.792	49.84449999999999	53.0085	53.031333333333336	49.835095	53.001094	53.02713000000001	97.507196	3174660.0	52.911	5374.09	1920	1080	60.0	8	90762818e0508916b953fc131cfac5a1	01524a511f1e430101ab5305f8852a98	1920	1080	16997.0	6.0	4907.0	28726.0	False	False	0.999533	0.999108
STARCRAFT_60f_420	STARCRAFT_60f_420	svtav1	svtav1_20191218_c72560a_enc-mode0	60	32	0	4375224.0	4375.224	47.078500000000005	51.06083333333335	51.219500000000025	47.060287	51.044462	51.211889	96.828969	2568503.0	42.80838333333333	4131.01	1920	1080	60.0	8	bf8997e2901ed6003e1ac6b1090e3a95	e3b6b4bfd070261ccecd6f928c0574d0	1920	1080	15356.0	5.0	3357.0	30866.0	False	False	0.999075	0.998359
STARCRAFT_60f_420	STARCRAFT_60f_420	svtav1	svtav1_20191218_c72560a_enc-mode0	60	43	0	2737096.0	2737.096	44.15133333333334	48.973833333333324	49.162333333333315	44.119058	48.943476	49.149814	95.616495	2143997.0	35.73328333333333	3525.8	1920	1080	60.0	8	feadccf0cdda119280a7af3d44b7a766	29936f23e7c51f5896cc73b645ee1f89	1920	1080	17850.0	6.0	3559.0	24308.0	False	False	0.998216	0.997041
STARCRAFT_60f_420	STARCRAFT_60f_420	svtav1	svtav1_20191218_c72560a_enc-mode0	60	55	0	1052360.0	1052.36	38.524333333333324	44.47166666666667	44.59833333333332	38.502826	44.450239	44.581141	89.731106	1407009.0	23.45015	2313.11	1920	1080	60.0	8	2d6acd1d736d9ca1c56caa357ccd3be8	4d7627d582e920d703890da977006164	1920	1080	14934.0	4.0	2935.0	23200.0	False	False	0.992177	0.988894
STARCRAFT_60f_420	STARCRAFT_60f_420	svtav1	svtav1_20191218_c72560a_enc-mode0	60	59	0	595880.0	595.88	35.43583333333334	42.07850000000001	42.11900000000001	35.422136	42.062839000000004	42.106832000000004	82.178462	1488756.0	24.8126	2418.4	1920	1080	60.0	8	d7af9392f9dffb7e281f7cdbc471c903	c9f1cb329b00eeb58fe202b2fb9ffccf	1920	1080	16830.0	4.0	3276.0	25755.0	False	False	0.9828500000000001	0.977454
thaloundeskmtg360p_60f	thaloundeskmtg360p_60f	svtav1	svtav1_20191218_c72560a_enc-mode0	60	20	0	885248.0	885.248	44.69550000000002	48.72649999999998	48.74866666666665	44.538989	48.666834	48.707879	96.908068	641284.0	10.688066666666666	1105.45	640	360	30.0	8	c2d21c3a21fd5c753e97073cfb1e72cf	4ebf0c6311bebd3df7b4148266f8970f	640	360	2174.0	3.0	1141.0	2938.0	False	False	0.992403	0.998371
thaloundeskmtg360p_60f	thaloundeskmtg360p_60f	svtav1	svtav1_20191218_c72560a_enc-mode0	60	32	0	437692.0	437.692	42.99983333333334	47.284	47.36333333333333	42.732409	47.247776	47.33893	95.85421	519375.0	8.65625	817.51	640	360	30.0	8	46024ae6b3aad5aeacf7b2c6feddd50f	0da2037265c24f8658235da6a2754f4f	640	360	2745.0	16.0	1076.0	3127.0	False	False	0.99019	0.99767
thaloundeskmtg360p_60f	thaloundeskmtg360p_60f	svtav1	svtav1_20191218_c72560a_enc-mode0	60	43	0	254784.0	254.784	41.07683333333335	45.82416666666667	46.01416666666666	40.768943	45.784795	45.992826	93.710181	494725.0	8.245416666666667	891.86	640	360	30.0	8	6facd94518723cab1a54a9fc557f785d	a1791df9ab834cbb42756ad6a6db9424	640	360	2352.0	6.0	837.0	3040.0	False	False	0.986513	0.996376
thaloundeskmtg360p_60f	thaloundeskmtg360p_60f	svtav1	svtav1_20191218_c72560a_enc-mode0	60	55	0	120396.0	120.396	37.478833333333334	42.60133333333333	42.74533333333334	37.23138000000001	42.594021	42.724837	87.239569	293347.0	4.889116666666666	463.22	640	360	30.0	8	063e60f573febd78ed96eee8cf70ec0e	725406de0ca119e68669b435cfb54e96	640	360	2232.0	4.0	729.0	3040.0	False	False	0.975756	0.991966
thaloundeskmtg360p_60f	thaloundeskmtg360p_60f	svtav1	svtav1_20191218_c72560a_enc-mode0	60	59	0	84656.0	84.656	35.30766666666667	40.823499999999996	41.16783333333335	34.997092	40.813501	41.148498	81.238981	345327.0	5.75545	584.55	640	360	30.0	8	698c157f6633919aec208427c1b8b37c	7a8bb6e27360ddc5f5d63a113e93a077	640	360	2302.0	11.0	726.0	3837.0	False	False	0.965263	0.987083
KristenAndSara_1280x720_60_10b	KristenAndSara_1280x720_60_10b	svtav1	svtav1_20191218_c72560a_enc-mode0	60	20	0	3389568.0	3389.568	44.959999999999994	49.60299999999998	50.62099999999999	44.953175	49.600892	50.620537	97.118567	2451127.0	40.85211666666667	4326.75	1280	720	60.0	10	3c43ec92509b1f707493e465465d2ac0	337e07d7ba6af80ab3f9bd2f96b2822b	1280	720	11498.0	31.0	4740.0	10865.0	False	False	0.996348	0.9957809999999999
KristenAndSara_1280x720_60_10b	KristenAndSara_1280x720_60_10b	svtav1	svtav1_20191218_c72560a_enc-mode0	60	32	0	1260976.0	1260.976	43.66383333333333	48.655999999999985	49.65099999999999	43.654937	48.653627	49.649411	96.209105	1950097.0	32.50161666666666	2901.78	1280	720	60.0	10	be759bf4ad8a41a7accd98347cbafe3a	76014ac57967bf6144d211216df5709a	1280	720	13927.0	6.0	4240.0	10345.0	False	False	0.995095	0.994619
KristenAndSara_1280x720_60_10b	KristenAndSara_1280x720_60_10b	svtav1	svtav1_20191218_c72560a_enc-mode0	60	43	0	668808.0	668.8079999999999	42.25216666666666	47.57633333333334	48.52066666666666	42.234021	47.572233	48.516617	94.622406	1454565.0	24.24275	2454.65	1280	720	60.0	10	51ee9cae138bc8c04018a479eceebfbe	e265d6aa23d1f7ffbc9e1667c8dd583f	1280	720	12152.0	4.0	3779.0	10542.0	False	False	0.992793	0.992685
KristenAndSara_1280x720_60_10b	KristenAndSara_1280x720_60_10b	svtav1	svtav1_20191218_c72560a_enc-mode0	60	55	0	291288.0	291.28799999999995	39.332499999999996	44.74533333333333	45.90799999999999	39.313731	44.738431	45.902	88.865974	911631.0	15.19385	1440.54	1280	720	60.0	10	d8eb56f02667d30b18ef5931eff4230b	d730e3e7a0bfe66784b7e7a674c36742	1280	720	10860.0	3.0	2879.0	9937.0	False	False	0.984938	0.986326
KristenAndSara_1280x720_60_10b	KristenAndSara_1280x720_60_10b	svtav1	svtav1_20191218_c72560a_enc-mode0	60	59	0	191896.0	191.896	37.37049999999999	43.05966666666667	44.00666666666668	37.354674	43.056178	44.003695	82.869616	1058725.0	17.645416666666666	1686.89	1280	720	60.0	10	70274d06889abbec931316104267406b	a4bba4a9d014ff206da2e9accd07d423	1280	720	11755.0	5.0	3166.0	11962.0	False	False	0.977049	0.980063
BarScene1_1920x1080_2997_10b	BarScene1_1920x1080_2997_10b	svtav1	svtav1_20191218_c72560a_enc-mode0	60	20	0	1800594.0	1800.594	42.476	44.77733333333332	43.78783333333332	42.475313	44.776858	43.78719	93.12064	4304739.0	71.74565	6929.36	1920	1080	29.97	10	8bf8734c5099446fd79fd9fa99838eec	3c25b619aee9865cd7da9df2923ee01e	1920	1080	25549.0	3.0	11886.0	24731.0	False	False	0.995854	0.9910149999999999
BarScene1_1920x1080_2997_10b	BarScene1_1920x1080_2997_10b	svtav1	svtav1_20191218_c72560a_enc-mode0	60	32	0	474331.0	474.331	42.14250000000001	44.56049999999998	43.45000000000001	42.141674	44.561612	43.450598	92.011258	3001402.0	50.02336666666667	4521.78	1920	1080	29.97	10	316d5e9b12c8e5e689f1cfc9bf93d767	0fb9d17e140cdfbee4b23aaf86e50dd7	1920	1080	27760.0	4.0	5165.0	26977.0	False	False	0.9950500000000001	0.990006
BarScene1_1920x1080_2997_10b	BarScene1_1920x1080_2997_10b	svtav1	svtav1_20191218_c72560a_enc-mode0	60	43	0	233184.0	233.184	41.65816666666669	44.38716666666668	43.285833333333336	41.658278	44.386943	43.285587	90.059199	2431305.0	40.52175	3886.33	1920	1080	29.97	10	860d19e555ccab4793b44c5f6cf926cb	47855ba16c19e19e6866c8f8acde03a1	1920	1080	29552.0	5.0	4449.0	26082.0	False	False	0.993819	0.9884
BarScene1_1920x1080_2997_10b	BarScene1_1920x1080_2997_10b	svtav1	svtav1_20191218_c72560a_enc-mode0	60	55	0	95958.0	95.958	40.4811666666667	43.83733333333331	42.85066666666664	40.480562	43.836891	42.84999	83.713586	1810214.0	30.170233333333332	2966.56	1920	1080	29.97	10	20f5a7fa682166afe296a1031a7baf6f	e1c3a3c501fa2a66df2bac3957f7344f	1920	1080	30489.0	4.0	3899.0	25042.0	False	False	0.989126	0.983458
BarScene1_1920x1080_2997_10b	BarScene1_1920x1080_2997_10b	svtav1	svtav1_20191218_c72560a_enc-mode0	60	59	0	60008.0	60.008	39.50683333333333	43.234333333333325	42.36433333333333	39.505052	43.234423	42.364706	76.91349999999998	2123291.0	35.38818333333333	2802.56	1920	1080	29.97	10	cc5ffbe9201f65ecbfa2bf65427fdd66	63464075773a9da569d4c9b8c670d64d	1920	1080	34114.0	5.0	4050.0	24868.0	False	False	0.983632	0.978577
Starting_1920x1080p_50_10b_pq_70	Starting_1920x1080p_50_10b_pq_70	svtav1	svtav1_20191218_c72560a_enc-mode0	60	20	0	4930546.0	4930.546	46.999166666666675	49.89616666666666	51.66416666666667	46.948392	49.832697	51.56785	96.817387	3366915.0	56.11525	5486.82	1920	1080	50.0	10	91f6ac8ddf3dcb033a4056eb2676e077	349e7f737a1ff6d493cda49a18f4e7ac	1920	1080	24221.0	4.0	8667.0	23930.0	False	False	0.999236	0.998187
Starting_1920x1080p_50_10b_pq_70	Starting_1920x1080p_50_10b_pq_70	svtav1	svtav1_20191218_c72560a_enc-mode0	60	32	0	2466700.0	2466.7	45.51216666666667	48.784	50.18716666666666	45.440151	48.735058	50.125583	95.733443	3125658.0	52.0943	5002.64	1920	1080	50.0	10	fe2fd08c06da72cb39be8e9d24d56616	9a04168b49f4d9850ee3e0bebd98224f	1920	1080	25795.0	5.0	8623.0	26457.0	False	False	0.998805	0.997506
Starting_1920x1080p_50_10b_pq_70	Starting_1920x1080p_50_10b_pq_70	svtav1	svtav1_20191218_c72560a_enc-mode0	60	43	0	1393120.0	1393.12	43.685166666666646	47.51983333333336	48.4425	43.604651	47.508033	48.427268	93.776458	2476602.0	41.2767	4021.36	1920	1080	50.0	10	da9f153f0ed69eeb70109e7b6176619b	41393e5fdc3e1c542bd501f01e8ae2ea	1920	1080	23144.0	5.0	7777.0	23876.0	False	False	0.997924	0.996288
Starting_1920x1080p_50_10b_pq_70	Starting_1920x1080p_50_10b_pq_70	svtav1	svtav1_20191218_c72560a_enc-mode0	60	55	0	560540.0	560.5399999999998	39.64833333333333	44.82483333333333	45.09033333333334	39.609649	44.824268	45.090178	86.565613	1574519.0	26.241983333333334	2669.46	1920	1080	50.0	10	16dc750b945e989de7cd27663a6bb10d	e4bf237d2ef54ebb7a4a1c7fc9feebd4	1920	1080	23485.0	4.0	6790.0	23426.0	False	False	0.993818	0.99077
Starting_1920x1080p_50_10b_pq_70	Starting_1920x1080p_50_10b_pq_70	svtav1	svtav1_20191218_c72560a_enc-mode0	60	59	0	326513.0	326.513	36.95816666666668	43.151833333333336	43.31683333333333	36.938534	43.151992	43.316702	78.407336	1575486.0	26.2581	2537.5	1920	1080	50.0	10	0d9efdecd6ef783bf99d4ed51313132c	06edf553f24593eff72f26c4651ace8f	1920	1080	23767.0	3.0	6621.0	24422.0	False	False	0.987807	0.982854
red_kayak_360p_60f	red_kayak_360p_60f	svtav1	svtav1_20191218_c72560a_enc-mode0	60	20	0	9209494.0	9209.494	41.129166666666656	44.74949999999999	49.19650000000001	41.049261	44.717575	49.186552	99.895431	1807724.0	30.128733333333333	3077.94	640	360	29.97	8	ddbfccfded0a7dd8a795132f494cad61	79d4833437d22a94cc7fdac83785d203	640	360	3150.0	4.0	4074.0	3258.0	False	False	0.97271	0.994429
red_kayak_360p_60f	red_kayak_360p_60f	svtav1	svtav1_20191218_c72560a_enc-mode0	60	32	0	5413501.0	5413.501	36.578833333333336	42.28116666666666	47.93716666666667	36.415829	42.230318	47.92373	99.737695	1326937.0	22.115616666666668	2316.11	640	360	29.97	8	8fd0f84d97e274d26fff0f4fde3ed44c	d6bc2e8dd0a434ed28b03e404b19b3b4	640	360	2813.0	5.0	3580.0	3092.0	False	False	0.940945	0.986363
red_kayak_360p_60f	red_kayak_360p_60f	svtav1	svtav1_20191218_c72560a_enc-mode0	60	43	0	2384877.0	2384.877	31.824500000000008	39.90566666666667	46.66216666666666	31.676005	39.86196400000001	46.636794	85.786004	1132061.0	18.867683333333332	1985.19	640	360	29.97	8	31e7d6ac4c10c8e51b3a9ba13a6e5a30	e15d2756af04e785ce69f6b6db0e868e	640	360	2768.0	3.0	2999.0	6223.0	False	False	0.86888	0.965148
red_kayak_360p_60f	red_kayak_360p_60f	svtav1	svtav1_20191218_c72560a_enc-mode0	60	55	0	703504.0	703.504	27.929666666666666	38.06033333333333	45.25600000000001	27.836405	38.035018	45.193449	57.527143	1095105.0	18.25175	2017.55	640	360	29.97	8	d52b1ae515dc0b0ac372b72bd8bae2e0	02fed4c6bae52e57c18a4d7644cf8243	640	360	3020.0	5.0	2515.0	3014.0	False	False	0.750192	0.915961
red_kayak_360p_60f	red_kayak_360p_60f	svtav1	svtav1_20191218_c72560a_enc-mode0	60	59	0	373975.0	373.975	26.757	37.32066666666667	44.54683333333334	26.686242	37.297079000000004	44.438794	42.841009	598828.0	9.980466666666667	1033.42	640	360	29.97	8	e626a061c3682f59a43ec61520679eff	2e21fa022f76ec5b48149a9b6b5fc60c	640	360	2826.0	5.0	2434.0	3492.0	False	False	0.701547	0.8837050000000001
shields_640x360_60f	shields_640x360_60f	svtav1	svtav1_20191218_c72560a_enc-mode0	60	20	0	2350440.0	2350.44	42.40933333333332	45.61683333333334	47.299333333333344	42.278094	45.594729	47.232621	99.441599	1081019.0	18.016983333333332	1890.96	640	360	50.0	8	38144578e750ba0bd9a191ce9bec717d	346448031eb179bdde34c72a9ca0da09	640	360	3910.0	6.0	1666.0	3053.0	False	False	0.985747	0.998295
shields_640x360_60f	shields_640x360_60f	svtav1	svtav1_20191218_c72560a_enc-mode0	60	32	0	1255866.0	1255.8659999999998	40.69766666666666	44.05966666666667	45.66899999999999	40.499394	44.022936	45.564049	99.43702	682101.0	11.36835	1145.88	640	360	50.0	8	44b44d3b25196141869979e1649eb0f7	727bd24c14600f23ba53b3b23cbd122e	640	360	4046.0	5.0	1565.0	3101.0	False	False	0.98124	0.997663
shields_640x360_60f	shields_640x360_60f	svtav1	svtav1_20191218_c72560a_enc-mode0	60	43	0	665773.0	665.773	38.154833333333336	41.39783333333331	43.19216666666668	37.879703	41.317736	43.030138	99.398429	517855.0	8.630916666666666	893.65	640	360	50.0	8	14a3cefdb52567b4d7f02ee5640828da	8eccb82caee120f9db140aa861a23121	640	360	3632.0	6.0	1352.0	3143.0	False	False	0.970217	0.995873
shields_640x360_60f	shields_640x360_60f	svtav1	svtav1_20191218_c72560a_enc-mode0	60	55	0	324486.0	324.486	34.452666666666666	38.11350000000001	40.174333333333315	34.098267	37.952823	39.929773	95.18655400000002	375794.0	6.263233333333333	635.48	640	360	50.0	8	72e26dc80de7a8f5663b5a0fb83b3058	6f143f4d4c9e5b878c51d19a272b0261	640	360	3186.0	4.0	1110.0	5147.0	False	False	0.940819	0.989989
shields_640x360_60f	shields_640x360_60f	svtav1	svtav1_20191218_c72560a_enc-mode0	60	59	0	207960.0	207.96	31.912333333333326	36.239500000000014	38.31783333333335	31.494273	36.024605	38.076182	88.462956	495347.0	8.255783333333333	867.56	640	360	50.0	8	c155115f5d353e9dbd489b5d4d35d635	352dfb5c7904d62ef7ac1ffda4bdc00e	640	360	3625.0	5.0	1749.0	3890.0	False	False	0.903031	0.981171
vidyo1_720p_60fps_60f	vidyo1_720p_60fps_60f	svtav1	svtav1_20191218_c72560a_enc-mode0	60	20	0	3914912.0	3914.912	45.574	48.144	49.46249999999996	45.559636	48.137792	49.460191	96.513791	2237932.0	37.29886666666667	3757.27	1280	720	60.0	8	888340d3df081c7657209cb115c6902f	c771541e3d856f4d34538db12f110e2f	1280	720	6777.0	5.0	3797.0	10093.0	False	False	0.997603	0.996991
vidyo1_720p_60fps_60f	vidyo1_720p_60fps_60f	svtav1	svtav1_20191218_c72560a_enc-mode0	60	32	0	1479368.0	1479.368	44.037166666666664	47.61366666666666	48.83316666666666	44.031166	47.609785	48.83165900000001	95.214181	1688569.0	28.14281666666667	2863.68	1280	720	60.0	8	22dafc4dec5cbb8463c70d724b13fd5d	19425a22c06c347494f39c4b5a3c50a8	1280	720	9794.0	6.0	3394.0	10356.0	False	False	0.996162	0.995592
vidyo1_720p_60fps_60f	vidyo1_720p_60fps_60f	svtav1	svtav1_20191218_c72560a_enc-mode0	60	43	0	692688.0	692.688	42.49083333333331	46.879166666666656	47.8405	42.485515	46.876848	47.838493	93.001804	1350367.0	22.506116666666667	2121.37	1280	720	60.0	8	e7db91b003bdef9e33b00f3e73e2f3fc	deab835e02e843feb46767ea65464808	1280	720	6674.0	8.0	2710.0	11197.0	False	False	0.993979	0.993684
vidyo1_720p_60fps_60f	vidyo1_720p_60fps_60f	svtav1	svtav1_20191218_c72560a_enc-mode0	60	55	0	324912.0	324.912	39.94466666666667	45.33016666666666	45.83516666666664	39.936156	45.329548	45.833815	87.401131	1212041.0	20.200683333333334	2080.44	1280	720	60.0	8	5acd0c9d2af99a0365b5adfdd5e75e2b	b71142e6403e9fd6b449387b8d4c825b	1280	720	7876.0	2.0	2779.0	11409.0	False	False	0.987731	0.988583
vidyo1_720p_60fps_60f	vidyo1_720p_60fps_60f	svtav1	svtav1_20191218_c72560a_enc-mode0	60	59	0	214120.0	214.12	37.995833333333316	43.8885	44.110499999999995	37.988976	43.888068	44.109728	81.067482	669463.0	11.157716666666667	1140.68	1280	720	60.0	8	956a151e2bb1d30c9ba71d3d07277593	07f9ce8d9979b7b6a7f8aa524ed7e67e	1280	720	6641.0	27.0	2157.0	9912.0	False	False	0.979526	0.982044
Aerial_1920x1080_2997_10b	Aerial_1920x1080_2997_10b	svtav1	svtav1_20191218_c72560a_enc-mode0	60	20	0	9594356.0	9594.356	43.60699999999999	46.050666666666665	45.36083333333333	43.570986	46.034157	45.346192	96.473994	7028951.0	117.14918333333334	10850.47	1920	1080	29.97	10	0046fc890dc61f192731ae39b9bf236e	f90df947ea2fdfc0e18d9919194abfd2	1920	1080	30526.0	4.0	10736.0	24845.0	False	False	0.998972	0.997954
Aerial_1920x1080_2997_10b	Aerial_1920x1080_2997_10b	svtav1	svtav1_20191218_c72560a_enc-mode0	60	32	0	5182838.0	5182.838	41.872666666666674	44.86500000000001	44.33416666666667	41.822700000000005	44.850344	44.322921	95.417828	4548292.0	75.80486666666667	7476.76	1920	1080	29.97	10	4a7d694abc034a454859714ea17f8073	30c14b37276833f3bbe171e30d060eb5	1920	1080	31742.0	8.0	9516.0	24735.0	False	False	0.998498	0.997118
Aerial_1920x1080_2997_10b	Aerial_1920x1080_2997_10b	svtav1	svtav1_20191218_c72560a_enc-mode0	60	43	0	2989089.0	2989.089	39.713166666666666	43.17249999999999	42.99966666666668	39.662458	43.164261	42.996008	93.273904	2866487.0	47.77478333333333	5027.57	1920	1080	29.97	10	b126aa914e9cf80e3eef2a1d8a210951	608c75393741aa14a0bccab3505436dd	1920	1080	29584.0	4.0	7508.0	23880.0	False	False	0.997502	0.995394
Aerial_1920x1080_2997_10b	Aerial_1920x1080_2997_10b	svtav1	svtav1_20191218_c72560a_enc-mode0	60	55	0	1162360.0	1162.36	35.0655	40.02700000000002	40.64633333333334	35.052365	40.025313	40.646559	85.806254	2704431.0	45.07385	4069.11	1920	1080	29.97	10	524961d6ea3f50923ba403ba096f5aff	8e039ab180754efd689ed050c2b8d7b2	1920	1080	33759.0	50.0	6334.0	30171.0	False	False	0.992675	0.986615
Aerial_1920x1080_2997_10b	Aerial_1920x1080_2997_10b	svtav1	svtav1_20191218_c72560a_enc-mode0	60	59	0	619460.0	619.4600000000002	32.11766666666666	38.43083333333337	39.60633333333331	32.115077	38.429876	39.605969	76.982905	3058441.0	50.974016666666664	4051.54	1920	1080	29.97	10	e7c9dad36ae6249ce6439d00cd49e088	74b8f679153df7df34da83847fec6e1b	1920	1080	53545.0	5.0	6001.0	24886.0	False	False	0.984223	0.971328
RollerCoastPas_1920x1080_2997_10	RollerCoastPas_1920x1080_2997_10	svtav1	svtav1_20191218_c72560a_enc-mode0	60	20	0	3150494.0	3150.494	45.102499999999985	45.31199999999999	43.89416666666667	45.10079600000001	45.311338	43.892643	97.109789	6455996.0	107.59993333333334	6912.17	1920	1080	29.97	10	e6b272477955ab5513ad99f8d94e72c4	948666ee90f807429545f255f06a34d1	1920	1080	42543.0	5.0	8504.0	51947.0	False	False	0.998642	0.996911
RollerCoastPas_1920x1080_2997_10	RollerCoastPas_1920x1080_2997_10	svtav1	svtav1_20191218_c72560a_enc-mode0	60	32	0	1375640.0	1375.64	43.95166666666665	44.589666666666645	43.09083333333332	43.950144	44.589393	43.089555	96.352991	3195246.0	53.2541	4921.03	1920	1080	29.97	10	dac3e63a13bca8e39bab0574272fdbdd	4e5980643170cda3a39244a571ca636f	1920	1080	27426.0	10.0	5898.0	24760.0	False	False	0.998101	0.996006
RollerCoastPas_1920x1080_2997_10	RollerCoastPas_1920x1080_2997_10	svtav1	svtav1_20191218_c72560a_enc-mode0	60	43	0	766608.0	766.608	42.34066666666669	43.59249999999998	42.248833333333344	42.334561	43.591822	42.24831	94.887914	2875779.0	47.92965	4407.42	1920	1080	29.97	10	3f918a3f99461956348fa6ea90fc45fc	17f460b257326cd8a037cf68595d9e68	1920	1080	26875.0	6.0	5514.0	25407.0	False	False	0.996957	0.994247
RollerCoastPas_1920x1080_2997_10	RollerCoastPas_1920x1080_2997_10	svtav1	svtav1_20191218_c72560a_enc-mode0	60	55	0	315396.0	315.396	38.67983333333333	41.03216666666666	39.91649999999998	38.668899	41.031305	39.914223	88.87724	2511712.0	41.861866666666664	3827.21	1920	1080	29.97	10	041964a1c2dd2acd3c97978b3d71696e	7b82fb28d44f659943871885f0c64404	1920	1080	29293.0	4.0	5268.0	25447.0	False	False	0.99148	0.986996
RollerCoastPas_1920x1080_2997_10	RollerCoastPas_1920x1080_2997_10	svtav1	svtav1_20191218_c72560a_enc-mode0	60	59	0	201620.0	201.62	36.42616666666667	39.44149999999999	38.41799999999999	36.412962	39.440245	38.416554	81.721746	2066606.0	34.44343333333333	3393.4	1920	1080	29.97	10	c3967761b9cc85252244b20caecee9e3	742824791172d2006c51e8f94652b3e7	1920	1080	28845.0	22.0	4244.0	26143.0	False	False	0.984405	0.978467
DOTA2_60f_420	DOTA2_60f_420	svtav1	svtav1_20191218_c72560a_enc-mode0	60	20	0	16085096.0	16085.096	45.54566666666667	49.32716666666667	49.44233333333332	45.519302	49.290473	49.415768	97.572447	6056149.0	100.93581666666667	11207.52	1920	1080	60.0	8	47f2c6178f71ecd3742536a87b7ebc88	ede75c0c5264a2e602fe72a420e8ea85	1920	1080	23121.0	3.0	9527.0	24135.0	False	False	0.99866	0.997421
DOTA2_60f_420	DOTA2_60f_420	svtav1	svtav1_20191218_c72560a_enc-mode0	60	32	0	7826424.0	7826.424	43.055666666666674	47.071833333333345	47.321333333333335	43.00686600000001	47.018577	47.284147	95.723462	4532683.0	75.54471666666667	7445.45	1920	1080	60.0	8	45f03dab56dc048da4cc3749ad01514c	91bdf3863ddfb6a1fdb96618184258fb	1920	1080	17906.0	3.0	8309.0	24142.0	False	False	0.997403	0.995227
DOTA2_60f_420	DOTA2_60f_420	svtav1	svtav1_20191218_c72560a_enc-mode0	60	43	0	3738632.0	3738.632	40.335000000000015	44.551500000000004	44.926166666666674	40.274521	44.486542	44.88756	92.069428	3079699.0	51.328316666666666	4865.76	1920	1080	60.0	8	e171df90aaed3c32f84a0c3839c1bcab	5b489e82dee15ed5f15db3bb99adaabf	1920	1080	17254.0	5.0	8401.0	27166.0	False	False	0.994198	0.990233
DOTA2_60f_420	DOTA2_60f_420	svtav1	svtav1_20191218_c72560a_enc-mode0	60	55	0	1379104.0	1379.104	36.50249999999999	40.97766666666668	41.26116666666666	36.466639	40.939499	41.239196	81.348923	2071486.0	34.524766666666665	3529.61	1920	1080	60.0	8	1b9de87bd6032d7d3f439c715e936576	b74198832e5182341e68420f1b2f0386	1920	1080	16687.0	4.0	6501.0	23561.0	False	False	0.979839	0.972985
DOTA2_60f_420	DOTA2_60f_420	svtav1	svtav1_20191218_c72560a_enc-mode0	60	59	0	876920.0	876.92	34.71566666666667	39.28483333333333	39.60033333333334	34.694334	39.264826	39.581581	72.616097	1961342.0	32.689033333333334	3117.7	1920	1080	60.0	8	7b458732d98d2a10d03b137ee9594945	4b517346dab447c0468fb1a81d37404b	1920	1080	16539.0	3.0	6161.0	24534.0	False	False	0.965426	0.95854
aspen_1080p_60f	aspen_1080p_60f	svtav1	svtav1_20191218_c72560a_enc-mode0	60	20	0	8397380.0	8397.38	44.011333333333326	47.98033333333331	49.11116666666667	44.002121	47.978756	49.108551	97.914877	6489330.0	108.1555	10850.54	1920	1080	29.97	8	edfffee082dd06a2ba02e923a1a7cd63	00855b5648d24fe384c7f409def886a5	1920	1080	12357.0	4.0	17568.0	23539.0	False	False	0.996031	0.992499
aspen_1080p_60f	aspen_1080p_60f	svtav1	svtav1_20191218_c72560a_enc-mode0	60	32	0	2594922.0	2594.922	42.153666666666666	47.003	48.13649999999998	42.138778	47.001653	48.13336	94.010833	5460812.0	91.01353333333333	8704.68	1920	1080	29.97	8	81d610788a33c397f7096312b0ab45dd	63fbb3ffc34ce7cbe5719af10a7be758	1920	1080	14609.0	4.0	14161.0	24582.0	False	False	0.994002	0.989689
aspen_1080p_60f	aspen_1080p_60f	svtav1	svtav1_20191218_c72560a_enc-mode0	60	43	0	1073914.0	1073.914	40.71816666666667	45.69283333333335	46.80083333333334	40.701967	45.690078	46.796768	88.788791	3903504.0	65.0584	5896.96	1920	1080	29.97	8	e2beed54adae073d568570dfa4752f76	622e07f7424d078fc5a04f174de316ae	1920	1080	13087.0	4.0	11318.0	24296.0	False	False	0.991228	0.986557
aspen_1080p_60f	aspen_1080p_60f	svtav1	svtav1_20191218_c72560a_enc-mode0	60	55	0	462476.0	462.476	38.56116666666666	43.532833333333315	44.4695	38.535115	43.525888	44.466275	78.746741	2664553.0	44.409216666666666	4208.08	1920	1080	29.97	8	96f273cbee834f47cf70f7059c5e41fc	37347baf8873ae74019f22cba5fe4c31	1920	1080	14780.0	5.0	10533.0	23789.0	False	False	0.984242	0.979296
aspen_1080p_60f	aspen_1080p_60f	svtav1	svtav1_20191218_c72560a_enc-mode0	60	59	0	298495.0	298.495	36.88833333333334	42.154666666666664	42.76433333333333	36.861811	42.148336	42.762313999999996	68.639959	2290206.0	38.1701	3538.53	1920	1080	29.97	8	f6d0e58234a8fdd4474937d16152f5b1	4cb5e5c900dd272cf7d06e45255e8d99	1920	1080	12596.0	4.0	9906.0	24488.0	False	False	0.974678	0.970035
vidyo4_720p_60fps_60f	vidyo4_720p_60fps_60f	svtav1	svtav1_20191218_c72560a_enc-mode0	60	20	0	5387336.0	5387.336	44.27516666666667	49.97450000000002	50.26049999999998	44.245919	49.970996	50.256875	97.760403	2802430.0	46.707166666666666	4495.52	1280	720	60.0	8	7c8a93173fc725dac6bbde835fdac17a	2ab1e753b8bc9bd0101e1d98f6a4ba17	1280	720	7464.0	4.0	4969.0	10057.0	False	False	0.996468	0.995714
vidyo4_720p_60fps_60f	vidyo4_720p_60fps_60f	svtav1	svtav1_20191218_c72560a_enc-mode0	60	32	0	1901928.0	1901.928	42.82633333333335	49.37983333333334	49.654166666666654	42.78417	49.373783	49.64991	96.439547	1465377.0	24.42295	2646.52	1280	720	60.0	8	12fd4bcf720cc20c183d01984b2c8c46	6769e281a9a65f9bd6d7645563590995	1280	720	6810.0	3.0	3540.0	9845.0	False	False	0.994683	0.993919
vidyo4_720p_60fps_60f	vidyo4_720p_60fps_60f	svtav1	svtav1_20191218_c72560a_enc-mode0	60	43	0	914936.0	914.936	41.42400000000001	48.463999999999984	48.73133333333333	41.372768	48.45530900000001	48.724944	94.443736	1562640.0	26.044	2414.0	1280	720	60.0	8	098e4889116739a0c127efaefbcf0f83	84026cddd08c6e8ba6147fd046914f6f	1280	720	7323.0	3.0	3565.0	10611.0	False	False	0.991821	0.991346
vidyo4_720p_60fps_60f	vidyo4_720p_60fps_60f	svtav1	svtav1_20191218_c72560a_enc-mode0	60	55	0	414728.0	414.728	39.100500000000004	46.62316666666667	46.77983333333334	39.037304999999996	46.611045	46.771737	88.946189	1019527.0	16.992116666666668	1630.11	1280	720	60.0	8	7c0d92d5a80616142262987821ee10be	fcb646d94739693e656dfa7acfc36392	1280	720	6568.0	4.0	2902.0	10182.0	False	False	0.983156	0.984372
vidyo4_720p_60fps_60f	vidyo4_720p_60fps_60f	svtav1	svtav1_20191218_c72560a_enc-mode0	60	59	0	274480.0	274.4800000000001	37.40833333333334	45.116499999999995	45.101000000000006	37.36302	45.11191	45.096697	83.223365	1400755.0	23.345916666666668	1355.63	1280	720	60.0	8	bb9077c9d4cfc8bed6dfeab265a198d9	3ea9e2018f9c052f6499cb7ba6f69b7c	1280	720	11906.0	3.0	3277.0	19483.0	False	False	0.973347	0.976763
Sintel_Dragons_1920x816_24_10b	Sintel_Dragons_1920x816_24_10b	svtav1	svtav1_20191218_c72560a_enc-mode0	60	20	0	5201046.0	5201.046	46.88233333333332	51.23666666666664	51.442999999999984	46.80848	51.210943	51.399506	99.912281	5902638.0	98.3773	9683.95	1920	816	24.0	10	e1490007a74d7b1b71cc559b35aa6b45	d452137c6bfad77a852ce77bc1af380e	1920	816	16151.0	5.0	15923.0	16538.0	False	False	0.996685	0.996848
Sintel_Dragons_1920x816_24_10b	Sintel_Dragons_1920x816_24_10b	svtav1	svtav1_20191218_c72560a_enc-mode0	60	32	0	2659251.0	2659.2509999999997	43.81133333333334	48.80433333333334	48.92199999999999	43.734965	48.768311	48.853118	99.893376	5366545.0	89.44241666666667	8713.3	1920	816	24.0	10	84be15beab78d48ef08c1434b5b5d617	d14d9726297bc0a19f048092cf5b256d	1920	816	15112.0	3.0	15343.0	16544.0	False	False	0.994033	0.994465
Sintel_Dragons_1920x816_24_10b	Sintel_Dragons_1920x816_24_10b	svtav1	svtav1_20191218_c72560a_enc-mode0	60	43	0	1384883.0	1384.883	40.80766666666667	46.39	46.48866666666665	40.734915	46.344401	46.403402	97.938543	4237636.0	70.62726666666667	7110.52	1920	816	24.0	10	04a5ad9313ec866ba8c0ba088e0433fd	e65e8b93a5007a45bab2b306dcd859c2	1920	816	14425.0	5.0	13808.0	16370.0	False	False	0.988466	0.989753
Sintel_Dragons_1920x816_24_10b	Sintel_Dragons_1920x816_24_10b	svtav1	svtav1_20191218_c72560a_enc-mode0	60	55	0	671088.0	671.088	37.39683333333334	43.443000000000005	43.63700000000001	37.34165599999999	43.399772	43.564832	85.076519	3477071.0	57.95118333333333	6019.71	1920	816	24.0	10	f03fe227d428e6c34a6af624dbaae72d	35d2499553596c27ae36019c77656d3a	1920	816	14357.0	32.0	12423.0	16872.0	False	False	0.975275	0.979048
Sintel_Dragons_1920x816_24_10b	Sintel_Dragons_1920x816_24_10b	svtav1	svtav1_20191218_c72560a_enc-mode0	60	59	0	479676.0	479.676	35.78249999999999	42.001333333333335	42.19700000000001	35.730276	41.957951	42.131764	75.879152	3142901.0	52.381683333333335	4928.73	1920	816	24.0	10	d003d5cf6e5f8819e109b0dcb0315c20	98782d21312520c96b714a9990bc48f5	1920	816	14599.0	5.0	11678.0	18523.0	False	False	0.9648869999999999	0.970682
Netflix_Crosswalk_1920x1080_60fp	Netflix_Crosswalk_1920x1080_60fp	svtav1	svtav1_20191218_c72560a_enc-mode0	60	20	0	7639888.0	7639.888	45.561666666666646	48.30166666666666	50.12766666666667	45.551516	48.297715	50.121786	99.139211	5979726.0	99.6621	9528.27	1920	1080	60.0	8	eb600a4cf3202cb74b7e7a5dee66678b	f84833255084899aa579238265f99e12	1920	1080	14222.0	4.0	18753.0	25204.0	False	False	0.997604	0.995709
Netflix_Crosswalk_1920x1080_60fp	Netflix_Crosswalk_1920x1080_60fp	svtav1	svtav1_20191218_c72560a_enc-mode0	60	32	0	3885504.0	3885.504	44.30049999999999	47.54616666666665	49.35050000000001	44.269954	47.541622	49.345235	95.841001	4236977.0	70.61628333333333	6550.39	1920	1080	60.0	8	74ad1f2a29dcae63a5cdb7871fe61343	a7cba2d8382dca1adbaf1ae263e6bd64	1920	1080	14474.0	5.0	16691.0	24091.0	False	False	0.99597	0.993908
Netflix_Crosswalk_1920x1080_60fp	Netflix_Crosswalk_1920x1080_60fp	svtav1	svtav1_20191218_c72560a_enc-mode0	60	43	0	1960336.0	1960.336	42.512166666666666	46.47933333333333	48.227333333333355	42.452302	46.47178900000001	48.219608	89.487839	2930681.0	48.844683333333336	4554.6	1920	1080	60.0	8	f42fab836739ce548dcf0d3054fb20a4	f8646f6bf1991ce55490e6963b1e1c8e	1920	1080	12633.0	4.0	14215.0	24342.0	False	False	0.992176	0.990219
Netflix_Crosswalk_1920x1080_60fp	Netflix_Crosswalk_1920x1080_60fp	svtav1	svtav1_20191218_c72560a_enc-mode0	60	55	0	899344.0	899.3439999999999	39.72166666666667	44.63716666666665	46.27366666666665	39.660257	44.63071	46.267214	75.24477	2601085.0	43.351416666666665	3856.11	1920	1080	60.0	8	0e6776205aa25a53920aad5c17e87068	ffd2b34999452eca500e4a374c568e70	1920	1080	13395.0	4.0	12837.0	24346.0	False	False	0.981042	0.9804480000000001
Netflix_Crosswalk_1920x1080_60fp	Netflix_Crosswalk_1920x1080_60fp	svtav1	svtav1_20191218_c72560a_enc-mode0	60	59	0	654904.0	654.904	38.38866666666666	43.71516666666668	45.26400000000001	38.329364000000005	43.70864199999999	45.257105	66.414225	2519588.0	41.99313333333333	3995.57	1920	1080	60.0	8	4ad9a6dce1faa32b7b160daeef96d069	4137400522d42956809f137e2a3ecc35	1920	1080	13811.0	6.0	12883.0	25639.0	False	False	0.972411	0.973324
Netflix_RollerCoaster_1280x720_6	Netflix_RollerCoaster_1280x720_6	svtav1	svtav1_20191218_c72560a_enc-mode0	60	20	0	8284752.0	8284.752	44.85450000000002	46.734166666666674	46.749166666666675	44.840945	46.725154	46.741379	99.914817	4212746.0	70.21243333333334	6512.42	1280	720	60.0	8	43b892112167c705b6d04aa6a44a7caf	819daf79608b844e9d3bfa9891a26ef5	1280	720	9012.0	7.0	8154.0	9933.0	False	False	0.99792	0.997539
Netflix_RollerCoaster_1280x720_6	Netflix_RollerCoaster_1280x720_6	svtav1	svtav1_20191218_c72560a_enc-mode0	60	32	0	4210584.0	4210.584	42.602333333333334	45.102	45.4815	42.572106	45.086768	45.472819	99.880064	2870715.0	47.84525	4695.81	1280	720	60.0	8	cb1ef1252ef04bc49e567470f552dfff	c6d84728e2d8b633830d4ecc7560ba2b	1280	720	8383.0	4.0	6436.0	9565.0	False	False	0.996445	0.995965
Netflix_RollerCoaster_1280x720_6	Netflix_RollerCoaster_1280x720_6	svtav1	svtav1_20191218_c72560a_enc-mode0	60	43	0	2167160.0	2167.16	40.13299999999999	43.12233333333335	43.898166666666654	40.088379	43.101279	43.888561	97.781627	1609665.0	26.82775	2921.65	1280	720	60.0	8	bb9c4ce3c9c1d6ba1221f9f6ebe929b3	e90d6e334fc978ef8912f8405af14e5e	1280	720	7980.0	7.0	5858.0	9674.0	False	False	0.993326	0.992798
Netflix_RollerCoaster_1280x720_6	Netflix_RollerCoaster_1280x720_6	svtav1	svtav1_20191218_c72560a_enc-mode0	60	55	0	954304.0	954.304	36.604000000000006	40.05266666666667	41.46333333333334	36.567013	40.029678	41.451528	87.854516	1662241.0	27.704016666666668	2787.26	1280	720	60.0	8	ee91537c0f01f54c9bd5381b1d01ce9d	b59a14c8a7d6fbc3109caca2cba9a9f6	1280	720	8251.0	3.0	5919.0	10581.0	False	False	0.981882	0.982207
Netflix_RollerCoaster_1280x720_6	Netflix_RollerCoaster_1280x720_6	svtav1	svtav1_20191218_c72560a_enc-mode0	60	59	0	659776.0	659.776	34.90383333333334	38.546666666666674	40.26	34.874002	38.520204	40.245896	79.735829	1512831.0	25.21385	2495.23	1280	720	60.0	8	d5ad9cd2cb39c3f87b3efd4236d76d17	2e88f777fa039d0486f0a9ae32492e71	1280	720	7565.0	6.0	5941.0	10370.0	False	False	0.97127	0.9732299999999999
Market3_1920x1080p_50_10b_pq_709	Market3_1920x1080p_50_10b_pq_709	svtav1	svtav1_20191218_c72560a_enc-mode0	60	20	0	12953566.0	12953.566	45.00300000000001	51.53633333333334	52.51883333333333	44.989829	51.529853	52.515173	99.862585	6266023.0	104.43371666666667	10547.52	1920	1080	50.0	10	99bd508be7f710bec299e6dd44dac4b3	7bdaeed1e9fb5d5fe0a5071a47fc57a3	1920	1080	25932.0	2.0	13171.0	22574.0	False	False	0.999204	0.998229
Market3_1920x1080p_50_10b_pq_709	Market3_1920x1080p_50_10b_pq_709	svtav1	svtav1_20191218_c72560a_enc-mode0	60	32	0	6524386.0	6524.386	42.324	49.27733333333336	50.40466666666666	42.300508	49.273783	50.403612	98.944546	4925773.0	82.09621666666666	8058.77	1920	1080	50.0	10	965687ef056a274578bd6268e27bf26b	5e6f77068a0226976c9c584247c3f09d	1920	1080	26657.0	9.0	13045.0	23149.0	False	False	0.998529	0.996765
Market3_1920x1080p_50_10b_pq_709	Market3_1920x1080p_50_10b_pq_709	svtav1	svtav1_20191218_c72560a_enc-mode0	60	43	0	3395926.0	3395.926	39.511833333333314	47.279	48.67483333333334	39.479829	47.276551	48.674169	95.654575	4602263.0	76.70438333333334	7648.98	1920	1080	50.0	10	110f20462a1ef14ccec0fedb35d94057	2c02d91a87d12570876b982941438949	1920	1080	29715.0	4.0	12877.0	24774.0	False	False	0.996851	0.993339
Market3_1920x1080p_50_10b_pq_709	Market3_1920x1080p_50_10b_pq_709	svtav1	svtav1_20191218_c72560a_enc-mode0	60	55	0	1340173.0	1340.173	35.540166666666664	44.52383333333334	46.08250000000002	35.52026	44.523283	46.081182	86.436966	3445781.0	57.42968333333334	5719.47	1920	1080	50.0	10	f51a7d183e7d30024e46bca71e202bd1	0a3ee16d07fb9c66b2813ecd474e447f	1920	1080	29914.0	6.0	12431.0	25142.0	False	False	0.989018	0.979671
Market3_1920x1080p_50_10b_pq_709	Market3_1920x1080p_50_10b_pq_709	svtav1	svtav1_20191218_c72560a_enc-mode0	60	59	0	827433.0	827.4329999999999	33.64566666666667	43.13383333333333	44.65083333333335	33.635838	43.133474	44.647021	78.120403	2816776.0	46.946266666666666	4577.89	1920	1080	50.0	10	3ddff0060d787e02c6f9c19c985e4e3e	6144fa3c22bb95b7713716ef54effe56	1920	1080	26624.0	6.0	11480.0	25107.0	False	False	0.979896	0.966827
Netflix_Boat_1920x1080_60fps_8bi	Netflix_Boat_1920x1080_60fps_8bi	svtav1	svtav1_20191218_c72560a_enc-mode0	60	20	0	29410456.0	29410.456	43.68533333333334	46.15566666666667	47.865833333333335	43.660916	46.129051	47.847474	99.909461	8076587.0	134.60978333333333	13913.26	1920	1080	60.0	8	c7e38a03567f2ecb06c940ddfb90b132	aa6256c63e2bf5da82685e82077109b2	1920	1080	20140.0	5.0	14446.0	24839.0	False	False	0.999313	0.998588
Netflix_Boat_1920x1080_60fps_8bi	Netflix_Boat_1920x1080_60fps_8bi	svtav1	svtav1_20191218_c72560a_enc-mode0	60	32	0	16613120.0	16613.12	41.2905	44.636999999999986	46.08849999999998	41.235708	44.605702	46.071109	99.679207	5673293.0	94.55488333333334	9959.66	1920	1080	60.0	8	3e5b4ca1b761060766b1199dada6d383	01813f4acbc36243b43d3a678ebb2d31	1920	1080	18587.0	3.0	12874.0	24356.0	False	False	0.998844	0.997681
Netflix_Boat_1920x1080_60fps_8bi	Netflix_Boat_1920x1080_60fps_8bi	svtav1	svtav1_20191218_c72560a_enc-mode0	60	43	0	9021144.0	9021.144	38.235	42.90550000000001	43.90633333333332	38.147798	42.874729	43.893968	96.200104	3886985.0	64.78308333333334	6924.83	1920	1080	60.0	8	9b9822d3ce47db0db8d7aee8df40a63b	d3bb4e4997bb8351e581a1b9568cb36a	1920	1080	18807.0	4.0	11399.0	36356.0	False	False	0.997606	0.995313
Netflix_Boat_1920x1080_60fps_8bi	Netflix_Boat_1920x1080_60fps_8bi	svtav1	svtav1_20191218_c72560a_enc-mode0	60	55	0	3874752.0	3874.752	33.904666666666664	40.57166666666667	41.070166666666665	33.830402	40.54338	41.067216	86.447783	3329835.0	55.49725	5457.82	1920	1080	60.0	8	e87b9991e1bbdf7a7308cecee235c48b	7a55dc5be3712406568fb6a02bcf2615	1920	1080	19554.0	4.0	9630.0	23842.0	False	False	0.992401	0.985833
Netflix_Boat_1920x1080_60fps_8bi	Netflix_Boat_1920x1080_60fps_8bi	svtav1	svtav1_20191218_c72560a_enc-mode0	60	59	0	2403872.0	2403.872	31.509333333333338	39.10999999999999	39.38383333333333	31.476843	39.091915	39.38287	77.848767	3156568.0	52.60946666666667	4765.6	1920	1080	60.0	8	e8ec2d86481e032d0d34ec1f49633045	eec2040897c45fa3dbc81927a8be3f43	1920	1080	19583.0	4.0	9844.0	24831.0	False	False	0.984629	0.972127
Netflix_PierSeaside_1920x1080_60	Netflix_PierSeaside_1920x1080_60	svtav1	svtav1_20191218_c72560a_enc-mode0	60	20	0	7938120.0	7938.12	45.42233333333334	47.43133333333333	45.52133333333336	45.400741	47.420068	45.506374	99.884158	4699854.0	78.3309	7001.2	1920	1080	60.0	8	daa1dc6ec3d3f2dabf46770b28af2624	02e42cd28ae1e68a84b19f24a1eb5b05	1920	1080	15557.0	4.0	10944.0	23906.0	False	False	0.998032	0.996835
Netflix_PierSeaside_1920x1080_60	Netflix_PierSeaside_1920x1080_60	svtav1	svtav1_20191218_c72560a_enc-mode0	60	32	0	3429048.0	3429.048	43.77550000000001	46.66466666666667	44.912166666666664	43.726332	46.650497	44.896603	99.400433	3215150.0	53.58583333333333	4817.27	1920	1080	60.0	8	6141ae2117e4c1801f3390cf9f766fda	c7b537d36be406f6b4133d728cff1b9f	1920	1080	19757.0	7.0	10178.0	25170.0	False	False	0.997114	0.995405
Netflix_PierSeaside_1920x1080_60	Netflix_PierSeaside_1920x1080_60	svtav1	svtav1_20191218_c72560a_enc-mode0	60	43	0	1523424.0	1523.424	41.725166666666674	45.456833333333336	44.07950000000002	41.658787	45.441693	44.065352	97.3677	1823474.0	30.391233333333332	3157.47	1920	1080	60.0	8	cfd3c404aec1311cc219683c687f9ea9	6562993ee5c50d6f25e4d78c509664f7	1920	1080	14067.0	5.0	8504.0	23193.0	False	False	0.995048	0.992431
Netflix_PierSeaside_1920x1080_60	Netflix_PierSeaside_1920x1080_60	svtav1	svtav1_20191218_c72560a_enc-mode0	60	55	0	592152.0	592.152	38.797166666666676	43.00766666666666	42.269000000000005	38.736481	42.995346	42.259218	91.23498	1669512.0	27.8252	2663.53	1920	1080	60.0	8	538dde9dcf9981736b80ef36c9c86440	93d16d63588204386d39e4a264015f33	1920	1080	14244.0	5.0	7977.0	24001.0	False	False	0.989626	0.985645
Netflix_PierSeaside_1920x1080_60	Netflix_PierSeaside_1920x1080_60	svtav1	svtav1_20191218_c72560a_enc-mode0	60	59	0	346000.0	346.0	36.807333333333325	41.247833333333325	40.747833333333325	36.771809	41.242021	40.742977	84.303876	1878522.0	31.3087	2960.62	1920	1080	60.0	8	3d5871d8d4d1290d9c3f6bc7ce936e4d	8dde1ffe3d2fb7b57e489e00f5d0367e	1920	1080	15919.0	6.0	8601.0	25126.0	False	False	0.984437	0.979537
ducks_take_off_1080p50_60f	ducks_take_off_1080p50_60f	svtav1	svtav1_20191218_c72560a_enc-mode0	60	20	0	114562913.0	114562.913	38.94650000000002	39.27466666666669	41.38916666666665	38.925633	39.256782	41.369085	98.783236	16346570.0	272.44283333333334	26651.81	1920	1080	50.0	8	d72da8ce96d015d0a0beeaee20647334	3d1ca802cee19e80fe6235991446326f	1920	1080	24759.0	6.0	35953.0	23974.0	False	False	0.9988690000000001	0.995974
ducks_take_off_1080p50_60f	ducks_take_off_1080p50_60f	svtav1	svtav1_20191218_c72560a_enc-mode0	60	32	0	32642033.0	32642.033	35.2085	36.949	39.895833333333336	35.174755	36.924593	39.881399	93.726451	8390627.0	139.84378333333333	14196.29	1920	1080	50.0	8	83e47761213a23b47f8b855621d1c5d1	20a5f736c3c17fc1d03772f9b765366d	1920	1080	22081.0	4.0	34331.0	25900.0	False	False	0.99673	0.990237
ducks_take_off_1080p50_60f	ducks_take_off_1080p50_60f	svtav1	svtav1_20191218_c72560a_enc-mode0	60	43	0	10737506.0	10737.506	33.0775	35.096500000000006	38.49883333333333	33.04979	35.05816	38.487247	84.653192	5186251.0	86.43751666666667	9112.39	1920	1080	50.0	8	2c2583fd5823368d6589816b14a090f7	adf72133da793f6c38e66c2bc382de40	1920	1080	21933.0	4.0	19652.0	23333.0	False	False	0.991161	0.981669
ducks_take_off_1080p50_60f	ducks_take_off_1080p50_60f	svtav1	svtav1_20191218_c72560a_enc-mode0	60	55	0	3732066.0	3732.066	30.487666666666666	33.021166666666666	37.17399999999999	30.44828	32.978993	37.167402	67.229645	3699195.0	61.65325	6156.47	1920	1080	50.0	8	369321cdb87863693b882a713e6bc2e7	0c457ac032a4daaca85f20076fe2095b	1920	1080	21513.0	3.0	16799.0	23411.0	False	False	0.974241	0.960633
ducks_take_off_1080p50_60f	ducks_take_off_1080p50_60f	svtav1	svtav1_20191218_c72560a_enc-mode0	60	59	0	2395053.0	2395.053	29.28216666666665	32.10183333333333	36.590999999999994	29.240888	32.066077	36.587596	57.539654	3700023.0	61.66705	5973.66	1920	1080	50.0	8	d3966678be8ca3d6c788b10306b5cb2b	3c79ad15f684dcf96dc64f0f39249579	1920	1080	23448.0	5.0	16731.0	25693.0	False	False	0.96036	0.944877
ShowGirl2TeaserClip4000_1920x108	ShowGirl2TeaserClip4000_1920x108	svtav1	svtav1_20191218_c72560a_enc-mode0	60	20	0	3157506.0	3157.506	42.41600000000001	46.651833333333336	49.511999999999986	42.413908	46.650616	49.510428	95.414838	6334327.0	105.57211666666667	10355.83	1920	1080	25.0	10	612f06db0724b5c7d714f311a7d12ec7	c180dfc5bd3307de1b9d92ca15c44a50	1920	1080	29236.0	13.0	13444.0	24703.0	False	False	0.996098	0.991531
ShowGirl2TeaserClip4000_1920x108	ShowGirl2TeaserClip4000_1920x108	svtav1	svtav1_20191218_c72560a_enc-mode0	60	32	0	1330656.0	1330.656	41.692833333333326	46.273	48.86333333333331	41.689193	46.270593	48.861794	93.569555	4562839.0	76.04731666666666	7477.31	1920	1080	25.0	10	642f3521bde3ab0326551fab5c31adba	d9aa6aed6108257fd46c63c206c47ad2	1920	1080	40545.0	4.0	10469.0	24742.0	False	False	0.995002	0.990147
ShowGirl2TeaserClip4000_1920x108	ShowGirl2TeaserClip4000_1920x108	svtav1	svtav1_20191218_c72560a_enc-mode0	60	43	0	693506.0	693.506	40.668	45.81133333333332	48.07966666666664	40.654832000000006	45.80923599999999	48.078758	90.10879	3238379.0	53.97298333333333	5247.13	1920	1080	25.0	10	8d48d7d96ba79b5bf352ccd1cc5e7375	b86f8123a174aaea11b36dc86020965d	1920	1080	32815.0	4.0	8868.0	24271.0	False	False	0.993094	0.987993
ShowGirl2TeaserClip4000_1920x108	ShowGirl2TeaserClip4000_1920x108	svtav1	svtav1_20191218_c72560a_enc-mode0	60	55	0	294080.0	294.08	38.455	44.634833333333354	46.389	38.432682	44.63416300000001	46.388263	81.285424	2265000.0	37.75	3551.39	1920	1080	25.0	10	67ff6dba7d5c742c6aaa50495b8945a3	e45d9fd5f55d6cae12419f29b47b55d6	1920	1080	26826.0	4.0	7464.0	24340.0	False	False	0.9867259999999999	0.981151
ShowGirl2TeaserClip4000_1920x108	ShowGirl2TeaserClip4000_1920x108	svtav1	svtav1_20191218_c72560a_enc-mode0	60	59	0	181690.0	181.69	36.756499999999996	43.493666666666655	45.14616666666668	36.740102	43.493729	45.145708	72.450497	2452149.0	40.86915	3537.37	1920	1080	25.0	10	1717938d9dc1b44a5fa12742af54ef40	fb86447e3da5d04ee3a6e4526baa8f7e	1920	1080	26219.0	4.0	7082.0	25024.0	False	False	0.9787389999999999	0.972932
Netflix_Aerial_1920x1080_60fps_8	Netflix_Aerial_1920x1080_60fps_8	svtav1	svtav1_20191218_c72560a_enc-mode0	60	20	0	21708624.0	21708.624	42.75950000000001	45.68383333333335	45.39033333333332	42.736241	45.674817	45.384725	96.693446	8285668.0	138.09446666666668	12851.57	1920	1080	60.0	8	d26fdd4101a9d5c7f6c1d856298ff2dd	d71afeefc88e604d53a7af45c7737b25	1920	1080	18599.0	4.0	15898.0	23602.0	False	False	0.997929	0.996527
Netflix_Aerial_1920x1080_60fps_8	Netflix_Aerial_1920x1080_60fps_8	svtav1	svtav1_20191218_c72560a_enc-mode0	60	32	0	10655064.0	10655.064	40.791500000000006	44.51866666666667	44.52349999999999	40.730959	44.50569600000001	44.518475	94.469168	5563764.0	92.7294	9047.18	1920	1080	60.0	8	7d64d1040a32e1f52934be1ba8d2b88a	4c182d90daca5a80194312109fdc0c40	1920	1080	17840.0	6.0	14182.0	24588.0	False	False	0.996498	0.994375
Netflix_Aerial_1920x1080_60fps_8	Netflix_Aerial_1920x1080_60fps_8	svtav1	svtav1_20191218_c72560a_enc-mode0	60	43	0	5026216.0	5026.216	38.28183333333334	42.768666666666654	43.2655	38.206762	42.762546	43.264192	90.744896	3143158.0	52.38596666666667	5479.46	1920	1080	60.0	8	04ba32c271a5962de1b43f6bf0d63d67	4730d05c75cc05a64c8dd77b8995979d	1920	1080	20109.0	26.0	11773.0	23505.0	False	False	0.993523	0.989631
Netflix_Aerial_1920x1080_60fps_8	Netflix_Aerial_1920x1080_60fps_8	svtav1	svtav1_20191218_c72560a_enc-mode0	60	55	0	1754600.0	1754.6	34.3365	40.23633333333335	41.5875	34.312586	40.228945	41.578847	80.842642	3093395.0	51.556583333333336	4892.09	1920	1080	60.0	8	8143cbb43182857fd2ea010387f47def	09605a819af8cd1300ecb42b0f5b47e7	1920	1080	20629.0	4.0	11982.0	25930.0	False	False	0.982457	0.9712030000000001
Netflix_Aerial_1920x1080_60fps_8	Netflix_Aerial_1920x1080_60fps_8	svtav1	svtav1_20191218_c72560a_enc-mode0	60	59	0	969688.0	969.688	32.28433333333335	39.06099999999999	40.90866666666667	32.276806	39.051136	40.898132	71.206903	2703604.0	45.060066666666664	4432.1	1920	1080	60.0	8	04d1bbc3e7dd41f1689c61d379ef190d	b1e7877df61f5a7abe59f6b5d7a29f52	1920	1080	20618.0	21.0	11979.0	27349.0	False	False	0.96725	0.948165
Netflix_DrivingPOV_1280x720_60fp	Netflix_DrivingPOV_1280x720_60fp	svtav1	svtav1_20191218_c72560a_enc-mode0	60	20	0	11559040.0	11559.04	42.865	46.54766666666668	45.21366666666667	42.839661	46.541631	45.208049	99.669162	4014743.0	66.91238333333334	6442.42	1280	720	60.0	8	705ef3fd592d9284f52131f33bcea34b	37c5a605e2bceb7e171a325a6b43d529	1280	720	8703.0	4.0	7323.0	9757.0	False	False	0.9980430000000001	0.997487
Netflix_DrivingPOV_1280x720_60fp	Netflix_DrivingPOV_1280x720_60fp	svtav1	svtav1_20191218_c72560a_enc-mode0	60	32	0	5402440.0	5402.44	40.39216666666666	45.16666666666667	44.169666666666664	40.358965	45.156828	44.164548	98.64193099999999	3230915.0	53.84858333333333	5189.99	1280	720	60.0	8	8b37d40ccb87d52294ac2ecc35c99afd	7a6e0625bea0c93017c5b6e23fea76d3	1280	720	9305.0	3.0	6355.0	10092.0	False	False	0.996396	0.995395
Netflix_DrivingPOV_1280x720_60fp	Netflix_DrivingPOV_1280x720_60fp	svtav1	svtav1_20191218_c72560a_enc-mode0	60	43	0	2739936.0	2739.936	37.981666666666655	43.63650000000002	43.176999999999985	37.935664	43.618923	43.170287	96.243931	2289584.0	38.159733333333335	3718.75	1280	720	60.0	8	914663bcb08a675ee5612abea35cb878	f8c605da5fe116d1143b15c2995e2104	1280	720	9678.0	4.0	5761.0	10117.0	False	False	0.992176	0.991196
Netflix_DrivingPOV_1280x720_60fp	Netflix_DrivingPOV_1280x720_60fp	svtav1	svtav1_20191218_c72560a_enc-mode0	60	55	0	1126768.0	1126.768	34.64266666666666	41.18816666666666	41.48983333333333	34.605474	41.17448	41.48405	89.604821	2271955.0	37.865916666666664	3992.24	1280	720	60.0	8	a84ff5c2a2424a9dcd0b53319ca81ace	9c6b02a133761b4e38afcfbbafa11c80	1280	720	11980.0	4.0	5015.0	16447.0	False	False	0.984627	0.983523
Netflix_DrivingPOV_1280x720_60fp	Netflix_DrivingPOV_1280x720_60fp	svtav1	svtav1_20191218_c72560a_enc-mode0	60	59	0	710480.0	710.48	32.73283333333334	39.58716666666666	40.26983333333332	32.716868	39.582465	40.267942999999995	83.500195	1455329.0	24.255483333333334	2394.48	1280	720	60.0	8	51d024ff61046a0a11de08e8d64315de	a026e45c9782b966fba3b76556382976	1280	720	9730.0	4.0	4893.0	10084.0	False	False	0.977345	0.975862
Netflix_SquareAndTimelapse_1920x	Netflix_SquareAndTimelapse_1920x	svtav1	svtav1_20191218_c72560a_enc-mode0	60	20	0	20781984.0	20781.984	44.61683333333334	48.973499999999994	48.13216666666666	44.601298	48.968005999999995	48.123488	99.89463300000001	8241229.0	137.35381666666666	13056.37	1920	1080	60.0	8	d940895ca5b1d6b89db985da41ee5165	6e29c96512c97da0cdb97b6e199ad0e8	1920	1080	16769.0	4.0	16360.0	24308.0	False	False	0.999179	0.997942
Netflix_SquareAndTimelapse_1920x	Netflix_SquareAndTimelapse_1920x	svtav1	svtav1_20191218_c72560a_enc-mode0	60	32	0	11446512.0	11446.512	42.117166666666655	47.17249999999999	46.08433333333333	42.094525	47.165513	46.073727	99.882836	5936174.0	98.93623333333333	10064.09	1920	1080	60.0	8	25a5bcd1ba257fec5c32178bad214c35	c3fdd1653d7a9a3d4cd3556e4d75b45d	1920	1080	16594.0	10.0	15230.0	24202.0	False	False	0.998314	0.996193
Netflix_SquareAndTimelapse_1920x	Netflix_SquareAndTimelapse_1920x	svtav1	svtav1_20191218_c72560a_enc-mode0	60	43	0	6263328.0	6263.328	39.2455	45.17316666666665	43.90199999999997	39.205378	45.164044	43.88923	98.44654	5311388.0	88.52313333333333	9226.37	1920	1080	60.0	8	01e140932a2d66ce40e73c716d31ec3e	66a9dc161b745bbac45e73e2af004570	1920	1080	18741.0	5.0	14242.0	24488.0	False	False	0.996064	0.992305
Netflix_SquareAndTimelapse_1920x	Netflix_SquareAndTimelapse_1920x	svtav1	svtav1_20191218_c72560a_enc-mode0	60	55	0	2876696.0	2876.6960000000004	35.39499999999999	42.16716666666667	40.79	35.3577	42.156369	40.777037	87.908291	4704779.0	78.41298333333333	6207.04	1920	1080	60.0	8	67675915c971bf85a4568cf053f02264	c1825661bc3f34053b36e3260b5c485b	1920	1080	24538.0	4.0	12501.0	24697.0	False	False	0.987645	0.980078
Netflix_SquareAndTimelapse_1920x	Netflix_SquareAndTimelapse_1920x	svtav1	svtav1_20191218_c72560a_enc-mode0	60	59	0	1902456.0	1902.456	33.31800000000001	40.18533333333333	38.91816666666667	33.297999	40.182404	38.914496	78.659119	3063455.0	51.05758333333333	4792.16	1920	1080	60.0	8	0cf50e6a990c86b63ec74e244d2cadbb	177c0a49bce00b798235726eb0a26ca9	1920	1080	16406.0	3.0	11150.0	23785.0	False	False	0.977384	0.966804
Netflix_TunnelFlag_1920x1080_60f	Netflix_TunnelFlag_1920x1080_60f	svtav1	svtav1_20191218_c72560a_enc-mode0	60	20	0	27949488.0	27949.488	42.89200000000002	46.904333333333334	48.44383333333332	42.873783	46.894931	48.439306	99.934282	10040540.0	167.34233333333333	16354.23	1920	1080	60.0	8	05c44e3cbc3748b3929e580b18139b40	d53e4ad0874da0cab53c469be45b66b9	1920	1080	53918.0	6.0	20833.0	23525.0	False	False	0.998668	0.9966069999999999
Netflix_TunnelFlag_1920x1080_60f	Netflix_TunnelFlag_1920x1080_60f	svtav1	svtav1_20191218_c72560a_enc-mode0	60	32	0	13974904.0	13974.904	40.587166666666675	45.33716666666668	47.21700000000001	40.548435	45.332867	47.212832	99.92061600000001	7347862.0	122.46436666666666	11566.44	1920	1080	60.0	8	35a2b664e4a396a4c044c5e8c6c1c17b	e64cd7c9d1a8e71491a7ee218de3cd75	1920	1080	23388.0	4.0	17867.0	24036.0	False	False	0.997602	0.994308
Netflix_TunnelFlag_1920x1080_60f	Netflix_TunnelFlag_1920x1080_60f	svtav1	svtav1_20191218_c72560a_enc-mode0	60	43	0	6969792.0	6969.792	38.07666666666668	43.370499999999986	45.70716666666668	38.02429399999999	43.36804399999999	45.702853	99.887273	5853434.0	97.55723333333333	9413.59	1920	1080	60.0	8	48d8be54a11915deed85d2fcb3c40c49	a87e47463725ac6605fcfed21c8483e6	1920	1080	17042.0	4.0	15719.0	24195.0	False	False	0.995327	0.990192
Netflix_TunnelFlag_1920x1080_60f	Netflix_TunnelFlag_1920x1080_60f	svtav1	svtav1_20191218_c72560a_enc-mode0	60	55	0	3266864.0	3266.864	35.14266666666666	40.56683333333333	43.302166666666686	35.10986	40.565095	43.299691	99.788941	4453720.0	74.22866666666667	7116.5	1920	1080	60.0	8	54533f3d09bc7cee5642f8dea0888487	fa81cc2a86b45d98f73eb0277aa786e0	1920	1080	19186.0	5.0	14770.0	24737.0	False	False	0.990829	0.983641
Netflix_TunnelFlag_1920x1080_60f	Netflix_TunnelFlag_1920x1080_60f	svtav1	svtav1_20191218_c72560a_enc-mode0	60	59	0	2392776.0	2392.776	33.6985	39.32133333333332	41.960833333333326	33.679195	39.318889	41.957131	99.666267	3994846.0	66.58076666666666	6436.56	1920	1080	60.0	8	8e3119038ce97c9650c53da614a473fa	624fad1f1a82d0f48c1db1cad906b588	1920	1080	21332.0	6.0	14623.0	27027.0	False	False	0.987535	0.979587
life_1080p30_60f	life_1080p30_60f	svtav1	svtav1_20191218_c72560a_enc-mode0	60	20	0	12762392.0	12762.392	44.484833333333334	49.704666666666654	49.28766666666668	44.470437	49.697963	49.281521	99.486959	7732530.0	128.8755	12716.89	1920	1080	30.0	8	1b958b2ed89c0f576a08c36c96635e7b	d32dc481103b50ae6e4fcf8e8e04e314	1920	1080	18026.0	21.0	14335.0	27264.0	False	False	0.999192	0.9979220000000001
life_1080p30_60f	life_1080p30_60f	svtav1	svtav1_20191218_c72560a_enc-mode0	60	32	0	6017848.0	6017.848	41.61950000000001	47.516	47.181999999999995	41.596652999999996	47.503896000000005	47.173695	97.803009	5873988.0	97.8998	9579.9	1920	1080	30.0	8	7d0a8e44e7e705bd69c7f6822bb75a7d	638d5a4da1420a2ba3dadea232bdf69b	1920	1080	17318.0	3.0	15751.0	25060.0	False	False	0.998471	0.996299
life_1080p30_60f	life_1080p30_60f	svtav1	svtav1_20191218_c72560a_enc-mode0	60	43	0	2927608.0	2927.608	38.800833333333344	45.46983333333334	45.30049999999999	38.773787	45.450333	45.286358	94.568821	4205586.0	70.0931	7450.87	1920	1080	30.0	8	d70dc438dff13af91b1290f0488b1a02	3e078d31b882664390e8c1d35908ddb1	1920	1080	17466.0	3.0	10102.0	22918.0	False	False	0.996727	0.992766
life_1080p30_60f	life_1080p30_60f	svtav1	svtav1_20191218_c72560a_enc-mode0	60	55	0	1178676.0	1178.676	35.079166666666666	42.48200000000001	42.336000000000006	35.063473	42.466897	42.324048	87.030468	3723860.0	62.06433333333333	6132.41	1920	1080	30.0	8	382a61ea7cfbc3caf4593c1e9bd860fd	cdb17ddc54ecc5803a7b88b8e6f39942	1920	1080	19487.0	6.0	10708.0	25436.0	False	False	0.989372	0.978718
life_1080p30_60f	life_1080p30_60f	svtav1	svtav1_20191218_c72560a_enc-mode0	60	59	0	744552.0	744.552	33.413833333333336	40.975666666666676	40.610166666666665	33.40491	40.967462	40.605252	80.587468	3206921.0	53.448683333333335	4926.08	1920	1080	30.0	8	255aac282cf580b2a377daaeef5ad085	6389bfc82689ad61f5e997087614d6f5	1920	1080	18905.0	5.0	9565.0	24476.0	False	False	0.979309	0.963053
rush_hour_1080p25_60f	rush_hour_1080p25_60f	svtav1	svtav1_20191218_c72560a_enc-mode0	60	20	0	5496640.0	5496.64	43.08650000000001	46.88133333333333	48.876166666666684	43.084934	46.878756	48.87305	97.118799	8362358.0	139.37263333333334	13636.03	1920	1080	25.0	8	6c402d2139a3fb88eb833031aa89c45b	07e99491f40bf349fd717799d0f52564	1920	1080	15038.0	4.0	20181.0	23756.0	False	False	0.996478	0.992521
rush_hour_1080p25_60f	rush_hour_1080p25_60f	svtav1	svtav1_20191218_c72560a_enc-mode0	60	32	0	2620116.0	2620.116	42.211333333333336	45.90816666666667	47.66866666666667	42.207914	45.906839	47.663394	93.45277	5659028.0	94.31713333333333	9060.36	1920	1080	25.0	8	397f3839b66b2092d42251a7d9cd3e9f	1b9bde7ced10a82cfdd6ce310d4e19dc	1920	1080	14329.0	4.0	17100.0	24027.0	False	False	0.994371	0.990474
rush_hour_1080p25_60f	rush_hour_1080p25_60f	svtav1	svtav1_20191218_c72560a_enc-mode0	60	43	0	1249703.0	1249.703	40.83699999999999	44.76616666666667	46.24216666666667	40.821094	44.762354	46.233042	86.209625	4170370.0	69.50616666666667	6783.51	1920	1080	25.0	8	e563f3930945f1da9b11c7abab20b9c5	cd3f108a44cd1c8b8cbec052dadb1e5e	1920	1080	14315.0	4.0	14614.0	24313.0	False	False	0.990278	0.986806
rush_hour_1080p25_60f	rush_hour_1080p25_60f	svtav1	svtav1_20191218_c72560a_enc-mode0	60	55	0	546753.0	546.753	38.65133333333334	43.10749999999998	44.185500000000005	38.616937	43.102956999999996	44.170578	73.185807	2629714.0	43.82856666666667	4588.95	1920	1080	25.0	8	d781d195f324e74958638145577c8191	2b1bc32f711cfa5a146ffdbc295f8220	1920	1080	13100.0	4.0	11107.0	23692.0	False	False	0.98095	0.978893
rush_hour_1080p25_60f	rush_hour_1080p25_60f	svtav1	svtav1_20191218_c72560a_enc-mode0	60	59	0	375543.0	375.543	37.44966666666665	42.032	42.98966666666664	37.414262	42.026997	42.977313	65.669932	3100459.0	51.67431666666667	4558.46	1920	1080	25.0	8	96ef919ea7ac406dd225516ad12390c9	5799f62389a8f8f58a840499281ba250	1920	1080	13668.0	6.0	10551.0	26501.0	False	False	0.9732299999999999	0.972542
touchdown_pass_1080p_60f	touchdown_pass_1080p_60f	svtav1	svtav1_20191218_c72560a_enc-mode0	60	20	0	20165899.0	20165.899	40.70216666666666	48.097666666666655	48.253000000000014	40.668933	48.089918	48.244977	96.381853	10688963.0	178.14938333333333	17723.51	1920	1080	29.97	8	a9598c49bd8f6009f585b882218cbea6	6bfea2a281436b00b13e05731e52e19e	1920	1080	18852.0	6.0	28060.0	24475.0	False	False	0.9959399999999999	0.991166
touchdown_pass_1080p_60f	touchdown_pass_1080p_60f	svtav1	svtav1_20191218_c72560a_enc-mode0	60	32	0	4937875.0	4937.875	38.74000000000001	47.40983333333334	47.530166666666666	38.721118	47.402597	47.522903	94.386519	5920444.0	98.67406666666666	9610.72	1920	1080	29.97	8	62031468bb1f2d159b69b78f97b6182f	6ededb46be32840880d3e5cae4cfd44c	1920	1080	19830.0	4.0	15497.0	24787.0	False	False	0.993928	0.986913
touchdown_pass_1080p_60f	touchdown_pass_1080p_60f	svtav1	svtav1_20191218_c72560a_enc-mode0	60	43	0	2135409.0	2135.409	37.50983333333333	46.47416666666667	46.530833333333334	37.487967	46.469363	46.524209	91.494125	4337624.0	72.29373333333334	6560.67	1920	1080	29.97	8	adc91eec93962965d9ae30d77e196ab7	2eef086f31e16d446a340d9e942db325	1920	1080	16770.0	3.0	11895.0	24364.0	False	False	0.991534	0.982585
touchdown_pass_1080p_60f	touchdown_pass_1080p_60f	svtav1	svtav1_20191218_c72560a_enc-mode0	60	55	0	830752.0	830.752	35.086333333333336	44.46983333333332	44.53016666666665	35.059672	44.466877	44.525259	82.010853	2475205.0	41.253416666666666	4307.03	1920	1080	29.97	8	0be329e10cbc60726c5aaaca205e8bca	a0b199270d395b1193f1753907fdc231	1920	1080	16916.0	2.0	10039.0	24107.0	False	False	0.979358	0.963811
touchdown_pass_1080p_60f	touchdown_pass_1080p_60f	svtav1	svtav1_20191218_c72560a_enc-mode0	60	59	0	507632.0	507.632	33.40533333333333	43.347000000000016	43.5055	33.380366	43.345307	43.502166	72.170815	2629764.0	43.8294	4259.63	1920	1080	29.97	8	214ad38abf3b278b658aac7e5ef220fc	6adf3a246b5105869e8f2a6f7829bba8	1920	1080	19434.0	4.0	10323.0	24206.0	False	False	0.954658	0.9345769999999999
Cosmos1_1920x856_BT2100_PQ_24fps	Cosmos1_1920x856_BT2100_PQ_24fps	svtav1	svtav1_20191218_c72560a_enc-mode0	60	20	0	23639264.0	23639.264	42.11283333333332	44.94916666666666	47.60366666666665	42.070096	44.893449	47.574496	99.431133	13720594.0	228.67656666666667	20639.89	1920	856	24.0	10	b427b52622414315e9b0232221537269	dfeb68673d1a7a62e989d074527a13c7	1920	856	23933.0	4.0	29645.0	18570.0	False	False	0.996878	0.996163
Cosmos1_1920x856_BT2100_PQ_24fps	Cosmos1_1920x856_BT2100_PQ_24fps	svtav1	svtav1_20191218_c72560a_enc-mode0	60	32	0	9710473.0	9710.473	38.342499999999994	42.880166666666675	45.97066666666667	38.221907	42.84545	45.951518	95.363958	9087797.0	151.46328333333332	14212.79	1920	856	24.0	10	5e1e6b8a3866075ed30bb6742313d3f3	04d9b3d27d74cebc8fec58161c32b7c4	1920	856	23528.0	4.0	21988.0	18434.0	False	False	0.992039	0.991076
Cosmos1_1920x856_BT2100_PQ_24fps	Cosmos1_1920x856_BT2100_PQ_24fps	svtav1	svtav1_20191218_c72560a_enc-mode0	60	43	0	3685552.0	3685.552	35.462333333333326	41.197	44.53283333333332	35.36763899999999	41.170938	44.521589999999996	84.67101900000002	7322554.0	122.04256666666667	11534.02	1920	856	24.0	10	1121d304d3b9d89d662340ce07a939ba	cccca49e3aa37979e4107f24e885ec9e	1920	856	25805.0	2.0	17206.0	19907.0	False	False	0.980548	0.980464
Cosmos1_1920x856_BT2100_PQ_24fps	Cosmos1_1920x856_BT2100_PQ_24fps	svtav1	svtav1_20191218_c72560a_enc-mode0	60	55	0	1254934.0	1254.934	32.48283333333333	39.439333333333344	42.49599999999998	32.43291	39.424708	42.476225	63.804454	4612662.0	76.8777	8096.02	1920	856	24.0	10	1d2efb545ed60e64eabb0889fd77d849	3a23e951f89f1db12613f2a04b57c16c	1920	856	22426.0	3.0	12726.0	17822.0	False	False	0.946585	0.95151
Cosmos1_1920x856_BT2100_PQ_24fps	Cosmos1_1920x856_BT2100_PQ_24fps	svtav1	svtav1_20191218_c72560a_enc-mode0	60	59	0	772486.0	772.486	31.178000000000004	38.707333333333345	41.37416666666666	31.139487999999997	38.697224	41.371712	52.13979	4148046.0	69.1341	6782.83	1920	856	24.0	10	2a209992847abd833108c4f063e2b8a6	6c2158e78be47872033d30c27f89aafa	1920	856	23650.0	4.0	11994.0	18890.0	False	False	0.917282	0.927366
Netflix_FoodMarket_1920x1080_60f	Netflix_FoodMarket_1920x1080_60f	svtav1	svtav1_20191218_c72560a_enc-mode0	60	20	0	22442536.0	22442.536	41.094333333333324	44.91	45.64666666666664	41.085279	44.906245	45.645016000000005	99.23916	9319848.0	155.3308	15270.18	1920	1080	60.0	8	4a835013fb192669a904c8a184ce2f15	3721b6064b7655c185b27c130910d2e1	1920	1080	17972.0	3.0	19629.0	23527.0	False	False	0.995334	0.989926
Netflix_FoodMarket_1920x1080_60f	Netflix_FoodMarket_1920x1080_60f	svtav1	svtav1_20191218_c72560a_enc-mode0	60	32	0	7183936.0	7183.936	39.76250000000001	44.05699999999999	44.98300000000001	39.749863	44.051945	44.980775	96.150527	5447981.0	90.79968333333333	8718.7	1920	1080	60.0	8	6d8445cecb8297d286c502dce296f1bc	26d7c7e2072893e109f604f4336b0c25	1920	1080	16861.0	5.0	14847.0	27715.0	False	False	0.99192	0.9851
Netflix_FoodMarket_1920x1080_60f	Netflix_FoodMarket_1920x1080_60f	svtav1	svtav1_20191218_c72560a_enc-mode0	60	43	0	3555368.0	3555.368	38.467	43.202999999999996	44.26916666666667	38.445366	43.197849	44.267322	91.39826	4603073.0	76.71788333333333	6843.82	1920	1080	60.0	8	b2eed147b1ccada61f8a84961c8c3b18	678d194aa08cf4aaac5956ae49f6a872	1920	1080	22282.0	7.0	13283.0	24296.0	False	False	0.987155	0.979079
Netflix_FoodMarket_1920x1080_60f	Netflix_FoodMarket_1920x1080_60f	svtav1	svtav1_20191218_c72560a_enc-mode0	60	55	0	1439168.0	1439.168	36.002333333333326	41.60533333333332	42.67316666666665	35.978824	41.59815	42.663948	78.281792	2625162.0	43.7527	4410.79	1920	1080	60.0	8	5273a462a5f7c8ea736d8d909e1c0258	925476dc0c64165ee9723b9c533d67cc	1920	1080	18169.0	3.0	11161.0	23816.0	False	False	0.968321	0.958983
Netflix_FoodMarket_1920x1080_60f	Netflix_FoodMarket_1920x1080_60f	svtav1	svtav1_20191218_c72560a_enc-mode0	60	59	0	922784.0	922.784	34.56733333333334	40.68983333333335	41.632	34.549793	40.68553	41.608579	67.756531	2566814.0	42.780233333333335	4233.81	1920	1080	60.0	8	229c09fd708471adc376c3402bd4987f	9b44cdaa471d528f9411b4be120b40cf	1920	1080	18950.0	6.0	9814.0	23805.0	False	False	0.947727	0.939714
ducks_1920x1080_50fps_10b	ducks_1920x1080_50fps_10b	svtav1	svtav1_20191218_c72560a_enc-mode0	60	20	0	118439353.0	118439.35299999999	39.19966666666667	39.49866666666666	41.57299999999999	39.177788	39.483385	41.553134	98.96838899999999	18316236.0	305.2706	30662.99	1920	1080	50.0	10	89b7be640aee7020583cb2ea3d064e66	b6e77e96c79a393b765bd75641c49121	1920	1080	30302.0	6.0	40398.0	24082.0	False	False	0.998939	0.996187
ducks_1920x1080_50fps_10b	ducks_1920x1080_50fps_10b	svtav1	svtav1_20191218_c72560a_enc-mode0	60	32	0	31548106.0	31548.105999999996	35.205333333333336	36.97566666666665	39.969500000000004	35.172465	36.950076	39.953977	93.684414	10647340.0	177.45566666666667	17749.55	1920	1080	50.0	10	514c21e49a9a36c54db152b15693e29b	93dafbb8fd587a3d5dce24a468f678c8	1920	1080	33522.0	4.0	30810.0	24091.0	False	False	0.996705	0.990186
ducks_1920x1080_50fps_10b	ducks_1920x1080_50fps_10b	svtav1	svtav1_20191218_c72560a_enc-mode0	60	43	0	10668573.0	10668.573	33.10933333333334	35.15250000000001	38.60033333333334	33.081482	35.112432	38.588273	84.570127	6966581.0	116.10968333333334	11333.98	1920	1080	50.0	10	4cd8ef5b1b20f436964d4e0dad77da1e	ea8b36c001ff39783b7d3c1a0b13496c	1920	1080	28968.0	4.0	23178.0	23966.0	False	False	0.991182	0.981711
ducks_1920x1080_50fps_10b	ducks_1920x1080_50fps_10b	svtav1	svtav1_20191218_c72560a_enc-mode0	60	55	0	3702620.0	3702.62	30.505999999999993	33.05116666666667	37.27683333333335	30.465896	33.007469	37.271737	67.055748	5262153.0	87.70255	8250.88	1920	1080	50.0	10	f62e90fd8fcbd3476ee4a9ae566b80d2	53c9c2df87e918638ddc7811728430e4	1920	1080	33590.0	5.0	19275.0	24705.0	False	False	0.974183	0.9605909999999999
ducks_1920x1080_50fps_10b	ducks_1920x1080_50fps_10b	svtav1	svtav1_20191218_c72560a_enc-mode0	60	59	0	2377580.0	2377.58	29.299666666666656	32.137	36.63483333333333	29.259607	32.100556	36.632646	57.389359	7621740.0	127.029	8102.91	1920	1080	50.0	10	254bb62338e8fdeb4b0c0fd6c20fcf20	fdcbfc7370e52d05206053029ed92f2d	1920	1080	49501.0	8.0	16042.0	24588.0	False	False	0.960328	0.94487
wikipedia_420	wikipedia_420	svtav1	svtav1_20191218_c72560a_enc-mode0	60	20	0	1631588.0	1631.588	55.44849999999998	52.66866666666668	53.64183333333334	55.435493	52.50092200000001	53.576007	99.838413	5774796.0	96.2466	7743.83	1920	1080	30.0	8	27e6af2c59d2c75bd55b51d9dd0d7693	3cc2c697600d3863873d33879191c6b0	1920	1080	11605.0	2.0	2851.0	23799.0	False	False	0.999394	0.99914
wikipedia_420	wikipedia_420	svtav1	svtav1_20191218_c72560a_enc-mode0	60	32	0	925300.0	925.3	51.210166666666666	50.73383333333335	51.913	51.202152	50.497639	51.851053	99.822146	5323816.0	88.73026666666667	7474.54	1920	1080	30.0	8	4bfec7fe0ce75831d139edd3a4b9c7b7	0d1c208f567889a267573812e72c9a70	1920	1080	11339.0	3.0	2018.0	22505.0	False	False	0.999043	0.998448
wikipedia_420	wikipedia_420	svtav1	svtav1_20191218_c72560a_enc-mode0	60	43	0	626240.0	626.24	48.69383333333334	48.7485	50.114333333333335	48.677919	48.606855	50.069723	99.786398	5531091.0	92.18485	7295.95	1920	1080	30.0	8	2adf580ed811e0c079ab2fc2084fc73f	f04defc81e62d58f3b9d85bc08f37ff2	1920	1080	12027.0	11.0	3010.0	25435.0	False	False	0.998699	0.997952
wikipedia_420	wikipedia_420	svtav1	svtav1_20191218_c72560a_enc-mode0	60	55	0	420468.0	420.468	44.11549999999998	45.87233333333335	47.24200000000001	44.097814	45.821735	47.219063	99.599348	5084770.0	84.74616666666667	6992.15	1920	1080	30.0	8	d255b841b79d8d154ea7b6c30e6b9d6a	f4ba3ea45b745d87ead1c7d9c94b782c	1920	1080	13129.0	5.0	3366.0	25941.0	False	False	0.998046	0.997228
wikipedia_420	wikipedia_420	svtav1	svtav1_20191218_c72560a_enc-mode0	60	59	0	335324.0	335.324	41.04933333333334	43.68816666666667	45.20316666666667	41.032164	43.64876	45.168557	99.337027	5226450.0	87.1075	6938.27	1920	1080	30.0	8	db1857414e95533ee4b7dcdc49b021b2	693a99350d8aaac814e609916f933c89	1920	1080	12174.0	5.0	2723.0	23397.0	False	False	0.99704	0.996167
ToddlerFountn_1920x1080_2997_10b	ToddlerFountn_1920x1080_2997_10b	svtav1	svtav1_20191218_c72560a_enc-mode0	60	20	0	58110754.0	58110.754	41.346999999999994	46.46649999999999	43.94266666666667	41.283942	46.451525	43.910225	99.907191	13894565.0	231.57608333333334	23932.24	1920	1080	29.97	10	b94e269cd23349f2e3c001b8cd51318d	70625477ccf3d10fbb24828e3e4770fd	1920	1080	27786.0	2.0	33390.0	23018.0	False	False	0.99786	0.995291
ToddlerFountn_1920x1080_2997_10b	ToddlerFountn_1920x1080_2997_10b	svtav1	svtav1_20191218_c72560a_enc-mode0	60	32	0	28997356.0	28997.355999999996	37.15833333333333	44.974	41.98016666666665	37.054148000000005	44.964131	41.958051	99.876285	15537304.0	258.95506666666665	24326.13	1920	1080	29.97	10	f10ad1bfb0405b311232038b37548ddc	1453b628d918dc40e905cf0750e44407	1920	1080	30911.0	2.0	30101.0	26358.0	False	False	0.993416	0.986987
ToddlerFountn_1920x1080_2997_10b	ToddlerFountn_1920x1080_2997_10b	svtav1	svtav1_20191218_c72560a_enc-mode0	60	43	0	12632341.0	12632.340999999999	33.40916666666667	43.50116666666668	40.48099999999999	33.319385	43.493821	40.471145	89.582571	10867668.0	181.1278	17316.15	1920	1080	29.97	10	f81f4f0a2244e291471a6233059892a9	df2d79a9096976d5738fb314d65dcdb5	1920	1080	32401.0	4.0	24189.0	23558.0	False	False	0.979726	0.966056
ToddlerFountn_1920x1080_2997_10b	ToddlerFountn_1920x1080_2997_10b	svtav1	svtav1_20191218_c72560a_enc-mode0	60	55	0	4461930.0	4461.930000000001	29.96266666666666	41.8505	39.236	29.910412	41.849242	39.233231	65.997205	7449741.0	124.16235	12409.19	1920	1080	29.97	10	816480427f983e007196e4b44aed014b	e68806923d766aa63b13099dc9d44d7c	1920	1080	32030.0	3.0	21529.0	24936.0	False	False	0.937973	0.916612
ToddlerFountn_1920x1080_2997_10b	ToddlerFountn_1920x1080_2997_10b	svtav1	svtav1_20191218_c72560a_enc-mode0	60	59	0	2783676.0	2783.676	28.737833333333338	41.156	38.86483333333333	28.697974	41.155189	38.862634	54.44396199999999	6486809.0	108.11348333333333	10513.43	1920	1080	29.97	10	88068ca456f4227de6eb2012ec124d65	fd7c0c498e60a84dc3b204e42520b8ff	1920	1080	30437.0	3.0	19351.0	24239.0	False	False	0.909281	0.887554
MINECRAFT_60f_420	MINECRAFT_60f_420	svtav1	svtav1_20191218_c72560a_enc-mode0	60	20	0	85236392.0	85236.392	43.71	46.05516666666667	46.63299999999999	43.557135	45.897209	46.511953	99.95145900000001	13113834.0	218.5639	20820.84	1920	1080	60.0	8	72b7d2a8d50e5c41ac9746bf90f83c65	7fe49bb88610e72a91907a09a62af8a3	1920	1080	20044.0	4.0	27571.0	23842.0	False	False	0.998323	0.99721
MINECRAFT_60f_420	MINECRAFT_60f_420	svtav1	svtav1_20191218_c72560a_enc-mode0	60	32	0	50796880.0	50796.88	39.49116666666666	44.27166666666666	44.75333333333332	39.22192499999999	44.14894	44.663049	99.9246	11667324.0	194.4554	18612.72	1920	1080	60.0	8	81b6033affc6861cd3c00b7bf5680ac1	9b06dc13f4b6b053ff4f7a75699c090c	1920	1080	18919.0	3.0	23130.0	22799.0	False	False	0.9958380000000001	0.992994
MINECRAFT_60f_420	MINECRAFT_60f_420	svtav1	svtav1_20191218_c72560a_enc-mode0	60	43	0	23305864.0	23305.864	35.06750000000001	42.63666666666666	42.918499999999995	34.757976	42.555133	42.85319	96.673531	8916511.0	148.60851666666667	14775.34	1920	1080	60.0	8	acbf1c234d8f8f9fb837a3f4dc495229	e36534e89c71db3289536c3b51b3bb49	1920	1080	19452.0	7.0	17595.0	23376.0	False	False	0.988327	0.981156
MINECRAFT_60f_420	MINECRAFT_60f_420	svtav1	svtav1_20191218_c72560a_enc-mode0	60	55	0	8525512.0	8525.512	31.511166666666664	40.54716666666666	40.583999999999996	31.347694	40.506321	40.542348999999994	83.037706	8720075.0	145.33458333333334	12897.95	1920	1080	60.0	8	bda4cbb58889b96245c494ea4b47890e	e297cf28de7ac3ce10d4b2fefb0c0b1c	1920	1080	19978.0	19.0	13053.0	24006.0	False	False	0.967652	0.953007
MINECRAFT_60f_420	MINECRAFT_60f_420	svtav1	svtav1_20191218_c72560a_enc-mode0	60	59	0	5235856.0	5235.856	30.22149999999999	39.46216666666666	38.98033333333333	30.129575	39.436592	38.945446999999994	74.754658	8556715.0	142.61191666666667	12778.41	1920	1080	60.0	8	7fdc88189b749e500c082369d3e3fb69	5185609ff2b7919f19ee793ddbc2fa54	1920	1080	22168.0	4.0	12453.0	24020.0	False	False	0.947934	0.929113
