Netflix_DrivingPOV_1280x720_60fp	Netflix_DrivingPOV_1280x720_60fp	svtav1	svtav1_20190913_7f16997	60	20	13296952.0	13296.952	43.15533333333335	46.77850000000001	45.41833333333332	43.093714	46.761618	45.398503	99.670442	4385658.0	73.0943	1280	720	60.0	8	821bd28624ba0d83e5408de620710b3e	e45f27547bf490f4f7b5982615f968af	1280	720	5376.0	4.0	5686.0	2597.0	False
Netflix_DrivingPOV_1280x720_60fp	Netflix_DrivingPOV_1280x720_60fp	svtav1	svtav1_20190913_7f16997	60	32	6343184.0	6343.184	40.855666666666664	45.60649999999998	44.49816666666667	40.795932	45.598288	44.492769	98.753435	2085740.0	34.76233333333333	1280	720	60.0	8	303b4d399270ed3fe5005b2a506b77af	3c87e51fc274089f09ec6ae2b7cfad90	1280	720	5346.0	12.0	4617.0	2440.0	False
Netflix_DrivingPOV_1280x720_60fp	Netflix_DrivingPOV_1280x720_60fp	svtav1	svtav1_20190913_7f16997	60	43	3125072.0	3125.072	38.339333333333336	43.861833333333344	43.282833333333315	38.286661	43.855567	43.280177	96.632463	1430054.0	23.834233333333334	1280	720	60.0	8	816eb057136a5ece1555e88130a0c398	f14397b8ab3e1b96ca45140aefd061ec	1280	720	4705.0	7.0	4203.0	2401.0	False
Netflix_DrivingPOV_1280x720_60fp	Netflix_DrivingPOV_1280x720_60fp	svtav1	svtav1_20190913_7f16997	60	55	1566896.0	1566.896	35.724166666666676	41.95666666666664	42.032499999999985	35.670262	41.950865	42.028622	92.218952	1212868.0	20.214466666666667	1280	720	60.0	8	7f3b82b75a67ccbd32ec950ed94a5124	1ae8f205667d44d00a56581c807b51ba	1280	720	6956.0	19.0	4728.0	2769.0	False
Netflix_DrivingPOV_1280x720_60fp	Netflix_DrivingPOV_1280x720_60fp	svtav1	svtav1_20190913_7f16997	60	63	684296.0	684.296	32.44116666666667	39.40149999999998	40.27216666666667	32.411066	39.39654	40.269253	81.418732	439841.0	7.330683333333333	1280	720	60.0	8	a57aec79499f9a4621a22946f7c07714	ab4cc573ad57b2942165e4f85c351d96	1280	720	4966.0	3.0	3329.0	2906.0	False
niklas360p_60f	niklas360p_60f	svtav1	svtav1_20190913_7f16997	60	20	1582400.0	1582.4	44.57866666666667	48.132666666666665	47.820499999999996	44.47906	48.073716	47.761136	98.351575	427578.0	7.1263	640	360	30.0	8	4556f6cc4ba8bff8936741dcf402c253	52b4763fceb96cd9cc31b1f27fbadb31	640	360	1502.0	10.0	1463.0	600.0	False
niklas360p_60f	niklas360p_60f	svtav1	svtav1_20190913_7f16997	60	32	853512.0	853.512	42.17633333333333	46.69766666666667	46.12883333333332	42.085849	46.659172	46.090206	96.80133300000001	1443783.0	24.06305	640	360	30.0	8	3a0be2c053da88b8ba4e2bc6b6928d1b	6b9584c3d1dc391d284e9f0af0433253	640	360	2505.0	8.0	2473.0	566.0	False
niklas360p_60f	niklas360p_60f	svtav1	svtav1_20190913_7f16997	60	43	463000.0	463.0	39.35916666666665	44.99416666666666	44.16383333333332	39.276674	44.971242	44.137201	93.534257	351372.0	5.8562	640	360	30.0	8	b9e529e2848e920a221534ab72207c5b	a84fdf5052ff2c100a48d959d4a6caec	640	360	2162.0	21.0	2109.0	619.0	False
niklas360p_60f	niklas360p_60f	svtav1	svtav1_20190913_7f16997	60	55	248392.0	248.392	36.26333333333333	43.09066666666668	42.05816666666666	36.190612	43.071986	42.03454	87.361085	325230.0	5.4205	640	360	30.0	8	e30116fedff271cbf421ea66b4afdfac	efc23745bcd1dd425c46467afd06e0e4	640	360	1429.0	2.0	872.0	542.0	False
niklas360p_60f	niklas360p_60f	svtav1	svtav1_20190913_7f16997	60	63	119684.0	119.684	32.63450000000001	40.74716666666667	39.39966666666667	32.578252	40.732429	39.373092	75.058332	252029.0	4.200483333333334	640	360	30.0	8	5195a830073acd9c31d1ade8d3ecefea	ad350f28934034d45ba0dfb951fcdf57	640	360	2189.0	13.0	749.0	619.0	False
Market3_1920x1080p_50_10b_pq_709	Market3_1920x1080p_50_10b_pq_709	svtav1	svtav1_20190913_7f16997	60	20	18389426.0	18389.426	45.446499999999986	51.86516666666666	52.77250000000001	45.300013	51.768189	52.674472	99.798111	1599333.0	26.65555	1920	1080	50.0	10	199a3098f5aac4440299f205156ca88f	557057d5ff4d8de6543474d59f7c1e5d	1920	1080	16575.0	4.0	14303.0	8443.0	True
Market3_1920x1080p_50_10b_pq_709	Market3_1920x1080p_50_10b_pq_709	svtav1	svtav1_20190913_7f16997	60	32	9186740.0	9186.74	43.025333333333336	49.86583333333335	50.92566666666667	42.931763	49.824871	50.875433	98.876927	3282133.0	54.702216666666665	1920	1080	50.0	10	62a03c4d9f4e4d631ac1261eabd4b796	e75e3628514e6c99fbda09c146244169	1920	1080	29296.0	23.0	16284.0	10347.0	True
Market3_1920x1080p_50_10b_pq_709	Market3_1920x1080p_50_10b_pq_709	svtav1	svtav1_20190913_7f16997	60	43	4435486.0	4435.486	39.906166666666664	47.45250000000001	48.753	39.856266	47.441194	48.734148	95.652938	4189848.0	69.8308	1920	1080	50.0	10	0c89a94ad175356b6ab9a570da692412	7c8c42953e5e62c56c2f1b5f547c622f	1920	1080	29248.0	8.0	17389.0	10124.0	True
Market3_1920x1080p_50_10b_pq_709	Market3_1920x1080p_50_10b_pq_709	svtav1	svtav1_20190913_7f16997	60	55	2223080.0	2223.08	36.84799999999999	45.44750000000001	46.896	36.797996	45.43403	46.872554	89.560893	2057404.0	34.29006666666667	1920	1080	50.0	10	d007377a3bcc38e907a72b434f6307a8	25f2e8ac3543586e2a896245c6ac63e0	1920	1080	20649.0	15.0	17524.0	10023.0	True
Market3_1920x1080p_50_10b_pq_709	Market3_1920x1080p_50_10b_pq_709	svtav1	svtav1_20190913_7f16997	60	63	931793.0	931.793	33.402833333333334	43.086166666666664	44.76383333333334	33.353429	43.054969	44.72863300000001	75.846483	485337.0	8.08895	1920	1080	50.0	10	a75dade39195a99791c83c1c78eaced0	cc3bb28e7f7cafb420f9185bf49b0833	1920	1080	12560.0	5.0	11503.0	5884.0	True
vidyo4_720p_60fps_60f	vidyo4_720p_60fps_60f	svtav1	svtav1_20190913_7f16997	60	20	6856560.0	6856.56	44.54733333333333	50.14749999999999	50.44750000000001	44.479183	50.13766	50.439044	97.816028	1296367.0	21.606116666666665	1280	720	60.0	8	4c988d1121ed332747b891944f846786	2c4e15e16da2caf98872fb0d844e2691	1280	720	3589.0	7.0	7600.0	2915.0	False
vidyo4_720p_60fps_60f	vidyo4_720p_60fps_60f	svtav1	svtav1_20190913_7f16997	60	32	2278520.0	2278.52	42.97433333333332	49.57399999999998	49.87266666666665	42.907267	49.565312999999996	49.86633100000001	96.56547100000002	866473.0	14.441216666666667	1280	720	60.0	8	3694ca18bcce3e852fd83473784806e4	1ae3adeb73a960c01e3ee5e47aa260d9	1280	720	3840.0	3.0	2727.0	2474.0	False
vidyo4_720p_60fps_60f	vidyo4_720p_60fps_60f	svtav1	svtav1_20190913_7f16997	60	43	1044376.0	1044.376	41.62733333333334	48.754500000000014	49.06516666666668	41.562459	48.744471	49.05602	94.639189	440244.0	7.3374	1280	720	60.0	8	fb53d13478b0a6a97e87535fdbf8ba75	c763302ad44a8d8c1887d03b06b1f2af	1280	720	3370.0	3.0	2287.0	3607.0	False
vidyo4_720p_60fps_60f	vidyo4_720p_60fps_60f	svtav1	svtav1_20190913_7f16997	60	55	526688.0	526.688	39.7325	47.4823333333333	47.732333333333344	39.658829	47.469176	47.719236	90.631547	1754401.0	29.240016666666666	1280	720	60.0	8	7045a16b4d5db1cec888bf7ba0e175d2	1d4a0ecce46cb936b19f956431ce28c1	1280	720	4020.0	12.0	2947.0	4119.0	False
vidyo4_720p_60fps_60f	vidyo4_720p_60fps_60f	svtav1	svtav1_20190913_7f16997	60	63	240408.0	240.408	36.720500000000015	44.95550000000001	44.74483333333335	36.662917	44.946471	44.73750400000001	80.34249100000001	368762.0	6.1460333333333335	1280	720	60.0	8	1e370fa32f274990f0791724aec00609	a975806ac0dd55804d0d6d557c7d702d	1280	720	3610.0	2.0	1641.0	2362.0	False
KristenAndSara_1280x720_60f	KristenAndSara_1280x720_60f	svtav1	svtav1_20190913_7f16997	60	20	4387328.0	4387.328	44.85850000000001	49.20733333333335	50.12533333333334	44.832194	49.201911	50.122076	97.035723	787500.0	13.125	1280	720	60.0	8	db31486aaa2a94db09e51bfb6dbd7932	2b7f14a636fa610cee5811df3aede281	1280	720	3475.0	3.0	3666.0	2459.0	False
KristenAndSara_1280x720_60f	KristenAndSara_1280x720_60f	svtav1	svtav1_20190913_7f16997	60	32	1662824.0	1662.824	43.72833333333335	48.59833333333333	49.52800000000001	43.707478	48.594309	49.525361	96.280958	1268042.0	21.134033333333335	1280	720	60.0	8	6e9a642940de66a52498e42011763380	51b9040638fd3003b34f8088671560ab	1280	720	3537.0	4.0	2534.0	2358.0	False
KristenAndSara_1280x720_60f	KristenAndSara_1280x720_60f	svtav1	svtav1_20190913_7f16997	60	43	824504.0	824.504	42.48999999999999	47.64016666666667	48.50300000000001	42.466955	47.636121	48.49979	94.884689	2550218.0	42.50363333333333	1280	720	60.0	8	4800379b21430c0e3f74171cb4d1d539	7fc35707cc2b4fdc48b0087b6a58fc87	1280	720	4847.0	14.0	4617.0	3866.0	False
KristenAndSara_1280x720_60f	KristenAndSara_1280x720_60f	svtav1	svtav1_20190913_7f16997	60	55	429952.0	429.952	40.59783333333335	46.02599999999999	47.024666666666675	40.570235	46.022811	47.021671	91.843984	520007.0	8.666783333333333	1280	720	60.0	8	083477a6a04b93c880a2ac877375f335	3409f86b947e733c16bb6ed993ed65a2	1280	720	3981.0	4.0	1768.0	2379.0	False
KristenAndSara_1280x720_60f	KristenAndSara_1280x720_60f	svtav1	svtav1_20190913_7f16997	60	63	201128.0	201.128	37.40083333333333	43.198333333333345	44.103833333333334	37.388331	43.196711	44.103378	83.707296	349208.0	5.820133333333334	1280	720	60.0	8	d573a80faf1f9564371566346b3444c7	71a49eb360f5888bd923d034e7c9f953	1280	720	3562.0	8.0	1472.0	3178.0	False
DOTA2_60f_420	DOTA2_60f_420	svtav1	svtav1_20190913_7f16997	60	20	18682928.0	18682.928	45.96566666666667	49.84749999999998	49.913500000000006	45.915506	49.793073	49.882358	97.738	2640158.0	44.002633333333335	1920	1080	60.0	8	c2547ed652a3cb0484248831a624619a	23bafd6a986e379f1a73ba5d4b97d928	1920	1080	9020.0	13.0	13080.0	7996.0	False
DOTA2_60f_420	DOTA2_60f_420	svtav1	svtav1_20190913_7f16997	60	32	9632024.0	9632.024	43.79749999999999	47.918833333333325	48.12633333333333	43.711042	47.83048999999999	48.080892	96.228336	2583032.0	43.050533333333334	1920	1080	60.0	8	68ab9d69a31e0ed28d826f93ca8527e5	fefdfa478ce576438bcef8071683a918	1920	1080	9106.0	19.0	6464.0	8809.0	False
DOTA2_60f_420	DOTA2_60f_420	svtav1	svtav1_20190913_7f16997	60	43	4758280.0	4758.28	41.20866666666668	45.541666666666664	45.87833333333334	41.100328	45.428639	45.8271	93.181455	5303072.0	88.38453333333334	1920	1080	60.0	8	a85228fe0c39d430ff713fc4335c664b	6fd9cd35a4b168a5ef08ffd3df10b6ea	1920	1080	13244.0	11.0	9393.0	16454.0	False
DOTA2_60f_420	DOTA2_60f_420	svtav1	svtav1_20190913_7f16997	60	55	2187088.0	2187.088	38.248333333333335	42.82433333333334	43.243166666666674	38.122956	42.703517	43.203205	87.04183200000001	4165284.0	69.4214	1920	1080	60.0	8	bab452f3dbd0d0abb43de6f1f87ef76a	9dc72d8597efb74c30c71e0b8844f093	1920	1080	11288.0	8.0	7523.0	9829.0	False
DOTA2_60f_420	DOTA2_60f_420	svtav1	svtav1_20190913_7f16997	60	63	839808.0	839.8079999999999	34.48199999999999	39.33499999999999	39.66549999999999	34.425506	39.286157	39.656487	72.119967	3341189.0	55.686483333333335	1920	1080	60.0	8	797c34a5e2c29497f6dd3e27fe6d432b	7cef10022e4ea4775baaaa58d72a4dc0	1920	1080	12472.0	20.0	8631.0	9866.0	False
Netflix_Aerial_1920x1080_60fps_8	Netflix_Aerial_1920x1080_60fps_8	svtav1	svtav1_20190913_7f16997	60	20	28362824.0	28362.824	43.217000000000006	46.11866666666667	45.773333333333355	43.155669	46.092368	45.753032	96.921247	3866099.0	64.43498333333334	1920	1080	60.0	8	d75221ea3c3ffd44c5f53a9904a1b5b6	1707f10cf99715026f959eab166a5cdc	1920	1080	10026.0	3.0	12669.0	5957.0	False
Netflix_Aerial_1920x1080_60fps_8	Netflix_Aerial_1920x1080_60fps_8	svtav1	svtav1_20190913_7f16997	60	32	13008352.0	13008.352	41.27	44.85433333333334	44.71733333333334	41.206629	44.844565	44.712446	94.780852	3029794.0	50.496566666666666	1920	1080	60.0	8	f772f0a61f81969007840775ee835d00	fba7f9cc0c6524a2e9b1ff6e3bc72bd5	1920	1080	9776.0	3.0	11258.0	7675.0	False
Netflix_Aerial_1920x1080_60fps_8	Netflix_Aerial_1920x1080_60fps_8	svtav1	svtav1_20190913_7f16997	60	43	6256312.0	6256.312	38.86866666666666	43.28216666666667	43.58950000000001	38.78919	43.27494	43.58675	91.523316	2063226.0	34.3871	1920	1080	60.0	8	9e8e5afedceeb9cd02daa1564fe2f838	e4d39ad8b7f9138194d643c398dd419f	1920	1080	9175.0	3.0	9856.0	7033.0	False
Netflix_Aerial_1920x1080_60fps_8	Netflix_Aerial_1920x1080_60fps_8	svtav1	svtav1_20190913_7f16997	60	55	2938296.0	2938.296	36.056	41.519499999999994	42.40816666666667	35.996929	41.513783	42.402835	85.593358	1852294.0	30.871566666666666	1920	1080	60.0	8	fe9063454af7d38899b2b6ec7a6b5c6a	713ab3d09a005db3f848464f96295acd	1920	1080	9407.0	5.0	14479.0	6471.0	False
Netflix_Aerial_1920x1080_60fps_8	Netflix_Aerial_1920x1080_60fps_8	svtav1	svtav1_20190913_7f16997	60	63	1005088.0	1005.088	32.25783333333333	39.29816666666666	40.99499999999999	32.243651	39.286383	40.983617	70.63876	1617455.0	26.957583333333332	1920	1080	60.0	8	23c20b0cc6409d41411e3db290b15064	a660aac2dda2cb77088dbff3a5a6d2e1	1920	1080	9920.0	2.0	7407.0	6239.0	False
ducks_take_off_1080p50_60f	ducks_take_off_1080p50_60f	svtav1	svtav1_20190913_7f16997	60	20	120386306.0	120386.306	39.09750000000002	39.51266666666667	41.57966666666667	39.010801	39.438412	41.53059	98.806139	4966442.0	82.77403333333334	1920	1080	50.0	8	29f8968ab4f6ed881c685a88dccc592a	db6c7ae6d4b6510052349bd2a3f9d1f1	1920	1080	11235.0	3.0	26012.0	6265.0	False
ducks_take_off_1080p50_60f	ducks_take_off_1080p50_60f	svtav1	svtav1_20190913_7f16997	60	32	35627373.0	35627.373	35.33633333333333	37.092000000000006	40.01516666666668	35.273505	37.054397	39.998828	93.953566	8794016.0	146.56693333333334	1920	1080	50.0	8	d7664d39b6636d2f5d80a1fe147438ff	36aced0e41c3e430a199a388996372b5	1920	1080	20456.0	7.0	20358.0	5981.0	False
ducks_take_off_1080p50_60f	ducks_take_off_1080p50_60f	svtav1	svtav1_20190913_7f16997	60	43	11628026.0	11628.026	33.18066666666667	35.30416666666667	38.62950000000001	33.15066	35.267216	38.618031	85.049559	2573050.0	42.884166666666665	1920	1080	50.0	8	eff08cce8fec0b0d9bc46f2933c2a9fa	e0e000fd617b5c59a34f4e8e0638f99f	1920	1080	13398.0	9.0	15192.0	5995.0	False
ducks_take_off_1080p50_60f	ducks_take_off_1080p50_60f	svtav1	svtav1_20190913_7f16997	60	55	4541946.0	4541.946	30.89333333333335	33.607666666666674	37.443333333333314	30.845145	33.562072	37.436747	69.74248000000001	1601146.0	26.685766666666666	1920	1080	50.0	8	60fc1a5966b00d82dd74bf67c2a2d177	b9e343147a9d19b4939abae1253e0568	1920	1080	13194.0	3.0	17535.0	6403.0	False
ducks_take_off_1080p50_60f	ducks_take_off_1080p50_60f	svtav1	svtav1_20190913_7f16997	60	63	1715940.0	1715.94	28.223833333333342	31.813166666666657	36.29916666666667	28.137892	31.767072	36.294704	47.748797	4282370.0	71.37283333333333	1920	1080	50.0	8	0362f1dc8622e6d95934d0e59cfbb61e	fb07a0f2c3f9105c382984b8d06f25c8	1920	1080	12863.0	7.0	14827.0	9837.0	False
touchdown_pass_1080p_60f	touchdown_pass_1080p_60f	svtav1	svtav1_20190913_7f16997	60	20	24909870.0	24909.87	41.16133333333333	48.35733333333334	48.50216666666667	41.020287	48.333169	48.479287	96.541345	2999530.0	49.99216666666667	1920	1080	29.97	8	2c246b53535d0fc0da4eeda3852f4aa7	09ab09dc54c46b72329871c8235fb200	1920	1080	10586.0	7.0	20859.0	6364.0	False
touchdown_pass_1080p_60f	touchdown_pass_1080p_60f	svtav1	svtav1_20190913_7f16997	60	32	6333997.0	6333.997	38.92166666666667	47.56199999999999	47.68116666666667	38.872522	47.553432	47.672921	94.162209	2330026.0	38.83376666666667	1920	1080	29.97	8	5a49c8994ed79d561e1353e33f6febd5	fc1d11e6f4bbf11de1a547925ce8bc63	1920	1080	9029.0	4.0	12504.0	6278.0	False
touchdown_pass_1080p_60f	touchdown_pass_1080p_60f	svtav1	svtav1_20190913_7f16997	60	43	2378281.0	2378.281	37.564499999999995	46.6695	46.727333333333306	37.534913	46.664272	46.720458	91.27464	2348546.0	39.14243333333334	1920	1080	29.97	8	b4130ea5937e3ed0e75aa332c970076c	bbefd3ab313e89794a3944ee5d7fa613	1920	1080	10394.0	3.0	9391.0	6361.0	False
touchdown_pass_1080p_60f	touchdown_pass_1080p_60f	svtav1	svtav1_20190913_7f16997	60	55	1175035.0	1175.035	35.91366666666665	45.577666666666694	45.542666666666676	35.876637	45.572703	45.533798	85.469734	2832180.0	47.203	1920	1080	29.97	8	818c1139a5284b4af4a16593165ac7aa	040e647ef280f0ca1ab184b8958de78d	1920	1080	11101.0	5.0	7985.0	6804.0	False
touchdown_pass_1080p_60f	touchdown_pass_1080p_60f	svtav1	svtav1_20190913_7f16997	60	63	460302.0	460.302	32.984833333333334	43.81733333333332	43.80133333333334	32.939807	43.811174	43.792067	68.487781	1554939.0	25.91565	1920	1080	29.97	8	7176cfbd1435f5422eea47b22ca2438c	5ddc2fa0bc06c5b0ef3c804206b1e537	1920	1080	9227.0	9.0	6684.0	8710.0	False
vidyo1_720p_60fps_60f	vidyo1_720p_60fps_60f	svtav1	svtav1_20190913_7f16997	60	20	4845912.0	4845.912	45.78400000000003	48.277666666666654	49.61783333333334	45.754238	48.263932	49.611666	96.620805	1755219.0	29.25365	1280	720	60.0	8	24d2238af4019a9456764e0ff83467a5	b685fc45e83527a0491f1d7e313daabb	1280	720	3548.0	7.0	2773.0	2440.0	False
vidyo1_720p_60fps_60f	vidyo1_720p_60fps_60f	svtav1	svtav1_20190913_7f16997	60	32	1840488.0	1840.488	44.2395	47.76566666666666	49.03400000000002	44.220867	47.759063	49.029307	95.392259	608554.0	10.142566666666667	1280	720	60.0	8	9f1316afca3a33675cdede246d7d24a2	ec16227dac671e643d6f1450d817b9eb	1280	720	3694.0	5.0	2115.0	2543.0	False
vidyo1_720p_60fps_60f	vidyo1_720p_60fps_60f	svtav1	svtav1_20190913_7f16997	60	43	837336.0	837.336	42.798666666666676	47.16100000000001	48.223500000000016	42.787952	47.157721	48.221195	93.543477	465951.0	7.76585	1280	720	60.0	8	92d202d410bb6170884cd82406defd78	a33201c0e7544e2a896f0bdd4ea9d2f7	1280	720	3684.0	4.0	1838.0	2512.0	False
vidyo1_720p_60fps_60f	vidyo1_720p_60fps_60f	svtav1	svtav1_20190913_7f16997	60	55	435872.0	435.872	40.898166666666675	46.08400000000001	46.76283333333331	40.883292	46.082778	46.761331	89.861447	1324871.0	22.081183333333332	1280	720	60.0	8	5713de2f05af9819ef055f88f80bc8b8	f58cf55433877ebecd7e29299253dd4e	1280	720	4226.0	2.0	1480.0	2479.0	False
vidyo1_720p_60fps_60f	vidyo1_720p_60fps_60f	svtav1	svtav1_20190913_7f16997	60	63	205832.0	205.832	37.56566666666666	43.818166666666656	44.101	37.556438	43.817278	44.100725	79.655862	600560.0	10.009333333333334	1280	720	60.0	8	b155f84f05fe4853d925d821c1ea3d77	0b9a6f99a147f8e6ffcf68513c13bb86	1280	720	4651.0	10.0	2856.0	4978.0	False
Netflix_FoodMarket_1920x1080_60f	Netflix_FoodMarket_1920x1080_60f	svtav1	svtav1_20190913_7f16997	60	20	33163088.0	33163.088	41.406666666666666	45.19766666666668	45.894833333333324	41.346718	45.174294	45.880483	99.331716	3120942.0	52.0157	1920	1080	60.0	8	95d83c38260a4f2c4d119c71f3ee632e	44c861698f1f4b3429dbdb62f710db49	1920	1080	8226.0	4.0	18521.0	6202.0	False
Netflix_FoodMarket_1920x1080_60f	Netflix_FoodMarket_1920x1080_60f	svtav1	svtav1_20190913_7f16997	60	32	9868280.0	9868.28	40.02383333333333	44.42866666666667	45.29533333333333	40.001028	44.41991599999999	45.291793	96.485738	7213959.0	120.23265	1920	1080	60.0	8	708c787f0207d0d467f27607db7d303d	915a11a13d0151e9c5df90df6ff49903	1920	1080	12853.0	9.0	12734.0	6301.0	False
Netflix_FoodMarket_1920x1080_60f	Netflix_FoodMarket_1920x1080_60f	svtav1	svtav1_20190913_7f16997	60	43	4525352.0	4525.352	38.84683333333332	43.615833333333335	44.61500000000001	38.823086	43.608493	44.612558	92.573482	1303221.0	21.72035	1920	1080	60.0	8	1b4606567dfaa44709b53a0c576b091f	d7f250e07296636ff8eefc792d023bbf	1920	1080	8608.0	2.0	9353.0	7320.0	False
Netflix_FoodMarket_1920x1080_60f	Netflix_FoodMarket_1920x1080_60f	svtav1	svtav1_20190913_7f16997	60	55	2235064.0	2235.064	37.16016666666666	42.60133333333333	43.69433333333334	37.117349	42.589879	43.688537	84.433963	1173379.0	19.556316666666667	1920	1080	60.0	8	f267166ccbf2e2c1756bcbc93a45b066	f6d7d85ae3a74fd25471e48c2bd53313	1920	1080	9563.0	7.0	12949.0	6186.0	False
Netflix_FoodMarket_1920x1080_60f	Netflix_FoodMarket_1920x1080_60f	svtav1	svtav1_20190913_7f16997	60	63	951848.0	951.848	34.6345	41.01216666666666	42.03383333333332	34.590443	41.001279	42.016895	68.202642	1645089.0	27.41815	1920	1080	60.0	8	a4a6fe37d1b2bbd5892d2d2c0c27a272	155960228e58f8f1c3cc4775e7e27dc8	1920	1080	8649.0	3.0	7007.0	6101.0	False
rush_hour_1080p25_60f	rush_hour_1080p25_60f	svtav1	svtav1_20190913_7f16997	60	20	8276193.0	8276.193	43.23333333333334	47.2	49.25916666666665	43.206793	47.182195	49.242213	97.246695	3410927.0	56.84878333333333	1920	1080	25.0	8	dea50531ce4d5ec2e5a398d83ed72ee4	5d2f07feaa8130bdfe6009d8bb238913	1920	1080	11396.0	14.0	16025.0	6297.0	False
rush_hour_1080p25_60f	rush_hour_1080p25_60f	svtav1	svtav1_20190913_7f16997	60	32	3339170.0	3339.17	42.34016666666668	46.42183333333333	48.27150000000001	42.330844	46.415627	48.263026	93.949026	7825311.0	130.42185	1920	1080	25.0	8	9af78a7e9e3f7524632d5a105ea31dbd	e62bc570336f9f62c91af74ec2b3fa69	1920	1080	9316.0	10.0	16239.0	7223.0	False
rush_hour_1080p25_60f	rush_hour_1080p25_60f	svtav1	svtav1_20190913_7f16997	60	43	1574090.0	1574.09	41.101000000000006	45.486500000000014	47.0325	41.075925	45.480995	47.020891	87.515295	2188941.0	36.48235	1920	1080	25.0	8	1c9993c70a6c1c2501f262419bc7a685	ef1e1b764553c5c005bd67de1244c598	1920	1080	6562.0	3.0	10578.0	6153.0	False
rush_hour_1080p25_60f	rush_hour_1080p25_60f	svtav1	svtav1_20190913_7f16997	60	55	748246.0	748.246	39.29466666666666	44.328	45.50233333333334	39.233716	44.319371	45.482826	77.046866	5910182.0	98.50303333333333	1920	1080	25.0	8	6443f2b5728939b91a3f9484dd7d4846	dcd64afbd825668370de0fd4d011f6ee	1920	1080	12340.0	12.0	9580.0	8912.0	False
rush_hour_1080p25_60f	rush_hour_1080p25_60f	svtav1	svtav1_20190913_7f16997	60	63	319890.0	319.89	36.725666666666676	42.49899999999999	43.273166666666654	36.608488	42.492389	43.252707	61.963752	1079186.0	17.986433333333334	1920	1080	25.0	8	d6094a1b65bd366cc5b818730e534594	548cff2c96a01fac273f85fdf7fa44cd	1920	1080	9648.0	7.0	6658.0	6180.0	False
wikipedia_420	wikipedia_420	svtav1	svtav1_20190913_7f16997	60	20	1739792.0	1739.792	55.811833333333354	53.28199999999999	54.16249999999999	55.794744	53.124748	54.104602	99.839491	1211814.0	20.1969	1920	1080	30.0	8	69d6cf9793109753cca6e2325801b1cc	bda32064a94dbcd0cd627c5ef815b3e3	1920	1080	6070.0	3.0	1393.0	5603.0	False
wikipedia_420	wikipedia_420	svtav1	svtav1_20190913_7f16997	60	32	939096.0	939.096	51.176666666666655	50.92100000000001	52.11166666666666	51.167724	50.69026	52.053702	99.823457	1115228.0	18.587133333333334	1920	1080	30.0	8	c16156a5208472e7e49b8ddb38c5e0d3	9c90683f70667d902c7c51f8a45fae12	1920	1080	8916.0	8.0	1198.0	5750.0	False
wikipedia_420	wikipedia_420	svtav1	svtav1_20190913_7f16997	60	43	632152.0	632.152	48.709333333333326	48.94466666666665	50.37283333333334	48.691487	48.781928	50.32353	99.797742	5093324.0	84.88873333333333	1920	1080	30.0	8	7af2ed59a948d2455c0c0bad0a58dca1	cf3a772121d15d764efd98716aeed39d	1920	1080	14078.0	10.0	1953.0	7389.0	False
wikipedia_420	wikipedia_420	svtav1	svtav1_20190913_7f16997	60	55	460892.0	460.892	45.24783333333334	46.57149999999999	47.984500000000004	45.226504	46.508141	47.962521	99.685199	1376799.0	22.94665	1920	1080	30.0	8	c2f58c7e94864a79682434318d100286	33e86efc89ebbb167abb9d81463ecd5f	1920	1080	6618.0	3.0	1776.0	6370.0	False
wikipedia_420	wikipedia_420	svtav1	svtav1_20190913_7f16997	60	63	313428.0	313.428	38.59299999999999	43.2575	44.4165	38.539207	43.197081	44.385934	98.888021	810390.0	13.5065	1920	1080	30.0	8	5fa808fb68ab8fc093a3364428364e6a	f92ad67d44653c4b1b0a42608ec8bf99	1920	1080	6149.0	4.0	1580.0	8014.0	False
MINECRAFT_60f_420	MINECRAFT_60f_420	svtav1	svtav1_20190913_7f16997	60	20	88655600.0	88655.6	43.56133333333333	46.32983333333333	46.808	43.377285	46.171783	46.683173	99.950986	4442199.0	74.03665	1920	1080	60.0	8	8e1ede2b6fb237b51b69e5f71c448f16	1dcbe2d5caa0c92cff3c07dd85f1636a	1920	1080	10057.0	4.0	18133.0	5913.0	False
MINECRAFT_60f_420	MINECRAFT_60f_420	svtav1	svtav1_20190913_7f16997	60	32	52827176.0	52827.176	39.25533333333335	44.45799999999999	44.77116666666666	39.001079	44.337172	44.677462	99.915406	2113954.0	35.23256666666666	1920	1080	60.0	8	6a3419f001d474d6116a29799a286e6f	7476ed5d38c88b9a0e703e990226262a	1920	1080	9701.0	3.0	16927.0	6760.0	False
MINECRAFT_60f_420	MINECRAFT_60f_420	svtav1	svtav1_20190913_7f16997	60	43	24493160.0	24493.16	34.890166666666666	42.68483333333334	42.7515	34.621957	42.602911	42.683449	96.710124	7582065.0	126.36775	1920	1080	60.0	8	a304a07598c48cf61233078d204e7873	8a7ec967d5d12665922976daf6552bd8	1920	1080	13143.0	3.0	12691.0	7622.0	False
MINECRAFT_60f_420	MINECRAFT_60f_420	svtav1	svtav1_20190913_7f16997	60	55	9925512.0	9925.512	31.674166666666665	40.78583333333334	40.7826666666667	31.489964	40.736232	40.738246	84.610988	1873901.0	31.231683333333333	1920	1080	60.0	8	155513f3d01eb51b33ac253e41a132e8	b1760d76fd26e0e41fea5960829a6e76	1920	1080	9882.0	9.0	10014.0	7740.0	False
MINECRAFT_60f_420	MINECRAFT_60f_420	svtav1	svtav1_20190913_7f16997	60	63	3356768.0	3356.7680000000005	28.759833333333344	38.32933333333334	38.57233333333333	28.64086	38.309296	38.55099400000001	62.110781	2619371.0	43.65618333333333	1920	1080	60.0	8	0aa9eddcec1409b7789ea85f54ba0014	8bceea558a2f8b5e1b73d4b46f21905a	1920	1080	14309.0	16.0	8999.0	7141.0	False
kirland360p_60f	kirland360p_60f	svtav1	svtav1_20190913_7f16997	60	20	344836.0	344.836	47.55733333333333	48.574666666666666	49.83633333333332	47.478157	48.546883	49.810002000000004	96.028378	245616.0	4.0936	640	360	30.0	8	dec42f147bd4d6f72b720c8248b433ad	985fff8e621857aa347b7b17cf29586a	640	360	1206.0	4.0	1157.0	525.0	False
kirland360p_60f	kirland360p_60f	svtav1	svtav1_20190913_7f16997	60	32	156736.0	156.736	46.20983333333333	48.05433333333331	49.01833333333334	46.084807	48.033182	48.998692	94.882405	465204.0	7.7534	640	360	30.0	8	7905d29082c95e8187135443c83c024b	6d1dd0341f715a3f338bec60bcb4fe9a	640	360	2177.0	6.0	820.0	699.0	False
kirland360p_60f	kirland360p_60f	svtav1	svtav1_20190913_7f16997	60	43	85644.0	85.644	44.46916666666667	47.46433333333332	47.94366666666667	44.284197999999996	47.433159	47.881232	92.591322	287995.0	4.799916666666666	640	360	30.0	8	e12ce959dd98441ac723ece0cf4b16f7	33c9bf7b2b4daa0da581b743ff4a87de	640	360	1003.0	7.0	386.0	624.0	False
kirland360p_60f	kirland360p_60f	svtav1	svtav1_20190913_7f16997	60	55	50196.0	50.196	42.199	46.49949999999999	46.54216666666667	41.944789	46.446532	46.384066	88.194009	129912.0	2.1652	640	360	30.0	8	013c5e085386b3d2a216ec33a6ab52fe	caff4b9e28d074ef7b5ae8a19b24fa01	640	360	1611.0	15.0	545.0	747.0	False
kirland360p_60f	kirland360p_60f	svtav1	svtav1_20190913_7f16997	60	63	29296.0	29.296	39.08866666666666	45.163	44.807166666666674	38.784663	45.036865	44.541045000000004	78.13373299999999	95183.0	1.5863833333333333	640	360	30.0	8	66571ab0afe8faf637ac28ae57dbdb13	9b5d1442219e908b70224508dcd01725	640	360	1080.0	2.0	281.0	527.0	False
Starting_1920x1080p_50_10b_pq_70	Starting_1920x1080p_50_10b_pq_70	svtav1	svtav1_20190913_7f16997	60	20	8469120.0	8469.12	46.61683333333334	49.47666666666669	51.004999999999995	46.51595	49.427566	50.935810999999994	96.180907	4874575.0	81.24291666666667	1920	1080	50.0	10	31d93705572ec2b596a19dfd851a3d67	a173801acc33e38747fea68cec2525a6	1920	1080	19576.0	14.0	10049.0	8548.0	True
Starting_1920x1080p_50_10b_pq_70	Starting_1920x1080p_50_10b_pq_70	svtav1	svtav1_20190913_7f16997	60	32	3297066.0	3297.066	45.01866666666667	47.91983333333335	48.86766666666666	44.989889999999995	47.910126	48.851244	94.959643	3613064.0	60.217733333333335	1920	1080	50.0	10	e13342f9af0c97e41cd65d3bfac0054a	4de33a58686ee0561f0629db4b54c896	1920	1080	13686.0	16.0	11377.0	9641.0	True
Starting_1920x1080p_50_10b_pq_70	Starting_1920x1080p_50_10b_pq_70	svtav1	svtav1_20190913_7f16997	60	43	1535266.0	1535.266	42.885	46.277999999999984	46.78716666666663	42.87749900000001	46.277224	46.785565	92.498077	639398.0	10.656633333333334	1920	1080	50.0	10	6700deb888852ffa47bc083dc5e42132	992da682d02968dfac0ff66c5de0144c	1920	1080	11379.0	6.0	11320.0	8168.0	True
Starting_1920x1080p_50_10b_pq_70	Starting_1920x1080p_50_10b_pq_70	svtav1	svtav1_20190913_7f16997	60	55	776346.0	776.346	39.6895	44.508166666666654	44.80483333333331	39.678535	44.507052	44.803096	86.556849	1169932.0	19.498866666666668	1920	1080	50.0	10	9c7fe5fbd2e2f1835c874841b0bbdd3b	c1b0e848cbb299379dd2110f6b98ea74	1920	1080	11825.0	4.0	5933.0	5803.0	True
Starting_1920x1080p_50_10b_pq_70	Starting_1920x1080p_50_10b_pq_70	svtav1	svtav1_20190913_7f16997	60	63	366480.0	366.4800000000001	35.73500000000001	42.458833333333324	42.62150000000002	35.701163	42.452947	42.614746	72.131314	1314512.0	21.908533333333335	1920	1080	50.0	10	0e0d21db4c6e73856a7c418c34261251	766e65a194d626a57bfb2d867cb4eba4	1920	1080	12639.0	4.0	5706.0	6078.0	True
red_kayak_360p_60f	red_kayak_360p_60f	svtav1	svtav1_20190913_7f16997	60	20	9345808.0	9345.808	41.25116666666666	44.820333333333316	49.35333333333333	41.134285	44.765942	49.337146	99.904978	1473270.0	24.5545	640	360	29.97	8	eaafe01695db3aef224ece27959744d3	d0309d8181a574048eb6422a360bc153	640	360	1483.0	2.0	2683.0	572.0	False
red_kayak_360p_60f	red_kayak_360p_60f	svtav1	svtav1_20190913_7f16997	60	32	5496298.0	5496.298	36.721	42.42850000000001	48.015	36.537042	42.366453	47.995070000000005	99.782726	623119.0	10.385316666666666	640	360	29.97	8	cff11dbb5c13d7cc948b83227faacaff	bfc0eb12e8c8b06c8a1e90510e6b2b7e	640	360	1599.0	14.0	5273.0	823.0	False
red_kayak_360p_60f	red_kayak_360p_60f	svtav1	svtav1_20190913_7f16997	60	43	2523983.0	2523.983	32.08399999999999	40.151166666666676	46.692833333333326	31.892063	40.091062	46.667815	86.816806	1124592.0	18.7432	640	360	29.97	8	a55105fbf506bf65d995c94cd8b85204	0d51cdab793f2e2a6b34fe6cb73f5e37	640	360	3615.0	16.0	4517.0	1018.0	False
red_kayak_360p_60f	red_kayak_360p_60f	svtav1	svtav1_20190913_7f16997	60	55	877353.0	877.353	28.378499999999995	38.1295	45.20166666666665	28.223477	38.075513	45.144422	61.911343	545995.0	9.099916666666667	640	360	29.97	8	03e3802e7bfee84e030576448a12c54f	3ae527899ac560d93fa6b54eae951d09	640	360	1648.0	4.0	1794.0	604.0	False
red_kayak_360p_60f	red_kayak_360p_60f	svtav1	svtav1_20190913_7f16997	60	63	215940.0	215.94	25.762166666666655	36.44066666666666	43.91666666666666	25.647558	36.381052	43.714098	26.584999	172344.0	2.8724	640	360	29.97	8	3d2639fb886fb86a2203deddf7a5ef6d	f38b400986f645130784c6969e28a071	640	360	1690.0	7.0	1586.0	650.0	False
aspen_1080p_60f	aspen_1080p_60f	svtav1	svtav1_20190913_7f16997	60	20	10817386.0	10817.386	44.315333333333335	48.3475	49.58400000000001	44.261488	48.333503	49.575492000000004	98.194755	3503710.0	58.39516666666667	1920	1080	29.97	8	5f2782e14348bb891654d6265a3d0c81	5306c8bad566429c09b7cf1d11264eab	1920	1080	6623.0	2.0	14363.0	5704.0	False
aspen_1080p_60f	aspen_1080p_60f	svtav1	svtav1_20190913_7f16997	60	32	3470156.0	3470.156	42.446500000000015	47.43250000000002	48.66349999999999	42.407776	47.427387	48.658915	94.626857	3170658.0	52.8443	1920	1080	29.97	8	c4a4fd55b9c8c4b34621fb49a35bc922	f09c1f5e31a64cf76f4b4cc29579a7f8	1920	1080	8009.0	3.0	10275.0	5775.0	False
aspen_1080p_60f	aspen_1080p_60f	svtav1	svtav1_20190913_7f16997	60	43	1444790.0	1444.79	41.105166666666655	46.37066666666667	47.54466666666666	41.069887	46.363933	47.53866	90.130844	1394164.0	23.236066666666666	1920	1080	29.97	8	dfd99cc1ca2c31bf184d5db06dcce941	2ae4ee3e74f9cae6b9ffed178f1d63a0	1920	1080	6709.0	3.0	12522.0	5865.0	False
aspen_1080p_60f	aspen_1080p_60f	svtav1	svtav1_20190913_7f16997	60	55	657285.0	657.285	39.33683333333335	44.743	45.784500000000016	39.289218	44.731013	45.77696	82.396065	1281512.0	21.358533333333334	1920	1080	29.97	8	606be99b12dbc7a3af9605e306e75052	9669e4fe81b624c4dd6cb3fc11a126c2	1920	1080	10120.0	24.0	12593.0	8410.0	False
aspen_1080p_60f	aspen_1080p_60f	svtav1	svtav1_20190913_7f16997	60	63	284505.0	284.505	36.49766666666665	42.29133333333333	43.02416666666666	36.438097	42.279572	43.018117	66.608388	3707120.0	61.785333333333334	1920	1080	29.97	8	14ebf5d000a62aa03275e031ab097c74	a46c3f39934e4ecf0c8448182fb6a29a	1920	1080	12357.0	20.0	9332.0	9956.0	False
blue_sky_360p_60f	blue_sky_360p_60f	svtav1	svtav1_20190913_7f16997	60	20	1456666.0	1456.666	44.572	45.89333333333335	47.60366666666666	44.475642	45.816173	47.552522	99.945266	659838.0	10.9973	640	360	25.0	8	df40502f69fcd74498a844574b18cb05	563f2024492f87eebc98fe7412c2d606	640	360	1707.0	4.0	1529.0	494.0	False
blue_sky_360p_60f	blue_sky_360p_60f	svtav1	svtav1_20190913_7f16997	60	32	739270.0	739.27	41.662666666666674	43.6985	45.33250000000001	41.53151	43.648338	45.293662	99.930506	462940.0	7.7156666666666665	640	360	25.0	8	98dea6cb66b3e341546bb9af3c86f9bb	a0e7f58d07871d5e3ead299d0e18d356	640	360	2204.0	24.0	2720.0	744.0	False
blue_sky_360p_60f	blue_sky_360p_60f	svtav1	svtav1_20190913_7f16997	60	43	381786.0	381.786	38.727166666666676	41.00316666666668	42.584499999999984	38.590407	40.95489	42.558541	99.55194	271216.0	4.520266666666667	640	360	25.0	8	dec4f4aa5b3253693eb6e09fa26e10e8	42558c271faddb16cbb96d59dd25e7d3	640	360	1866.0	24.0	2428.0	886.0	False
blue_sky_360p_60f	blue_sky_360p_60f	svtav1	svtav1_20190913_7f16997	60	55	199753.0	199.753	35.624500000000005	38.039	39.943999999999996	35.501977	38.009462	39.929776	94.63112	272891.0	4.548183333333333	640	360	25.0	8	e13ac17dda9fc2f0bb63698dea664e4b	c4895b3088a1c1b4bf28ce14825d8658	640	360	1546.0	9.0	1046.0	766.0	False
blue_sky_360p_60f	blue_sky_360p_60f	svtav1	svtav1_20190913_7f16997	60	63	98353.0	98.353	31.811	35.035000000000004	37.79449999999999	31.739448	35.028038	37.787839	83.59775	397492.0	6.624866666666667	640	360	25.0	8	4b968865ee1ea3c596fc8305d15dbe49	b37fc11fe83f792c9fa1ac316c1ec6ad	640	360	2492.0	24.0	1730.0	960.0	False
Netflix_Crosswalk_1920x1080_60fp	Netflix_Crosswalk_1920x1080_60fp	svtav1	svtav1_20190913_7f16997	60	20	10718544.0	10718.544	45.82100000000001	48.57133333333333	50.43166666666666	45.802834	48.557854	50.409902	99.379946	5109660.0	85.161	1920	1080	60.0	8	e5e1a3399f4c36b4426d7eb6c5f362a8	eb39a35cec0abe6f1011dd1e5a44287f	1920	1080	10252.0	14.0	13922.0	6486.0	False
Netflix_Crosswalk_1920x1080_60fp	Netflix_Crosswalk_1920x1080_60fp	svtav1	svtav1_20190913_7f16997	60	32	5294176.0	5294.176	44.7405	47.961166666666664	49.7885	44.705975	47.951064	49.773575	96.83983400000001	2497680.0	41.628	1920	1080	60.0	8	f295d372ca0ebf22df04adc48e3d1ba3	1bd95d6b99eb48d3390f8a0c681e33fe	1920	1080	7054.0	3.0	12462.0	6048.0	False
Netflix_Crosswalk_1920x1080_60fp	Netflix_Crosswalk_1920x1080_60fp	svtav1	svtav1_20190913_7f16997	60	43	2656904.0	2656.904	43.14449999999999	47.04833333333334	48.822	43.067965	47.03743	48.808112	91.633571	1770917.0	29.515283333333333	1920	1080	60.0	8	48686dfd369bf1fd2ffb11b4e7fa925b	6d6e8147413bed722ed9b5453be7154e	1920	1080	6622.0	5.0	11496.0	6901.0	False
Netflix_Crosswalk_1920x1080_60fp	Netflix_Crosswalk_1920x1080_60fp	svtav1	svtav1_20190913_7f16997	60	55	1362936.0	1362.936	41.00816666666666	45.834666666666664	47.542166666666645	40.86876300000001	45.813476	47.521631	82.369446	1213739.0	20.228983333333332	1920	1080	60.0	8	cd50bb3956996b9662304f122cb99df5	c959bfe4a00facba10fe79db8cfbf119	1920	1080	7008.0	4.0	14105.0	6165.0	False
Netflix_Crosswalk_1920x1080_60fp	Netflix_Crosswalk_1920x1080_60fp	svtav1	svtav1_20190913_7f16997	60	63	637408.0	637.408	38.10916666666667	44.03383333333333	45.676333333333346	37.943711	44.015562	45.654579	65.988175	3295516.0	54.925266666666666	1920	1080	60.0	8	0e25c99d3e9a6ef001d63fe91f54dbbd	0ffe922d9d96a676b1e471455c5f45af	1920	1080	13452.0	9.0	8661.0	8510.0	False
Netflix_TunnelFlag_1920x1080_60f	Netflix_TunnelFlag_1920x1080_60f	svtav1	svtav1_20190913_7f16997	60	20	34003896.0	34003.896	43.158833333333334	47.514500000000005	48.966166666666666	43.113971	47.493257	48.954355	99.920449	2638231.0	43.97051666666667	1920	1080	60.0	8	84585e8de25441d289d4a0d55d631c18	68d4ad6b676e56aec9713c136b139166	1920	1080	9669.0	4.0	15921.0	6125.0	False
Netflix_TunnelFlag_1920x1080_60f	Netflix_TunnelFlag_1920x1080_60f	svtav1	svtav1_20190913_7f16997	60	32	17276064.0	17276.064	41.03499999999999	46.314666666666675	47.98766666666664	40.977825	46.300015	47.977424	99.914414	7995116.0	133.25193333333334	1920	1080	60.0	8	ba5bd38fd4070215f01b299d15304780	62a0972ae737bb4050b976f159bd8531	1920	1080	13652.0	7.0	23657.0	9415.0	False
Netflix_TunnelFlag_1920x1080_60f	Netflix_TunnelFlag_1920x1080_60f	svtav1	svtav1_20190913_7f16997	60	43	8879056.0	8879.056	38.675999999999995	44.631666666666675	46.55166666666665	38.598258	44.619378	46.539957	99.899486	2611310.0	43.52183333333333	1920	1080	60.0	8	a299dc9d2f436ecb9ce39691042e07a6	7d8f8103bdcde08142aa4ebfbb644b92	1920	1080	8885.0	2.0	12031.0	6085.0	False
Netflix_TunnelFlag_1920x1080_60f	Netflix_TunnelFlag_1920x1080_60f	svtav1	svtav1_20190913_7f16997	60	55	4590992.0	4590.992	36.15266666666667	42.54516666666667	44.84083333333333	36.056775	42.535684999999994	44.831935	99.86252799999998	1261642.0	21.027366666666666	1920	1080	60.0	8	8869511270350c64403a99331a8d7695	135d32f15b54586ce30ef634c9107890	1920	1080	10267.0	13.0	11121.0	6261.0	False
Netflix_TunnelFlag_1920x1080_60f	Netflix_TunnelFlag_1920x1080_60f	svtav1	svtav1_20190913_7f16997	60	63	2284728.0	2284.728	33.17550000000001	39.69600000000001	41.731166666666674	33.099397	39.691309	41.72619	98.635618	1290812.0	21.513533333333335	1920	1080	60.0	8	c5de8da9e17dadf1f71f2274c4cdbaf0	8c03fa36ad4dcbdaed489dcbf8e5f74d	1920	1080	13324.0	14.0	9462.0	6624.0	False
Netflix_SquareAndTimelapse_1920x	Netflix_SquareAndTimelapse_1920x	svtav1	svtav1_20190913_7f16997	60	20	23986568.0	23986.568000000003	45.03016666666665	49.422000000000004	48.661500000000004	44.99714000000001	49.412456	48.645898	99.913575	6025869.0	100.43115	1920	1080	60.0	8	40c51027b2aedc0e76da0bfe265f6380	ffda7be7c0fedb72e443221cd87fb2ca	1920	1080	14834.0	2.0	13429.0	8789.0	False
Netflix_SquareAndTimelapse_1920x	Netflix_SquareAndTimelapse_1920x	svtav1	svtav1_20190913_7f16997	60	32	13496272.0	13496.272	42.716666666666654	47.81866666666667	46.850333333333346	42.672004	47.809192	46.835076	99.903941	4650751.0	77.51251666666667	1920	1080	60.0	8	640dd55c1e51feba0025ec0fd9b81bd9	e6ddac4cafea624cf7ef3245e506e606	1920	1080	10090.0	6.0	15895.0	6284.0	False
Netflix_SquareAndTimelapse_1920x	Netflix_SquareAndTimelapse_1920x	svtav1	svtav1_20190913_7f16997	60	43	7492632.0	7492.632	39.941666666666656	45.82899999999999	44.59316666666666	39.881293	45.817519	44.574813	99.267508	2653619.0	44.22698333333334	1920	1080	60.0	8	b5b4f841c889c82db2f1e089ec2e537e	f7a4222ee84c67bcd50708b910832941	1920	1080	8823.0	3.0	10730.0	8080.0	False
Netflix_SquareAndTimelapse_1920x	Netflix_SquareAndTimelapse_1920x	svtav1	svtav1_20190913_7f16997	60	55	4015784.0	4015.784	36.77166666666666	43.515666666666654	42.181833333333344	36.695686	43.505729	42.163425	92.224868	3983389.0	66.38981666666666	1920	1080	60.0	8	e1cc9c0a39f2c13f8496b77ab10ab3fc	1667bb83bb62df7cd904057462bd95f6	1920	1080	12728.0	24.0	18688.0	10169.0	False
Netflix_SquareAndTimelapse_1920x	Netflix_SquareAndTimelapse_1920x	svtav1	svtav1_20190913_7f16997	60	63	1869384.0	1869.3840000000002	33.031833333333324	40.48833333333334	39.173333333333325	32.975892	40.483429	39.162645	76.386324	1563976.0	26.066266666666667	1920	1080	60.0	8	79802d787bc3d25c3c6d39bc59bf51c0	3df6a61e0e63ca63275aec960515d258	1920	1080	12953.0	19.0	15516.0	10268.0	False
dark720p_60f	dark720p_60f	svtav1	svtav1_20190913_7f16997	60	20	8602012.0	8602.012	46.62249999999999	44.33616666666665	45.88549999999999	46.409249	43.982601	45.545605	96.468584	2263929.0	37.73215	1280	720	30.0	8	bb4fc956cdf4ecbabbed5063682cec03	61af01d69338c7eace27a81732347910	1280	720	3327.0	3.0	7898.0	2351.0	False
dark720p_60f	dark720p_60f	svtav1	svtav1_20190913_7f16997	60	32	2560164.0	2560.164	43.903999999999975	39.7185	42.344	43.755296	39.451688	42.175067	93.490831	3236120.0	53.93533333333333	1280	720	30.0	8	f4ce2717cbfa5411cab07634f26da25a	4bf1edcec620de51c737957f8cc3ddf5	1280	720	4453.0	11.0	8630.0	2974.0	False
dark720p_60f	dark720p_60f	svtav1	svtav1_20190913_7f16997	60	43	626180.0	626.18	42.47283333333332	37.26999999999999	41.127	42.404574	37.130833	41.058229	90.96143	1351343.0	22.522383333333334	1280	720	30.0	8	0e0ecd03a173bda050d0ef2dde4a11d8	9ce6cf8cf150000b4e1451083b7e29d3	1280	720	3044.0	3.0	4284.0	2422.0	False
dark720p_60f	dark720p_60f	svtav1	svtav1_20190913_7f16997	60	55	198004.0	198.004	41.20266666666667	36.4995	40.2465	41.170775	36.470927	40.229668999999994	87.4843	1841741.0	30.695683333333335	1280	720	30.0	8	0767ecbaabcaadc80068f6a3a1e5cae3	fb9b3543af543c4278c53f6cb2634323	1280	720	6148.0	14.0	4795.0	2450.0	False
dark720p_60f	dark720p_60f	svtav1	svtav1_20190913_7f16997	60	63	73720.0	73.72	38.929	35.491166666666665	38.87133333333332	38.91370100000001	35.484314	38.85881200000001	79.189736	750904.0	12.515066666666666	1280	720	30.0	8	927117df9aa842fd594ed6d4cba0b29b	5cf7e7246ac2f2bb3eb2c45c5d53627b	1280	720	4802.0	23.0	3712.0	2948.0	False
STARCRAFT_60f_420	STARCRAFT_60f_420	svtav1	svtav1_20190913_7f16997	60	20	8049496.0	8049.496	50.69983333333334	53.712833333333315	53.70783333333334	50.684882	53.704112	53.702549	97.656612	1497471.0	24.95785	1920	1080	60.0	8	e328778c93870c39ec06a028fc872b3c	2b3754ece91f922c3110c327e69b0b4d	1920	1080	12716.0	17.0	1991.0	6297.0	False
STARCRAFT_60f_420	STARCRAFT_60f_420	svtav1	svtav1_20190913_7f16997	60	32	5253616.0	5253.616	48.28200000000001	52.10133333333335	52.20383333333333	48.253679	52.081912	52.193363	97.170068	1617566.0	26.959433333333333	1920	1080	60.0	8	d21df07d53a2e18d4d54405cd82e5815	b85d3f5ca38c61bd7bcd57eeda10e2eb	1920	1080	8059.0	3.0	1815.0	5953.0	False
STARCRAFT_60f_420	STARCRAFT_60f_420	svtav1	svtav1_20190913_7f16997	60	43	2963456.0	2963.456	44.64216666666668	49.48966666666667	49.65816666666665	44.61177	49.467198	49.647678	95.883401	698708.0	11.645133333333334	1920	1080	60.0	8	5cd56a4ca1a4dc935ec2589b5e4484f6	e08f33398c6332312973160bf93a1353	1920	1080	7274.0	2.0	1837.0	5720.0	False
STARCRAFT_60f_420	STARCRAFT_60f_420	svtav1	svtav1_20190913_7f16997	60	55	1533584.0	1533.584	40.57916666666665	46.40049999999997	46.579833333333326	40.557186	46.385857	46.570282	92.736101	1113996.0	18.5666	1920	1080	60.0	8	85b5c41bb3fc68d84859bf2c793c53f4	bb705a4422ad1f412ffabd44d002de5c	1920	1080	7310.0	3.0	1841.0	5844.0	False
STARCRAFT_60f_420	STARCRAFT_60f_420	svtav1	svtav1_20190913_7f16997	60	63	606296.0	606.296	35.252833333333335	42.270999999999994	42.49750000000001	35.247374	42.267691	42.494269	82.239314	658922.0	10.982033333333334	1920	1080	60.0	8	b4e34163380c635ed387a01666b586b2	054e181378946be1bfd1d873c87cb284	1920	1080	12284.0	4.0	1559.0	5777.0	False
shields_640x360_60f	shields_640x360_60f	svtav1	svtav1_20190913_7f16997	60	20	2818826.0	2818.826	42.51550000000001	45.74683333333334	47.40133333333333	42.356268	45.708966	47.330253	99.485836	442585.0	7.376416666666667	640	360	50.0	8	5d4ba38f7094590dab9891aa2ffadd73	b7bc64735224998d8ec3edf54328ab6c	640	360	2111.0	3.0	1254.0	798.0	False
shields_640x360_60f	shields_640x360_60f	svtav1	svtav1_20190913_7f16997	60	32	1371706.0	1371.706	40.63283333333334	43.98583333333333	45.50633333333332	40.421327	43.94773	45.402622	99.431237	384842.0	6.414033333333333	640	360	50.0	8	03c912f8b5bc2769f78bd4b0aa60c712	0b80a840bb68ece9538136e18e64032a	640	360	3684.0	4.0	994.0	766.0	False
shields_640x360_60f	shields_640x360_60f	svtav1	svtav1_20190913_7f16997	60	43	707153.0	707.153	38.13400000000001	41.36766666666665	43.066	37.862601	41.287512	42.904108	99.397749	385467.0	6.42445	640	360	50.0	8	3470d3cf19f42f29f87e314a7e15184a	e80dbf35ba8586b928dd41b3ace3628b	640	360	1761.0	3.0	829.0	562.0	False
shields_640x360_60f	shields_640x360_60f	svtav1	svtav1_20190913_7f16997	60	55	392386.0	392.386	35.29600000000001	38.832333333333345	40.81866666666668	34.951847	38.688683	40.589983	97.066785	567903.0	9.46505	640	360	50.0	8	660e744bd5b42140ff2138552fdf0339	3fc6785696367b56c99bfccdac8fcbf3	640	360	2234.0	16.0	1488.0	818.0	False
shields_640x360_60f	shields_640x360_60f	svtav1	svtav1_20190913_7f16997	60	63	185733.0	185.733	31.168333333333337	35.92650000000001	37.82033333333332	30.723826	35.700034	37.56279	85.43966	586455.0	9.77425	640	360	50.0	8	040b5705f32fd2d670a4fc52d9f10fde	81d9092beed6baeab15f2ff282190c38	640	360	2059.0	5.0	1431.0	2078.0	False
Netflix_RollerCoaster_1280x720_6	Netflix_RollerCoaster_1280x720_6	svtav1	svtav1_20190913_7f16997	60	20	10171864.0	10171.864	45.22966666666668	47.23216666666667	47.26033333333335	45.192654	47.21546	47.245946	99.906727	4459231.0	74.32051666666666	1280	720	60.0	8	165e02c939efb19a324152446b5dc16f	8aceb9be1dddc840c70c6e51ef58f7c0	1280	720	5578.0	4.0	5934.0	2886.0	False
Netflix_RollerCoaster_1280x720_6	Netflix_RollerCoaster_1280x720_6	svtav1	svtav1_20190913_7f16997	60	32	5061352.0	5061.352	43.04949999999999	45.66283333333334	46.013999999999996	42.992771999999995	45.640240999999996	46.002902	99.870738	2469843.0	41.16405	1280	720	60.0	8	ebf3be095bb835869d2c92620493a6a4	2212c090e1b777a87a90c79686098993	1280	720	6704.0	18.0	10432.0	4136.0	False
Netflix_RollerCoaster_1280x720_6	Netflix_RollerCoaster_1280x720_6	svtav1	svtav1_20190913_7f16997	60	43	2535456.0	2535.456	40.502500000000005	43.61749999999999	44.31000000000002	40.438043	43.592311	44.300828	98.129925	1283676.0	21.3946	1280	720	60.0	8	4e234f6edacae8f27264b30c19279297	0f5064b16c61db1dd0cd8a2d9ebf26fe	1280	720	4098.0	12.0	4291.0	2790.0	False
Netflix_RollerCoaster_1280x720_6	Netflix_RollerCoaster_1280x720_6	svtav1	svtav1_20190913_7f16997	60	55	1323528.0	1323.528	37.85283333333334	41.41049999999999	42.567666666666675	37.785827	41.382807	42.555762	91.686558	523191.0	8.71985	1280	720	60.0	8	e8dd7935ec97c872e67421701dcf5ff2	9de3bf7b2e0b4a5554739079a2701f9a	1280	720	3923.0	3.0	3929.0	3015.0	False
Netflix_RollerCoaster_1280x720_6	Netflix_RollerCoaster_1280x720_6	svtav1	svtav1_20190913_7f16997	60	63	611192.0	611.1920000000001	34.3895	38.49183333333334	40.288166666666676	34.318336	38.466256	40.27774	76.176552	621475.0	10.357916666666666	1280	720	60.0	8	d3f3a8936974ae782696960f7bd4deb5	4cca006030dbc5c5916ad737a3455168	1280	720	5392.0	13.0	3616.0	3968.0	False
Netflix_PierSeaside_1920x1080_60	Netflix_PierSeaside_1920x1080_60	svtav1	svtav1_20190913_7f16997	60	20	10694584.0	10694.584	45.77333333333333	47.69483333333335	45.74266666666668	45.73574700000001	47.675761	45.712389	99.896176	3484781.0	58.079683333333335	1920	1080	60.0	8	bf322226d2d39f304d0c5be1176e9589	f6cae217e44a38129d71b3577c7f0a58	1920	1080	7577.0	2.0	8148.0	5491.0	False
Netflix_PierSeaside_1920x1080_60	Netflix_PierSeaside_1920x1080_60	svtav1	svtav1_20190913_7f16997	60	32	4299320.0	4299.32	44.155666666666676	46.92233333333332	45.100333333333325	44.099739	46.907922	45.082764	99.572303	4177702.0	69.62836666666666	1920	1080	60.0	8	cf58320fa54e94911e322572ec53e3a1	6b2004096f563dcf69fe5f363770bd1e	1920	1080	12624.0	21.0	13264.0	6411.0	False
Netflix_PierSeaside_1920x1080_60	Netflix_PierSeaside_1920x1080_60	svtav1	svtav1_20190913_7f16997	60	43	2012624.0	2012.624	42.35116666666667	45.89666666666666	44.36016666666667	42.27134	45.884943	44.347402	98.073808	854750.0	14.245833333333334	1920	1080	60.0	8	4c891c24e4c9230fa167088efc63c7c8	e5015485cd17f3bb71d748f71225749d	1920	1080	7429.0	3.0	6519.0	5434.0	False
Netflix_PierSeaside_1920x1080_60	Netflix_PierSeaside_1920x1080_60	svtav1	svtav1_20190913_7f16997	60	55	898456.0	898.456	40.00683333333333	44.016000000000005	42.96433333333332	39.93784	44.008972	42.956362	94.16469	942697.0	15.711616666666666	1920	1080	60.0	8	e517d54f7df38b83b3090a0d41a3110e	0e7d6ffb6d0923b6fc0aa41530f504fb	1920	1080	9504.0	4.0	5994.0	5328.0	False
Netflix_PierSeaside_1920x1080_60	Netflix_PierSeaside_1920x1080_60	svtav1	svtav1_20190913_7f16997	60	63	346240.0	346.24	36.44466666666665	41.07166666666665	40.57316666666666	36.424012	41.069741	40.571703	82.70615	880093.0	14.668216666666666	1920	1080	60.0	8	b01c6038208a407ed61f111ad26206ab	1599449102baec43e22ec14e4132f2b1	1920	1080	7535.0	4.0	9364.0	6522.0	False
ShowGirl2TeaserClip4000_1920x108	ShowGirl2TeaserClip4000_1920x108	svtav1	svtav1_20190913_7f16997	60	20	9640073.0	9640.073	42.94416666666667	46.660833333333336	49.367833333333344	42.756626	46.62326500000001	49.34851	95.297196	1602922.0	26.715366666666668	1920	1080	25.0	10	45a958e413a097bb415d268436b2482f	4210479282e344cf5cc0fe594b1876cd	1920	1080	14229.0	4.0	27290.0	7628.0	True
ShowGirl2TeaserClip4000_1920x108	ShowGirl2TeaserClip4000_1920x108	svtav1	svtav1_20190913_7f16997	60	32	2804836.0	2804.836	41.755166666666675	46.044999999999995	48.44766666666664	41.71515	46.042168	48.442287	93.304192	4780587.0	79.67645	1920	1080	25.0	10	a0853c23dd2196ea57cc87ff0ccafab3	5a906306874ef87be19651bf462ba462	1920	1080	42142.0	10.0	12839.0	8575.0	True
ShowGirl2TeaserClip4000_1920x108	ShowGirl2TeaserClip4000_1920x108	svtav1	svtav1_20190913_7f16997	60	43	953323.0	953.323	40.630333333333354	45.39216666666668	47.468166666666654	40.616478	45.391719	47.465932	90.032681	1322504.0	22.041733333333333	1920	1080	25.0	10	9a163e8b3ff825231eeb6536f2f6561c	950a3d90b367051a2a891428c789aa7a	1920	1080	13161.0	8.0	10556.0	6871.0	True
ShowGirl2TeaserClip4000_1920x108	ShowGirl2TeaserClip4000_1920x108	svtav1	svtav1_20190913_7f16997	60	55	425463.0	425.463	38.812333333333335	44.396	46.148000000000025	38.787685	44.395221	46.145942	82.924742	672561.0	11.20935	1920	1080	25.0	10	24dcb1eefe15388affa30a6b34903889	9fd2be0493e53a17f6855123bc54b850	1920	1080	13010.0	8.0	13420.0	10405.0	True
ShowGirl2TeaserClip4000_1920x108	ShowGirl2TeaserClip4000_1920x108	svtav1	svtav1_20190913_7f16997	60	63	198053.0	198.053	36.10383333333334	42.76566666666664	44.30416666666669	36.058176	42.763344	44.296139	68.440773	640646.0	10.677433333333333	1920	1080	25.0	10	3d7d1f30096d49a4fbc6979c406bd05a	9a9132552c18594316aa2b3e5291b6ed	1920	1080	13344.0	12.0	7541.0	8783.0	True
Cosmos1_1920x856_BT2100_PQ_24fps	Cosmos1_1920x856_BT2100_PQ_24fps	svtav1	svtav1_20190913_7f16997	60	20	27921443.0	27921.443000000003	42.58666666666668	45.217999999999996	47.63516666666666	42.362747	45.072929	47.541723	99.323596	2071112.0	34.51853333333333	1920	856	24.0	10	90a9de362bc75f8d4a8ec3124f8aa2c8	a052e779a335f93a67241acaf66ba945	1920	856	14674.0	11.0	35309.0	5775.0	True
Cosmos1_1920x856_BT2100_PQ_24fps	Cosmos1_1920x856_BT2100_PQ_24fps	svtav1	svtav1_20190913_7f16997	60	32	12077849.0	12077.849	38.64750000000001	43.15516666666665	46.013833333333345	38.40807	43.07519	45.967735999999995	95.200526	2254717.0	37.57861666666667	1920	856	24.0	10	f8002ca5fbec28741c6e72bbe9f93bf3	dca8da7f48c68aec7ef87b613876e9e3	1920	856	11848.0	4.0	16085.0	5388.0	True
Cosmos1_1920x856_BT2100_PQ_24fps	Cosmos1_1920x856_BT2100_PQ_24fps	svtav1	svtav1_20190913_7f16997	60	43	4594579.0	4594.579	35.486999999999995	41.41383333333332	44.397166666666664	35.320251	41.358969	44.34988	84.332572	1218720.0	20.312	1920	856	24.0	10	4be81a7241b6883a56248f271e35c234	c47f103ae249ec9557d324f4c69759ca	1920	856	11076.0	3.0	13162.0	6705.0	True
Cosmos1_1920x856_BT2100_PQ_24fps	Cosmos1_1920x856_BT2100_PQ_24fps	svtav1	svtav1_20190913_7f16997	60	55	1807680.0	1807.68	32.72266666666666	39.84883333333334	42.62066666666665	32.586276	39.790696	42.584212	65.360855	2669212.0	44.486866666666664	1920	856	24.0	10	56076bcf9d451c915e5929247d5296ca	2177c7f12b27cd5ed4e454ab7fd33a17	1920	856	16387.0	4.0	10565.0	5070.0	True
Cosmos1_1920x856_BT2100_PQ_24fps	Cosmos1_1920x856_BT2100_PQ_24fps	svtav1	svtav1_20190913_7f16997	60	63	619420.0	619.42	29.981166666666677	38.05533333333334	41.07266666666667	29.864068	37.987166	41.034671	40.328284000000004	485103.0	8.08505	1920	856	24.0	10	218661748b42d7b44d7e62dbcd9d76f1	7bc8ccacba6fdd39f89c1dfb6fbbbd81	1920	856	11868.0	13.0	9526.0	7557.0	True
life_1080p30_60f	life_1080p30_60f	svtav1	svtav1_20190913_7f16997	60	20	14339476.0	14339.476	44.99316666666666	50.75933333333334	50.08433333333333	44.951034	50.739626	50.068365	99.588916	3642776.0	60.71293333333333	1920	1080	30.0	8	023bd40206f826cdfc27d9282da1a04e	ba40f708682527d7dffa3d0ffd6faffa	1920	1080	10122.0	3.0	9424.0	5897.0	False
life_1080p30_60f	life_1080p30_60f	svtav1	svtav1_20190913_7f16997	60	32	7044648.0	7044.648	42.23783333333331	48.364	48.063333333333325	42.187391	48.339548	48.045468	98.096624	1983333.0	33.05555	1920	1080	30.0	8	ae04b99dc1bce1d0fa419e2a9283c1e8	b73193bcbe199622b1c17559a4581497	1920	1080	9774.0	2.0	8716.0	5876.0	False
life_1080p30_60f	life_1080p30_60f	svtav1	svtav1_20190913_7f16997	60	43	3458104.0	3458.104	39.47183333333333	45.966833333333355	45.849	39.421163	45.936655	45.828432	95.09316400000002	1494860.0	24.91433333333333	1920	1080	30.0	8	0ae9a363e301328a7bdce757f76ca0bc	4f9bc7b473ace1bc546c8b50ff367781	1920	1080	10562.0	12.0	8170.0	6372.0	False
life_1080p30_60f	life_1080p30_60f	svtav1	svtav1_20190913_7f16997	60	55	1637008.0	1637.008	36.35816666666667	43.50933333333334	43.43883333333335	36.31666499999999	43.477931	43.416194	89.532902	5081495.0	84.69158333333333	1920	1080	30.0	8	b81e0d45fbb0879155864766d7de3ad4	566f2f667929361017ed006678262b42	1920	1080	11633.0	9.0	11927.0	7675.0	False
life_1080p30_60f	life_1080p30_60f	svtav1	svtav1_20190913_7f16997	60	63	633196.0	633.196	32.8765	40.55249999999999	40.29300000000001	32.851191	40.53141	40.281611	77.31218199999999	2203060.0	36.717666666666666	1920	1080	30.0	8	7b61c5aee9905b3f3d02ffe3342f485b	4e491f090c378a511493ecb2c610cc9e	1920	1080	23724.0	25.0	11791.0	20566.0	False
speed_bag_640x360_60f	speed_bag_640x360_60f	svtav1	svtav1_20190913_7f16997	60	20	553181.0	553.181	47.208666666666666	50.01699999999998	51.39899999999999	47.129327	49.96893	51.343318	98.352921	1252763.0	20.879383333333333	640	360	29.97	8	802b1333cd377e286a0e89d75e6e7456	2d3018d4fbc73e49e9cdc3072bef86a3	640	360	2256.0	11.0	2516.0	910.0	False
speed_bag_640x360_60f	speed_bag_640x360_60f	svtav1	svtav1_20190913_7f16997	60	32	285385.0	285.385	45.27949999999999	48.546333333333344	50.11216666666666	45.170263	48.488924	50.029683	97.416062	243753.0	4.06255	640	360	29.97	8	d5b245faef2cdc056b39951d401c7f16	23c6fb9eda38b462b203f025c027e4bd	640	360	1063.0	3.0	1041.0	536.0	False
speed_bag_640x360_60f	speed_bag_640x360_60f	svtav1	svtav1_20190913_7f16997	60	43	154971.0	154.971	43.00283333333332	46.58933333333334	48.4955	42.84755400000001	46.517287	48.37614	94.832662	867893.0	14.464883333333333	640	360	29.97	8	90cb270cf6e18bfeac4101a1016ff718	700328ddb96e9cdebdbb170f2494ad40	640	360	2648.0	16.0	2040.0	797.0	False
speed_bag_640x360_60f	speed_bag_640x360_60f	svtav1	svtav1_20190913_7f16997	60	55	86302.0	86.302	40.3675	44.39383333333332	46.72883333333335	40.123821	44.314382	46.550621	88.171339	158277.0	2.63795	640	360	29.97	8	6f28de77a002ab78634d0a16da044096	35e7aaa571d5f329b5e14c3b0aca1dc7	640	360	1042.0	3.0	817.0	689.0	False
speed_bag_640x360_60f	speed_bag_640x360_60f	svtav1	svtav1_20190913_7f16997	60	63	46182.0	46.182	36.92716666666666	41.75033333333334	44.29516666666668	36.640847	41.665646	44.081954	74.139147	114302.0	1.9050333333333334	640	360	29.97	8	ca0e3be9d7e2f3999acd806cbc07dedd	4efdc42f03c6decc3b9bf0b3beff90b9	640	360	1594.0	14.0	1376.0	608.0	False
Netflix_Boat_1920x1080_60fps_8bi	Netflix_Boat_1920x1080_60fps_8bi	svtav1	svtav1_20190913_7f16997	60	20	33295240.0	33295.24	44.07449999999999	46.579666666666654	48.36866666666667	44.019431000000004	46.545301	48.347377	99.92439	2908119.0	48.46865	1920	1080	60.0	8	e531f2f1d5ef78d1fe39dedf25c96de0	02605bbd3c0955a3a850963d284fa873	1920	1080	9898.0	4.0	10813.0	6208.0	False
Netflix_Boat_1920x1080_60fps_8bi	Netflix_Boat_1920x1080_60fps_8bi	svtav1	svtav1_20190913_7f16997	60	32	18144992.0	18144.992000000002	41.626999999999995	45.009	46.45383333333334	41.554133	44.985504	46.441469	99.740362	7031377.0	117.18961666666667	1920	1080	60.0	8	196e2d99f9cc7f00afce7f315514f645	dfb1bc505c182957375cc8768d6ba9c0	1920	1080	14246.0	5.0	9968.0	6750.0	False
Netflix_Boat_1920x1080_60fps_8bi	Netflix_Boat_1920x1080_60fps_8bi	svtav1	svtav1_20190913_7f16997	60	43	10073696.0	10073.696	38.76116666666666	43.31316666666666	44.324999999999974	38.660464	43.291176	44.315843	96.828043	2505100.0	41.751666666666665	1920	1080	60.0	8	1f7a339782432dce172caff8b52689c4	1a03fa4d6a0e4aab68a7096e9f253012	1920	1080	10058.0	4.0	8511.0	6015.0	False
Netflix_Boat_1920x1080_60fps_8bi	Netflix_Boat_1920x1080_60fps_8bi	svtav1	svtav1_20190913_7f16997	60	55	5277608.0	5277.607999999999	35.350500000000004	41.48833333333334	42.192666666666675	35.22612	41.470696	42.189607	90.08327	1705012.0	28.416866666666667	1920	1080	60.0	8	b128ece4ab23d33c499e9a6593140f21	329e6dab252146deedc6390ebc03ca04	1920	1080	9564.0	4.0	7425.0	6099.0	False
Netflix_Boat_1920x1080_60fps_8bi	Netflix_Boat_1920x1080_60fps_8bi	svtav1	svtav1_20190913_7f16997	60	63	2361800.0	2361.8	31.306333333333345	38.96983333333335	39.493499999999976	31.244017	38.966123	39.492786	76.220484	1188178.0	19.802966666666666	1920	1080	60.0	8	4b6363f8ef6b9285f75b93b196b418f0	d0e3d42ed64c6c701c8be7547d28db61	1920	1080	10029.0	7.0	6989.0	8148.0	False
thaloundeskmtg360p_60f	thaloundeskmtg360p_60f	svtav1	svtav1_20190913_7f16997	60	20	1022944.0	1022.944	44.82716666666666	48.80549999999999	48.79249999999999	44.61554	48.758416	48.759977	97.0015	1320315.0	22.00525	640	360	30.0	8	2ce218ad86eb46a19805e6959529c654	e905ca431850b0a1613a5e2ea119a79c	640	360	1536.0	4.0	1376.0	1076.0	False
thaloundeskmtg360p_60f	thaloundeskmtg360p_60f	svtav1	svtav1_20190913_7f16997	60	32	490896.0	490.896	43.11200000000001	47.487333333333325	47.55016666666668	42.80406	47.439184	47.511677	95.921986	646824.0	10.7804	640	360	30.0	8	e23198c750be806fe77bf3b3e01f19c4	fe9c195b0abddaf27e98a82a349748fa	640	360	1879.0	7.0	954.0	1102.0	False
thaloundeskmtg360p_60f	thaloundeskmtg360p_60f	svtav1	svtav1_20190913_7f16997	60	43	265020.0	265.02	41.053999999999995	45.85833333333334	45.94016666666668	40.637567	45.784781	45.884473	94.03358899999999	502119.0	8.36865	640	360	30.0	8	fa4ce75521be039588e8a4fdeb85b050	17c5261e1a38a423f67d4bfc893c6bac	640	360	1592.0	10.0	1157.0	601.0	False
thaloundeskmtg360p_60f	thaloundeskmtg360p_60f	svtav1	svtav1_20190913_7f16997	60	55	144384.0	144.384	38.27933333333333	43.693000000000005	43.60283333333334	37.807764	43.59112	43.494498	89.82749399999999	214364.0	3.5727333333333333	640	360	30.0	8	d5670c37ca0ccdca19ec7c23ecb98c9b	a65ac8e0a1e2f37b1b63ae614f1d4864	640	360	1656.0	25.0	816.0	1047.0	False
thaloundeskmtg360p_60f	thaloundeskmtg360p_60f	svtav1	svtav1_20190913_7f16997	60	63	73416.0	73.416	34.41116666666667	40.57983333333333	40.57233333333332	33.816	40.478269	40.471539	79.652615	174498.0	2.9083	640	360	30.0	8	2754bc08db21895d46af3cc65f310d2a	f132300e3f82ef4fb75d24d2c391d729	640	360	1362.0	3.0	398.0	555.0	False
gipsrestat720p_60f	gipsrestat720p_60f	svtav1	svtav1_20190913_7f16997	60	20	4615260.0	4615.26	45.07899999999999	47.56816666666668	49.162000000000006	45.052292	47.560532	49.156231	97.064548	975211.0	16.253516666666666	1280	720	50.0	8	d82ad4ee2d08a49ae64ec747a12074f0	3e67849a736eba39df4b8309b9501f72	1280	720	4921.0	3.0	3326.0	2613.0	False
gipsrestat720p_60f	gipsrestat720p_60f	svtav1	svtav1_20190913_7f16997	60	32	1734500.0	1734.5	43.45116666666667	46.9431666666667	48.42783333333333	43.412377	46.940428	48.419333	95.912711	1242642.0	20.7107	1280	720	50.0	8	777e8e6a544802bdf2a43fba533e6fe6	05a48d398405a3f9c521361c09c69b8c	1280	720	4453.0	3.0	2179.0	2469.0	False
gipsrestat720p_60f	gipsrestat720p_60f	svtav1	svtav1_20190913_7f16997	60	43	798486.0	798.486	41.75616666666666	46.133	47.41383333333332	41.684808	46.131117	47.408741	94.087834	2179836.0	36.3306	1280	720	50.0	8	233ac66b1b4f17a586c0222bcf1e93f9	258f9dc9f9f18c7ff055df9ff55e7818	1280	720	5699.0	5.0	3405.0	4244.0	False
gipsrestat720p_60f	gipsrestat720p_60f	svtav1	svtav1_20190913_7f16997	60	55	421226.0	421.226	39.666666666666664	44.72233333333333	45.73233333333334	39.61275	44.720354	45.729754	90.84353	851225.0	14.187083333333334	1280	720	50.0	8	4282e775298e43f03a064b51bdc841ed	99849b73c162b4816623b126c8fc6a7c	1280	720	3670.0	2.0	1401.0	2554.0	False
gipsrestat720p_60f	gipsrestat720p_60f	svtav1	svtav1_20190913_7f16997	60	63	194446.0	194.446	35.98716666666667	42.04833333333334	42.56883333333333	35.971279	42.047134	42.567647	82.14886300000002	385624.0	6.427066666666667	1280	720	50.0	8	23f2abdd08496e7ea2d0fbe562556a56	4aef0923894fa56f7dab620c9e2a902c	1280	720	4430.0	20.0	1956.0	3336.0	False
