KristenAndSara_1280x720_60_10b	KristenAndSara_1280x720_60_10b	libaom	libaom_20210820_75d5d07_enc-mode0	60	20	0	2826488.0	2826.488	44.69633333333334	49.684	50.72799999999999	44.686864	49.67923699999999	50.725092	96.97752250000002	6627730.0	110.46216666666666	6572.44	1280	720	60.0	10	a5abba3ab8d4d48530744d7373544153	89506f5b08a704f38e970ea5584425f1	1280	720	18344.0	213.0	839.0	17724.0	False	False	0.99630655	0.9957142
KristenAndSara_1280x720_60_10b	KristenAndSara_1280x720_60_10b	libaom	libaom_20210820_75d5d07_enc-mode0	60	32	0	1283360.0	1283.36	43.731000000000016	49.0595	50.0621666666667	43.721045	49.055136999999995	50.058909	96.28349071666666	3761014.0	62.683566666666664	3740.81	1280	720	60.0	10	ac1a2248b5b922aa650d313b96d4b7a7	029bad9430c6d5c11717ba297ecede02	1280	720	10226.0	207.0	671.0	17977.0	False	False	0.9951959	0.9947230499999999
KristenAndSara_1280x720_60_10b	KristenAndSara_1280x720_60_10b	libaom	libaom_20210820_75d5d07_enc-mode0	60	43	0	711360.0	711.36	42.43949999999999	48.01899999999999	49.03833333333334	42.422816	48.010905	49.033442	94.67988393333333	2314746.0	38.5791	2309.21	1280	720	60.0	10	a7820598a4bd0f584416923e3eb01580	07c756c8e2688fdd3a6ffc741a627b5b	1280	720	10513.0	349.0	971.0	19734.0	False	False	0.9931141333333334	0.9929682666666667
KristenAndSara_1280x720_60_10b	KristenAndSara_1280x720_60_10b	libaom	libaom_20210820_75d5d07_enc-mode0	60	55	0	376680.0	376.68	40.42583333333334	46.12133333333334	47.12699999999998	40.404945	46.114776	47.122145	91.38850820000002	1339862.0	22.331033333333334	1329.9	1280	720	60.0	10	698a287402fe62e060eb813b68f6291d	9b17e94d86cfe323d3541ec238a62db7	1280	720	12394.0	231.0	533.0	18922.0	False	False	0.9887475166666667	0.9893534166666665
KristenAndSara_1280x720_60_10b	KristenAndSara_1280x720_60_10b	libaom	libaom_20210820_75d5d07_enc-mode0	60	63	0	163664.0	163.66400000000002	36.778666666666666	42.795	43.73216666666669	36.760006	42.791805	43.728735	80.81629193333335	965874.0	16.0979	958.7	1280	720	60.0	10	8cadd275f793f30cbb9cac840806f5ef	4585de8516414c333ac66ce1f8f84885	1280	720	10909.0	363.0	731.0	19815.0	False	False	0.9739849333333334	0.9775614833333334
KristenAndSara_1280x720_60f	KristenAndSara_1280x720_60f	libaom	libaom_20210820_75d5d07_enc-mode0	60	20	0	2757528.0	2757.528	44.37549999999999	49.071166666666684	50.01316666666667	44.367994	49.066478	50.00965899999999	96.81328931666667	5529597.0	92.15995	5192.64	1280	720	60.0	8	48178c4888015dda5c7631c22603c762	29c055d1aa28840ff59990ae80984e47	1280	720	7196.0	133.0	776.0	19453.0	False	False	0.9959110333333334	0.9953442333333332
KristenAndSara_1280x720_60f	KristenAndSara_1280x720_60f	libaom	libaom_20210820_75d5d07_enc-mode0	60	32	0	1346472.0	1346.472	43.49583333333335	48.560500000000005	49.48866666666665	43.485691	48.554809	49.484966	96.09152478333334	2953204.0	49.22006666666667	2740.1	1280	720	60.0	8	a6c998599edbe38dd9ae67f85ba8489f	b2feb716ac0ee2f31be817ac4137a9cc	1280	720	13766.0	164.0	526.0	32501.0	False	False	0.9947446	0.9943294500000001
KristenAndSara_1280x720_60f	KristenAndSara_1280x720_60f	libaom	libaom_20210820_75d5d07_enc-mode0	60	43	0	728632.0	728.632	42.263999999999996	47.624166666666675	48.547833333333365	42.246913	47.616843	48.543463	94.65744031666667	1452767.0	24.212783333333334	1442.88	1280	720	60.0	8	273aaffec717d26c12ca4d3e5086ee22	34708c82786f8fd655c2eb4653327a1c	1280	720	6931.0	141.0	467.0	18929.0	False	False	0.9926605166666668	0.9925668499999999
KristenAndSara_1280x720_60f	KristenAndSara_1280x720_60f	libaom	libaom_20210820_75d5d07_enc-mode0	60	55	0	379016.0	379.016	40.30050000000001	45.86500000000001	46.827666666666666	40.279032	45.85834	46.822906	91.30198336666668	722193.0	12.03655	719.93	1280	720	60.0	8	77ca8682098bd4a9f91b23f3d067bfc5	c6a4daf2cbb3782d9c8778088c0c6439	1280	720	6715.0	140.0	395.0	18885.0	False	False	0.9881877333333333	0.9888771999999998
KristenAndSara_1280x720_60f	KristenAndSara_1280x720_60f	libaom	libaom_20210820_75d5d07_enc-mode0	60	63	0	162096.0	162.096	36.694999999999986	42.61433333333332	43.565000000000005	36.677684	42.611163	43.56207	80.91849376666667	389388.0	6.4898	388.45	1280	720	60.0	8	abee249eeab5fa80d5d653e02ebe9d18	89fa869c44cc372e6f3a1ebdecfea512	1280	720	6735.0	140.0	309.0	18192.0	False	False	0.9732203666666667	0.9768633666666667
DinnerScene_1920x1080_2997_10b	DinnerScene_1920x1080_2997_10b	libaom	libaom_20210820_75d5d07_enc-mode0	60	20	0	653461.0	653.461	41.77166666666664	42.392166666666675	47.56849999999998	41.770589	42.390933	47.56841	91.09972021666665	14818723.0	246.97871666666666	14758.29	1920	1080	29.97	10	0d23e3df9ffdd4ac1e1066c7efee13e2	0eb18adc197f934132eeb30e831d99c1	1920	1080	25610.0	457.0	1709.0	39315.0	False	False	0.9940286833333335	0.9881341166666667
DinnerScene_1920x1080_2997_10b	DinnerScene_1920x1080_2997_10b	libaom	libaom_20210820_75d5d07_enc-mode0	60	32	0	240665.0	240.665	41.62133333333334	42.29583333333331	47.428166666666684	41.621076	42.295175	47.42859	89.35714961666667	13862508.0	231.0418	13771.17	1920	1080	29.97	10	914ec7073d272256b425cb616999db41	d18c65ee6341cb6b71cdd2317d5fbbbb	1920	1080	25777.0	648.0	1691.0	41776.0	False	False	0.9934660166666665	0.9875626000000001
DinnerScene_1920x1080_2997_10b	DinnerScene_1920x1080_2997_10b	libaom	libaom_20210820_75d5d07_enc-mode0	60	43	0	137699.0	137.699	41.37733333333334	42.22383333333335	47.22016666666666	41.377268	42.222816	47.22016	86.52889906666665	8194825.0	136.58041666666668	8155.87	1920	1080	29.97	10	317c7d4e853af85e381f68ef326c0f59	1df903bdf2ba30d3b91471c70060a38e	1920	1080	25933.0	556.0	1544.0	41724.0	False	False	0.9925971499999999	0.9866901833333332
DinnerScene_1920x1080_2997_10b	DinnerScene_1920x1080_2997_10b	libaom	libaom_20210820_75d5d07_enc-mode0	60	55	0	79957.0	79.95700000000001	40.876666666666665	42.05999999999997	46.79133333333331	40.876221	42.059939	46.791129	80.8157971	3693837.0	61.56395	3659.29	1920	1080	29.97	10	90a5df023da9217aaf4bd40872b266a6	6c8d3c64ac8ca4d5e26d78be56354392	1920	1080	25669.0	551.0	1607.0	41648.0	False	False	0.9905129333333333	0.9847568500000001
DinnerScene_1920x1080_2997_10b	DinnerScene_1920x1080_2997_10b	libaom	libaom_20210820_75d5d07_enc-mode0	60	63	0	39670.0	39.67	39.50666666666667	41.41166666666668	45.776666666666664	39.496702	41.411494	45.773784	65.4338178	1366694.0	22.778233333333333	1354.9	1920	1080	29.97	10	b291caf24bd468c11a85566e65e0f8d1	f0defdbbe2c3742158824e5b112f9691	1920	1080	26449.0	508.0	1266.0	39592.0	False	False	0.9829963666666667	0.9781692333333333
STARCRAFT_60f_420	STARCRAFT_60f_420	libaom	libaom_20210820_75d5d07_enc-mode0	60	20	0	7588768.0	7588.768	50.269833333333345	53.487166666666674	53.52733333333334	50.253726	53.472695	53.520507	97.56703484999998	1489616.0	24.826933333333333	1481.53	1920	1080	60.0	8	d964e81242bd3833f2ccd2740f915cf2	319e4346909e9dfacdc5f0447f5a50c5	1920	1080	13950.0	252.0	923.0	39778.0	False	False	0.9996377166666665	0.9993046500000001
STARCRAFT_60f_420	STARCRAFT_60f_420	libaom	libaom_20210820_75d5d07_enc-mode0	60	32	0	4685688.0	4685.688	47.52716666666666	51.56800000000001	51.68783333333333	47.500623	51.540129	51.67575	96.93902745	2093080.0	34.88466666666667	2074.62	1920	1080	60.0	8	26c0abdb26416f159f2fe500eb6d9027	87d516a4b1c2f9cb6ac79f22e0617ecd	1920	1080	14494.0	300.0	1043.0	41471.0	False	False	0.9993122333333333	0.9987597833333335
STARCRAFT_60f_420	STARCRAFT_60f_420	libaom	libaom_20210820_75d5d07_enc-mode0	60	43	0	2719280.0	2719.28	44.16716666666665	49.096000000000004	49.29249999999999	44.134922	49.058031	49.280575	95.67067566666667	1344739.0	22.412316666666666	1337.76	1920	1080	60.0	8	1f93aa59d43caefff9982911123d9723	c716bb9339ab841fb6e4aedad0ed3ee7	1920	1080	14056.0	233.0	764.0	38803.0	False	False	0.9984506666666666	0.9973717333333333
STARCRAFT_60f_420	STARCRAFT_60f_420	libaom	libaom_20210820_75d5d07_enc-mode0	60	55	0	1330784.0	1330.784	40.12199999999999	45.792	45.96833333333336	40.102094	45.769907	45.961637	92.24689609999999	1389104.0	23.151733333333333	1364.26	1920	1080	60.0	8	4ee41350c9fe2b53ada5e40dd8883c5d	22e7d1766dcfca996ac957ac397c2101	1920	1080	14366.0	270.0	834.0	40880.0	False	False	0.9953392666666668	0.9928547833333334
STARCRAFT_60f_420	STARCRAFT_60f_420	libaom	libaom_20210820_75d5d07_enc-mode0	60	63	0	487288.0	487.28799999999995	34.97316666666668	41.543499999999995	41.642166666666675	34.965738	41.534023	41.638595	81.37146681666667	1115949.0	18.59915	1110.52	1920	1080	60.0	8	e1cb72c6fed04c9515f7f32b0c84e0a4	93077905f0aa8a04f2f87cd5c121032d	1920	1080	14683.0	290.0	773.0	41227.0	False	False	0.9818093	0.9760713999999999
blue_sky_360p_60f	blue_sky_360p_60f	libaom	libaom_20210820_75d5d07_enc-mode0	60	20	0	907723.0	907.723	42.951500000000024	44.05683333333333	45.603833333333334	42.909811	44.010229	45.556694	99.93725816666667	1066818.0	17.7803	1065.78	640	360	25.0	8	c047cee747f551afc75066887bb654a6	4d898399b6b8c80dd626970925c19f92	640	360	2263.0	51.0	368.0	5479.0	False	False	0.9915951000000001	0.9982413000000002
blue_sky_360p_60f	blue_sky_360p_60f	libaom	libaom_20210820_75d5d07_enc-mode0	60	32	0	469123.0	469.123	40.1415	41.59683333333335	43.19633333333332	40.094965	41.557365	43.166459	99.92157878333335	847015.0	14.116916666666667	846.5	640	360	25.0	8	5e3d2699dad1b5180a41fe4688f4b42e	d428c5adb1afc42d9b856f7e9f22c490	640	360	2302.0	52.0	286.0	5668.0	False	False	0.9874292333333333	0.9972759833333332
blue_sky_360p_60f	blue_sky_360p_60f	libaom	libaom_20210820_75d5d07_enc-mode0	60	43	0	258436.0	258.436	37.344666666666676	38.878	40.6925	37.302792	38.847019	40.67554400000001	98.15591596666667	718033.0	11.967216666666667	710.26	640	360	25.0	8	146e32dcb6496479700b1ea960e3017f	349e6595e92e0a1213f36360a3458d25	640	360	2358.0	73.0	279.0	5660.0	False	False	0.9799078833333333	0.9954093666666668
blue_sky_360p_60f	blue_sky_360p_60f	libaom	libaom_20210820_75d5d07_enc-mode0	60	55	0	131813.0	131.813	33.912	36.21916666666667	38.6695	33.87984	36.195995	38.655215	90.6564039	354171.0	5.90285	353.84	640	360	25.0	8	19d158e610dfb15216a3ea93ffbd203a	58336c5448fc61b8b05d5f7e715a0c67	640	360	2545.0	51.0	210.0	5552.0	False	False	0.9626100333333334	0.9907743
blue_sky_360p_60f	blue_sky_360p_60f	libaom	libaom_20210820_75d5d07_enc-mode0	60	63	0	58480.0	58.48	29.255666666666663	34.206	37.05966666666667	29.202785	34.187664	37.045035	71.2909323	204007.0	3.4001166666666665	203.66	640	360	25.0	8	73dc99db320fc2e726124e7e82aec41a	eb99ba1229996db8d1aa50e7a20aefaa	640	360	2237.0	45.0	159.0	5190.0	False	False	0.9141863166666667	0.9738070666666668
red_kayak_360p_60f	red_kayak_360p_60f	libaom	libaom_20210820_75d5d07_enc-mode0	60	20	0	7734725.0	7734.725	39.59966666666665	43.530500000000025	48.64416666666666	39.54555	43.501311	48.631054	99.895127	3015035.0	50.25058333333333	2995.79	640	360	29.97	8	d8a07e68f8fca602d562f80b7d2ed95b	f6ae52770ed2bcfbfdfb116fef564ada	640	360	2653.0	59.0	892.0	5285.0	False	False	0.9631536666666667	0.9920844333333333
red_kayak_360p_60f	red_kayak_360p_60f	libaom	libaom_20210820_75d5d07_enc-mode0	60	32	0	3929610.0	3929.61	34.5685	40.742499999999986	47.4425	34.470674	40.695761	47.41329600000001	96.70076106666667	2638622.0	43.97703333333333	2625.11	640	360	29.97	8	1a5519048d2ebfdae4bc1fc642d14b26	da44b1488c6ab9120d1a5cce2303709e	640	360	2804.0	73.0	744.0	5512.0	False	False	0.9152757166666667	0.9795449833333334
red_kayak_360p_60f	red_kayak_360p_60f	libaom	libaom_20210820_75d5d07_enc-mode0	60	43	0	1478266.0	1478.266	30.145500000000002	38.482	46.59633333333333	30.023226	38.426808	46.501617	76.53616466666668	2166616.0	36.11026666666667	2138.15	640	360	29.97	8	c7e0278e160688ddccf52a577d66e458	cf0f1197446e1a3c5efc3577e2e401ca	640	360	2767.0	52.0	446.0	5311.0	False	False	0.8238844000000001	0.9501971166666667
red_kayak_360p_60f	red_kayak_360p_60f	libaom	libaom_20210820_75d5d07_enc-mode0	60	55	0	388952.0	388.952	26.941833333333342	37.174166666666665	45.68533333333334	26.844652	37.132167	45.467529	45.242325883333336	1806436.0	30.107266666666668	1532.67	640	360	29.97	8	970a69f4eb5b8e5363fb50425a56607f	f98ea8d65be900d94ff4fa8618c27ad2	640	360	4171.0	89.0	452.0	12412.0	False	False	0.7065163000000002	0.8884760166666668
red_kayak_360p_60f	red_kayak_360p_60f	libaom	libaom_20210820_75d5d07_enc-mode0	60	63	0	85028.0	85.028	24.71633333333333	35.696666666666665	42.66149999999998	24.6525	35.647139	42.403968	12.4447309	310879.0	5.181316666666667	308.33	640	360	29.97	8	0f6b2ac2ae6f0e94358862536ab98292	ba9ae058b7b91cd85cfa79d7690535ac	640	360	2768.0	58.0	167.0	5807.0	False	False	0.6214070833333333	0.7769494833333336
BarScene1_1920x1080_2997_10b	BarScene1_1920x1080_2997_10b	libaom	libaom_20210820_75d5d07_enc-mode0	60	20	0	1537339.0	1537.339	42.536833333333334	44.803333333333335	43.684000000000005	42.536116	44.803377	43.683089	93.10502394999999	10040584.0	167.34306666666666	10016.88	1920	1080	29.97	10	e706ea9f40e1fe95685e3b9173ba9dfc	b92f7c93b2a4c1871e95dfe43e95c973	1920	1080	24732.0	513.0	1410.0	40612.0	False	False	0.9959686999999999	0.9912034000000002
BarScene1_1920x1080_2997_10b	BarScene1_1920x1080_2997_10b	libaom	libaom_20210820_75d5d07_enc-mode0	60	32	0	583470.0	583.47	42.32099999999998	44.69433333333333	43.563833333333335	42.320437	44.694626	43.563959	92.38827001666667	7802217.0	130.03695	7738.6	1920	1080	29.97	10	796cdb09ebf4ab0ed0029e937e8e7d0d	67999b7426c446c062065f8aaacd6e2f	1920	1080	25913.0	548.0	1133.0	41022.0	False	False	0.9955994666666668	0.9906677666666668
BarScene1_1920x1080_2997_10b	BarScene1_1920x1080_2997_10b	libaom	libaom_20210820_75d5d07_enc-mode0	60	43	0	291882.0	291.882	41.92300000000001	44.54283333333333	43.426500000000026	41.922672	44.543378	43.426678	90.85759441666669	4931590.0	82.19316666666667	4893.56	1920	1080	29.97	10	ccd7c40e541f316ec019e14d7d24216d	f1f970a9e342764ff00850cbcbdb3757	1920	1080	26384.0	684.0	1296.0	42837.0	False	False	0.9947750666666667	0.9895109666666666
BarScene1_1920x1080_2997_10b	BarScene1_1920x1080_2997_10b	libaom	libaom_20210820_75d5d07_enc-mode0	60	55	0	130808.0	130.808	41.095833333333346	44.168333333333344	43.10116666666665	41.094923	44.167954	43.101468	87.29752508333335	2177268.0	36.2878	2146.87	1920	1080	29.97	10	2d9f188414f0fcb78e3b0279465a8603	fa95cdacefa054b65a5e5aed340a5509	1920	1080	26394.0	572.0	1361.0	40750.0	False	False	0.9920327166666666	0.9863106666666667
BarScene1_1920x1080_2997_10b	BarScene1_1920x1080_2997_10b	libaom	libaom_20210820_75d5d07_enc-mode0	60	63	0	51321.0	51.321	39.320000000000036	43.07349999999998	42.30666666666665	39.31883	43.072858	42.306406	75.14062756666667	1003586.0	16.726433333333333	994.56	1920	1080	29.97	10	f35572f4adab9ca2f3f5f1ffe817bf26	3cb45677d81c413014e15c674a44c398	1920	1080	40765.0	568.0	992.0	40911.0	False	False	0.9825413666666667	0.9775764499999998
Netflix_Crosswalk_1920x1080_60fp	Netflix_Crosswalk_1920x1080_60fp	libaom	libaom_20210820_75d5d07_enc-mode0	60	20	0	6234280.0	6234.28	45.234166666666674	48.151166666666676	50.01566666666665	45.204731	48.144452	50.007718	98.49177079999998	5571669.0	92.86115	5546.54	1920	1080	60.0	8	941f716619172b69bf8655c24405c4e4	7419fa9623458619a0bfdb8663ad1356	1920	1080	12075.0	234.0	1935.0	39312.0	False	False	0.9972756999999999	0.9953301166666665
Netflix_Crosswalk_1920x1080_60fp	Netflix_Crosswalk_1920x1080_60fp	libaom	libaom_20210820_75d5d07_enc-mode0	60	32	0	3186000.0	3186.0	43.889166666666675	47.337499999999984	49.13950000000002	43.831728	47.326966	49.130129	94.62762381666668	5281479.0	88.02465	5251.62	1920	1080	60.0	8	3969cf3741e814ff70638b767f9369c6	3bc983e7ef66d8ed6973df3bb8347bcd	1920	1080	12848.0	269.0	1896.0	41185.0	False	False	0.9953391333333333	0.9932652999999999
Netflix_Crosswalk_1920x1080_60fp	Netflix_Crosswalk_1920x1080_60fp	libaom	libaom_20210820_75d5d07_enc-mode0	60	43	0	1653776.0	1653.776	42.0585	46.23566666666665	47.90550000000001	41.968845	46.222669	47.892558	87.52128611666667	3866805.0	64.44675	3789.99	1920	1080	60.0	8	b29863ce2a8e7effce415b1a39be906a	8cc7a8d241f731bfd34c1bc5cd787a53	1920	1080	13415.0	257.0	1485.0	41379.0	False	False	0.9910207833333334	0.9891579333333334
Netflix_Crosswalk_1920x1080_60fp	Netflix_Crosswalk_1920x1080_60fp	libaom	libaom_20210820_75d5d07_enc-mode0	60	55	0	840120.0	840.12	39.65350000000001	44.69950000000001	46.29066666666667	39.542171	44.684421	46.273059	74.98880521666663	2065024.0	34.41706666666666	2058.26	1920	1080	60.0	8	27fea5bb3169ce498acb780f872cb791	93057ad90338ea2dcd6305fed0e6b6be	1920	1080	12208.0	275.0	1241.0	40336.0	False	False	0.9812933	0.9807102333333333
Netflix_Crosswalk_1920x1080_60fp	Netflix_Crosswalk_1920x1080_60fp	libaom	libaom_20210820_75d5d07_enc-mode0	60	63	0	349328.0	349.32800000000003	35.9575	42.09499999999999	43.477166666666676	35.8385	42.07209	43.448445	50.34776323333334	1219805.0	20.330083333333334	1214.31	1920	1080	60.0	8	3fb6fe9f17ec9cd1deaeac940efddf2b	af7900f0d324872ff48ffb67246c1320	1920	1080	12436.0	278.0	1059.0	40684.0	False	False	0.9511603333333334	0.9564771666666666
kirland360p_60f	kirland360p_60f	libaom	libaom_20210820_75d5d07_enc-mode0	60	20	0	249420.0	249.42	47.16866666666667	48.49833333333333	49.714999999999996	47.108144	48.455301	49.666437	95.82364436666667	522722.0	8.712033333333334	521.11	640	360	30.0	8	9515daa292079aed641af415dcb40c96	a027d924df8509e2dff989d002e087ae	640	360	1583.0	68.0	192.0	8210.0	False	False	0.9916154666666668	0.9977056333333334
kirland360p_60f	kirland360p_60f	libaom	libaom_20210820_75d5d07_enc-mode0	60	32	0	145076.0	145.076	46.037666666666674	47.98766666666666	48.891333333333336	45.974901	47.953126	48.851106	94.83350008333333	337404.0	5.6234	337.05	640	360	30.0	8	5f7bfcace64e31fd8958be4dc1c86772	90885dc68d43845e744a1d72ab862ec1	640	360	1618.0	51.0	119.0	5502.0	False	False	0.9905281166666667	0.9972055999999999
kirland360p_60f	kirland360p_60f	libaom	libaom_20210820_75d5d07_enc-mode0	60	43	0	88724.0	88.724	44.37699999999998	47.17383333333334	47.796333333333344	44.319326	47.125804	47.749192	92.61410333333335	225750.0	3.7625	224.88	640	360	30.0	8	08a7e3f6a4d136e5d1eb9e5671c27f45	aafb4aa43b259ef028dff320c6741fed	640	360	1655.0	51.0	95.0	5323.0	False	False	0.9884547833333334	0.9962455666666666
kirland360p_60f	kirland360p_60f	libaom	libaom_20210820_75d5d07_enc-mode0	60	55	0	53088.0	53.088	42.06383333333333	46.07066666666665	46.16366666666669	41.986999	45.985763	46.078488	87.57101811666666	125527.0	2.0921166666666666	125.32	640	360	30.0	8	d45912bda907e1129c52572f6fb1cc76	fc3b41d46b90dc5a960965ca4e50d431	640	360	1551.0	49.0	88.0	5242.0	False	False	0.9845351166666667	0.9943843666666665
kirland360p_60f	kirland360p_60f	libaom	libaom_20210820_75d5d07_enc-mode0	60	63	0	28852.0	28.852	38.198333333333345	43.505166666666675	43.78733333333335	38.085859	43.404774	43.597322	72.86902878333333	72501.0	1.20835	72.37	640	360	30.0	8	677c79932f52791307ede8e6af2be948	f5e5d394a3b98fa739a2be79495f58f9	640	360	1561.0	51.0	79.0	5164.0	False	False	0.9725051499999999	0.9874515999999999
Netflix_DrivingPOV_1280x720_60fp	Netflix_DrivingPOV_1280x720_60fp	libaom	libaom_20210820_75d5d07_enc-mode0	60	20	0	7927272.0	7927.272	41.74066666666666	45.653500000000015	44.56416666666667	41.719771	45.637223	44.553983	99.47929180000001	5824182.0	97.0697	5800.94	1280	720	60.0	8	687811031e3351e3093417fee394df92	ae142f117b0a32132bfcbb31fe294653	1280	720	8171.0	118.0	1142.0	17436.0	False	False	0.9975280000000002	0.9967682
Netflix_DrivingPOV_1280x720_60fp	Netflix_DrivingPOV_1280x720_60fp	libaom	libaom_20210820_75d5d07_enc-mode0	60	32	0	4091648.0	4091.648	39.50116666666667	44.37	43.673166666666674	39.481505	44.35273	43.665895	98.17832448333334	4282521.0	71.37535	4277.23	1280	720	60.0	8	62449a010765cc2582002e930a10edf0	2b4e97008f0755b4e08f6c73edc682ec	1280	720	8326.0	132.0	919.0	18333.0	False	False	0.99546265	0.9943297833333333
Netflix_DrivingPOV_1280x720_60fp	Netflix_DrivingPOV_1280x720_60fp	libaom	libaom_20210820_75d5d07_enc-mode0	60	43	0	2103968.0	2103.968	37.04299999999999	42.838333333333324	42.647333333333336	37.015104	42.81297299999999	42.63973	95.11055453333333	3078888.0	51.3148	3075.36	1280	720	60.0	8	26bbcdb63fee00a5638cf8559cd8654a	e8147d0b89e89c857e4b08afb9bf5c4c	1280	720	8515.0	134.0	691.0	17755.0	False	False	0.9907464666666667	0.9897180666666667
Netflix_DrivingPOV_1280x720_60fp	Netflix_DrivingPOV_1280x720_60fp	libaom	libaom_20210820_75d5d07_enc-mode0	60	55	0	1009664.0	1009.664	34.16833333333333	40.93600000000001	41.440000000000005	34.134328	40.916239	41.432578	88.24917636666669	2385861.0	39.76435	2364.26	1280	720	60.0	8	62cee05f554496af94b56f28a306ff22	026eff8fc1c9db40e9215aeebc684c6c	1280	720	8482.0	142.0	711.0	19483.0	False	False	0.9839893	0.9826589333333334
Netflix_DrivingPOV_1280x720_60fp	Netflix_DrivingPOV_1280x720_60fp	libaom	libaom_20210820_75d5d07_enc-mode0	60	63	0	356888.0	356.888	30.32350000000001	38.14883333333334	39.21783333333333	30.290649	38.140282	39.212936	70.01741821666668	1422940.0	23.715666666666667	1414.49	1280	720	60.0	8	1fc6173df6b0addbc41136a39055140a	69d2fcdedb97263b4f43b2b3e889eace	1280	720	8567.0	127.0	479.0	19814.0	False	False	0.9604472666666667	0.9600703666666666
Netflix_PierSeaside_1920x1080_60	Netflix_PierSeaside_1920x1080_60	libaom	libaom_20210820_75d5d07_enc-mode0	60	20	0	5932112.0	5932.112	45.16099999999999	47.35366666666666	45.433499999999995	45.136429	47.34358	45.421549	99.91627921666667	5796794.0	96.61323333333333	5787.32	1920	1080	60.0	8	3291be0cda06f80ae07e582ddfffa80f	e417d0eda288b878f51eb744122d6fe7	1920	1080	15469.0	236.0	1386.0	38912.0	False	False	0.9984344833333333	0.9970318
Netflix_PierSeaside_1920x1080_60	Netflix_PierSeaside_1920x1080_60	libaom	libaom_20210820_75d5d07_enc-mode0	60	32	0	2833688.0	2833.688	43.51616666666668	46.38483333333333	44.744	43.48748	46.378942	44.735503	99.45532176666667	5615742.0	93.5957	5546.35	1920	1080	60.0	8	b7333d714a94214db5f638b5382cca3e	b078ab3b9ad29a5f28d9bbae5fcf291a	1920	1080	13881.0	260.0	1233.0	40633.0	False	False	0.9974737	0.9955116666666667
Netflix_PierSeaside_1920x1080_60	Netflix_PierSeaside_1920x1080_60	libaom	libaom_20210820_75d5d07_enc-mode0	60	43	0	1336288.0	1336.288	41.473000000000006	45.02183333333333	43.760833333333316	41.438516	45.01659299999999	43.7527	97.27993705	4103945.0	68.39908333333334	4071.88	1920	1080	60.0	8	9fa353d884414dc218f4cf0da75f0e52	0c38c3fb6d1fdde707bb7a48d375d80d	1920	1080	14903.0	296.0	1105.0	42308.0	False	False	0.9954464833333333	0.9925768999999999
Netflix_PierSeaside_1920x1080_60	Netflix_PierSeaside_1920x1080_60	libaom	libaom_20210820_75d5d07_enc-mode0	60	55	0	620352.0	620.352	39.02883333333334	43.03166666666668	42.26350000000001	38.995515	43.027786	42.258887	91.93632631666667	2096610.0	34.9435	2085.32	1920	1080	60.0	8	afede491e3eb691a13642cdc662d88e0	aba89ab95a5d47583b629db44fe54bfd	1920	1080	13771.0	258.0	928.0	39899.0	False	False	0.99114715	0.9871370666666668
Netflix_PierSeaside_1920x1080_60	Netflix_PierSeaside_1920x1080_60	libaom	libaom_20210820_75d5d07_enc-mode0	60	63	0	238624.0	238.624	35.44866666666667	39.973000000000006	39.76900000000002	35.42913	39.970746	39.766482	78.04322263333333	1429638.0	23.8273	1404.54	1920	1080	60.0	8	21a381fb6f5752bcb0d3c84b9ccb0270	4e1d28ec7f6a9f5b00a807a2cd202e9e	1920	1080	13376.0	256.0	779.0	40086.0	False	False	0.9796090333333333	0.9740612666666666
aspen_1080p_60f	aspen_1080p_60f	libaom	libaom_20210820_75d5d07_enc-mode0	60	20	0	4477772.0	4477.772	43.119833333333325	47.72599999999999	48.934999999999995	43.099238	47.722549	48.930669	96.59448764999999	8359877.0	139.33128333333335	8227.81	1920	1080	29.97	8	47f0151cc9f45a501b4d42f3f7932420	6651b9f33efdec146af8f2a219021ab7	1920	1080	12441.0	282.0	2440.0	41540.0	False	False	0.9956457833333333	0.9916463999999999
aspen_1080p_60f	aspen_1080p_60f	libaom	libaom_20210820_75d5d07_enc-mode0	60	32	0	1655449.0	1655.449	41.8255	46.722166666666666	47.783000000000015	41.814607	46.719285	47.778691	93.1755541	6168109.0	102.80181666666667	6080.07	1920	1080	29.97	8	da15c921783ee8a1782ae801bc0f8f64	7793c1be73cbea4de7884a271ca7f68c	1920	1080	13669.0	260.0	1659.0	41868.0	False	False	0.9939278333333333	0.9894689000000001
aspen_1080p_60f	aspen_1080p_60f	libaom	libaom_20210820_75d5d07_enc-mode0	60	43	0	806501.0	806.501	40.47616666666665	45.394833333333324	46.34483333333331	40.460374	45.39198	46.341323	88.07572321666666	2906800.0	48.446666666666665	2895.38	1920	1080	29.97	8	bce698b0ea6b77e7ae7e36adff736d9e	984b272be43d1f2cbc576518eac0fc3f	1920	1080	12101.0	235.0	1173.0	38523.0	False	False	0.9910752500000001	0.9862700333333333
aspen_1080p_60f	aspen_1080p_60f	libaom	libaom_20210820_75d5d07_enc-mode0	60	55	0	399297.0	399.29699999999997	38.42783333333333	43.63316666666667	44.19283333333331	38.404071	43.629654	44.18927	78.25184583333333	2161985.0	36.03308333333333	2092.4	1920	1080	29.97	8	3d32af8861f8edc6cf66394bc0201e91	76847a18e7166a2374994df2ba532ca1	1920	1080	16646.0	326.0	1235.0	41872.0	False	False	0.9839667	0.9789639500000001
aspen_1080p_60f	aspen_1080p_60f	libaom	libaom_20210820_75d5d07_enc-mode0	60	63	0	163906.0	163.906	35.20149999999999	40.96033333333334	41.62433333333333	35.169203	40.956128	41.620808	57.279253316666676	1434032.0	23.900533333333332	1404.97	1920	1080	29.97	8	55ac47e6bc4f28cb6e1b1867723bc9f7	ed62ff37763ab3703ee59886a6e4bc66	1920	1080	14579.0	584.0	2070.0	68935.0	False	False	0.9609405	0.9576188833333334
gipsrestat720p_60f	gipsrestat720p_60f	libaom	libaom_20210820_75d5d07_enc-mode0	60	20	0	2728866.0	2728.866	44.50933333333334	47.441333333333326	49.10616666666666	44.493193	47.434004	49.099259	96.62012529999998	4549470.0	75.8245	4402.03	1280	720	50.0	8	92541d4f53648edd7c86575e1b3b822c	85db6808b03c91943871b36dd5b06f2a	1280	720	8876.0	132.0	702.0	18958.0	False	False	0.9974406499999999	0.9967857666666666
gipsrestat720p_60f	gipsrestat720p_60f	libaom	libaom_20210820_75d5d07_enc-mode0	60	32	0	1337746.0	1337.746	43.339833333333324	47.07566666666667	48.614000000000004	43.309923	47.071102	48.60833	95.62473195000001	2057058.0	34.2843	2048.42	1280	720	50.0	8	9f2b5324467e958c50f8394bde73f21d	180ee7f83b4c31fc48fdc61aa9b47827	1280	720	6946.0	119.0	487.0	18761.0	False	False	0.9966131833333333	0.9960079499999999
gipsrestat720p_60f	gipsrestat720p_60f	libaom	libaom_20210820_75d5d07_enc-mode0	60	43	0	776180.0	776.18	41.99483333333333	46.452666666666694	47.833000000000034	41.946917	46.449193	47.829122	94.0534266	971205.0	16.18675	968.83	1280	720	50.0	8	e3a9ee4bc5d1b2e939e34ab92b729f4b	a28e9070a13a1421e40566a6e7f1567d	1280	720	7279.0	115.0	327.0	17352.0	False	False	0.9951369166666667	0.99469365
gipsrestat720p_60f	gipsrestat720p_60f	libaom	libaom_20210820_75d5d07_enc-mode0	60	55	0	408200.0	408.2	39.831166666666675	44.894	45.991666666666674	39.793347	44.88997	45.987147	90.92119455000001	694830.0	11.5805	690.07	1280	720	50.0	8	87de934de0f1974762103f1db8bf9c7d	9c99043da40efbf76935e8591e715830	1280	720	7093.0	174.0	512.0	20466.0	False	False	0.9914830666666667	0.99146845
gipsrestat720p_60f	gipsrestat720p_60f	libaom	libaom_20210820_75d5d07_enc-mode0	60	63	0	173006.0	173.006	35.82583333333333	41.63666666666666	42.33066666666665	35.810696	41.63535	42.32974	80.81246926666668	527669.0	8.794483333333334	522.82	1280	720	50.0	8	ee9e83c021250c46330320f4ef8286cd	9eae3bf8ff83e9b1fc6fb48a6e201d2b	1280	720	11232.0	145.0	442.0	20267.0	False	False	0.9765039000000001	0.9788517833333333
speed_bag_640x360_60f	speed_bag_640x360_60f	libaom	libaom_20210820_75d5d07_enc-mode0	60	20	0	379468.0	379.468	46.27083333333334	49.24016666666667	50.75999999999999	46.18736	49.172743	50.686769	98.04384436666666	617588.0	10.293133333333333	616.94	640	360	29.97	8	84fea039a7613aa665920c64ce11de5f	51f64c2b1c92879366fa0e3ddef3fd26	640	360	1695.0	52.0	218.0	5440.0	False	False	0.9881486666666667	0.9972308166666667
speed_bag_640x360_60f	speed_bag_640x360_60f	libaom	libaom_20210820_75d5d07_enc-mode0	60	32	0	206149.0	206.149	44.28199999999999	47.55200000000001	49.28950000000001	44.138416	47.443018	49.150758	96.72488709999999	517613.0	8.626883333333334	504.6	640	360	29.97	8	71cf509a758f60ab573293962349c01b	a3a1eba559d505df140f57a13fb59ff3	640	360	1787.0	64.0	309.0	5726.0	False	False	0.9845376833333332	0.99562635
speed_bag_640x360_60f	speed_bag_640x360_60f	libaom	libaom_20210820_75d5d07_enc-mode0	60	43	0	112465.0	112.465	41.88999999999999	45.473499999999994	47.614500000000014	41.684343	45.346337999999996	47.407297	92.56227530000001	248710.0	4.145166666666666	248.51	640	360	29.97	8	c3a2d652375ccae805ccd78b5135dc26	fed2fccf523ed4a78c766ab817f8c929	640	360	1673.0	46.0	141.0	5150.0	False	False	0.97910745	0.9925986666666665
speed_bag_640x360_60f	speed_bag_640x360_60f	libaom	libaom_20210820_75d5d07_enc-mode0	60	55	0	61662.0	61.662	38.923666666666655	43.21716666666666	45.72516666666668	38.644795	43.073803	45.49007100000001	82.86922955000001	192600.0	3.21	190.52	640	360	29.97	8	9a72b4fa5fb5985d7201d3fc8c100689	1c3d8e594271956f409d8b5dba73fa7e	640	360	1802.0	48.0	123.0	5235.0	False	False	0.9694768	0.9862245166666668
speed_bag_640x360_60f	speed_bag_640x360_60f	libaom	libaom_20210820_75d5d07_enc-mode0	60	63	0	31217.0	31.217	35.073499999999996	40.25316666666666	43.36150000000001	34.697253	40.079664	42.991829	63.399499150000004	106548.0	1.7758	106.36	640	360	29.97	8	395971d9249f231fc91ceb7aee089ae5	9de6a315f3374e5ae1d46a94786c082d	640	360	1835.0	51.0	111.0	5535.0	False	False	0.9507675833333333	0.9682744833333333
DOTA2_60f_420	DOTA2_60f_420	libaom	libaom_20210820_75d5d07_enc-mode0	60	20	0	12438824.0	12438.824	44.81816666666665	48.675000000000026	48.8265	44.760039	48.608727	48.806921	97.14391673333333	6611834.0	110.19723333333333	6553.99	1920	1080	60.0	8	9c96eddc159276fe412a4e770efab6bb	6c142c6da0fa58941efb1708e4daad8c	1920	1080	16383.0	304.0	1926.0	41500.0	False	False	0.9983898166666666	0.9969416833333332
DOTA2_60f_420	DOTA2_60f_420	libaom	libaom_20210820_75d5d07_enc-mode0	60	32	0	6138104.0	6138.104	42.35383333333334	46.378000000000014	46.675333333333334	42.277509	46.286953	46.64747	94.89692158333332	6368355.0	106.13925	6304.69	1920	1080	60.0	8	54dba5420b226b446291e56d2d1fd271	3c8644001565a1699af2cbf91708abf7	1920	1080	16658.0	258.0	1532.0	40652.0	False	False	0.9968626166666666	0.9942992166666667
DOTA2_60f_420	DOTA2_60f_420	libaom	libaom_20210820_75d5d07_enc-mode0	60	43	0	3108016.0	3108.016	39.87683333333333	44.03633333333335	44.46333333333333	39.809711	43.95891199999999	44.432587	90.9650651166667	4317816.0	71.9636	4284.72	1920	1080	60.0	8	b5ccefe7db2deb1b7e4912096f9db6e7	a6498bb6ca7dcf301f7496a57f0e912c	1920	1080	16922.0	289.0	1376.0	42650.0	False	False	0.9935652666666669	0.9893262166666668
DOTA2_60f_420	DOTA2_60f_420	libaom	libaom_20210820_75d5d07_enc-mode0	60	55	0	1435440.0	1435.44	37.01733333333334	41.43566666666667	41.837666666666685	36.93806	41.336732	41.807786	82.85463373333333	2798649.0	46.64415	2788.55	1920	1080	60.0	8	c737884c5221d9a1a0a8c12e6960886a	845cb1511f1108d5355e0a5d9ab33b1c	1920	1080	15645.0	261.0	1022.0	40401.0	False	False	0.9835971666666665	0.9771412666666667
DOTA2_60f_420	DOTA2_60f_420	libaom	libaom_20210820_75d5d07_enc-mode0	60	63	0	487296.0	487.296	33.20883333333334	37.81533333333332	38.20666666666668	33.127185	37.719062	38.173008	63.12436906666667	1790949.0	29.84915	1779.18	1920	1080	60.0	8	19e99eef8ebc6dc527e6cd017b5b9662	e0604904a03a5b684737af0e54fac09a	1920	1080	20150.0	263.0	822.0	39991.0	False	False	0.9482359666666667	0.9423099166666667
shields_640x360_60f	shields_640x360_60f	libaom	libaom_20210820_75d5d07_enc-mode0	60	20	0	1712146.0	1712.146	41.779833333333336	44.534166666666664	46.075499999999984	41.647381	44.509522	45.998894	99.46689143333333	1235320.0	20.588666666666665	1234.68	640	360	50.0	8	299c5e871d662cd59d2157d080e972cc	a071b62bf0beab291b93ceb0a9b3e952	640	360	2984.0	64.0	345.0	5133.0	False	False	0.9838896833333333	0.9980590333333335
shields_640x360_60f	shields_640x360_60f	libaom	libaom_20210820_75d5d07_enc-mode0	60	32	0	957580.0	957.58	39.81683333333332	42.70749999999999	44.37833333333333	39.627775	42.662316	44.262741	99.44054518333333	909424.0	15.157066666666667	908.01	640	360	50.0	8	f918299b8a3f5b873c5ca98bb198e243	bb19002d1c78d93c056ac09243ef4f98	640	360	3070.0	60.0	273.0	5513.0	False	False	0.9776802166666666	0.9971253333333333
shields_640x360_60f	shields_640x360_60f	libaom	libaom_20210820_75d5d07_enc-mode0	60	43	0	540660.0	540.66	37.21800000000001	40.347999999999985	42.20016666666667	36.958274	40.251342	42.028233	99.36553966666666	600514.0	10.008566666666667	600.18	640	360	50.0	8	38b0cbe810da9e87b2c252203adc6735	a90349911559ae60e19a37fd0e71ebfe	640	360	2979.0	45.0	174.0	5097.0	False	False	0.9643299500000001	0.9948802333333333
shields_640x360_60f	shields_640x360_60f	libaom	libaom_20210820_75d5d07_enc-mode0	60	55	0	289733.0	289.733	33.77150000000001	37.45833333333333	39.51166666666667	33.413973	37.280265	39.249412	94.30892745000001	398126.0	6.635433333333333	397.75	640	360	50.0	8	d95dafa52cf4d7acca5b7df44c5dde9c	dbc0ead0436cfb693f815e89b404af8b	640	360	3061.0	51.0	164.0	5149.0	False	False	0.9325434166666665	0.9884414499999998
shields_640x360_60f	shields_640x360_60f	libaom	libaom_20210820_75d5d07_enc-mode0	60	63	0	108326.0	108.326	28.507000000000005	34.43933333333334	36.03683333333332	27.997174000000005	34.166928	35.723606	73.67840524999998	293937.0	4.89895	293.22	640	360	50.0	8	8dc3024d5a28c076da147be4e78e08b3	39f3d380f484af7a45a003386a120e15	640	360	3079.0	51.0	120.0	5312.0	False	False	0.8088875166666666	0.9514979499999999
thaloundeskmtg360p_60f	thaloundeskmtg360p_60f	libaom	libaom_20210820_75d5d07_enc-mode0	60	20	0	755232.0	755.232	44.56216666666667	48.5288333333333	48.54149999999998	44.29557	48.388839	48.479062	96.73431561666668	883109.0	14.718483333333333	879.8	640	360	30.0	8	ead0416bbfc97c61a9f8c74a0dcc25f0	9fd389bcd822f6f9c4f9c9f177b33c27	640	360	2279.0	78.0	303.0	5605.0	False	False	0.9924530333333333	0.9983854333333333
thaloundeskmtg360p_60f	thaloundeskmtg360p_60f	libaom	libaom_20210820_75d5d07_enc-mode0	60	32	0	400824.0	400.824	42.96516666666668	47.19383333333334	47.196499999999986	42.599379	47.088685000000005	47.135416	95.61969330000002	477606.0	7.9601	461.58	640	360	30.0	8	86b4cc64d3ad39a37149a34f25f5eb45	29d3f9709b42c099be623faf472dd9ad	640	360	2229.0	49.0	157.0	5174.0	False	False	0.9900995833333331	0.9976276666666666
thaloundeskmtg360p_60f	thaloundeskmtg360p_60f	libaom	libaom_20210820_75d5d07_enc-mode0	60	43	0	224964.0	224.964	40.843833333333336	45.55883333333332	45.478	40.42382	45.484258	45.410205	93.20190746666667	296540.0	4.942333333333333	296.38	640	360	30.0	8	4ceabe8bc8e2235f00d7a7b8e9f42721	2d163b4b861fc5c97f5b6424edbe4699	640	360	2227.0	48.0	123.0	5188.0	False	False	0.9859163999999999	0.9961648833333334
thaloundeskmtg360p_60f	thaloundeskmtg360p_60f	libaom	libaom_20210820_75d5d07_enc-mode0	60	55	0	123644.0	123.644	37.89783333333334	43.221166666666676	43.05333333333333	37.506026	43.178228	42.978142	88.13556908333335	253350.0	4.2225	251.48	640	360	30.0	8	7901812feb1a3d635b039d0f0b6f3dc0	3235eb3066dd1f72e7af86bc134ebb82	640	360	2358.0	62.0	142.0	5699.0	False	False	0.9770070666666666	0.9926513833333334
thaloundeskmtg360p_60f	thaloundeskmtg360p_60f	libaom	libaom_20210820_75d5d07_enc-mode0	60	63	0	55884.0	55.884	33.25916666666667	39.51916666666667	39.69066666666667	32.9228	39.493863	39.626173	73.51217025000001	118647.0	1.97745	118.47	640	360	30.0	8	562ffd12ca81fca797a850382086559d	a82793996863722aaf486dd1665c995d	640	360	2136.0	46.0	81.0	5368.0	False	False	0.9500320333333333	0.9792193166666667
RollerCoastPas_1920x1080_2997_10	RollerCoastPas_1920x1080_2997_10	libaom	libaom_20210820_75d5d07_enc-mode0	60	20	0	3105745.0	3105.745	45.2925	45.471000000000025	43.88166666666665	45.289746	45.469504	43.878897	97.14171074999999	10224886.0	170.41476666666668	9875.72	1920	1080	29.97	10	e8547b5d5e4e260e4c08d07e821cbbc4	a5c2c952e1f7873d0ba912ef1c99cd88	1920	1080	26679.0	709.0	3471.0	79872.0	False	False	0.99874675	0.9971217666666666
RollerCoastPas_1920x1080_2997_10	RollerCoastPas_1920x1080_2997_10	libaom	libaom_20210820_75d5d07_enc-mode0	60	32	0	1608621.0	1608.621	44.39566666666668	44.98150000000003	43.3948333333333	44.39319	44.981386	43.393458	96.57107130000001	7546709.0	125.77848333333333	7455.27	1920	1080	29.97	10	960c1c6ec36bbf4cb9317070481725af	8c4f4c1070e016a4dec19801600fadbd	1920	1080	25362.0	731.0	2010.0	75642.0	False	False	0.99836605	0.9964891
RollerCoastPas_1920x1080_2997_10	RollerCoastPas_1920x1080_2997_10	libaom	libaom_20210820_75d5d07_enc-mode0	60	43	0	928132.0	928.132	42.985499999999995	44.200833333333335	42.71966666666667	42.981828	44.200459	42.718452	95.36166426666666	5038435.0	83.97391666666667	5029.04	1920	1080	29.97	10	3c314f0876a6ff746266df9e1ba6362a	ee1adc6b255a0b5462d63989aea4812c	1920	1080	25006.0	613.0	1389.0	40611.0	False	False	0.9974869166666666	0.9951400833333334
RollerCoastPas_1920x1080_2997_10	RollerCoastPas_1920x1080_2997_10	libaom	libaom_20210820_75d5d07_enc-mode0	60	55	0	459015.0	459.015	40.56866666666667	42.55883333333333	41.301833333333335	40.562898	42.558764	41.30111	92.21332463333333	2716347.0	45.27245	2692.99	1920	1080	29.97	10	a46c72de5b60682cfee1c868ee619cc7	38f0bf789e41198a6d98bdfb40087c8b	1920	1080	25981.0	549.0	1183.0	40452.0	False	False	0.9949943333333334	0.9916530499999999
RollerCoastPas_1920x1080_2997_10	RollerCoastPas_1920x1080_2997_10	libaom	libaom_20210820_75d5d07_enc-mode0	60	63	0	176146.0	176.146	36.336	39.37133333333332	38.47033333333335	36.331274	39.371224	38.469164	81.612411	1921680.0	32.028	1916.46	1920	1080	29.97	10	14a96c477da1dc899e07a8aa9552b278	eef518b9fbcdd130cc1b39838610eb88	1920	1080	29797.0	568.0	1118.0	41317.0	False	False	0.9839802000000001	0.9782670166666668
niklas360p_60f	niklas360p_60f	libaom	libaom_20210820_75d5d07_enc-mode0	60	20	0	1087132.0	1087.132	43.66483333333334	47.414333333333346	46.94949999999999	43.619904	47.355213	46.902933	98.01980255000002	1848328.0	30.805466666666668	1845.91	640	360	30.0	8	b2e08a2ac330708f87a8cb07c0ab5aac	d41e0d3cd9c3d2dd3f41809f3c42a4c0	640	360	2210.0	58.0	377.0	5579.0	False	False	0.9857182499999999	0.9967036166666666
niklas360p_60f	niklas360p_60f	libaom	libaom_20210820_75d5d07_enc-mode0	60	32	0	605068.0	605.068	41.15233333333333	45.787499999999994	45.099000000000004	41.098272	45.744468	45.066332	96.05338788333331	1549646.0	25.82743333333333	1546.23	640	360	30.0	8	b2f460b288266235d643a09e0fd97a15	f361c393d86604c418f046cf3bdd6a14	640	360	2093.0	49.0	281.0	5385.0	False	False	0.9793268666666667	0.99473075
niklas360p_60f	niklas360p_60f	libaom	libaom_20210820_75d5d07_enc-mode0	60	43	0	322388.0	322.388	38.11283333333333	43.8455	42.91400000000002	38.061687	43.808385	42.882306	91.81487089999999	1059751.0	17.662516666666665	1059.2	640	360	30.0	8	6d8d6cbdcde04278494d36848b5fa559	c2752ab36fc0309bbbb82b94e7402b4e	640	360	2318.0	49.0	225.0	5330.0	False	False	0.9666101833333334	0.9902741499999999
niklas360p_60f	niklas360p_60f	libaom	libaom_20210820_75d5d07_enc-mode0	60	55	0	165756.0	165.756	34.75483333333332	41.743500000000004	40.4365	34.7113	41.705653	40.39744600000001	83.38421878333335	521208.0	8.6868	520.73	640	360	30.0	8	2d98e329aa9aa7ee2c66e4352c3b6425	bf47307aa026a2dff658391e660e6664	640	360	2086.0	50.0	173.0	5267.0	False	False	0.9423372666666666	0.9803266
niklas360p_60f	niklas360p_60f	libaom	libaom_20210820_75d5d07_enc-mode0	60	63	0	67868.0	67.868	30.263333333333332	38.79666666666666	37.08033333333334	30.207956	38.731151	37.012291	62.42504925	242712.0	4.0452	242.23	640	360	30.0	8	b40ff89567e863f167dc4cba462c5cc1	a1cdefc38a31225055cbedff8da22e69	640	360	2106.0	50.0	118.0	5184.0	False	False	0.8862904666666667	0.9495264666666667
ShowGirl2TeaserClip4000_1920x108	ShowGirl2TeaserClip4000_1920x108	libaom	libaom_20210820_75d5d07_enc-mode0	60	20	0	2342356.0	2342.356	42.29500000000001	46.65900000000003	49.559499999999986	42.29207	46.656731	49.55684800000001	95.20461728333333	14059010.0	234.31683333333334	13961.85	1920	1080	25.0	10	e41204d376660b12980da84dfc114372	4bd75ae48363f62b87097c7acb2eabee	1920	1080	34461.0	517.0	2365.0	40567.0	False	False	0.99601155	0.9913585
ShowGirl2TeaserClip4000_1920x108	ShowGirl2TeaserClip4000_1920x108	libaom	libaom_20210820_75d5d07_enc-mode0	60	32	0	1123356.0	1123.356	41.58800000000001	46.20083333333333	48.73200000000001	41.583171	46.199285	48.730306	93.1617759	12870724.0	214.51206666666667	12662.14	1920	1080	25.0	10	ea17cec4fba2dc239e238c914fdfa6c1	80a662a5c542c1a04d16720d336e4248	1920	1080	32421.0	614.0	2053.0	41684.0	False	False	0.9949841333333335	0.9900748666666667
ShowGirl2TeaserClip4000_1920x108	ShowGirl2TeaserClip4000_1920x108	libaom	libaom_20210820_75d5d07_enc-mode0	60	43	0	593696.0	593.696	40.46399999999999	45.629	47.79899999999998	40.451484	45.627432	47.798476	89.45022216666668	7415833.0	123.59721666666667	7382.53	1920	1080	25.0	10	b24791214033d31d70372ee60c4821c0	0b794832eb69c87b3ace832c0f1a6f81	1920	1080	25530.0	562.0	1988.0	41623.0	False	False	0.9928439833333332	0.9876403666666669
ShowGirl2TeaserClip4000_1920x108	ShowGirl2TeaserClip4000_1920x108	libaom	libaom_20210820_75d5d07_enc-mode0	60	55	0	306673.0	306.673	38.721999999999994	44.7635	46.48316666666666	38.701111	44.761805	46.482798	82.25144478333333	4287046.0	71.45076666666667	4262.94	1920	1080	25.0	10	e924d811c144a3d8da7fbe1d1b460ec6	920a5ade58ab414222e68f3b07584244	1920	1080	25118.0	573.0	1601.0	41790.0	False	False	0.9880244333333333	0.9824549166666667
ShowGirl2TeaserClip4000_1920x108	ShowGirl2TeaserClip4000_1920x108	libaom	libaom_20210820_75d5d07_enc-mode0	60	63	0	119563.0	119.563	35.53649999999998	42.376333333333335	44.12116666666668	35.513413	42.376881	44.120783	64.70892173333333	2271397.0	37.85661666666667	2262.28	1920	1080	25.0	10	77b2b159ee4cc0098d5f62dff76f9d39	423fe2ed9f544ad8b53e8471faf3f714	1920	1080	25747.0	531.0	1382.0	40989.0	False	False	0.97066875	0.9651067666666667
Netflix_FoodMarket_1920x1080_60f	Netflix_FoodMarket_1920x1080_60f	libaom	libaom_20210820_75d5d07_enc-mode0	60	20	0	12039984.0	12039.984	40.405	44.450833333333335	45.310333333333325	40.39553	44.447781	45.308856	97.93589791666666	15867538.0	264.45896666666664	15798.6	1920	1080	60.0	8	fb7e962ab6804043fb60f1895283dd10	1eaec8facb0ff2005e3d7a7ae90d2b0c	1920	1080	33219.0	268.0	2839.0	39984.0	False	False	0.9938309333333334	0.9876347333333334
Netflix_FoodMarket_1920x1080_60f	Netflix_FoodMarket_1920x1080_60f	libaom	libaom_20210820_75d5d07_enc-mode0	60	32	0	5535112.0	5535.112	39.46350000000002	43.71083333333334	44.72983333333334	39.458214	43.708446	44.728638	95.05956563333335	8467613.0	141.12688333333332	8455.17	1920	1080	60.0	8	9b2d06082a73e0d06c0b5b464f01c7ac	03c7f44e2d20c4348c7cd54cf20e4163	1920	1080	16043.0	252.0	2118.0	39590.0	False	False	0.9913978499999999	0.9842743166666668
Netflix_FoodMarket_1920x1080_60f	Netflix_FoodMarket_1920x1080_60f	libaom	libaom_20210820_75d5d07_enc-mode0	60	43	0	2734160.0	2734.1599999999994	38.02833333333333	42.69133333333333	43.86249999999998	38.021619	42.688323	43.860502	89.28295135000002	6902604.0	115.0434	6786.42	1920	1080	60.0	8	0659232b617af190e9b6f949b1057ba7	1f6cc6d9305b40fe2ae1ccd33f0619f7	1920	1080	16232.0	247.0	1588.0	40388.0	False	False	0.9855590499999999	0.9770580000000001
Netflix_FoodMarket_1920x1080_60f	Netflix_FoodMarket_1920x1080_60f	libaom	libaom_20210820_75d5d07_enc-mode0	60	55	0	1298544.0	1298.544	35.990666666666655	41.48049999999999	42.59433333333333	35.981903	41.476689	42.585143	77.56302113333332	4644296.0	77.40493333333333	4397.03	1920	1080	60.0	8	a364bc091971e41227f045fafd1cc4f2	c0df2776ab3e06b16a1ccb21be4b6fcf	1920	1080	16666.0	338.0	2033.0	42157.0	False	False	0.96985	0.9603674333333334
Netflix_FoodMarket_1920x1080_60f	Netflix_FoodMarket_1920x1080_60f	libaom	libaom_20210820_75d5d07_enc-mode0	60	63	0	450512.0	450.512	32.830999999999996	39.741	40.4555	32.820341	39.736589	40.434399	53.45657425	1911051.0	31.85085	1902.88	1920	1080	60.0	8	3342d893fa767d50f39d2596d5950f02	f692fd5b0b6d506e4f4d0066272b209b	1920	1080	16050.0	256.0	919.0	39149.0	False	False	0.9157113166666666	0.9114217
Netflix_TunnelFlag_1920x1080_60f	Netflix_TunnelFlag_1920x1080_60f	libaom	libaom_20210820_75d5d07_enc-mode0	60	20	0	20302088.0	20302.088	41.960666666666654	46.04616666666666	47.78816666666665	41.944802	46.033923	47.776504	99.91941208333334	9546730.0	159.11216666666667	9499.55	1920	1080	60.0	8	fd2191e6925a1e5ca1e2c8b261d42b62	0e98a173b64eee1bc429321b624d17f6	1920	1080	16358.0	291.0	3486.0	39248.0	False	False	0.9984181499999999	0.9959235999999999
Netflix_TunnelFlag_1920x1080_60f	Netflix_TunnelFlag_1920x1080_60f	libaom	libaom_20210820_75d5d07_enc-mode0	60	32	0	10366912.0	10366.912	39.640333333333324	44.46200000000001	46.56983333333332	39.622055	44.45487	46.5612	99.90585571666666	8875904.0	147.93173333333334	8826.28	1920	1080	60.0	8	4eca8d59578438d6ad4872d5882cc108	6d6179d43a467ff4be6768bb13a2780e	1920	1080	16596.0	344.0	3223.0	42013.0	False	False	0.9970648666666668	0.9931070500000001
Netflix_TunnelFlag_1920x1080_60f	Netflix_TunnelFlag_1920x1080_60f	libaom	libaom_20210820_75d5d07_enc-mode0	60	43	0	5293560.0	5293.56	37.20799999999999	42.48216666666666	45.202000000000005	37.185462	42.478741	45.192984	99.87409389999999	7142057.0	119.03428333333333	6985.1	1920	1080	60.0	8	a34d1d4a4b2d149a4d7f34f887fc1105	1024bcd2a9f1684e43a9bebb2c42ff26	1920	1080	32434.0	355.0	2318.0	40218.0	False	False	0.9945304333333334	0.9886991333333331
Netflix_TunnelFlag_1920x1080_60f	Netflix_TunnelFlag_1920x1080_60f	libaom	libaom_20210820_75d5d07_enc-mode0	60	55	0	2727904.0	2727.904	34.5695	40.52566666666665	43.28916666666666	34.5494	40.523287	43.282864	99.80566855000001	3435918.0	57.2653	3429.47	1920	1080	60.0	8	5e7d2b9b7eb550d70381b569604807bd	b84d4c0185468ea2c5308f0ad73dd29d	1920	1080	16481.0	233.0	1605.0	39223.0	False	False	0.9902222166666667	0.9827878000000001
Netflix_TunnelFlag_1920x1080_60f	Netflix_TunnelFlag_1920x1080_60f	libaom	libaom_20210820_75d5d07_enc-mode0	60	63	0	1258368.0	1258.368	30.71533333333333	38.4205	41.085166666666666	30.68519	38.415444	41.077019	88.15358023333332	2745330.0	45.7555	2729.68	1920	1080	60.0	8	38a2ee36ab87dce25ae273a97fd4431f	8047885e250ea236fc046a7878f0af02	1920	1080	29630.0	290.0	1482.0	41280.0	False	False	0.9765161166666665	0.9675717666666664
Starting_1920x1080p_50_10b_pq_70	Starting_1920x1080p_50_10b_pq_70	libaom	libaom_20210820_75d5d07_enc-mode0	60	20	0	4669880.0	4669.88	47.12699999999999	50.039333333333325	51.85566666666664	47.088953999999994	49.983246	51.773538	97.07498801666665	8499655.0	141.66091666666668	8467.55	1920	1080	50.0	10	58b2e91d2fbd3993bab4ed551215113a	0b8db07a012376d7ccfac461879f0a52	1920	1080	21644.0	556.0	1821.0	39635.0	False	False	0.9993537333333333	0.9984168166666667
Starting_1920x1080p_50_10b_pq_70	Starting_1920x1080p_50_10b_pq_70	libaom	libaom_20210820_75d5d07_enc-mode0	60	32	0	2508000.0	2508.0	45.87200000000001	48.93849999999999	50.351166666666664	45.824416	48.900854	50.307284	96.30734799999999	11417414.0	190.29023333333333	11362.09	1920	1080	50.0	10	d5197508b9df8410004627149d641e22	f1844b048f969d36aa2a8dd9d92ba659	1920	1080	22342.0	536.0	1544.0	39805.0	False	False	0.9990233500000001	0.9978826499999999
Starting_1920x1080p_50_10b_pq_70	Starting_1920x1080p_50_10b_pq_70	libaom	libaom_20210820_75d5d07_enc-mode0	60	43	0	1455546.0	1455.546	44.14166666666666	47.596666666666664	48.51466666666665	44.091397	47.58571100000001	48.50195	94.61862561666666	8400204.0	140.0034	8364.58	1920	1080	50.0	10	554be2dc60d92d920ac98b55a620a2d6	ba9d2f4464b7fb8f1291d6d2afe8091e	1920	1080	22132.0	600.0	1690.0	40751.0	False	False	0.9983375166666666	0.9968985
Starting_1920x1080p_50_10b_pq_70	Starting_1920x1080p_50_10b_pq_70	libaom	libaom_20210820_75d5d07_enc-mode0	60	55	0	735820.0	735.82	41.18233333333333	45.520499999999984	45.949666666666666	41.15373	45.519175	45.948253	89.98633406666667	5002733.0	83.37888333333333	4982.7	1920	1080	50.0	10	86aa0a62de062f561af0e74781bc594b	6302c00125271e1376db9d54be368485	1920	1080	22892.0	506.0	1325.0	40468.0	False	False	0.9960204333333335	0.9937400999999999
Starting_1920x1080p_50_10b_pq_70	Starting_1920x1080p_50_10b_pq_70	libaom	libaom_20210820_75d5d07_enc-mode0	60	63	0	260620.0	260.62	36.15883333333332	42.389166666666675	42.63683333333332	36.151642	42.38892	42.636484	74.53063695	3757412.0	62.623533333333334	3748.59	1920	1080	50.0	10	27e773dc0c99b3cf403c85e425f020ca	0c44a6b3a5c9188e0dfa42c1ad2102c6	1920	1080	22142.0	457.0	1127.0	38607.0	False	False	0.9851325666666668	0.9794620333333334
Netflix_Aerial_1920x1080_60fps_8	Netflix_Aerial_1920x1080_60fps_8	libaom	libaom_20210820_75d5d07_enc-mode0	60	20	0	16505560.0	16505.56	42.10549999999999	45.32966666666666	45.15083333333335	42.06185	45.313839	45.141453	96.21828581666665	12098793.0	201.64655	12058.83	1920	1080	60.0	8	870ffd39667a72fd859a1fa86e759a12	d9eeeb879805b44db13cf56b687cb66f	1920	1080	18089.0	281.0	2867.0	41230.0	False	False	0.9975773	0.9959849833333332
Netflix_Aerial_1920x1080_60fps_8	Netflix_Aerial_1920x1080_60fps_8	libaom	libaom_20210820_75d5d07_enc-mode0	60	32	0	8785944.0	8785.944	40.32350000000001	44.1675	44.24733333333333	40.26623299999999	44.159112	44.244241	94.17248431666667	8735016.0	145.5836	8687.02	1920	1080	60.0	8	82a0be032f5800d1a995bfa26a381cfb	d370f97331ca15c1f674d0286bd050bd	1920	1080	17830.0	237.0	1763.0	38855.0	False	False	0.9961328833333333	0.9938066833333331
Netflix_Aerial_1920x1080_60fps_8	Netflix_Aerial_1920x1080_60fps_8	libaom	libaom_20210820_75d5d07_enc-mode0	60	43	0	4465032.0	4465.032	37.96816666666666	42.640166666666666	43.13633333333335	37.898023	42.635883	43.134448	90.66738568333335	6371827.0	106.19711666666667	6327.19	1920	1080	60.0	8	7e05fe62c8043f77a18eb2d0c204013b	e5b54e5c1c224b2685a437bc691f4600	1920	1080	18080.0	238.0	1400.0	39897.0	False	False	0.9931318833333334	0.9890145666666667
Netflix_Aerial_1920x1080_60fps_8	Netflix_Aerial_1920x1080_60fps_8	libaom	libaom_20210820_75d5d07_enc-mode0	60	55	0	2012688.0	2012.6879999999999	35.100000000000016	40.78466666666668	41.851333333333336	35.050754	40.78329	41.846059	83.4668832	4281968.0	71.36613333333334	4238.2	1920	1080	60.0	8	c9b33e6ca9ccb23e9556887c1b769cd2	c3e06362567837a1877d40469dc8621f	1920	1080	36295.0	267.0	1078.0	39801.0	False	False	0.9858403166666666	0.9771854833333333
Netflix_Aerial_1920x1080_60fps_8	Netflix_Aerial_1920x1080_60fps_8	libaom	libaom_20210820_75d5d07_enc-mode0	60	63	0	578992.0	578.992	31.151333333333337	38.530166666666666	40.417833333333334	31.142302000000004	38.523647	40.409175	63.0819106	3251430.0	54.1905	3182.52	1920	1080	60.0	8	f071e8de3cd68e76c2497822a869122c	06a894b04b37c5f866ec544956874090	1920	1080	17886.0	296.0	1090.0	41192.0	False	False	0.9536931499999999	0.9305290500000001
Netflix_RollerCoaster_1280x720_6	Netflix_RollerCoaster_1280x720_6	libaom	libaom_20210820_75d5d07_enc-mode0	60	20	0	5998592.0	5998.592	44.0715	45.93483333333334	46.04766666666664	44.051298	45.929157	46.043546	99.89660883333333	5258014.0	87.63356666666667	5231.29	1280	720	60.0	8	c5a4885cad084daef6a47e0f00265a04	04544d585cdbb07f86eb848e8bf34283	1280	720	7616.0	126.0	1224.0	18442.0	False	False	0.9976069166666669	0.9971940166666666
Netflix_RollerCoaster_1280x720_6	Netflix_RollerCoaster_1280x720_6	libaom	libaom_20210820_75d5d07_enc-mode0	60	32	0	3105464.0	3105.464	41.70249999999999	44.022166666666664	44.50066666666666	41.675787	44.015599	44.496702	99.68984581666668	3047562.0	50.7927	3030.6	1280	720	60.0	8	06df1a77dfadb5b7614bd50c10998cea	2e1227b336b6642a0ba7e40cb04e3f18	1280	720	6966.0	121.0	924.0	18212.0	False	False	0.99563185	0.99512525
Netflix_RollerCoaster_1280x720_6	Netflix_RollerCoaster_1280x720_6	libaom	libaom_20210820_75d5d07_enc-mode0	60	43	0	1602664.0	1602.664	39.07633333333333	41.904499999999985	42.82416666666666	39.051192	41.892394	42.817333	95.30682863333332	3019911.0	50.33185	2993.91	1280	720	60.0	8	ab4385e689edd03cf9bbc7947b0b3eed	0921ee2b7f0ab69970350cf4f990ef03	1280	720	8010.0	163.0	1248.0	19841.0	False	False	0.99123105	0.9907628333333333
Netflix_RollerCoaster_1280x720_6	Netflix_RollerCoaster_1280x720_6	libaom	libaom_20210820_75d5d07_enc-mode0	60	55	0	810456.0	810.456	36.12400000000001	39.45333333333334	41.01983333333332	36.099547	39.432443	41.009173	85.41156028333333	1685384.0	28.089733333333335	1678.2	1280	720	60.0	8	233b953ab2acf2e26358051c67f8da02	37453e36e9fbdfeefcbecfa84b91188f	1280	720	7296.0	119.0	707.0	18568.0	False	False	0.9802197000000002	0.9806483500000002
Netflix_RollerCoaster_1280x720_6	Netflix_RollerCoaster_1280x720_6	libaom	libaom_20210820_75d5d07_enc-mode0	60	63	0	319712.0	319.71200000000005	32.03916666666666	36.029333333333334	38.28983333333331	32.006051	35.989111	38.255675	60.44448646666667	998131.0	16.635516666666668	995.63	1280	720	60.0	8	3c72962176342c2aa29a0a2a3dc5eea7	98a54760d113bbfa6415b0d5a25918a1	1280	720	7091.0	126.0	467.0	17981.0	False	False	0.9431949500000001	0.9501981333333335
life_1080p30_60f	life_1080p30_60f	libaom	libaom_20210820_75d5d07_enc-mode0	60	20	0	9709628.0	9709.628	43.51116666666666	48.92316666666667	48.35166666666666	43.468886	48.918141	48.348048	99.02550291666668	7756303.0	129.27171666666666	7727.12	1920	1080	30.0	8	aa62645e47f3278c240aabd2ffec5e86	cea4812ae515f716566da24b47eb2456	1920	1080	16079.0	264.0	3323.0	39837.0	False	False	0.9990491333333333	0.9975667500000002
life_1080p30_60f	life_1080p30_60f	libaom	libaom_20210820_75d5d07_enc-mode0	60	32	0	4497888.0	4497.888	40.62300000000001	46.608333333333334	46.19616666666666	40.600245	46.603222	46.193302	96.7134292	8617684.0	143.62806666666665	8532.56	1920	1080	30.0	8	967793d9eba6a61a44cb53be777d3c9a	f574ebca6d21dbb80bd5c26ede1d6037	1920	1080	21644.0	239.0	2490.0	39993.0	False	False	0.9981220499999999	0.9955086833333335
life_1080p30_60f	life_1080p30_60f	libaom	libaom_20210820_75d5d07_enc-mode0	60	43	0	2185808.0	2185.808	37.86783333333334	44.49850000000001	44.243166666666674	37.855662	44.493737	44.240371	92.72109046666668	5491364.0	91.52273333333333	5474.6	1920	1080	30.0	8	de08f7314ebc39794bfd05a8ee1078cb	0dc7e4e45f2a4726ae61125ba472966b	1920	1080	16315.0	236.0	1839.0	38790.0	False	False	0.9959185666666667	0.9911485333333333
life_1080p30_60f	life_1080p30_60f	libaom	libaom_20210820_75d5d07_enc-mode0	60	55	0	1011620.0	1011.62	34.7885	42.09283333333331	41.88199999999999	34.779294	42.087073	41.87761	85.14469746666667	4741149.0	79.01915	4649.82	1920	1080	30.0	8	6589ea08be5c60a377196c45b5e213ba	0d722b1c240461b8741c2cee3ea030cd	1920	1080	26928.0	287.0	1729.0	41888.0	False	False	0.9890965833333334	0.9785141666666668
life_1080p30_60f	life_1080p30_60f	libaom	libaom_20210820_75d5d07_enc-mode0	60	63	0	374140.0	374.14	31.4995	38.787166666666664	38.43516666666667	31.486336	38.772569	38.42549900000001	67.06422083333332	2743754.0	45.72923333333333	2723.44	1920	1080	30.0	8	7d39ea7a4729b32f7e374368170b770c	ccfab1baac2d8a91adf8922be93751e2	1920	1080	16927.0	287.0	1332.0	41124.0	False	False	0.9666408333333334	0.9499384166666667
touchdown_pass_1080p_60f	touchdown_pass_1080p_60f	libaom	libaom_20210820_75d5d07_enc-mode0	60	20	0	10001831.0	10001.831	39.56199999999999	47.546499999999995	47.70016666666665	39.49282	47.542588	47.695563	95.81851379999999	15322747.0	255.37911666666668	15289.21	1920	1080	29.97	8	da467c6b5fbc509e14cbc8885c1a7e81	44809d3e7737195c0d010550273cf7da	1920	1080	17100.0	260.0	3096.0	39892.0	False	False	0.9947207666666665	0.9884875500000002
touchdown_pass_1080p_60f	touchdown_pass_1080p_60f	libaom	libaom_20210820_75d5d07_enc-mode0	60	32	0	3285740.0	3285.74	38.30299999999999	46.757333333333335	46.90933333333336	38.282772	46.755338	46.908661	93.53173655	10355351.0	172.58918333333332	10317.92	1920	1080	29.97	8	c8f27212ac8daeced26b6437a41ef5c2	5fc80f5cff3ce4b76a026a720005ba08	1920	1080	16271.0	278.0	1915.0	39539.0	False	False	0.9933378333333334	0.9855437833333335
touchdown_pass_1080p_60f	touchdown_pass_1080p_60f	libaom	libaom_20210820_75d5d07_enc-mode0	60	43	0	1468662.0	1468.662	36.734666666666676	45.518833333333326	45.556	36.706369	45.514724	45.553618	89.31280238333335	6865953.0	114.43255	6838.79	1920	1080	29.97	8	ba23707278671d1588e335629c14608e	13648c7ba1313d1949d0f4b4894434c8	1920	1080	16751.0	254.0	1672.0	39454.0	False	False	0.9887303166666667	0.9774109666666668
touchdown_pass_1080p_60f	touchdown_pass_1080p_60f	libaom	libaom_20210820_75d5d07_enc-mode0	60	55	0	675971.0	675.971	34.5925	43.972166666666666	44.01683333333333	34.562032	43.962091	44.011444	79.69405616666667	4138896.0	68.9816	4127.08	1920	1080	29.97	8	ecc5210c233e2880e3a603af2321d005	223a0a2dfa7733326f00567763fb7644	1920	1080	16574.0	261.0	1220.0	41139.0	False	False	0.9735845	0.9562454499999998
touchdown_pass_1080p_60f	touchdown_pass_1080p_60f	libaom	libaom_20210820_75d5d07_enc-mode0	60	63	0	242242.0	242.242	31.617166666666666	41.652833333333334	41.49583333333335	31.590305	41.649798	41.491813	55.91670728333334	2382928.0	39.715466666666664	2341.62	1920	1080	29.97	8	4621e7093a88ced898ab342c91373b8a	42ae3520962fabbf9d48cbeac7edce30	1920	1080	23359.0	292.0	1025.0	41557.0	False	False	0.91842825	0.89918995
dark720p_60f	dark720p_60f	libaom	libaom_20210820_75d5d07_enc-mode0	60	20	0	4483024.0	4483.024	44.600500000000004	41.9225	43.74066666666667	44.413869	41.796594	43.662179	94.89791908333332	5045707.0	84.09511666666667	5023.35	1280	720	30.0	8	aba4b917f0d9764260c93f1d08595119	0411621d9b30f969cb84b2af2074df1d	1280	720	6623.0	117.0	1357.0	18126.0	False	False	0.9924142999999999	0.9936261000000001
dark720p_60f	dark720p_60f	libaom	libaom_20210820_75d5d07_enc-mode0	60	32	0	869176.0	869.176	42.91583333333334	38.07533333333333	41.40533333333333	42.829305	38.022564	41.395352	92.33343535	3862736.0	64.37893333333334	3823.85	1280	720	30.0	8	b43d1473bfd3ab473f8d6fee1e2387ea	1bc42c2ac88376d85780e993dfbeac29	1280	720	6534.0	140.0	1050.0	19263.0	False	False	0.9906903	0.9922421833333332
dark720p_60f	dark720p_60f	libaom	libaom_20210820_75d5d07_enc-mode0	60	43	0	236332.0	236.332	42.01433333333333	36.90233333333332	40.798000000000016	41.95735	36.900347	40.794234	89.98173081666667	1939768.0	32.32946666666667	1934.76	1280	720	30.0	8	96f9b6660aa09ca02bd80680e76efd0a	ca005080d8decb5f079f21966b94f9c4	1280	720	6044.0	121.0	455.0	17947.0	False	False	0.9888935166666667	0.9908716000000001
dark720p_60f	dark720p_60f	libaom	libaom_20210820_75d5d07_enc-mode0	60	55	0	118880.0	118.87999999999998	40.80966666666667	36.41533333333335	40.07466666666667	40.775745	36.414098	40.071267	85.88872165000001	956004.0	15.9334	952.66	1280	720	30.0	8	5074cf539b1f77d7815a39bf4a77fd46	68904291437b3a5b390542e86e0e2ad1	1280	720	6034.0	154.0	432.0	19344.0	False	False	0.9853396333333335	0.9881796
dark720p_60f	dark720p_60f	libaom	libaom_20210820_75d5d07_enc-mode0	60	63	0	56468.0	56.468	38.20716666666669	35.22783333333333	38.495333333333335	38.195027	35.222788	38.487927	75.36349496666666	411957.0	6.86595	410.74	1280	720	30.0	8	3d859eedea4b57463511e4d186107fba	a03d47580d2bdb68ea086a8cf548d754	1280	720	6118.0	126.0	312.0	18043.0	False	False	0.9748606	0.9799185333333333
rush_hour_1080p25_60f	rush_hour_1080p25_60f	libaom	libaom_20210820_75d5d07_enc-mode0	60	20	0	4050713.0	4050.713	42.77516666666668	46.59499999999999	48.53716666666667	42.769814	46.593405	48.534134	95.98104289999999	10931394.0	182.1899	10800.47	1920	1080	25.0	8	41809b8aed4e88eece26934d6afda665	d00d7c909cb9995c2ea9aa84c095cbc7	1920	1080	15229.0	230.0	2531.0	38890.0	False	False	0.9958398333333333	0.9918686499999999
rush_hour_1080p25_60f	rush_hour_1080p25_60f	libaom	libaom_20210820_75d5d07_enc-mode0	60	32	0	1906193.0	1906.193	41.7385	45.6445	47.2755	41.733133	45.641979	47.269521000000005	91.11821253333332	8678742.0	144.6457	8607.68	1920	1080	25.0	8	7a39a101ca458464c85d4b1da809bb6e	baef24632c36a9e9aa2a308f1d642442	1920	1080	16520.0	381.0	2574.0	51447.0	False	False	0.9932554666666668	0.9894363500000002
rush_hour_1080p25_60f	rush_hour_1080p25_60f	libaom	libaom_20210820_75d5d07_enc-mode0	60	43	0	939133.0	939.133	40.29816666666667	44.53733333333333	45.82283333333334	40.282444000000005	44.532159	45.811695	82.89626165	4312904.0	71.88173333333333	4307.12	1920	1080	25.0	8	e7c188383a7762199cb86436445a63db	ef0ab5d582f901a84a6e1368e52890db	1920	1080	21565.0	232.0	1437.0	38478.0	False	False	0.9887150833333334	0.98545145
rush_hour_1080p25_60f	rush_hour_1080p25_60f	libaom	libaom_20210820_75d5d07_enc-mode0	60	55	0	444640.0	444.64	38.22866666666667	42.98766666666667	44.022666666666666	38.193896	42.976944	44.002018	70.1063318666667	2821729.0	47.028816666666664	2777.14	1920	1080	25.0	8	816d3230a01df273eb6a9ebbbf03d4d5	ce2abb557c9aa60868e7d7368475598c	1920	1080	12942.0	353.0	1502.0	44212.0	False	False	0.9797617000000002	0.9778878666666667
rush_hour_1080p25_60f	rush_hour_1080p25_60f	libaom	libaom_20210820_75d5d07_enc-mode0	60	63	0	170073.0	170.073	34.98483333333333	40.80783333333332	41.33283333333332	34.927688	40.78654199999999	41.301911	49.55647138333334	1870319.0	31.171983333333333	1852.67	1920	1080	25.0	8	816cfb4306b8d66e1a592319b15d6eaf	a6fd6cbf92a8dce3d97344e8d1a61b9e	1920	1080	16093.0	334.0	1066.0	50145.0	False	False	0.9552820000000001	0.9578011
Netflix_Boat_1920x1080_60fps_8bi	Netflix_Boat_1920x1080_60fps_8bi	libaom	libaom_20210820_75d5d07_enc-mode0	60	20	0	21851504.0	21851.504	42.737666666666684	45.10283333333332	46.43016666666667	42.722726	45.092745	46.427101	99.88523436666668	15559393.0	259.32321666666667	14870.99	1920	1080	60.0	8	4c91485abef5d818d65aee0a2c59a7c8	6fe26c74e6b9b8beb6b2c3f8cc85e057	1920	1080	39104.0	588.0	5127.0	73521.0	False	False	0.9993285166666667	0.9984525333333334
Netflix_Boat_1920x1080_60fps_8bi	Netflix_Boat_1920x1080_60fps_8bi	libaom	libaom_20210820_75d5d07_enc-mode0	60	32	0	12159040.0	12159.04	39.99616666666667	43.30066666666665	44.17183333333334	39.981039	43.287557	44.170651	98.99859109999998	9141726.0	152.3621	9111.5	1920	1080	60.0	8	e4ba9ab771ea14024a1c4d26bd64290d	6753acb41778a76625f63ed171bb3e73	1920	1080	19001.0	270.0	2428.0	42833.0	False	False	0.99867045	0.99704085
Netflix_Boat_1920x1080_60fps_8bi	Netflix_Boat_1920x1080_60fps_8bi	libaom	libaom_20210820_75d5d07_enc-mode0	60	43	0	6559448.0	6559.448	36.839166666666664	41.68166666666666	42.33649999999999	36.819056	41.657097	42.334366	94.01105621666666	8498834.0	141.64723333333333	8439.52	1920	1080	60.0	8	f967cc49d80340efb1228add4f82a452	48abe791dd4fa833b86b88e7c0d86f85	1920	1080	18873.0	272.0	1904.0	41761.0	False	False	0.9969546999999999	0.9936090166666666
Netflix_Boat_1920x1080_60fps_8bi	Netflix_Boat_1920x1080_60fps_8bi	libaom	libaom_20210820_75d5d07_enc-mode0	60	55	0	3293016.0	3293.016	33.275333333333336	40.00299999999999	40.537833333333325	33.258352	39.972659	40.536088	84.62922445	5051172.0	84.1862	5032.3	1920	1080	60.0	8	605fee0105b23c8d05fef4e7f56337a4	c66e04482ee6ace6da6bc1e5243df237	1920	1080	18025.0	231.0	1252.0	38386.0	False	False	0.99160655	0.9838972333333333
Netflix_Boat_1920x1080_60fps_8bi	Netflix_Boat_1920x1080_60fps_8bi	libaom	libaom_20210820_75d5d07_enc-mode0	60	63	0	1234024.0	1234.024	28.917500000000004	37.55616666666669	38.07349999999997	28.903289000000004	37.540329	38.073506	63.359546216666665	3274764.0	54.5794	3264.7	1920	1080	60.0	8	e468334446e2f6491703918ddda6449f	a3c18bb0692f49ca7c9b8edc961d1e55	1920	1080	17890.0	274.0	1100.0	39711.0	False	False	0.9682584166666666	0.9489578666666667
vidyo4_720p_60fps_60f	vidyo4_720p_60fps_60f	libaom	libaom_20210820_75d5d07_enc-mode0	60	20	0	3640568.0	3640.568	43.68199999999999	49.8875	50.27533333333334	43.61957	49.872841	50.264783	97.28338873333335	4547443.0	75.79071666666667	4539.86	1280	720	60.0	8	209ac5967da40d5c00642b9bd60cc077	e516ef668eed7acbb58cc0084ed00ce8	1280	720	6557.0	112.0	698.0	17375.0	False	False	0.9961313833333332	0.9952547166666667
vidyo4_720p_60fps_60f	vidyo4_720p_60fps_60f	libaom	libaom_20210820_75d5d07_enc-mode0	60	32	0	1628200.0	1628.2	42.61533333333333	49.41033333333334	49.8125	42.548163	49.393541	49.80058900000001	96.13029170000001	2379766.0	39.66276666666667	2373.33	1280	720	60.0	8	f9d309d29fd2aaaeed4b2ec8a4deb876	a27da9528bc5c64a0c6a1242b5aaebca	1280	720	6657.0	115.0	555.0	17836.0	False	False	0.9945862333333333	0.99378015
vidyo4_720p_60fps_60f	vidyo4_720p_60fps_60f	libaom	libaom_20210820_75d5d07_enc-mode0	60	43	0	846096.0	846.096	41.31050000000001	48.573999999999984	48.993500000000004	41.2305	48.55266199999999	48.980063	94.0522441	1345770.0	22.4295	1343.16	1280	720	60.0	8	4f4b10d89d92c4f373860a0ce17a1065	5e16a8593ec6ddfd10ccc32d630d3d4e	1280	720	6276.0	115.0	435.0	18080.0	False	False	0.9915814833333333	0.9911837499999999
vidyo4_720p_60fps_60f	vidyo4_720p_60fps_60f	libaom	libaom_20210820_75d5d07_enc-mode0	60	55	0	427160.0	427.16	39.382500000000014	47.07549999999999	47.43600000000001	39.297807	47.053795	47.421813	89.50354121666666	794234.0	13.237233333333334	790.76	1280	720	60.0	8	cd66e86a54118ea5621fafcf772d634e	0db6ca9dd112df3aec6ef669fba32742	1280	720	6573.0	120.0	373.0	18272.0	False	False	0.9847419333333334	0.9856518166666668
vidyo4_720p_60fps_60f	vidyo4_720p_60fps_60f	libaom	libaom_20210820_75d5d07_enc-mode0	60	63	0	176160.0	176.16	35.948999999999984	43.86833333333335	44.071999999999996	35.857539	43.848909	44.057686	77.47582806666666	492513.0	8.20855	490.61	1280	720	60.0	8	0cdceae92243eb9560c909e3008c22e7	50c49fd0e4cefe89e1cbcf7929164283	1280	720	6376.0	126.0	358.0	18347.0	False	False	0.9630525	0.9688091499999999
Aerial_1920x1080_2997_10b	Aerial_1920x1080_2997_10b	libaom	libaom_20210820_75d5d07_enc-mode0	60	20	0	7174628.0	7174.628	43.213666666666654	45.695	45.03350000000002	43.199458	45.681001	45.021652	96.35619268333333	13060726.0	217.67876666666666	12789.66	1920	1080	29.97	10	e1953f016bc5b2ef3c30396ca1a2b87f	1067c7b23ef0cbb01df8ae572b3e9373	1920	1080	34525.0	560.0	2798.0	40886.0	False	False	0.9989227	0.9978616166666667
Aerial_1920x1080_2997_10b	Aerial_1920x1080_2997_10b	libaom	libaom_20210820_75d5d07_enc-mode0	60	32	0	4259446.0	4259.446	41.58483333333332	44.43966666666666	43.99983333333334	41.562791	44.430216	43.993637	95.22011358333334	11620363.0	193.67271666666667	11559.81	1920	1080	29.97	10	51ba6f2879766fa1077b2f56c6a88895	eb6a0248b305036abb1f06d39c8cc2db	1920	1080	30534.0	586.0	2274.0	41478.0	False	False	0.9984266833333333	0.9969811666666667
Aerial_1920x1080_2997_10b	Aerial_1920x1080_2997_10b	libaom	libaom_20210820_75d5d07_enc-mode0	60	43	0	2507380.0	2507.38	39.22283333333333	42.59000000000002	42.53633333333334	39.199661	42.584796	42.534697	92.65269940000003	11867388.0	197.7898	10831.55	1920	1080	29.97	10	10801a21e419d63ead90582d27fd2ce3	6aa11cab9fe551d30d1b000cdb2c7678	1920	1080	30161.0	1025.0	4877.0	128463.0	False	False	0.9972510666666667	0.9949233166666666
Aerial_1920x1080_2997_10b	Aerial_1920x1080_2997_10b	libaom	libaom_20210820_75d5d07_enc-mode0	60	55	0	1274467.0	1274.467	35.78050000000001	40.286333333333346	40.80266666666666	35.769096	40.28424400000001	40.801876	86.88035971666667	8185546.0	136.42576666666668	8165.88	1920	1080	29.97	10	25e19097b00b7f420ee9dc12787f7fdf	1a1509436d24d437a101c4ee90d55feb	1920	1080	29674.0	552.0	1610.0	39935.0	False	False	0.9937507833333332	0.9888181833333334
Aerial_1920x1080_2997_10b	Aerial_1920x1080_2997_10b	libaom	libaom_20210820_75d5d07_enc-mode0	60	63	0	406885.0	406.885	30.73350000000001	37.63466666666664	39.00766666666665	30.730021	37.634501	39.007369	69.02152506666667	4716040.0	78.60066666666667	4707.19	1920	1080	29.97	10	33b515035b04cd4b8a058e6e7944f9e1	b1a43bc8a19a5ea2d936f1ec1bfab184	1920	1080	28542.0	524.0	1347.0	41188.0	False	False	0.9752596166666668	0.9577127833333334
vidyo1_720p_60fps_60f	vidyo1_720p_60fps_60f	libaom	libaom_20210820_75d5d07_enc-mode0	60	20	0	3294736.0	3294.736	45.18733333333334	48.13116666666667	49.52333333333334	45.171694	48.121125	49.515752	96.21444955	3604340.0	60.07233333333333	3592.82	1280	720	60.0	8	cd058f5535ce5496842795b07d3872e2	195fe6cc30833303c2e1dded5346c0a5	1280	720	6512.0	119.0	620.0	17770.0	False	False	0.9972772833333335	0.9966713833333334
vidyo1_720p_60fps_60f	vidyo1_720p_60fps_60f	libaom	libaom_20210820_75d5d07_enc-mode0	60	32	0	1472336.0	1472.336	44.02883333333334	47.740499999999976	49.01050000000001	44.020204	47.733821	49.005791	95.12423743333336	2177654.0	36.29423333333333	2170.05	1280	720	60.0	8	6fec16b454540295e236b05db2cd85f6	1c68a0e41107eab92d54b5186c861d5e	1280	720	7077.0	134.0	546.0	18681.0	False	False	0.9962644833333335	0.9956976
vidyo1_720p_60fps_60f	vidyo1_720p_60fps_60f	libaom	libaom_20210820_75d5d07_enc-mode0	60	43	0	747032.0	747.032	42.67133333333333	47.17133333333333	48.230000000000025	42.665518	47.166158	48.224635	93.12347196666666	1051023.0	17.51705	1048.63	1280	720	60.0	8	47c090a04f746b9e250bafff3859031e	75326464be03af1c3dcde94d20f5dc6e	1280	720	6307.0	154.0	402.0	17504.0	False	False	0.9944766166666668	0.9941227166666666
vidyo1_720p_60fps_60f	vidyo1_720p_60fps_60f	libaom	libaom_20210820_75d5d07_enc-mode0	60	55	0	378344.0	378.344	40.61716666666666	45.96033333333333	46.60483333333332	40.609405	45.957184	46.601423	88.89973898333334	1061395.0	17.689916666666665	942.85	1280	720	60.0	8	75ad1fe1b275f6e1e57bb0b53777ed8b	5a1d117fe4127e4c989716950e76f0b9	1280	720	6602.0	209.0	687.0	35729.0	False	False	0.9900415999999999	0.9904727666666666
vidyo1_720p_60fps_60f	vidyo1_720p_60fps_60f	libaom	libaom_20210820_75d5d07_enc-mode0	60	63	0	164648.0	164.648	36.90416666666666	43.28616666666666	43.55466666666668	36.89492499999999	43.284349	43.551276	76.76596133333334	429710.0	7.161833333333333	427.44	1280	720	60.0	8	28c394306c40e7a5beaaf4a9a7f4cb0d	2d024aba1789583193da9e55fdaeabdd	1280	720	6599.0	124.0	333.0	18897.0	False	False	0.9735069333333334	0.9774201499999999
Cosmos1_1920x856_BT2100_PQ_24fps	Cosmos1_1920x856_BT2100_PQ_24fps	libaom	libaom_20210820_75d5d07_enc-mode0	60	20	0	15469923.0	15469.923	40.208166666666656	43.74366666666669	46.68200000000001	40.128998	43.685049	46.64244999999999	98.54492583333332	19195574.0	319.92623333333336	19162.47	1920	856	24.0	10	af7bcb2ade5917017ae4259e12e18d82	e8569e74bff9a24d04d0798ba03bf36a	1920	856	21382.0	428.0	5765.0	30825.0	False	False	0.9953284166666667	0.9943827
Cosmos1_1920x856_BT2100_PQ_24fps	Cosmos1_1920x856_BT2100_PQ_24fps	libaom	libaom_20210820_75d5d07_enc-mode0	60	32	0	5444592.0	5444.592	36.814166666666665	41.98683333333334	45.16516666666667	36.747253	41.933147	45.131033	91.6357336666667	16245068.0	270.7511333333333	16171.74	1920	856	24.0	10	d15c39fa8b29da9bcb0196ee93628ce0	3e7bad5ff32238efc1959c9934a722be	1920	856	22468.0	453.0	4226.0	32889.0	False	False	0.9884895333333333	0.9874504333333334
Cosmos1_1920x856_BT2100_PQ_24fps	Cosmos1_1920x856_BT2100_PQ_24fps	libaom	libaom_20210820_75d5d07_enc-mode0	60	43	0	2266160.0	2266.1599999999994	34.46933333333333	40.52933333333335	43.59433333333334	34.41239600000001	40.486467999999995	43.553353	79.16666595	13790074.0	229.83456666666666	13691.65	1920	856	24.0	10	af92eb77032749c6a685964d2007c1f1	a385b8ae46620ed5519f0d570f658486	1920	856	21762.0	366.0	2923.0	31610.0	False	False	0.9739966833333334	0.97451075
Cosmos1_1920x856_BT2100_PQ_24fps	Cosmos1_1920x856_BT2100_PQ_24fps	libaom	libaom_20210820_75d5d07_enc-mode0	60	55	0	926988.0	926.988	32.04966666666667	39.16216666666667	42.32616666666665	31.992439	39.130881	42.289347	59.54181498333334	9724674.0	162.0779	9675.74	1920	856	24.0	10	ef6d11eb710cb421816a93b9ed90060a	7d656d187cd9d26f58be2badd24931ea	1920	856	22102.0	396.0	2173.0	31915.0	False	False	0.9391548499999999	0.9451415666666667
Cosmos1_1920x856_BT2100_PQ_24fps	Cosmos1_1920x856_BT2100_PQ_24fps	libaom	libaom_20210820_75d5d07_enc-mode0	60	63	0	232041.0	232.041	28.915666666666674	37.04883333333335	40.415499999999994	28.851837	37.010097	40.404999	29.90576915	6561963.0	109.36605	6480.88	1920	856	24.0	10	ad285e69b4aca5ffbbee437c9aa0d3c3	fdf34271e77d5a9e39fbd600e797ac39	1920	856	22634.0	400.0	1239.0	32489.0	False	False	0.8245582833333334	0.8524345333333334
Market3_1920x1080p_50_10b_pq_709	Market3_1920x1080p_50_10b_pq_709	libaom	libaom_20210820_75d5d07_enc-mode0	60	20	0	10237753.0	10237.753	44.42633333333334	50.65383333333334	51.50916666666668	44.416682	50.652465	51.509452	99.80298701666668	9281204.0	154.68673333333334	9232.37	1920	1080	50.0	10	92a6275320c031ef779b683b01f4331b	2e20c54198c6e40ec972b581fbb00912	1920	1080	25705.0	529.0	3190.0	39503.0	False	False	0.9993316166666667	0.9983003166666666
Market3_1920x1080p_50_10b_pq_709	Market3_1920x1080p_50_10b_pq_709	libaom	libaom_20210820_75d5d07_enc-mode0	60	32	0	5308340.0	5308.34	41.61633333333334	48.41066666666668	49.54783333333331	41.60795	48.410016	49.547176	98.46483521666667	11150629.0	185.84381666666667	11057.66	1920	1080	50.0	10	49df6890f7cd84a31afb5ffeb985bc9f	3eac6f524ac5c30b8f73cbdedabee6ac	1920	1080	26050.0	536.0	2764.0	40620.0	False	False	0.9985378333333333	0.9965506833333335
Market3_1920x1080p_50_10b_pq_709	Market3_1920x1080p_50_10b_pq_709	libaom	libaom_20210820_75d5d07_enc-mode0	60	43	0	2701400.0	2701.4	38.64616666666665	46.432500000000005	47.824333333333314	38.636173	46.431585	47.823895	94.30846995000002	10591121.0	176.51868333333334	10472.56	1920	1080	50.0	10	b0abe954de1b2e27eb72f38f3fb8c9a8	a99709d727b2749597313179efa73830	1920	1080	26753.0	558.0	2538.0	42589.0	False	False	0.9964522	0.9923141833333333
Market3_1920x1080p_50_10b_pq_709	Market3_1920x1080p_50_10b_pq_709	libaom	libaom_20210820_75d5d07_enc-mode0	60	55	0	1255453.0	1255.453	35.45933333333334	44.44650000000001	45.996833333333335	35.450214	44.445626999999995	45.991158	86.04184573333335	7148764.0	119.14606666666667	7061.31	1920	1080	50.0	10	a790c27331bb4635a746e987547c2bc7	d7910868dcbb7907f7e600434afbda04	1920	1080	28747.0	498.0	1915.0	39962.0	False	False	0.9900412499999999	0.9810172833333333
Market3_1920x1080p_50_10b_pq_709	Market3_1920x1080p_50_10b_pq_709	libaom	libaom_20210820_75d5d07_enc-mode0	60	63	0	428673.0	428.673	31.746833333333345	41.75500000000002	43.433833333333354	31.739582	41.753781	43.427709	65.2037568	4948779.0	82.47965	4924.35	1920	1080	50.0	10	3f8961c5b633359e31ce31e834e94635	3625aff83bfae425c5c4f48c18ef4050	1920	1080	26461.0	522.0	1646.0	39230.0	False	False	0.9668865166666666	0.9504670166666666
wikipedia_420	wikipedia_420	libaom	libaom_20210820_75d5d07_enc-mode0	60	20	0	1385256.0	1385.256	54.34166666666665	52.57549999999999	53.59583333333333	54.32492	52.387469	53.538673	99.82655388333333	2150239.0	35.837316666666666	2136.52	1920	1080	30.0	8	c95cfd04eff358adce5e832955aebe8f	d1f00ee63a1f77c9a6097e52fe63c81b	1920	1080	11137.0	236.0	731.0	39429.0	False	False	0.9998415333333334	0.9996214499999999
wikipedia_420	wikipedia_420	libaom	libaom_20210820_75d5d07_enc-mode0	60	32	0	771528.0	771.528	50.236000000000004	50.17683333333333	51.554833333333335	50.230395	49.964904	51.503721	99.79372620000001	2760107.0	46.001783333333336	2740.87	1920	1080	30.0	8	91cd522af28b8d2a9043748b903ab6f3	57865e4441a7b222bb0419ac03296f16	1920	1080	11173.0	233.0	682.0	38776.0	False	False	0.9994826166666666	0.99899095
wikipedia_420	wikipedia_420	libaom	libaom_20210820_75d5d07_enc-mode0	60	43	0	549844.0	549.8439999999999	47.66216666666666	48.028500000000015	49.50633333333333	47.654499	47.929179	49.47431100000001	99.76971456666666	2825746.0	47.09576666666667	2798.73	1920	1080	30.0	8	699cb24f9852d65271e3c828146f98ea	2157bf3c7770ef9194505f3fbff3ef6d	1920	1080	11952.0	279.0	972.0	41611.0	False	False	0.9991910833333332	0.9986343833333334
wikipedia_420	wikipedia_420	libaom	libaom_20210820_75d5d07_enc-mode0	60	55	0	438336.0	438.336	44.674166666666686	46.2	47.70766666666668	44.626837	46.141578	47.64474499999999	99.68005968333334	1390949.0	23.182483333333334	1383.4	1920	1080	30.0	8	3717ff5742ccad4d49669f20ba4bd337	ddac7e42f24b51bbea2845004481691a	1920	1080	11227.0	232.0	937.0	39167.0	False	False	0.9989010666666668	0.9982709000000001
wikipedia_420	wikipedia_420	libaom	libaom_20210820_75d5d07_enc-mode0	60	63	0	333596.0	333.59600000000006	39.29683333333334	43.75699999999999	44.76816666666669	39.136743	43.677187	44.517193	98.78522663333335	1528162.0	25.469366666666666	1519.83	1920	1080	30.0	8	fb7db21d4a4bb0a335fb775e7e756b73	568f7d0c7742f1a314bdc82a4f6f5caa	1920	1080	11872.0	297.0	829.0	41859.0	False	False	0.9973328666666668	0.9964500333333332
Netflix_SquareAndTimelapse_1920x	Netflix_SquareAndTimelapse_1920x	libaom	libaom_20210820_75d5d07_enc-mode0	60	20	0	16208632.0	16208.632	43.718333333333334	48.143500000000024	47.211666666666694	43.708485	48.142776	47.210223	99.88325593333333	8823314.0	147.05523333333332	8778.64	1920	1080	60.0	8	aeb6301f1d465a560f4495c1bc2530d3	4323255a33d16a7c20ce72a2e3495668	1920	1080	16290.0	254.0	3209.0	40628.0	False	False	0.9989512333333334	0.9974286666666666
Netflix_SquareAndTimelapse_1920x	Netflix_SquareAndTimelapse_1920x	libaom	libaom_20210820_75d5d07_enc-mode0	60	32	0	9160480.0	9160.48	41.19383333333333	46.163333333333334	45.052333333333316	41.18195	46.161968	45.050465	99.85967118333333	7441905.0	124.03175	7420.21	1920	1080	60.0	8	fb48126a91fa2d2b2edc334159988a13	7d771ac2073343a6bd9d100537e30c0f	1920	1080	16350.0	340.0	3321.0	42083.0	False	False	0.9978595166666666	0.9952472666666667
Netflix_SquareAndTimelapse_1920x	Netflix_SquareAndTimelapse_1920x	libaom	libaom_20210820_75d5d07_enc-mode0	60	43	0	4957264.0	4957.264	38.2555	44.035	42.77433333333332	38.240373	44.032847999999994	42.77219	96.6778538	5331735.0	88.86225	5308.98	1920	1080	60.0	8	ccf7e182f45529876fb8e38f228bfabe	88debb8455428922f431bfe2f90f2ade	1920	1080	16093.0	251.0	2069.0	39192.0	False	False	0.9949123666666666	0.9903061166666667
Netflix_SquareAndTimelapse_1920x	Netflix_SquareAndTimelapse_1920x	libaom	libaom_20210820_75d5d07_enc-mode0	60	55	0	2518880.0	2518.88	34.90350000000001	41.54333333333332	40.19600000000002	34.889642	41.541024	40.193794	85.8495947	4696517.0	78.27528333333333	4673.82	1920	1080	60.0	8	b4fd7f6721a57c019cee9a10a7aa7acb	e11bc21e5fa930230792f5598083a50f	1920	1080	16101.0	262.0	1833.0	40674.0	False	False	0.9864305833333334	0.9781730500000001
Netflix_SquareAndTimelapse_1920x	Netflix_SquareAndTimelapse_1920x	libaom	libaom_20210820_75d5d07_enc-mode0	60	63	0	973296.0	973.296	30.67166666666666	38.30583333333334	36.86849999999999	30.658304	38.30286	36.86160400000001	61.062879466666665	3200649.0	53.34415	3187.69	1920	1080	60.0	8	3a51d6bf770c83e16d2f422a965ef395	99bab59decdda21720b7ccadcfc24b89	1920	1080	16151.0	279.0	1275.0	40967.0	False	False	0.9543831	0.94081215
ducks_take_off_1080p50_60f	ducks_take_off_1080p50_60f	libaom	libaom_20210820_75d5d07_enc-mode0	60	20	0	70899693.0	70899.693	37.24116666666666	38.02999999999999	40.60583333333332	37.205178	38.01841	40.600071	97.31064113333332	26279221.0	437.98701666666665	26227.61	1920	1080	50.0	8	962935acbcfca6c03d9d3ca1820fefdd	9edecfd677a99912e41ef856597fb119	1920	1080	20904.0	230.0	6374.0	38753.0	False	False	0.9982601166666668	0.9939829166666666
ducks_take_off_1080p50_60f	ducks_take_off_1080p50_60f	libaom	libaom_20210820_75d5d07_enc-mode0	60	32	0	18808320.0	18808.32	34.29966666666666	36.15366666666667	39.144833333333324	34.285036	36.143497	39.138018	90.82530381666668	26140764.0	435.6794	26046.72	1920	1080	50.0	8	11b2e211881f6336cc9349b76245bffa	d521a6d34c7480a313d8524d31d8600b	1920	1080	28045.0	307.0	4012.0	40829.0	False	False	0.9951402833333333	0.9874046833333334
ducks_take_off_1080p50_60f	ducks_take_off_1080p50_60f	libaom	libaom_20210820_75d5d07_enc-mode0	60	43	0	7419866.0	7419.866	32.412666666666674	34.45166666666666	37.981833333333334	32.394454	34.42706	37.974089	80.75507941666665	15828265.0	263.80441666666667	15809.19	1920	1080	50.0	8	f5d934bc98d068b6ccd89552f239727d	467cfb04a848c6d7f1a5dbcf0bd50d24	1920	1080	20716.0	225.0	2302.0	38429.0	False	False	0.9882472333333333	0.9776571833333333
ducks_take_off_1080p50_60f	ducks_take_off_1080p50_60f	libaom	libaom_20210820_75d5d07_enc-mode0	60	55	0	3235953.0	3235.953	30.2595	32.91783333333334	37.14849999999999	30.231269	32.886274	37.14334900000001	64.91505773333333	10524642.0	175.4107	10499.35	1920	1080	50.0	8	e32e37060144bfef0f0c9a05bb5cc811	91cd14fdf9f55bafed24945807916230	1920	1080	21452.0	285.0	1920.0	41655.0	False	False	0.9722377833333333	0.9582155333333334
ducks_take_off_1080p50_60f	ducks_take_off_1080p50_60f	libaom	libaom_20210820_75d5d07_enc-mode0	60	63	0	1059953.0	1059.953	27.199500000000004	30.636999999999997	35.85300000000002	27.155452	30.601403	35.846524	39.31739331666667	4484582.0	74.74303333333333	4465.88	1920	1080	50.0	8	c069c3847849848b1af270d1e9e0595c	b4c780ff631fa28855b51da7e64c1b63	1920	1080	20747.0	238.0	1043.0	38511.0	False	False	0.9196973333333333	0.9020394666666666
ducks_1920x1080_50fps_10b	ducks_1920x1080_50fps_10b	libaom	libaom_20210820_75d5d07_enc-mode0	60	20	0	73209440.0	73209.44	37.43083333333333	38.182666666666684	40.77816666666666	37.38093	38.171354	40.773466	97.49831215	36604426.0	610.0737666666666	36457.72	1920	1080	50.0	10	ac326847ee352966a3321d0c84fc1f9e	7015fab1a28d7a433133adc91d792cf4	1920	1080	29021.0	642.0	9296.0	41471.0	False	False	0.9983162166666666	0.9941563000000001
ducks_1920x1080_50fps_10b	ducks_1920x1080_50fps_10b	libaom	libaom_20210820_75d5d07_enc-mode0	60	32	0	18751226.0	18751.226	34.36	36.23583333333333	39.28766666666668	34.344467	36.22566	39.280481	90.95482421666667	37707686.0	628.4614333333334	37517.79	1920	1080	50.0	10	338c8f33462fa210f571adf412ef0c85	30dc842b3093965f2f7f047be75c3195	1920	1080	30624.0	505.0	5008.0	40263.0	False	False	0.9952125166666665	0.9875368166666667
ducks_1920x1080_50fps_10b	ducks_1920x1080_50fps_10b	libaom	libaom_20210820_75d5d07_enc-mode0	60	43	0	7356166.0	7356.166	32.43883333333334	34.51483333333333	38.099833333333336	32.421226	34.49016199999999	38.09283	80.62678211666666	28393452.0	473.2242	28198.11	1920	1080	50.0	10	506ea10e6f0e877a6ab2f79da3a98f1a	c8f2b5f43f416a9e73514f063ab2607f	1920	1080	29814.0	525.0	3537.0	41262.0	False	False	0.9882198166666666	0.9776765333333334
ducks_1920x1080_50fps_10b	ducks_1920x1080_50fps_10b	libaom	libaom_20210820_75d5d07_enc-mode0	60	55	0	3232920.0	3232.92	30.29566666666666	32.98933333333333	37.24433333333334	30.26812	32.957258	37.239569	64.9571176	18057102.0	300.9517	18026.55	1920	1080	50.0	10	e6aaffa2d218d09ca185459be680f370	b07829448bb38dd0a046ba70a1208629	1920	1080	31434.0	496.0	2544.0	39694.0	False	False	0.9723414666666667	0.9584214333333333
ducks_1920x1080_50fps_10b	ducks_1920x1080_50fps_10b	libaom	libaom_20210820_75d5d07_enc-mode0	60	63	0	1074166.0	1074.166	27.26566666666667	30.723999999999997	35.978333333333325	27.222248	30.690595	35.969864	39.28865095	9962657.0	166.04428333333334	9922.58	1920	1080	50.0	10	fe81fd967ae411bcbaf3608a1573076b	06ab6b8db2f0c1816c14fe062a70e2e5	1920	1080	28951.0	498.0	1838.0	40081.0	False	False	0.9206257333333332	0.9031700166666667
Sintel_Dragons_1920x816_24_10b	Sintel_Dragons_1920x816_24_10b	libaom	libaom_20210820_75d5d07_enc-mode0	60	20	0	4170108.0	4170.108	46.16416666666666	50.81466666666669	50.928666666666686	46.10466	50.773832	50.856219	99.91968836666666	17910379.0	298.5063166666667	17800.04	1920	816	24.0	10	131eb7435f3262d6185b70f5da96c599	5f3d367e402bd055f67ff5e41acb69e8	1920	816	13824.0	384.0	2887.0	30728.0	False	False	0.9974877000000002	0.9974818166666667
Sintel_Dragons_1920x816_24_10b	Sintel_Dragons_1920x816_24_10b	libaom	libaom_20210820_75d5d07_enc-mode0	60	32	0	2128595.0	2128.595	43.092	48.369499999999995	48.37616666666668	43.032802	48.32052	48.284634	99.813867	14943262.0	249.05436666666665	14911.53	1920	816	24.0	10	b59193c2dc523a4905ef1e03c99b9a0d	d7e842b34e12186b13d3124fd4cb401b	1920	816	15128.0	382.0	2581.0	30280.0	False	False	0.9944247833333334	0.9947471333333334
Sintel_Dragons_1920x816_24_10b	Sintel_Dragons_1920x816_24_10b	libaom	libaom_20210820_75d5d07_enc-mode0	60	43	0	1114505.0	1114.505	40.09833333333335	45.86666666666669	45.865666666666655	40.046855	45.806401	45.7636	96.00150348333335	15142009.0	252.36681666666667	15022.05	1920	816	24.0	10	3e9b55f968db0ea782c8a54914ea2a54	beaed1c8c22f00c6f5253c05baae4d2a	1920	816	13751.0	487.0	2474.0	31978.0	False	False	0.9880166999999999	0.9893550333333333
Sintel_Dragons_1920x816_24_10b	Sintel_Dragons_1920x816_24_10b	libaom	libaom_20210820_75d5d07_enc-mode0	60	55	0	574883.0	574.883	36.99133333333332	43.20100000000001	43.227166666666676	36.946693	43.12805	43.097174	82.18518713333334	13744685.0	229.07808333333332	13492.39	1920	816	24.0	10	b31d3e8151993f493abd98215379250a	254267e65027619bd87a6a5865499401	1920	816	13493.0	411.0	1939.0	31607.0	False	False	0.9748340333333334	0.9786551
Sintel_Dragons_1920x816_24_10b	Sintel_Dragons_1920x816_24_10b	libaom	libaom_20210820_75d5d07_enc-mode0	60	63	0	229484.0	229.484	32.77166666666668	39.4215	39.41166666666666	32.724267	39.33314699999999	39.26718	53.90352633333334	11502834.0	191.7139	11332.54	1920	816	24.0	10	0c3c8a5e1ca46c03c10913867f33f309	967b098a5f59992788dc94f6f74494a1	1920	816	13388.0	451.0	1233.0	29323.0	False	False	0.9376956166666666	0.9484156333333333
ToddlerFountn_1920x1080_2997_10b	ToddlerFountn_1920x1080_2997_10b	libaom	libaom_20210820_75d5d07_enc-mode0	60	20	0	45945770.0	45945.77	39.92683333333335	45.73483333333333	43.06416666666666	39.893325	45.725697	43.050627	99.87549016666667	26537891.0	442.2981833333333	26143.6	1920	1080	29.97	10	d4dc0bb30987b97dd9c04c4f8b8b766c	dc9da8f78effa20ad2d534a1bee19967	1920	1080	29807.0	552.0	9320.0	41805.0	False	False	0.9968250000000001	0.9932604833333334
ToddlerFountn_1920x1080_2997_10b	ToddlerFountn_1920x1080_2997_10b	libaom	libaom_20210820_75d5d07_enc-mode0	60	32	0	20960045.0	20960.045	35.766499999999986	44.14733333333332	41.177	35.715957	44.133853	41.164506	98.58805821666667	31187171.0	519.7861833333334	31043.06	1920	1080	29.97	10	d19926c86b5596625254f8b90c0b5067	53d9c6c400c3e0b06e8c3996085cd884	1920	1080	27805.0	637.0	8448.0	41369.0	False	False	0.98999	0.9812978333333334
ToddlerFountn_1920x1080_2997_10b	ToddlerFountn_1920x1080_2997_10b	libaom	libaom_20210820_75d5d07_enc-mode0	60	43	0	8744320.0	8744.32	32.34466666666666	42.706166666666675	39.894833333333324	32.291925	42.694493	39.887004	84.25494988333334	30395885.0	506.5980833333333	30309.3	1920	1080	29.97	10	489eed369631d13de4100a249222d12c	5fae781e08fa8c8615aa04dbe282f057	1920	1080	27578.0	602.0	4349.0	39647.0	False	False	0.9712984833333335	0.9548553
ToddlerFountn_1920x1080_2997_10b	ToddlerFountn_1920x1080_2997_10b	libaom	libaom_20210820_75d5d07_enc-mode0	60	55	0	3179906.0	3179.906	29.371333333333336	41.62216666666667	39.075	29.325158	41.616596	39.072226	60.799545583333334	22144341.0	369.07235	22028.88	1920	1080	29.97	10	5da18088e9549d275d7e5e71b28a910e	27077cc1c96fa5828f208a6f67991df8	1920	1080	26663.0	498.0	3135.0	39716.0	False	False	0.9260645500000001	0.9043520666666666
ToddlerFountn_1920x1080_2997_10b	ToddlerFountn_1920x1080_2997_10b	libaom	libaom_20210820_75d5d07_enc-mode0	60	63	0	831249.0	831.249	26.360833333333332	40.36400000000001	38.162333333333336	26.316331	40.36032	38.160818	31.82054945	12123860.0	202.06433333333334	12078.67	1920	1080	29.97	10	9d36b5d7f2436aff6e72f9b80e8fd53c	1d8d42c2ae1d20a0859e9d74c48f7eb4	1920	1080	32021.0	504.0	2119.0	39103.0	False	False	0.83134635	0.8166517333333333
MINECRAFT_60f_420	MINECRAFT_60f_420	libaom	libaom_20210820_75d5d07_enc-mode0	60	20	0	60871272.0	60871.272	40.52266666666666	44.37133333333333	44.775833333333345	40.332926	44.279484	44.688746	99.92089241666666	26794105.0	446.5684166666667	26677.78	1920	1080	60.0	8	a2c17f63fb9b12e45862e33472dbd7de	cc7166280e50d0431e89b5dc88cf63ff	1920	1080	18962.0	253.0	8471.0	41429.0	False	False	0.9969701999999999	0.99466845
MINECRAFT_60f_420	MINECRAFT_60f_420	libaom	libaom_20210820_75d5d07_enc-mode0	60	32	0	29088360.0	29088.36	36.129666666666665	42.548666666666676	42.86083333333333	35.915708	42.459803	42.770304	98.95142946666665	40338979.0	672.3163166666667	39817.09	1920	1080	60.0	8	5f338f4782147ebf1dd1c148e0104319	00fd180b74cd5e2416553cca00013804	1920	1080	18624.0	258.0	6032.0	40505.0	False	False	0.9915105666666666	0.9855857333333335
MINECRAFT_60f_420	MINECRAFT_60f_420	libaom	libaom_20210820_75d5d07_enc-mode0	60	43	0	11774520.0	11774.52	32.77049999999999	40.99550000000001	41.112166666666674	32.59928	40.921472	41.030645	90.17047463333334	40027205.0	667.1200833333334	39603.64	1920	1080	60.0	8	c66bff1cfb68a733865ffa7fd1d41fbc	d6b234b88b61e3b61ef0aa359f9615a1	1920	1080	19511.0	284.0	3810.0	43104.0	False	False	0.9793110833333333	0.9674565833333334
MINECRAFT_60f_420	MINECRAFT_60f_420	libaom	libaom_20210820_75d5d07_enc-mode0	60	55	0	4577120.0	4577.12	30.267000000000007	39.28950000000002	39.41716666666666	30.156402	39.24382	39.356283	74.9503755	26104945.0	435.0824166666667	25802.5	1920	1080	60.0	8	4e1992c6569c2e21a6430407126f5482	fd7f832dbcaeae2e88e11f77c9959575	1920	1080	18818.0	275.0	2469.0	42264.0	False	False	0.9511992666666665	0.9321536500000001
MINECRAFT_60f_420	MINECRAFT_60f_420	libaom	libaom_20210820_75d5d07_enc-mode0	60	63	0	1100376.0	1100.376	27.163	36.443000000000005	36.84400000000001	27.087277000000004	36.392828	36.769452	46.677482516666664	14746166.0	245.76943333333332	14626.14	1920	1080	60.0	8	bd1bef4b8258109d902d2de530f45582	17ae4b1af51735b4458292ea92031ddb	1920	1080	18579.0	321.0	1313.0	41612.0	False	False	0.8474493666666665	0.8315444333333333
