KristenAndSara_1280x720_60_10b	KristenAndSara_1280x720_60_10b	svtav1	svtav1_20200204_9243e76_enc-mode0	60	20	0	3449312.0	3449.312	44.98150000000001	49.607333333333344	50.62733333333334	44.970836	49.60539099999999	50.626198	97.1166124316854	2182994.0	36.38323333333334	4040.64	1280	720	60.0	10	032105e6c0b15e5568624d4fdae4c76f	dcd983d55239898f6b08056f60efdf6a	1280	720	8522.0	30.0	1060.0	9922.0	True	True	0.9963643123706182	0.9957938111384145
KristenAndSara_1280x720_60_10b	KristenAndSara_1280x720_60_10b	svtav1	svtav1_20200204_9243e76_enc-mode0	60	32	0	1236152.0	1236.1519999999998	43.63883333333333	48.65166666666664	49.636833333333314	43.629989	48.649816	49.635506	96.16312988476038	1805615.0	30.093583333333335	2869.53	1280	720	60.0	10	9555ca070d6e2107888f9953838664b9	7b45bb16425d51fb3adfece380437a34	1280	720	8062.0	6.0	1016.0	10459.0	True	True	0.9950576414664586	0.994581988328089
KristenAndSara_1280x720_60_10b	KristenAndSara_1280x720_60_10b	svtav1	svtav1_20200204_9243e76_enc-mode0	60	43	0	667464.0	667.464	42.26	47.61333333333333	48.568499999999986	42.242309	47.60982	48.564901	94.68361629543422	1225026.0	20.4171	2070.61	1280	720	60.0	10	fac502550ea4f9d8afdb9a8cdd132adb	9b29d8e21343a9f5de598944b235c3ca	1280	720	7841.0	3.0	822.0	10144.0	True	True	0.9927896142005921	0.9926796138617735
KristenAndSara_1280x720_60_10b	KristenAndSara_1280x720_60_10b	svtav1	svtav1_20200204_9243e76_enc-mode0	60	55	0	292064.0	292.064	39.348499999999994	44.819999999999986	45.89299999999999	39.329834	44.814813	45.888062	89.05739067465336	1289828.0	21.497133333333334	2090.62	1280	720	60.0	10	3e17dc91ce44e8e1ed65ac6eb9839ab0	40bde60cc96fce0d148f48a881e966d7	1280	720	10615.0	8.0	867.0	10778.0	True	True	0.9851065188646316	0.9864548557676756
KristenAndSara_1280x720_60_10b	KristenAndSara_1280x720_60_10b	svtav1	svtav1_20200204_9243e76_enc-mode0	60	59	0	197280.0	197.28	37.48683333333334	43.20866666666666	44.40433333333331	37.469657	43.201968	44.400966	83.42734789589694	926033.0	15.433883333333334	1569.55	1280	720	60.0	10	2d6a2abb5d993c3d7376715cb39a7235	4eb2cd04372f3f113d29895143d7498f	1280	720	7902.0	17.0	688.0	10105.0	True	True	0.9770755052566529	0.9801155433128151
KristenAndSara_1280x720_60f	KristenAndSara_1280x720_60f	svtav1	svtav1_20200204_9243e76_enc-mode0	60	20	0	3378696.0	3378.6960000000004	44.67433333333335	49.01333333333333	49.93516666666667	44.663533	49.011648	49.933509	96.94971123853277	2170271.0	36.17118333333333	3460.57	1280	720	60.0	8	91c796dcf34c004806f4d25af556043a	1b57c6c4adcd26425e3ffed9ac2f25ec	1280	720	5450.0	4.0	799.0	9984.0	True	True	0.9960211823383968	0.9954803579389149
KristenAndSara_1280x720_60f	KristenAndSara_1280x720_60f	svtav1	svtav1_20200204_9243e76_enc-mode0	60	32	0	1355800.0	1355.8	43.541000000000004	48.32583333333334	49.234666666666655	43.531446	48.323367	49.233267	96.11895607510611	1496142.0	24.9357	2449.88	1280	720	60.0	8	1b5c713ad1843d0c2fa1c3231064cd24	b149188e8438c928a9c69673a42323e6	1280	720	5635.0	4.0	564.0	9936.0	True	True	0.9948059886693954	0.9943707063422458
KristenAndSara_1280x720_60f	KristenAndSara_1280x720_60f	svtav1	svtav1_20200204_9243e76_enc-mode0	60	43	0	686048.0	686.048	42.118666666666655	47.22450000000002	48.12749999999997	42.100933000000005	47.221104	48.124069	94.48470412521732	1158719.0	19.311983333333334	1804.51	1280	720	60.0	8	d6981b09f854cd536ff5714e77bd43f4	5ff049a7f69f8043f6c21ae21d6d0e95	1280	720	5322.0	4.0	503.0	9820.0	True	True	0.9924678027629852	0.9923904943703007
KristenAndSara_1280x720_60f	KristenAndSara_1280x720_60f	svtav1	svtav1_20200204_9243e76_enc-mode0	60	55	0	302224.0	302.224	39.35100000000001	44.74250000000003	45.8285	39.324619	44.734383	45.821874	89.26310573549576	1048102.0	17.468366666666668	1673.27	1280	720	60.0	8	f822af8ceca5945b78ccd89c43e62084	8974ae87d83011c4f992ef7f859aae3a	1280	720	5338.0	4.0	506.0	10495.0	True	True	0.9848958204189936	0.9862766430406119
KristenAndSara_1280x720_60f	KristenAndSara_1280x720_60f	svtav1	svtav1_20200204_9243e76_enc-mode0	60	59	0	196752.0	196.752	37.40966666666665	43.04183333333333	44.17983333333333	37.388988	43.035871	44.177085	83.30263619207768	1621325.0	27.022083333333335	2486.91	1280	720	60.0	8	53fbf2a098c3d3feff4432ad7b6c9e17	2827ac33a4e506b347988a5e308d2ff8	1280	720	6518.0	19.0	731.0	20267.0	True	True	0.9770328452189764	0.9800052970106023
DinnerScene_1920x1080_2997_10b	DinnerScene_1920x1080_2997_10b	svtav1	svtav1_20200204_9243e76_enc-mode0	60	20	0	1565342.0	1565.342	41.81316666666666	42.705500000000015	47.5415	41.811855	42.702443	47.54093	91.50523888513843	5272667.0	87.87778333333333	8280.63	1920	1080	29.97	10	5028133cee38b64d95d4a505c87a1522	8d986e120700ceaf168b1649f3c3db9f	1920	1080	20097.0	7.0	2800.0	26568.0	True	True	0.994211083650589	0.9883016139019011
DinnerScene_1920x1080_2997_10b	DinnerScene_1920x1080_2997_10b	svtav1	svtav1_20200204_9243e76_enc-mode0	60	32	0	291894.0	291.894	41.623500000000014	42.29283333333331	47.38150000000001	41.623387	42.291601	47.381076	89.78107131429061	2919239.0	48.653983333333336	4774.79	1920	1080	29.97	10	d5a0ceca5b4e1f0f111867f1b4e4a482	9494e6d2a34afb28ba750062785f15ce	1920	1080	21701.0	5.0	2159.0	24338.0	True	True	0.9933875401814779	0.9874896693429117
DinnerScene_1920x1080_2997_10b	DinnerScene_1920x1080_2997_10b	svtav1	svtav1_20200204_9243e76_enc-mode0	60	43	0	148303.0	148.303	41.36883333333333	42.211500000000015	47.17983333333336	41.368918	42.210977	47.17961	86.80525199590834	2169159.0	36.15265	3563.45	1920	1080	29.97	10	7dfae9dbf3e02ee403d4c4735f110845	06b118dce1957ab9b733d4a76d811360	1920	1080	19668.0	4.0	1477.0	23500.0	True	True	0.9924680431683858	0.9865852920214633
DinnerScene_1920x1080_2997_10b	DinnerScene_1920x1080_2997_10b	svtav1	svtav1_20200204_9243e76_enc-mode0	60	55	0	69186.0	69.186	40.582999999999984	41.88566666666668	46.52899999999997	40.580455	41.885724	46.527826	78.03445620921131	2246772.0	37.4462	3380.34	1920	1080	29.97	10	5fcf354a8107a6844472c5355b89988c	3746fadf322d9b1bc031fbfaa192017a	1920	1080	21810.0	4.0	2108.0	23964.0	True	True	0.9887829124927521	0.9832063371566863
DinnerScene_1920x1080_2997_10b	DinnerScene_1920x1080_2997_10b	svtav1	svtav1_20200204_9243e76_enc-mode0	60	59	0	51373.0	51.373	40.00666666666666	41.66349999999999	46.04016666666667	39.997204	41.66316199999999	46.037777	71.54590621519128	2156075.0	35.934583333333336	3110.55	1920	1080	29.97	10	7d09dc043945477e0560a4cbb62d07e6	90e43c74e44ef5dced0910ed642d2e4d	1920	1080	21970.0	3.0	1592.0	24083.0	True	True	0.9856737593809763	0.9804815961042207
RollerCoastPas_1920x1080_2997_10	RollerCoastPas_1920x1080_2997_10	svtav1	svtav1_20200204_9243e76_enc-mode0	60	20	0	3266193.0	3266.193	45.11916666666663	45.33249999999999	43.928833333333316	45.117342	45.33107	43.925279	97.13885871324018	4670631.0	77.84385	7434.46	1920	1080	29.97	10	3c9a31d57599bfdfd123c86ad6ecfe4b	49ccdfae1ba836c75fd1775ceaa716ef	1920	1080	20168.0	8.0	2261.0	23782.0	True	True	0.9986488342285156	0.9969230049835907
RollerCoastPas_1920x1080_2997_10	RollerCoastPas_1920x1080_2997_10	svtav1	svtav1_20200204_9243e76_enc-mode0	60	32	0	1373023.0	1373.023	43.94566666666665	44.58733333333332	43.085499999999996	43.943934	44.586833	43.084555	96.34787799096712	2845052.0	47.41753333333333	4751.55	1920	1080	29.97	10	78fff49d52394a5645203a4a6cd377ef	95ad6fa8cab1c512247ba5f52807ac72	1920	1080	20209.0	4.0	1856.0	23750.0	True	True	0.9981032530466716	0.996002903732466
RollerCoastPas_1920x1080_2997_10	RollerCoastPas_1920x1080_2997_10	svtav1	svtav1_20200204_9243e76_enc-mode0	60	43	0	796993.0	796.993	42.44450000000001	43.708000000000006	42.35016666666666	42.437493	43.707853	42.349429	94.91174736719759	2894649.0	48.24415	4141.21	1920	1080	29.97	10	4fb3388d5143b535527ba54977bd7d30	29ce6436129ff7fdca48b9b34e88f9a9	1920	1080	21987.0	4.0	1888.0	25040.0	True	True	0.9970263948043188	0.994374552318795
RollerCoastPas_1920x1080_2997_10	RollerCoastPas_1920x1080_2997_10	svtav1	svtav1_20200204_9243e76_enc-mode0	60	55	0	321251.0	321.251	38.782166666666676	41.115	39.9825	38.770272	41.113749	39.980613	89.07435119939866	1986390.0	33.1065	3166.08	1920	1080	29.97	10	1821ae966920d5fbcbba6b0d199bee93	ae24a5b27c204f19bebcef87936c9f97	1920	1080	20021.0	11.0	1672.0	24020.0	True	True	0.9917741378148397	0.9873202105179489
RollerCoastPas_1920x1080_2997_10	RollerCoastPas_1920x1080_2997_10	svtav1	svtav1_20200204_9243e76_enc-mode0	60	59	0	202245.0	202.245	36.42916666666667	39.441166666666646	38.4085	36.415611	39.439366	38.40703	81.71362385952709	2191867.0	36.53111666666667	3056.72	1920	1080	29.97	10	4b1241771ba85e68c818e4fb77958544	9bf6c60906a9bdfcd10905b2becd7ebd	1920	1080	20951.0	5.0	1669.0	24175.0	True	True	0.9843509842952093	0.9784376573178328
BarScene1_1920x1080_2997_10b	BarScene1_1920x1080_2997_10b	svtav1	svtav1_20200204_9243e76_enc-mode0	60	20	0	1673697.0	1673.697	42.454666666666675	44.765000000000015	43.776	42.455028	44.764832	43.775019	93.08988985785176	4894371.0	81.57285	7778.5	1920	1080	29.97	10	6c204227e8025fff9ee140d6941c5bc8	95dfc407949267e504eebcf50a8fa3ea	1920	1080	26225.0	5.0	2638.0	25712.0	True	True	0.9958124369382858	0.9909522458811202
BarScene1_1920x1080_2997_10b	BarScene1_1920x1080_2997_10b	svtav1	svtav1_20200204_9243e76_enc-mode0	60	32	0	472188.0	472.188	42.14400000000003	44.556999999999995	43.45016666666668	42.143611	44.557377	43.44990500000001	92.0131763645803	2452541.0	40.875683333333335	4051.35	1920	1080	29.97	10	ddbe6fb1687635b398907838fb1f1e1b	858059b54a7c96b7085f243d88caef64	1920	1080	22096.0	12.0	1617.0	24711.0	True	True	0.9950586209694544	0.9900113064188443
BarScene1_1920x1080_2997_10b	BarScene1_1920x1080_2997_10b	svtav1	svtav1_20200204_9243e76_enc-mode0	60	43	0	233148.0	233.148	41.65166666666668	44.37816666666667	43.283333333333324	41.651574	44.378931	43.282987	89.97562131658373	2256583.0	37.609716666666664	3397.51	1920	1080	29.97	10	6e4d33cf7a1265c2e7b099574f510b95	175269e0c594b962859a5a5ca832110e	1920	1080	19921.0	4.0	1168.0	23677.0	True	True	0.9937966098388036	0.9883817501888055
BarScene1_1920x1080_2997_10b	BarScene1_1920x1080_2997_10b	svtav1	svtav1_20200204_9243e76_enc-mode0	60	55	0	97460.0	97.46	40.550333333333334	43.868833333333306	42.85533333333331	40.55027	43.867809	42.854848999999994	84.15470581545566	1958893.0	32.64821666666667	2981.45	1920	1080	29.97	10	1008f4f965a3645e892a80c18bc86609	4bd413953db576d12d00e37b373bd424	1920	1080	20824.0	19.0	1261.0	25442.0	True	True	0.9893665115038554	0.9837010235582844
BarScene1_1920x1080_2997_10b	BarScene1_1920x1080_2997_10b	svtav1	svtav1_20200204_9243e76_enc-mode0	60	59	0	58921.0	58.921	39.4628333333333	43.094499999999975	42.2975	39.460846999999994	43.094569	42.297284	76.62733361480987	1897939.0	31.632316666666668	2996.67	1920	1080	29.97	10	808290eaae3710ced19c7f71fd1c67a4	20098a6e9735b4daf4ff9300d6fccb17	1920	1080	21019.0	5.0	1523.0	24863.0	True	True	0.9832127978404362	0.9781699492318142
Netflix_PierSeaside_1920x1080_60	Netflix_PierSeaside_1920x1080_60	svtav1	svtav1_20200204_9243e76_enc-mode0	60	20	0	8034672.0	8034.672	45.477500000000006	47.43933333333333	45.525500000000015	45.4523	47.42769	45.5106	99.88628365335413	4615437.0	76.92395	7468.47	1920	1080	60.0	8	a223ebd47161a413b7cd10538ff52630	15594918e1bb9d1e9c77a305be9530ec	1920	1080	10056.0	4.0	1895.0	23755.0	True	True	0.9980580906073252	0.9968749494572979
Netflix_PierSeaside_1920x1080_60	Netflix_PierSeaside_1920x1080_60	svtav1	svtav1_20200204_9243e76_enc-mode0	60	32	0	3430496.0	3430.496	43.77716666666666	46.66783333333334	44.91333333333334	43.727259	46.653177	44.897689	99.38922363796665	4518619.0	75.31031666666667	6673.79	1920	1080	60.0	8	07e7f8d167ea912b0fea332997e4f7ef	915a83502be61c93423e36e2511301f0	1920	1080	12339.0	5.0	1605.0	24291.0	True	True	0.9971115986506144	0.9954032593451655
Netflix_PierSeaside_1920x1080_60	Netflix_PierSeaside_1920x1080_60	svtav1	svtav1_20200204_9243e76_enc-mode0	60	43	0	1510160.0	1510.16	41.714000000000006	45.45333333333335	44.076499999999996	41.648223	45.440131	44.063957	97.365626572629	2638181.0	43.969683333333336	4086.03	1920	1080	60.0	8	c3caa8296d134117e1b0c30f61ff0f63	feaa96f2f81650bf8daeaa380eb67924	1920	1080	10713.0	3.0	1923.0	25213.0	True	True	0.9950437933206558	0.992415592808616
Netflix_PierSeaside_1920x1080_60	Netflix_PierSeaside_1920x1080_60	svtav1	svtav1_20200204_9243e76_enc-mode0	60	55	0	590624.0	590.624	38.82166666666668	43.059999999999995	42.283333333333324	38.767006	43.049701	42.274892	91.31326016183853	1965415.0	32.75691666666667	2752.88	1920	1080	60.0	8	cde81f9ce0ba80deaee0ca900a576509	271026c8fb15c6f03f47b3b22a9db03c	1920	1080	11467.0	16.0	1211.0	23507.0	True	True	0.9897426337003707	0.9857920823952022
Netflix_PierSeaside_1920x1080_60	Netflix_PierSeaside_1920x1080_60	svtav1	svtav1_20200204_9243e76_enc-mode0	60	59	0	340816.0	340.816	36.7965	41.32466666666669	40.85083333333334	36.764002	41.31936600000001	40.846707	84.37701776487047	1731633.0	28.86055	2627.8	1920	1080	60.0	8	17d907bc345eac7e3196c6e1931ca05a	fdd09bf715523096c69022aaa136b140	1920	1080	9999.0	6.0	1247.0	24314.0	True	True	0.9844579537709554	0.9795541451597993
blue_sky_360p_60f	blue_sky_360p_60f	svtav1	svtav1_20200204_9243e76_enc-mode0	60	20	0	1336396.0	1336.396	44.346333333333334	45.74016666666666	47.46099999999999	44.285027	45.676392	47.40897	99.93847099142461	1278650.0	21.310833333333335	2183.82	640	360	25.0	8	14dd252ff35e047a73378525f5a90b2b	aa5ecd7f6d49c6d82a39cea6933187d2	640	360	2535.0	5.0	733.0	5541.0	True	True	0.9929799844821294	0.9986218766968071
blue_sky_360p_60f	blue_sky_360p_60f	svtav1	svtav1_20200204_9243e76_enc-mode0	60	32	0	674430.0	674.43	41.47066666666668	43.496666666666655	45.15616666666668	41.397701	43.439187	45.113754	99.91863340574625	700576.0	11.676266666666667	1226.44	640	360	25.0	8	cc3ca6e58778c49472d278a831f966a1	4b7ee9e229335226d15b1c47ed155f3b	640	360	2192.0	6.0	384.0	3663.0	True	True	0.9898324211438497	0.9979155837477186
blue_sky_360p_60f	blue_sky_360p_60f	svtav1	svtav1_20200204_9243e76_enc-mode0	60	43	0	360920.0	360.92	38.78416666666666	41.12666666666665	42.81166666666666	38.667617	41.058348	42.7728	99.63111862654213	427526.0	7.1254333333333335	754.6	640	360	25.0	8	f0de25ece6385331912f76f4043cf9b1	1f5e2281dc7250bfc01833477c6e75cd	640	360	1791.0	5.0	290.0	3148.0	True	True	0.9846203982830047	0.9965761214196356
blue_sky_360p_60f	blue_sky_360p_60f	svtav1	svtav1_20200204_9243e76_enc-mode0	60	55	0	160730.0	160.73	34.9675	37.239999999999995	39.45199999999999	34.879484	37.196927	39.432009	93.22893690471236	387881.0	6.464683333333333	638.39	640	360	25.0	8	6b6af7d6dbfa219f9009881e7f2f402c	8128c61c909b0605c193fcdf7ca88fd7	640	360	1894.0	5.0	317.0	2991.0	True	True	0.9684753596782685	0.9923859612983641
blue_sky_360p_60f	blue_sky_360p_60f	svtav1	svtav1_20200204_9243e76_enc-mode0	60	59	0	100610.0	100.61	32.556999999999995	35.491499999999995	38.171	32.523526	35.476843	38.157955	86.33160001286628	336153.0	5.60255	569.95	640	360	25.0	8	4708f22037e353908e06b2db7df25247	078c5af1243fcf15ba637f51cc9deb90	640	360	1909.0	58.0	255.0	3001.0	True	True	0.9501925031344096	0.9870209876976186
kirland360p_60f	kirland360p_60f	svtav1	svtav1_20200204_9243e76_enc-mode0	60	20	0	275948.0	275.948	47.31483333333333	48.390499999999996	49.570666666666654	47.240446	48.373586	49.553775	95.96721599529309	544853.0	9.080883333333333	889.15	640	360	30.0	8	ef32b5e6c97945831b6bd89636f00a63	32cbe1e357be97567ae599aeb94ffd3b	640	360	1551.0	6.0	271.0	4012.0	True	True	0.9908318897088368	0.997359851951661
kirland360p_60f	kirland360p_60f	svtav1	svtav1_20200204_9243e76_enc-mode0	60	32	0	128908.0	128.908	45.92116666666666	47.868500000000026	48.75033333333332	45.78780100000001	47.846981	48.725129	94.6960478457713	484272.0	8.0712	668.74	640	360	30.0	8	300ea5fe54c3d23dd7fe7ba3c5017ffd	547b804d5826d4fb4c94c80a6b28749a	640	360	3016.0	17.0	177.0	4370.0	True	True	0.9894608537356059	0.9968424534522343
kirland360p_60f	kirland360p_60f	svtav1	svtav1_20200204_9243e76_enc-mode0	60	43	0	72800.0	72.8	44.13066666666668	47.254999999999995	47.606333333333346	43.878532	47.216973	47.499089	92.09413740520466	362659.0	6.044316666666667	620.03	640	360	30.0	8	f12599fd54112121b1674ac5086eb0e5	47f6a92ab3a31d92630e0546bd179dfd	640	360	2070.0	16.0	323.0	3082.0	True	True	0.9871102591355642	0.9959478404753253
kirland360p_60f	kirland360p_60f	svtav1	svtav1_20200204_9243e76_enc-mode0	60	55	0	38448.0	38.448	41.15549999999999	46.02649999999999	46.14933333333333	40.813925	45.939613	45.846096	84.80492300459494	253895.0	4.231583333333333	402.81	640	360	30.0	8	e4aaaaed21dd8733ce29275c0fede59d	26871601ed305ed417df590cf0ce2d80	640	360	1600.0	4.0	128.0	2985.0	True	True	0.9810087462266286	0.9936342079235437
kirland360p_60f	kirland360p_60f	svtav1	svtav1_20200204_9243e76_enc-mode0	60	59	0	28780.0	28.780000000000005	39.36116666666667	45.351166666666686	45.185333333333325	38.981908	45.215979	44.82733	79.1638479107881	238219.0	3.9703166666666667	370.32	640	360	30.0	8	2d2c69a66ca92554de58dfd4ec49e063	c4ea04f1e4c61566cd6e761f628df2d5	640	360	1283.0	4.0	112.0	2858.0	True	True	0.9748895267645518	0.9910039019924949
niklas360p_60f	niklas360p_60f	svtav1	svtav1_20200204_9243e76_enc-mode0	60	20	0	1444908.0	1444.908	44.40399999999999	47.88433333333333	47.57633333333334	44.311698	47.812374	47.494953	98.35304067461253	949616.0	15.826933333333333	1534.53	640	360	30.0	8	97731d8b8dbc5502bc7fb90c01a2c66c	472a9b9edcb33be03fb5c174ace45c4c	640	360	1857.0	3.0	452.0	3004.0	True	True	0.9866032212972641	0.9968783909676361
niklas360p_60f	niklas360p_60f	svtav1	svtav1_20200204_9243e76_enc-mode0	60	32	0	786260.0	786.26	41.94949999999999	46.42766666666666	45.931666666666665	41.848651	46.351049	45.84022	96.68800387341544	732449.0	12.207483333333334	1264.89	640	360	30.0	8	09bed4b56cc8866290967abd3ddf5164	73b206d164fc5eecbdd3377ba522771c	640	360	1776.0	5.0	337.0	2987.0	True	True	0.9813143928845723	0.9952133391862199
niklas360p_60f	niklas360p_60f	svtav1	svtav1_20200204_9243e76_enc-mode0	60	43	0	417388.0	417.388	39.001999999999995	44.58749999999999	43.785333333333334	38.907662	44.547051	43.741457	93.26260646805031	881649.0	14.69415	1563.17	640	360	30.0	8	a13284122ba927feb772f1eba682e05b	bb7f859dcee042f4444fb0d251f540f2	640	360	2353.0	5.0	311.0	3637.0	True	True	0.971275653441747	0.9918380068229753
niklas360p_60f	niklas360p_60f	svtav1	svtav1_20200204_9243e76_enc-mode0	60	55	0	203372.0	203.372	35.38216666666666	42.27533333333333	41.04433333333335	35.313489	42.245608	41.007493	85.18947558443338	529333.0	8.822216666666666	889.22	640	360	30.0	8	0c6a38222220380ffc2baccf865b1b87	de4818c511975570719fd5189eaefa91	640	360	2570.0	35.0	270.0	3092.0	True	True	0.9486821005741756	0.9830045281826058
niklas360p_60f	niklas360p_60f	svtav1	svtav1_20200204_9243e76_enc-mode0	60	59	0	140580.0	140.58	33.437	40.79566666666667	39.513000000000005	33.390498	40.771072	39.49011600000001	79.05533645568802	321302.0	5.355033333333333	551.35	640	360	30.0	8	8e033802abac4363da3869551c5e89bc	1866604b97862d29faee249dea39630a	640	360	1648.0	4.0	191.0	2956.0	True	True	0.9283691992362341	0.974295088050224
speed_bag_640x360_60f	speed_bag_640x360_60f	svtav1	svtav1_20200204_9243e76_enc-mode0	60	20	0	462851.0	462.851	46.93533333333333	49.66499999999999	51.10749999999999	46.85931	49.616367	51.052907	98.31535455833742	667904.0	11.131733333333333	1146.96	640	360	29.97	8	6d255a304e95a792cbc34c1b3e736c36	b0c0682986838e16728357c1c51433d7	640	360	1744.0	16.0	310.0	3720.0	True	True	0.9887352536122004	0.9975102082761733
speed_bag_640x360_60f	speed_bag_640x360_60f	svtav1	svtav1_20200204_9243e76_enc-mode0	60	32	0	245393.0	245.393	45.11549999999999	48.41600000000002	50.00950000000001	44.974392	48.322617	49.899544	97.35283440774134	705564.0	11.7594	1219.75	640	360	29.97	8	0973363c4a1c602e54aae5ff2fb5b169	7020e793ec06b2d9e6c06beee96247a0	640	360	2320.0	7.0	379.0	4530.0	True	True	0.9857072780529658	0.9962269903858311
speed_bag_640x360_60f	speed_bag_640x360_60f	svtav1	svtav1_20200204_9243e76_enc-mode0	60	43	0	136823.0	136.823	42.96716666666669	46.658166666666666	48.57516666666667	42.767264	46.557019	48.412583	94.79280193274197	408440.0	6.807333333333333	631.86	640	360	29.97	8	d0263467fdaf6f61fe6164046b6dcb65	7f801870fd951e3bb60f68f99aafe6a2	640	360	2527.0	23.0	305.0	3731.0	True	True	0.9814944823582967	0.993938044537336
speed_bag_640x360_60f	speed_bag_640x360_60f	svtav1	svtav1_20200204_9243e76_enc-mode0	60	55	0	68843.0	68.843	39.70349999999999	43.84566666666669	46.39266666666667	39.438278	43.73660400000001	46.168775	85.18711832563591	274546.0	4.5757666666666665	466.17	640	360	29.97	8	87c89a34bd7a3f7a38756c1443e600f2	785e7444bfd2929e4b63cbe35c6b9c96	640	360	1409.0	5.0	173.0	2997.0	True	True	0.9720506320397059	0.98791156646396
speed_bag_640x360_60f	speed_bag_640x360_60f	svtav1	svtav1_20200204_9243e76_enc-mode0	60	59	0	50552.0	50.552	37.734666666666655	42.21583333333332	44.83866666666667	37.536425	42.145744	44.660501	77.30196218360665	315024.0	5.2504	524.43	640	360	29.97	8	b61fb0944662018c5e1fd52675ab4358	c131c9ccbb206a4f819f36763598def6	640	360	1606.0	6.0	175.0	3065.0	True	True	0.964165206750234	0.9821012539785073
Starting_1920x1080p_50_10b_pq_70	Starting_1920x1080p_50_10b_pq_70	svtav1	svtav1_20200204_9243e76_enc-mode0	60	20	0	4949433.0	4949.433	47.00733333333334	49.89466666666666	51.6688333333333	46.955113	49.83035400000001	51.573359	96.81577824404326	3673664.0	61.22773333333333	5520.05	1920	1080	50.0	10	4d5eb6b1283b2ee469d9547f8b54ed9f	238084d89ce44b4928a558448ceba905	1920	1080	18683.0	4.0	1996.0	28271.0	True	True	0.9992366035779318	0.9981877547063408
Starting_1920x1080p_50_10b_pq_70	Starting_1920x1080p_50_10b_pq_70	svtav1	svtav1_20200204_9243e76_enc-mode0	60	32	0	2466946.0	2466.9460000000004	45.51583333333334	48.78766666666666	50.18283333333334	45.443915	48.738805	50.120119	95.76641890869797	4147893.0	69.13155	6949.07	1920	1080	50.0	10	ca39ec201c96bb9cc330fa8e038ce1a9	3def5b5c029986c1e3cec8202bc5c48f	1920	1080	18444.0	10.0	2298.0	24780.0	True	True	0.9988031576077143	0.99750385536817
Starting_1920x1080p_50_10b_pq_70	Starting_1920x1080p_50_10b_pq_70	svtav1	svtav1_20200204_9243e76_enc-mode0	60	43	0	1398326.0	1398.326	43.71749999999997	47.51483333333336	48.462500000000006	43.639591	47.503408	48.447887	93.84737883686792	2401111.0	40.01851666666666	3602.23	1920	1080	50.0	10	cbd02e97ed567b0f62c18277efccd5f3	39931f4b7de7345556588675552af531	1920	1080	18131.0	4.0	1849.0	23960.0	True	True	0.997903702656428	0.9962812489516969
Starting_1920x1080p_50_10b_pq_70	Starting_1920x1080p_50_10b_pq_70	svtav1	svtav1_20200204_9243e76_enc-mode0	60	55	0	558426.0	558.426	39.636	44.79883333333331	45.080666666666666	39.598508	44.79744	45.080391	86.47291697700936	2156711.0	35.94518333333333	3320.52	1920	1080	50.0	10	9a4913ea88eebeff196a75d16d35fc4d	ae35cf117fd483750b153e9100e8d9ad	1920	1080	17409.0	5.0	1573.0	24818.0	True	True	0.9937884519497554	0.9907332586840332
Starting_1920x1080p_50_10b_pq_70	Starting_1920x1080p_50_10b_pq_70	svtav1	svtav1_20200204_9243e76_enc-mode0	60	59	0	327020.0	327.0199999999999	36.96866666666667	43.153166666666685	43.31683333333334	36.949883	43.152807	43.316716	78.48502852382964	2224926.0	37.0821	3343.15	1920	1080	50.0	10	a9735047cad8cbe9dddff82e05fc38b1	19bb83bff9e63c91262b21722a836630	1920	1080	19668.0	4.0	2001.0	25975.0	True	True	0.9878298193216324	0.982867467796563
DOTA2_60f_420	DOTA2_60f_420	svtav1	svtav1_20200204_9243e76_enc-mode0	60	20	0	16291160.0	16291.16	45.610666666666674	49.35233333333334	49.46000000000001	45.579699	49.313757	49.431034	97.59778918000141	6920075.0	115.33458333333333	11470.25	1920	1080	60.0	8	be2b7931a1ac62e406cc618ea019163e	989e6c5bc3e641e296a4bbb155e9b1a1	1920	1080	12456.0	19.0	2302.0	23505.0	True	True	0.9986813326676687	0.997454130236005
DOTA2_60f_420	DOTA2_60f_420	svtav1	svtav1_20200204_9243e76_enc-mode0	60	32	0	7846696.0	7846.696	43.06466666666667	47.074666666666666	47.33683333333333	43.016599	47.02066	47.302744	95.74364720462441	5120039.0	85.33398333333334	8422.39	1920	1080	60.0	8	7027b4231623b667fbca17fb8aeef05c	7535bd469ac847e66ea8e24608d83bde	1920	1080	13717.0	4.0	1915.0	25152.0	True	True	0.9974183320999146	0.9952392618625637
DOTA2_60f_420	DOTA2_60f_420	svtav1	svtav1_20200204_9243e76_enc-mode0	60	43	0	3744536.0	3744.536	40.349000000000004	44.57033333333332	44.9225	40.288191	44.508046	44.882209	92.08507355084502	3095492.0	51.59153333333333	4956.82	1920	1080	60.0	8	98a5823df8fb1bcc12132ff573aebd6a	22c0beaf9d1d4b56f05b54e2e60efb75	1920	1080	11345.0	4.0	1611.0	23901.0	True	True	0.9942208995421727	0.9902993852238594
DOTA2_60f_420	DOTA2_60f_420	svtav1	svtav1_20200204_9243e76_enc-mode0	60	55	0	1439888.0	1439.888	36.71166666666667	41.14816666666665	41.54933333333333	36.66621	41.105319	41.523319	82.05842062557339	2630923.0	43.84871666666667	4027.26	1920	1080	60.0	8	a68abf6fa5b1607221bc4438997ce1d9	a41e1ef9b4ff7e6fbd5c33ad7e6179f0	1920	1080	13972.0	4.0	1531.0	26018.0	True	True	0.9812602728605271	0.9745534002464831
DOTA2_60f_420	DOTA2_60f_420	svtav1	svtav1_20200204_9243e76_enc-mode0	60	59	0	882704.0	882.704	34.73316666666666	39.34166666666667	39.61350000000002	34.711377	39.321038	39.594571	72.68210948793612	2235623.0	37.26038333333333	3388.85	1920	1080	60.0	8	3309454e22d38af9da03547ce97986f9	12a8ce16e60cf9ed30aa1e40393323b2	1920	1080	12776.0	4.0	1287.0	24404.0	True	True	0.9653865545988083	0.9584909474076987
Netflix_DrivingPOV_1280x720_60fp	Netflix_DrivingPOV_1280x720_60fp	svtav1	svtav1_20200204_9243e76_enc-mode0	60	20	0	11556104.0	11556.104	42.877666666666656	46.55116666666668	45.218666666666664	42.853059	46.544404	45.213708	99.69940432186691	4691184.0	78.1864	7622.49	1280	720	60.0	8	9458eec5811525080c02b24cbd14c498	69cd9569f1761d3f636839b5dc0501b7	1280	720	7076.0	4.0	1692.0	10425.0	True	True	0.9980477869510651	0.9974892132486615
Netflix_DrivingPOV_1280x720_60fp	Netflix_DrivingPOV_1280x720_60fp	svtav1	svtav1_20200204_9243e76_enc-mode0	60	32	0	5308856.0	5308.856	40.324166666666656	45.149999999999984	44.15966666666667	40.292831	45.138644	44.154176	98.60756005907065	3375489.0	56.25815	5417.68	1280	720	60.0	8	0c41c78ba4a84e4111e5c24e13aed522	a6de50f3c2ef1c699516208364155c2f	1280	720	6815.0	4.0	1239.0	11068.0	True	True	0.9963351408640544	0.9953211523623959
Netflix_DrivingPOV_1280x720_60fp	Netflix_DrivingPOV_1280x720_60fp	svtav1	svtav1_20200204_9243e76_enc-mode0	60	43	0	2724392.0	2724.392	37.963166666666666	43.65116666666667	43.17916666666666	37.916343	43.634497	43.172979000000005	96.23034635930802	2382541.0	39.70901666666666	3813.99	1280	720	60.0	8	c995655fb5e3fb08568d9f085a7520d4	e4307d643f85c226e8d78d7630beb3ba	1280	720	6901.0	5.0	1362.0	12527.0	True	True	0.9920848061641058	0.9911205290766801
Netflix_DrivingPOV_1280x720_60fp	Netflix_DrivingPOV_1280x720_60fp	svtav1	svtav1_20200204_9243e76_enc-mode0	60	55	0	1127696.0	1127.696	34.651999999999994	41.163000000000004	41.470166666666664	34.615891	41.149849	41.464431	89.67586527024963	2609475.0	43.49125	4113.62	1280	720	60.0	8	159ac1336a65f842db93a5c19eb71c04	7329730543832eb85c8dcad0ac06ad07	1280	720	7127.0	4.0	873.0	13963.0	True	True	0.9847172945737839	0.9836109986557773
Netflix_DrivingPOV_1280x720_60fp	Netflix_DrivingPOV_1280x720_60fp	svtav1	svtav1_20200204_9243e76_enc-mode0	60	59	0	705336.0	705.336	32.68566666666667	39.580166666666656	40.26366666666668	32.670119	39.573881	40.260728	83.17475410448586	1663502.0	27.725033333333332	2737.53	1280	720	60.0	8	ee729ecce7335e8667ffe1f1de9dcac5	0065a550a8d03897ac35664d2993001a	1280	720	7200.0	4.0	2089.0	12937.0	True	True	0.9771368235349656	0.9756718309590825
shields_640x360_60f	shields_640x360_60f	svtav1	svtav1_20200204_9243e76_enc-mode0	60	20	0	2349293.0	2349.293	42.44266666666665	45.61816666666667	47.3016666666667	42.310859	45.596743	47.234368	99.44134088487107	1027815.0	17.13025	1794.0	640	360	50.0	8	0537850dcaf3f08648414bef07709777	0a2d1925e289bdeb08fcec1dbec674d4	640	360	2712.0	9.0	356.0	3029.0	True	True	0.9858085066080093	0.9983016338710251
shields_640x360_60f	shields_640x360_60f	svtav1	svtav1_20200204_9243e76_enc-mode0	60	32	0	1256753.0	1256.753	40.694	44.07450000000001	45.62383333333335	40.497212	44.037856	45.518422	99.43734546610257	839201.0	13.986683333333334	1399.2	640	360	50.0	8	1ce4484983f0e510dc97efc0c84a3113	46eb16aabdc71d7ce9cf841365c7c236	640	360	2568.0	7.0	308.0	3461.0	True	True	0.9812238941589991	0.997657444227807
shields_640x360_60f	shields_640x360_60f	svtav1	svtav1_20200204_9243e76_enc-mode0	60	43	0	662980.0	662.98	38.15816666666667	41.36649999999999	43.15450000000002	37.885277	41.284594	42.991504	99.39892567439549	479783.0	7.996383333333333	780.82	640	360	50.0	8	7c56acf38831cb593a65192121f7071b	e360ac58bdd89ebe12ac9f3b923cb764	640	360	2435.0	3.0	225.0	3332.0	True	True	0.9702258636554082	0.9958758030235166
shields_640x360_60f	shields_640x360_60f	svtav1	svtav1_20200204_9243e76_enc-mode0	60	55	0	323693.0	323.693	34.45466666666667	38.073499999999996	40.19483333333334	34.099376	37.911028	39.951649	95.3217515642982	411844.0	6.864066666666667	652.25	640	360	50.0	8	d60851e7a61855273cb3883a65dcb4ce	31967a8dd595517f616f4a2851ecf94d	640	360	2409.0	4.0	192.0	3096.0	True	True	0.940532597899437	0.9900125153510205
shields_640x360_60f	shields_640x360_60f	svtav1	svtav1_20200204_9243e76_enc-mode0	60	59	0	205960.0	205.96	31.865000000000006	36.317499999999995	38.35150000000001	31.445253	36.105172	38.111544	88.39311716648128	433307.0	7.221783333333334	699.02	640	360	50.0	8	c0f4895a0ab02f8f1523862ce964fea6	1bcda7b20baef537349d24fd4204b10f	640	360	3404.0	7.0	185.0	3128.0	True	True	0.901698820789655	0.9807885920565589
thaloundeskmtg360p_60f	thaloundeskmtg360p_60f	svtav1	svtav1_20200204_9243e76_enc-mode0	60	20	0	853088.0	853.088	44.689833333333326	48.566333333333326	48.545833333333334	44.497155	48.524585	48.517087	96.96292084894816	734027.0	12.233783333333333	1231.68	640	360	30.0	8	6945011dc9df28d359a8b392814349c8	20dadca0942ee423b248bd600e46df56	640	360	2017.0	5.0	306.0	3315.0	True	True	0.9924121667941411	0.998377048920652
thaloundeskmtg360p_60f	thaloundeskmtg360p_60f	svtav1	svtav1_20200204_9243e76_enc-mode0	60	32	0	468136.0	468.136	43.13383333333333	47.47500000000001	47.57933333333334	42.913601	47.42637	47.550028	95.80573512885617	606587.0	10.109783333333333	974.51	640	360	30.0	8	4e1e07086e3a0fd63f922aa57309538b	138b6057101f088bfd9da9b3df38e166	640	360	2008.0	6.0	229.0	3228.0	True	True	0.990224086244901	0.9976934442356227
thaloundeskmtg360p_60f	thaloundeskmtg360p_60f	svtav1	svtav1_20200204_9243e76_enc-mode0	60	43	0	249440.0	249.44	40.9825	45.70466666666666	45.84783333333333	40.6834	45.676869	45.828304	93.61825692061944	453072.0	7.5512	714.11	640	360	30.0	8	13b9f6e39fe8c2e78ad81ae6d2094672	9655f6e930ed8690f7455bad41e5447d	640	360	1945.0	5.0	261.0	3153.0	True	True	0.9862626661856969	0.9963223789807163
thaloundeskmtg360p_60f	thaloundeskmtg360p_60f	svtav1	svtav1_20200204_9243e76_enc-mode0	60	55	0	122448.0	122.448	37.53433333333332	42.76433333333333	42.83883333333333	37.284147	42.752302	42.823051	87.3895167597155	307278.0	5.1213	486.44	640	360	30.0	8	415b77960206670f9a2a93ff9a5f6f73	f67d8997ad4d3608b3dcc2f78b0255bd	640	360	1708.0	3.0	130.0	3001.0	True	True	0.9760155806938807	0.9920412737314966
thaloundeskmtg360p_60f	thaloundeskmtg360p_60f	svtav1	svtav1_20200204_9243e76_enc-mode0	60	59	0	87100.0	87.1	35.399499999999996	41.02733333333334	41.2305	35.098281	41.011695	41.204474	81.78646461912062	281937.0	4.69895	434.22	640	360	30.0	8	945af86df015deb45224e6d306f68df5	673ba53cad020288ac1f886f562f1c9d	640	360	1786.0	4.0	114.0	2918.0	True	True	0.9654729058345158	0.9871950363353281
Aerial_1920x1080_2997_10b	Aerial_1920x1080_2997_10b	svtav1	svtav1_20200204_9243e76_enc-mode0	60	20	0	9607513.0	9607.513	43.62400000000001	46.047999999999995	45.359666666666655	43.585489	46.03185700000001	45.34597999999999	96.48588809571606	6461642.0	107.69403333333334	10167.31	1920	1080	29.97	10	815e872848e9e91f207e1b3d74bbf727	667cc8815bf718a94f0e1543c8d0f1be	1920	1080	23930.0	4.0	3309.0	25228.0	True	True	0.9989740490913391	0.9979595525525667
Aerial_1920x1080_2997_10b	Aerial_1920x1080_2997_10b	svtav1	svtav1_20200204_9243e76_enc-mode0	60	32	0	5161806.0	5161.806	41.85783333333333	44.86116666666669	44.331666666666685	41.806546	44.846578	44.321058	95.39731216728764	4422243.0	73.70405	6602.62	1920	1080	29.97	10	900fbf8690375b8b31bf1f83d93e313f	92932fc67cfa1467560bb48cae63b4d3	1920	1080	23681.0	5.0	2902.0	23907.0	True	True	0.9984871367613475	0.9971047015946489
Aerial_1920x1080_2997_10b	Aerial_1920x1080_2997_10b	svtav1	svtav1_20200204_9243e76_enc-mode0	60	43	0	2993885.0	2993.885	39.733999999999995	43.18249999999999	42.9986666666667	39.680791	43.17394	42.994524	93.34390689330652	3115312.0	51.921866666666666	5244.47	1920	1080	29.97	10	35688ae26b99a3605347a1608416736d	7e840e505fc321b8ddc9624853680a2b	1920	1080	22223.0	3.0	2089.0	23717.0	True	True	0.9975132554769516	0.995413934619044
Aerial_1920x1080_2997_10b	Aerial_1920x1080_2997_10b	svtav1	svtav1_20200204_9243e76_enc-mode0	60	55	0	1172414.0	1172.414	35.106333333333346	40.018333333333345	40.64250000000001	35.093341	40.017137	40.641875	85.9993709245037	3089235.0	51.48725	4493.52	1920	1080	29.97	10	3458d4e74e07c299c7d106bcb33d126c	75a88c8e22d1919fd2a7ebeba82d2469	1920	1080	24655.0	3.0	2001.0	26913.0	True	True	0.9928152253230412	0.9868207533458062
Aerial_1920x1080_2997_10b	Aerial_1920x1080_2997_10b	svtav1	svtav1_20200204_9243e76_enc-mode0	60	59	0	590282.0	590.282	31.859833333333324	38.323333333333316	39.51699999999998	31.858232	38.323405	39.517284	76.37961227729731	2718162.0	45.3027	4205.35	1920	1080	29.97	10	87f4528a6d703b012836562ffda8c197	88f0d41e80f5ba3d21c10f01dacc55f4	1920	1080	23411.0	15.0	1464.0	26165.0	True	True	0.9832233051458995	0.9693139724848898
Market3_1920x1080p_50_10b_pq_709	Market3_1920x1080p_50_10b_pq_709	svtav1	svtav1_20200204_9243e76_enc-mode0	60	20	0	12996013.0	12996.013	45.074666666666666	51.54266666666668	52.53800000000002	45.057885000000006	51.536661	52.532651	99.86678540133698	5593317.0	93.22195	10231.31	1920	1080	50.0	10	69a2ca6138f16e743d7856a39205fe89	aa31827bdf694f048fff70869a9fe1b5	1920	1080	20442.0	5.0	3426.0	23169.0	True	True	0.9992156664530436	0.9982517972435448
Market3_1920x1080p_50_10b_pq_709	Market3_1920x1080p_50_10b_pq_709	svtav1	svtav1_20200204_9243e76_enc-mode0	60	32	0	6531820.0	6531.819999999999	42.329333333333345	49.28400000000002	50.398166666666675	42.306701	49.280132	50.396661	98.95665669034621	5637470.0	93.95783333333334	8572.7	1920	1080	50.0	10	d06d2c49e2bef0c4b46d73ba03b2149e	4cec20cb8f8f7a4fdfcc200d5982f0de	1920	1080	19666.0	4.0	3202.0	24264.0	True	True	0.9985316902399063	0.9967694883003824
Market3_1920x1080p_50_10b_pq_709	Market3_1920x1080p_50_10b_pq_709	svtav1	svtav1_20200204_9243e76_enc-mode0	60	43	0	3376020.0	3376.02	39.48566666666665	47.265500000000024	48.647500000000036	39.453832	47.26303599999999	48.646814	95.65207722900219	4276591.0	71.27651666666667	6727.68	1920	1080	50.0	10	16e38461f0e2b5a1c54477247283767e	2d37981e714cfe46464dc1b300c5b4fc	1920	1080	22490.0	6.0	2589.0	23640.0	True	True	0.9968259175618489	0.993294404324003
Market3_1920x1080p_50_10b_pq_709	Market3_1920x1080p_50_10b_pq_709	svtav1	svtav1_20200204_9243e76_enc-mode0	60	55	0	1338140.0	1338.14	35.536166666666674	44.58349999999997	46.11283333333334	35.51659200000001	44.582815	46.111549	86.45029766221509	3355058.0	55.917633333333335	5181.0	1920	1080	50.0	10	678cec6205d90765d06367e30c62fff9	5b78ab87068dac34239f79ea853a3623	1920	1080	22519.0	4.0	2449.0	24810.0	True	True	0.9890124837557475	0.979644959868247
Market3_1920x1080p_50_10b_pq_709	Market3_1920x1080p_50_10b_pq_709	svtav1	svtav1_20200204_9243e76_enc-mode0	60	59	0	826446.0	826.446	33.65766666666667	43.12649999999998	44.64216666666667	33.647833	43.125897	44.636598	78.16486345295685	3114288.0	51.9048	4764.31	1920	1080	50.0	10	379b7a3ccfdabb9f3be56388b32558a2	21988723f619ed645ed33d0f9af674a7	1920	1080	20764.0	6.0	2436.0	24711.0	True	True	0.9799927224715551	0.9669294502787434
Netflix_Aerial_1920x1080_60fps_8	Netflix_Aerial_1920x1080_60fps_8	svtav1	svtav1_20200204_9243e76_enc-mode0	60	20	0	21732432.0	21732.431999999997	42.775	45.68883333333334	45.39766666666669	42.751363	45.680649	45.39159200000001	96.71986301581727	8177818.0	136.29696666666666	12668.27	1920	1080	60.0	8	8b923975be8ff386f6c4d6d37fc16057	aceb669a395a5b77903cee63ec3d021a	1920	1080	13484.0	3.0	3149.0	23865.0	True	True	0.997937552134196	0.9965377579752244
Netflix_Aerial_1920x1080_60fps_8	Netflix_Aerial_1920x1080_60fps_8	svtav1	svtav1_20200204_9243e76_enc-mode0	60	32	0	10573968.0	10573.968	40.77300000000001	44.51416666666669	44.51683333333333	40.711376	44.499389	44.511137	94.4326110927737	5280121.0	88.00201666666666	8450.14	1920	1080	60.0	8	791a652133b469de670dfbe35e8572fe	5a7163aa746a8c1697b5449daceed248	1920	1080	15157.0	32.0	2139.0	23653.0	True	True	0.9964632630348206	0.9943285374976463
Netflix_Aerial_1920x1080_60fps_8	Netflix_Aerial_1920x1080_60fps_8	svtav1	svtav1_20200204_9243e76_enc-mode0	60	43	0	5007792.0	5007.792	38.27750000000001	42.78883333333332	43.28133333333332	38.200543	42.782738	43.279004	90.75763113679956	4281477.0	71.35795	6242.98	1920	1080	60.0	8	229aa6797c1843833d27e7e1fa847676	a7a0a48d17093a2dc33fa0ec9a8e4ac1	1920	1080	12534.0	5.0	2041.0	26354.0	True	True	0.9935017098983129	0.9895984048010401
Netflix_Aerial_1920x1080_60fps_8	Netflix_Aerial_1920x1080_60fps_8	svtav1	svtav1_20200204_9243e76_enc-mode0	60	55	0	1770232.0	1770.232	34.443333333333335	40.30566666666667	41.62716666666667	34.41303	40.299985	41.620499	81.24685104284548	2737979.0	45.632983333333335	4168.05	1920	1080	60.0	8	1e57bd0a2cbdc68f14025295dcd7693b	c399028e5726fa3cce5f1457701c5f09	1920	1080	13035.0	3.0	1561.0	24014.0	True	True	0.9827895859877268	0.9719325785100169
Netflix_Aerial_1920x1080_60fps_8	Netflix_Aerial_1920x1080_60fps_8	svtav1	svtav1_20200204_9243e76_enc-mode0	60	59	0	923488.0	923.488	32.13916666666667	38.999	40.84283333333334	32.133397	38.989788	40.832343	70.26035973081201	3950106.0	65.8351	6351.95	1920	1080	60.0	8	d37c0300e6c8a06f753f28daaf1a6398	5d02ca7861697564e00b8d17e093e661	1920	1080	16944.0	10.0	1721.0	46995.0	True	True	0.9655171046654384	0.9458551964483656
STARCRAFT_60f_420	STARCRAFT_60f_420	svtav1	svtav1_20200204_9243e76_enc-mode0	60	20	0	6955912.0	6955.912	49.86333333333333	53.00433333333334	53.02833333333333	49.852122	52.996625	53.024281	97.50879624339849	3585625.0	59.760416666666664	5671.14	1920	1080	60.0	8	d00cf9a1dc5a51e458ac38f5b7769220	45de9ac26fed0beceabdd2ccb5f9703a	1920	1080	16029.0	6.0	1232.0	24403.0	True	True	0.999531884988149	0.9991086943991232
STARCRAFT_60f_420	STARCRAFT_60f_420	svtav1	svtav1_20200204_9243e76_enc-mode0	60	32	0	4371888.0	4371.888	47.075666666666656	51.05499999999999	51.23683333333334	47.05657800000001	51.039517	51.228336	96.82536091742809	2276052.0	37.9342	3515.38	1920	1080	60.0	8	d787c670f0562e8567441970235cec80	e35c19c742bea7ae95af6eef42969b93	1920	1080	11202.0	4.0	1110.0	26800.0	True	True	0.9990742524464925	0.9983582472670924
STARCRAFT_60f_420	STARCRAFT_60f_420	svtav1	svtav1_20200204_9243e76_enc-mode0	60	43	0	2699216.0	2699.216	44.03483333333334	48.94033333333333	49.07883333333333	44.002896	48.908964	49.06429	95.5569972075874	2701203.0	45.02005	4477.3	1920	1080	60.0	8	22de886bba35954fe08b22cbf55e5fb1	9ae71c53b07e694d2cf13dfe47d2b54b	1920	1080	12144.0	5.0	1367.0	26833.0	True	True	0.9981395612160365	0.9969585742661459
STARCRAFT_60f_420	STARCRAFT_60f_420	svtav1	svtav1_20200204_9243e76_enc-mode0	60	55	0	1055336.0	1055.336	38.5565	44.522000000000006	44.65533333333331	38.536061	44.500719	44.640235	89.7372662264388	2684771.0	44.746183333333335	4190.45	1920	1080	60.0	8	e7b167954eca825d17dc47ad13c771fc	7c31adf2866038e236ca1a46bd6c81d1	1920	1080	15098.0	8.0	1579.0	32902.0	True	True	0.9921885838111242	0.9889364512875701
STARCRAFT_60f_420	STARCRAFT_60f_420	svtav1	svtav1_20200204_9243e76_enc-mode0	60	59	0	600376.0	600.376	35.48066666666666	42.155666666666676	42.2205	35.469235	42.143191	42.211038	82.64700854679272	1798215.0	29.97025	2609.09	1920	1080	60.0	8	37ce95d431c2d75788015b9cfcef9385	1161c0fb8a18422f5ccc45752d754a5b	1920	1080	11483.0	7.0	1163.0	25600.0	True	True	0.9830450743436814	0.9776793381654734
dark720p_60f	dark720p_60f	svtav1	svtav1_20200204_9243e76_enc-mode0	60	20	0	7417952.0	7417.952	46.17200000000001	43.61066666666667	45.03333333333333	46.108109	43.50271	44.94356	96.25442434233415	4735728.0	78.9288	8093.27	1280	720	30.0	8	5be7cbce7a4266a81bc933a00be5f2cc	c0b8348c3f6a6b9060a1249d7c5e93e9	1280	720	4872.0	6.0	2333.0	11193.0	True	True	0.9943956226110459	0.9951465334355588
dark720p_60f	dark720p_60f	svtav1	svtav1_20200204_9243e76_enc-mode0	60	32	0	1710348.0	1710.3480000000002	43.49883333333333	39.081	41.818666666666644	43.463847	38.997549	41.789569	93.11199991070893	2645182.0	44.08636666666666	4101.48	1280	720	30.0	8	dc0fe687d12ea6b54169cf542f1526c0	3922e8dbd4d6b69a7ca03346161183d7	1280	720	4949.0	5.0	1321.0	10466.0	True	True	0.9911397020022075	0.9926117286112046
dark720p_60f	dark720p_60f	svtav1	svtav1_20200204_9243e76_enc-mode0	60	43	0	304648.0	304.648	42.25233333333335	36.972	40.85233333333333	42.240389	36.957717	40.846414	90.45374580911611	1109827.0	18.497116666666667	1918.82	1280	720	30.0	8	ffdb23ca60621acef3b464f8eceb12e6	47781d9597b56882e8296f3806b4c7aa	1280	720	5300.0	10.0	635.0	9814.0	True	True	0.9894746780395508	0.9913070400386375
dark720p_60f	dark720p_60f	svtav1	svtav1_20200204_9243e76_enc-mode0	60	55	0	108380.0	108.37999999999998	40.5475	36.18700000000001	39.799666666666674	40.541107	36.184773	39.795714	85.6279887876527	1825464.0	30.4244	2790.43	1280	720	30.0	8	6b09cf65ccbfd12bbb4a26f9dfed11ab	64bcb9472b2943405bb25e24db64f029	1280	720	6930.0	7.0	895.0	17678.0	True	True	0.9847980191310247	0.987780144244342
dark720p_60f	dark720p_60f	svtav1	svtav1_20200204_9243e76_enc-mode0	60	59	0	75168.0	75.16799999999999	39.221	35.575166666666654	38.91533333333334	39.215456	35.572361	38.905143	80.43077069916765	1426233.0	23.77055	2130.45	1280	720	30.0	8	1d15e4e1f37eb949ca780db649426ca6	0db664c5a5678cfea28a81017dac92bc	1280	720	6838.0	6.0	704.0	34152.0	True	True	0.9802068998416265	0.9842941690065441
red_kayak_360p_60f	red_kayak_360p_60f	svtav1	svtav1_20200204_9243e76_enc-mode0	60	20	0	9205188.0	9205.188	41.09316666666666	44.71500000000002	49.148666666666685	41.032095	44.693068	49.135518	99.87528326558635	1450147.0	24.169116666666667	2473.31	640	360	29.97	8	ad98f3ddfbef6ceda02755bbfe98f902	8ac9d09b6faa74f79313a889794eb793	640	360	2184.0	7.0	1009.0	3023.0	True	True	0.9725314358870188	0.9943541642460333
red_kayak_360p_60f	red_kayak_360p_60f	svtav1	svtav1_20200204_9243e76_enc-mode0	60	32	0	5399822.0	5399.822	36.520833333333336	42.216	47.8395	36.389104	42.182185	47.824448	99.70748156698144	1292191.0	21.536516666666667	2111.77	640	360	29.97	8	44a25387bb3160b6076c404910c2db59	8e7fd60a9f543fa092d00294f7610a74	640	360	2049.0	5.0	804.0	3626.0	True	True	0.9403662234544754	0.9860771493888074
red_kayak_360p_60f	red_kayak_360p_60f	svtav1	svtav1_20200204_9243e76_enc-mode0	60	43	0	2379762.0	2379.762	31.812833333333344	39.85783333333334	46.75600000000001	31.674895	39.824284	46.732837	85.77412710430818	1501127.0	25.01878333333333	2604.32	640	360	29.97	8	2ff1319ad47b27ec4e7de4003b709681	6b806cf425a9531641e53e4ff08362ca	640	360	3371.0	26.0	667.0	3181.0	True	True	0.8686303834120432	0.9648419726287419
red_kayak_360p_60f	red_kayak_360p_60f	svtav1	svtav1_20200204_9243e76_enc-mode0	60	55	0	698748.0	698.748	27.92866666666667	38.03016666666667	45.492	27.837004	38.012313999999996	45.421871	57.49035093663602	1248295.0	20.804916666666667	2105.31	640	360	29.97	8	1642c65253e41fca498da21e7fe14c7e	c2e78020d5151bb0f3996b3644aefa95	640	360	2857.0	6.0	669.0	4010.0	True	True	0.7500584105650584	0.9156470319882039
red_kayak_360p_60f	red_kayak_360p_60f	svtav1	svtav1_20200204_9243e76_enc-mode0	60	59	0	372226.0	372.226	26.75350000000001	37.41583333333334	44.83266666666667	26.6848	37.396656	44.729893	42.64150795811425	586614.0	9.7769	984.27	640	360	29.97	8	a011483d9622f8314d91e2b6fcc9b0df	c98cfbd7088955a65f6b7aa83466132e	640	360	1991.0	3.0	322.0	2898.0	True	True	0.7013074268897375	0.8835030937401382
Sintel_Dragons_1920x816_24_10b	Sintel_Dragons_1920x816_24_10b	svtav1	svtav1_20200204_9243e76_enc-mode0	60	20	0	5224512.0	5224.512	46.99216666666666	51.315666666666665	51.528000000000006	46.911184	51.291234	51.480231	99.92707128859344	7494796.0	124.91326666666667	12144.51	1920	816	24.0	10	a718b441665e73bfd02bcc6e71e980e7	6b57b007acc33301d14c326c847bcc8d	1920	816	12753.0	5.0	3281.0	16478.0	True	True	0.9967654933532079	0.9969172737854033
Sintel_Dragons_1920x816_24_10b	Sintel_Dragons_1920x816_24_10b	svtav1	svtav1_20200204_9243e76_enc-mode0	60	32	0	2655817.0	2655.817	43.8055	48.793499999999995	48.90749999999999	43.729599	48.758213	48.837158	99.89356655087828	5169003.0	86.15005	8130.91	1920	816	24.0	10	e1831f5531712e80fbcafd5755f01d8b	5146619e4ba520a51c5bf22233238cfa	1920	816	11312.0	6.0	2901.0	16558.0	True	True	0.9939953217903773	0.9944383303128557
Sintel_Dragons_1920x816_24_10b	Sintel_Dragons_1920x816_24_10b	svtav1	svtav1_20200204_9243e76_enc-mode0	60	43	0	1379558.0	1379.558	40.79066666666665	46.39416666666668	46.42683333333334	40.719381	46.353597	46.342854	97.96908396932703	4152808.0	69.21346666666666	6697.52	1920	816	24.0	10	b94c2bd1bb724d28c8fd361f38948aeb	3fca8bcb9e8557ae066ef86d7d0df315	1920	816	11013.0	4.0	2713.0	16754.0	True	True	0.9884255250295003	0.9897162200712072
Sintel_Dragons_1920x816_24_10b	Sintel_Dragons_1920x816_24_10b	svtav1	svtav1_20200204_9243e76_enc-mode0	60	55	0	671184.0	671.184	37.41316666666667	43.481166666666674	43.661166666666674	37.357046	43.439938	43.588199	85.12947318242442	3425534.0	57.09223333333333	5664.04	1920	816	24.0	10	43d7c9560864ee5fb849ccb5c8d604f3	004ceaa444e195a353427990509036e2	1920	816	10127.0	4.0	2356.0	16622.0	True	True	0.9752524564663569	0.9790305916608513
Sintel_Dragons_1920x816_24_10b	Sintel_Dragons_1920x816_24_10b	svtav1	svtav1_20200204_9243e76_enc-mode0	60	59	0	479734.0	479.734	35.78983333333334	41.984	42.18833333333335	35.736274	41.941983	42.129257	75.80484925272701	4361514.0	72.6919	7331.19	1920	816	24.0	10	dc3e3a607731c208f933777d9762ecf7	e7873599f833a8f5e2f0370a3de220e7	1920	816	12554.0	14.0	2119.0	17576.0	True	True	0.9647281010945638	0.9706156837511669
ShowGirl2TeaserClip4000_1920x108	ShowGirl2TeaserClip4000_1920x108	svtav1	svtav1_20200204_9243e76_enc-mode0	60	20	0	3625730.0	3625.73	42.50599999999999	46.6956666666667	49.56466666666664	42.501031	46.69376	49.563162	95.51242039241684	7185206.0	119.75343333333333	11816.48	1920	1080	25.0	10	6fe432d5a16bceab5e18b22169722956	719abc37d15edea1da30a98444623d71	1920	1080	20865.0	7.0	2928.0	25366.0	True	True	0.9962229470411936	0.9917303142256642
ShowGirl2TeaserClip4000_1920x108	ShowGirl2TeaserClip4000_1920x108	svtav1	svtav1_20200204_9243e76_enc-mode0	60	32	0	1333703.0	1333.703	41.69399999999999	46.27149999999999	48.861833333333315	41.690238	46.270283	48.860592	93.56602855377223	4320530.0	72.00883333333333	6854.24	1920	1080	25.0	10	99cec18f0cbe0354911b77d9254808f2	44d2c807c683723e6352244e787ca207	1920	1080	21540.0	10.0	3154.0	36195.0	True	True	0.9950001140435537	0.9901477531646414
ShowGirl2TeaserClip4000_1920x108	ShowGirl2TeaserClip4000_1920x108	svtav1	svtav1_20200204_9243e76_enc-mode0	60	43	0	694580.0	694.58	40.672999999999995	45.81199999999998	48.064833333333304	40.659771	45.810059	48.064371	90.15526123260936	3054671.0	50.911183333333334	4990.38	1920	1080	25.0	10	a38486594681b21c7b3c00bd302e297b	c13615c4d3e640e6855db6d96fb52262	1920	1080	19616.0	5.0	2066.0	35060.0	True	True	0.993102170030276	0.9879996629284069
ShowGirl2TeaserClip4000_1920x108	ShowGirl2TeaserClip4000_1920x108	svtav1	svtav1_20200204_9243e76_enc-mode0	60	55	0	290503.0	290.503	38.39650000000001	44.58949999999998	46.31416666666666	38.37484200000001	44.587617	46.312988	80.9799021746069	3501153.0	58.35255	6016.71	1920	1080	25.0	10	c6507612bcfceb7e771d521b858f36f2	c46dd2e8cc00fd605f165b310ed73e63	1920	1080	24823.0	7.0	2042.0	26720.0	True	True	0.986571271220843	0.98094084687753
ShowGirl2TeaserClip4000_1920x108	ShowGirl2TeaserClip4000_1920x108	svtav1	svtav1_20200204_9243e76_enc-mode0	60	59	0	182206.0	182.206	36.78066666666666	43.48716666666667	45.147833333333345	36.764536	43.486821	45.147004	72.6938041191884	3417194.0	56.95323333333333	5579.97	1920	1080	25.0	10	3647ccf835bf32c2f396809cb72511df	0aeecc562c801596e22aeccea2649aca	1920	1080	20801.0	4.0	1960.0	30872.0	True	True	0.978961369395256	0.9731377310724212
Netflix_Boat_1920x1080_60fps_8bi	Netflix_Boat_1920x1080_60fps_8bi	svtav1	svtav1_20200204_9243e76_enc-mode0	60	20	0	29580520.0	29580.52	43.745666666666665	46.15949999999999	47.860499999999995	43.711755	46.131963	47.841737	99.92489161208599	7371338.0	122.85563333333333	11699.39	1920	1080	60.0	8	b80b97e476de78c03cc3fbdb0dd45d1e	037efcd78c7de95f6361a2e29396f5f7	1920	1080	13073.0	7.0	3102.0	23207.0	True	True	0.9993235766887665	0.9986037865724551
Netflix_Boat_1920x1080_60fps_8bi	Netflix_Boat_1920x1080_60fps_8bi	svtav1	svtav1_20200204_9243e76_enc-mode0	60	32	0	16630272.0	16630.272	41.30366666666667	44.64683333333333	46.09266666666666	41.249855	44.61572	46.074027	99.66965657575558	7381479.0	123.02465	12075.54	1920	1080	60.0	8	4721b3cde1b79302cb13bb06d64dfb25	cb07f798be28cbf96868a7a5a418d1d7	1920	1080	17851.0	4.0	2598.0	23694.0	True	True	0.998847371339798	0.9976866771992977
Netflix_Boat_1920x1080_60fps_8bi	Netflix_Boat_1920x1080_60fps_8bi	svtav1	svtav1_20200204_9243e76_enc-mode0	60	43	0	8832976.0	8832.976	38.132333333333335	42.80683333333334	43.77483333333331	38.050315	42.779981	43.763597	96.00594450025662	4798792.0	79.97986666666667	7257.58	1920	1080	60.0	8	9efbb986715266125f83238d79235987	7f10a8bd665676ba4ec45ef53d15a718	1920	1080	13788.0	4.0	2028.0	24132.0	True	True	0.9975540737311045	0.9951767595000657
Netflix_Boat_1920x1080_60fps_8bi	Netflix_Boat_1920x1080_60fps_8bi	svtav1	svtav1_20200204_9243e76_enc-mode0	60	55	0	3852632.0	3852.632	33.88983333333333	40.56700000000001	41.07616666666667	33.817225	40.537369	41.072534	86.37874470451811	4538022.0	75.6337	7083.52	1920	1080	60.0	8	0fb8e1bf0fa90c6c8213a3c89523b9ff	30f160e54c9ed45ac12fc7bd06f24a18	1920	1080	17166.0	5.0	1742.0	24288.0	True	True	0.9923731505870819	0.9857594693476786
Netflix_Boat_1920x1080_60fps_8bi	Netflix_Boat_1920x1080_60fps_8bi	svtav1	svtav1_20200204_9243e76_enc-mode0	60	59	0	2409808.0	2409.808	31.517999999999997	39.10883333333332	39.39800000000003	31.485584	39.093203	39.39717600000001	77.89587581981638	3178587.0	52.97645	4703.27	1920	1080	60.0	8	9260c473900c5fdfb54671d822de743e	98fe9fcf77da23a744c683d8bd8abdbd	1920	1080	13215.0	5.0	2363.0	27179.0	True	True	0.9847313672304153	0.9722382656799614
Netflix_Crosswalk_1920x1080_60fp	Netflix_Crosswalk_1920x1080_60fp	svtav1	svtav1_20200204_9243e76_enc-mode0	60	20	0	7670848.0	7670.848	45.617000000000004	48.34333333333334	50.18483333333336	45.606933	48.341486	50.18246	99.18550733904694	5976290.0	99.60483333333333	9641.79	1920	1080	60.0	8	326a32f4e01cab9c6cbc9ff8531993a3	93c9859c94425b82ea81f1dcd30ac245	1920	1080	13355.0	5.0	2386.0	24384.0	True	True	0.9976574867963791	0.9957748322299842
Netflix_Crosswalk_1920x1080_60fp	Netflix_Crosswalk_1920x1080_60fp	svtav1	svtav1_20200204_9243e76_enc-mode0	60	32	0	3883864.0	3883.864	44.30349999999999	47.55049999999999	49.355833333333344	44.273393000000006	47.545177	49.350341	95.83310197852454	4510872.0	75.1812	7104.26	1920	1080	60.0	8	cf4f72f7ef99ca57dcd9b779a02719ba	5bedbc48e2414a4404faee368d711c6e	1920	1080	10131.0	6.0	2211.0	26473.0	True	True	0.9959670454263687	0.9939075460535549
Netflix_Crosswalk_1920x1080_60fp	Netflix_Crosswalk_1920x1080_60fp	svtav1	svtav1_20200204_9243e76_enc-mode0	60	43	0	1920144.0	1920.144	42.44983333333334	46.42116666666667	48.17550000000002	42.400685	46.415532	48.17032	89.30273982354808	4599227.0	76.65378333333334	6938.92	1920	1080	60.0	8	6c7b0df4e5311674fd42411080216d97	9d1b7bc9056b306063283cd33f9a3c2c	1920	1080	10997.0	5.0	2015.0	25274.0	True	True	0.9920105437437693	0.9900577153166703
Netflix_Crosswalk_1920x1080_60fp	Netflix_Crosswalk_1920x1080_60fp	svtav1	svtav1_20200204_9243e76_enc-mode0	60	55	0	895504.0	895.504	39.741	44.670833333333334	46.33233333333336	39.680223	44.664778	46.325397	75.29210184586864	3677242.0	61.287366666666664	5564.28	1920	1080	60.0	8	94dc4945f5af7ad24afc4378a93a3a0f	6b35a4b6cb149cb6ae56ca3a61c9c123	1920	1080	9947.0	5.0	1783.0	26253.0	True	True	0.981178339322408	0.9805577935453714
Netflix_Crosswalk_1920x1080_60fp	Netflix_Crosswalk_1920x1080_60fp	svtav1	svtav1_20200204_9243e76_enc-mode0	60	59	0	643944.0	643.944	38.326833333333305	43.645166666666675	45.19683333333333	38.276792	43.640335	45.192271	65.93891741941955	2462718.0	41.0453	3594.09	1920	1080	60.0	8	1c32950f5ee6ff524f11274cf600dcee	1f74f803461bd2045bc92efaf12ce41a	1920	1080	11547.0	7.0	1493.0	23738.0	True	True	0.9717461695273717	0.9727950131305072
Netflix_FoodMarket_1920x1080_60f	Netflix_FoodMarket_1920x1080_60f	svtav1	svtav1_20200204_9243e76_enc-mode0	60	20	0	22101240.0	22101.24	41.06116666666665	44.90316666666666	45.63666666666665	41.052924	44.899952	45.635191	99.18814315663157	10327208.0	172.12013333333334	16941.8	1920	1080	60.0	8	74557d569cf5faa43ab766d7d3b4c3f8	a1fec37466f3ae97b90ab8476ef215e3	1920	1080	12904.0	3.0	3129.0	22729.0	True	True	0.9952810943126679	0.9898437602014726
Netflix_FoodMarket_1920x1080_60f	Netflix_FoodMarket_1920x1080_60f	svtav1	svtav1_20200204_9243e76_enc-mode0	60	32	0	7148624.0	7148.624	39.74016666666667	44.08649999999999	45.00800000000001	39.732976	44.083878	45.006079	96.0823128309828	5141811.0	85.69685	8353.04	1920	1080	60.0	8	f7706164a74f5eeb4adaf8233faaa80a	6100ca5bf005c8069058fafaf82a9729	1920	1080	12680.0	4.0	1758.0	22973.0	True	True	0.9918639719486236	0.9850422241247242
Netflix_FoodMarket_1920x1080_60f	Netflix_FoodMarket_1920x1080_60f	svtav1	svtav1_20200204_9243e76_enc-mode0	60	43	0	3342704.0	3342.704	38.30966666666665	43.104	44.17966666666666	38.293927000000004	43.099525	44.177791	90.89220377349837	5179660.0	86.32766666666667	8482.41	1920	1080	60.0	8	6f78ba95a834d1a359586d1d612ea28f	d32c0d126222b4fa4a9a90157698fbf7	1920	1080	12871.0	5.0	2058.0	24253.0	True	True	0.9863849659760793	0.9781043246242285
Netflix_FoodMarket_1920x1080_60f	Netflix_FoodMarket_1920x1080_60f	svtav1	svtav1_20200204_9243e76_enc-mode0	60	55	0	1409792.0	1409.792	35.97133333333334	41.61799999999999	42.69683333333334	35.951033	41.61243	42.688812	78.19728873496598	4430732.0	73.84553333333334	6615.18	1920	1080	60.0	8	3a7f7fcad2aebefa561fa12ba02f6b2e	aa3317db1946664a44069172ee5b6e7d	1920	1080	17238.0	5.0	1686.0	24047.0	True	True	0.9680027643839518	0.958673350397245
Netflix_FoodMarket_1920x1080_60f	Netflix_FoodMarket_1920x1080_60f	svtav1	svtav1_20200204_9243e76_enc-mode0	60	59	0	914008.0	914.008	34.56966666666667	40.68100000000001	41.66366666666667	34.552828	40.675923	41.64645600000001	67.66199533227206	2707795.0	45.12991666666667	4239.63	1920	1080	60.0	8	da41c7ea447f0be134f2238c8289b7ab	66192022119f55070c6e1c3ee6a017a3	1920	1080	11864.0	8.0	1669.0	23847.0	True	True	0.9476300358772278	0.9396355800894148
gipsrestat720p_60f	gipsrestat720p_60f	svtav1	svtav1_20200204_9243e76_enc-mode0	60	20	0	3544620.0	3544.62	44.928	47.46183333333332	49.07916666666665	44.915396	47.457139	49.075902	96.99509020129643	2892968.0	48.21613333333333	4708.31	1280	720	50.0	8	d33303434c350d0e08eb703f834ebe95	c719cfe00f3288ac1901a8177a4d1e58	1280	720	7884.0	14.0	975.0	10678.0	True	True	0.9976615846157074	0.9970039163656433
gipsrestat720p_60f	gipsrestat720p_60f	svtav1	svtav1_20200204_9243e76_enc-mode0	60	32	0	1331066.0	1331.066	43.306833333333344	46.869333333333316	48.352999999999994	43.284314	46.866322	48.349439	95.84312221804096	2187358.0	36.45596666666667	3493.09	1280	720	50.0	8	79531de3cf388389fd7bf37d982d271a	af045fd2a377c04280c8a27860501268	1280	720	7370.0	10.0	637.0	11067.0	True	True	0.9966483702262242	0.9959789461995363
gipsrestat720p_60f	gipsrestat720p_60f	svtav1	svtav1_20200204_9243e76_enc-mode0	60	43	0	699973.0	699.973	41.70716666666666	46.019999999999996	47.338499999999996	41.664744	46.018308	47.33652	94.10871146227336	1366869.0	22.78115	2193.85	1280	720	50.0	8	8e0e28fe209260756ed67c7df63ecd47	489905c26e3afa5d9ebc67cabef3e19b	1280	720	7412.0	8.0	589.0	10833.0	True	True	0.9950449407100678	0.9944860213982765
gipsrestat720p_60f	gipsrestat720p_60f	svtav1	svtav1_20200204_9243e76_enc-mode0	60	55	0	314933.0	314.933	38.64683333333334	43.75349999999999	44.79266666666667	38.623901	43.752826	44.79126899999999	89.0450771726481	1083857.0	18.064283333333332	1752.04	1280	720	50.0	8	22446a3a3dbd5344b79d62bfc816eb90	15efd624177e7aa140c5605716b59947	1280	720	5907.0	4.0	515.0	10876.0	True	True	0.9889302164316177	0.9891130890248048
gipsrestat720p_60f	gipsrestat720p_60f	svtav1	svtav1_20200204_9243e76_enc-mode0	60	59	0	207673.0	207.67300000000003	36.549	42.17416666666668	42.91250000000001	36.53987	42.173634	42.911697	83.76915526183195	915983.0	15.266383333333334	1386.54	1280	720	50.0	8	a08ea53a0625a88995644528066ee186	b974a04c7da26ff3f0b63e92e4f3d7ba	1280	720	5501.0	6.0	340.0	10829.0	True	True	0.9810499449570974	0.982473118755456
vidyo1_720p_60fps_60f	vidyo1_720p_60fps_60f	svtav1	svtav1_20200204_9243e76_enc-mode0	60	20	0	3978624.0	3978.6240000000003	45.60266666666666	48.14783333333333	49.47549999999998	45.587724	48.141583	49.472818	96.53975208965579	2606974.0	43.44956666666667	4048.08	1280	720	60.0	8	3454280df21eb548d98b95a21eae14e8	09a1ecd79c37b4a18391a6d7e1d2e517	1280	720	5485.0	5.0	919.0	10639.0	True	True	0.9976218412319819	0.9970128751724198
vidyo1_720p_60fps_60f	vidyo1_720p_60fps_60f	svtav1	svtav1_20200204_9243e76_enc-mode0	60	32	0	1451736.0	1451.736	43.996499999999976	47.594833333333334	48.797166666666676	43.990485	47.590968	48.794527	95.15960921163237	2405023.0	40.08371666666667	3824.56	1280	720	60.0	8	225a796c350d8c8129a1f6c6fdf7082f	a2fcd76ab72054567161007ad9fdb3ca	1280	720	7985.0	12.0	724.0	13900.0	True	True	0.9960857222477595	0.9955276464011756
vidyo1_720p_60fps_60f	vidyo1_720p_60fps_60f	svtav1	svtav1_20200204_9243e76_enc-mode0	60	43	0	727248.0	727.248	42.60516666666667	46.97666666666666	47.97100000000001	42.598289	46.974403	47.969266	93.32939533858392	1067960.0	17.799333333333333	1705.94	1280	720	60.0	8	e5e98ae1e013d93ef1fb01666d53ec98	f3bde60406dbfb91ee9e6864a915c718	1280	720	4883.0	4.0	502.0	9846.0	True	True	0.9941868931055069	0.9938714451069257
vidyo1_720p_60fps_60f	vidyo1_720p_60fps_60f	svtav1	svtav1_20200204_9243e76_enc-mode0	60	55	0	324992.0	324.992	39.92966666666668	45.3145	45.83233333333332	39.919505	45.313226	45.830064	87.43316196581596	1165564.0	19.426066666666667	1801.32	1280	720	60.0	8	46ebd749ead59cffe43208d13f5c48b1	aeab7668c48d09b55faf4487b41616d7	1280	720	6496.0	34.0	637.0	11612.0	True	True	0.9876709610223771	0.9885442313117365
vidyo1_720p_60fps_60f	vidyo1_720p_60fps_60f	svtav1	svtav1_20200204_9243e76_enc-mode0	60	59	0	214768.0	214.768	38.00033333333333	43.88600000000001	44.16433333333332	37.993474	43.885293	44.164117	81.37300899942875	815445.0	13.59075	1381.13	1280	720	60.0	8	69350f067b164ffef4d3479fa74277a9	fb64639ca32b03ca27b3877acfa78c4c	1280	720	4913.0	4.0	420.0	10089.0	True	True	0.9793723384539287	0.981960374263805
vidyo4_720p_60fps_60f	vidyo4_720p_60fps_60f	svtav1	svtav1_20200204_9243e76_enc-mode0	60	20	0	5594248.0	5594.2480000000005	44.3325	49.99400000000002	50.272	44.30013	49.989366	50.268669	97.79297327505111	3075662.0	51.26103333333333	5062.94	1280	720	60.0	8	60df16daf579f29c8b61bd3dcbf345a2	b6ea8dae06e3fb619743ed6678aa13f8	1280	720	5322.0	3.0	1086.0	10262.0	True	True	0.9965204904476802	0.9957650019295275
vidyo4_720p_60fps_60f	vidyo4_720p_60fps_60f	svtav1	svtav1_20200204_9243e76_enc-mode0	60	32	0	1902408.0	1902.408	42.82933333333334	49.36833333333333	49.66616666666667	42.78724	49.362123	49.66205	96.44420761468741	2854475.0	47.57458333333334	4629.88	1280	720	60.0	8	54ee48ec641993e64dbebb624bf27cb4	d369d1c8bc98fbbf388db2111b5211e2	1280	720	6789.0	24.0	702.0	10490.0	True	True	0.9946930239597956	0.993911921449104
vidyo4_720p_60fps_60f	vidyo4_720p_60fps_60f	svtav1	svtav1_20200204_9243e76_enc-mode0	60	43	0	929544.0	929.544	41.47350000000001	48.49716666666667	48.79516666666667	41.418593	48.488143	48.788054	94.50760914456076	1418609.0	23.643483333333332	2218.6	1280	720	60.0	8	be993ffccc0a4d96dd4c85a1816e3b7d	56830f5a5c9b7ac55eb9a8fb4f04547c	1280	720	4927.0	4.0	549.0	9920.0	True	True	0.9919451554616292	0.9914545699994306
vidyo4_720p_60fps_60f	vidyo4_720p_60fps_60f	svtav1	svtav1_20200204_9243e76_enc-mode0	60	55	0	417960.0	417.96	39.10466666666668	46.67116666666666	46.78933333333334	39.046063	46.659242	46.780277	89.04286244950661	1147961.0	19.132683333333333	1721.11	1280	720	60.0	8	1c04ae9b89b771fadc99a40baf4ee20c	2b55430e2d694e3ecc205cc3bef23431	1280	720	4740.0	4.0	494.0	9889.0	True	True	0.9833042095104854	0.9844677060112764
vidyo4_720p_60fps_60f	vidyo4_720p_60fps_60f	svtav1	svtav1_20200204_9243e76_enc-mode0	60	59	0	274032.0	274.032	37.387666666666654	45.109666666666655	45.127666666666656	37.340986	45.105474	45.123005	83.48343212416336	1146296.0	19.104933333333335	1706.45	1280	720	60.0	8	8c0d38a3d763c013e6a5375988a71528	c7412438ffea4e3786e5510297e95400	1280	720	4991.0	5.0	563.0	13845.0	True	True	0.9733198920885722	0.9767368243125994
Cosmos1_1920x856_BT2100_PQ_24fps	Cosmos1_1920x856_BT2100_PQ_24fps	svtav1	svtav1_20200204_9243e76_enc-mode0	60	20	0	23263206.0	23263.206	41.965999999999994	44.91916666666667	47.58583333333331	41.941059	44.877531	47.562622	99.38177869864892	10925243.0	182.08738333333332	17339.25	1920	856	24.0	10	d83bf35bbfe6866d70e3454076a732f7	70b6c50c96982306392bc9355748198f	1920	856	18314.0	3.0	6685.0	17414.0	True	True	0.996762125690778	0.9960434983059714
Cosmos1_1920x856_BT2100_PQ_24fps	Cosmos1_1920x856_BT2100_PQ_24fps	svtav1	svtav1_20200204_9243e76_enc-mode0	60	32	0	9187280.0	9187.28	38.151	42.8715	45.9605	38.096452	42.844438	45.944814	95.15325806778851	8512908.0	141.8818	13251.54	1920	856	24.0	10	a2ff83d9a1a586c3dba0f94ce420d7f9	f2f8392066713d29afd9cf2cc4de90d2	1920	856	18253.0	4.0	4889.0	18226.0	True	True	0.9917827516794204	0.9908207502677144
Cosmos1_1920x856_BT2100_PQ_24fps	Cosmos1_1920x856_BT2100_PQ_24fps	svtav1	svtav1_20200204_9243e76_enc-mode0	60	43	0	3486636.0	3486.636	35.384	41.207	44.55066666666666	35.325565	41.184076	44.539677	84.51469093667946	5284098.0	88.0683	9319.6	1920	856	24.0	10	a4a3dad52798c3dea7b1535620579af8	480b0d7d7645d5f37eaf60c6fe937e76	1920	856	17337.0	11.0	2967.0	17682.0	True	True	0.9802779138088227	0.9802158294193913
Cosmos1_1920x856_BT2100_PQ_24fps	Cosmos1_1920x856_BT2100_PQ_24fps	svtav1	svtav1_20200204_9243e76_enc-mode0	60	55	0	1231734.0	1231.734	32.46383333333334	39.44949999999999	42.628833333333326	32.418586	39.434966	42.613738	63.73745521168983	4496181.0	74.93635	7515.65	1920	856	24.0	10	58e951b039a6a040548e517c4c054c31	d958714236fd7f36485da3fdc62f9301	1920	856	18049.0	4.0	2815.0	29009.0	True	True	0.9463578542073567	0.9512301493429922
Cosmos1_1920x856_BT2100_PQ_24fps	Cosmos1_1920x856_BT2100_PQ_24fps	svtav1	svtav1_20200204_9243e76_enc-mode0	60	59	0	758572.0	758.572	31.16816666666667	38.68866666666666	41.398166666666654	31.132602	38.679674	41.394018	52.09232893137985	4243922.0	70.73203333333333	6407.8	1920	856	24.0	10	48a2612dfa184834230ee1ac724dad59	8368263989da33f5dd69175f637c8753	1920	856	18740.0	5.0	2885.0	21807.0	True	True	0.9169848918914795	0.9270727502158885
Netflix_RollerCoaster_1280x720_6	Netflix_RollerCoaster_1280x720_6	svtav1	svtav1_20200204_9243e76_enc-mode0	60	20	0	8522200.0	8522.2	44.98483333333335	46.791000000000025	46.79816666666667	44.958589	46.77843599999999	46.789571	99.92965208824508	5244873.0	87.41455	8468.83	1280	720	60.0	8	1b287b5f844606b2e17adb309ace172e	572bccad9d180814231c1d3a7c090c0a	1280	720	8012.0	8.0	1570.0	10431.0	True	True	0.9979790469010671	0.9976024490955052
Netflix_RollerCoaster_1280x720_6	Netflix_RollerCoaster_1280x720_6	svtav1	svtav1_20200204_9243e76_enc-mode0	60	32	0	4239200.0	4239.2	42.61099999999999	45.08900000000003	45.43866666666667	42.57305	45.074216	45.430973	99.86906545468122	3352948.0	55.882466666666666	5464.34	1280	720	60.0	8	eb8d6ce2c1ea9d196839dbcfe89fbd52	1f22b94d95a9d772eb3e145afc10b287	1280	720	5890.0	13.0	1312.0	11192.0	True	True	0.9964552025000254	0.9959662494447864
Netflix_RollerCoaster_1280x720_6	Netflix_RollerCoaster_1280x720_6	svtav1	svtav1_20200204_9243e76_enc-mode0	60	43	0	2167448.0	2167.448	40.103833333333334	43.127500000000026	43.87233333333333	40.049726	43.104893999999994	43.863452	97.72623415704761	2462525.0	41.04208333333333	4004.97	1280	720	60.0	8	9475493cdc73935e70c21da3a90fc609	bd908fccd5f5504ccdbca005f056f1c0	1280	720	5918.0	6.0	1066.0	10198.0	True	True	0.9932838519414265	0.9927500855096425
Netflix_RollerCoaster_1280x720_6	Netflix_RollerCoaster_1280x720_6	svtav1	svtav1_20200204_9243e76_enc-mode0	60	55	0	967968.0	967.968	36.701833333333326	40.19700000000001	41.549666666666646	36.660935	40.171804	41.535862	88.12229894789321	2569227.0	42.82045	4088.06	1280	720	60.0	8	ad5e354be8ab59d12d8db42f53c5a75f	feb57737f5c146e0430c415a03117ea3	1280	720	5988.0	5.0	1464.0	15124.0	True	True	0.9824112226565679	0.9826648822983194
Netflix_RollerCoaster_1280x720_6	Netflix_RollerCoaster_1280x720_6	svtav1	svtav1_20200204_9243e76_enc-mode0	60	59	0	659320.0	659.32	34.904333333333334	38.55066666666667	40.24449999999999	34.874142	38.527349	40.232041	79.88785887767139	1667526.0	27.7921	2601.03	1280	720	60.0	8	fdf239f1faadbdcc37c2b56aa55265bc	5adf767b7b246f7c477c56e78f7ab9ad	1280	720	5769.0	6.0	1061.0	11117.0	True	True	0.9711797326803208	0.9731689040577002
rush_hour_1080p25_60f	rush_hour_1080p25_60f	svtav1	svtav1_20200204_9243e76_enc-mode0	60	20	0	5642376.0	5642.376	43.134000000000015	46.91383333333332	48.931666666666686	43.132027	46.910347	48.927879	97.2732310538379	8402137.0	140.03561666666667	13168.16	1920	1080	25.0	8	0ce66bbe4818cf449e71accb8680c2a6	78418c35ab964fdd4a2ca1d1fcbb7fee	1920	1080	10426.0	4.0	3048.0	23921.0	True	True	0.9965769280989965	0.9926227934516814
rush_hour_1080p25_60f	rush_hour_1080p25_60f	svtav1	svtav1_20200204_9243e76_enc-mode0	60	32	0	2610590.0	2610.5900000000006	42.20816666666666	45.91366666666668	47.66566666666666	42.204274000000005	45.911591	47.660253	93.464707202268	6335468.0	105.59113333333333	10433.91	1920	1080	25.0	8	13616f12faf2c9aa50d910ce08a6952f	9a5f0428d7b857684fb7dab309eed992	1920	1080	10798.0	6.0	2683.0	24835.0	True	True	0.9943563729524613	0.9904605081383184
rush_hour_1080p25_60f	rush_hour_1080p25_60f	svtav1	svtav1_20200204_9243e76_enc-mode0	60	43	0	1245256.0	1245.256	40.83849999999999	44.77933333333331	46.235833333333325	40.821885	44.775357	46.225708000000004	86.19712896546478	5613083.0	93.55138333333333	8595.72	1920	1080	25.0	8	969e7cb8a1d5db8e2b7452075fd810dc	f901ab3f6b699efad90f5304bf294f6e	1920	1080	14508.0	5.0	2142.0	24212.0	True	True	0.9902579079071681	0.9867945738161443
rush_hour_1080p25_60f	rush_hour_1080p25_60f	svtav1	svtav1_20200204_9243e76_enc-mode0	60	55	0	545696.0	545.696	38.67266666666667	43.12916666666667	44.29	38.637381	43.12439200000001	44.275322	73.37540728851295	3801998.0	63.36663333333333	6255.29	1920	1080	25.0	8	4bcd62ea6af8d1153fe057db163b50a6	c76e70b51e53195c45bdf311bdee458d	1920	1080	11185.0	13.0	2082.0	28429.0	True	True	0.9810271104176839	0.9789628295749535
rush_hour_1080p25_60f	rush_hour_1080p25_60f	svtav1	svtav1_20200204_9243e76_enc-mode0	60	59	0	370903.0	370.903	37.445666666666675	42.098	43.06166666666669	37.411727	42.092578	43.046251	65.65339527435047	2684007.0	44.73345	4399.53	1920	1080	25.0	8	a9f4fad2ce8b194f87a28de569c412b7	edc812e0d35b3c9621486f2cad7206a2	1920	1080	10780.0	3.0	1627.0	25006.0	True	True	0.9732642610867818	0.9725692151348185
ducks_1920x1080_50fps_10b	ducks_1920x1080_50fps_10b	svtav1	svtav1_20200204_9243e76_enc-mode0	60	20	0	120537740.0	120537.74	39.328	39.5615	41.592666666666666	39.297177	39.535277	41.567046	99.07107151487176	16421813.0	273.69688333333335	28536.62	1920	1080	50.0	10	b3e5aedc7c506ce98b04d27f0f236bd8	c3abffb2fb641afc9d504225575b5e15	1920	1080	22605.0	4.0	10413.0	24145.0	True	True	0.9990032980839412	0.996337230744663
ducks_1920x1080_50fps_10b	ducks_1920x1080_50fps_10b	svtav1	svtav1_20200204_9243e76_enc-mode0	60	32	0	31542753.0	31542.753	35.205	36.973	39.97199999999999	35.173127	36.9481	39.955876	93.68146957843787	10118536.0	168.64226666666667	16551.02	1920	1080	50.0	10	ccf004efb8f045976b17f2cee9323ecb	1f254c5de2682be7fdbd82b471e807f9	1920	1080	22901.0	4.0	5575.0	24370.0	True	True	0.9967044999202093	0.9901863867591767
ducks_1920x1080_50fps_10b	ducks_1920x1080_50fps_10b	svtav1	svtav1_20200204_9243e76_enc-mode0	60	43	0	10669593.0	10669.593	33.1095	35.14933333333334	38.60483333333334	33.081554	35.109388	38.592535	84.607751850444	8303258.0	138.38763333333333	13281.01	1920	1080	50.0	10	1e550010e9b6419d39f468c8e5f514f0	54ccdb2f1b919d1dad0730ee4390e0c0	1920	1080	23031.0	4.0	3538.0	24138.0	True	True	0.991190563639005	0.9817230321815932
ducks_1920x1080_50fps_10b	ducks_1920x1080_50fps_10b	svtav1	svtav1_20200204_9243e76_enc-mode0	60	55	0	3718966.0	3718.966	30.512666666666664	33.073	37.30283333333334	30.472741	33.031274	37.297211	67.11184074169388	5576632.0	92.94386666666666	8623.98	1920	1080	50.0	10	5317d7b803d14445aba76ab092e33d7f	e1005eb1bb4fc0f5bc131512c36f3944	1920	1080	24891.0	3.0	3590.0	25974.0	True	True	0.9742529551188152	0.9606621668744233
ducks_1920x1080_50fps_10b	ducks_1920x1080_50fps_10b	svtav1	svtav1_20200204_9243e76_enc-mode0	60	59	0	2382966.0	2382.966	29.306999999999984	32.15500000000001	36.64416666666666	29.266715	32.120841	36.641833	57.49361370304381	4671501.0	77.85835	7064.89	1920	1080	50.0	10	7827996913565090ad976e5cc412f306	dce9389b6df2eec8bf437f578ec3c055	1920	1080	21141.0	5.0	3221.0	24483.0	True	True	0.9603862424691518	0.9449003874926649
aspen_1080p_60f	aspen_1080p_60f	svtav1	svtav1_20200204_9243e76_enc-mode0	60	20	0	8719703.0	8719.703	44.08983333333333	48.01833333333332	49.141833333333324	44.078981	48.016452	49.140188	97.98882160689557	6812584.0	113.54306666666666	11917.75	1920	1080	29.97	8	3a3a94d5789ba5de7320a7aea402d0db	1bce220483b0512508f7424ed8ea1e22	1920	1080	9890.0	3.0	2968.0	23528.0	True	True	0.9960854242245356	0.9925843980754758
aspen_1080p_60f	aspen_1080p_60f	svtav1	svtav1_20200204_9243e76_enc-mode0	60	32	0	2548982.0	2548.9819999999995	42.13066666666666	46.97966666666667	48.12816666666665	42.11793	46.97719	48.125146	93.98483017408437	5442417.0	90.70695	7993.15	1920	1080	29.97	8	a2fdc651aab6b499ef9a70f59c16c0a7	9a1a6040cde34966c9a14af92e7efbd0	1920	1080	9081.0	4.0	2245.0	24617.0	True	True	0.9939600934584936	0.9896366335199995
aspen_1080p_60f	aspen_1080p_60f	svtav1	svtav1_20200204_9243e76_enc-mode0	60	43	0	1070433.0	1070.433	40.664500000000004	45.70416666666667	46.736833333333315	40.644014	45.699502	46.732558	88.58021625908468	4916035.0	81.93391666666666	8136.0	1920	1080	29.97	8	9eddd52193a72da535a7a7e77972ae7e	0467562b74ada6cfb3dfc957e3a221f4	1920	1080	11922.0	7.0	2711.0	24945.0	True	True	0.9911001046498616	0.986399293562506
aspen_1080p_60f	aspen_1080p_60f	svtav1	svtav1_20200204_9243e76_enc-mode0	60	55	0	456916.0	456.916	38.53483333333333	43.52933333333332	44.422666666666686	38.510118	43.52420300000001	44.419456	78.55291056697784	3955812.0	65.9302	6228.5	1920	1080	29.97	8	5af0c0ef152bebcca58b2c56826b1058	9085bada09a4f89e0ca587e5ea761a17	1920	1080	9649.0	7.0	1711.0	32402.0	True	True	0.9840492516756058	0.9791353912385379
aspen_1080p_60f	aspen_1080p_60f	svtav1	svtav1_20200204_9243e76_enc-mode0	60	59	0	300128.0	300.128	36.938166666666675	42.20399999999999	42.883166666666654	36.91067	42.198351	42.879858	68.9559125890858	2696388.0	44.9398	4190.89	1920	1080	29.97	8	08f6beb609895d3b4e4bc4d0b70e6494	955662acde1b6a9ebcd02f7ea3091df3	1920	1080	9771.0	9.0	2018.0	25487.0	True	True	0.9749554445346197	0.9702813249752765
life_1080p30_60f	life_1080p30_60f	svtav1	svtav1_20200204_9243e76_enc-mode0	60	20	0	12559248.0	12559.248	44.46866666666668	49.646500000000024	49.219833333333334	44.457904	49.63773	49.212348	99.49563032786142	7960221.0	132.67035	13253.84	1920	1080	30.0	8	85bc3850566cc4ad3df01b86c727e30d	35fa0b36af5f359f1d71aeef69fe0978	1920	1080	13592.0	4.0	3545.0	24257.0	True	True	0.9991819689671199	0.9978957075797725
life_1080p30_60f	life_1080p30_60f	svtav1	svtav1_20200204_9243e76_enc-mode0	60	32	0	5942224.0	5942.224	41.581666666666656	47.499833333333314	47.159166666666664	41.563347	47.487738	47.15059	97.78529992272588	6409326.0	106.8221	10342.3	1920	1080	30.0	8	53dbc918b9b5bb99ef96bba502a1be0c	ab65a88b977a7a2634d495ffb63c800d	1920	1080	13307.0	4.0	2858.0	24220.0	True	True	0.9984577874342601	0.9962774281491505
life_1080p30_60f	life_1080p30_60f	svtav1	svtav1_20200204_9243e76_enc-mode0	60	43	0	2914400.0	2914.4	38.79650000000001	45.48766666666668	45.29366666666667	38.769574	45.467449	45.280182	94.57582949157877	5544767.0	92.41278333333334	8907.94	1920	1080	30.0	8	1f3c01ad6ae9a16fcf1e71f069d26918	839cb7319f772562219b1773afe7b6b5	1920	1080	18029.0	12.0	2388.0	23412.0	True	True	0.9967205474774042	0.9927364608945777
life_1080p30_60f	life_1080p30_60f	svtav1	svtav1_20200204_9243e76_enc-mode0	60	55	0	1169576.0	1169.576	35.074	42.474333333333334	42.3025	35.058994	42.458778	42.28923	87.00046030887196	4533866.0	75.56443333333333	7170.75	1920	1080	30.0	8	15270b856ea44fc67c31daa151a0d21e	074470c9499a4c9819681c2138ee04ad	1920	1080	18147.0	21.0	2216.0	27487.0	True	True	0.9893701881170273	0.9787131222618245
life_1080p30_60f	life_1080p30_60f	svtav1	svtav1_20200204_9243e76_enc-mode0	60	59	0	748480.0	748.48	33.43816666666667	41.022666666666666	40.729333333333344	33.429745	41.01483	40.72476100000001	80.85748014458558	2961051.0	49.35085	4886.31	1920	1080	30.0	8	bd42cd8b9c90c842c16da2bff296d6b0	d49306fbd2d99d856e09bdab4bfbff7e	1920	1080	12477.0	24.0	1595.0	23537.0	True	True	0.9794696718454361	0.9632292515890213
Netflix_SquareAndTimelapse_1920x	Netflix_SquareAndTimelapse_1920x	svtav1	svtav1_20200204_9243e76_enc-mode0	60	20	0	20822520.0	20822.52	44.689	48.98516666666665	48.149499999999996	44.671788	48.978926	48.139385	99.91255917772278	8919726.0	148.6621	14530.92	1920	1080	60.0	8	8395e38e36955c412e1b024b4729f5af	4b3e951419831ae1238321e653af3ea8	1920	1080	14663.0	10.0	3232.0	23549.0	True	True	0.9992002934217453	0.997980926316926
Netflix_SquareAndTimelapse_1920x	Netflix_SquareAndTimelapse_1920x	svtav1	svtav1_20200204_9243e76_enc-mode0	60	32	0	11527536.0	11527.536	42.15399999999999	47.18283333333334	46.13516666666666	42.129608	47.17402	46.122978	99.88392303202892	6886297.0	114.77161666666667	11233.94	1920	1080	60.0	8	d3b4a9d58062fcfc1244e35384d898e9	130a7a89dd38366bc93db005745f0a07	1920	1080	13183.0	7.0	2893.0	24498.0	True	True	0.9983304550250371	0.9962271920370498
Netflix_SquareAndTimelapse_1920x	Netflix_SquareAndTimelapse_1920x	svtav1	svtav1_20200204_9243e76_enc-mode0	60	43	0	6396616.0	6396.616	39.34816666666667	45.26299999999999	43.989833333333316	39.304088	45.251649	43.974161	98.63818611337595	6212221.0	103.53701666666667	9685.78	1920	1080	60.0	8	1433b027cf271f763a141589978511e7	c5c325c2b92739bce5e5597c1422cd12	1920	1080	21836.0	13.0	2314.0	24039.0	True	True	0.9961925615866979	0.9925067787732199
Netflix_SquareAndTimelapse_1920x	Netflix_SquareAndTimelapse_1920x	svtav1	svtav1_20200204_9243e76_enc-mode0	60	55	0	2875920.0	2875.92	35.40416666666666	42.19666666666667	40.79566666666666	35.367411999999995	42.186432	40.782926	87.9318527143153	4165374.0	69.4229	6463.1	1920	1080	60.0	8	c568d0dcc8f855a416ef1121b339596f	5aa514407be4752132ce4d80a920e454	1920	1080	12853.0	19.0	2148.0	24303.0	True	True	0.9877086877822876	0.9801214666581288
Netflix_SquareAndTimelapse_1920x	Netflix_SquareAndTimelapse_1920x	svtav1	svtav1_20200204_9243e76_enc-mode0	60	59	0	1900320.0	1900.32	33.33050000000001	40.21900000000003	38.941833333333314	33.31009	40.216719	38.93761299999999	78.74500291421448	4499584.0	74.99306666666666	7423.18	1920	1080	60.0	8	e03a718db52198913f65032cd8e32f93	53a267ec10367d2faaac8ea70952c94f	1920	1080	15155.0	2.0	1779.0	24310.0	True	True	0.9774407049020132	0.9668819475024539
Netflix_TunnelFlag_1920x1080_60f	Netflix_TunnelFlag_1920x1080_60f	svtav1	svtav1_20200204_9243e76_enc-mode0	60	20	0	28258968.0	28258.968	42.982166666666664	46.92466666666667	48.45733333333333	42.949391	46.913523000000005	48.452796	99.94448633709602	9327927.0	155.46545	15278.53	1920	1080	60.0	8	ad426115f2f0ac84fe086ba1fd9e3029	c421c178f8a52a52bf000061f648ce1a	1920	1080	12469.0	4.0	3788.0	23669.0	True	True	0.9986930201450984	0.9966613526004263
Netflix_TunnelFlag_1920x1080_60f	Netflix_TunnelFlag_1920x1080_60f	svtav1	svtav1_20200204_9243e76_enc-mode0	60	32	0	13967160.0	13967.16	40.58450000000001	45.33916666666668	47.19933333333333	40.547691	45.334804	47.196121999999995	99.91796945060521	8624019.0	143.73365	13823.01	1920	1080	60.0	8	eadc35504da75f2608c52578b227edd2	c2ffde3b39cdab875763a0c30f0f68d2	1920	1080	15118.0	3.0	2821.0	22807.0	True	True	0.997597286105156	0.9943070531545088
Netflix_TunnelFlag_1920x1080_60f	Netflix_TunnelFlag_1920x1080_60f	svtav1	svtav1_20200204_9243e76_enc-mode0	60	43	0	6961608.0	6961.607999999999	38.07416666666667	43.3935	45.75333333333333	38.022328	43.391162	45.748738	99.88661727248221	6059604.0	100.9934	9810.04	1920	1080	60.0	8	8b538e7e7e7b8db798932d72673f107f	a2353c295b18bed9b38f66d604d967ec	1920	1080	12444.0	3.0	2470.0	23507.0	True	True	0.9953099062045415	0.990164288557912
Netflix_TunnelFlag_1920x1080_60f	Netflix_TunnelFlag_1920x1080_60f	svtav1	svtav1_20200204_9243e76_enc-mode0	60	55	0	3233864.0	3233.864	35.105999999999995	40.50850000000001	43.30183333333334	35.073765	40.507888	43.298523	99.79211962741698	4258720.0	70.97866666666667	6655.82	1920	1080	60.0	8	f9e3929509346ea5db69c97601db9c4b	176623d2f82286fb4eea0da15402bf77	1920	1080	11652.0	2.0	1997.0	23359.0	True	True	0.990735407670339	0.983529303745133
Netflix_TunnelFlag_1920x1080_60f	Netflix_TunnelFlag_1920x1080_60f	svtav1	svtav1_20200204_9243e76_enc-mode0	60	59	0	2389424.0	2389.424	33.707	39.335833333333326	41.898166666666675	33.687118	39.334819	41.895705	99.66918293390059	4723644.0	78.7274	7668.38	1920	1080	60.0	8	1d7a080176b80d12921e618a71be3fe4	2947c2e1bc92874160f18baa24a86f0f	1920	1080	12816.0	6.0	2530.0	26740.0	True	True	0.9875496168931325	0.979618578794458
ducks_take_off_1080p50_60f	ducks_take_off_1080p50_60f	svtav1	svtav1_20200204_9243e76_enc-mode0	60	20	0	116504253.0	116504.253	39.067000000000014	39.33116666666668	41.40683333333333	39.033981	39.302	41.3817	98.88285616578135	14638523.0	243.97538333333333	25434.53	1920	1080	50.0	8	ab3bfa8eff7a778800dcc37dc468a290	76adcefa14dfb7abaf227391694e4242	1920	1080	16001.0	5.0	8511.0	23984.0	True	True	0.9989330569903055	0.9961206447364807
ducks_take_off_1080p50_60f	ducks_take_off_1080p50_60f	svtav1	svtav1_20200204_9243e76_enc-mode0	60	32	0	32615253.0	32615.253	35.206	36.951499999999996	39.89866666666667	35.172596	36.927242	39.884211	93.73094639378176	7452410.0	124.20683333333334	13573.54	1920	1080	50.0	8	eb140408b2e232e72afbfa9b883e1254	88dcf8fb2f7904bf20f23d55d30dec9e	1920	1080	15163.0	5.0	4251.0	23665.0	True	True	0.9967271715402604	0.9902304406517647
ducks_take_off_1080p50_60f	ducks_take_off_1080p50_60f	svtav1	svtav1_20200204_9243e76_enc-mode0	60	43	0	10716333.0	10716.333	33.079166666666666	35.09233333333334	38.5035	33.051445	35.05315600000001	38.49131	84.68645832577297	6078220.0	101.30366666666667	9586.67	1920	1080	50.0	8	5ad219377e2bca036dc8499d9603b905	e2a74ecfefb3daefe943b24190d29855	1920	1080	15199.0	4.0	2864.0	23765.0	True	True	0.9911709348360698	0.9816792684350683
ducks_take_off_1080p50_60f	ducks_take_off_1080p50_60f	svtav1	svtav1_20200204_9243e76_enc-mode0	60	55	0	3720446.0	3720.4460000000004	30.49183333333333	33.021	37.204666666666675	30.452657	32.979048	37.198443	67.31091682747568	4112255.0	68.53758333333333	6362.16	1920	1080	50.0	8	5c5d2d81c77d45285926196edda39d77	57f4e2e9e7b19e839bcb76170a2c6a7f	1920	1080	15570.0	5.0	1990.0	24218.0	True	True	0.9742394198973974	0.9606818543503935
ducks_take_off_1080p50_60f	ducks_take_off_1080p50_60f	svtav1	svtav1_20200204_9243e76_enc-mode0	60	59	0	2395626.0	2395.6259999999997	29.296833333333318	32.130833333333335	36.58883333333333	29.255883	32.095832	36.586103	57.72137913254339	3659691.0	60.99485	5610.28	1920	1080	50.0	8	b76fafc04e2014cd2b25154a480d5709	99ee50433cc7454aa27eb7266599b172	1920	1080	16606.0	4.0	1830.0	24057.0	True	True	0.9604245771964391	0.9450225163694633
touchdown_pass_1080p_60f	touchdown_pass_1080p_60f	svtav1	svtav1_20200204_9243e76_enc-mode0	60	20	0	20420335.0	20420.335	40.73966666666665	48.108333333333334	48.25516666666666	40.698834	48.099974	48.246084	96.42093782969712	10774765.0	179.57941666666667	18168.06	1920	1080	29.97	8	cc6ba103a9ad50bbd9cb46e3ef4b492f	6c069ee0bd29f71d93236cbb9e7e28c5	1920	1080	13211.0	3.0	5263.0	23429.0	True	True	0.9959663321574529	0.9912207395738586
touchdown_pass_1080p_60f	touchdown_pass_1080p_60f	svtav1	svtav1_20200204_9243e76_enc-mode0	60	32	0	4739712.0	4739.712	38.713833333333326	47.361166666666676	47.493	38.696637	47.355601	47.485659000000005	94.33668725062486	5633855.0	93.89758333333333	9259.02	1920	1080	29.97	8	e004001cc0be5e08c244d3904be89628	5ba67f9fb3fa416e262102e52c2c818d	1920	1080	13414.0	3.0	2477.0	26240.0	True	True	0.9939296642939249	0.9868425072198662
touchdown_pass_1080p_60f	touchdown_pass_1080p_60f	svtav1	svtav1_20200204_9243e76_enc-mode0	60	43	0	2075862.0	2075.862	37.474333333333334	46.41083333333335	46.455333333333336	37.452434	46.406416	46.449667	91.46658846459312	4316017.0	71.93361666666667	6964.52	1920	1080	29.97	8	70adbab59fec2bffddb410e0035cd0fe	4441f716b9fd1a0853596cf91d0dbcae	1920	1080	13432.0	6.0	1946.0	24865.0	True	True	0.9914407322804133	0.9824234430534019
touchdown_pass_1080p_60f	touchdown_pass_1080p_60f	svtav1	svtav1_20200204_9243e76_enc-mode0	60	55	0	823697.0	823.697	35.051833333333335	44.44433333333334	44.53549999999999	35.026483	44.440972	44.530714	81.95640431412707	3595678.0	59.92796666666667	5593.72	1920	1080	29.97	8	b99770c40f7360c3b75d73db093368d7	c852842e06cdeb3263a9a50147952e37	1920	1080	13246.0	4.0	1949.0	26752.0	True	True	0.9790707399447759	0.9633890377668307
touchdown_pass_1080p_60f	touchdown_pass_1080p_60f	svtav1	svtav1_20200204_9243e76_enc-mode0	60	59	0	503584.0	503.584	33.37616666666666	43.35983333333334	43.512833333333305	33.350205	43.35838	43.50862	72.0080997359118	3068158.0	51.13596666666667	4856.46	1920	1080	29.97	8	98f3fb92a8c614eea78a630122a0a98f	aaf32ad597f67dfae081d7d107ae8f6c	1920	1080	18845.0	22.0	1771.0	26146.0	True	True	0.9540931095679601	0.9338592763508251
ToddlerFountn_1920x1080_2997_10b	ToddlerFountn_1920x1080_2997_10b	svtav1	svtav1_20200204_9243e76_enc-mode0	60	20	0	58391388.0	58391.388	41.42516666666664	46.48749999999999	43.95900000000002	41.330437	46.469374	43.922981	99.91775069458626	12935358.0	215.5893	23533.91	1920	1080	29.97	10	68381959b59c6d563180d55a87135274	7a6c9498d5dfe28807a8bed4dbf707c7	1920	1080	21624.0	6.0	8676.0	23560.0	True	True	0.997933421532313	0.995406738182654
ToddlerFountn_1920x1080_2997_10b	ToddlerFountn_1920x1080_2997_10b	svtav1	svtav1_20200204_9243e76_enc-mode0	60	32	0	29007095.0	29007.095000000005	37.159	44.96533333333334	41.97766666666666	37.054949	44.95646	41.95606	99.87739288723664	12336305.0	205.60508333333334	20625.67	1920	1080	29.97	10	149a3ba2b44f3117d0daac78296da91b	f0f20a03ae785d7996e5b93ac3e53cf0	1920	1080	20959.0	9.0	6605.0	23006.0	True	True	0.9934222171703975	0.9869900401068332
ToddlerFountn_1920x1080_2997_10b	ToddlerFountn_1920x1080_2997_10b	svtav1	svtav1_20200204_9243e76_enc-mode0	60	43	0	12639937.0	12639.937	33.415166666666686	43.467499999999994	40.473333333333336	33.325715	43.460967	40.462857	89.60772417581815	11265480.0	187.758	18854.4	1920	1080	29.97	10	83d380602fe7dcac44d9bf0569588699	f423b9938ebc789a2946b8a749b56c16	1920	1080	23188.0	2.0	5008.0	23191.0	True	True	0.9797560423612595	0.9661065725525526
ToddlerFountn_1920x1080_2997_10b	ToddlerFountn_1920x1080_2997_10b	svtav1	svtav1_20200204_9243e76_enc-mode0	60	55	0	4495060.0	4495.06	29.996333333333336	41.798666666666676	39.239999999999995	29.94411	41.797198	39.237313	66.29074568760088	8176009.0	136.26681666666667	12757.43	1920	1080	29.97	10	24d4584cef2906d3150fe1de4c7c95f8	9aaeaf0e345b7a83a0638e1b7d1463b1	1920	1080	21499.0	5.0	4177.0	24243.0	True	True	0.9384269088506698	0.9171081305959299
ToddlerFountn_1920x1080_2997_10b	ToddlerFountn_1920x1080_2997_10b	svtav1	svtav1_20200204_9243e76_enc-mode0	60	59	0	2815758.0	2815.758	28.772833333333335	41.09433333333332	38.794500000000006	28.732522	41.09300700000001	38.791742	54.75499879926905	6644304.0	110.7384	10516.4	1920	1080	29.97	10	4ed1b35980ae11e726627b9fab8c3d22	9a153c9fd25d9039fa3cfc09c0209de4	1920	1080	22178.0	4.0	3609.0	23991.0	True	True	0.9095414489507675	0.8878324679675385
MINECRAFT_60f_420	MINECRAFT_60f_420	svtav1	svtav1_20200204_9243e76_enc-mode0	60	20	0	85062368.0	85062.368	43.77766666666668	46.06766666666668	46.656500000000015	43.625102	45.908162999999995	46.531608	99.95145041319192	12903726.0	215.0621	20763.09	1920	1080	60.0	8	744d06f35586881212eb63212371e35c	84c9d893f12c822c41e8797af6fe5224	1920	1080	15741.0	3.0	7873.0	23048.0	True	True	0.9983511130015056	0.997256699060227
MINECRAFT_60f_420	MINECRAFT_60f_420	svtav1	svtav1_20200204_9243e76_enc-mode0	60	32	0	50492128.0	50492.128	39.332333333333345	44.25616666666667	44.771666666666654	39.093011	44.136518	44.686382	99.92546997768953	12461538.0	207.6923	18581.39	1920	1080	60.0	8	f3a27bcccc59aefdd4bcbef7c5ff8538	1049f1e70cfe00a04a442a67ddf52111	1920	1080	13622.0	4.0	6367.0	23248.0	True	True	0.9957289983828862	0.9928004032092754
MINECRAFT_60f_420	MINECRAFT_60f_420	svtav1	svtav1_20200204_9243e76_enc-mode0	60	43	0	23083440.0	23083.44	35.008166666666675	42.6245	42.95366666666667	34.727468	42.544719	42.888988	96.6410104750741	10767750.0	179.4625	15929.88	1920	1080	60.0	8	cb84beb41a41c952b2aa7f8ac5ea5e09	e762b862d69f0bacb41d1b8f63436eae	1920	1080	14764.0	5.0	4594.0	25373.0	True	True	0.9882617652416229	0.9810421527254873
MINECRAFT_60f_420	MINECRAFT_60f_420	svtav1	svtav1_20200204_9243e76_enc-mode0	60	55	0	8441528.0	8441.528	31.48233333333333	40.51033333333333	40.565666666666665	31.325112	40.469321	40.523144	82.88989666521545	8404813.0	140.08021666666667	13275.59	1920	1080	60.0	8	0c1384bdaed1224be353d993b4d25b48	811240145bfefad946daf606ed905ae1	1920	1080	13048.0	3.0	2634.0	24015.0	True	True	0.9673064519961675	0.9525234682982737
MINECRAFT_60f_420	MINECRAFT_60f_420	svtav1	svtav1_20200204_9243e76_enc-mode0	60	59	0	5198448.0	5198.448	30.199166666666663	39.442833333333326	38.967166666666664	30.109355	39.421816	38.934783	74.64064229385703	8843372.0	147.38953333333333	12606.67	1920	1080	60.0	8	bd99e8dfe38f317ff3e704274dac637f	46a51c34092210fe9271d589d84939af	1920	1080	13076.0	4.0	2117.0	23685.0	True	True	0.9473667720953624	0.9284042733473348
wikipedia_420	wikipedia_420	svtav1	svtav1_20200204_9243e76_enc-mode0	60	20	0	1633832.0	1633.832	55.44233333333331	52.71983333333335	53.6315	55.428932	52.55727	53.567294	99.83888911392846	5873740.0	97.89566666666667	8606.17	1920	1080	30.0	8	4ec5ea06267bd4692e0489037648e485	f255ebc7a6d9435b278e275261f11e1e	1920	1080	9610.0	5.0	1021.0	23688.0	True	True	0.9993954529364903	0.9991405874792226
wikipedia_420	wikipedia_420	svtav1	svtav1_20200204_9243e76_enc-mode0	60	32	0	927112.0	927.112	51.199499999999986	50.70716666666666	51.91083333333335	51.19097	50.552493	51.85631	99.82208505588663	5264896.0	87.74826666666667	8174.08	1920	1080	30.0	8	0bf0bcea5bd5e14f0deb6a0dec803888	62f10242d82652e1b736c176096c2207	1920	1080	8733.0	3.0	704.0	23291.0	True	True	0.9990427255630493	0.9984473285182237
wikipedia_420	wikipedia_420	svtav1	svtav1_20200204_9243e76_enc-mode0	60	43	0	626804.0	626.804	48.65833333333332	48.67499999999999	50.08183333333333	48.642573	48.563849	50.033775	99.78912970356538	6341905.0	105.69841666666666	8604.16	1920	1080	30.0	8	84dc3f8eac5689b9d69097848fd25ff6	ef0f814c6fbe78273563ae70b75b8063	1920	1080	9974.0	5.0	944.0	25803.0	True	True	0.9986931453148524	0.9979467517330911
wikipedia_420	wikipedia_420	svtav1	svtav1_20200204_9243e76_enc-mode0	60	55	0	419620.0	419.62	44.09916666666667	45.77383333333334	47.17100000000001	44.080298	45.728784	47.14088	99.59411061694446	6497245.0	108.28741666666667	8682.27	1920	1080	30.0	8	b7d1ba60f1538933f59f058f571bfef4	f420e868d316ce599683a3ecae77ffe1	1920	1080	11849.0	4.0	749.0	22680.0	True	True	0.9980251431465149	0.997202694196639
wikipedia_420	wikipedia_420	svtav1	svtav1_20200204_9243e76_enc-mode0	60	59	0	335020.0	335.0199999999999	41.019000000000005	43.67433333333334	45.08866666666668	41.002326	43.62915	45.056902	99.32274783595254	6699093.0	111.65155	8862.07	1920	1080	30.0	8	bd1f0e265af5c5a3d471049ea8e9f8d9	640cacb36e12d8391350aab46152adcc	1920	1080	11608.0	16.0	764.0	23180.0	True	True	0.9969835668802262	0.9961254962782
