KristenAndSara_1280x720_60f	KristenAndSara_1280x720_60f	svtav1	svtav1_20191121_ebd9c80	60	20	3414120.0	3414.12	44.676166666666674	49.01416666666666	49.93316666666667	44.670611	49.013164	49.931558	96.938924	3156749.0	52.61248333333333	1280	720	60.0	8	c36706d6e1cd422c6a966b140827e399	9f8e083e7877d7bbe8965a84d485169e	1280	720	8278.0	9.0	7000.0	3033.0	False	False
KristenAndSara_1280x720_60f	KristenAndSara_1280x720_60f	svtav1	svtav1_20191121_ebd9c80	60	32	1359592.0	1359.592	43.52816666666664	48.311	49.20016666666666	43.51913	48.308128	49.197975	96.126056	2292583.0	38.209716666666665	1280	720	60.0	8	1efd1af7ed7082b8cd22f7ca0057265e	98dc68e212066d754942c8cacadcec03	1280	720	8070.0	38.0	3404.0	2696.0	False	False
KristenAndSara_1280x720_60f	KristenAndSara_1280x720_60f	svtav1	svtav1_20191121_ebd9c80	60	43	718408.0	718.408	42.225166666666674	47.300833333333344	48.184000000000005	42.211302	47.297374	48.18184	94.521803	1678672.0	27.977866666666667	1280	720	60.0	8	d02315cb33fce9b5334b6a9c1b64636b	36112b08465190736668c4fd2d0b4ef1	1280	720	8454.0	11.0	2736.0	2647.0	False	False
KristenAndSara_1280x720_60f	KristenAndSara_1280x720_60f	svtav1	svtav1_20191121_ebd9c80	60	55	318496.0	318.496	39.54766666666667	44.82400000000002	45.84799999999999	39.527706	44.818341	45.844936	89.423728	1480129.0	24.668816666666668	1280	720	60.0	8	6c59f6515bd8567b558a06da3ea55ca0	5e88959bf5ba7da52995b05a5a545bbf	1280	720	8792.0	9.0	2452.0	2748.0	False	False
KristenAndSara_1280x720_60f	KristenAndSara_1280x720_60f	svtav1	svtav1_20191121_ebd9c80	60	59	208424.0	208.424	37.58883333333333	43.132999999999974	44.28933333333336	37.5738	43.12875999999999	44.284989	83.85344	1252682.0	20.878033333333335	1280	720	60.0	8	116853716974210a9ff64b8bf25dc017	4820d65fc4450b01b21f13558a7c09e2	1280	720	8822.0	33.0	2182.0	3112.0	False	False
blue_sky_360p_60f	blue_sky_360p_60f	svtav1	svtav1_20191121_ebd9c80	60	20	1341603.0	1341.603	44.28033333333334	45.57183333333334	47.27183333333334	44.23295	45.518773	47.231635	99.924797	982015.0	16.36691666666667	640	360	25.0	8	e72cc66f87a83a6a36d5c1e6805f726b	9f0b9dbeb8dc8f7a80f707194c8fec4b	640	360	3049.0	7.0	2387.0	596.0	False	False
blue_sky_360p_60f	blue_sky_360p_60f	svtav1	svtav1_20191121_ebd9c80	60	32	699246.0	699.246	41.546	43.53066666666668	45.25516666666668	41.47122	43.476287	45.215451	99.917008	781503.0	13.02505	640	360	25.0	8	85ceaeae839757cfe650f751dda21c9a	63b5b744d75898adedfde475b1af54ce	640	360	3071.0	4.0	2018.0	594.0	False	False
blue_sky_360p_60f	blue_sky_360p_60f	svtav1	svtav1_20191121_ebd9c80	60	43	368886.0	368.886	38.81516666666667	41.01566666666667	42.729166666666664	38.71126	40.953537	42.687638	99.630826	619253.0	10.320883333333333	640	360	25.0	8	60018ef0d07c61c0e939c440490bd74d	241b73d483457a7e986a1579fc3826c6	640	360	2835.0	10.0	1974.0	584.0	False	False
blue_sky_360p_60f	blue_sky_360p_60f	svtav1	svtav1_20191121_ebd9c80	60	55	167670.0	167.67	35.1455	37.28083333333335	39.37916666666667	35.070383	37.25528	39.36447	93.629873	458785.0	7.646416666666667	640	360	25.0	8	561d842fa304ebeb3a4727e7297c6e62	61657c7496cca4ff17e8313bed6cfa56	640	360	2593.0	7.0	1592.0	564.0	False	False
blue_sky_360p_60f	blue_sky_360p_60f	svtav1	svtav1_20191121_ebd9c80	60	59	107440.0	107.44	32.76033333333332	35.61766666666666	38.29733333333332	32.717855	35.605068	38.283858	87.068747	493119.0	8.21865	640	360	25.0	8	0e0b99657f9542dfcc4cdee19ac3d85f	9d6527f606607b16487c89b0a198ca4b	640	360	3375.0	38.0	1673.0	575.0	False	False
KristenAndSara_1280x720_60_10b	KristenAndSara_1280x720_60_10b	svtav1	svtav1_20191121_ebd9c80	60	20	3202792.0	3202.792	44.79983333333333	49.24566666666667	50.255166666666675	44.796629	49.244685	50.254825	96.935807	3234659.0	53.910983333333334	1280	720	60.0	10	14770f80bc0ad9e883bd2d8001ccdbed	2a50a102b1b21e8eacf2348294e2a5a0	1280	720	14253.0	39.0	5065.0	3025.0	False	False
KristenAndSara_1280x720_60_10b	KristenAndSara_1280x720_60_10b	svtav1	svtav1_20191121_ebd9c80	60	32	1229632.0	1229.632	43.44716666666667	48.19283333333332	49.184166666666684	43.440901000000004	48.191956	49.183946	95.978138	2496332.0	41.605533333333334	1280	720	60.0	10	55b57e094db1891e1e9081ef3eb58711	2981a6ad13f301520cb9f5894f0d4cb5	1280	720	11499.0	3.0	3727.0	2562.0	False	False
KristenAndSara_1280x720_60_10b	KristenAndSara_1280x720_60_10b	svtav1	svtav1_20191121_ebd9c80	60	43	706808.0	706.8079999999999	42.30433333333331	47.62333333333332	48.54850000000002	42.288075	47.619644	48.544964	94.521411	1853481.0	30.89135	1280	720	60.0	10	b4171c7a7833192511f99ddf0b16b547	9b0baf8e8217e7224cecdac291eca2a8	1280	720	13181.0	3.0	3192.0	2880.0	False	False
KristenAndSara_1280x720_60_10b	KristenAndSara_1280x720_60_10b	svtav1	svtav1_20191121_ebd9c80	60	55	321120.0	321.12	39.63400000000001	45.14766666666665	46.26049999999999	39.611718	45.141825	46.256323	89.604665	1497805.0	24.963416666666667	1280	720	60.0	10	0783735041365d5b2118d8dfb94ea342	fa02b28b95fea774c49a10a755e74772	1280	720	13272.0	13.0	2717.0	3199.0	False	False
KristenAndSara_1280x720_60_10b	KristenAndSara_1280x720_60_10b	svtav1	svtav1_20191121_ebd9c80	60	59	208520.0	208.52	37.65866666666667	43.402666666666654	44.444833333333364	37.643537	43.399062	44.442108	83.913636	1489932.0	24.8322	1280	720	60.0	10	c738b7d79a22aeadf89d588e70a7e76d	15f06edbc780fbd53ca44472ec8711ee	1280	720	11536.0	3.0	2262.0	2564.0	False	False
Netflix_RollerCoaster_1280x720_6	Netflix_RollerCoaster_1280x720_6	svtav1	svtav1_20191121_ebd9c80	60	20	8481544.0	8481.544	44.847500000000004	46.77433333333334	46.794999999999995	44.833636	46.766472	46.789252	99.916706	3533202.0	58.8867	1280	720	60.0	8	23f0be7d8296012b0ad7f1aba8d87de7	aa15f58b266275636f3698bf89b1d757	1280	720	7800.0	6.0	7949.0	2521.0	False	False
Netflix_RollerCoaster_1280x720_6	Netflix_RollerCoaster_1280x720_6	svtav1	svtav1_20191121_ebd9c80	60	32	4314728.0	4314.728	42.627833333333335	45.12116666666666	45.51716666666666	42.598009	45.104965	45.508484	99.863771	3003883.0	50.06471666666667	1280	720	60.0	8	f5123c56e71f4c6f60d559ad5757e143	e789490f44371f11dc9e167f81b89072	1280	720	8440.0	5.0	7006.0	2717.0	False	False
Netflix_RollerCoaster_1280x720_6	Netflix_RollerCoaster_1280x720_6	svtav1	svtav1_20191121_ebd9c80	60	43	2230440.0	2230.44	40.17483333333333	43.17699999999999	43.93483333333333	40.135052	43.152554	43.924476	97.76502	2212776.0	36.8796	1280	720	60.0	8	a61448034f8164f7a13e541e36ed7ba2	1dd2698260e4472bb4d34f7e91cb80d2	1280	720	7664.0	4.0	5894.0	2534.0	False	False
Netflix_RollerCoaster_1280x720_6	Netflix_RollerCoaster_1280x720_6	svtav1	svtav1_20191121_ebd9c80	60	55	991288.0	991.288	36.72083333333333	40.177666666666674	41.57016666666665	36.68569	40.151876	41.558016	88.215033	1752792.0	29.2132	1280	720	60.0	8	8f4ec3ddeeb1fd8afd9a18c68f29efc5	c9e3a180c5066ff414257bd538c42924	1280	720	7661.0	5.0	5701.0	2612.0	False	False
Netflix_RollerCoaster_1280x720_6	Netflix_RollerCoaster_1280x720_6	svtav1	svtav1_20191121_ebd9c80	60	59	691800.0	691.8	35.02700000000001	38.649499999999996	40.34149999999999	35.00029299999999	38.629948	40.330788	80.610933	1703011.0	28.383516666666665	1280	720	60.0	8	aec2c8c804f41695264893e6161aa265	2afac42cde31a26166ccdfc46079757c	1280	720	7836.0	4.0	5068.0	2651.0	False	False
gipsrestat720p_60f	gipsrestat720p_60f	svtav1	svtav1_20191121_ebd9c80	60	20	3612673.0	3612.673	44.93433333333333	47.473666666666674	49.07999999999996	44.923262	47.469439	49.077159	97.00576100000002	3466518.0	57.7753	1280	720	50.0	8	3f687bebbb17add00578a42c49cb8069	d060c6daf5f0d5f307b9771416ef3941	1280	720	9292.0	19.0	4370.0	2936.0	False	False
gipsrestat720p_60f	gipsrestat720p_60f	svtav1	svtav1_20191121_ebd9c80	60	32	1366286.0	1366.286	43.340166666666654	46.87166666666667	48.37133333333333	43.318535	46.86844	48.367382	95.829953	2223396.0	37.0566	1280	720	50.0	8	ff09233e590dbdc6964f13f176302fdd	1c0c995b79ae6cf644f318cdff6e8fc1	1280	720	8358.0	4.0	2764.0	2890.0	False	False
gipsrestat720p_60f	gipsrestat720p_60f	svtav1	svtav1_20191121_ebd9c80	60	43	714346.0	714.346	41.73749999999999	46.05383333333332	47.34583333333334	41.69555	46.051779	47.342153	94.097031	1737965.0	28.966083333333334	1280	720	50.0	8	7fe4cbde7535e9f7affe1dc9799981a5	25b3ae485664442a9b3a9d23dd5fa269	1280	720	8046.0	6.0	2247.0	4562.0	False	False
gipsrestat720p_60f	gipsrestat720p_60f	svtav1	svtav1_20191121_ebd9c80	60	55	338966.0	338.966	38.93200000000001	44.130833333333335	45.05766666666666	38.906468	44.129661000000006	45.056508	89.587122	1054606.0	17.576766666666668	1280	720	50.0	8	283a23e515ae27475520ea3398fe3f73	5da0bc2f0f772fb499dd9255664308d4	1280	720	7474.0	8.0	1671.0	2790.0	False	False
gipsrestat720p_60f	gipsrestat720p_60f	svtav1	svtav1_20191121_ebd9c80	60	59	213693.0	213.693	36.571999999999996	42.33133333333334	42.84	36.562816	42.33011	42.839592	83.792887	1092144.0	18.2024	1280	720	50.0	8	9418b1c6c3143e428029784f2bfffc13	43aae23d560f252b21a40f53fb7013b7	1280	720	8334.0	6.0	1594.0	2603.0	False	False
kirland360p_60f	kirland360p_60f	svtav1	svtav1_20191121_ebd9c80	60	20	315040.0	315.04	47.487333333333325	48.47666666666665	49.748333333333356	47.413335	48.455538	49.724877	96.086339	1094618.0	18.24363333333333	640	360	30.0	8	6492c59b9ad50e3ef3d8de73714921d8	bde34294d429fb167f4970161e3f53bc	640	360	2923.0	16.0	1700.0	897.0	False	False
kirland360p_60f	kirland360p_60f	svtav1	svtav1_20191121_ebd9c80	60	32	149336.0	149.33599999999998	46.24616666666667	48.0125	49.04950000000001	46.11044	47.991164	49.022454	94.933183	730404.0	12.1734	640	360	30.0	8	d3eb772b268b52acfd10623e7743a51b	5ad6a4f9aa0f3555edeb79c838de9973	640	360	3530.0	10.0	740.0	877.0	False	False
kirland360p_60f	kirland360p_60f	svtav1	svtav1_20191121_ebd9c80	60	43	75940.0	75.94	44.30999999999999	47.23650000000001	47.823499999999996	44.045515	47.187948	47.699821	92.365627	316200.0	5.27	640	360	30.0	8	253096c726318ad883deb047aab1f763	74aa0058d910bf38e87e35782ff92968	640	360	1679.0	4.0	549.0	546.0	False	False
kirland360p_60f	kirland360p_60f	svtav1	svtav1_20191121_ebd9c80	60	55	40652.0	40.652	41.39066666666667	46.151999999999994	46.14050000000002	41.028111	46.053813	45.859997	85.803367	375617.0	6.260283333333334	640	360	30.0	8	26fbd170be539e33a4b804664ca02cc3	0956a1c5f8caf9c05838bbf102570955	640	360	4377.0	23.0	443.0	558.0	False	False
kirland360p_60f	kirland360p_60f	svtav1	svtav1_20191121_ebd9c80	60	59	30620.0	30.62	39.653999999999996	45.33633333333333	45.09066666666666	39.252345	45.188616	44.762389	79.65435899999999	322143.0	5.36905	640	360	30.0	8	1821afd14689b1e9a6dd2f6c4973bda0	83df0f2e806ee78c81bcedc5144b3697	640	360	6141.0	121.0	554.0	902.0	False	False
STARCRAFT_60f_420	STARCRAFT_60f_420	svtav1	svtav1_20191121_ebd9c80	60	20	7800664.0	7800.664	50.49633333333334	53.554166666666674	53.528333333333336	50.484878	53.544032	53.522664	97.615748	2719575.0	45.32625	1920	1080	60.0	8	e1b205bf39545db493c135fd6a3c9d05	c22fd9d8b5786be46bab72c055198e69	1920	1080	14761.0	4.0	2841.0	5837.0	False	False
STARCRAFT_60f_420	STARCRAFT_60f_420	svtav1	svtav1_20191121_ebd9c80	60	32	4484848.0	4484.848	47.17283333333334	51.18216666666665	51.32999999999999	47.157571	51.167182	51.322084	96.858018	2809451.0	46.82418333333333	1920	1080	60.0	8	8cdfa491bcfc339879dd58c904bf4cf6	12c8e82fb1548944988d6fec40dc9741	1920	1080	15221.0	5.0	2927.0	7025.0	False	False
STARCRAFT_60f_420	STARCRAFT_60f_420	svtav1	svtav1_20191121_ebd9c80	60	43	2706616.0	2706.616	44.03216666666667	48.88616666666666	49.04200000000001	44.005882	48.861718	49.03054	95.52905	2608420.0	43.47366666666667	1920	1080	60.0	8	f3ac1c0dfe9fc4362f9a0cd844052bfb	275b2bdbd38332ac62b20269465265d7	1920	1080	16665.0	6.0	3671.0	7141.0	False	False
STARCRAFT_60f_420	STARCRAFT_60f_420	svtav1	svtav1_20191121_ebd9c80	60	55	1102264.0	1102.264	38.671166666666664	44.693499999999986	44.69616666666666	38.655559	44.67546	44.681559	90.041903	1728374.0	28.806233333333335	1920	1080	60.0	8	c5311fb43ac8d1122ba0a9feb3e9ba51	575b81e9c22059dd0f4d9ec933f124c0	1920	1080	14456.0	7.0	2624.0	5978.0	False	False
STARCRAFT_60f_420	STARCRAFT_60f_420	svtav1	svtav1_20191121_ebd9c80	60	59	653856.0	653.856	35.80366666666666	42.40933333333334	42.501333333333335	35.79367	42.396484	42.493605	83.736392	2055144.0	34.2524	1920	1080	60.0	8	60e15c2b792c03fc53ec06218661f3d2	89c8b7832e01406cb2cb936702bba7a3	1920	1080	16579.0	4.0	2813.0	6887.0	False	False
speed_bag_640x360_60f	speed_bag_640x360_60f	svtav1	svtav1_20191121_ebd9c80	60	20	485568.0	485.568	47.056999999999995	49.798999999999985	51.2415	46.981953	49.749803	51.186575	98.321628	695786.0	11.596433333333334	640	360	29.97	8	c85e1be57972c5c794da1592eb3aacf4	a1a596bc7284238b07000010472523fe	640	360	1800.0	6.0	1600.0	609.0	False	False
speed_bag_640x360_60f	speed_bag_640x360_60f	svtav1	svtav1_20191121_ebd9c80	60	32	262657.0	262.657	45.2975	48.577000000000005	50.14799999999999	45.181675	48.498157	50.042530000000006	97.467772	570398.0	9.506633333333333	640	360	29.97	8	143abb935f31f4ba242bf9a4997dee76	8a15209e25e02412b69d0bf823b24390	640	360	3152.0	10.0	1420.0	623.0	False	False
speed_bag_640x360_60f	speed_bag_640x360_60f	svtav1	svtav1_20191121_ebd9c80	60	43	147550.0	147.55	43.24433333333333	46.985499999999995	48.781500000000015	43.030546	46.868874	48.635843	95.22946	520514.0	8.675233333333333	640	360	29.97	8	482ffaed1523f644461636ed1daa2398	37fa297f648d4d83ad6649efebd52bc4	640	360	2000.0	62.0	1278.0	670.0	False	False
speed_bag_640x360_60f	speed_bag_640x360_60f	svtav1	svtav1_20191121_ebd9c80	60	55	74488.0	74.488	40.064333333333344	44.20116666666667	46.522000000000006	39.782413	44.081669	46.31764	86.520937	370467.0	6.17445	640	360	29.97	8	b260f565b024a18ba8ca7313c661b46b	ba64726f20d52039042a325e1d5b6551	640	360	2391.0	10.0	1112.0	679.0	False	False
speed_bag_640x360_60f	speed_bag_640x360_60f	svtav1	svtav1_20191121_ebd9c80	60	59	54563.0	54.563	38.057333333333325	42.3895	45.0065	37.852821	42.30884	44.824402	78.701968	461442.0	7.6907	640	360	29.97	8	e033ed34868dbf1a409d48dcdb4c2505	e0eca5b40748082b60922e45e3de7efc	640	360	6301.0	233.0	1325.0	790.0	False	False
thaloundeskmtg360p_60f	thaloundeskmtg360p_60f	svtav1	svtav1_20191121_ebd9c80	60	20	885992.0	885.992	44.71333333333334	48.628499999999995	48.65650000000001	44.53874	48.589656	48.630373	96.974917	618561.0	10.30935	640	360	30.0	8	2691d1ecee4f9683d7c187562aac340a	80d76096669c99bec9ac9c82f77011fe	640	360	2291.0	6.0	1169.0	604.0	False	False
thaloundeskmtg360p_60f	thaloundeskmtg360p_60f	svtav1	svtav1_20191121_ebd9c80	60	32	487692.0	487.692	43.22933333333335	47.5845	47.69383333333334	42.997114	47.532627	47.665434	95.925424	606463.0	10.107716666666667	640	360	30.0	8	90681b1133b1530ce2e6eb9ed7338f97	a2dd036a531b9fa1cb5ff19fbdeaaff5	640	360	2832.0	4.0	985.0	647.0	False	False
thaloundeskmtg360p_60f	thaloundeskmtg360p_60f	svtav1	svtav1_20191121_ebd9c80	60	43	259840.0	259.84	41.11033333333333	45.86366666666668	45.971	40.79312	45.831926	45.94619	93.810837	558909.0	9.31515	640	360	30.0	8	9ef79f7e6169f913c1f2d60bff92dcff	6cd927cce76674f763a8cd78b958f1d8	640	360	2606.0	8.0	855.0	778.0	False	False
thaloundeskmtg360p_60f	thaloundeskmtg360p_60f	svtav1	svtav1_20191121_ebd9c80	60	55	128720.0	128.72	37.72583333333333	42.92383333333334	42.895333333333305	37.50081	42.907211	42.878778	87.939478	421124.0	7.0187333333333335	640	360	30.0	8	d7f53d80986730093ac23d236d54fd53	bd2ba5efbcb16da7a3473c678bb0105b	640	360	2679.0	5.0	808.0	653.0	False	False
thaloundeskmtg360p_60f	thaloundeskmtg360p_60f	svtav1	svtav1_20191121_ebd9c80	60	59	87876.0	87.876	35.58716666666667	41.01166666666667	41.25416666666668	35.281537	41.001575	41.230021	82.452023	360173.0	6.002883333333333	640	360	30.0	8	4422d300ede80c5113f42ef4b01d73a3	676c431e3dbb4c09586820c765947d0b	640	360	2455.0	4.0	770.0	893.0	False	False
ShowGirl2TeaserClip4000_1920x108	ShowGirl2TeaserClip4000_1920x108	svtav1	svtav1_20191121_ebd9c80	60	20	3270016.0	3270.016	42.38233333333332	46.51399999999999	49.227833333333336	42.381638	46.513951	49.227884	95.276832	8101662.0	135.0277	1920	1080	25.0	10	b83de3ab1797416b16e00aa1ae625d1e	4c14694caccf61b2f92618f66ccb719b	1920	1080	48494.0	3.0	11211.0	6239.0	False	False
ShowGirl2TeaserClip4000_1920x108	ShowGirl2TeaserClip4000_1920x108	svtav1	svtav1_20191121_ebd9c80	60	32	1289506.0	1289.506	41.571999999999996	46.086999999999975	48.54783333333332	41.56898	46.086604	48.547533	93.253567	6022536.0	100.3756	1920	1080	25.0	10	5b4c7dbff673698a689c36add44ec37e	f5e19ea39845e72d7adf4e32ca3aad59	1920	1080	31841.0	21.0	9729.0	6682.0	False	False
ShowGirl2TeaserClip4000_1920x108	ShowGirl2TeaserClip4000_1920x108	svtav1	svtav1_20191121_ebd9c80	60	43	741943.0	741.943	40.743	45.811	48.13066666666669	40.730755	45.809375	48.12985	90.382602	4812867.0	80.21445	1920	1080	25.0	10	5be9a371aa0d02ddb27a2a9f6c5b586b	69d7465d7af14953483edf20f989d59c	1920	1080	30432.0	11.0	7834.0	6607.0	False	False
ShowGirl2TeaserClip4000_1920x108	ShowGirl2TeaserClip4000_1920x108	svtav1	svtav1_20191121_ebd9c80	60	55	318856.0	318.856	38.62683333333334	44.671333333333365	46.58483333333333	38.603998	44.670007000000005	46.584049	82.139428	4944168.0	82.4028	1920	1080	25.0	10	5e7c4ac51e16c1c66bf14d68876db107	43fbcfbb623b86527e0b3f229cb24285	1920	1080	36187.0	56.0	7206.0	7450.0	False	False
ShowGirl2TeaserClip4000_1920x108	ShowGirl2TeaserClip4000_1920x108	svtav1	svtav1_20191121_ebd9c80	60	59	200190.0	200.19	37.03266666666668	43.57099999999999	45.412333333333336	37.015442	43.570747	45.411953	74.222017	3722383.0	62.03971666666666	1920	1080	25.0	10	30e1460e0b543cb11e4ff9963e3cb9a3	fe5bd7122ed1db4ef8a0a94a677b0a07	1920	1080	27125.0	4.0	5945.0	6979.0	False	False
niklas360p_60f	niklas360p_60f	svtav1	svtav1_20191121_ebd9c80	60	20	1488232.0	1488.232	44.466833333333334	47.94783333333335	47.67383333333333	44.384107	47.877607	47.597481	98.369062	1000969.0	16.682816666666668	640	360	30.0	8	872b736a0d6e646efa9f5496bdaab412	20cf2c812679f8d0788a0d6e64e3337e	640	360	3173.0	4.0	2102.0	637.0	False	False
niklas360p_60f	niklas360p_60f	svtav1	svtav1_20191121_ebd9c80	60	32	821684.0	821.684	42.083	46.514499999999984	46.04183333333333	41.981186	46.441964	45.960552	96.812957	612831.0	10.21385	640	360	30.0	8	43b0fb11bcbff4249dedcaa3fdc5552a	1579a877485f4e843264bdaa31598835	640	360	2387.0	2.0	1574.0	643.0	False	False
niklas360p_60f	niklas360p_60f	svtav1	svtav1_20191121_ebd9c80	60	43	438140.0	438.14	39.129333333333335	44.679333333333325	43.8955	39.033225	44.641799	43.853391	93.415926	598568.0	9.976133333333333	640	360	30.0	8	1ef159925cb90f61356d958f2f3318de	d6f97482850b282959826183ff91ecd5	640	360	2658.0	5.0	1459.0	603.0	False	False
niklas360p_60f	niklas360p_60f	svtav1	svtav1_20191121_ebd9c80	60	55	209640.0	209.64	35.38883333333333	42.226166666666686	41.00366666666668	35.343258	42.20643400000001	40.982803	85.500476	559283.0	9.321383333333333	640	360	30.0	8	0f20dda46648718b6b296b9ad1d7e1f1	6b8298ea8b4db3293a3fce503dcee356	640	360	3916.0	5.0	1272.0	927.0	False	False
niklas360p_60f	niklas360p_60f	svtav1	svtav1_20191121_ebd9c80	60	59	143504.0	143.504	33.37033333333332	40.695000000000014	39.37349999999999	33.347048	40.684344	39.349934	78.140359	457933.0	7.632216666666666	640	360	30.0	8	7f65c7e1622bc70eb59d34b21c01961a	0d62aa0a2009aa980cfbafc2fbcf9c40	640	360	2465.0	9.0	1223.0	658.0	False	False
red_kayak_360p_60f	red_kayak_360p_60f	svtav1	svtav1_20191121_ebd9c80	60	20	9314001.0	9314.001	41.17716666666666	44.5535	49.12800000000001	41.091245	44.51425	49.118411	99.897671	1573843.0	26.230716666666666	640	360	29.97	8	7cf0b67b61c944472e2713bab7318aab	d3df445f3d4aa4d295a143af559d21ed	640	360	2551.0	4.0	3780.0	775.0	False	False
red_kayak_360p_60f	red_kayak_360p_60f	svtav1	svtav1_20191121_ebd9c80	60	32	5490547.0	5490.547	36.60816666666667	42.09199999999999	47.73033333333333	36.435312	42.031342	47.711907	99.730479	1679252.0	27.98753333333333	640	360	29.97	8	7cc8539959cf897f7079774cc7751ea1	73bf6e61591db595c4d9a058c0bb698c	640	360	2952.0	3.0	3530.0	1153.0	False	False
red_kayak_360p_60f	red_kayak_360p_60f	svtav1	svtav1_20191121_ebd9c80	60	43	2483126.0	2483.1259999999997	31.9175	39.75333333333334	46.8235	31.742634	39.694467	46.79462	86.095332	1237578.0	20.6263	640	360	29.97	8	d76d1b200e94fc3f14bdfec7459b4944	e67b6c25d6fc5112ae67bb13eb973dc7	640	360	4335.0	40.0	5305.0	840.0	False	False
red_kayak_360p_60f	red_kayak_360p_60f	svtav1	svtav1_20191121_ebd9c80	60	55	757880.0	757.88	28.02216666666666	37.97166666666667	45.239000000000004	27.918422	37.944598	45.164479	58.633981999999996	849981.0	14.16635	640	360	29.97	8	a0771ea36aaa29405751f527bfba1462	e6ed30a006a46344b1f56fbdb186ab76	640	360	3153.0	5.0	2555.0	656.0	False	False
red_kayak_360p_60f	red_kayak_360p_60f	svtav1	svtav1_20191121_ebd9c80	60	59	414449.0	414.449	26.873999999999988	37.238166666666665	44.705333333333336	26.799636	37.212998	44.604762	44.110926	701622.0	11.6937	640	360	29.97	8	1225ec885136ea87e3cf844cffe9ba08	798d51d772698b6d1f8701f98dee6a84	640	360	2905.0	31.0	2524.0	681.0	False	False
aspen_1080p_60f	aspen_1080p_60f	svtav1	svtav1_20191121_ebd9c80	60	20	8595933.0	8595.933	44.06783333333332	47.96133333333333	49.085	44.05968500000001	47.959323	49.082581	98.016744	7541683.0	125.69471666666666	1920	1080	29.97	8	e34a0260aebe191119b13519eca75d6b	a7ae426661b74f7ca435ee9ec3c01518	1920	1080	12169.0	4.0	17466.0	6106.0	False	False
aspen_1080p_60f	aspen_1080p_60f	svtav1	svtav1_20191121_ebd9c80	60	32	2645972.0	2645.972	42.17366666666667	47.022500000000015	48.1785	42.159473	47.020654	48.176386	94.074426	5840907.0	97.34845	1920	1080	29.97	8	62ec39f05468a2d5b270b453dec988f0	cbbc2dd52f069d4ad515c6ec0eb2b043	1920	1080	12768.0	4.0	14193.0	7062.0	False	False
aspen_1080p_60f	aspen_1080p_60f	svtav1	svtav1_20191121_ebd9c80	60	43	1116783.0	1116.783	40.77366666666667	45.78116666666668	46.93216666666667	40.757	45.777988	46.928878000000005	88.908896	4054895.0	67.58158333333333	1920	1080	29.97	8	dcec0726570d4a77575f141006a295de	1f59251c3be827fb4b434c04fa6e1626	1920	1080	12262.0	7.0	11426.0	6477.0	False	False
aspen_1080p_60f	aspen_1080p_60f	svtav1	svtav1_20191121_ebd9c80	60	55	468324.0	468.324	38.55116666666667	43.48866666666667	44.45866666666667	38.526521	43.483116	44.454845	78.634667	2826582.0	47.1097	1920	1080	29.97	8	f3f2895320efbaec8067eb96a33ef22e	ca69effab8db76cf54f154120e09727b	1920	1080	13249.0	6.0	10140.0	6278.0	False	False
aspen_1080p_60f	aspen_1080p_60f	svtav1	svtav1_20191121_ebd9c80	60	59	311528.0	311.528	37.063	42.20583333333334	42.975833333333334	37.036445	42.199428	42.973093	69.7737	2685914.0	44.765233333333335	1920	1080	29.97	8	9297517abde175d870b8dfea607ce835	d1c975e722357a8636832257c581a162	1920	1080	13068.0	3.0	9316.0	6475.0	False	False
Aerial_1920x1080_2997_10b	Aerial_1920x1080_2997_10b	svtav1	svtav1_20191121_ebd9c80	60	20	10296331.0	10296.331	43.60966666666669	46.052499999999995	45.36083333333334	43.576583	46.037685	45.348298	96.417302	7239207.0	120.65345	1920	1080	29.97	10	345935da2b5ff26a8c63985c5b6711d7	09ca0fc06477b20736f12c91fa960389	1920	1080	33045.0	7.0	11304.0	7338.0	False	False
Aerial_1920x1080_2997_10b	Aerial_1920x1080_2997_10b	svtav1	svtav1_20191121_ebd9c80	60	32	5412943.0	5412.943	41.83366666666666	44.85766666666669	44.327500000000015	41.786432	44.844013	44.316912	95.289891	5482080.0	91.368	1920	1080	29.97	10	1823b4f0f0d0c49635bf428d1deb064c	cc3ce25af0e5a9ca3372f357872bae4a	1920	1080	33643.0	3.0	8442.0	6852.0	False	False
Aerial_1920x1080_2997_10b	Aerial_1920x1080_2997_10b	svtav1	svtav1_20191121_ebd9c80	60	43	3090564.0	3090.564	39.691333333333326	43.20483333333332	43.00083333333336	39.64073	43.197008	42.996604	93.161045	4971575.0	82.85958333333333	1920	1080	29.97	10	55929167a40ba9b1df785f8c3804ef4f	b5d9664852a1076956673e4c355fb50b	1920	1080	39518.0	26.0	7216.0	7325.0	False	False
Aerial_1920x1080_2997_10b	Aerial_1920x1080_2997_10b	svtav1	svtav1_20191121_ebd9c80	60	55	1279032.0	1279.032	35.37850000000001	40.2336666666667	40.78116666666666	35.364016	40.231483	40.781079	86.257707	3755464.0	62.59106666666667	1920	1080	29.97	10	b3946963c8e451a0a20086e85587ae54	c7d74a1dc72ef714baef685aad803605	1920	1080	29496.0	9.0	5229.0	6390.0	False	False
Aerial_1920x1080_2997_10b	Aerial_1920x1080_2997_10b	svtav1	svtav1_20191121_ebd9c80	60	59	705627.0	705.627	32.536166666666674	38.70950000000003	39.77749999999999	32.532487	38.70855100000001	39.777302	78.465758	4092610.0	68.21016666666667	1920	1080	29.97	10	6fce6ceaf4a4fd997c4943259e2ad6bc	66b3d80101cc21bddc8082c78017f355	1920	1080	29173.0	8.0	4909.0	6570.0	False	False
Starting_1920x1080p_50_10b_pq_70	Starting_1920x1080p_50_10b_pq_70	svtav1	svtav1_20191121_ebd9c80	60	20	5311280.0	5311.28	47.031166666666664	49.93383333333332	51.69466666666666	46.985111	49.874361	51.605196	96.72966	11690329.0	194.83881666666667	1920	1080	50.0	10	b478a2a10b5a59e7fd4738ac27d1848c	0cdb9d7c8a6cb81be34d7b036bf6e24c	1920	1080	62156.0	44.0	13789.0	8756.0	False	False
Starting_1920x1080p_50_10b_pq_70	Starting_1920x1080p_50_10b_pq_70	svtav1	svtav1_20191121_ebd9c80	60	32	2608413.0	2608.413	45.571333333333335	48.81566666666665	50.22016666666666	45.507281	48.771259	50.162795	95.644682	5108866.0	85.14776666666667	1920	1080	50.0	10	533bbc7f1766a8c00ca9b686ed55dffd	96f2960bf60a4635f7ead6a34b3fe00b	1920	1080	49027.0	24.0	7428.0	6493.0	False	False
Starting_1920x1080p_50_10b_pq_70	Starting_1920x1080p_50_10b_pq_70	svtav1	svtav1_20191121_ebd9c80	60	43	1468086.0	1468.086	43.8115	47.56066666666666	48.52466666666666	43.740215	47.547686	48.509969	93.79411	4007708.0	66.79513333333334	1920	1080	50.0	10	44f36854cd1936e32d8bac443473e7fd	864f9856a9389f4fcd8415170adb9b4a	1920	1080	27813.0	6.0	6704.0	6731.0	False	False
Starting_1920x1080p_50_10b_pq_70	Starting_1920x1080p_50_10b_pq_70	svtav1	svtav1_20191121_ebd9c80	60	55	619100.0	619.1	39.99466666666667	45.074499999999986	45.311166666666686	39.955487999999995	45.07386	45.310953	87.215074	3492360.0	58.206	1920	1080	50.0	10	3807d67e36af5e87dd3fbd7184f4b19d	ff3e4d59256082c5b8f20d0ba4b6a655	1920	1080	24574.0	6.0	6099.0	6635.0	False	False
Starting_1920x1080p_50_10b_pq_70	Starting_1920x1080p_50_10b_pq_70	svtav1	svtav1_20191121_ebd9c80	60	59	349813.0	349.813	37.162833333333325	43.40783333333335	43.51700000000002	37.148327	43.407831	43.517423	78.811197	3463286.0	57.72143333333333	1920	1080	50.0	10	044c1535ec29a0176fc23f196ea5b894	393935de3e25ea60a15e1e7f28b8ea94	1920	1080	23189.0	14.0	6508.0	6960.0	False	False
DOTA2_60f_420	DOTA2_60f_420	svtav1	svtav1_20191121_ebd9c80	60	20	16302736.0	16302.736	45.523166666666675	49.29366666666667	49.40616666666668	45.49531	49.25642	49.377491	97.56006899999998	6975059.0	116.25098333333334	1920	1080	60.0	8	952b72bbcca9c42e6d374a676383b6ed	669e3cfe1bd14c48bb087c92c38f4492	1920	1080	18396.0	9.0	9769.0	6960.0	False	False
DOTA2_60f_420	DOTA2_60f_420	svtav1	svtav1_20191121_ebd9c80	60	32	8273888.0	8273.888	43.22000000000001	47.26733333333334	47.48733333333333	43.163173	47.205808	47.445277	95.879747	5783493.0	96.39155	1920	1080	60.0	8	80bac6fe0d055fa52ec43bf950a0e651	9026d448295bee7450ddd522a6ccec02	1920	1080	16936.0	4.0	8227.0	6907.0	False	False
DOTA2_60f_420	DOTA2_60f_420	svtav1	svtav1_20191121_ebd9c80	60	43	3984824.0	3984.824	40.532000000000004	44.755000000000024	45.09333333333332	40.459592	44.680439	45.046307	92.319567	4648565.0	77.47608333333334	1920	1080	60.0	8	b7ba5d59c01688e2586ee13ea67d18ee	b945339f9c743de28c18a1cd33995ee1	1920	1080	18648.0	24.0	7816.0	6630.0	False	False
DOTA2_60f_420	DOTA2_60f_420	svtav1	svtav1_20191121_ebd9c80	60	55	1546168.0	1546.168	36.9825	41.433	41.79383333333333	36.924619	41.375364	41.759931	82.925856	3457678.0	57.627966666666666	1920	1080	60.0	8	9c6b851b45f8ed55eae8b4973d4ce279	ef5c44ad470469598291ee8da1f6afa9	1920	1080	17563.0	6.0	6688.0	8102.0	False	False
DOTA2_60f_420	DOTA2_60f_420	svtav1	svtav1_20191121_ebd9c80	60	59	909960.0	909.9600000000002	34.80383333333334	39.40849999999999	39.70100000000001	34.779595	39.38463	39.681232	73.159113	3342359.0	55.705983333333336	1920	1080	60.0	8	6a5d1a7689c2d1fb76664dffe84d3b29	b9188bce24cf904cec9ca5b1f7d2ab53	1920	1080	17833.0	6.0	5883.0	7384.0	False	False
Netflix_PierSeaside_1920x1080_60	Netflix_PierSeaside_1920x1080_60	svtav1	svtav1_20191121_ebd9c80	60	20	7809480.0	7809.48	45.339666666666666	47.3385	45.43433333333333	45.32139	47.328031	45.42285	99.871058	6420915.0	107.01525	1920	1080	60.0	8	1222895e2811cc7e10f5cba4c9a4c7f5	d2d06286874d61ca0a82bed6e05db690	1920	1080	33737.0	8.0	11865.0	6231.0	False	False
Netflix_PierSeaside_1920x1080_60	Netflix_PierSeaside_1920x1080_60	svtav1	svtav1_20191121_ebd9c80	60	32	3306832.0	3306.832	43.650833333333345	46.580999999999996	44.86033333333332	43.606232	46.566854	44.844622	99.325769	3416934.0	56.9489	1920	1080	60.0	8	f06daee6a512d6c57c662da7d2cc047e	d0f334b808936392e33554361d80e697	1920	1080	14071.0	6.0	9280.0	5889.0	False	False
Netflix_PierSeaside_1920x1080_60	Netflix_PierSeaside_1920x1080_60	svtav1	svtav1_20191121_ebd9c80	60	43	1540568.0	1540.568	41.689666666666675	45.40533333333333	44.03233333333333	41.625188	45.391964	44.018419	97.206058	3193458.0	53.2243	1920	1080	60.0	8	86822920a306e977a763b4303cd98147	ab2d18d8d54aa3ccc4292674f3eb211f	1920	1080	16332.0	4.0	8547.0	6304.0	False	False
Netflix_PierSeaside_1920x1080_60	Netflix_PierSeaside_1920x1080_60	svtav1	svtav1_20191121_ebd9c80	60	55	604160.0	604.16	38.707166666666666	42.9395	42.16916666666667	38.651691	42.926307	42.160148	90.904445	2231214.0	37.1869	1920	1080	60.0	8	af06f9151311c1b708a00be060fa3677	be342facdd19da33a53bae232ccb0fcb	1920	1080	14603.0	4.0	7290.0	5795.0	False	False
Netflix_PierSeaside_1920x1080_60	Netflix_PierSeaside_1920x1080_60	svtav1	svtav1_20191121_ebd9c80	60	59	356752.0	356.752	36.69316666666667	41.20899999999998	40.69466666666666	36.659628	41.202195	40.689085	83.949941	2237525.0	37.29208333333333	1920	1080	60.0	8	9493d87a1549dfea29ef9e32a528caf7	e13ab3cfc81c2e5277228227938b30d7	1920	1080	16306.0	5.0	7898.0	6542.0	False	False
DinnerScene_1920x1080_2997_10b	DinnerScene_1920x1080_2997_10b	svtav1	svtav1_20191121_ebd9c80	60	20	1017841.0	1017.841	41.783333333333296	42.389333333333326	47.496500000000005	41.78316499999999	42.388135	47.495673	91.320951	8106073.0	135.10121666666666	1920	1080	29.97	10	045aaf603953966ad164bf2ee8535bb4	cdf42cc83f1739d4059b5af65f020938	1920	1080	27636.0	3.0	10588.0	6905.0	False	False
DinnerScene_1920x1080_2997_10b	DinnerScene_1920x1080_2997_10b	svtav1	svtav1_20191121_ebd9c80	60	32	278586.0	278.586	41.57799999999997	42.2625	47.291666666666664	41.577438	42.262126	47.291204	89.30863	4982721.0	83.04535	1920	1080	29.97	10	2233c700eff53201a10f3e6572cfe666	718d72912addbf6a627b7449717a5777	1920	1080	26224.0	7.0	9204.0	6294.0	False	False
DinnerScene_1920x1080_2997_10b	DinnerScene_1920x1080_2997_10b	svtav1	svtav1_20191121_ebd9c80	60	43	150115.0	150.11500000000004	41.35766666666666	42.18816666666669	47.108333333333356	41.357135	42.188052	47.10809299999999	86.732425	4058990.0	67.64983333333333	1920	1080	29.97	10	c5c15acd0dbb0884784db587d40f3b35	1820d9be8466927811b27930a4ebe8ee	1920	1080	26508.0	4.0	7508.0	5877.0	False	False
DinnerScene_1920x1080_2997_10b	DinnerScene_1920x1080_2997_10b	svtav1	svtav1_20191121_ebd9c80	60	55	76033.0	76.033	40.69983333333335	41.95400000000002	46.60983333333333	40.696533	41.953934	46.608414	78.87405599999998	4210510.0	70.17516666666667	1920	1080	29.97	10	42f698d5c2ee4b869d305541b9095af7	7d886ef852b064eb151880c10225ce86	1920	1080	32996.0	14.0	7454.0	6410.0	False	False
DinnerScene_1920x1080_2997_10b	DinnerScene_1920x1080_2997_10b	svtav1	svtav1_20191121_ebd9c80	60	59	53782.0	53.782	39.97383333333334	41.633166666666625	46.00283333333333	39.961294	41.633205	46.001042	70.939378	3277008.0	54.6168	1920	1080	29.97	10	26e125b003cf2d553d3bf0b269628eb1	b6e8a39894be24a2ecf568a7dfbc70ed	1920	1080	30249.0	10.0	7494.0	6910.0	False	False
RollerCoastPas_1920x1080_2997_10	RollerCoastPas_1920x1080_2997_10	svtav1	svtav1_20191121_ebd9c80	60	20	2903535.0	2903.5349999999994	44.984500000000025	45.17849999999999	43.69999999999998	44.983582	45.177678	43.698765	97.005549	6124961.0	102.08268333333334	1920	1080	29.97	10	103a61ece6fb12908e49b3c4ea3a79bf	20f23cec7a297ff02e0be52c0d917c38	1920	1080	28136.0	6.0	5869.0	7010.0	False	False
RollerCoastPas_1920x1080_2997_10	RollerCoastPas_1920x1080_2997_10	svtav1	svtav1_20191121_ebd9c80	60	32	1426212.0	1426.212	43.93916666666664	44.56433333333333	43.06616666666666	43.938232	44.563759	43.066146	96.332231	4598407.0	76.64011666666667	1920	1080	29.97	10	d1f79e6cd87cd2730efae14e7820843a	f26f58d2c07cfe987e55ed2c0b055523	1920	1080	27780.0	26.0	5157.0	6280.0	False	False
RollerCoastPas_1920x1080_2997_10	RollerCoastPas_1920x1080_2997_10	svtav1	svtav1_20191121_ebd9c80	60	43	804701.0	804.7009999999999	42.380166666666675	43.58983333333334	42.24750000000002	42.374444	43.589873	42.246805	94.76728	4161058.0	69.35096666666666	1920	1080	29.97	10	56110d01610ca4150982ea8fba9333f9	c564b6a542c658ad8047bf8e454164c5	1920	1080	29829.0	4.0	4637.0	6996.0	False	False
RollerCoastPas_1920x1080_2997_10	RollerCoastPas_1920x1080_2997_10	svtav1	svtav1_20191121_ebd9c80	60	55	370732.0	370.732	39.34116666666667	41.5335	40.3825	39.330019	41.532191	40.380932	90.227936	3622684.0	60.37806666666667	1920	1080	29.97	10	1fd0b22b5312f06aacb987c06fd8b3be	9956261e210a092dec2bad7b0cd7b087	1920	1080	29211.0	7.0	4556.0	7155.0	False	False
RollerCoastPas_1920x1080_2997_10	RollerCoastPas_1920x1080_2997_10	svtav1	svtav1_20191121_ebd9c80	60	59	231678.0	231.678	37.07683333333333	39.891000000000005	38.91833333333331	37.066376	39.890087	38.917323	84.122902	3350169.0	55.83615	1920	1080	29.97	10	5f51a26e19286de782224ffc039c8d1a	fbc931378d019a2f0ce9ea9dabce0489	1920	1080	30144.0	4.0	3803.0	7489.0	False	False
BarScene1_1920x1080_2997_10b	BarScene1_1920x1080_2997_10b	svtav1	svtav1_20191121_ebd9c80	60	20	988344.0	988.3439999999999	42.31916666666665	44.614166666666634	43.51833333333334	42.318461	44.61433	43.518248	92.571499	6260834.0	104.34723333333334	1920	1080	29.97	10	59079a3da20d99038b082ab2edf13e2a	889380c4cbca1de1e73fc2dcd78a80dc	1920	1080	26250.0	5.0	5300.0	6422.0	False	False
BarScene1_1920x1080_2997_10b	BarScene1_1920x1080_2997_10b	svtav1	svtav1_20191121_ebd9c80	60	32	357528.0	357.528	41.92850000000001	44.424000000000014	43.335333333333324	41.928872	44.423806	43.334936	91.254608	4668755.0	77.81258333333334	1920	1080	29.97	10	40315a6eb634a5b4b6779e2cee47f9ab	92bd04242701a70c108f0d4f21acbbe7	1920	1080	25790.0	4.0	3509.0	6140.0	False	False
BarScene1_1920x1080_2997_10b	BarScene1_1920x1080_2997_10b	svtav1	svtav1_20191121_ebd9c80	60	43	252658.0	252.658	41.71633333333333	44.39100000000003	43.29600000000001	41.716399	44.391937	43.296228	90.225106	4069150.0	67.81916666666666	1920	1080	29.97	10	dd77727bb5bab8bac1dd4ac05891375d	06e3986b94bae5337b65e1358d5e6f3b	1920	1080	26688.0	6.0	3113.0	6727.0	False	False
BarScene1_1920x1080_2997_10b	BarScene1_1920x1080_2997_10b	svtav1	svtav1_20191121_ebd9c80	60	55	103845.0	103.845	40.59983333333332	43.88583333333335	42.86216666666664	40.599408	43.88635	42.86236999999999	84.304874	4641112.0	77.35186666666667	1920	1080	29.97	10	f96460f905f31711ba4bfebc821e02e7	65d1251bc7aec718c2afe5b7b3b19f5e	1920	1080	40772.0	22.0	5214.0	11139.0	False	False
BarScene1_1920x1080_2997_10b	BarScene1_1920x1080_2997_10b	svtav1	svtav1_20191121_ebd9c80	60	59	65936.0	65.936	39.694833333333314	43.35033333333331	42.46816666666667	39.693562	43.350369	42.46807	78.158765	6491880.0	108.198	1920	1080	29.97	10	482cd6232b3b095748591a0e98f105ad	fb5dde9387ca08d622ec425f53cc04b8	1920	1080	72822.0	24.0	3938.0	12853.0	False	False
Cosmos1_1920x856_BT2100_PQ_24fps	Cosmos1_1920x856_BT2100_PQ_24fps	svtav1	svtav1_20191121_ebd9c80	60	20	24870428.0	24870.428	42.27666666666669	45.07516666666667	47.57749999999999	42.242751	45.029731	47.552492	99.434434	8625147.0	143.75245	1920	856	24.0	10	8366f8280e63a397b8461439e4395c99	b35e5fb669a8c0246c033cb0d8d6150d	1920	856	28486.0	5.0	27993.0	4886.0	False	False
Cosmos1_1920x856_BT2100_PQ_24fps	Cosmos1_1920x856_BT2100_PQ_24fps	svtav1	svtav1_20191121_ebd9c80	60	32	10088412.0	10088.412	38.37500000000001	42.94083333333333	45.86016666666667	38.256412	42.905648	45.843663	95.29831	7448484.0	124.1414	1920	856	24.0	10	bd67b5030a99eefdd7d3f7511e2d840b	44178d54d8def541d3fac843ee34e806	1920	856	33540.0	69.0	22531.0	5420.0	False	False
Cosmos1_1920x856_BT2100_PQ_24fps	Cosmos1_1920x856_BT2100_PQ_24fps	svtav1	svtav1_20191121_ebd9c80	60	43	3813616.0	3813.616	35.46033333333333	41.27766666666667	44.06200000000002	35.371684	41.255609	44.050561	84.452825	5702288.0	95.03813333333333	1920	856	24.0	10	88ed8e04377b2bdc146804be5304ed59	8d2e2ded33caf8e31bc1a7687ec73d75	1920	856	23040.0	3.0	14758.0	4589.0	False	False
Cosmos1_1920x856_BT2100_PQ_24fps	Cosmos1_1920x856_BT2100_PQ_24fps	svtav1	svtav1_20191121_ebd9c80	60	55	1335680.0	1335.68	32.55449999999999	39.4965	42.041999999999994	32.504283	39.484522	42.038619	64.22157	4691490.0	78.1915	1920	856	24.0	10	a244f481d96d7c3e2f7765bb5f51b0c5	db67f2d91d3c91da0c7fc59a9fdae36a	1920	856	28312.0	12.0	12718.0	4962.0	False	False
Cosmos1_1920x856_BT2100_PQ_24fps	Cosmos1_1920x856_BT2100_PQ_24fps	svtav1	svtav1_20191121_ebd9c80	60	59	812048.0	812.048	31.228833333333334	38.63150000000001	41.262999999999984	31.192721	38.622981	41.259952	52.400385	4115714.0	68.59523333333334	1920	856	24.0	10	3bef94e07acfd0e470463345d8b46d59	7dc0a21119970a6adc1e6624fe64add2	1920	856	25222.0	9.0	11310.0	4899.0	False	False
Market3_1920x1080p_50_10b_pq_709	Market3_1920x1080p_50_10b_pq_709	svtav1	svtav1_20191121_ebd9c80	60	20	13943646.0	13943.646	45.07833333333331	51.68866666666667	52.68166666666665	45.067129	51.683903	52.677311	99.853628	10547337.0	175.78895	1920	1080	50.0	10	6e8356bd24749f39ec2673080493179e	24a04246040003daee944ce5d7cb9c35	1920	1080	46303.0	9.0	15670.0	8226.0	False	False
Market3_1920x1080p_50_10b_pq_709	Market3_1920x1080p_50_10b_pq_709	svtav1	svtav1_20191121_ebd9c80	60	32	7066320.0	7066.319999999999	42.497666666666674	49.55400000000001	50.68249999999999	42.46988	49.549653	50.68072399999999	98.900322	8771997.0	146.19995	1920	1080	50.0	10	ecc12f38f3658ce2463c29d05733f688	8a5fd6fcd937d18ed5821f005cfe4cff	1920	1080	34668.0	9.0	17593.0	11307.0	False	False
Market3_1920x1080p_50_10b_pq_709	Market3_1920x1080p_50_10b_pq_709	svtav1	svtav1_20191121_ebd9c80	60	43	3620920.0	3620.92	39.65383333333333	47.530666666666676	48.83833333333332	39.617483	47.528696	48.838089	95.679679	5161911.0	86.03185	1920	1080	50.0	10	21d8c5aa76c13ba6de012bd0cb67a66a	29c0a8d9e2518ac14feda77df711306e	1920	1080	26752.0	9.0	14262.0	6689.0	False	False
Market3_1920x1080p_50_10b_pq_709	Market3_1920x1080p_50_10b_pq_709	svtav1	svtav1_20191121_ebd9c80	60	55	1491833.0	1491.833	35.89116666666668	44.95650000000002	46.353833333333334	35.866673	44.956131	46.352792	87.341712	4724014.0	78.73356666666666	1920	1080	50.0	10	b73271f6cdcb93fb16bd1bd7bb98463e	12eb2801def321899f9bccc7cf1f7a59	1920	1080	28394.0	5.0	11150.0	7206.0	False	False
Market3_1920x1080p_50_10b_pq_709	Market3_1920x1080p_50_10b_pq_709	svtav1	svtav1_20191121_ebd9c80	60	59	884966.0	884.966	33.800500000000014	43.445499999999996	45.003166666666665	33.790701	43.445059	45.000125	78.863517	3764899.0	62.74831666666667	1920	1080	50.0	10	5ef5625c284eec38d04c21ff5e1a0a35	d0d3cbff45a7803a51aee5ff0cd6972c	1920	1080	26991.0	7.0	9480.0	6207.0	False	False
Netflix_DrivingPOV_1280x720_60fp	Netflix_DrivingPOV_1280x720_60fp	svtav1	svtav1_20191121_ebd9c80	60	20	11646728.0	11646.728	42.80533333333332	46.51216666666666	45.17483333333335	42.784812	46.503682	45.168247	99.654125	3797714.0	63.295233333333336	1280	720	60.0	8	344fbda5ee939d7f95aca16569407948	add6dbaac3acac992724fba5a75f0506	1280	720	8924.0	6.0	7110.0	2607.0	False	False
Netflix_DrivingPOV_1280x720_60fp	Netflix_DrivingPOV_1280x720_60fp	svtav1	svtav1_20191121_ebd9c80	60	32	5615416.0	5615.416	40.48416666666667	45.191333333333326	44.166000000000004	40.449694	45.182223	44.161346	98.680895	3348823.0	55.813716666666664	1280	720	60.0	8	580c80450cda32721061b370b3dd614d	aa1c7459d86d5aadcb440c32cb09bdd4	1280	720	9478.0	7.0	6092.0	2839.0	False	False
Netflix_DrivingPOV_1280x720_60fp	Netflix_DrivingPOV_1280x720_60fp	svtav1	svtav1_20191121_ebd9c80	60	43	2801416.0	2801.416	38.0275	43.64833333333335	43.14633333333333	37.981231	43.630224	43.139509	96.31528	2700293.0	45.00488333333333	1280	720	60.0	8	7acd2d2d1927844789405ff87cc25225	869d927ab9cebdc3199075fd17991d38	1280	720	11419.0	32.0	5570.0	2686.0	False	False
Netflix_DrivingPOV_1280x720_60fp	Netflix_DrivingPOV_1280x720_60fp	svtav1	svtav1_20191121_ebd9c80	60	55	1185256.0	1185.256	34.78083333333334	41.23199999999999	41.556333333333335	34.745144	41.21819	41.551202	89.95336	1959627.0	32.66045	1280	720	60.0	8	0771b26dc4a1a8844d0b7c285a2d6142	c859654022c7dade7d58f9a7ac6aad36	1280	720	8801.0	6.0	4948.0	3052.0	False	False
Netflix_DrivingPOV_1280x720_60fp	Netflix_DrivingPOV_1280x720_60fp	svtav1	svtav1_20191121_ebd9c80	60	59	728968.0	728.968	32.768833333333326	39.683166666666665	40.36083333333332	32.753046	39.677343	40.357991	83.56265	4828305.0	80.47175	1280	720	60.0	8	4507b80e8074690a6e153e49da2c9a24	730e6326b83a0503af1496b13308bb30	1280	720	32269.0	24.0	8170.0	3858.0	False	False
Netflix_TunnelFlag_1920x1080_60f	Netflix_TunnelFlag_1920x1080_60f	svtav1	svtav1_20191121_ebd9c80	60	20	28112272.0	28112.272	42.85100000000002	46.86983333333332	48.39133333333332	42.833344	46.861714	48.388478	99.931663	8308640.0	138.47733333333332	1920	1080	60.0	8	094b77978a483b93f8625c337ccbdc1c	bd3ef59c22c97b826d9e4b1b2694632d	1920	1080	20106.0	3.0	20480.0	6069.0	False	False
Netflix_TunnelFlag_1920x1080_60f	Netflix_TunnelFlag_1920x1080_60f	svtav1	svtav1_20191121_ebd9c80	60	32	14092792.0	14092.792	40.546500000000016	45.291000000000004	47.056	40.509405	45.28645199999999	47.054735	99.916689	7660913.0	127.68188333333333	1920	1080	60.0	8	08ca8d05eff65935a3e1e8ce096cb95d	43acf3e42923f7d997fd0c200c073765	1920	1080	20676.0	11.0	19598.0	7197.0	False	False
Netflix_TunnelFlag_1920x1080_60f	Netflix_TunnelFlag_1920x1080_60f	svtav1	svtav1_20191121_ebd9c80	60	43	6982432.0	6982.432	38.00133333333335	43.274499999999996	45.458499999999994	37.952605999999996	43.270155	45.455335	99.880703	5893591.0	98.22651666666667	1920	1080	60.0	8	fa4f15df775c137116ab393802578dd0	43231a68edf820762eccc0b13f74e011	1920	1080	19689.0	23.0	15618.0	6125.0	False	False
Netflix_TunnelFlag_1920x1080_60f	Netflix_TunnelFlag_1920x1080_60f	svtav1	svtav1_20191121_ebd9c80	60	55	3313736.0	3313.736	35.073833333333326	40.32833333333335	42.65833333333333	35.04117899999999	40.325745	42.654801	99.779032	4357829.0	72.63048333333333	1920	1080	60.0	8	af4963b532ccac4c17454dc32295d4f6	7b5d082183706675033f36588aa724db	1920	1080	18928.0	4.0	14342.0	6987.0	False	False
Netflix_TunnelFlag_1920x1080_60f	Netflix_TunnelFlag_1920x1080_60f	svtav1	svtav1_20191121_ebd9c80	60	59	2438576.0	2438.576	33.610666666666674	38.995333333333306	40.92716666666668	33.591653	38.991564	40.923222	99.64073	3933055.0	65.55091666666667	1920	1080	60.0	8	9d465fd1cdfa70079ad5d9347f4e813d	27008af910f6894b302f45e543e410b2	1920	1080	17263.0	6.0	13374.0	6898.0	False	False
dark720p_60f	dark720p_60f	svtav1	svtav1_20191121_ebd9c80	60	20	7387044.0	7387.044	46.09349999999999	43.46466666666667	45.025833333333345	46.040392	43.247737	44.879351	96.275851	4490497.0	74.84161666666667	1280	720	30.0	8	87d44fe4e33160f582ba8d7c94502147	fc52b33ab58d95df60788851529b04b5	1280	720	6874.0	4.0	11963.0	2880.0	False	False
dark720p_60f	dark720p_60f	svtav1	svtav1_20191121_ebd9c80	60	32	1881792.0	1881.792	43.61033333333334	39.167999999999985	41.90383333333333	43.573144	39.070253	41.87094	93.29439	3131114.0	52.185233333333336	1280	720	30.0	8	065e4345485df34f04e538dfd5df7660	df0d09e4f2cecebdc1ede1402d97a084	1280	720	7347.0	14.0	9283.0	2732.0	False	False
dark720p_60f	dark720p_60f	svtav1	svtav1_20191121_ebd9c80	60	43	339436.0	339.436	42.33366666666666	37.00616666666666	40.878166666666665	42.319677	36.98722	40.870763	90.676765	1901547.0	31.69245	1280	720	30.0	8	49d7a2e767855ffa42dc20f8b76d7d41	d0a08c4ec8fbd9960efaf0a7bba32dd8	1280	720	8103.0	20.0	5139.0	2705.0	False	False
dark720p_60f	dark720p_60f	svtav1	svtav1_20191121_ebd9c80	60	55	121572.0	121.57199999999999	40.824500000000015	36.30499999999999	39.961999999999996	40.817659	36.301431	39.957445	86.240827	1167334.0	19.455566666666666	1280	720	30.0	8	84b9e8530db5bf7ce11e51522e1fc087	a32435358c0b3980f3431d1ad133f612	1280	720	6437.0	3.0	2974.0	2511.0	False	False
dark720p_60f	dark720p_60f	svtav1	svtav1_20191121_ebd9c80	60	59	83772.0	83.772	39.659666666666666	35.75683333333333	39.158166666666666	39.653913	35.754432	39.148433	81.957101	1050402.0	17.5067	1280	720	30.0	8	d4849e4b0e655ec968d201a0078a77d6	6f986636006c3de24fc1c00238f10384	1280	720	6148.0	3.0	2592.0	2653.0	False	False
shields_640x360_60f	shields_640x360_60f	svtav1	svtav1_20191121_ebd9c80	60	20	2413620.0	2413.62	42.43116666666664	45.600500000000004	47.285666666666664	42.30177	45.578567	47.217706	99.44524	1097033.0	18.283883333333332	640	360	50.0	8	df7a9ea74b8b76ae243944ed819011f6	f59a2fdd8c837b7a74d91883ddc45db1	640	360	3491.0	7.0	1739.0	688.0	False	False
shields_640x360_60f	shields_640x360_60f	svtav1	svtav1_20191121_ebd9c80	60	32	1281566.0	1281.566	40.710666666666675	44.0335	45.61333333333332	40.514365	43.996452	45.508149	99.434024	807778.0	13.462966666666667	640	360	50.0	8	cba19672c6ff6129fe9439c99d5090e3	5cffdcffe4f80a5bfbeafa784aa3976d	640	360	3714.0	4.0	1489.0	690.0	False	False
shields_640x360_60f	shields_640x360_60f	svtav1	svtav1_20191121_ebd9c80	60	43	678500.0	678.5	38.20400000000002	41.35133333333333	43.13666666666668	37.93874	41.27103	42.973979	99.397763	632985.0	10.54975	640	360	50.0	8	dcb751c26ca8fa31101b7a21f917feb3	a9bebc38290229bae662c89b3fa1045d	640	360	3342.0	8.0	1273.0	665.0	False	False
shields_640x360_60f	shields_640x360_60f	svtav1	svtav1_20191121_ebd9c80	60	55	328293.0	328.293	34.42833333333333	37.92383333333334	39.943666666666665	34.07557	37.756498	39.694072	95.31907299999999	678634.0	11.310566666666666	640	360	50.0	8	54369fcd84213c48ff6c63290f0025e0	6c87ccae2cf17e16b29156bae3edeb7a	640	360	3408.0	3.0	1304.0	762.0	False	False
shields_640x360_60f	shields_640x360_60f	svtav1	svtav1_20191121_ebd9c80	60	59	221093.0	221.093	32.14099999999999	36.28549999999999	38.164833333333306	31.728848000000003	36.070637	37.919406	88.979665	537554.0	8.959233333333334	640	360	50.0	8	d779fca6d0a11c00409c334a599622a5	83439dc478d41916eb48f05b51a6c3fa	640	360	3665.0	3.0	1180.0	667.0	False	False
vidyo1_720p_60fps_60f	vidyo1_720p_60fps_60f	svtav1	svtav1_20191121_ebd9c80	60	20	3975168.0	3975.168	45.573499999999996	48.15583333333334	49.48249999999998	45.560806	48.150018	49.479717	96.552326	2724462.0	45.4077	1280	720	60.0	8	52efec31ad094a2919e7f502aa599f1c	262278468e025af96f029988c4608784	1280	720	6618.0	5.0	3671.0	2595.0	False	False
vidyo1_720p_60fps_60f	vidyo1_720p_60fps_60f	svtav1	svtav1_20191121_ebd9c80	60	32	1596408.0	1596.408	44.109000000000016	47.679333333333346	48.912833333333346	44.101301	47.674393	48.909759	95.293784	1621011.0	27.01685	1280	720	60.0	8	e2c81bfffd0f938d1f0106a7ca764156	cc5c478384bfdbd672f37eb18b91fe6d	1280	720	6555.0	4.0	2522.0	2490.0	False	False
vidyo1_720p_60fps_60f	vidyo1_720p_60fps_60f	svtav1	svtav1_20191121_ebd9c80	60	43	729224.0	729.224	42.602999999999994	46.93266666666667	47.90533333333335	42.597363	46.93035	47.903624	93.263566	1670804.0	27.846733333333333	1280	720	60.0	8	c79b8406a23c49172ed3b9bcccc6be43	90707f5d534a3db909e5c6b13de7f80f	1280	720	7959.0	6.0	2408.0	2681.0	False	False
vidyo1_720p_60fps_60f	vidyo1_720p_60fps_60f	svtav1	svtav1_20191121_ebd9c80	60	55	341832.0	341.832	40.13583333333333	45.507333333333335	46.015499999999996	40.126704	45.505797	46.013851	87.840456	1273685.0	21.228083333333334	1280	720	60.0	8	9b7cf3f6635cbdaa47b763ca5c59aece	8b738aea00e51b34a1f035d154bea22f	1280	720	6593.0	5.0	2126.0	2744.0	False	False
vidyo1_720p_60fps_60f	vidyo1_720p_60fps_60f	svtav1	svtav1_20191121_ebd9c80	60	59	225072.0	225.072	38.04466666666667	43.98066666666667	44.17899999999998	38.037794	43.979138	44.178042	81.275345	1200609.0	20.01015	1280	720	60.0	8	3bc8ab924ec9a5fd12ad788969820795	b756a2d5b72a4f8a234b2116e5eeb943	1280	720	6534.0	3.0	1990.0	2661.0	False	False
vidyo4_720p_60fps_60f	vidyo4_720p_60fps_60f	svtav1	svtav1_20191121_ebd9c80	60	20	5589320.0	5589.319999999999	44.31733333333334	49.983500000000014	50.26849999999999	44.290578	49.980263	50.26544	97.785042	3285418.0	54.75696666666666	1280	720	60.0	8	dcb83dcfe2bf6988722fd37cdda98015	9cb57e86919422977f1f61d0b4dfd39b	1280	720	6568.0	20.0	4939.0	2775.0	False	False
vidyo4_720p_60fps_60f	vidyo4_720p_60fps_60f	svtav1	svtav1_20191121_ebd9c80	60	32	1901712.0	1901.712	42.802166666666686	49.33883333333334	49.62866666666666	42.76485	49.334089999999996	49.625207	96.433513	2255010.0	37.5835	1280	720	60.0	8	a3a1757ddac2fe22bd8f03b9017f038d	f80b8a8c16b484661e0c8c2fbb9c5d29	1280	720	7534.0	42.0	3869.0	2879.0	False	False
vidyo4_720p_60fps_60f	vidyo4_720p_60fps_60f	svtav1	svtav1_20191121_ebd9c80	60	43	930112.0	930.112	41.414333333333346	48.42416666666666	48.69366666666665	41.368061	48.416462	48.687534	94.421411	1703044.0	28.384066666666666	1280	720	60.0	8	1a916bd82baecea3d21cee7405229f23	a5fddc6353f8d88e03f63fb5935da8c3	1280	720	7275.0	5.0	2908.0	2664.0	False	False
vidyo4_720p_60fps_60f	vidyo4_720p_60fps_60f	svtav1	svtav1_20191121_ebd9c80	60	55	431952.0	431.952	39.14099999999999	46.75183333333333	46.9515	39.086413	46.74164	46.943612	89.20794	1246906.0	20.781766666666666	1280	720	60.0	8	421050284ab3069105ef6d9ac03a07c3	61eebeead6e9b5856de0f3779e8b52d8	1280	720	7154.0	16.0	2615.0	2578.0	False	False
vidyo4_720p_60fps_60f	vidyo4_720p_60fps_60f	svtav1	svtav1_20191121_ebd9c80	60	59	285568.0	285.568	37.45683333333333	45.166833333333344	45.10799999999999	37.415642	45.163023	45.104195	83.735838	1329067.0	22.151116666666667	1280	720	60.0	8	1bec09047a1e0389d648bb8535f1b8ad	19eda7c28d2115b8854d82d259ad269d	1280	720	10350.0	6.0	2621.0	2996.0	False	False
Netflix_FoodMarket_1920x1080_60f	Netflix_FoodMarket_1920x1080_60f	svtav1	svtav1_20191121_ebd9c80	60	20	23189744.0	23189.744	41.12616666666667	44.89266666666667	45.6215	41.119696	44.888338	45.620155	99.291289	11186723.0	186.44538333333333	1920	1080	60.0	8	5e59896a4e5309fffc17f42778e71154	805ef1b50bc5fc42c0ca1ec73403ab5d	1920	1080	24623.0	75.0	23771.0	7142.0	False	False
Netflix_FoodMarket_1920x1080_60f	Netflix_FoodMarket_1920x1080_60f	svtav1	svtav1_20191121_ebd9c80	60	32	7247536.0	7247.536000000001	39.753166666666665	44.023166666666675	44.932500000000005	39.742031	44.018502	44.930327	96.083269	6473254.0	107.88756666666667	1920	1080	60.0	8	ae56e8d0cb3b4dbb2a400ca74b4d513e	16559528769f2cafdd58ecda44111e35	1920	1080	16308.0	4.0	13444.0	6396.0	False	False
Netflix_FoodMarket_1920x1080_60f	Netflix_FoodMarket_1920x1080_60f	svtav1	svtav1_20191121_ebd9c80	60	43	3580936.0	3580.936	38.452999999999996	43.153999999999996	44.20933333333333	38.431265	43.14928	44.20733499999999	91.365979	5121660.0	85.361	1920	1080	60.0	8	18f0ea34c04f96e413e2d7d691937296	b3ad53eb5c45594d998ed65a780e157f	1920	1080	19369.0	12.0	12563.0	7596.0	False	False
Netflix_FoodMarket_1920x1080_60f	Netflix_FoodMarket_1920x1080_60f	svtav1	svtav1_20191121_ebd9c80	60	55	1474944.0	1474.944	36.01566666666667	41.60216666666667	42.66533333333335	35.99331300000001	41.59593499999999	42.657159	78.285425	3991406.0	66.52343333333333	1920	1080	60.0	8	b77c29ec5e63a6f158bcdc11ece5000f	772f3d11071567379537e133ecf1509b	1920	1080	18063.0	5.0	10927.0	7063.0	False	False
Netflix_FoodMarket_1920x1080_60f	Netflix_FoodMarket_1920x1080_60f	svtav1	svtav1_20191121_ebd9c80	60	59	939128.0	939.128	34.57833333333333	40.67250000000003	41.58066666666666	34.560166	40.66692	41.564089	67.804072	5061527.0	84.35878333333334	1920	1080	60.0	8	586b881295cc41016983a165799bb8c5	d1891d1505887e4b6f5ee0a7abe06882	1920	1080	24761.0	14.0	16139.0	10732.0	False	False
Netflix_SquareAndTimelapse_1920x	Netflix_SquareAndTimelapse_1920x	svtav1	svtav1_20191121_ebd9c80	60	20	21023192.0	21023.192	44.595166666666664	48.950666666666685	48.116000000000014	44.579313	48.945789	48.105952	99.893695	8574051.0	142.90085	1920	1080	60.0	8	5b8641001026580caae6d7e415b86b72	249d2837ccf99fb6c3f8ff330e0c1d56	1920	1080	20110.0	5.0	17020.0	7196.0	False	False
Netflix_SquareAndTimelapse_1920x	Netflix_SquareAndTimelapse_1920x	svtav1	svtav1_20191121_ebd9c80	60	32	11790760.0	11790.76	42.168166666666664	47.20266666666664	46.150166666666664	42.144717	47.192471	46.136314	99.882314	8466627.0	141.11045	1920	1080	60.0	8	aee2794970e59193d47864f9676be7a8	6d1a3b6394cdf04ea15f0796dfd388c1	1920	1080	22721.0	30.0	16430.0	7297.0	False	False
Netflix_SquareAndTimelapse_1920x	Netflix_SquareAndTimelapse_1920x	svtav1	svtav1_20191121_ebd9c80	60	43	6512064.0	6512.064	39.35033333333334	45.232	43.9545	39.308563	45.220796	43.938252	98.647629	5729615.0	95.49358333333333	1920	1080	60.0	8	9814b46d729e713ddf48d5d9555bfc63	855466eff3209669879615149b1a9e76	1920	1080	25403.0	9.0	14014.0	7265.0	False	False
Netflix_SquareAndTimelapse_1920x	Netflix_SquareAndTimelapse_1920x	svtav1	svtav1_20191121_ebd9c80	60	55	2997960.0	2997.96	35.50866666666668	42.158666666666676	40.83450000000001	35.470877	42.14463	40.81962	88.39130099999998	4549207.0	75.82011666666666	1920	1080	60.0	8	3873466efb0483476064d74777b52bbd	5279bceb4c1cb05985fb9797a68e0131	1920	1080	17663.0	11.0	12105.0	7046.0	False	False
Netflix_SquareAndTimelapse_1920x	Netflix_SquareAndTimelapse_1920x	svtav1	svtav1_20191121_ebd9c80	60	59	2007808.0	2007.808	33.48233333333334	40.35900000000001	39.05450000000001	33.463048	40.353414	39.047323	79.535248	4010785.0	66.84641666666667	1920	1080	60.0	8	cb8dcbdaab81cdf1ede86587874977ff	bf1eba5a57c0b7892a4c6bd75a75b495	1920	1080	16484.0	35.0	11031.0	6576.0	False	False
Sintel_Dragons_1920x816_24_10b	Sintel_Dragons_1920x816_24_10b	svtav1	svtav1_20191121_ebd9c80	60	20	5676412.0	5676.412	47.12950000000001	51.32266666666667	51.559999999999995	47.059241	51.295455	51.516089	99.910996	4974687.0	82.91145	1920	816	24.0	10	d6169d725da532446360ccb94a0be759	a843c4c0abb872534ee9470bda4ffe78	1920	816	17010.0	5.0	16171.0	4070.0	False	False
Sintel_Dragons_1920x816_24_10b	Sintel_Dragons_1920x816_24_10b	svtav1	svtav1_20191121_ebd9c80	60	32	2892291.0	2892.291	44.028999999999996	48.86516666666666	48.956666666666685	43.955076	48.828806	48.88461	99.891167	4259586.0	70.9931	1920	816	24.0	10	3bb9b079baf268cabfd815d1f506c582	69a754ddeec566cdab6a197934b6e214	1920	816	15147.0	15.0	15183.0	4689.0	False	False
Sintel_Dragons_1920x816_24_10b	Sintel_Dragons_1920x816_24_10b	svtav1	svtav1_20191121_ebd9c80	60	43	1493820.0	1493.82	40.973500000000016	46.37233333333332	46.461499999999994	40.899238	46.332966000000006	46.377712	98.101307	3221444.0	53.690733333333334	1920	816	24.0	10	36dcfbfc472314efce51892bcb92f071	3f06eae8b7a145aae793bbfaa8a85e56	1920	816	14048.0	4.0	11933.0	4144.0	False	False
Sintel_Dragons_1920x816_24_10b	Sintel_Dragons_1920x816_24_10b	svtav1	svtav1_20191121_ebd9c80	60	55	711891.0	711.891	37.454166666666666	43.37883333333333	43.54099999999999	37.400116	43.347956	43.481098	85.145448	3637591.0	60.62651666666667	1920	816	24.0	10	a435c375d2ca749a44f21dae09dc7306	0417f3b4af5bd098e6aa4afba7956c66	1920	816	21370.0	49.0	11657.0	4710.0	False	False
Sintel_Dragons_1920x816_24_10b	Sintel_Dragons_1920x816_24_10b	svtav1	svtav1_20191121_ebd9c80	60	59	503091.0	503.091	35.787666666666674	41.82966666666668	42.09483333333332	35.735896	41.789346	42.042252	75.724281	3012747.0	50.21245	1920	816	24.0	10	f08024211086bcbdfcf733f67e6cedc8	56f130077d1f2ea9be81b2cf751afb6f	1920	816	16203.0	4.0	11099.0	4536.0	False	False
Netflix_Aerial_1920x1080_60fps_8	Netflix_Aerial_1920x1080_60fps_8	svtav1	svtav1_20191121_ebd9c80	60	20	22698864.0	22698.864	42.789499999999975	45.7515	45.45166666666668	42.763768	45.738281	45.443598	96.711951	9943189.0	165.71981666666667	1920	1080	60.0	8	d0ac10060e184bd1c15103913058c90f	4a75a467be833693381b789b2a75b7e9	1920	1080	19697.0	3.0	17364.0	6796.0	False	False
Netflix_Aerial_1920x1080_60fps_8	Netflix_Aerial_1920x1080_60fps_8	svtav1	svtav1_20191121_ebd9c80	60	32	11198104.0	11198.104	40.889833333333314	44.58766666666666	44.55016666666666	40.83107400000001	44.574013	44.545033	94.5705	7432784.0	123.87973333333333	1920	1080	60.0	8	8a4cd8ae40c34ddb2b1934c7484d212f	836c71b278b114bcba0c34f1917ad420	1920	1080	19251.0	16.0	14082.0	7000.0	False	False
Netflix_Aerial_1920x1080_60fps_8	Netflix_Aerial_1920x1080_60fps_8	svtav1	svtav1_20191121_ebd9c80	60	43	5232576.0	5232.576	38.33050000000001	42.816666666666656	43.27416666666666	38.262963	42.810885	43.271839	90.853024	4715185.0	78.58641666666666	1920	1080	60.0	8	de78356c448921c3eddb2fb552d2ce25	b68f1a45f4f0c82282a6d8c24707b8cd	1920	1080	18217.0	5.0	10811.0	6198.0	False	False
Netflix_Aerial_1920x1080_60fps_8	Netflix_Aerial_1920x1080_60fps_8	svtav1	svtav1_20191121_ebd9c80	60	55	1806920.0	1806.9200000000003	34.39416666666667	40.307	41.634	34.370514	40.302474	41.627917	81.034987	4715176.0	78.58626666666666	1920	1080	60.0	8	df6b05f47d74fa802d082d3988ba0bf7	7511711a0790a118f0fa76afd24d6d4c	1920	1080	20546.0	29.0	10175.0	6482.0	False	False
Netflix_Aerial_1920x1080_60fps_8	Netflix_Aerial_1920x1080_60fps_8	svtav1	svtav1_20191121_ebd9c80	60	59	1053392.0	1053.392	32.52316666666667	39.15133333333333	40.889833333333314	32.515274	39.143523	40.879838	72.322684	4281439.0	71.35731666666666	1920	1080	60.0	8	98e03040f58eb3e8146c2c1891fafa34	bdc7852074f8e991b0acba69245da0b2	1920	1080	19053.0	4.0	9242.0	6834.0	False	False
rush_hour_1080p25_60f	rush_hour_1080p25_60f	svtav1	svtav1_20191121_ebd9c80	60	20	5582570.0	5582.569999999999	43.09066666666667	46.89683333333333	48.89850000000001	43.089229	46.89477	48.895683	97.141151	7552612.0	125.87686666666667	1920	1080	25.0	8	9d158cef9e1c15f4264d712858f474d6	06b9fd551f9746aa2073a7132f3c1195	1920	1080	13376.0	3.0	19378.0	6248.0	False	False
rush_hour_1080p25_60f	rush_hour_1080p25_60f	svtav1	svtav1_20191121_ebd9c80	60	32	2660673.0	2660.673	42.22383333333334	45.92433333333335	47.69283333333335	42.219868	45.92207799999999	47.687841	93.504277	6479456.0	107.99093333333333	1920	1080	25.0	8	feaceb72afed3cb1a1000763f6bde82e	a697ca569566b75f2cf8acad055591d0	1920	1080	13589.0	5.0	16539.0	6438.0	False	False
rush_hour_1080p25_60f	rush_hour_1080p25_60f	svtav1	svtav1_20191121_ebd9c80	60	43	1283386.0	1283.386	40.87716666666664	44.79949999999999	46.26783333333335	40.863268	44.796587	46.259527	86.339918	4356255.0	72.60425	1920	1080	25.0	8	33a7d4325480e677d43c07f7dff7df2a	38e7337951ae09a7987cc73cb83364ab	1920	1080	14612.0	3.0	13079.0	6389.0	False	False
rush_hour_1080p25_60f	rush_hour_1080p25_60f	svtav1	svtav1_20191121_ebd9c80	60	55	562216.0	562.216	38.73183333333334	43.07399999999999	44.17499999999998	38.701615	43.067674	44.162287	73.530388	2833066.0	47.21776666666667	1920	1080	25.0	8	f98d6ea9aafc40949e483b8c030e42c9	4303ae6538fee956d2eb648fe1d6730e	1920	1080	14024.0	3.0	9882.0	6344.0	False	False
rush_hour_1080p25_60f	rush_hour_1080p25_60f	svtav1	svtav1_20191121_ebd9c80	60	59	389373.0	389.373	37.57083333333332	42.06666666666668	43.02283333333334	37.539556999999995	42.06115	43.010639	66.291413	2883924.0	48.0654	1920	1080	25.0	8	5ee84ba6d91163817a3ffc45cf9546c2	fb3f9095c00d13af562bebb5c8a46bec	1920	1080	14850.0	5.0	9728.0	7065.0	False	False
Netflix_Crosswalk_1920x1080_60fp	Netflix_Crosswalk_1920x1080_60fp	svtav1	svtav1_20191121_ebd9c80	60	20	7892208.0	7892.208	45.595166666666664	48.339000000000006	50.17333333333334	45.583008	48.334493	50.165844	99.17714099999999	10153590.0	169.2265	1920	1080	60.0	8	52a04a09e936aff698feb323e513f476	9ca0316b7034a0e0c5b8f1a013f00209	1920	1080	18972.0	25.0	19181.0	10544.0	False	False
Netflix_Crosswalk_1920x1080_60fp	Netflix_Crosswalk_1920x1080_60fp	svtav1	svtav1_20191121_ebd9c80	60	32	3970632.0	3970.632	44.32349999999999	47.577333333333314	49.37733333333335	44.291672	47.572013	49.371854	95.95057	5653258.0	94.22096666666667	1920	1080	60.0	8	b55b7abedf84b5f593ba2df020d78a6f	337e1a641b6e49a8e4edf78e4d134814	1920	1080	14608.0	9.0	16045.0	6983.0	False	False
Netflix_Crosswalk_1920x1080_60fp	Netflix_Crosswalk_1920x1080_60fp	svtav1	svtav1_20191121_ebd9c80	60	43	2040144.0	2040.144	42.588	46.551333333333325	48.298000000000016	42.527916	46.543202	48.289149	89.820068	4191521.0	69.85868333333333	1920	1080	60.0	8	9b1d1d931c192583185c1330e2b4ff69	78960be429f39517a22818489d546a72	1920	1080	14755.0	4.0	13609.0	6254.0	False	False
Netflix_Crosswalk_1920x1080_60fp	Netflix_Crosswalk_1920x1080_60fp	svtav1	svtav1_20191121_ebd9c80	60	55	930960.0	930.9600000000002	39.81583333333334	44.70766666666667	46.339999999999996	39.746987	44.700249	46.332674	75.787692	3273799.0	54.563316666666665	1920	1080	60.0	8	7083853ddede50401af1c84aa5e8b47b	de7e1a88c69e669051182246d5ebdeb3	1920	1080	12769.0	5.0	12121.0	6670.0	False	False
Netflix_Crosswalk_1920x1080_60fp	Netflix_Crosswalk_1920x1080_60fp	svtav1	svtav1_20191121_ebd9c80	60	59	674848.0	674.848	38.38866666666665	43.68866666666667	45.24300000000001	38.338392	43.681556	45.23876400000001	66.351159	3116152.0	51.93586666666667	1920	1080	60.0	8	f28dbb752ef18f772581b590cf2cf025	53dece23ee9d8aa51b97de83ce69fa48	1920	1080	12031.0	5.0	10868.0	6175.0	False	False
ducks_1920x1080_50fps_10b	ducks_1920x1080_50fps_10b	svtav1	svtav1_20191121_ebd9c80	60	20	124640700.0	124640.7	39.346833333333315	39.551	41.67799999999998	39.326899	39.53509900000001	41.659995	98.927524	11478115.0	191.30191666666667	1920	1080	50.0	10	6bdc6d1a6d0496e28454bccf3727164c	d330e6ac510a281581556015145505e3	1920	1080	29446.0	2.0	43730.0	6795.0	False	False
ducks_1920x1080_50fps_10b	ducks_1920x1080_50fps_10b	svtav1	svtav1_20191121_ebd9c80	60	32	35874106.0	35874.106	35.38683333333333	37.03549999999999	40.03166666666667	35.35669500000001	37.012321	40.018745	93.670193	10534827.0	175.58045	1920	1080	50.0	10	fa19d9ca9171b90d7ea1ba67620abfe6	cbf837d0560a4ce95fdf4b755b5c996c	1920	1080	33516.0	17.0	28946.0	6374.0	False	False
ducks_1920x1080_50fps_10b	ducks_1920x1080_50fps_10b	svtav1	svtav1_20191121_ebd9c80	60	43	11635820.0	11635.82	33.225166666666674	35.26183333333332	38.65799999999999	33.200402	35.225328	38.648624	84.735483	8747452.0	145.79086666666666	1920	1080	50.0	10	c002bad7626e08cc0706979adf0b5bea	9c66de7c8fd3bd0920732576b74dbe6a	1920	1080	49347.0	113.0	24603.0	8727.0	False	False
ducks_1920x1080_50fps_10b	ducks_1920x1080_50fps_10b	svtav1	svtav1_20191121_ebd9c80	60	55	4023953.0	4023.953	30.643333333333338	33.22483333333333	37.21516666666666	30.610725	33.187438	37.211293	67.542351	6637825.0	110.63041666666666	1920	1080	50.0	10	81cc86025d0f4c3a9ddf89a6ae544cdc	c2d84279baf9fa85f0725b9f65320e66	1920	1080	29887.0	9.0	19624.0	7167.0	False	False
ducks_1920x1080_50fps_10b	ducks_1920x1080_50fps_10b	svtav1	svtav1_20191121_ebd9c80	60	59	2571966.0	2571.966	29.435	32.31816666666667	36.644166666666656	29.401987	32.288209	36.639339	57.942194	5300238.0	88.3373	1920	1080	50.0	10	d60f0bdf5036e6be7918ce0e9a54f1d7	6d9ed89203c0c2dcd6620ef9fd3a307c	1920	1080	29311.0	3.0	15199.0	6590.0	False	False
Netflix_Boat_1920x1080_60fps_8bi	Netflix_Boat_1920x1080_60fps_8bi	svtav1	svtav1_20191121_ebd9c80	60	20	29874512.0	29874.512	43.73133333333332	46.158166666666666	47.8585	43.709205	46.131106	47.839184	99.908923	9463138.0	157.71896666666666	1920	1080	60.0	8	ad21e3f743706ecfe90c3f1a8038673a	476cb443dbc342526375ea77320f81d4	1920	1080	20702.0	4.0	15081.0	6724.0	False	False
Netflix_Boat_1920x1080_60fps_8bi	Netflix_Boat_1920x1080_60fps_8bi	svtav1	svtav1_20191121_ebd9c80	60	32	16992320.0	16992.32	41.34966666666667	44.725	46.21733333333335	41.296513	44.690331	46.192153	99.713412	10308751.0	171.81251666666665	1920	1080	60.0	8	ef9d84330d6dea4a169cdb1c5f03a4c1	795fce3cf4f47f61931c4923a6085d5a	1920	1080	50037.0	9.0	14545.0	7826.0	False	False
Netflix_Boat_1920x1080_60fps_8bi	Netflix_Boat_1920x1080_60fps_8bi	svtav1	svtav1_20191121_ebd9c80	60	43	9127416.0	9127.416	38.293	42.89166666666666	43.92233333333332	38.208452	42.864495	43.909152999999996	96.273273	6667556.0	111.12593333333334	1920	1080	60.0	8	a827a4c460e7a252bc485f3a42336d3b	4d8ec7d3615b17dba02d1a119c532a1c	1920	1080	20778.0	17.0	14206.0	7773.0	False	False
Netflix_Boat_1920x1080_60fps_8bi	Netflix_Boat_1920x1080_60fps_8bi	svtav1	svtav1_20191121_ebd9c80	60	55	3935616.0	3935.616	33.948	40.428166666666684	40.991500000000016	33.887563	40.408386	40.9888	86.685591	5630062.0	93.83436666666667	1920	1080	60.0	8	9502a97e51932b6b8ae231554068a385	e6170f01eeadeaea3a4a30b3da5c82a8	1920	1080	25959.0	4.0	9572.0	6599.0	False	False
Netflix_Boat_1920x1080_60fps_8bi	Netflix_Boat_1920x1080_60fps_8bi	svtav1	svtav1_20191121_ebd9c80	60	59	2570112.0	2570.112	31.776166666666665	39.04866666666666	39.626833333333316	31.743385	39.034665	39.624681	78.741208	4954967.0	82.58278333333334	1920	1080	60.0	8	55fa1b7228079f7087d62331ad666ee0	4bcda3ac4aadab85ae02e94c02bc0a3e	1920	1080	19316.0	4.0	9135.0	6494.0	False	False
ducks_take_off_1080p50_60f	ducks_take_off_1080p50_60f	svtav1	svtav1_20191121_ebd9c80	60	20	114866040.0	114866.04	38.922000000000004	39.29033333333335	41.34883333333333	38.901732	39.273394	41.326849	98.761332	16397526.0	273.2921	1920	1080	50.0	8	18d7fac5aa4b5f88abf03ff60b24f7bf	a8b023705c02eb5c8f50332aa3000877	1920	1080	25980.0	6.0	37090.0	6931.0	False	False
ducks_take_off_1080p50_60f	ducks_take_off_1080p50_60f	svtav1	svtav1_20191121_ebd9c80	60	32	33764126.0	33764.126	35.280833333333334	36.99616666666667	39.9235	35.248799	36.972564	39.909994	93.898256	10135964.0	168.93273333333335	1920	1080	50.0	8	3f8d19b383094111b0367733bf23cb24	fe08d2a3a8c2c3792e948a43dc5154f1	1920	1080	23766.0	3.0	27074.0	6573.0	False	False
ducks_take_off_1080p50_60f	ducks_take_off_1080p50_60f	svtav1	svtav1_20191121_ebd9c80	60	43	11132013.0	11132.013	33.15233333333333	35.17816666666667	38.505500000000005	33.128195	35.142795	38.495597	84.954068	7188828.0	119.8138	1920	1080	50.0	8	65e0ece1991d4b64b09717f64bbaf431	7b909955e4e8f412f98740ac0df0bcfe	1920	1080	21576.0	5.0	19513.0	6330.0	False	False
ducks_take_off_1080p50_60f	ducks_take_off_1080p50_60f	svtav1	svtav1_20191121_ebd9c80	60	55	3940220.0	3940.22	30.607666666666677	33.154333333333334	37.068666666666665	30.576281	33.11904	37.065245	67.772823	5132303.0	85.53838333333333	1920	1080	50.0	8	08b6d9e834d997671c91e37804317871	c79ae80eaff5e47aae7e1758ed307480	1920	1080	22165.0	6.0	15266.0	6370.0	False	False
ducks_take_off_1080p50_60f	ducks_take_off_1080p50_60f	svtav1	svtav1_20191121_ebd9c80	60	59	2527006.0	2527.006	29.402166666666666	32.287000000000006	36.478000000000016	29.370733000000005	32.257965	36.473619	58.185583	5601415.0	93.35691666666666	1920	1080	50.0	8	9d1dbe99e6ca6c21e43636094a4276d9	cdfd24a1ecf01b4c7d5f4292e4c9070c	1920	1080	24485.0	5.0	15196.0	7215.0	False	False
touchdown_pass_1080p_60f	touchdown_pass_1080p_60f	svtav1	svtav1_20191121_ebd9c80	60	20	21041472.0	21041.472	40.76500000000001	48.095499999999994	48.248333333333335	40.724759	48.086885	48.240349	96.367561	10743913.0	179.06521666666666	1920	1080	29.97	8	cfd60728ee644f69b8a70b796fa895bd	bb5357d0892cf636a61c48d793e77d00	1920	1080	26397.0	4.0	26251.0	5990.0	False	False
touchdown_pass_1080p_60f	touchdown_pass_1080p_60f	svtav1	svtav1_20191121_ebd9c80	60	32	5207869.0	5207.869	38.74900000000001	47.440166666666684	47.57166666666667	38.727728	47.43255	47.563485	94.353214	13827396.0	230.4566	1920	1080	29.97	8	f34bef54275c920244c736e5509e4278	a9353b962b7a635b60322c6dd7ba917e	1920	1080	62308.0	9.0	22445.0	11549.0	False	False
touchdown_pass_1080p_60f	touchdown_pass_1080p_60f	svtav1	svtav1_20191121_ebd9c80	60	43	2172768.0	2172.768	37.50600000000001	46.46366666666666	46.504000000000005	37.484	46.457508	46.49727500000001	91.449971	5284907.0	88.08178333333333	1920	1080	29.97	8	742eafd6223460b9f39b88c9467a0659	dd94dd694d5a746b77c8c79c7417bd56	1920	1080	17470.0	17.0	11916.0	6668.0	False	False
touchdown_pass_1080p_60f	touchdown_pass_1080p_60f	svtav1	svtav1_20191121_ebd9c80	60	55	865020.0	865.02	35.10416666666667	44.65166666666666	44.68516666666668	35.077908	44.646903	44.678596	82.300712	3844342.0	64.07236666666667	1920	1080	29.97	8	0436c667d15871e3043a38e54d3b4311	e6b81ae21c63df9393074184f75c566b	1920	1080	17765.0	3.0	9799.0	7480.0	False	False
touchdown_pass_1080p_60f	touchdown_pass_1080p_60f	svtav1	svtav1_20191121_ebd9c80	60	59	525728.0	525.728	33.408833333333334	43.48866666666665	43.6245	33.385462	43.486339	43.618957	72.459913	4242779.0	70.71298333333333	1920	1080	29.97	8	31b89a0da3ce47dfa7ac27217a10bc4b	4eb10a25fa1759199a9447b8bcf599e5	1920	1080	18119.0	25.0	8684.0	6530.0	False	False
ToddlerFountn_1920x1080_2997_10b	ToddlerFountn_1920x1080_2997_10b	svtav1	svtav1_20191121_ebd9c80	60	20	60529506.0	60529.506	41.48016666666667	46.55950000000001	44.01633333333332	41.423669	46.546322	43.98651	99.903977	11858391.0	197.63985	1920	1080	29.97	10	ef8c5dcf7ffc1ca66d7e383cdf37d768	e860df85c11482e9e6c07147915681d2	1920	1080	29798.0	17.0	36734.0	6897.0	False	False
ToddlerFountn_1920x1080_2997_10b	ToddlerFountn_1920x1080_2997_10b	svtav1	svtav1_20191121_ebd9c80	60	32	30401066.0	30401.066	37.27966666666668	45.04416666666666	42.07833333333334	37.181401	45.035695	42.05707	99.875267	15173506.0	252.89176666666665	1920	1080	29.97	10	278ebb83a31208622127eea982d551a2	bf4d9ecbac1490de6bdc78430d54e3dc	1920	1080	79907.0	13.0	39011.0	10897.0	False	False
ToddlerFountn_1920x1080_2997_10b	ToddlerFountn_1920x1080_2997_10b	svtav1	svtav1_20191121_ebd9c80	60	43	13385218.0	13385.218	33.55149999999999	43.56933333333335	40.58283333333335	33.465455	43.562683	40.572617	89.884426	8393648.0	139.89413333333334	1920	1080	29.97	10	b6ed936315522daa39003fb23953cea1	dd5b94b04c79dc904ce190c354b6405c	1920	1080	36165.0	6.0	25324.0	6950.0	False	False
ToddlerFountn_1920x1080_2997_10b	ToddlerFountn_1920x1080_2997_10b	svtav1	svtav1_20191121_ebd9c80	60	55	4764034.0	4764.034	30.126166666666663	41.942833333333354	39.31166666666666	30.077633	41.941219	39.308865	67.436955	7357399.0	122.62331666666667	1920	1080	29.97	10	d8c579fc6c017b778a08d92d22899a07	60cbce06cf2cefae7929f7320c47dfc9	1920	1080	30160.0	21.0	20289.0	6913.0	False	False
ToddlerFountn_1920x1080_2997_10b	ToddlerFountn_1920x1080_2997_10b	svtav1	svtav1_20191121_ebd9c80	60	59	2984639.0	2984.639	28.888999999999992	41.303	38.92633333333333	28.852474999999995	41.30194199999999	38.924911	55.952148	5844308.0	97.40513333333334	1920	1080	29.97	10	8fcb58c250cbbf58770f7ffabd84afb1	d993799f2ff5a5db45ce4ae4dabba168	1920	1080	27304.0	4.0	17464.0	6200.0	False	False
life_1080p30_60f	life_1080p30_60f	svtav1	svtav1_20191121_ebd9c80	60	20	12691872.0	12691.872	44.37166666666667	49.529666666666664	49.12533333333332	44.358422	49.52187	49.118765	99.451539	7573542.0	126.2257	1920	1080	30.0	8	f3736906fd8eb2be3290196734401637	cfb8f851093f4a3dc9d6b023c43f5609	1920	1080	18306.0	3.0	15025.0	7077.0	False	False
life_1080p30_60f	life_1080p30_60f	svtav1	svtav1_20191121_ebd9c80	60	32	6084244.0	6084.244	41.56466666666666	47.40416666666667	47.12983333333333	41.543145	47.391265	47.120783	97.749151	6769552.0	112.82586666666667	1920	1080	30.0	8	ec5345fb95c86ae22c94613f465e8a25	0d1bb393d4aeb6f64956ef4d751e9b85	1920	1080	46558.0	28.0	13305.0	6638.0	False	False
life_1080p30_60f	life_1080p30_60f	svtav1	svtav1_20191121_ebd9c80	60	43	2987336.0	2987.336	38.76183333333332	45.36749999999998	45.22050000000001	38.734867	45.347287	45.205599	94.51637	5037183.0	83.95305	1920	1080	30.0	8	f59e4e88d8a144072e8635b8e13ba2c3	71da6741ed974daa82f1701fc3036729	1920	1080	17699.0	5.0	11637.0	6868.0	False	False
life_1080p30_60f	life_1080p30_60f	svtav1	svtav1_20191121_ebd9c80	60	55	1230232.0	1230.232	35.118833333333335	42.524499999999996	42.303333333333335	35.102157	42.506033	42.288749	87.243177	4250153.0	70.83588333333333	1920	1080	30.0	8	de91b546a5128db6966add34764b3da5	b082bf7cfb837b19f1b729eb640692d0	1920	1080	22448.0	8.0	9533.0	6232.0	False	False
life_1080p30_60f	life_1080p30_60f	svtav1	svtav1_20191121_ebd9c80	60	59	772428.0	772.428	33.426333333333325	40.96233333333334	40.58599999999999	33.417725	40.953053	40.580031	80.71933800000001	3128901.0	52.14835	1920	1080	30.0	8	a26aa6d97713223d75d9398fe428dfe9	755e1a3dab9fe5cbab4b725684c00b94	1920	1080	17495.0	8.0	8468.0	6144.0	False	False
MINECRAFT_60f_420	MINECRAFT_60f_420	svtav1	svtav1_20191121_ebd9c80	60	20	85342720.0	85342.72	43.441333333333326	46.153833333333324	46.60750000000001	43.275806	45.998888	46.485959	99.951649	19587578.0	326.45963333333333	1920	1080	60.0	8	dc08745429c77eef55c8dedcd0d46be6	8b330b78d1e87469c807990478121148	1920	1080	38735.0	24.0	28264.0	6744.0	False	False
MINECRAFT_60f_420	MINECRAFT_60f_420	svtav1	svtav1_20191121_ebd9c80	60	32	50897160.0	50897.16	39.3095	44.401833333333336	44.74683333333332	39.036997	44.278225	44.6543	99.926277	17573109.0	292.88515	1920	1080	60.0	8	3dcce95bd6bd6ffa2b2ec786a4b182e5	36bc54243ccf4371ac694742a25679ca	1920	1080	27039.0	46.0	24906.0	6775.0	False	False
MINECRAFT_60f_420	MINECRAFT_60f_420	svtav1	svtav1_20191121_ebd9c80	60	43	23611384.0	23611.384	34.99633333333334	42.74816666666667	42.91199999999999	34.680608	42.660457	42.842367	96.717154	14477896.0	241.29826666666668	1920	1080	60.0	8	a6235e1de9cd1ed44c24ec16a7e03672	3563662c42b4efc09bd0a762ee1d32ab	1920	1080	21541.0	5.0	16516.0	6052.0	False	False
MINECRAFT_60f_420	MINECRAFT_60f_420	svtav1	svtav1_20191121_ebd9c80	60	55	8848632.0	8848.632	31.511833333333335	40.64483333333333	40.63016666666667	31.331707	40.599099	40.591006	83.355656	13772364.0	229.5394	1920	1080	60.0	8	8a50d45df296341e639904ac7edb1186	b14d631143003c1d7a83210c9a551b21	1920	1080	20078.0	4.0	12480.0	6746.0	False	False
MINECRAFT_60f_420	MINECRAFT_60f_420	svtav1	svtav1_20191121_ebd9c80	60	59	5493080.0	5493.08	30.23683333333333	39.310666666666656	39.283500000000004	30.134104	39.286399	39.255003	75.124527	11468521.0	191.14201666666668	1920	1080	60.0	8	26e869b08197262d80d3d638551c5259	33891557de78aebc67d12621d134c505	1920	1080	21170.0	5.0	10711.0	6420.0	False	False
wikipedia_420	wikipedia_420	svtav1	svtav1_20191121_ebd9c80	60	20	1689304.0	1689.304	55.8735	52.99466666666669	53.937000000000005	55.855625	52.834969	53.879428	99.837628	11672352.0	194.5392	1920	1080	30.0	8	944950aa5e613e9e79508a6d4573e406	fc32b018280a0c47c6b967c314625e8e	1920	1080	11725.0	4.0	2076.0	5582.0	False	False
wikipedia_420	wikipedia_420	svtav1	svtav1_20191121_ebd9c80	60	32	908316.0	908.316	51.221999999999966	50.8095	51.99400000000001	51.212055	50.583772	51.934147	99.821485	10189367.0	169.82278333333332	1920	1080	30.0	8	f333c9072d3119abd4c6c041e38ec61d	ed6d700d8212475592735e530399eb6e	1920	1080	13891.0	4.0	1850.0	5857.0	False	False
wikipedia_420	wikipedia_420	svtav1	svtav1_20191121_ebd9c80	60	43	615404.0	615.404	48.76966666666666	48.833000000000006	50.280666666666654	48.753583	48.683173	50.234357	99.793668	10164260.0	169.40433333333334	1920	1080	30.0	8	0203adbb243e3eb599d9bbd8ac73694f	a2a520d53b6eb1f95b33ff9504dfedbb	1920	1080	11632.0	3.0	2170.0	5533.0	False	False
wikipedia_420	wikipedia_420	svtav1	svtav1_20191121_ebd9c80	60	55	413936.0	413.936	44.16816666666666	46.03433333333334	47.382333333333335	44.154753	45.986263	47.359799	99.61329499999998	9006257.0	150.10428333333334	1920	1080	30.0	8	afd9b68215fd476e3a5ef623c94a7f10	1d57497357233f4a3fddc01c41821606	1920	1080	11343.0	3.0	2082.0	5593.0	False	False
wikipedia_420	wikipedia_420	svtav1	svtav1_20191121_ebd9c80	60	59	332660.0	332.66	41.21916666666666	43.965833333333315	45.43316666666668	41.20444	43.931172	45.403672	99.333192	16366795.0	272.7799166666667	1920	1080	30.0	8	6ed616f7ce48110846898d86184d9d0b	57429e833e9086a141d3243050304e7b	1920	1080	35135.0	32.0	3970.0	12069.0	False	False
