ducks_1920x1080_50fps_10b	ducks_1920x1080_50fps_10b	libaom	libaom_20191019_bbe0a0a	60	20	118046053.0	118046.053	39.51100000000001	39.57516666666665	41.633833333333314	39.282752	39.370588	41.548073	98.999528	70102505.0	1168.3750833333334	1920	1080	50.0	10	e8f7dee927d3c8fc0599155fa9236a04	666e9c6821699d6beb5ffa14969e2672	1920	1080	32276.0	1695.0	29697.0	19848.0	False	False
ducks_1920x1080_50fps_10b	ducks_1920x1080_50fps_10b	libaom	libaom_20191019_bbe0a0a	60	32	33542473.0	33542.473	35.39266666666668	37.113333333333344	40.130833333333335	35.269876	37.057782	40.111484	93.903807	32102228.0	535.0371333333334	1920	1080	50.0	10	860187446bc5b7bc306d272aa2548fe3	8b2bf00021fc4b89a8a9b00adcccf3f0	1920	1080	31317.0	502.0	5637.0	6619.0	False	False
ducks_1920x1080_50fps_10b	ducks_1920x1080_50fps_10b	libaom	libaom_20191019_bbe0a0a	60	43	11505900.0	11505.9	33.3175	35.47550000000001	38.889166666666675	33.270593	35.431995	38.876025	85.433617	17390833.0	289.84721666666667	1920	1080	50.0	10	b6092cb3c355cc28b60c3d959deb93e0	7bea7e7034b74cb20a0e14d0b411d0bb	1920	1080	31672.0	631.0	4516.0	7369.0	False	False
ducks_1920x1080_50fps_10b	ducks_1920x1080_50fps_10b	libaom	libaom_20191019_bbe0a0a	60	55	4910786.0	4910.786000000001	31.256333333333348	33.874	37.89233333333334	31.194816	33.81958	37.885966	72.105107	10219166.0	170.31943333333334	1920	1080	50.0	10	8b96fa65cb9bfd6178b604ae8253b01d	930e17a4e1770bce783219567c2edb16	1920	1080	30158.0	605.0	3381.0	7152.0	False	False
ducks_1920x1080_50fps_10b	ducks_1920x1080_50fps_10b	libaom	libaom_20191019_bbe0a0a	60	63	2183066.0	2183.066	28.997833333333332	32.300000000000004	37.034666666666666	28.913422	32.252003	37.03172200000001	54.412333	5472495.0	91.20825	1920	1080	50.0	10	c53ccb398d9a7d0e9fdd0f6dc53e135f	15fb32607ba62865d429f06fa7004179	1920	1080	39220.0	627.0	2735.0	9548.0	False	False
Cosmos1_1920x856_BT2100_PQ_24fps	Cosmos1_1920x856_BT2100_PQ_24fps	libaom	libaom_20191019_bbe0a0a	60	20	22849657.0	22849.657	42.021166666666666	44.88700000000001	47.56766666666668	41.829699	44.794503	47.515383	99.380813	22210655.0	370.17758333333336	1920	856	24.0	10	825a0d38918e863eef17b17948f6d914	06995507215ac16ba108a246e87525d1	1920	856	12242.0	404.0	7337.0	6710.0	False	False
Cosmos1_1920x856_BT2100_PQ_24fps	Cosmos1_1920x856_BT2100_PQ_24fps	libaom	libaom_20191019_bbe0a0a	60	32	9162611.0	9162.611	38.12450000000002	42.907999999999994	45.949999999999996	37.923227	42.847873	45.910704	94.728639	13227372.0	220.4562	1920	856	24.0	10	dc676b9a86c378b9f15f6805efc47d8f	007ec27db3e1f812b22c90cdce657c09	1920	856	25756.0	367.0	4405.0	4629.0	False	False
Cosmos1_1920x856_BT2100_PQ_24fps	Cosmos1_1920x856_BT2100_PQ_24fps	libaom	libaom_20191019_bbe0a0a	60	43	3746569.0	3746.569	35.44316666666666	41.31966666666667	44.551500000000004	35.326435	41.279152	44.52458	84.248108	7494744.0	124.9124	1920	856	24.0	10	fb45440d8066e202d9c8f0c86489955e	ba86052d5bdc3a6d852a0d39f2907685	1920	856	23028.0	368.0	3137.0	5368.0	False	False
Cosmos1_1920x856_BT2100_PQ_24fps	Cosmos1_1920x856_BT2100_PQ_24fps	libaom	libaom_20191019_bbe0a0a	60	55	1577699.0	1577.699	32.965833333333336	39.86650000000001	43.11066666666666	32.878404	39.83919	43.095758	66.980025	4665155.0	77.75258333333333	1920	856	24.0	10	6e03e9b6c688fbff98c306ba0db2b709	f92405158e84e945018a620b0aa20237	1920	856	14250.0	374.0	2447.0	4480.0	False	False
Cosmos1_1920x856_BT2100_PQ_24fps	Cosmos1_1920x856_BT2100_PQ_24fps	libaom	libaom_20191019_bbe0a0a	60	63	588390.0	588.39	30.26883333333333	38.23933333333333	41.02133333333331	30.205085	38.228374	41.019703	43.091737	3390766.0	56.512766666666664	1920	856	24.0	10	aeb420f562d844b0d5cca5b8b51f81ae	49122d60dffea6b1ad651c5ff55cd5e3	1920	856	24471.0	474.0	2188.0	5969.0	False	False
dark720p_60f	dark720p_60f	libaom	libaom_20191019_bbe0a0a	60	20	6722696.0	6722.696	45.81566666666667	43.57783333333335	45.15916666666669	45.73399200000001	43.439659	45.018408	96.030518	5891670.0	98.1945	1280	720	30.0	8	f4f83fe415c4102405cce2f31d0cee23	3c1ffcff61dc45859d6c435a8e2dc1d3	1280	720	5484.0	159.0	1613.0	2822.0	False	False
dark720p_60f	dark720p_60f	libaom	libaom_20191019_bbe0a0a	60	32	1703696.0	1703.696	43.51166666666667	39.21433333333334	41.93216666666665	43.48345200000001	39.115801	41.902059	93.166537	2558034.0	42.6339	1280	720	30.0	8	e87f3e2dfecfc4117ee064bcf6fa8b80	293f7f4ecc1c9ed9f362f7aa21834d91	1280	720	5446.0	150.0	938.0	2444.0	False	False
dark720p_60f	dark720p_60f	libaom	libaom_20191019_bbe0a0a	60	43	384960.0	384.96	42.42283333333331	37.159499999999994	41.03883333333332	42.414459	37.13077	41.036154	90.899197	1203772.0	20.062866666666668	1280	720	30.0	8	b722027d50fadc43bd4d8d9dc2011b55	7b30b969f0bf9e5bd933963439d6da7b	1280	720	4180.0	152.0	470.0	2384.0	False	False
dark720p_60f	dark720p_60f	libaom	libaom_20191019_bbe0a0a	60	55	154140.0	154.14	41.343333333333334	36.536000000000016	40.31816666666666	41.336501	36.529857	40.314925	88.074871	626810.0	10.446833333333334	1280	720	30.0	8	c6f86e1c0aa695b6862e5b20a2d057c0	46f504f4c48add73270e1ce491351c50	1280	720	5902.0	150.0	361.0	2817.0	False	False
dark720p_60f	dark720p_60f	libaom	libaom_20191019_bbe0a0a	60	63	84868.0	84.868	39.599999999999994	35.736833333333344	39.15900000000001	39.576685	35.730197	39.141365	82.218936	339825.0	5.66375	1280	720	30.0	8	5a9893019d0ee7be5e597755f72e36b8	d1be8a02644364e960dbf372782d5935	1280	720	10391.0	153.0	306.0	5348.0	False	False
DOTA2_60f_420	DOTA2_60f_420	libaom	libaom_20191019_bbe0a0a	60	20	14775288.0	14775.288	45.40266666666666	48.941333333333326	49.13400000000001	45.353217	48.89323	49.115901	97.55011799999998	6815795.0	113.59658333333333	1920	1080	60.0	8	9e9d35e71c856f86dd3364d75b088061	84ec97ac06771591fcb594874dde46e0	1920	1080	16863.0	257.0	2019.0	6532.0	False	False
DOTA2_60f_420	DOTA2_60f_420	libaom	libaom_20191019_bbe0a0a	60	32	7288456.0	7288.456	42.84483333333333	46.640833333333326	47.00566666666666	42.784895	46.586424	46.989983	95.670936	4494301.0	74.90501666666667	1920	1080	60.0	8	2d0adb1a34d53f8867c2defdb7cfd8b5	05cb5298b09a4b0644b2d25b4a59d468	1920	1080	28511.0	256.0	1485.0	6290.0	False	False
DOTA2_60f_420	DOTA2_60f_420	libaom	libaom_20191019_bbe0a0a	60	43	3726240.0	3726.24	40.34316666666667	44.40683333333333	44.84633333333332	40.283811	44.3472	44.830852	92.343249	3455667.0	57.59445	1920	1080	60.0	8	83af49d5ab63a80927050f99947f5dd1	87f369fea273120114755a4a3961e718	1920	1080	37220.0	248.0	1338.0	11775.0	False	False
DOTA2_60f_420	DOTA2_60f_420	libaom	libaom_20191019_bbe0a0a	60	55	1841936.0	1841.936	37.66133333333334	42.04200000000001	42.411500000000004	37.592543	41.969371	42.398339	85.715783	1831003.0	30.516716666666667	1920	1080	60.0	8	2afaf81c6f4933faddfe86209da43c2b	d362f713b26573856fa78576efe4a894	1920	1080	22356.0	269.0	1015.0	11791.0	False	False
DOTA2_60f_420	DOTA2_60f_420	libaom	libaom_20191019_bbe0a0a	60	63	922440.0	922.44	34.8235	39.389833333333335	39.706333333333326	34.741401	39.308385	39.678187	72.624419	1108767.0	18.47945	1920	1080	60.0	8	0953d6b2c20e250df852ac129813f20e	b7514b70562d6cdff828a4d507f24156	1920	1080	16928.0	320.0	1009.0	6852.0	False	False
touchdown_pass_1080p_60f	touchdown_pass_1080p_60f	libaom	libaom_20191019_bbe0a0a	60	20	17115327.0	17115.327	40.54133333333335	47.83016666666666	47.958999999999996	40.451623	47.826103	47.954278	96.311757	17629116.0	293.8186	1920	1080	29.97	8	ae8e26eb622a2a2569e93d4edfe12bc9	e3a37a26570e9a79a9b3d09c685f2afc	1920	1080	11310.0	256.0	4301.0	6301.0	False	False
touchdown_pass_1080p_60f	touchdown_pass_1080p_60f	libaom	libaom_20191019_bbe0a0a	60	32	4275913.0	4275.913	38.58000000000002	46.95316666666666	47.08366666666667	38.558	46.951007	47.081992	93.936722	9400327.0	156.67211666666665	1920	1080	29.97	8	852f6cadcf59fca27b57cb0139767675	2c83c4893234f76804c10f68a4060330	1920	1080	9163.0	226.0	1914.0	6120.0	False	False
touchdown_pass_1080p_60f	touchdown_pass_1080p_60f	libaom	libaom_20191019_bbe0a0a	60	43	1900368.0	1900.368	37.316	46.081833333333336	46.112833333333334	37.291575	46.077468	46.109473	90.595327	4975545.0	82.92575	1920	1080	29.97	8	f6aea9d1095c2407e25a6767a2703aae	6cadc1a45be60b424ae8fa74f72a5eaf	1920	1080	11951.0	247.0	1433.0	6570.0	False	False
touchdown_pass_1080p_60f	touchdown_pass_1080p_60f	libaom	libaom_20191019_bbe0a0a	60	55	945037.0	945.037	35.498666666666665	44.79349999999999	44.897166666666664	35.456097	44.777861	44.883543	83.425691	2357509.0	39.29181666666667	1920	1080	29.97	8	4cd7ef28307e56f6c5481dd16e77e632	b27e81967c8c3a924d48c86da7a0d36a	1920	1080	11667.0	285.0	1329.0	7439.0	False	False
touchdown_pass_1080p_60f	touchdown_pass_1080p_60f	libaom	libaom_20191019_bbe0a0a	60	63	451773.0	451.773	33.20583333333334	43.26083333333334	43.405833333333334	33.140877	43.21571000000001	43.368964	68.546723	2113665.0	35.22775	1920	1080	29.97	8	a4f3256b053c1aea4be2761bd6caca69	850b7bd90f03ae63ca9cc63244c5b077	1920	1080	11810.0	254.0	914.0	6772.0	False	False
gipsrestat720p_60f	gipsrestat720p_60f	libaom	libaom_20191019_bbe0a0a	60	20	3621913.0	3621.913	44.95266666666666	47.49166666666666	49.15850000000001	44.925413	47.479623999999994	49.149214	96.985033	3231272.0	53.854533333333336	1280	720	50.0	8	71260a9f3166a06136ac0c90e04deba7	8e0c7dea195a889f8e884c83d6717bec	1280	720	10691.0	141.0	670.0	2494.0	False	False
gipsrestat720p_60f	gipsrestat720p_60f	libaom	libaom_20191019_bbe0a0a	60	32	1529793.0	1529.793	43.59299999999999	47.038000000000004	48.57566666666665	43.557188	47.031283	48.566776	95.92329	1269125.0	21.152083333333334	1280	720	50.0	8	13b8e3c6f41e33f9e6c5f157f2b0b414	8431c2f211e9e0246498bc44e4ebc671	1280	720	8615.0	198.0	648.0	7448.0	False	False
gipsrestat720p_60f	gipsrestat720p_60f	libaom	libaom_20191019_bbe0a0a	60	43	847820.0	847.82	42.27766666666665	46.4176666666667	47.82833333333334	42.224712	46.415411999999996	47.822111	94.59272	656658.0	10.9443	1280	720	50.0	8	466f2c06873816a1e7e9ea460716d567	990f0b2f223f596d3b638936846ac632	1280	720	4049.0	149.0	333.0	2480.0	False	False
gipsrestat720p_60f	gipsrestat720p_60f	libaom	libaom_20191019_bbe0a0a	60	55	448060.0	448.06	40.17299999999999	44.985499999999995	46.05400000000002	40.123582000000006	44.983015	46.051761000000006	91.636653	384791.0	6.4131833333333335	1280	720	50.0	8	241527e6916f9efeaaa4452593801a61	095e9db057032c600ffa5ba205855efb	1280	720	3875.0	140.0	271.0	2456.0	False	False
gipsrestat720p_60f	gipsrestat720p_60f	libaom	libaom_20191019_bbe0a0a	60	63	226326.0	226.326	36.75716666666666	42.296000000000014	42.96116666666668	36.730843	42.288687	42.950037	84.1525	317820.0	5.297	1280	720	50.0	8	4b34407a273f6a3c81a06f9a5280a447	f42aa4660aad9d044326aa4fd2c83f47	1280	720	3850.0	176.0	252.0	2561.0	False	False
rush_hour_1080p25_60f	rush_hour_1080p25_60f	libaom	libaom_20191019_bbe0a0a	60	20	5147160.0	5147.16	43.05766666666666	46.89066666666665	48.89633333333335	43.052794	46.888128	48.892812	97.024668	16188945.0	269.81575	1920	1080	25.0	8	7d580f533c0bc66eb653904ed0af657e	b7ae6e70d16f2dc1ded88bce41d54772	1920	1080	9951.0	240.0	2646.0	6089.0	False	False
rush_hour_1080p25_60f	rush_hour_1080p25_60f	libaom	libaom_20191019_bbe0a0a	60	32	2451603.0	2451.603	42.15899999999999	45.95983333333332	47.699166666666656	42.153416	45.958118	47.695976	93.18992	5628334.0	93.80556666666666	1920	1080	25.0	8	5a19dbb6dcff7bd8b5dc4e666064acba	c791ee150b179bb901f4232afd3339a5	1920	1080	23792.0	261.0	2349.0	12552.0	False	False
rush_hour_1080p25_60f	rush_hour_1080p25_60f	libaom	libaom_20191019_bbe0a0a	60	43	1202760.0	1202.76	40.836	44.946333333333335	46.39016666666668	40.823569	44.944661	46.386276	86.027136	2632690.0	43.878166666666665	1920	1080	25.0	8	6470b44eb90626c544eca46b23c41f92	3b0ddca3588155679000e0d2ed8d2601	1920	1080	15101.0	260.0	1602.0	6408.0	False	False
rush_hour_1080p25_60f	rush_hour_1080p25_60f	libaom	libaom_20191019_bbe0a0a	60	55	590343.0	590.343	38.99083333333333	43.58583333333333	44.731166666666674	38.955419	43.584758	44.724946	74.943603	1436034.0	23.9339	1920	1080	25.0	8	06ad9edb8ca8ce5d151bc48a892f8591	a43e09d804e256739859b66f9cd6214e	1920	1080	6928.0	257.0	1198.0	6405.0	False	False
rush_hour_1080p25_60f	rush_hour_1080p25_60f	libaom	libaom_20191019_bbe0a0a	60	63	274530.0	274.53	36.46716666666668	41.94666666666667	42.732333333333344	36.383011	41.944846	42.718995	59.558635	896412.0	14.9402	1920	1080	25.0	8	18d7fcc4ad1a7fe6c6d7bdd1b98edc69	5618c6dbc466217f24ec937c5bd2118c	1920	1080	7016.0	241.0	913.0	5962.0	False	False
ToddlerFountn_1920x1080_2997_10b	ToddlerFountn_1920x1080_2997_10b	libaom	libaom_20191019_bbe0a0a	60	20	55525149.0	55525.149	41.34966666666666	46.27633333333334	43.75216666666667	41.220623	46.264983	43.725995	99.872341	49450329.0	824.17215	1920	1080	29.97	10	63d6e640385e2bac67fc86aeed1d7e4b	0d4a2fca5abe8ff7336d7c70b55fdcd8	1920	1080	31117.0	567.0	10522.0	6925.0	False	False
ToddlerFountn_1920x1080_2997_10b	ToddlerFountn_1920x1080_2997_10b	libaom	libaom_20191019_bbe0a0a	60	32	28139987.0	28139.987	37.221999999999994	44.89199999999999	41.897666666666666	37.070922	44.879303	41.871876	99.867284	30192944.0	503.21573333333333	1920	1080	29.97	10	6c9ad63c235ab68365b1753fb99c193c	d01389d23cbf2ad897d5a883829958aa	1920	1080	29471.0	441.0	6448.0	6133.0	False	False
ToddlerFountn_1920x1080_2997_10b	ToddlerFountn_1920x1080_2997_10b	libaom	libaom_20191019_bbe0a0a	60	43	12671262.0	12671.262	33.577833333333345	43.496666666666655	40.47349999999999	33.436202	43.485608	40.459285	90.02791899999998	20049087.0	334.15145	1920	1080	29.97	10	fa649f2babcdff02c1a071fa3b0d384c	d44bc371d8864644e735c83ee168efe7	1920	1080	31534.0	690.0	6261.0	7873.0	False	False
ToddlerFountn_1920x1080_2997_10b	ToddlerFountn_1920x1080_2997_10b	libaom	libaom_20191019_bbe0a0a	60	55	5080223.0	5080.223	30.432999999999996	42.334833333333336	39.59266666666666	30.311749	42.331311	39.587744	69.67504	14659867.0	244.33111666666667	1920	1080	29.97	10	2c28383291746a0c6ab6109827c03218	e77dbe69108ee99e19bf2cf8a241fb82	1920	1080	31653.0	598.0	4729.0	7289.0	False	False
ToddlerFountn_1920x1080_2997_10b	ToddlerFountn_1920x1080_2997_10b	libaom	libaom_20191019_bbe0a0a	60	63	1691124.0	1691.124	27.554000000000006	41.21316666666666	38.76133333333333	27.42081	41.207848	38.754348	42.853661	8635282.0	143.92136666666667	1920	1080	29.97	10	41f02b2d1de4944e92a50221d714d153	9a9c5a069b85c9a62ada722b676bc171	1920	1080	34920.0	623.0	3264.0	8877.0	False	False
red_kayak_360p_60f	red_kayak_360p_60f	libaom	libaom_20191019_bbe0a0a	60	20	8968646.0	8968.646	40.99066666666668	44.499	49.08249999999999	40.867045	44.436449	49.064867	99.877224	2433426.0	40.5571	640	360	29.97	8	052a884a3968586340bcbda2f8bd8981	14926809d0d1563a75f75fe340c3d4e2	640	360	3251.0	99.0	943.0	1286.0	False	False
red_kayak_360p_60f	red_kayak_360p_60f	libaom	libaom_20191019_bbe0a0a	60	32	5247746.0	5247.746	36.423	41.93266666666667	48.040666666666674	36.201634	41.845868	48.024692	99.498115	2122304.0	35.37173333333333	640	360	29.97	8	5b33596895a0e3adfadba7c4666f5f47	5786a0160640e7669d8129d4b3ceb575	640	360	1948.0	105.0	790.0	641.0	False	False
red_kayak_360p_60f	red_kayak_360p_60f	libaom	libaom_20191019_bbe0a0a	60	43	2414628.0	2414.628	31.894166666666663	39.62466666666665	47.004999999999995	31.641603	39.547688	46.972248	86.21699599999998	1476622.0	24.610366666666668	640	360	29.97	8	52b7b125a08bf919a773f0d973db2796	84883cabd5f8850be4e12a882a161b82	640	360	2682.0	84.0	548.0	620.0	False	False
red_kayak_360p_60f	red_kayak_360p_60f	libaom	libaom_20191019_bbe0a0a	60	55	809226.0	809.226	28.209500000000002	38.078666666666656	46.53016666666667	28.004113	38.034806	46.436329	59.758931	960406.0	16.006766666666667	640	360	29.97	8	e67dd035d0510a0dc38b4897559a3230	3886096311fecf465150780b5f8db24e	640	360	2539.0	89.0	377.0	728.0	False	False
red_kayak_360p_60f	red_kayak_360p_60f	libaom	libaom_20191019_bbe0a0a	60	63	215271.0	215.271	25.766999999999996	36.67966666666668	44.80766666666664	25.623507	36.633839	44.699363999999996	26.828085	358982.0	5.983033333333333	640	360	29.97	8	b80a2b62ac6030c062a35ab423396f08	64e7207331cb71a4044da1569198834b	640	360	1451.0	80.0	202.0	590.0	False	False
RollerCoastPas_1920x1080_2997_10	RollerCoastPas_1920x1080_2997_10	libaom	libaom_20191019_bbe0a0a	60	20	3287687.0	3287.687	45.214833333333345	45.377666666666656	43.94716666666668	45.212543	45.375618	43.933011	97.16545	10438043.0	173.96738333333334	1920	1080	29.97	10	7b3d7cc45e7df9ad5727f40cc9f5b135	9daff1a5037bd9e830ff4eb76e4a8cab	1920	1080	27728.0	510.0	1966.0	6225.0	False	False
RollerCoastPas_1920x1080_2997_10	RollerCoastPas_1920x1080_2997_10	libaom	libaom_20191019_bbe0a0a	60	32	1499250.0	1499.25	44.244666666666674	44.737833333333356	43.206833333333336	44.243516	44.737401	43.205391	96.543561	5059836.0	84.3306	1920	1080	29.97	10	065659e278f07f94c4d27fa7a32e03df	c4b04fd0cbd4bcbe12e01d2d3137506b	1920	1080	26782.0	608.0	1739.0	6979.0	False	False
RollerCoastPas_1920x1080_2997_10	RollerCoastPas_1920x1080_2997_10	libaom	libaom_20191019_bbe0a0a	60	43	867653.0	867.653	42.886333333333354	43.89766666666669	42.49083333333335	42.88469	43.89743	42.490541	95.374462	2882395.0	48.03991666666667	1920	1080	29.97	10	3b4bce603802a06041c1e1e89a759a14	6d0fff652a50dda2cecfa1a5a970aecf	1920	1080	31215.0	627.0	1494.0	6838.0	False	False
RollerCoastPas_1920x1080_2997_10	RollerCoastPas_1920x1080_2997_10	libaom	libaom_20191019_bbe0a0a	60	55	469101.0	469.101	40.594500000000004	42.34683333333334	41.144666666666694	40.592841	42.34636	41.143792	92.587796	1726531.0	28.775516666666668	1920	1080	29.97	10	7de473023a39e4da6b62a92354766360	d6c5e2b52ea1014e0fd7b919affb0b43	1920	1080	27917.0	993.0	1567.0	7015.0	False	False
RollerCoastPas_1920x1080_2997_10	RollerCoastPas_1920x1080_2997_10	libaom	libaom_20191019_bbe0a0a	60	63	261151.0	261.151	37.51250000000001	40.04883333333333	39.06116666666666	37.485128	40.031484	39.048927	85.596846	1188274.0	19.804566666666666	1920	1080	29.97	10	e84cc33044e3528a059598a6ea92110e	1a7470d1ffb7e66e3c399df606d2486a	1920	1080	27803.0	528.0	1160.0	6417.0	False	False
Netflix_Aerial_1920x1080_60fps_8	Netflix_Aerial_1920x1080_60fps_8	libaom	libaom_20191019_bbe0a0a	60	20	19823408.0	19823.408	42.77299999999999	45.468333333333334	45.19283333333333	42.737527	45.461635	45.188869	96.810904	11747279.0	195.78798333333333	1920	1080	60.0	8	350b3941e4a82485f1dfe9525bbc43a1	5c48947df06f65440072907b94bbc5f2	1920	1080	17116.0	234.0	2610.0	6112.0	False	False
Netflix_Aerial_1920x1080_60fps_8	Netflix_Aerial_1920x1080_60fps_8	libaom	libaom_20191019_bbe0a0a	60	32	10195912.0	10195.912	40.859333333333325	44.247499999999995	44.25416666666667	40.799426	44.240457	44.250497	94.572489	7972208.0	132.87013333333334	1920	1080	60.0	8	aa133c3ed2c799f8b9029af0a3a245e5	d24780a5b81d10468abfd7a6e6c10e9a	1920	1080	33885.0	331.0	2913.0	9428.0	False	False
Netflix_Aerial_1920x1080_60fps_8	Netflix_Aerial_1920x1080_60fps_8	libaom	libaom_20191019_bbe0a0a	60	43	5302640.0	5302.64	38.555	42.71666666666667	43.182666666666634	38.496788	42.712091	43.17728	91.28404100000002	4044611.0	67.41018333333334	1920	1080	60.0	8	10d1f2c07244fc5868ff666cc4ae5e3b	4440e22b32a57270fe73b0ff6bce1fcd	1920	1080	10228.0	233.0	1347.0	6157.0	False	False
Netflix_Aerial_1920x1080_60fps_8	Netflix_Aerial_1920x1080_60fps_8	libaom	libaom_20191019_bbe0a0a	60	55	2528776.0	2528.776	35.76166666666667	40.9595	42.01933333333334	35.725063	40.950144	42.007974	85.119928	2735724.0	45.5954	1920	1080	60.0	8	bd7fa0237a2da639dedc5e9e3d66ae6d	23c3ef7834597954ac615f3f390617e1	1920	1080	17361.0	255.0	1128.0	6265.0	False	False
Netflix_Aerial_1920x1080_60fps_8	Netflix_Aerial_1920x1080_60fps_8	libaom	libaom_20191019_bbe0a0a	60	63	1093592.0	1093.592	32.541166666666655	39.22383333333335	40.934000000000005	32.494673	39.18168	40.908123	71.076161	1789200.0	29.82	1920	1080	60.0	8	440eaa830a73a87628230f536f6b1d63	c6b8ed01b6d3ce6d1a136235108c6cce	1920	1080	18012.0	377.0	955.0	7510.0	False	False
thaloundeskmtg360p_60f	thaloundeskmtg360p_60f	libaom	libaom_20191019_bbe0a0a	60	20	846104.0	846.104	44.69349999999999	48.55933333333335	48.57100000000002	44.470638	48.50362499999999	48.531696	97.025582	492892.0	8.214866666666667	640	360	30.0	8	d75d119e64e03f938730a1b6171d3ee2	5267026fbb4e47d68561fdfbc14bc12a	640	360	1290.0	87.0	221.0	562.0	False	False
thaloundeskmtg360p_60f	thaloundeskmtg360p_60f	libaom	libaom_20191019_bbe0a0a	60	32	438928.0	438.928	43.11249999999999	47.32183333333333	47.414000000000016	42.785361	47.256492	47.368933	96.040731	241592.0	4.026533333333333	640	360	30.0	8	e6c4defa5ca51b6894b8b170ba9224e5	cfc85c27d50b9ee62f91f41d606012de	640	360	1380.0	86.0	163.0	566.0	False	False
thaloundeskmtg360p_60f	thaloundeskmtg360p_60f	libaom	libaom_20191019_bbe0a0a	60	43	251896.0	251.896	41.17383333333332	45.825833333333335	45.91583333333335	40.750797	45.737458	45.851807	94.11796	142675.0	2.3779166666666667	640	360	30.0	8	8870ea36236251c358688c5a1cce41f1	54f7d1d1a03eb3d01754a0d7f9c85977	640	360	3706.0	110.0	135.0	1191.0	False	False
thaloundeskmtg360p_60f	thaloundeskmtg360p_60f	libaom	libaom_20191019_bbe0a0a	60	55	143620.0	143.62	38.52016666666667	43.77416666666668	43.75883333333333	37.993116	43.65107	43.646905	90.416165	98197.0	1.6366166666666666	640	360	30.0	8	a39d2cfdfbab21b7a8a349ef009e1d20	bf9cf62cd70b6fda0a656b9020d044b1	640	360	1330.0	78.0	152.0	579.0	False	False
thaloundeskmtg360p_60f	thaloundeskmtg360p_60f	libaom	libaom_20191019_bbe0a0a	60	63	76444.0	76.444	34.73883333333333	40.813166666666675	40.91833333333333	33.868706	40.589695	40.71236	80.873407	78583.0	1.3097166666666666	640	360	30.0	8	fea113675b13180b0470c86630811ecb	65d27b7793aae7507819384222993088	640	360	1452.0	77.0	86.0	873.0	False	False
KristenAndSara_1280x720_60f	KristenAndSara_1280x720_60f	libaom	libaom_20191019_bbe0a0a	60	20	3247600.0	3247.6	44.69066666666666	49.06600000000001	49.97366666666668	44.679684	49.062141	49.971262	96.963506	4438569.0	73.97615	1280	720	60.0	8	4f89bb47eb4d1dd64d0da74c26f54673	b816a05fd9a01f4b08db74cc9c45c767	1280	720	3770.0	209.0	849.0	3256.0	False	False
KristenAndSara_1280x720_60f	KristenAndSara_1280x720_60f	libaom	libaom_20191019_bbe0a0a	60	32	1359976.0	1359.976	43.62566666666666	48.40299999999999	49.29249999999999	43.614384	48.400631	49.291148	96.244119	1445644.0	24.094066666666667	1280	720	60.0	8	367d3e7547f453f1d80b1c81359ae8cf	4c8e5da8d16dabea17bff897b4b4009a	1280	720	11089.0	190.0	480.0	4078.0	False	False
KristenAndSara_1280x720_60f	KristenAndSara_1280x720_60f	libaom	libaom_20191019_bbe0a0a	60	43	768704.0	768.704	42.538	47.50983333333337	48.359833333333334	42.525724	47.508281	48.358478	94.921922	711083.0	11.851383333333333	1280	720	60.0	8	76b5f1b3a2f98a71c6e208e4f8070ca4	ee022a170eb67a23ed9ad17a37501de3	1280	720	7748.0	171.0	397.0	3605.0	False	False
KristenAndSara_1280x720_60f	KristenAndSara_1280x720_60f	libaom	libaom_20191019_bbe0a0a	60	55	422976.0	422.976	40.80066666666664	45.87050000000001	46.79716666666666	40.789594	45.868502	46.795658	92.406361	396833.0	6.613883333333333	1280	720	60.0	8	80af2275cf0105e5205b11699d2ce723	bb3697429f486c2eb980f9a0ddfb1c9a	1280	720	6272.0	162.0	299.0	2423.0	False	False
KristenAndSara_1280x720_60f	KristenAndSara_1280x720_60f	libaom	libaom_20191019_bbe0a0a	60	63	230760.0	230.75999999999996	38.08066666666666	43.386166666666675	44.433166666666686	38.06438	43.375039	44.422261	85.768073	397369.0	6.622816666666667	1280	720	60.0	8	e8452f36f31add2230fecc85b63ea86c	6848554bb4e053cf4c77557e2251076f	1280	720	14102.0	909.0	524.0	3516.0	False	False
Netflix_TunnelFlag_1920x1080_60f	Netflix_TunnelFlag_1920x1080_60f	libaom	libaom_20191019_bbe0a0a	60	20	25691776.0	25691.776	42.727833333333336	46.707499999999975	48.22166666666667	42.705096	46.70303	48.216904	99.916897	12536150.0	208.93583333333333	1920	1080	60.0	8	015fbff8aafa0357969b1861ac339aec	7dc3aafb9ed3b53573a045dc609db1e1	1920	1080	9591.0	249.0	3426.0	6138.0	False	False
Netflix_TunnelFlag_1920x1080_60f	Netflix_TunnelFlag_1920x1080_60f	libaom	libaom_20191019_bbe0a0a	60	32	13226144.0	13226.144	40.47	45.06016666666667	46.955499999999994	40.446151	45.058204	46.950026	99.903036	7287244.0	121.45406666666666	1920	1080	60.0	8	854a53f921ba228a2edd14807b6d12bb	881c799695a40d7eca0a96bef7f384bb	1920	1080	9186.0	254.0	2860.0	6190.0	False	False
Netflix_TunnelFlag_1920x1080_60f	Netflix_TunnelFlag_1920x1080_60f	libaom	libaom_20191019_bbe0a0a	60	43	6868664.0	6868.664	38.09333333333334	43.19383333333333	45.66966666666666	38.063703	43.192843	45.665157	99.871528	5279325.0	87.98875	1920	1080	60.0	8	d861e6761bad107083cd118961f38633	0adac54bdee7ccf46b9ef7bbabc02ebe	1920	1080	18733.0	581.0	2364.0	12806.0	False	False
Netflix_TunnelFlag_1920x1080_60f	Netflix_TunnelFlag_1920x1080_60f	libaom	libaom_20191019_bbe0a0a	60	55	3576624.0	3576.6240000000003	35.60516666666667	41.0385	43.87966666666668	35.575458	41.038132	43.875192	99.809597	2647735.0	44.12891666666667	1920	1080	60.0	8	1b872d739371f5cb71d2dd75102a7d55	a1d42792ee44c3abd0072e8e1343a479	1920	1080	15286.0	241.0	1634.0	6055.0	False	False
Netflix_TunnelFlag_1920x1080_60f	Netflix_TunnelFlag_1920x1080_60f	libaom	libaom_20191019_bbe0a0a	60	63	1953072.0	1953.072	32.75633333333333	39.062333333333314	41.95033333333334	32.713639	39.058099	41.941026	97.513664	2000716.0	33.34526666666667	1920	1080	60.0	8	8b27fca78b583b8d6ac3ae500debfad8	61ccecc8023b842c3658d4a5472b9913	1920	1080	16314.0	247.0	1404.0	6109.0	False	False
Sintel_Dragons_1920x816_24_10b	Sintel_Dragons_1920x816_24_10b	libaom	libaom_20191019_bbe0a0a	60	20	5054796.0	5054.796	46.98800000000001	51.6115	51.673666666666655	46.926348	51.569128	51.61313499999999	99.919662	8610183.0	143.50305	1920	816	24.0	10	2f34cf67be81747d2bac872c4fffb2d2	c3ab1ea599257dba8c758afeebcc2ddc	1920	816	16409.0	566.0	3587.0	4795.0	False	False
Sintel_Dragons_1920x816_24_10b	Sintel_Dragons_1920x816_24_10b	libaom	libaom_20191019_bbe0a0a	60	32	2633545.0	2633.545	43.90216666666667	49.26083333333333	49.16983333333332	43.847886	49.21743	49.099174	99.894186	5647952.0	94.13253333333333	1920	816	24.0	10	46023faa63c6f058d7596288a83dbc3b	8cd093ca3d76df764bf783b8a9922261	1920	816	14490.0	454.0	2810.0	4313.0	False	False
Sintel_Dragons_1920x816_24_10b	Sintel_Dragons_1920x816_24_10b	libaom	libaom_20191019_bbe0a0a	60	43	1421164.0	1421.164	40.99950000000002	46.9075	46.79333333333333	40.95193299999999	46.854777	46.70893	97.904951	3751610.0	62.526833333333336	1920	816	24.0	10	57fcc71af647ab64b17d7ca3f8e20200	524081c476534292852d2361d93e6423	1920	816	14673.0	749.0	2557.0	4319.0	False	False
Sintel_Dragons_1920x816_24_10b	Sintel_Dragons_1920x816_24_10b	libaom	libaom_20191019_bbe0a0a	60	55	759795.0	759.795	37.98799999999999	44.43100000000001	44.39916666666667	37.949757	44.380838	44.304491	87.765741	2926316.0	48.77193333333334	1920	816	24.0	10	b201a9f2bf0b7f6a50fb037eebb833d1	89231f9b205068fd7f3e98cc14322467	1920	816	14958.0	1109.0	2486.0	4575.0	False	False
Sintel_Dragons_1920x816_24_10b	Sintel_Dragons_1920x816_24_10b	libaom	libaom_20191019_bbe0a0a	60	63	387235.0	387.235	34.68533333333333	41.76216666666666	41.6775	34.633462	41.740301	41.599552	69.231915	2731013.0	45.51688333333333	1920	816	24.0	10	b470df66d0e24e345b6dce82aed7b596	50f852b8551f17ef19b979149a40a7b0	1920	816	26368.0	535.0	1967.0	4790.0	False	False
MINECRAFT_60f_420	MINECRAFT_60f_420	libaom	libaom_20191019_bbe0a0a	60	20	77315352.0	77315.352	42.91499999999999	45.63816666666666	45.93766666666667	42.74122	45.516203	45.842753	99.92282099999998	16429947.0	273.83245	1920	1080	60.0	8	87f9b2dc0b131d0cee77d5b1839f89fb	2f7627e509ceaa6564bfa4bb10e97239	1920	1080	9895.0	254.0	8582.0	5979.0	False	False
MINECRAFT_60f_420	MINECRAFT_60f_420	libaom	libaom_20191019_bbe0a0a	60	32	42875840.0	42875.84	38.345000000000006	43.8645	43.99983333333333	38.078844	43.769945	43.925662	99.792879	13886337.0	231.43895	1920	1080	60.0	8	95f10d45bd570f0bbfa03adb2fbea5d0	ca415b161602ce0e7d203af512ce31b0	1920	1080	10212.0	254.0	7116.0	5970.0	False	False
MINECRAFT_60f_420	MINECRAFT_60f_420	libaom	libaom_20191019_bbe0a0a	60	43	17892096.0	17892.096	34.070666666666675	42.18416666666667	42.14566666666666	33.848097	42.116347	42.084645	94.476203	10355884.0	172.59806666666665	1920	1080	60.0	8	76c1d9ad92abf1710b4e1a38b19e53db	bb064554b1b2d3185a3c087b1aaeab33	1920	1080	10225.0	267.0	4279.0	6108.0	False	False
MINECRAFT_60f_420	MINECRAFT_60f_420	libaom	libaom_20191019_bbe0a0a	60	55	6816552.0	6816.552	31.062500000000007	40.38116666666665	40.201333333333345	30.929546	40.339928	40.147341	80.355191	7562320.0	126.03866666666667	1920	1080	60.0	8	09606045d11df6c6dfd65eb293fcc15c	f933ae373c927805e3f07e8cc570f622	1920	1080	19152.0	253.0	2683.0	12150.0	False	False
MINECRAFT_60f_420	MINECRAFT_60f_420	libaom	libaom_20191019_bbe0a0a	60	63	2315512.0	2315.512	28.343333333333337	38.37883333333332	38.21083333333334	28.251848	38.364885	38.185457	58.007638	4061218.0	67.68696666666666	1920	1080	60.0	8	32fa360b17a4b54a297c40bc63abe029	abfd9d382096c9c7b57668df9ab94405	1920	1080	27361.0	254.0	1459.0	6430.0	False	False
DinnerScene_1920x1080_2997_10b	DinnerScene_1920x1080_2997_10b	libaom	libaom_20191019_bbe0a0a	60	20	1916210.0	1916.21	41.87266666666666	42.647166666666664	47.567333333333316	41.868432	42.633238	47.566745	91.538827	34751756.0	579.1959333333333	1920	1080	29.97	10	41da768e45e248153c3f307ad3c5328b	4bf0df586758ebd1271b8d4b62a4561e	1920	1080	26403.0	582.0	2604.0	6543.0	False	False
DinnerScene_1920x1080_2997_10b	DinnerScene_1920x1080_2997_10b	libaom	libaom_20191019_bbe0a0a	60	32	311902.0	311.902	41.65750000000001	42.295166666666645	47.43366666666667	41.656773	42.294838	47.434041	90.116234	9011025.0	150.18375	1920	1080	29.97	10	2fd32620b2ce9fe3c31ef19ddfd4d20d	03b37e13ac93e28d65ade71fea82bc81	1920	1080	27204.0	623.0	2337.0	6813.0	False	False
DinnerScene_1920x1080_2997_10b	DinnerScene_1920x1080_2997_10b	libaom	libaom_20191019_bbe0a0a	60	43	174525.0	174.525	41.4236666666667	42.22183333333334	47.22666666666664	41.423026	42.221373	47.226135	87.803458	3865219.0	64.42031666666666	1920	1080	29.97	10	806285f51a1a0edd0a5295cffc21c1bc	fed69349a1ffa5eb384576cacca43191	1920	1080	27189.0	549.0	1855.0	6373.0	False	False
DinnerScene_1920x1080_2997_10b	DinnerScene_1920x1080_2997_10b	libaom	libaom_20191019_bbe0a0a	60	55	101941.0	101.941	40.978666666666655	42.07166666666664	46.83850000000002	40.978179	42.071131	46.837166	83.289388	2493646.0	41.560766666666666	1920	1080	29.97	10	72935054bd627aac766ad8bd3281bc27	52fbd3828906c3845da43314a0ce020d	1920	1080	26871.0	575.0	1767.0	6469.0	False	False
DinnerScene_1920x1080_2997_10b	DinnerScene_1920x1080_2997_10b	libaom	libaom_20191019_bbe0a0a	60	63	58774.0	58.774	39.952999999999996	41.561666666666675	45.97549999999996	39.948173	41.560757	45.973978	71.592519	1370671.0	22.844516666666667	1920	1080	29.97	10	ab4a04369299975c317c68999834def9	156cbfd7cb97edf83dbacfbc49f85ac7	1920	1080	31227.0	1222.0	1794.0	7322.0	False	False
Starting_1920x1080p_50_10b_pq_70	Starting_1920x1080p_50_10b_pq_70	libaom	libaom_20191019_bbe0a0a	60	20	4737580.0	4737.58	47.158333333333324	49.889833333333364	51.626166666666684	47.114137	49.842494	51.561194	96.961798	9658887.0	160.98145	1920	1080	50.0	10	59dd0dc7765ad7215443db6f69e79bab	24362fe24aae6b3ec66656a630d77493	1920	1080	31546.0	498.0	1920.0	6695.0	False	False
Starting_1920x1080p_50_10b_pq_70	Starting_1920x1080p_50_10b_pq_70	libaom	libaom_20191019_bbe0a0a	60	32	2494480.0	2494.48	45.83716666666668	48.764166666666675	50.056999999999995	45.799321	48.742223	50.030528	96.060717	3862283.0	64.37138333333333	1920	1080	50.0	10	79b1ebe5d8b762aeb9973b66c2b6e53f	dad212a7ece0b155bed928c42dda412d	1920	1080	13057.0	697.0	2147.0	6864.0	False	False
Starting_1920x1080p_50_10b_pq_70	Starting_1920x1080p_50_10b_pq_70	libaom	libaom_20191019_bbe0a0a	60	43	1455253.0	1455.253	44.14866666666667	47.35566666666667	48.2	44.118136	47.350189	48.194072	94.402464	2282267.0	38.03778333333333	1920	1080	50.0	10	785d86d2eaa0f5e3933d5f8a68dbad0d	11525793bf3e87594df74a0614682a68	1920	1080	15036.0	544.0	2272.0	6019.0	False	False
Starting_1920x1080p_50_10b_pq_70	Starting_1920x1080p_50_10b_pq_70	libaom	libaom_20191019_bbe0a0a	60	55	776600.0	776.6	41.343833333333336	45.43450000000003	45.82683333333335	41.330738	45.434256	45.826383	90.421562	1597604.0	26.626733333333334	1920	1080	50.0	10	1e227a2d87ae4c24bf9b9a4a845ca14d	3db3824efba16118d5bc5bce467debb1	1920	1080	24005.0	515.0	1596.0	5995.0	False	False
Starting_1920x1080p_50_10b_pq_70	Starting_1920x1080p_50_10b_pq_70	libaom	libaom_20191019_bbe0a0a	60	63	378673.0	378.673	37.180666666666674	42.90683333333332	43.18583333333331	37.157593	42.899186	43.177528	78.948488	1409792.0	23.496533333333332	1920	1080	50.0	10	3edbf2a37781a6b6419a0ac37ead3efc	337030848d806d342738d35f5c90afb8	1920	1080	22112.0	519.0	1253.0	6120.0	False	False
Netflix_PierSeaside_1920x1080_60	Netflix_PierSeaside_1920x1080_60	libaom	libaom_20191019_bbe0a0a	60	20	7216184.0	7216.184	45.49716666666665	47.45249999999998	45.515666666666675	45.47343	47.441839	45.50105799999999	99.923987	10581179.0	176.35298333333333	1920	1080	60.0	8	63782f07f0ff6901a34d44dfe91308d8	06fec4a0090e95c847aaf4935b9f0cd6	1920	1080	13712.0	251.0	1627.0	5548.0	False	False
Netflix_PierSeaside_1920x1080_60	Netflix_PierSeaside_1920x1080_60	libaom	libaom_20191019_bbe0a0a	60	32	3409752.0	3409.752	43.88649999999999	46.5575	44.84616666666667	43.84943	46.549637	44.837212	99.597557	5214321.0	86.90535	1920	1080	60.0	8	a4c8600b9519d44f99caa12da6fb0560	f4d19f32ae819e3108555a92c8964cab	1920	1080	13485.0	283.0	1160.0	5579.0	False	False
Netflix_PierSeaside_1920x1080_60	Netflix_PierSeaside_1920x1080_60	libaom	libaom_20191019_bbe0a0a	60	43	1655352.0	1655.352	41.8765	45.17866666666665	43.81399999999999	41.84192500000001	45.176374	43.810376	97.624762	2926409.0	48.77348333333333	1920	1080	60.0	8	e38ff463dfa4d11cfd35372f8d9d032d	bc3e3755e931616e21a166839e4144b1	1920	1080	20798.0	260.0	994.0	9538.0	False	False
Netflix_PierSeaside_1920x1080_60	Netflix_PierSeaside_1920x1080_60	libaom	libaom_20191019_bbe0a0a	60	55	793752.0	793.752	39.49983333333335	43.30616666666668	42.43416666666667	39.476271	43.30459	42.433176	93.225801	1627049.0	27.117483333333332	1920	1080	60.0	8	220f53bc3ef89ff062ba99d4a27e36b4	39b55cfefce301e919cae9f586146757	1920	1080	7466.0	250.0	777.0	5376.0	False	False
Netflix_PierSeaside_1920x1080_60	Netflix_PierSeaside_1920x1080_60	libaom	libaom_20191019_bbe0a0a	60	63	419280.0	419.28	36.877	41.012499999999996	40.62499999999999	36.850444	40.991461	40.613444	84.61266099999999	1205548.0	20.092466666666667	1920	1080	60.0	8	cdaa1477a4d1096a492812af283c0c49	0434e9c46f574b721e43349247d72575	1920	1080	9344.0	350.0	1101.0	5631.0	False	False
wikipedia_420	wikipedia_420	libaom	libaom_20191019_bbe0a0a	60	20	1187320.0	1187.32	51.858500000000014	51.582666666666675	52.499166666666646	51.84945	51.43931	52.437661	99.810675	1726164.0	28.7694	1920	1080	30.0	8	ddc5e13eb6013b63761fb332353113ea	1aa9ecc61c82d245c6974f6e6a888184	1920	1080	10460.0	261.0	702.0	5885.0	False	False
wikipedia_420	wikipedia_420	libaom	libaom_20191019_bbe0a0a	60	32	735068.0	735.068	48.13049999999999	49.124333333333325	50.31350000000001	48.117833	48.939661	50.264685	99.759161	2107843.0	35.130716666666665	1920	1080	30.0	8	a3c53a1aed4100711a519c3b1d284175	e4a0d6ed5ba5443287cf93883d12bb66	1920	1080	6484.0	309.0	914.0	7757.0	False	False
wikipedia_420	wikipedia_420	libaom	libaom_20191019_bbe0a0a	60	43	567292.0	567.292	45.341833333333334	47.24199999999998	48.60483333333334	45.310869	47.1156	48.564141	99.689185	949115.0	15.818583333333333	1920	1080	30.0	8	b27f9ffd5f196b2eb0222bdf90a5c203	8e85c83db89191a632030c1731c38775	1920	1080	6376.0	315.0	763.0	5668.0	False	False
wikipedia_420	wikipedia_420	libaom	libaom_20191019_bbe0a0a	60	55	431936.0	431.936	41.666999999999994	44.68566666666666	46.163666666666664	41.619194	44.596246	46.116142	99.435748	933198.0	15.5533	1920	1080	30.0	8	e240378aec86eceed969a53e45404c9a	8e2f771c9220711ab94275663c291bc9	1920	1080	6291.0	249.0	675.0	5578.0	False	False
wikipedia_420	wikipedia_420	libaom	libaom_20191019_bbe0a0a	60	63	337868.0	337.868	37.334500000000006	42.11266666666666	43.54483333333334	37.191391	41.997183	43.504969	97.752624	686808.0	11.4468	1920	1080	30.0	8	930348b12bf230436189eb885b20bd9b	b1a58655eaea0510f2a24cac855a15e2	1920	1080	10442.0	256.0	657.0	5706.0	False	False
vidyo1_720p_60fps_60f	vidyo1_720p_60fps_60f	libaom	libaom_20191019_bbe0a0a	60	20	3594696.0	3594.6960000000004	45.51733333333333	48.10333333333331	49.431000000000004	45.503779	48.097079	49.427316	96.493641	3286811.0	54.78018333333333	1280	720	60.0	8	27a260a381f3ee74f413e1be0a5dbd7f	9502767ffbea99fd1f7810c7b8ac4bbc	1280	720	7326.0	146.0	674.0	3171.0	False	False
vidyo1_720p_60fps_60f	vidyo1_720p_60fps_60f	libaom	libaom_20191019_bbe0a0a	60	32	1428768.0	1428.768	44.113333333333344	47.57783333333334	48.78949999999998	44.108107	47.574953	48.787826	95.360652	1428078.0	23.8013	1280	720	60.0	8	17ef95039e5ff18759f0ff4e179bdf96	19203570031c4ec91748011405d1a7b5	1280	720	12693.0	161.0	498.0	5371.0	False	False
vidyo1_720p_60fps_60f	vidyo1_720p_60fps_60f	libaom	libaom_20191019_bbe0a0a	60	43	748592.0	748.592	42.8025	46.91749999999999	47.9485	42.797855	46.915556	47.947354	93.479069	658532.0	10.975533333333333	1280	720	60.0	8	71f551e6c9af16c6ee6ab35aa4f3e0b6	3e1f7166118b155ee1128f27baac965c	1280	720	6081.0	171.0	366.0	2607.0	False	False
vidyo1_720p_60fps_60f	vidyo1_720p_60fps_60f	libaom	libaom_20191019_bbe0a0a	60	55	410776.0	410.776	40.93716666666668	45.813833333333314	46.45866666666666	40.930167	45.81277	46.458338	89.86488	388967.0	6.482783333333333	1280	720	60.0	8	7dc133584751b3dca21d54bfd72721bf	76bf0f5c3124bc9b76450de9edf81c50	1280	720	7852.0	173.0	369.0	5639.0	False	False
vidyo1_720p_60fps_60f	vidyo1_720p_60fps_60f	libaom	libaom_20191019_bbe0a0a	60	63	232096.0	232.096	38.18683333333333	43.824000000000005	44.33650000000002	38.147899	43.804553000000006	44.317249999999994	81.880206	279687.0	4.66145	1280	720	60.0	8	aba5a771102a1531b2b03d48a3f4557e	66690e1761a1c7ef8785c45d55c98950	1280	720	5433.0	144.0	322.0	3332.0	False	False
BarScene1_1920x1080_2997_10b	BarScene1_1920x1080_2997_10b	libaom	libaom_20191019_bbe0a0a	60	20	2179393.0	2179.393	42.56583333333333	44.81816666666666	43.77316666666666	42.563707	44.816533	43.767756	93.222926	20214422.0	336.90703333333335	1920	1080	29.97	10	ea11be7a7a0aa261c34139065f11d2a3	7c372d625451630e87a2369a8c31deea	1920	1080	33654.0	643.0	2205.0	7454.0	False	False
BarScene1_1920x1080_2997_10b	BarScene1_1920x1080_2997_10b	libaom	libaom_20191019_bbe0a0a	60	32	528640.0	528.64	42.264166666666675	44.63950000000001	43.51000000000002	42.263866	44.639517	43.510007	92.253075	5111423.0	85.19038333333333	1920	1080	29.97	10	4b40bde047d649e4dfe8144efed438b8	d84bee21361a25610ebfafe78096c8f4	1920	1080	29672.0	625.0	1411.0	6999.0	False	False
BarScene1_1920x1080_2997_10b	BarScene1_1920x1080_2997_10b	libaom	libaom_20191019_bbe0a0a	60	43	279335.0	279.335	41.89	44.486166666666676	43.376	41.88947799999999	44.486027	43.37592299999999	90.926529	2241863.0	37.364383333333336	1920	1080	29.97	10	697a771e43ed36247e1524bf10c352ae	a6df2871f8084528183782cd4afbb5c0	1920	1080	56274.0	1036.0	1256.0	7107.0	False	False
BarScene1_1920x1080_2997_10b	BarScene1_1920x1080_2997_10b	libaom	libaom_20191019_bbe0a0a	60	55	138126.0	138.126	41.15316666666668	44.1246666666667	43.07699999999998	41.151706	44.123811	43.076854	87.8704	1207100.0	20.118333333333332	1920	1080	29.97	10	f6eba81364207989f6783bc214e89566	130cdc4028d2d59f498bbf57cfeaddcf	1920	1080	28042.0	539.0	965.0	6550.0	False	False
BarScene1_1920x1080_2997_10b	BarScene1_1920x1080_2997_10b	libaom	libaom_20191019_bbe0a0a	60	63	69704.0	69.704	39.82583333333331	43.226	42.38983333333333	39.815527	43.225225	42.38794	79.309293	866474.0	14.441233333333333	1920	1080	29.97	10	0fceb4af3c3bc0431eaf554d0736df02	079bf2de2c057cbc46e13496a991d141	1920	1080	29450.0	645.0	1056.0	6930.0	False	False
kirland360p_60f	kirland360p_60f	libaom	libaom_20191019_bbe0a0a	60	20	285268.0	285.268	47.42416666666667	48.57633333333334	49.80250000000001	47.368217	48.527083999999995	49.764676	96.081534	368307.0	6.13845	640	360	30.0	8	b52f68029fa4c23c655a2d4c2971a4b2	6ba91163d2b7a876676aaee934f78f08	640	360	1506.0	122.0	144.0	637.0	False	False
kirland360p_60f	kirland360p_60f	libaom	libaom_20191019_bbe0a0a	60	32	151160.0	151.16	46.259499999999996	48.095166666666685	49.09733333333328	46.149225	48.069646	49.071768	94.921023	150547.0	2.509116666666667	640	360	30.0	8	265d0b04e9a0c940ae534a6ed5694d02	7be9691210cfdb5f53f6c308fc671293	640	360	1401.0	88.0	101.0	638.0	False	False
kirland360p_60f	kirland360p_60f	libaom	libaom_20191019_bbe0a0a	60	43	93948.0	93.948	44.786333333333324	47.42200000000001	48.05300000000001	44.643401	47.392619	48.017063	92.846098	95746.0	1.5957666666666668	640	360	30.0	8	b12e56e9a320e8d12006caec90484159	31fed84c4992e40373dba6e6eaf61e5d	640	360	998.0	85.0	88.0	501.0	False	False
kirland360p_60f	kirland360p_60f	libaom	libaom_20191019_bbe0a0a	60	55	55556.0	55.556	42.76166666666666	46.576	46.715999999999994	42.518647	46.496993	46.612217	89.303345	70264.0	1.1710666666666667	640	360	30.0	8	22723b4adb415df23bc952b3008bdad9	5c75b7ecdd6ce271d77a8c34a956c423	640	360	3186.0	143.0	77.0	995.0	False	False
kirland360p_60f	kirland360p_60f	libaom	libaom_20191019_bbe0a0a	60	63	33800.0	33.8	39.961333333333336	45.27916666666667	45.303999999999995	39.574245	45.066225	44.970567	82.017272	51833.0	0.8638833333333333	640	360	30.0	8	5e256a033763614cf71e8b67f803dc1f	9b13ce2da24970a67910e44d7552e05d	640	360	1453.0	84.0	67.0	614.0	False	False
shields_640x360_60f	shields_640x360_60f	libaom	libaom_20191019_bbe0a0a	60	20	1940906.0	1940.906	42.10666666666667	44.76733333333334	46.18983333333332	41.997221	44.747626	46.121807	99.481796	965035.0	16.083916666666667	640	360	50.0	8	9cb3e862e153b6d6727fee3e6fdc76b7	836be18c6b4ce878577a61ae017f426c	640	360	5095.0	100.0	356.0	1174.0	False	False
shields_640x360_60f	shields_640x360_60f	libaom	libaom_20191019_bbe0a0a	60	32	1073573.0	1073.573	40.25099999999998	43.112333333333346	44.601499999999994	40.080566	43.072324	44.5364	99.460849	509778.0	8.4963	640	360	50.0	8	352384eb87ebf736c189d755f2687d1b	7d4b3f21c41d1f89a8e26deecc55db4d	640	360	1806.0	88.0	235.0	601.0	False	False
shields_640x360_60f	shields_640x360_60f	libaom	libaom_20191019_bbe0a0a	60	43	633400.0	633.4	37.963	40.95850000000003	42.698666666666675	37.718304	40.873681	42.61722	99.42863000000001	486918.0	8.1153	640	360	50.0	8	2e00594697019aabc6a824a2093caf55	b24964ef15cbaa39798c1c89a64669cf	640	360	4060.0	87.0	193.0	1154.0	False	False
shields_640x360_60f	shields_640x360_60f	libaom	libaom_20191019_bbe0a0a	60	55	381306.0	381.306	35.223	38.61099999999999	40.51283333333334	34.894956	38.460045	40.408972999999996	97.233097	393476.0	6.557933333333334	640	360	50.0	8	f00283723e15cbccb3f3742adb2e9c6e	e84da5679eff158bc3a8d6d4673d0ab5	640	360	6992.0	141.0	279.0	1990.0	False	False
shields_640x360_60f	shields_640x360_60f	libaom	libaom_20191019_bbe0a0a	60	63	219926.0	219.926	31.75533333333333	36.21016666666667	38.02499999999999	31.262578	35.97458199999999	37.875606	88.213195	173061.0	2.88435	640	360	50.0	8	1cc2b0b7425e7240957d089dd299bbf1	2f2e1fb7fedb7fc757b3498bc3f5200d	640	360	3579.0	97.0	127.0	675.0	False	False
Aerial_1920x1080_2997_10b	Aerial_1920x1080_2997_10b	libaom	libaom_20191019_bbe0a0a	60	20	8158249.0	8158.249	43.64733333333334	45.59266666666667	44.91933333333334	43.613424	45.584056	44.91018	96.545181	14171790.0	236.1965	1920	1080	29.97	10	8b6e2f1aaea280c9e59870158c18161e	38a4bd6e9619ad80fd00b801cb3f78a4	1920	1080	30202.0	527.0	3064.0	6252.0	False	False
Aerial_1920x1080_2997_10b	Aerial_1920x1080_2997_10b	libaom	libaom_20191019_bbe0a0a	60	32	4539669.0	4539.669	41.72116666666667	44.05550000000001	43.645500000000006	41.69204	44.052697	43.643422	95.344082	8602257.0	143.37095	1920	1080	29.97	10	612fe582ed09f11b70830259db13ecf6	9401e57bcf64233be4543ee658e92e67	1920	1080	49712.0	647.0	2416.0	12697.0	False	False
Aerial_1920x1080_2997_10b	Aerial_1920x1080_2997_10b	libaom	libaom_20191019_bbe0a0a	60	43	2590457.0	2590.457	39.18266666666666	42.17633333333335	42.19800000000002	39.166146	42.174638	42.197783	92.945571	5441310.0	90.6885	1920	1080	29.97	10	b559445e06c48722d7bc28df14f9cb5d	d11faf7bf8cfca066a61abbb8cfbd063	1920	1080	34250.0	549.0	2032.0	6442.0	False	False
Aerial_1920x1080_2997_10b	Aerial_1920x1080_2997_10b	libaom	libaom_20191019_bbe0a0a	60	55	1370872.0	1370.872	35.86833333333334	40.17483333333336	40.73066666666666	35.862806	40.174836	40.73114	87.847969	4071580.0	67.85966666666667	1920	1080	29.97	10	1fdcf8b956f912aa1a1f75b35ba80848	5193c2e359c14984198793c6aa17c448	1920	1080	29514.0	556.0	1781.0	6524.0	False	False
Aerial_1920x1080_2997_10b	Aerial_1920x1080_2997_10b	libaom	libaom_20191019_bbe0a0a	60	63	673920.0	673.92	32.03283333333333	38.085666666666654	39.39533333333332	31.977933	38.077918	39.390205	76.034185	3285233.0	54.753883333333334	1920	1080	29.97	10	84dd4da39a187baf849417d214593d1c	1138ed6d0126eb8c42aaa1051583cf24	1920	1080	30056.0	611.0	1518.0	6845.0	False	False
Netflix_DrivingPOV_1280x720_60fp	Netflix_DrivingPOV_1280x720_60fp	libaom	libaom_20191019_bbe0a0a	60	20	9835280.0	9835.28	42.567333333333345	46.05216666666669	44.81399999999999	42.547877	46.046193	44.809391	99.736459	4889837.0	81.49728333333333	1280	720	60.0	8	5f87a0893cdc1a2765a8f147b4555f49	cbf756913cd570d107ce25cdc7910424	1280	720	15025.0	160.0	1319.0	5113.0	False	False
Netflix_DrivingPOV_1280x720_60fp	Netflix_DrivingPOV_1280x720_60fp	libaom	libaom_20191019_bbe0a0a	60	32	4886040.0	4886.04	40.16316666666666	44.68733333333333	43.830666666666666	40.138525	44.679599	43.827567	98.70118	3918010.0	65.30016666666667	1280	720	60.0	8	be74d15fbbd0679c779aa6836a3acda4	c348ac5ebcc31d30f05e65d0bb5951ad	1280	720	6283.0	139.0	890.0	2889.0	False	False
Netflix_DrivingPOV_1280x720_60fp	Netflix_DrivingPOV_1280x720_60fp	libaom	libaom_20191019_bbe0a0a	60	43	2679160.0	2679.1599999999994	38.005500000000005	43.32499999999998	42.922666666666665	37.976821	43.314843	42.91869	96.539641	1770497.0	29.508283333333335	1280	720	60.0	8	1b83ac1966adcaa4455bde543a0def73	186cecdb15c7020f81b32fad7db4e49e	1280	720	4359.0	150.0	731.0	2953.0	False	False
Netflix_DrivingPOV_1280x720_60fp	Netflix_DrivingPOV_1280x720_60fp	libaom	libaom_20191019_bbe0a0a	60	55	1378632.0	1378.632	35.452	41.43366666666667	41.676	35.421066	41.425283	41.672538	91.910032	1591319.0	26.521983333333335	1280	720	60.0	8	74f972834bb7751d33e5c606dc947aa7	60f2f1b907861495bd9a50e1cb98514c	1280	720	23421.0	219.0	987.0	8158.0	False	False
Netflix_DrivingPOV_1280x720_60fp	Netflix_DrivingPOV_1280x720_60fp	libaom	libaom_20191019_bbe0a0a	60	63	686672.0	686.672	32.62150000000001	39.258666666666656	40.21083333333333	32.575295	39.241438	40.197605	82.56993200000001	752994.0	12.5499	1280	720	60.0	8	105062c7e103b207ff122a82091b7297	68654660ac46f305f515ceb898a10948	1280	720	4734.0	145.0	457.0	2461.0	False	False
speed_bag_640x360_60f	speed_bag_640x360_60f	libaom	libaom_20191019_bbe0a0a	60	20	445404.0	445.40399999999994	46.86666666666665	49.57583333333335	51.02483333333334	46.813709	49.536623	50.978694	98.295772	358786.0	5.9797666666666665	640	360	29.97	8	1198b884847750fd9589394eb5f97b50	91becee0b66a36f0a7759ce0d0f80254	640	360	1274.0	115.0	233.0	644.0	False	False
speed_bag_640x360_60f	speed_bag_640x360_60f	libaom	libaom_20191019_bbe0a0a	60	32	244218.0	244.218	44.973666666666674	48.06566666666666	49.67733333333334	44.868078	47.999715	49.597156	97.264426	206036.0	3.4339333333333335	640	360	29.97	8	17a6a89af5ae19025c891d60291851f7	9b107eb55c66de0782e8eb097fd2a980	640	360	1548.0	88.0	184.0	571.0	False	False
speed_bag_640x360_60f	speed_bag_640x360_60f	libaom	libaom_20191019_bbe0a0a	60	43	139623.0	139.623	42.891499999999986	46.289166666666674	48.14933333333332	42.702852	46.200894	48.024323	94.83271799999999	116785.0	1.9464166666666667	640	360	29.97	8	d9c14dc59e63da62d34397c03152fb06	8e4c7caf13bb54509f6a1ee49beced78	640	360	1085.0	84.0	147.0	560.0	False	False
speed_bag_640x360_60f	speed_bag_640x360_60f	libaom	libaom_20191019_bbe0a0a	60	55	80240.0	80.24	40.262666666666654	43.99783333333334	46.59900000000001	39.96553099999999	43.893354	46.399955	87.568757	90160.0	1.5026666666666666	640	360	29.97	8	764d857dababc0df09a76a91517180cb	669ee20b5497c0dd96e742e97bcae284	640	360	1659.0	89.0	119.0	596.0	False	False
speed_bag_640x360_60f	speed_bag_640x360_60f	libaom	libaom_20191019_bbe0a0a	60	63	46489.0	46.489	37.229	41.64549999999999	44.39466666666666	36.800855	41.478594	44.073385	75.165551	62914.0	1.0485666666666666	640	360	29.97	8	d685fbc1ea479c97c0b6e8ed7ab8e46d	fce106689653c9091efe802dccce35b3	640	360	1070.0	84.0	99.0	559.0	False	False
Netflix_RollerCoaster_1280x720_6	Netflix_RollerCoaster_1280x720_6	libaom	libaom_20191019_bbe0a0a	60	20	7192064.0	7192.064	44.71033333333335	46.346999999999994	46.36599999999999	44.694355	46.341584	46.36173900000001	99.897028	6261246.0	104.3541	1280	720	60.0	8	705929675c9e6f427690bb841556eac1	ef8013038fd4206d28434dfe353e0772	1280	720	4442.0	179.0	1910.0	2658.0	False	False
Netflix_RollerCoaster_1280x720_6	Netflix_RollerCoaster_1280x720_6	libaom	libaom_20191019_bbe0a0a	60	32	3627408.0	3627.408	42.28333333333333	44.4615	44.80066666666668	42.257422	44.453574	44.79585	99.833412	4033936.0	67.23226666666666	1280	720	60.0	8	5016035e2df959dea5510f1281a51455	81903beaf9b5c2de8e378d8261aac8f8	1280	720	6948.0	210.0	1272.0	3056.0	False	False
Netflix_RollerCoaster_1280x720_6	Netflix_RollerCoaster_1280x720_6	libaom	libaom_20191019_bbe0a0a	60	43	1892608.0	1892.608	39.74983333333332	42.481999999999985	43.259166666666665	39.71496	42.467958	43.25188	96.874981	1877628.0	31.2938	1280	720	60.0	8	4a4682cee1ba971512ab4df420aff481	d33e08c3c6f2b456b7a1fd4aae06656f	1280	720	5340.0	226.0	860.0	3804.0	False	False
Netflix_RollerCoaster_1280x720_6	Netflix_RollerCoaster_1280x720_6	libaom	libaom_20191019_bbe0a0a	60	55	986592.0	986.592	36.93566666666667	40.16850000000002	41.49566666666668	36.902169	40.146783	41.486226	88.871803	1129059.0	18.81765	1280	720	60.0	8	587b3861c52fceb71121172dec37e32d	39deb752586b31fa8f417517f7ddf064	1280	720	10977.0	169.0	701.0	3487.0	False	False
Netflix_RollerCoaster_1280x720_6	Netflix_RollerCoaster_1280x720_6	libaom	libaom_20191019_bbe0a0a	60	63	495856.0	495.856	33.748	37.6485	39.62733333333334	33.702461	37.625497	39.61746	72.456128	962718.0	16.0453	1280	720	60.0	8	9ae68797e85fced3adf5cd2a5683d232	2ebee7c105800191b6e4bc93689fb2c7	1280	720	12290.0	199.0	488.0	5070.0	False	False
STARCRAFT_60f_420	STARCRAFT_60f_420	libaom	libaom_20191019_bbe0a0a	60	20	7039256.0	7039.256	50.09166666666667	53.10349999999999	53.1475	50.081628	53.094675	53.142094	97.589619	1710216.0	28.5036	1920	1080	60.0	8	3e863eb114d036d2da160a3b381d4749	c70b28d3c1807708c260a8aa5344419f	1920	1080	13626.0	315.0	829.0	5797.0	False	False
STARCRAFT_60f_420	STARCRAFT_60f_420	libaom	libaom_20191019_bbe0a0a	60	32	4323672.0	4323.672	47.193	51.05099999999998	51.25516666666667	47.17856100000001	51.036482	51.24790599999999	96.902354	1344054.0	22.4009	1920	1080	60.0	8	110733dd6ed41653cbe7d68b87445e95	3035068fdbd56f47aa553c2fc218b4e0	1920	1080	8005.0	254.0	752.0	5854.0	False	False
STARCRAFT_60f_420	STARCRAFT_60f_420	libaom	libaom_20191019_bbe0a0a	60	43	2514312.0	2514.312	43.78799999999998	48.50466666666666	48.79416666666667	43.772516	48.492163	48.788573	95.429422	1364374.0	22.739566666666665	1920	1080	60.0	8	47f47a2994be0372ab00954e632d20b0	d940053192a87b5b865ab52338653819	1920	1080	23456.0	370.0	1226.0	7327.0	False	False
STARCRAFT_60f_420	STARCRAFT_60f_420	libaom	libaom_20191019_bbe0a0a	60	55	1335600.0	1335.6	39.99333333333334	45.64549999999999	45.93783333333335	39.983099	45.638733	45.935492	92.106633	871560.0	14.526	1920	1080	60.0	8	e6afa8ce1a3a17e4c30f42e199789efa	937f45c6042b9ceb21e4464469d9f5a3	1920	1080	7386.0	243.0	648.0	6101.0	False	False
STARCRAFT_60f_420	STARCRAFT_60f_420	libaom	libaom_20191019_bbe0a0a	60	63	683872.0	683.872	35.84566666666665	42.12550000000001	42.39733333333334	35.818863	42.118507	42.386811	84.09811599999999	775958.0	12.932633333333333	1920	1080	60.0	8	2622e1f84acbe9b72c44ba07e4bdcdb5	ac02b4d1520a22b8878fc19f15e61b6d	1920	1080	19464.0	371.0	961.0	17658.0	False	False
vidyo4_720p_60fps_60f	vidyo4_720p_60fps_60f	libaom	libaom_20191019_bbe0a0a	60	20	4798240.0	4798.24	44.213833333333326	49.90600000000001	50.21766666666667	44.155685999999996	49.898485	50.212149	97.699946	4363115.0	72.71858333333333	1280	720	60.0	8	d927515e776aea05f8e7ca5ce9cc5a4d	5fa3ee9660aa871b0abf1b771cb6b1a2	1280	720	8318.0	199.0	799.0	3591.0	False	False
vidyo4_720p_60fps_60f	vidyo4_720p_60fps_60f	libaom	libaom_20191019_bbe0a0a	60	32	1747872.0	1747.872	42.78866666666667	49.26099999999999	49.57433333333333	42.734799	49.254052	49.56884	96.36549	1695246.0	28.2541	1280	720	60.0	8	11c2377b92c3f47aebdc57ba74380e89	232ff74cce74f86088d070b58e432459	1280	720	6431.0	163.0	687.0	3401.0	False	False
vidyo4_720p_60fps_60f	vidyo4_720p_60fps_60f	libaom	libaom_20191019_bbe0a0a	60	43	921488.0	921.488	41.55166666666667	48.45683333333333	48.79583333333334	41.499149	48.44787800000001	48.789335	94.500171	751910.0	12.531833333333333	1280	720	60.0	8	5b629aa57ff1d1bbba5a88dd1a17ee0b	af08fea334b1ebfee8471403846f4f2f	1280	720	3447.0	141.0	397.0	2529.0	False	False
vidyo4_720p_60fps_60f	vidyo4_720p_60fps_60f	libaom	libaom_20191019_bbe0a0a	60	55	491288.0	491.28799999999995	39.75933333333333	47.193166666666706	47.39416666666666	39.70427	47.185533	47.38814	90.69578299999999	456008.0	7.600133333333333	1280	720	60.0	8	3f880c5762463a3eb3a1b3a2f22f6203	ebe63bc8d7b5fafe9c0fe7b5c105210b	1280	720	3784.0	148.0	334.0	2464.0	False	False
vidyo4_720p_60fps_60f	vidyo4_720p_60fps_60f	libaom	libaom_20191019_bbe0a0a	60	63	269712.0	269.712	37.25483333333332	45.102833333333336	45.194666666666684	37.211392	45.078664	45.165897	82.218555	519029.0	8.650483333333334	1280	720	60.0	8	6f5c26b1508dcce5aea215ded4d72479	e93352135a23f7e33f2995f9ba5ee392	1280	720	16153.0	153.0	331.0	5061.0	False	False
aspen_1080p_60f	aspen_1080p_60f	libaom	libaom_20191019_bbe0a0a	60	20	7300760.0	7300.76	43.948000000000015	48.06266666666666	49.24366666666669	43.922321	48.059887	49.241214	97.872311	13074325.0	217.90541666666667	1920	1080	29.97	8	b9d3b53a3ee9e8edb8b69b1aacac7613	a4f9df62096820fec7b7d87592a8153a	1920	1080	18828.0	288.0	2337.0	6778.0	False	False
aspen_1080p_60f	aspen_1080p_60f	libaom	libaom_20191019_bbe0a0a	60	32	2265767.0	2265.767	42.26616666666667	47.03766666666668	48.08866666666667	42.251071	47.03432	48.085282	94.381273	5451630.0	90.8605	1920	1080	29.97	8	5151c902c954392fd232407c618caa2b	1391c509c1782f74d02813f76c4bb9fa	1920	1080	11204.0	256.0	1668.0	5845.0	False	False
aspen_1080p_60f	aspen_1080p_60f	libaom	libaom_20191019_bbe0a0a	60	43	1028325.0	1028.325	40.977833333333336	45.81016666666667	46.73649999999999	40.961948	45.807439	46.732086	89.878884	2764779.0	46.07965	1920	1080	29.97	8	9b48a3fe7b16135ce72c891ca6e7ca0c	d8e57eb6b0b9d40c8f374499dcea2db3	1920	1080	12000.0	271.0	1434.0	6056.0	False	False
aspen_1080p_60f	aspen_1080p_60f	libaom	libaom_20191019_bbe0a0a	60	55	512802.0	512.802	39.153833333333324	44.16333333333333	44.772833333333324	39.12688	44.157739	44.765581	81.965835	1617665.0	26.961083333333335	1920	1080	29.97	8	c48351467727c43d197f329f1ecdb95e	c6ad3304cec2e101b0700788bb7b730d	1920	1080	21496.0	271.0	1152.0	11690.0	False	False
aspen_1080p_60f	aspen_1080p_60f	libaom	libaom_20191019_bbe0a0a	60	63	248181.0	248.181	36.43066666666667	41.82383333333335	42.22183333333332	36.384173	41.811554	42.206225	66.253501	1074339.0	17.90565	1920	1080	29.97	8	6da52ab3e24167a4cd5f6b7559ee7c20	2af8737eec9b4df718b7553709377a62	1920	1080	6741.0	252.0	817.0	5717.0	False	False
niklas360p_60f	niklas360p_60f	libaom	libaom_20191019_bbe0a0a	60	20	1317324.0	1317.324	44.32516666666667	47.75666666666666	47.4145	44.26437	47.707047	47.370763	98.322395	886784.0	14.779733333333333	640	360	30.0	8	7b1cf833e38e7b70c009f277fff29521	f06508cc3e6078c647719b0b8815ff0f	640	360	1970.0	174.0	340.0	568.0	False	False
niklas360p_60f	niklas360p_60f	libaom	libaom_20191019_bbe0a0a	60	32	741776.0	741.776	41.970166666666664	46.297166666666676	45.696	41.912564	46.266041	45.662188	96.63548	529169.0	8.819483333333332	640	360	30.0	8	51d7cf89a64444f3a70123a095585c2d	8c052a45f6d3ecafb85730ef3f6b614d	640	360	1968.0	79.0	269.0	571.0	False	False
niklas360p_60f	niklas360p_60f	libaom	libaom_20191019_bbe0a0a	60	43	425992.0	425.992	39.31849999999999	44.86133333333332	43.99733333333332	39.258724	44.841642	43.977887	93.51913	413281.0	6.888016666666666	640	360	30.0	8	0c58f32c2a93a532ff8d710704eecbe9	35e42cc9fc6ac971ed3c871d83bef50e	640	360	1461.0	93.0	234.0	581.0	False	False
niklas360p_60f	niklas360p_60f	libaom	libaom_20191019_bbe0a0a	60	55	232396.0	232.396	36.25016666666667	43.08833333333334	41.84833333333332	36.201138	43.071801	41.83386699999999	87.393359	256639.0	4.277316666666667	640	360	30.0	8	77939fce3ac33e5c4ff23f5b6b54020e	cf5b848931ad55d377e78aff6bb0145c	640	360	2286.0	335.0	376.0	1176.0	False	False
niklas360p_60f	niklas360p_60f	libaom	libaom_20191019_bbe0a0a	60	63	121944.0	121.944	32.91116666666666	41.04116666666667	39.60916666666667	32.842804	41.022697	39.596852	76.007681	195418.0	3.2569666666666666	640	360	30.0	8	20aae11cb204a8ae9e976fe05b4ddb8f	27dd334167917953979e499d3277c5ae	640	360	2513.0	88.0	139.0	729.0	False	False
Netflix_FoodMarket_1920x1080_60f	Netflix_FoodMarket_1920x1080_60f	libaom	libaom_20191019_bbe0a0a	60	20	19755312.0	19755.312	40.9485	44.74416666666666	45.52283333333333	40.929718	44.739859	45.52091699999999	98.88766	21489610.0	358.16016666666667	1920	1080	60.0	8	55636cb296b3f6e12a1aa76baf0ad877	4d0f9f237bc2f0039278817f3800b68f	1920	1080	18614.0	255.0	2850.0	6153.0	False	False
Netflix_FoodMarket_1920x1080_60f	Netflix_FoodMarket_1920x1080_60f	libaom	libaom_20191019_bbe0a0a	60	32	6697792.0	6697.792	39.67483333333333	43.86016666666668	44.837666666666664	39.667849	43.858791	44.836723	95.76404900000001	8264351.0	137.73918333333333	1920	1080	60.0	8	e60311fcb4575c586a05554169da88be	540dfbcd0a25166f51e356a974481670	1920	1080	16668.0	263.0	2001.0	6558.0	False	False
Netflix_FoodMarket_1920x1080_60f	Netflix_FoodMarket_1920x1080_60f	libaom	libaom_20191019_bbe0a0a	60	43	3289008.0	3289.008	38.37649999999999	42.97083333333333	44.08283333333334	38.368193	42.968274	44.081125	90.853898	3359253.0	55.98755	1920	1080	60.0	8	6e37261a8c09c814541bccaa1b5c90bc	ebdd63ea90f1ebeae339847bcd8283db	1920	1080	9967.0	245.0	1428.0	7394.0	False	False
Netflix_FoodMarket_1920x1080_60f	Netflix_FoodMarket_1920x1080_60f	libaom	libaom_20191019_bbe0a0a	60	55	1579544.0	1579.544	36.4745	41.881000000000014	42.97749999999999	36.460746	41.87558	42.968977	80.850967	1883292.0	31.3882	1920	1080	60.0	8	c67a9f267c1617f53eaccd08bd2a1a2f	0d722a99a2a8e65a20be68f463e21b2d	1920	1080	20999.0	240.0	1136.0	8798.0	False	False
Netflix_FoodMarket_1920x1080_60f	Netflix_FoodMarket_1920x1080_60f	libaom	libaom_20191019_bbe0a0a	60	63	690928.0	690.928	33.903666666666666	40.47216666666667	41.33850000000002	33.880307	40.463134	41.300345	62.290311	1367506.0	22.791766666666668	1920	1080	60.0	8	e32dc10a357fce1e6b60b2a1e3a9f7ae	7ab0f717d02c1136618aeaa8a5afa8a4	1920	1080	11328.0	288.0	1082.0	6992.0	False	False
ducks_take_off_1080p50_60f	ducks_take_off_1080p50_60f	libaom	libaom_20191019_bbe0a0a	60	20	109157266.0	109157.266	38.97116666666667	39.04699999999999	41.29983333333334	38.867148	38.981703	41.277397	98.78626	35495929.0	591.5988166666667	1920	1080	50.0	8	8924b3e93ad90381ee05d8719bf7916e	69f281e088fbd8d33b63b0c0e8dc0258	1920	1080	27484.0	239.0	7698.0	6562.0	False	False
ducks_take_off_1080p50_60f	ducks_take_off_1080p50_60f	libaom	libaom_20191019_bbe0a0a	60	32	32441593.0	32441.593	35.283833333333334	36.998500000000014	39.974500000000006	35.201483	36.967323	39.963215	93.825939	22210615.0	370.17691666666667	1920	1080	50.0	8	f0a1a48dad40235c055e549a1206044b	d512809c9c88ff8e54379b36437e2475	1920	1080	11634.0	254.0	4294.0	6267.0	False	False
ducks_take_off_1080p50_60f	ducks_take_off_1080p50_60f	libaom	libaom_20191019_bbe0a0a	60	43	11483733.0	11483.733	33.299	35.40666666666666	38.762000000000015	33.257183	35.36919	38.75202	85.571823	12390250.0	206.50416666666666	1920	1080	50.0	8	79d886761e361f7e5b6968bc6ab6b870	0d9f01955c14a994df3b8943b0d01f9a	1920	1080	12884.0	387.0	4419.0	6681.0	False	False
ducks_take_off_1080p50_60f	ducks_take_off_1080p50_60f	libaom	libaom_20191019_bbe0a0a	60	55	4912393.0	4912.393	31.240166666666685	33.815333333333335	37.7455	31.180022	33.764118	37.738879	72.018217	6781803.0	113.03005	1920	1080	50.0	8	0f865c848dddde6e0aed7fb30362613d	522ca17793e9b3d8f6cdc377d3a6d587	1920	1080	13040.0	281.0	2103.0	6490.0	False	False
ducks_take_off_1080p50_60f	ducks_take_off_1080p50_60f	libaom	libaom_20191019_bbe0a0a	60	63	2202613.0	2202.613	29.015333333333338	32.29733333333333	36.86033333333332	28.930682	32.251832	36.854796	54.171387	2891874.0	48.1979	1920	1080	50.0	8	cc51326cc18e2cd52c36acae8620465d	1dadd700dbff9ceb2272f44754e4f82c	1920	1080	23381.0	240.0	1222.0	8042.0	False	False
ShowGirl2TeaserClip4000_1920x108	ShowGirl2TeaserClip4000_1920x108	libaom	libaom_20191019_bbe0a0a	60	20	3169940.0	3169.94	42.48699999999999	46.586333333333336	49.34483333333331	42.478422	46.585247	49.344429	95.41678	23613755.0	393.56258333333335	1920	1080	25.0	10	7b3e14ba400b7275e96bdfd84b3790f4	e0964049bdc369c4ac6757b5700be917	1920	1080	47372.0	478.0	2460.0	7310.0	False	False
ShowGirl2TeaserClip4000_1920x108	ShowGirl2TeaserClip4000_1920x108	libaom	libaom_20191019_bbe0a0a	60	32	1231260.0	1231.26	41.67283333333334	46.11966666666667	48.550333333333306	41.668512	46.118248	48.549772	93.530145	6366922.0	106.11536666666667	1920	1080	25.0	10	b27bbcd084aa033b5fb839b743665135	298cce77996c1ee2aa566f656ecf569b	1920	1080	13380.0	485.0	2150.0	6164.0	False	False
ShowGirl2TeaserClip4000_1920x108	ShowGirl2TeaserClip4000_1920x108	libaom	libaom_20191019_bbe0a0a	60	43	687936.0	687.936	40.69733333333334	45.58716666666664	47.68049999999999	40.68414	45.585613	47.679911999999995	90.535066	3186279.0	53.10465	1920	1080	25.0	10	026e24943a966e2bfc7c6dc884b11d93	2d8a00af302791ce5191e9878759bc88	1920	1080	12885.0	488.0	1718.0	7319.0	False	False
ShowGirl2TeaserClip4000_1920x108	ShowGirl2TeaserClip4000_1920x108	libaom	libaom_20191019_bbe0a0a	60	55	375953.0	375.95300000000003	39.14816666666668	44.722500000000004	46.481499999999976	39.123413	44.721302	46.480563	84.645251	2051874.0	34.1979	1920	1080	25.0	10	2b5cf6f8579c9c0576545f8c69ddb7e2	4b9ab86b30110026228ca59361826fc0	1920	1080	25300.0	506.0	1583.0	6221.0	False	False
ShowGirl2TeaserClip4000_1920x108	ShowGirl2TeaserClip4000_1920x108	libaom	libaom_20191019_bbe0a0a	60	63	212000.0	212.0	37.02916666666667	43.048	44.935500000000005	36.973299	43.037871	44.91758	74.403657	1383838.0	23.063966666666666	1920	1080	25.0	10	72739b1aced22329449bd7f1642cdffc	0de3ec273380d823f2d4a825da17781b	1920	1080	26846.0	471.0	1349.0	6160.0	False	False
Netflix_Boat_1920x1080_60fps_8bi	Netflix_Boat_1920x1080_60fps_8bi	libaom	libaom_20191019_bbe0a0a	60	20	25724752.0	25724.752	43.53216666666666	45.66666666666666	47.083166666666656	43.51208	45.653417	47.075544	99.914591	9866949.0	164.44915	1920	1080	60.0	8	c646b14bce44ab0fb6ef463d374727d3	8fca2853d284e75460f5bb6766924689	1920	1080	26088.0	249.0	3073.0	6299.0	False	False
Netflix_Boat_1920x1080_60fps_8bi	Netflix_Boat_1920x1080_60fps_8bi	libaom	libaom_20191019_bbe0a0a	60	32	14383648.0	14383.648	40.869833333333325	43.92766666666669	44.86799999999998	40.84286	43.913666	44.861763	99.585294	7192691.0	119.87818333333334	1920	1080	60.0	8	1a3885ffd4edbee4fcc657c017ff66ea	7cff774b6ed0318e2c93589f9aa62ce2	1920	1080	11151.0	274.0	2346.0	6154.0	False	False
Netflix_Boat_1920x1080_60fps_8bi	Netflix_Boat_1920x1080_60fps_8bi	libaom	libaom_20191019_bbe0a0a	60	43	8436912.0	8436.912	38.10249999999998	42.491166666666665	43.15683333333332	38.062148	42.476273	43.153381	96.14697	4699685.0	78.32808333333334	1920	1080	60.0	8	7ce63abbcb1ca9760928438dc3f5339e	2db43b34680f3a61ced231d807583bf2	1920	1080	10130.0	332.0	2708.0	6291.0	False	False
Netflix_Boat_1920x1080_60fps_8bi	Netflix_Boat_1920x1080_60fps_8bi	libaom	libaom_20191019_bbe0a0a	60	55	4716616.0	4716.616	34.9955	40.8705	41.352000000000004	34.940463	40.858115	41.349103	89.572916	2975115.0	49.58525	1920	1080	60.0	8	0d2eaca7acb892e3c88c71a9424ddd6f	9cd022ba80f948f0a3dfa057130bccdc	1920	1080	10017.0	225.0	1357.0	5870.0	False	False
Netflix_Boat_1920x1080_60fps_8bi	Netflix_Boat_1920x1080_60fps_8bi	libaom	libaom_20191019_bbe0a0a	60	63	2517744.0	2517.744	31.816999999999997	38.99216666666666	39.45016666666667	31.74295	38.98669	39.42546	78.559341	2455933.0	40.93221666666667	1920	1080	60.0	8	5957ec95d0f1d7f808a602fae3388307	ed12d57bbe7893c45a894b5bd2bd0eed	1920	1080	25402.0	262.0	1117.0	9233.0	False	False
Market3_1920x1080p_50_10b_pq_709	Market3_1920x1080p_50_10b_pq_709	libaom	libaom_20191019_bbe0a0a	60	20	11408006.0	11408.006	44.9925	50.77233333333333	51.68099999999999	44.970482	50.769752	51.677933	99.857681	9620519.0	160.34198333333333	1920	1080	50.0	10	4f62fb943719ce2d1af84b3a6795b3f8	204e7e305c70c25c9906b3b84685b6e8	1920	1080	48819.0	518.0	3128.0	11978.0	False	False
Market3_1920x1080p_50_10b_pq_709	Market3_1920x1080p_50_10b_pq_709	libaom	libaom_20191019_bbe0a0a	60	32	5997480.0	5997.48	42.17116666666666	48.65249999999996	49.792666666666676	42.149296	48.649299	49.790656	98.890513	7115424.0	118.5904	1920	1080	50.0	10	5b17a10782552d92124d97e3e6db3826	98b2086e4e91082dbf2bd987c7d3aafd	1920	1080	14132.0	522.0	2623.0	6626.0	False	False
Market3_1920x1080p_50_10b_pq_709	Market3_1920x1080p_50_10b_pq_709	libaom	libaom_20191019_bbe0a0a	60	43	3428366.0	3428.366	39.58800000000001	47.03416666666666	48.388999999999996	39.566094	47.029173	48.38137100000001	95.874263	4243509.0	70.72515	1920	1080	50.0	10	c94c6854f66e9b1ececaad54d5e56c85	48430b5b927c7cea86cdbe4d98677921	1920	1080	12769.0	487.0	2408.0	6095.0	False	False
Market3_1920x1080p_50_10b_pq_709	Market3_1920x1080p_50_10b_pq_709	libaom	libaom_20191019_bbe0a0a	60	55	1846080.0	1846.0799999999997	36.77783333333333	45.270166666666654	46.773666666666664	36.755285	45.260062	46.758916	90.218319	3083585.0	51.39308333333334	1920	1080	50.0	10	305805fdd50145afdadde1d637b74ab8	07b5acd9e6a36798312c853e999b812a	1920	1080	27751.0	467.0	2085.0	6316.0	False	False
Market3_1920x1080p_50_10b_pq_709	Market3_1920x1080p_50_10b_pq_709	libaom	libaom_20191019_bbe0a0a	60	63	920506.0	920.506	33.82716666666666	43.254166666666656	44.80349999999999	33.786885	43.216761	44.757577	78.948513	2155935.0	35.93225	1920	1080	50.0	10	344ec35ba162ec44d2577852dfa21366	db85dbb8ca9ba803b36a393436bcd0c7	1920	1080	13217.0	462.0	2722.0	5894.0	False	False
KristenAndSara_1280x720_60_10b	KristenAndSara_1280x720_60_10b	libaom	libaom_20191019_bbe0a0a	60	20	3491912.0	3491.912	44.98383333333331	49.58633333333333	50.59866666666669	44.966619	49.581618	50.59593499999999	97.095153	5057558.0	84.29263333333333	1280	720	60.0	10	748f809aac73f0b8194e5c8ff70fa8aa	9e28fec9b7d3b795038a54f81ad96958	1280	720	11416.0	249.0	989.0	2481.0	False	False
KristenAndSara_1280x720_60_10b	KristenAndSara_1280x720_60_10b	libaom	libaom_20191019_bbe0a0a	60	32	1318248.0	1318.248	43.783833333333355	48.80266666666668	49.79233333333333	43.769266	48.798936	49.790237	96.299019	2075647.0	34.594116666666665	1280	720	60.0	10	355c4e8631c62f7f417231c46787dc37	1454f8769aac27f456e5c495035f0664	1280	720	15486.0	239.0	762.0	2624.0	False	False
KristenAndSara_1280x720_60_10b	KristenAndSara_1280x720_60_10b	libaom	libaom_20191019_bbe0a0a	60	43	765320.0	765.32	42.66883333333333	47.83766666666667	48.77299999999999	42.653456	47.835025	48.770364	95.082442	1181460.0	19.691	1280	720	60.0	10	a7fe3430d0fbea6747a1dc46cc7b52c2	1a28d6434255b9cf4a7c767ae12ee45a	1280	720	11013.0	267.0	775.0	2769.0	False	False
KristenAndSara_1280x720_60_10b	KristenAndSara_1280x720_60_10b	libaom	libaom_20191019_bbe0a0a	60	55	430312.0	430.312	40.85399999999999	46.03366666666666	47.09066666666667	40.842029	46.032575	47.089357	92.332393	746300.0	12.438333333333333	1280	720	60.0	10	9881b1fee37d96c5dbb2fa151d2b7a65	537679606ff7701f844bf4e6e468343f	1280	720	11526.0	261.0	596.0	2477.0	False	False
KristenAndSara_1280x720_60_10b	KristenAndSara_1280x720_60_10b	libaom	libaom_20191019_bbe0a0a	60	63	244960.0	244.96	38.23266666666667	43.63100000000001	44.728000000000016	38.216084	43.617213	44.714499	85.96865899999999	443011.0	7.383516666666667	1280	720	60.0	10	66dbf1698dd3954f69d0313fd2e3603b	4455c92462fca1b57dae07b1decc1edb	1280	720	11217.0	238.0	522.0	2475.0	False	False
Netflix_SquareAndTimelapse_1920x	Netflix_SquareAndTimelapse_1920x	libaom	libaom_20191019_bbe0a0a	60	20	18413960.0	18413.96	44.35066666666666	48.404833333333315	47.529	44.341987	48.402743	47.525639	99.905163	8970519.0	149.50865	1920	1080	60.0	8	e38c105e0377f8c13de85eb102c98105	aca4240aeac27e00af5b1f28eaceeb88	1920	1080	16058.0	264.0	3458.0	6762.0	False	False
Netflix_SquareAndTimelapse_1920x	Netflix_SquareAndTimelapse_1920x	libaom	libaom_20191019_bbe0a0a	60	32	10556256.0	10556.256	41.88700000000001	46.54150000000001	45.47416666666666	41.874459	46.538499	45.46993	99.881554	5220104.0	87.00173333333333	1920	1080	60.0	8	ed8b1033c4e9580a8c9e77d8f666ce4c	3978be8ae997e9a9cd4e6ceb59fb9a36	1920	1080	9262.0	264.0	2622.0	6354.0	False	False
Netflix_SquareAndTimelapse_1920x	Netflix_SquareAndTimelapse_1920x	libaom	libaom_20191019_bbe0a0a	60	43	6123448.0	6123.448	39.276499999999984	44.77033333333335	43.55316666666667	39.252727	44.763388	43.542714	98.710534	3407778.0	56.7963	1920	1080	60.0	8	f45570c989f779ca53d1ddc03c79e9cc	6db029915e8e4884df35469bf5c2b559	1920	1080	15467.0	260.0	2027.0	6382.0	False	False
Netflix_SquareAndTimelapse_1920x	Netflix_SquareAndTimelapse_1920x	libaom	libaom_20191019_bbe0a0a	60	55	3342288.0	3342.288	36.247499999999995	42.55700000000001	41.286166666666674	36.212588	42.547414	41.271909	91.023023	2468246.0	41.137433333333334	1920	1080	60.0	8	50edec25ee030d7f2f5152bf350ba86c	db8267372b5138713cb9eb7a518d8407	1920	1080	30887.0	489.0	2838.0	15045.0	False	False
Netflix_SquareAndTimelapse_1920x	Netflix_SquareAndTimelapse_1920x	libaom	libaom_20191019_bbe0a0a	60	63	1692000.0	1692.0	32.863499999999995	40.02033333333331	38.754333333333314	32.809928	39.9901	38.716409	75.396314	1687026.0	28.1171	1920	1080	60.0	8	91c9cb156f02b9253aef475632f656ac	57fa27f58ab01f6615712ab00cac379b	1920	1080	15381.0	238.0	1189.0	6112.0	False	False
Netflix_Crosswalk_1920x1080_60fp	Netflix_Crosswalk_1920x1080_60fp	libaom	libaom_20191019_bbe0a0a	60	20	7502704.0	7502.704	45.595499999999994	48.341333333333324	50.18816666666666	45.571166	48.334175	50.176188	99.119202	8977320.0	149.622	1920	1080	60.0	8	50353490ee6e79468ccef10c6073bd4a	70f84e8c12c2e7090731b9bd1cb7d2cd	1920	1080	11304.0	237.0	1859.0	6061.0	False	False
Netflix_Crosswalk_1920x1080_60fp	Netflix_Crosswalk_1920x1080_60fp	libaom	libaom_20191019_bbe0a0a	60	32	3857424.0	3857.424	44.35316666666667	47.57550000000001	49.38133333333333	44.311872	47.568606	49.371973	95.970419	3118748.0	51.97913333333333	1920	1080	60.0	8	6b4792b54d833e8cea58d50028133026	04475c3da691ee9dab4b73131df7cd70	1920	1080	14039.0	277.0	1852.0	12727.0	False	False
Netflix_Crosswalk_1920x1080_60fp	Netflix_Crosswalk_1920x1080_60fp	libaom	libaom_20191019_bbe0a0a	60	43	2050808.0	2050.808	42.71116666666668	46.57866666666669	48.308999999999976	42.636817	46.569467	48.298317	90.169508	2159311.0	35.98851666666667	1920	1080	60.0	8	c97284294913533462c1076502052e99	895d5c6d8ce786190d1611ff45cfa236	1920	1080	6445.0	250.0	1325.0	6061.0	False	False
Netflix_Crosswalk_1920x1080_60fp	Netflix_Crosswalk_1920x1080_60fp	libaom	libaom_20191019_bbe0a0a	60	55	1068640.0	1068.64	40.533166666666666	45.23966666666665	46.87566666666668	40.427367	45.229077	46.86609	79.888216	1365344.0	22.755733333333332	1920	1080	60.0	8	41768241a55a08bc0c393296679e93ad	70eff85acd7a23faed37eaa29ea4b958	1920	1080	9248.0	301.0	1902.0	7123.0	False	False
Netflix_Crosswalk_1920x1080_60fp	Netflix_Crosswalk_1920x1080_60fp	libaom	libaom_20191019_bbe0a0a	60	63	539560.0	539.56	37.707	43.396333333333324	44.96166666666668	37.571831	43.376399	44.937945	63.084626	926988.0	15.4498	1920	1080	60.0	8	ace0d40a7db122d5e29b7a91e891369e	49a3e21ecc9604a351cb961a73869c2c	1920	1080	7314.0	468.0	1284.0	9979.0	False	False
blue_sky_360p_60f	blue_sky_360p_60f	libaom	libaom_20191019_bbe0a0a	60	20	1117933.0	1117.933	43.98199999999999	45.00300000000001	46.53033333333335	43.92119	44.960471	46.504279	99.94614	743740.0	12.395666666666667	640	360	25.0	8	121dedbbd81ee47679bcb72c121bfd9a	c15df22e785a13de9f0c62f2559387d0	640	360	2508.0	96.0	374.0	533.0	False	False
blue_sky_360p_60f	blue_sky_360p_60f	libaom	libaom_20191019_bbe0a0a	60	32	563333.0	563.333	40.96633333333332	42.303	43.72716666666666	40.90136300000001	42.270421000000006	43.707342	99.92335900000002	609498.0	10.1583	640	360	25.0	8	ddec6606966ec3f5712603afb96435b3	e9291e6cc3ad50d580a085d461ded1c5	640	360	5570.0	149.0	496.0	1786.0	False	False
blue_sky_360p_60f	blue_sky_360p_60f	libaom	libaom_20191019_bbe0a0a	60	43	310193.0	310.193	38.209166666666654	39.90633333333335	41.43766666666666	38.136378	39.874529	41.426082	99.122338	272293.0	4.538216666666667	640	360	25.0	8	630e03ddaf4fb3efb492ba978459af56	21b528d3ac6819b9260762ba0b950942	640	360	1382.0	82.0	209.0	668.0	False	False
blue_sky_360p_60f	blue_sky_360p_60f	libaom	libaom_20191019_bbe0a0a	60	55	168140.0	168.14	35.19066666666666	37.11300000000001	39.227999999999994	35.135389	37.094727	39.222989	93.64628	179063.0	2.984383333333333	640	360	25.0	8	c322ecd26fdd7d1070f6d4d488008bf2	f5c9bab0d9dba2c48b1e24ca37a6857f	640	360	1257.0	77.0	218.0	497.0	False	False
blue_sky_360p_60f	blue_sky_360p_60f	libaom	libaom_20191019_bbe0a0a	60	63	96073.0	96.073	31.97433333333333	35.07633333333333	37.70700000000001	31.906508999999996	35.066915	37.703579	84.092989	133582.0	2.226366666666667	640	360	25.0	8	4b76185839b4de487ffc74127789c4a8	2d881b367913ace0b7263fc0e453aaa2	640	360	1543.0	86.0	165.0	512.0	False	False
life_1080p30_60f	life_1080p30_60f	libaom	libaom_20191019_bbe0a0a	60	20	11790472.0	11790.472	44.39766666666667	49.46516666666667	48.90783333333334	44.371688	49.460894	48.902893999999996	99.438294	8338485.0	138.97475	1920	1080	30.0	8	c9463fd2e50a6f5bde3ba8e7d19c6f8d	50564fd775eaab43238988ab919ed9a9	1920	1080	28586.0	253.0	3309.0	6343.0	False	False
life_1080p30_60f	life_1080p30_60f	libaom	libaom_20191019_bbe0a0a	60	32	5558612.0	5558.612	41.457499999999996	47.149666666666654	46.835166666666666	41.434295	47.142696	46.829468	97.631361	5148883.0	85.81471666666667	1920	1080	30.0	8	3637d805e1c3fafa930588ed3d8cdfc4	bcf6965378bd4e4fe5cddae1f880fb78	1920	1080	9194.0	290.0	2654.0	6435.0	False	False
life_1080p30_60f	life_1080p30_60f	libaom	libaom_20191019_bbe0a0a	60	43	2869592.0	2869.592	38.893000000000015	45.214333333333336	45.05383333333334	38.872972	45.206644	45.047893	94.603818	3345975.0	55.76625	1920	1080	30.0	8	2cfa7f94aa52b89dc90cd01d8d3d4e5a	9df9e04d0c560c8b573ce47d691d04eb	1920	1080	20461.0	263.0	2132.0	9118.0	False	False
life_1080p30_60f	life_1080p30_60f	libaom	libaom_20191019_bbe0a0a	60	55	1464348.0	1464.3480000000002	36.11716666666668	42.994	42.88750000000001	36.096416	42.984258	42.87736	89.102453	2473716.0	41.2286	1920	1080	30.0	8	06c1c2fa955903c10c9f317d9b10585e	e1b623686456b64aaf614eb77d33fad4	1920	1080	22807.0	292.0	1598.0	9802.0	False	False
life_1080p30_60f	life_1080p30_60f	libaom	libaom_20191019_bbe0a0a	60	63	686636.0	686.636	33.26966666666668	40.447166666666675	40.22633333333333	33.235664	40.41745	40.193489	78.582548	1656694.0	27.61156666666667	1920	1080	30.0	8	a60d8d7e8c0cb0f6f32e40c15bc34117	320e4b3109e2cf8bb2bb27bc8d276ef2	1920	1080	24221.0	565.0	2409.0	9482.0	False	False
