KristenAndSara_1280x720_60_10b	KristenAndSara_1280x720_60_10b	libaom	libaom_20191227_d0f0d3b_enc-mode0	60	20	0	3547056.0	3547.056	44.981999999999985	49.56033333333336	50.57666666666668	44.965184	49.556158	50.57386	97.0917071754128	5146613.0	85.77688333333333	5087.12	1280	720	60.0	10	f5386ed7699af659515aa6856bca788a	4a55e0af4c9d51702f9931f754e4eb97	1280	720	7972.0	258.0	1411.0	10723.0	False	False	0.9963992416858674	0.9958183202950395
KristenAndSara_1280x720_60_10b	KristenAndSara_1280x720_60_10b	libaom	libaom_20191227_d0f0d3b_enc-mode0	60	32	0	1322680.0	1322.68	43.78533333333334	48.83250000000001	49.835666666666654	43.771738	48.829184000000005	49.83395	96.27598925795022	2107963.0	35.13271666666667	2103.89	1280	720	60.0	10	3dc47171ed7c60f91fc3687244f79852	0c1539eaaa7fee7c543acb970e8a2ffc	1280	720	8334.0	283.0	1023.0	10790.0	False	False	0.9952082266410192	0.9947153779760171
KristenAndSara_1280x720_60_10b	KristenAndSara_1280x720_60_10b	libaom	libaom_20191227_d0f0d3b_enc-mode0	60	43	0	762920.0	762.92	42.670666666666655	47.842	48.766666666666666	42.65591299999999	47.839083	48.76403	95.09918570434382	1015836.0	16.9306	1004.68	1280	720	60.0	10	2b0ecf8f928cc323e459d9a235c8c775	d89f1d69352f72f8abf30af09c90552a	1280	720	8974.0	297.0	1011.0	10917.0	False	False	0.9936209330956142	0.9933566237791013
KristenAndSara_1280x720_60_10b	KristenAndSara_1280x720_60_10b	libaom	libaom_20191227_d0f0d3b_enc-mode0	60	55	0	432392.0	432.392	40.877833333333314	46.076499999999996	47.07950000000002	40.867199	46.0749	47.077843	92.37452052583421	645430.0	10.757166666666667	636.73	1280	720	60.0	10	dd8c4b3fa61dcc50d7111ee945d4e434	6e77fa75125bda44632a6ff407946eac	1280	720	9079.0	220.0	654.0	10283.0	False	False	0.98999003469944	0.9903505264558965
KristenAndSara_1280x720_60_10b	KristenAndSara_1280x720_60_10b	libaom	libaom_20191227_d0f0d3b_enc-mode0	60	63	0	248184.0	248.184	38.30800000000001	43.78883333333333	44.82666666666667	38.28694600000001	43.768884	44.80225699999999	86.1625543092088	472831.0	7.880516666666667	463.92	1280	720	60.0	10	fa4e3474d92af22c0e3025ac110c862d	6b2cd2d9be587fe058c48d07575b7dca	1280	720	8327.0	246.0	815.0	10242.0	False	False	0.9811685532331467	0.983270277867351
ducks_1920x1080_50fps_10b	ducks_1920x1080_50fps_10b	libaom	libaom_20191227_d0f0d3b_enc-mode0	60	20	0	118327620.0	118327.61999999998	39.51266666666667	39.581833333333314	41.64016666666667	39.284257	39.377039	41.552104	99.00343452300977	52870121.0	881.1686833333333	52586.7	1920	1080	50.0	10	5303fb37130ed1d00df34922f7230fa0	49fb3f4daa2fda4f98d64e5c20fc2fce	1920	1080	20619.0	602.0	11822.0	46495.0	False	False	0.9989837527275085	0.996284104111265
ducks_1920x1080_50fps_10b	ducks_1920x1080_50fps_10b	libaom	libaom_20191227_d0f0d3b_enc-mode0	60	32	0	33565700.0	33565.7	35.39400000000001	37.11116666666667	40.139833333333335	35.271536	37.055477	40.121779	93.90321417064719	29339756.0	488.9959333333333	29320.8	1920	1080	50.0	10	d57d127434fd9013fef732c9710d669e	f5305da7be7b8b21913a5e520ae017d9	1920	1080	21402.0	667.0	6056.0	25982.0	False	False	0.9968024363120397	0.9904573071567369
ducks_1920x1080_50fps_10b	ducks_1920x1080_50fps_10b	libaom	libaom_20191227_d0f0d3b_enc-mode0	60	43	0	11509113.0	11509.113	33.31816666666666	35.47400000000001	38.90116666666666	33.270562	35.43044	38.887777	85.43628420892158	15696125.0	261.6020833333333	15494.15	1920	1080	50.0	10	8b3f1e9476c958006eede674818705af	e67ea1843bde1fa7e568d07b8407bfdf	1920	1080	26032.0	578.0	4336.0	27489.0	False	False	0.9918029963970184	0.9826957450327718
ducks_1920x1080_50fps_10b	ducks_1920x1080_50fps_10b	libaom	libaom_20191227_d0f0d3b_enc-mode0	60	55	0	4921866.0	4921.866	31.25983333333335	33.87483333333332	37.93383333333334	31.198249999999998	33.82281	37.927923	72.12555962114831	9036629.0	150.61048333333332	8906.68	1920	1080	50.0	10	a57ee65f1503c1bb702e840939402363	10783c54b1cf737ff36f23d2d8468d6a	1920	1080	21044.0	581.0	3465.0	24141.0	False	False	0.9799228976170222	0.9677304901022767
ducks_1920x1080_50fps_10b	ducks_1920x1080_50fps_10b	libaom	libaom_20191227_d0f0d3b_enc-mode0	60	63	0	2202926.0	2202.926	29.007999999999996	32.353500000000004	37.022333333333336	28.923332	32.31093	37.018234	54.39023351030924	5419373.0	90.32288333333334	5296.0	1920	1080	50.0	10	0484fc455c666ccd173aff0c844a1bf4	64a168075c0a68d11d474a99524050f7	1920	1080	22815.0	551.0	2729.0	23961.0	False	False	0.9541449735562006	0.9389398713508841
Aerial_1920x1080_2997_10b	Aerial_1920x1080_2997_10b	libaom	libaom_20191227_d0f0d3b_enc-mode0	60	20	0	8223280.0	8223.28	43.669166666666676	45.61433333333333	44.93200000000001	43.635719	45.604741	44.923617	96.55894810207862	13393094.0	223.21823333333333	13249.83	1920	1080	29.97	10	897998ce93a81757b2947444f80e3b47	c5e255fd6250b0f4a90dff5d9314ae35	1920	1080	21647.0	533.0	3186.0	23624.0	False	False	0.9990041156609853	0.9979765187671823
Aerial_1920x1080_2997_10b	Aerial_1920x1080_2997_10b	libaom	libaom_20191227_d0f0d3b_enc-mode0	60	32	0	4534937.0	4534.937	41.72533333333334	44.05533333333333	43.64366666666669	41.696051	44.052049	43.641881	95.34869992843849	7761255.0	129.35425	7620.91	1920	1080	29.97	10	15808fb0e3bad86d17eea75dab55c823	2ebb4d9beba9205e72a6390d6f11721e	1920	1080	23275.0	590.0	2803.0	23951.0	False	False	0.9984516551097234	0.9969916539994795
Aerial_1920x1080_2997_10b	Aerial_1920x1080_2997_10b	libaom	libaom_20191227_d0f0d3b_enc-mode0	60	43	0	2610640.0	2610.64	39.21833333333333	42.20800000000002	42.216000000000015	39.202137	42.206445	42.216166	92.91944981557631	5502654.0	91.7109	5414.81	1920	1080	29.97	10	e1e73c2f2ae34238bcaef5d58762c925	5cac7aa3f9cac69d17dadbf28a5e1a05	1920	1080	22305.0	578.0	2353.0	24085.0	False	False	0.9973197907209397	0.9949318067971953
Aerial_1920x1080_2997_10b	Aerial_1920x1080_2997_10b	libaom	libaom_20191227_d0f0d3b_enc-mode0	60	55	0	1379727.0	1379.727	35.95550000000001	40.20633333333334	40.76049999999999	35.948745	40.205484	40.76044	87.98395043412383	4185546.0	69.7591	4096.93	1920	1080	29.97	10	0c0b674c9e8642934de36ed13e302263	64922237099603ff90833e4d29cc518a	1920	1080	22827.0	629.0	2210.0	26769.0	False	False	0.9942664424578349	0.989339705955866
Aerial_1920x1080_2997_10b	Aerial_1920x1080_2997_10b	libaom	libaom_20191227_d0f0d3b_enc-mode0	60	63	0	681209.0	681.209	32.087	38.067833333333326	39.407333333333305	32.028524	38.059069	39.401812	76.130489502127	3082107.0	51.36845	3012.41	1920	1080	29.97	10	dc06560f591157dedae88ecfadb0d8b9	6fc95f4de8c529f3f51746d74fec610a	1920	1080	24342.0	560.0	1871.0	23906.0	False	False	0.983312580982844	0.9704256327697359
BarScene1_1920x1080_2997_10b	BarScene1_1920x1080_2997_10b	libaom	libaom_20191227_d0f0d3b_enc-mode0	60	20	0	2264270.0	2264.27	42.571	44.82316666666667	43.77433333333331	42.56873	44.819962	43.768702	93.20323947008261	17601206.0	293.3534333333333	17441.93	1920	1080	29.97	10	17ad71eb7bf8e22f965309f90bfa0b49	47bcf01d065d33e1544206418824d392	1920	1080	20099.0	562.0	2278.0	23760.0	False	False	0.9960418274005254	0.9912963227987095
BarScene1_1920x1080_2997_10b	BarScene1_1920x1080_2997_10b	libaom	libaom_20191227_d0f0d3b_enc-mode0	60	32	0	531412.0	531.412	42.265	44.63933333333333	43.51233333333334	42.26461200000001	44.639001	43.511871	92.25816896293387	4057212.0	67.6202	3999.7	1920	1080	29.97	10	a63ef2b253f5cd55a57f9ca251035309	98a27768443910a2c614d99e724bdf16	1920	1080	20776.0	539.0	1694.0	23958.0	False	False	0.9954039037227631	0.9904358295499917
BarScene1_1920x1080_2997_10b	BarScene1_1920x1080_2997_10b	libaom	libaom_20191227_d0f0d3b_enc-mode0	60	43	0	282525.0	282.525	41.897166666666685	44.49316666666668	43.37933333333334	41.896409	44.493451	43.378989	90.98800877381521	2258869.0	37.647816666666664	2211.78	1920	1080	29.97	10	97b5b516a3b02777da3c34898e2e377c	fb6b816de91828634c7a62272f42e702	1920	1080	20705.0	589.0	1555.0	25575.0	False	False	0.9945921808481216	0.9893084819962077
BarScene1_1920x1080_2997_10b	BarScene1_1920x1080_2997_10b	libaom	libaom_20191227_d0f0d3b_enc-mode0	60	55	0	139767.0	139.767	41.169999999999995	44.15233333333335	43.08383333333331	41.16802500000001	44.152485	43.083322	88.00041152698184	1221596.0	20.359933333333334	1197.51	1920	1080	29.97	10	c0820262860e2a21d2b54204fe5439cc	e219856787e5c4baa0c1a84490c8a863	1920	1080	21325.0	575.0	1477.0	25068.0	False	False	0.9920746972163518	0.9863879771174449
BarScene1_1920x1080_2997_10b	BarScene1_1920x1080_2997_10b	libaom	libaom_20191227_d0f0d3b_enc-mode0	60	63	0	70688.0	70.688	39.84233333333332	43.17016666666668	42.377833333333335	39.829663	43.168577	42.376897	79.11940231512723	773422.0	12.890366666666667	756.58	1920	1080	29.97	10	d0b63bd466e10b7c16a3d5756e96fddf	d42f16243a558b4f47c46beadf95ff25	1920	1080	25453.0	696.0	1609.0	52591.0	False	False	0.9846896260976792	0.9796644495157796
Sintel_Dragons_1920x816_24_10b	Sintel_Dragons_1920x816_24_10b	libaom	libaom_20191227_d0f0d3b_enc-mode0	60	20	0	5031984.0	5031.984	47.03883333333333	51.637499999999974	51.71199999999999	46.975562	51.602254	51.651472	99.92265099058187	8842702.0	147.37836666666666	8818.44	1920	816	24.0	10	5fcd15f38dcbd1d50a4933f252389186	1e46b59e0ee7a4336fed1c06f5e203dc	1920	816	12536.0	424.0	3587.0	32714.0	False	False	0.9968520750602087	0.9969979242189636
Sintel_Dragons_1920x816_24_10b	Sintel_Dragons_1920x816_24_10b	libaom	libaom_20191227_d0f0d3b_enc-mode0	60	32	0	2633913.0	2633.913	44.015166666666666	49.339666666666666	49.258833333333314	43.95951	49.297998	49.189294	99.90078646383611	4967902.0	82.79836666666667	4927.86	1920	816	24.0	10	0f9008bc780b3774081e5ac4bd0187b8	0ec91e85bc959689e1f12a15e8717bbf	1920	816	11718.0	382.0	2816.0	17258.0	False	False	0.9943994144598644	0.9947767151241131
Sintel_Dragons_1920x816_24_10b	Sintel_Dragons_1920x816_24_10b	libaom	libaom_20191227_d0f0d3b_enc-mode0	60	43	0	1425459.0	1425.459	41.122166666666665	47.017	46.92016666666669	41.074623	46.967279	46.833643	98.1248600438713	3599462.0	59.991033333333334	3553.74	1920	816	24.0	10	2867115dfa7e308c561da95ccdd97326	bd58b409b34aa9823e252bed35bb987b	1920	816	11163.0	432.0	2739.0	16560.0	False	False	0.9893012295166651	0.9904508710874187
Sintel_Dragons_1920x816_24_10b	Sintel_Dragons_1920x816_24_10b	libaom	libaom_20191227_d0f0d3b_enc-mode0	60	55	0	765110.0	765.11	38.116333333333316	44.58333333333333	44.499166666666646	38.077753	44.53872	44.408483	88.22240979568348	2868442.0	47.80736666666667	2826.0	1920	816	24.0	10	edae7f2d720438fb0ce550fe4f39b233	fca99043ce7aaf5b07136b3218b8182d	1920	816	10284.0	433.0	2509.0	22202.0	False	False	0.9785295297702153	0.9816595472212658
Sintel_Dragons_1920x816_24_10b	Sintel_Dragons_1920x816_24_10b	libaom	libaom_20191227_d0f0d3b_enc-mode0	60	63	0	389513.0	389.513	34.78016666666667	41.854000000000006	41.683	34.729062	41.833975	41.612911000000004	69.81882843933393	2161786.0	36.02976666666667	2118.5	1920	816	24.0	10	d40bb9681c3c53f8f466b037b63590dc	f564421d12040d58ed79f021b446a465	1920	816	10566.0	446.0	1990.0	17224.0	False	False	0.9557271858056386	0.9631145147450396
DinnerScene_1920x1080_2997_10b	DinnerScene_1920x1080_2997_10b	libaom	libaom_20191227_d0f0d3b_enc-mode0	60	20	0	1918433.0	1918.433	41.86933333333332	42.64416666666667	47.5693333333333	41.86599	42.63060699999999	47.568543	91.54759500571927	31376756.0	522.9459333333333	31226.63	1920	1080	29.97	10	5e67da3126aea00344a035efc6c3f2b0	80082b2af3919e0fe966e8b3c14bf06d	1920	1080	21958.0	526.0	2766.0	23386.0	False	False	0.9943671107292176	0.988529184380161
DinnerScene_1920x1080_2997_10b	DinnerScene_1920x1080_2997_10b	libaom	libaom_20191227_d0f0d3b_enc-mode0	60	32	0	319817.0	319.817	41.661500000000004	42.29916666666665	47.44933333333332	41.661326	42.298251	47.44896000000001	90.16009687436352	7885872.0	131.4312	7810.22	1920	1080	29.97	10	09928b171344f60a917ad67cd37a47c7	ea1869868991ffc879eb9bdf4564d2b6	1920	1080	20570.0	555.0	2321.0	23535.0	False	False	0.9935555875301361	0.9876456704476214
DinnerScene_1920x1080_2997_10b	DinnerScene_1920x1080_2997_10b	libaom	libaom_20191227_d0f0d3b_enc-mode0	60	43	0	176732.0	176.732	41.43483333333333	42.233	47.26033333333331	41.434247	42.23224	47.260176	87.89787200730129	3648231.0	60.80385	3562.21	1920	1080	29.97	10	986a00ea10e9bf54b7cfc73d3c4d7108	5c7fbd1c4ea209563c18aad6266b4d3d	1920	1080	30450.0	768.0	2725.0	48782.0	False	False	0.992606050769488	0.9867265281862213
DinnerScene_1920x1080_2997_10b	DinnerScene_1920x1080_2997_10b	libaom	libaom_20191227_d0f0d3b_enc-mode0	60	55	0	101865.0	101.865	40.999500000000005	42.07533333333331	46.878000000000014	40.99907700000001	42.074779	46.877304	83.61694861793181	2136861.0	35.61435	2112.84	1920	1080	29.97	10	0b02bac7fbe1e488f771de8be47c662c	9c08d8cbdef64e5d9b36836b74da45bd	1920	1080	19432.0	531.0	1985.0	23514.0	False	False	0.9905037929614385	0.9848094179152831
DinnerScene_1920x1080_2997_10b	DinnerScene_1920x1080_2997_10b	libaom	libaom_20191227_d0f0d3b_enc-mode0	60	63	0	58535.0	58.535	39.95399999999999	41.571000000000026	45.91349999999999	39.949842	41.569378	45.910709	71.82514533486393	1756513.0	29.275216666666665	1715.84	1920	1080	29.97	10	20798e12a94cfde775cf984e57eb3b2c	8c962057426d6bdb85bdcbd827101b06	1920	1080	21759.0	577.0	1887.0	30353.0	False	False	0.9841093649466832	0.9792797253559399
RollerCoastPas_1920x1080_2997_10	RollerCoastPas_1920x1080_2997_10	libaom	libaom_20191227_d0f0d3b_enc-mode0	60	20	0	3407004.0	3407.004	45.26650000000003	45.41416666666666	43.97016666666668	45.264535	45.411928	43.957895	97.20376727091839	9558892.0	159.31486666666666	9405.76	1920	1080	29.97	10	3585b063952fd20156c7be6df667fab2	d85b839a535dd196e6917b8de0cd04b9	1920	1080	20115.0	536.0	2290.0	23549.0	False	False	0.9987265855073929	0.9970418928657953
RollerCoastPas_1920x1080_2997_10	RollerCoastPas_1920x1080_2997_10	libaom	libaom_20191227_d0f0d3b_enc-mode0	60	32	0	1549289.0	1549.289	44.33266666666666	44.80299999999999	43.25400000000002	44.331025	44.8036	43.252824	96.60061199960985	4018094.0	66.96823333333333	3972.0	1920	1080	29.97	10	44bc91f9a49d62d3f86c8e657cc4db61	37c163f178b3997e1d310e118efd21bf	1920	1080	19847.0	576.0	1937.0	26108.0	False	False	0.9983259439468384	0.9963665990550148
RollerCoastPas_1920x1080_2997_10	RollerCoastPas_1920x1080_2997_10	libaom	libaom_20191227_d0f0d3b_enc-mode0	60	43	0	876086.0	876.086	42.91950000000001	43.94300000000002	42.52100000000001	42.917523	43.942482	42.520836	95.38923271497772	2360936.0	39.348933333333335	2306.51	1920	1080	29.97	10	8cf347f85ee0531d3d5926aeff2b4bff	b9539de1456e04eabcb9c702f376a6f4	1920	1080	20888.0	590.0	1927.0	24133.0	False	False	0.9975366602341335	0.9950808808081277
RollerCoastPas_1920x1080_2997_10	RollerCoastPas_1920x1080_2997_10	libaom	libaom_20191227_d0f0d3b_enc-mode0	60	55	0	482170.0	482.17	40.76683333333334	42.453833333333336	41.23650000000001	40.764641	42.453149	41.235852	92.68709962472053	2006595.0	33.44325	1950.15	1920	1080	29.97	10	51be5fbb43719bf1b8da343ab9eb3364	28919c3db00487d04814bcc83a68b7e0	1920	1080	22119.0	553.0	1733.0	31141.0	False	False	0.9954658657312393	0.9920766921836169
RollerCoastPas_1920x1080_2997_10	RollerCoastPas_1920x1080_2997_10	libaom	libaom_20191227_d0f0d3b_enc-mode0	60	63	0	261736.0	261.736	37.56399999999999	40.07499999999998	39.11499999999999	37.536878	40.061296	39.102856	85.84183002042718	1289674.0	21.494566666666667	1256.45	1920	1080	29.97	10	607183fc50b00c19483bd421c97a3bda	9a9c0e946a8085bcf4bf51e3a2a7d5e0	1920	1080	21935.0	580.0	1679.0	24836.0	False	False	0.9887838621934255	0.9836008951118898
ToddlerFountn_1920x1080_2997_10b	ToddlerFountn_1920x1080_2997_10b	libaom	libaom_20191227_d0f0d3b_enc-mode0	60	20	0	55427840.0	55427.84	41.34700000000001	46.28150000000001	43.75316666666665	41.22232900000001	46.271798	43.728936	99.87095027348879	42170947.0	702.8491166666666	42142.91	1920	1080	29.97	10	54035c7d95625c5bdde92f1dd5b5528d	c2b41426becfa447dc0d201a7d286b50	1920	1080	22117.0	488.0	8883.0	23531.0	False	False	0.9979267587264379	0.995317261389425
ToddlerFountn_1920x1080_2997_10b	ToddlerFountn_1920x1080_2997_10b	libaom	libaom_20191227_d0f0d3b_enc-mode0	60	32	0	28214177.0	28214.177	37.243833333333335	44.936666666666646	41.926833333333335	37.092454	44.924842	41.903002	99.8625219071058	34571437.0	576.1906166666666	34306.4	1920	1080	29.97	10	469e1dcd8cfb16ad17303c5ca63fe4f1	c7465fd0b75f573a70b26973fa015883	1920	1080	21617.0	559.0	8462.0	24469.0	False	False	0.9935318509737651	0.9871342646648256
ToddlerFountn_1920x1080_2997_10b	ToddlerFountn_1920x1080_2997_10b	libaom	libaom_20191227_d0f0d3b_enc-mode0	60	43	0	12780931.0	12780.931	33.61450000000001	43.57083333333335	40.53733333333333	33.478165	43.561177	40.524389	90.16657912498262	21818944.0	363.64906666666667	21502.58	1920	1080	29.97	10	c2553a26dac54775877a88a42af61b05	553d176d89cb8048936d48d33a034934	1920	1080	33738.0	554.0	5963.0	25535.0	False	False	0.9804772009452184	0.9673594325317677
ToddlerFountn_1920x1080_2997_10b	ToddlerFountn_1920x1080_2997_10b	libaom	libaom_20191227_d0f0d3b_enc-mode0	60	55	0	5138237.0	5138.237	30.473833333333328	42.54700000000002	39.68533333333333	30.354978	42.543915	39.680514	69.80821621251532	15540336.0	259.0056	15498.72	1920	1080	29.97	10	2a0409e3e9ae5a2e58086305a3849f92	1e7190d5e71bbf611e8350d6d9e10c64	1920	1080	25993.0	563.0	4745.0	29480.0	False	False	0.946758117278417	0.9267699280594464
ToddlerFountn_1920x1080_2997_10b	ToddlerFountn_1920x1080_2997_10b	libaom	libaom_20191227_d0f0d3b_enc-mode0	60	63	0	1701815.0	1701.815	27.569499999999994	41.30383333333334	38.83599999999999	27.437141	41.297518	38.829474	42.99077137003664	8476613.0	141.27688333333333	8339.47	1920	1080	29.97	10	8322ab651cabf1f01196a987ac190c14	b9411ec4682e00365556ecec20ed66b3	1920	1080	22499.0	528.0	3149.0	23965.0	False	False	0.8739466458559036	0.8549279684232296
Cosmos1_1920x856_BT2100_PQ_24fps	Cosmos1_1920x856_BT2100_PQ_24fps	libaom	libaom_20191227_d0f0d3b_enc-mode0	60	20	0	21949142.0	21949.142	42.00033333333332	44.78150000000001	47.47116666666666	41.866851	44.73015	47.44937	99.36087269670703	20789516.0	346.49193333333335	20576.39	1920	856	24.0	10	f32c1eff66e0f1027d492d9bcd9c4b4f	016ef0af9ec9ad2d5333fc2bb01a9b14	1920	856	17406.0	381.0	6856.0	17390.0	False	False	0.9968384494384129	0.9960734300339393
Cosmos1_1920x856_BT2100_PQ_24fps	Cosmos1_1920x856_BT2100_PQ_24fps	libaom	libaom_20191227_d0f0d3b_enc-mode0	60	32	0	8633193.0	8633.193	38.120666666666665	42.82683333333333	45.898499999999984	37.968697	42.792223	45.877886	94.85176120136796	14201803.0	236.69671666666667	14130.3	1920	856	24.0	10	a1d455a826f4d4708a62849b2c806148	3557e235b42d83ac69cd414c52f00937	1920	856	16955.0	446.0	5012.0	17947.0	False	False	0.991728733976682	0.9906912161206758
Cosmos1_1920x856_BT2100_PQ_24fps	Cosmos1_1920x856_BT2100_PQ_24fps	libaom	libaom_20191227_d0f0d3b_enc-mode0	60	43	0	3381920.0	3381.92	35.4525	41.27250000000001	44.6095	35.367278000000006	41.242703	44.59368200000001	84.55377186937675	8535025.0	142.25041666666667	8360.06	1920	856	24.0	10	9c1d67eeb827614f749ce2f722bbeaf7	80d04cc604a27fdf5fa838ac3bf674f9	1920	856	29232.0	398.0	3272.0	23742.0	False	False	0.9808330118656159	0.9806527919429747
Cosmos1_1920x856_BT2100_PQ_24fps	Cosmos1_1920x856_BT2100_PQ_24fps	libaom	libaom_20191227_d0f0d3b_enc-mode0	60	55	0	1420185.0	1420.185	33.028833333333324	39.900833333333345	43.17499999999999	32.959137	39.882188	43.167872	67.51031048316351	5995588.0	99.92646666666667	5871.51	1920	856	24.0	10	60d7ef00a0b24ddf732e058f3b4f067b	59b9bfe2339fd2209a1699351ca3a07a	1920	856	18799.0	415.0	2993.0	18048.0	False	False	0.9551504055658976	0.9587840616811973
Cosmos1_1920x856_BT2100_PQ_24fps	Cosmos1_1920x856_BT2100_PQ_24fps	libaom	libaom_20191227_d0f0d3b_enc-mode0	60	63	0	509558.0	509.558	30.30083333333333	38.254	41.10816666666667	30.247057	38.248743	41.104899	43.50261336959724	3367212.0	56.1202	3326.47	1920	856	24.0	10	518fb7f418baad9603b9a0aaf3305222	a5d069bb13a6873ed8b5a307576e9994	1920	856	17604.0	491.0	2174.0	18781.0	False	False	0.888772710164388	0.9043582673881038
Market3_1920x1080p_50_10b_pq_709	Market3_1920x1080p_50_10b_pq_709	libaom	libaom_20191227_d0f0d3b_enc-mode0	60	20	0	11523653.0	11523.653	45.06366666666667	50.79500000000001	51.70949999999998	45.043367	50.792921	51.707586	99.86979219499213	9953011.0	165.88351666666668	9771.71	1920	1080	50.0	10	a82392f5e27360693da3f392ecd38bde	8f4653f7e163064f9af6f2f76efe98ca	1920	1080	20215.0	542.0	3682.0	23783.0	False	False	0.9992522825797399	0.9982816971870203
Market3_1920x1080p_50_10b_pq_709	Market3_1920x1080p_50_10b_pq_709	libaom	libaom_20191227_d0f0d3b_enc-mode0	60	32	0	6164966.0	6164.966	42.381833333333326	48.8406666666667	49.943333333333314	42.358355	48.838971	49.940236	98.9984373051859	6636146.0	110.60243333333334	6528.12	1920	1080	50.0	10	c4f3badd1358eddbf4f86123023eb237	199c48e407502b4b1b1d7473fe6a56a4	1920	1080	21226.0	554.0	3215.0	23730.0	False	False	0.9986252655585607	0.99689889161098
Market3_1920x1080p_50_10b_pq_709	Market3_1920x1080p_50_10b_pq_709	libaom	libaom_20191227_d0f0d3b_enc-mode0	60	43	0	3541173.0	3541.173	39.82033333333334	47.19333333333334	48.47183333333332	39.798699000000006	47.189754	48.465032	96.07126548036862	4862738.0	81.04563333333333	4800.27	1920	1080	50.0	10	3cbfddd1c6c6c34b8298f0c02d5c2720	ec40fed951cdd3c96e2e76c8ea84f1eb	1920	1080	21189.0	571.0	2995.0	23791.0	False	False	0.9972519457340241	0.9940649443013642
Market3_1920x1080p_50_10b_pq_709	Market3_1920x1080p_50_10b_pq_709	libaom	libaom_20191227_d0f0d3b_enc-mode0	60	55	0	1894633.0	1894.633	36.94216666666668	45.37533333333334	46.83483333333333	36.921262	45.365698	46.822557	90.60757258005562	3232158.0	53.8693	3207.28	1920	1080	50.0	10	a42b6748841213fec2f14556266729bb	540a2eebad08ecc13efc3edd6d80975f	1920	1080	22006.0	674.0	3119.0	29244.0	False	False	0.9933054943879446	0.9867858071143092
Market3_1920x1080p_50_10b_pq_709	Market3_1920x1080p_50_10b_pq_709	libaom	libaom_20191227_d0f0d3b_enc-mode0	60	63	0	924046.0	924.046	33.87700000000001	43.40183333333332	44.86116666666665	33.840735	43.373025	44.813632	79.54892733160109	2524428.0	42.0738	2464.3	1920	1080	50.0	10	20b68e1baad87ebffd1d3de68fa8e94a	c9ba0f34a800a7f1ae0f7b40027a457a	1920	1080	21047.0	564.0	2483.0	23953.0	False	False	0.9810753484567006	0.9690705368278733
ShowGirl2TeaserClip4000_1920x108	ShowGirl2TeaserClip4000_1920x108	libaom	libaom_20191227_d0f0d3b_enc-mode0	60	20	0	3197663.0	3197.663	42.49083333333333	46.58716666666665	49.33749999999999	42.482612	46.58667	49.337517	95.47596827350964	20873797.0	347.89661666666666	20578.86	1920	1080	25.0	10	ba4b45233975a48547ec8ba9170ddcf3	3db7b37346350893f39aef9182e8048c	1920	1080	19743.0	523.0	2956.0	23576.0	False	False	0.9962767074505489	0.9917449671673056
ShowGirl2TeaserClip4000_1920x108	ShowGirl2TeaserClip4000_1920x108	libaom	libaom_20191227_d0f0d3b_enc-mode0	60	32	0	1233066.0	1233.066	41.678833333333344	46.12266666666666	48.53816666666665	41.674477	46.121588	48.53792	93.49517373319439	6644797.0	110.74661666666667	6616.54	1920	1080	25.0	10	8b4a1d1865141862b946df57b9f59f83	43187422ccd0d5ed1ca6ec46bfcc5e08	1920	1080	20684.0	536.0	2591.0	24165.0	False	False	0.9951127876838048	0.9901934602114351
ShowGirl2TeaserClip4000_1920x108	ShowGirl2TeaserClip4000_1920x108	libaom	libaom_20191227_d0f0d3b_enc-mode0	60	43	0	690850.0	690.85	40.70416666666669	45.601999999999975	47.69316666666667	40.69157400000001	45.600724	47.693146	90.56021315592378	3270411.0	54.50685	3207.61	1920	1080	25.0	10	7976247f273247009cd702a0080c9c70	2ed89ee9904d38a049a16b42e3587408	1920	1080	19216.0	543.0	2258.0	23657.0	False	False	0.9933396975199381	0.9881411304520622
ShowGirl2TeaserClip4000_1920x108	ShowGirl2TeaserClip4000_1920x108	libaom	libaom_20191227_d0f0d3b_enc-mode0	60	55	0	377493.0	377.493	39.15649999999999	44.75716666666666	46.52116666666664	39.132058	44.75655100000001	46.521105	84.77453518546662	2223095.0	37.05158333333333	2166.89	1920	1080	25.0	10	1819361b4672dd5c214352bec77eac10	283dc38b08c349ba1c2785eed19c50c1	1920	1080	20352.0	959.0	2209.0	24338.0	False	False	0.9893124351898829	0.9837628138090289
ShowGirl2TeaserClip4000_1920x108	ShowGirl2TeaserClip4000_1920x108	libaom	libaom_20191227_d0f0d3b_enc-mode0	60	63	0	211156.0	211.156	37.01183333333332	43.01683333333332	45.01599999999998	36.958948	43.006619	44.995520000000006	74.48386054353423	1338546.0	22.3091	1306.51	1920	1080	25.0	10	d5fb03b19650cc5f3fb93529d2b3e1b9	4d516b53ed93b15ad9b07d0176dd35b1	1920	1080	20799.0	534.0	1868.0	23591.0	False	False	0.9797901054223378	0.9742005523464544
Starting_1920x1080p_50_10b_pq_70	Starting_1920x1080p_50_10b_pq_70	libaom	libaom_20191227_d0f0d3b_enc-mode0	60	20	0	4803120.0	4803.12	47.19316666666665	49.89800000000001	51.62833333333333	47.148285	49.85087	51.561269	96.98704592112946	6618182.0	110.30303333333333	6532.78	1920	1080	50.0	10	b22daaf56f21d7c9d5e33af67906711f	5d65e11f4cf3b397d91455c4c08440e3	1920	1080	18331.0	546.0	2446.0	23667.0	False	False	0.9992816358804703	0.9982535940970819
Starting_1920x1080p_50_10b_pq_70	Starting_1920x1080p_50_10b_pq_70	libaom	libaom_20191227_d0f0d3b_enc-mode0	60	32	0	2497653.0	2497.653	45.83916666666668	48.76216666666666	50.078499999999984	45.800867	48.74003	50.052568	96.07109319689427	3224679.0	53.74465	3192.03	1920	1080	50.0	10	d18f6634d90c0f9f9d5f783ce9a4760c	66d9e3a58a6e8d8df96d24ca57560b31	1920	1080	21382.0	533.0	1717.0	24814.0	False	False	0.9988059798876444	0.9975239314836911
Starting_1920x1080p_50_10b_pq_70	Starting_1920x1080p_50_10b_pq_70	libaom	libaom_20191227_d0f0d3b_enc-mode0	60	43	0	1471760.0	1471.76	44.196000000000005	47.39983333333331	48.28816666666667	44.164906	47.394763	48.282325	94.52274578131974	1827122.0	30.452033333333333	1810.96	1920	1080	50.0	10	8ea7ad832f2d72bdc685c5d4fe9461c6	1ac32e71ad6763d1c4f6cceaa86b6b16	1920	1080	20909.0	487.0	1881.0	24711.0	False	False	0.9980809291203817	0.9965065233245244
Starting_1920x1080p_50_10b_pq_70	Starting_1920x1080p_50_10b_pq_70	libaom	libaom_20191227_d0f0d3b_enc-mode0	60	55	0	782046.0	782.046	41.39683333333333	45.451333333333345	45.861833333333315	41.383463	45.451372	45.861599	90.51908689284082	1543936.0	25.732266666666668	1506.83	1920	1080	50.0	10	f57570dac463309015f2abb7a2570d37	ec525b81feda075521a619282be87a78	1920	1080	19531.0	569.0	1919.0	35605.0	False	False	0.9958482484022776	0.9934695550967942
Starting_1920x1080p_50_10b_pq_70	Starting_1920x1080p_50_10b_pq_70	libaom	libaom_20191227_d0f0d3b_enc-mode0	60	63	0	383640.0	383.64	37.2395	42.91716666666663	43.19783333333333	37.214434	42.908106	43.189541	79.05951639838428	1469215.0	24.486916666666666	1444.19	1920	1080	50.0	10	7e50f4020be2f1d0dd90aec8ac6f2269	cb0e9c47df25220bb6ec0c85db2d2722	1920	1080	18879.0	598.0	1820.0	24039.0	False	False	0.9878621578216553	0.9831002257828287
DOTA2_60f_420	DOTA2_60f_420	libaom	libaom_20191227_d0f0d3b_enc-mode0	60	20	0	14918528.0	14918.528	45.45249999999999	48.987999999999985	49.182	45.401837	48.93764	49.165808	97.59277499276482	6897798.0	114.9633	6874.2	1920	1080	60.0	8	d2ce656e06cc4e9fe61e74c21339b232	2916200f036325571a33c37f72958c42	1920	1080	12911.0	282.0	2225.0	46824.0	False	False	0.9986772815386454	0.9973975344240446
DOTA2_60f_420	DOTA2_60f_420	libaom	libaom_20191227_d0f0d3b_enc-mode0	60	32	0	7398984.0	7398.984	42.95066666666667	46.74783333333334	47.096333333333334	42.886724	46.686464	47.079806	95.68535502463196	4342680.0	72.378	4294.01	1920	1080	60.0	8	bf6440fb4db898ed3ee655b2d36237c9	97635affcff2954fa70b6e146d53e691	1920	1080	14465.0	302.0	1980.0	47552.0	False	False	0.9974418858687083	0.9951475025284593
DOTA2_60f_420	DOTA2_60f_420	libaom	libaom_20191227_d0f0d3b_enc-mode0	60	43	0	3777408.0	3777.408	40.413166666666676	44.46333333333333	44.88316666666666	40.350109	44.40197	44.866991	92.38124835043251	2700061.0	45.001016666666665	2677.94	1920	1080	60.0	8	842cdb108f65fe34589c6ba364d278c8	72cacd560c3844e46224d6a2a4b48db0	1920	1080	14418.0	305.0	1549.0	25412.0	False	False	0.9946026464303335	0.9905991677788019
DOTA2_60f_420	DOTA2_60f_420	libaom	libaom_20191227_d0f0d3b_enc-mode0	60	55	0	1865736.0	1865.736	37.733333333333334	42.10150000000001	42.51133333333333	37.662095	42.023758	42.497883	85.95495519333127	1812406.0	30.206766666666667	1805.69	1920	1080	60.0	8	1063d09dff3699ff206230390aba2112	d06dabd0046902aa9f45278db788b78a	1920	1080	15304.0	327.0	1447.0	25858.0	False	False	0.9867046306530635	0.980591077544862
DOTA2_60f_420	DOTA2_60f_420	libaom	libaom_20191227_d0f0d3b_enc-mode0	60	63	0	936416.0	936.416	34.88250000000001	39.422999999999995	39.81433333333334	34.800526	39.335496	39.783792	72.8659352240443	1156373.0	19.272883333333333	1130.15	1920	1080	60.0	8	1e6f4e3a70432df0cccd14f6f93c4f91	cda67f68b6a6a4304a9cb98fac0ce3ba	1920	1080	11353.0	287.0	1099.0	24160.0	False	False	0.9629387348890305	0.9568501187630734
KristenAndSara_1280x720_60f	KristenAndSara_1280x720_60f	libaom	libaom_20191227_d0f0d3b_enc-mode0	60	20	0	3243072.0	3243.072	44.692	49.07199999999999	49.96949999999999	44.681105	49.068025	49.967402	96.94508434784743	3683985.0	61.39975	3642.49	1280	720	60.0	8	bfff12809bd91493fc4c184a13b55dcf	bfbbcca4555dd3554275dd24278bc832	1280	720	5428.0	134.0	790.0	10077.0	False	False	0.9960555771986643	0.9955025191847147
KristenAndSara_1280x720_60f	KristenAndSara_1280x720_60f	libaom	libaom_20191227_d0f0d3b_enc-mode0	60	32	0	1377888.0	1377.888	43.64416666666666	48.43216666666667	49.3315	43.633287	48.429853	49.328771	96.23264400103146	1668175.0	27.80291666666667	1663.26	1280	720	60.0	8	f8bc3958a106adc75bf2838af5a0a0ed	8d288d57ab9943d8a11758428e0c0068	1280	720	10145.0	153.0	587.0	19897.0	False	False	0.9948959032694499	0.9944553191495902
KristenAndSara_1280x720_60f	KristenAndSara_1280x720_60f	libaom	libaom_20191227_d0f0d3b_enc-mode0	60	43	0	773944.0	773.944	42.55616666666667	47.54700000000002	48.42566666666666	42.544096	47.544561	48.423637	94.89816798287748	824587.0	13.743116666666667	811.83	1280	720	60.0	8	378b6a6c9dafb7e3fd61ed56eece1046	19a532d9ef1787662ee1425256e9f1d3	1280	720	5245.0	200.0	728.0	13071.0	False	False	0.9932568540175756	0.9930382454722131
KristenAndSara_1280x720_60f	KristenAndSara_1280x720_60f	libaom	libaom_20191227_d0f0d3b_enc-mode0	60	55	0	421704.0	421.704	40.781666666666645	45.818	46.80116666666666	40.771145	45.817135	46.799296	92.0191640002772	491094.0	8.1849	483.29	1280	720	60.0	8	01323c5e427189564a80a16aa963d954	a603443ebc766f6c5cfd1e34a24fd0b6	1280	720	4914.0	138.0	373.0	10036.0	False	False	0.98962877591451	0.9900306331164079
KristenAndSara_1280x720_60f	KristenAndSara_1280x720_60f	libaom	libaom_20191227_d0f0d3b_enc-mode0	60	63	0	233896.0	233.896	38.157	43.514	44.56950000000002	38.139019	43.500882	44.5512	85.86013617730754	298038.0	4.9673	294.45	1280	720	60.0	8	70b437b156786c669aaf3b9471f7af0a	a172771b49ab4285afba6b862bd2611f	1280	720	5131.0	146.0	431.0	10517.0	False	False	0.9806238840023677	0.9827911161064308
MINECRAFT_60f_420	MINECRAFT_60f_420	libaom	libaom_20191227_d0f0d3b_enc-mode0	60	20	0	75743880.0	75743.88000000002	42.89966666666667	45.6765	46.02033333333333	42.740711	45.555151	45.923337999999994	99.92357415631878	15962286.0	266.0381	15918.54	1920	1080	60.0	8	a55e71c96c2da6a8e40518bfe53ce42d	f68ce15c4cf08da90131e40bef4202cd	1920	1080	12891.0	269.0	8409.0	22779.0	False	False	0.9979987700780233	0.9966618092858942
MINECRAFT_60f_420	MINECRAFT_60f_420	libaom	libaom_20191227_d0f0d3b_enc-mode0	60	32	0	42470128.0	42470.128	38.437666666666665	43.89866666666667	44.101166666666664	38.19327	43.807642	44.024418	99.85132418937637	13820105.0	230.33508333333333	13652.48	1920	1080	60.0	8	da9e228be9196400c0ef0b66e891fc79	efed8e5657eb138514020b9d228ffd2e	1920	1080	17253.0	286.0	7741.0	30901.0	False	False	0.9947203814983367	0.9911339722086737
MINECRAFT_60f_420	MINECRAFT_60f_420	libaom	libaom_20191227_d0f0d3b_enc-mode0	60	43	0	18427824.0	18427.824	34.29233333333333	42.31433333333332	42.308	34.065849	42.248379	42.247504	95.02273538814912	10469224.0	174.48706666666666	10447.22	1920	1080	60.0	8	cec7a466af32b499e707d23dce030ac0	08524e5ea58dcf4b90b7c874148bbe6d	1920	1080	12996.0	361.0	5497.0	28043.0	False	False	0.9857894470294316	0.9773526239327529
MINECRAFT_60f_420	MINECRAFT_60f_420	libaom	libaom_20191227_d0f0d3b_enc-mode0	60	55	0	7208608.0	7208.607999999999	31.28466666666666	40.55183333333331	40.40466666666667	31.14247	40.511104	40.352503	81.48801138096607	7176201.0	119.60335	7155.28	1920	1080	60.0	8	601a9213c823a9d48757e553e1bfd929	67f66ed1d51a8b3e46347a003ed8f3dd	1920	1080	13248.0	272.0	2859.0	23471.0	False	False	0.9647777686516444	0.9494366416415283
MINECRAFT_60f_420	MINECRAFT_60f_420	libaom	libaom_20191227_d0f0d3b_enc-mode0	60	63	0	2448072.0	2448.072	28.50216666666666	38.578833333333336	38.375166666666665	28.407787	38.564345	38.352921	59.23109668389818	4006641.0	66.77735	3983.18	1920	1080	60.0	8	d5ef09561cadbfcdc74b5fc4339ffecf	f197f9fa65698ec041178c1f3bf6d89e	1920	1080	12970.0	265.0	1704.0	23817.0	False	False	0.9076773593823115	0.8886831280118688
Netflix_Aerial_1920x1080_60fps_8	Netflix_Aerial_1920x1080_60fps_8	libaom	libaom_20191227_d0f0d3b_enc-mode0	60	20	0	19830768.0	19830.768	42.76116666666667	45.474000000000004	45.19866666666667	42.727195	45.467267	45.195858	96.79386052248857	11450185.0	190.83641666666668	11358.07	1920	1080	60.0	8	49654cf3a4d597e13f4b5c2ad128b346	7e3361f27ae44e2c58b6805214c3d1cb	1920	1080	12973.0	267.0	2925.0	23862.0	False	False	0.9979671984910965	0.9965586860570298
Netflix_Aerial_1920x1080_60fps_8	Netflix_Aerial_1920x1080_60fps_8	libaom	libaom_20191227_d0f0d3b_enc-mode0	60	32	0	10357056.0	10357.056	40.903	44.28633333333334	44.284666666666666	40.844624	44.279032	44.280557	94.6129516768826	7068100.0	117.80166666666666	6948.85	1920	1080	60.0	8	ede5399fec1e660e046459b3842d3919	d4f6353723ee0f6289098d2c599a10d9	1920	1080	12757.0	265.0	2172.0	23651.0	False	False	0.9966084092855454	0.994538066270254
Netflix_Aerial_1920x1080_60fps_8	Netflix_Aerial_1920x1080_60fps_8	libaom	libaom_20191227_d0f0d3b_enc-mode0	60	43	0	5351776.0	5351.776	38.584166666666675	42.717166666666664	43.18416666666665	38.527788	42.712492	43.178901	91.36276836865584	4448637.0	74.14395	4391.89	1920	1080	60.0	8	769ba95c5cdd8fcca3fd081af47fe82a	b4e31501ec43f8372dac2991d304e781	1920	1080	12724.0	251.0	1517.0	46973.0	False	False	0.9942010700702667	0.9905459203016399
Netflix_Aerial_1920x1080_60fps_8	Netflix_Aerial_1920x1080_60fps_8	libaom	libaom_20191227_d0f0d3b_enc-mode0	60	55	0	2565280.0	2565.28	35.81766666666667	40.942666666666675	42.02583333333334	35.782177	40.934159	42.015297	85.15876538827901	2719673.0	45.32788333333333	2671.9	1920	1080	60.0	8	e3a2a4289669fc846950949218f9e95d	57e6babba535ae036da4e458cd856548	1920	1080	12917.0	285.0	1408.0	24178.0	False	False	0.9885940472284953	0.9809971323973775
Netflix_Aerial_1920x1080_60fps_8	Netflix_Aerial_1920x1080_60fps_8	libaom	libaom_20191227_d0f0d3b_enc-mode0	60	63	0	1099216.0	1099.216	32.59116666666667	39.16566666666665	40.94283333333333	32.542991	39.126468	40.917887	71.0609955712436	1803691.0	30.061516666666666	1775.62	1920	1080	60.0	8	677f226f054b95f8976078cb68625fa9	d46b03262466aa5489b8639c91af7e86	1920	1080	16882.0	328.0	1605.0	62642.0	False	False	0.9701426525910696	0.9524987238349159
STARCRAFT_60f_420	STARCRAFT_60f_420	libaom	libaom_20191227_d0f0d3b_enc-mode0	60	20	0	7174472.0	7174.472	50.224166666666655	53.20116666666666	53.25083333333334	50.213266	53.191159	53.244597	97.58238026066184	2587540.0	43.12566666666667	2521.69	1920	1080	60.0	8	8e41077df5b50e6448c307a2ae523c74	585d788ccd1fbdefcfddd1388852c1ea	1920	1080	10400.0	290.0	1138.0	29339.0	False	False	0.9995994289716085	0.9992227669163031
STARCRAFT_60f_420	STARCRAFT_60f_420	libaom	libaom_20191227_d0f0d3b_enc-mode0	60	32	0	4294392.0	4294.392	47.155333333333346	51.04266666666667	51.20483333333333	47.141141	51.029506	51.198277	96.90690561350672	1365734.0	22.762233333333334	1340.44	1920	1080	60.0	8	572ecbee5ba82914bcba6c2d1058fdc1	87450b2a420d52eeb8059bfa526a0474	1920	1080	10372.0	322.0	1085.0	23664.0	False	False	0.999142982562383	0.9984344071097768
STARCRAFT_60f_420	STARCRAFT_60f_420	libaom	libaom_20191227_d0f0d3b_enc-mode0	60	43	0	2504096.0	2504.096	43.80216666666665	48.47933333333333	48.78183333333334	43.787769	48.467653	48.777132	95.40204781452391	1062377.0	17.70628333333333	1043.55	1920	1080	60.0	8	c28e165b336b7803febe8e00f25e084c	c28669fbfe86fb9ac4787efc2f263341	1920	1080	16741.0	295.0	1106.0	40788.0	False	False	0.9979966163635254	0.9966005811837301
STARCRAFT_60f_420	STARCRAFT_60f_420	libaom	libaom_20191227_d0f0d3b_enc-mode0	60	55	0	1338400.0	1338.4	40.06633333333333	45.69433333333333	46.02216666666667	40.055799	45.686367	46.01965400000001	92.24876636539943	872597.0	14.543283333333333	863.41	1920	1080	60.0	8	6570262b00db86970a022a237fc40999	b62e78be0d5bd6a9852156f2a098e992	1920	1080	12346.0	258.0	854.0	24014.0	False	False	0.9948213775952657	0.9921362481670006
STARCRAFT_60f_420	STARCRAFT_60f_420	libaom	libaom_20191227_d0f0d3b_enc-mode0	60	63	0	675104.0	675.104	35.84149999999999	42.224999999999994	42.46199999999998	35.816657	42.218769	42.453532	83.85449671817358	742570.0	12.376166666666666	726.83	1920	1080	60.0	8	1c562296aa76b5733fd9d1d8b64be654	0c4c7d813429b7bf97fed41c9de26bf4	1920	1080	11754.0	285.0	773.0	24354.0	False	False	0.9850330183903376	0.9801202675274036
Netflix_Boat_1920x1080_60fps_8bi	Netflix_Boat_1920x1080_60fps_8bi	libaom	libaom_20191227_d0f0d3b_enc-mode0	60	20	0	25813688.0	25813.688	43.537499999999994	45.68566666666666	47.104499999999994	43.518412	45.672266	47.097011	99.91382373378923	9443475.0	157.39125	9421.49	1920	1080	60.0	8	b3e95afbcc53f5682e5f49d7b7b01461	a4b19ab35e97cfd6e925d5c4e5c7f750	1920	1080	13808.0	286.0	3129.0	34834.0	False	False	0.9993222574392955	0.9985746035180745
Netflix_Boat_1920x1080_60fps_8bi	Netflix_Boat_1920x1080_60fps_8bi	libaom	libaom_20191227_d0f0d3b_enc-mode0	60	32	0	14426608.0	14426.608	40.89433333333333	43.95666666666667	44.913	40.86769	43.942832	44.906389	99.59122081681662	6854319.0	114.23865	6780.08	1920	1080	60.0	8	8b880cc98ae499e192521ca8dce5f91e	fdffbb5fbeb472a20b7630cce0a09504	1920	1080	13405.0	282.0	2459.0	26515.0	False	False	0.9988138397534688	0.9974703347087047
Netflix_Boat_1920x1080_60fps_8bi	Netflix_Boat_1920x1080_60fps_8bi	libaom	libaom_20191227_d0f0d3b_enc-mode0	60	43	0	8470024.0	8470.024	38.13766666666667	42.532166666666654	43.188500000000005	38.097813	42.519382	43.184901	96.20170290908663	4432049.0	73.86748333333334	4343.31	1920	1080	60.0	8	e6a2427baae7f9b8117e5279f90da588	ac583aef2407fb06a25d561f091290d5	1920	1080	16687.0	282.0	1934.0	45638.0	False	False	0.9976966400941213	0.9951535485705729
Netflix_Boat_1920x1080_60fps_8bi	Netflix_Boat_1920x1080_60fps_8bi	libaom	libaom_20191227_d0f0d3b_enc-mode0	60	55	0	4740528.0	4740.528	35.04533333333334	40.92700000000001	41.3735	34.989163	40.91481	41.369834	89.6689990842219	3075502.0	51.25836666666667	3068.05	1920	1080	60.0	8	b7d9b096b1a1c665834667ecb38a99d3	2db94aea9896ca990d921be11080e908	1920	1080	13373.0	291.0	1817.0	38187.0	False	False	0.9946844766537348	0.989509784521185
Netflix_Boat_1920x1080_60fps_8bi	Netflix_Boat_1920x1080_60fps_8bi	libaom	libaom_20191227_d0f0d3b_enc-mode0	60	63	0	2537048.0	2537.048	31.857000000000006	39.074166666666656	39.56616666666665	31.780979	39.06909699999999	39.540331	78.67070774799211	2494145.0	41.56908333333333	2463.44	1920	1080	60.0	8	4dc5ca58f60661bdea340e52a71ed5f1	d1d13b2e37aab17042aadb58d525d0a3	1920	1080	15007.0	280.0	1432.0	23967.0	False	False	0.9864881585041682	0.9758377232500964
aspen_1080p_60f	aspen_1080p_60f	libaom	libaom_20191227_d0f0d3b_enc-mode0	60	20	0	7049229.0	7049.229	43.86900000000001	48.03566666666665	49.22533333333333	43.839608	48.032986	49.222946	97.73225597774778	12701378.0	211.68963333333335	12665.2	1920	1080	29.97	8	224e01180c974a9c5743c9d6b28a2e7c	05def0f6811b9b8866fcd459603fd9c0	1920	1080	13637.0	279.0	2671.0	41692.0	False	False	0.9959649125734965	0.9923481073267569
aspen_1080p_60f	aspen_1080p_60f	libaom	libaom_20191227_d0f0d3b_enc-mode0	60	32	0	2269488.0	2269.488	42.26933333333334	47.03816666666668	48.10616666666665	42.255256	47.035454	48.102989	94.36621658094357	6944083.0	115.73471666666667	6749.47	1920	1080	29.97	8	93bf0bacf1f75e8781fda012bbf99832	db652d937e67c9077cf16f02fa69c79b	1920	1080	20609.0	364.0	2907.0	77554.0	False	False	0.9942892034848531	0.9900217240967074
aspen_1080p_60f	aspen_1080p_60f	libaom	libaom_20191227_d0f0d3b_enc-mode0	60	43	0	1046871.0	1046.871	41.0095	45.83816666666668	46.77449999999999	40.994114	45.83481100000001	46.770155	90.0113438455846	1987895.0	33.13158333333333	1965.94	1920	1080	29.97	8	22de72e87193fc3d888d78a42c587858	192f2a736e3127670137dce6c3b3a8ec	1920	1080	8622.0	256.0	1457.0	22926.0	False	False	0.9918652554353078	0.9872709017713107
aspen_1080p_60f	aspen_1080p_60f	libaom	libaom_20191227_d0f0d3b_enc-mode0	60	55	0	522246.0	522.246	39.21916666666666	44.21516666666666	44.845666666666666	39.19414199999999	44.210485	44.838125	82.37362092778605	1189651.0	19.827516666666668	1174.07	1920	1080	29.97	8	b914851cf0f35697b9ef14a3e2d5f466	d7c628ea4313d693194d815b772337e7	1920	1080	8983.0	264.0	1349.0	22994.0	False	False	0.9861339737971624	0.9813650901769877
aspen_1080p_60f	aspen_1080p_60f	libaom	libaom_20191227_d0f0d3b_enc-mode0	60	63	0	255407.0	255.407	36.52483333333335	41.84383333333333	42.37433333333332	36.475984	41.83156900000001	42.356085	66.77606459494726	877532.0	14.625533333333333	869.14	1920	1080	29.97	8	5299d2b793c58e816b65deb5c9fe180e	3c2eb68daf1b0c65cf63093759cf89e3	1920	1080	9747.0	299.0	1212.0	26122.0	False	False	0.9685119599103927	0.9651773811499399
Netflix_Crosswalk_1920x1080_60fp	Netflix_Crosswalk_1920x1080_60fp	libaom	libaom_20191227_d0f0d3b_enc-mode0	60	20	0	7415456.0	7415.456	45.57566666666666	48.349500000000006	50.213499999999996	45.547263	48.341713	50.204177	99.0659347751501	6606412.0	110.10686666666666	6574.34	1920	1080	60.0	8	db77f99c467f216c8f001ff19a516dcc	01e55837e35719861210f2a212982cb1	1920	1080	8988.0	236.0	1904.0	23046.0	False	False	0.9976530651251475	0.995771688851974
Netflix_Crosswalk_1920x1080_60fp	Netflix_Crosswalk_1920x1080_60fp	libaom	libaom_20191227_d0f0d3b_enc-mode0	60	32	0	3861192.0	3861.192	44.36466666666667	47.59366666666666	49.41116666666667	44.324858	47.585	49.402735	95.91071146051091	3273958.0	54.56596666666667	3233.57	1920	1080	60.0	8	10bdc6e80cae192e5a72a351867e09d3	7db753e69e225f93ec3dc86c21ef2084	1920	1080	15456.0	289.0	1902.0	44455.0	False	False	0.9961080412069957	0.9940846529036584
Netflix_Crosswalk_1920x1080_60fp	Netflix_Crosswalk_1920x1080_60fp	libaom	libaom_20191227_d0f0d3b_enc-mode0	60	43	0	2068920.0	2068.92	42.75516666666666	46.634333333333345	48.38549999999999	42.681655	46.623843	48.37684	90.33774624418922	1907631.0	31.79385	1865.52	1920	1080	60.0	8	4a01a17eae1c9dd0caaa263117ef038b	bd9f02cecb6ff3beb4ad8506d34c2bd7	1920	1080	16438.0	286.0	1740.0	47608.0	False	False	0.9928023268779119	0.9908954529052866
Netflix_Crosswalk_1920x1080_60fp	Netflix_Crosswalk_1920x1080_60fp	libaom	libaom_20191227_d0f0d3b_enc-mode0	60	55	0	1072568.0	1072.568	40.55783333333334	45.27800000000001	46.91133333333334	40.449657	45.26686	46.900469	80.12045851138559	1294750.0	21.579166666666666	1277.86	1920	1080	60.0	8	d3c2d8762c1ed58df43a20bcb434b047	0e0f9229f97c302f6d29b434dea05ee0	1920	1080	16133.0	288.0	1484.0	47699.0	False	False	0.9851132452487945	0.984129242172351
Netflix_Crosswalk_1920x1080_60fp	Netflix_Crosswalk_1920x1080_60fp	libaom	libaom_20191227_d0f0d3b_enc-mode0	60	63	0	545096.0	545.096	37.75366666666666	43.43366666666667	44.955666666666694	37.615865	43.421355999999996	44.935727	63.57350727115345	852248.0	14.204133333333333	848.66	1920	1080	60.0	8	d24e9af6f5fe2241875838c5a88d3f22	baed8fa262285ea7c86a528357896aa5	1920	1080	8986.0	265.0	1200.0	22902.0	False	False	0.9674792408943176	0.969689405840699
blue_sky_360p_60f	blue_sky_360p_60f	libaom	libaom_20191227_d0f0d3b_enc-mode0	60	20	0	1122793.0	1122.793	44.01466666666667	45.05333333333335	46.55016666666666	43.950205	45.011122	46.521753	99.94431415166395	798886.0	13.314766666666667	790.06	640	360	25.0	8	99dd1caf27a16d1fea661bf9b1b8fa5b	a398fe3e154f477b398143e531070d3e	640	360	1901.0	103.0	431.0	3187.0	False	False	0.992350215713183	0.9984845744685724
blue_sky_360p_60f	blue_sky_360p_60f	libaom	libaom_20191227_d0f0d3b_enc-mode0	60	32	0	565943.0	565.943	41.04150000000001	42.406333333333336	43.88300000000001	40.974426	42.374697	43.86666	99.9257834939681	554113.0	9.235216666666666	549.78	640	360	25.0	8	8f6429730279077138a4703cecaa8812	23f749c2afbfbff30b2fb4db64a4fa6a	640	360	2106.0	72.0	303.0	9323.0	False	False	0.9886907051006953	0.9976454048598009
blue_sky_360p_60f	blue_sky_360p_60f	libaom	libaom_20191227_d0f0d3b_enc-mode0	60	43	0	320376.0	320.376	38.399666666666675	40.136833333333335	41.63566666666667	38.322520000000004	40.101524	41.623719	99.34436150281174	302500.0	5.041666666666667	298.12	640	360	25.0	8	170af72696aadf7d4fb5f2717b1cb004	89610a1a79b76fc012e5adb3f8b0cc73	640	360	2276.0	70.0	278.0	2978.0	False	False	0.9829285711050033	0.996151323899883
blue_sky_360p_60f	blue_sky_360p_60f	libaom	libaom_20191227_d0f0d3b_enc-mode0	60	55	0	178173.0	178.17300000000003	35.5375	37.46449999999998	39.37683333333334	35.471296	37.444847	39.37196000000001	94.50856105140754	208261.0	3.471016666666667	201.96	640	360	25.0	8	965e2c68f1fe8979db3114ed7372af75	d10631bdf4b6dadda7829bf7be3d15fb	640	360	2916.0	71.0	228.0	5888.0	False	False	0.9715077380339304	0.9930905938813114
blue_sky_360p_60f	blue_sky_360p_60f	libaom	libaom_20191227_d0f0d3b_enc-mode0	60	63	0	101460.0	101.46	32.404999999999994	35.35666666666666	37.81150000000001	32.317463	35.344548	37.806603	85.6837372124606	138637.0	2.3106166666666668	135.98	640	360	25.0	8	8e9607e6a8c5b2fa7916bc83e4f3033e	8b9d7ed367ea6487b77f191f682f5470	640	360	2901.0	71.0	195.0	5941.0	False	False	0.9490815112988155	0.9861547225814213
dark720p_60f	dark720p_60f	libaom	libaom_20191227_d0f0d3b_enc-mode0	60	20	0	6618820.0	6618.819999999999	45.80183333333333	43.43816666666667	45.04883333333334	45.728832	43.234889	44.875717	95.98091545549103	5403236.0	90.05393333333333	5397.93	1280	720	30.0	8	6e4c9e3bb6fa7dac9ab7ee0d7b7df0dc	1c7cdbd6cc7eae0202a34064456aa29a	1280	720	5331.0	133.0	1604.0	11055.0	False	False	0.9939233362674713	0.9948130471025763
dark720p_60f	dark720p_60f	libaom	libaom_20191227_d0f0d3b_enc-mode0	60	32	0	1702712.0	1702.712	43.52016666666669	39.20766666666666	41.916500000000006	43.495065	39.109427	41.886218	93.19913626956433	2628582.0	43.8097	2614.17	1280	720	30.0	8	f9d8f562d350a1894b451fae72a9c2e8	2863e1050d87f9b3694d1f62a14c0a0b	1280	720	7745.0	147.0	1089.0	20192.0	False	False	0.9913087169329325	0.9927304002430719
dark720p_60f	dark720p_60f	libaom	libaom_20191227_d0f0d3b_enc-mode0	60	43	0	382588.0	382.588	42.43733333333333	37.15383333333333	41.028999999999996	42.430036	37.126973	41.02517	91.00542088509516	1141915.0	19.031916666666667	1140.93	1280	720	30.0	8	5f3020976b416f422947f4b40ae50318	bb856815af49584b9d0ef46f6da6fe56	1280	720	4768.0	143.0	622.0	9992.0	False	False	0.9897961497306824	0.9915401425244702
dark720p_60f	dark720p_60f	libaom	libaom_20191227_d0f0d3b_enc-mode0	60	55	0	153856.0	153.85600000000002	41.33416666666666	36.53316666666667	40.275666666666666	41.328416	36.527106	40.272804	87.85578837447285	557289.0	9.28815	549.95	1280	720	30.0	8	86b109d1579f7ad9ae1ddd2d1799b87c	de1edba6cbcf3cbd2122422a67fc73a7	1280	720	4534.0	141.0	463.0	10103.0	False	False	0.9870103806257248	0.9894370408230827
dark720p_60f	dark720p_60f	libaom	libaom_20191227_d0f0d3b_enc-mode0	60	63	0	84876.0	84.876	39.64883333333332	35.75050000000001	39.18516666666666	39.62465	35.743372	39.169411	82.35030132784473	327936.0	5.4656	324.37	1280	720	30.0	8	68a842b0479cb0868a7ef89df8a86e5e	9760b1331784086d53b1df5f2efaa035	1280	720	4734.0	141.0	407.0	9858.0	False	False	0.9814306130011876	0.9851473493761013
ducks_take_off_1080p50_60f	ducks_take_off_1080p50_60f	libaom	libaom_20191227_d0f0d3b_enc-mode0	60	20	0	109282926.0	109282.926	38.9725	39.04699999999999	41.299499999999995	38.868663	38.981513	41.277814	98.79065116241865	35297525.0	588.2920833333334	35257.3	1920	1080	50.0	8	73fb51bb5a49ecc56cb9d8b9e621c1e1	21ffbcaa2b6664aa2eef8e735095738f	1920	1080	15170.0	319.0	8398.0	25770.0	False	False	0.9988687217235566	0.9958972603798315
ducks_take_off_1080p50_60f	ducks_take_off_1080p50_60f	libaom	libaom_20191227_d0f0d3b_enc-mode0	60	32	0	32416953.0	32416.953	35.28216666666667	36.996	39.975666666666676	35.199442	36.964987	39.965945	93.78592531096248	20845353.0	347.42255	20734.35	1920	1080	50.0	8	c3722b38b29d6c6c670f4e04a38d7820	20aedb57c35c2f8c0b775e962955fd1d	1920	1080	16831.0	265.0	4415.0	24289.0	False	False	0.9967501689990361	0.9903172292873795
ducks_take_off_1080p50_60f	ducks_take_off_1080p50_60f	libaom	libaom_20191227_d0f0d3b_enc-mode0	60	43	0	11476946.0	11476.946	33.29883333333333	35.415166666666664	38.77816666666667	33.257826	35.379206	38.768271	85.59445257678436	10588059.0	176.46765	10579.38	1920	1080	50.0	8	1692b76dc5f56722275db72462fe0c30	2e23b3a8dcbc7910aaea314112dacf1f	1920	1080	15727.0	310.0	2984.0	26302.0	False	False	0.9919137765963872	0.9828027917616704
ducks_take_off_1080p50_60f	ducks_take_off_1080p50_60f	libaom	libaom_20191227_d0f0d3b_enc-mode0	60	55	0	4937000.0	4937.0	31.24616666666668	33.870666666666665	37.790000000000006	31.186793	33.822936	37.785894	72.11757259480649	5809257.0	96.82095	5777.84	1920	1080	50.0	8	a94abd38e0ce11a6cf0966c0e920d90d	2cb1f7077f74e19b09a73daaafb1c742	1920	1080	18102.0	283.0	2213.0	24381.0	False	False	0.980197258790334	0.9679802993672235
ducks_take_off_1080p50_60f	ducks_take_off_1080p50_60f	libaom	libaom_20191227_d0f0d3b_enc-mode0	60	63	0	2225220.0	2225.22	29.02866666666666	32.341499999999996	36.93633333333333	28.943336	32.301079	36.932904	54.06507685208184	3255312.0	54.2552	3216.23	1920	1080	50.0	8	c990fb86dd1fa51151a2285c63023510	74e9fcb85e92b10fba76dc5221a3dd5e	1920	1080	16450.0	272.0	1572.0	24168.0	False	False	0.9549294898907343	0.9396926062716007
gipsrestat720p_60f	gipsrestat720p_60f	libaom	libaom_20191227_d0f0d3b_enc-mode0	60	20	0	3579793.0	3579.793	44.93383333333334	47.48766666666666	49.14683333333333	44.907545	47.476055	49.137014	96.95328253564111	3440563.0	57.34271666666667	3392.74	1280	720	50.0	8	69caff4191011c8be8aa568e6e66d2f4	9a96248c6699dbf2c705028c3789ac9b	1280	720	5547.0	142.0	837.0	10666.0	False	False	0.9976713250080744	0.9970135141303454
gipsrestat720p_60f	gipsrestat720p_60f	libaom	libaom_20191227_d0f0d3b_enc-mode0	60	32	0	1526280.0	1526.28	43.58516666666667	47.03533333333333	48.58450000000001	43.550119	47.029338	48.575053	95.88605637321895	1243159.0	20.719316666666668	1230.27	1280	720	50.0	8	d55b089128363744544ccbf8fba015c3	3bb6769fbb64773168d83a61803d211c	1280	720	5553.0	136.0	465.0	10027.0	False	False	0.9968529651562373	0.9961879198932174
gipsrestat720p_60f	gipsrestat720p_60f	libaom	libaom_20191227_d0f0d3b_enc-mode0	60	43	0	848913.0	848.913	42.29199999999999	46.48133333333335	47.86416666666666	42.240146	46.477945	47.85710000000001	94.57366545452105	661822.0	11.030366666666668	645.83	1280	720	50.0	8	7831014e14172e37d5287004678180d6	bfe7dd5c800e11a0ef79f4f623fc84e6	1280	720	9339.0	150.0	467.0	20248.0	False	False	0.9957009692986806	0.9951248015151379
gipsrestat720p_60f	gipsrestat720p_60f	libaom	libaom_20191227_d0f0d3b_enc-mode0	60	55	0	449233.0	449.233	40.19533333333333	45.0015	46.06666666666668	40.146639	44.999743	46.064073	91.67872916751267	386826.0	6.4471	385.29	1280	720	50.0	8	a355ccdf630da217d1314aeea0d70505	c3b1c0e18fffd3a93a0819f4a9a4db32	1280	720	5899.0	310.0	320.0	9905.0	False	False	0.9926190147797267	0.9923362501829764
gipsrestat720p_60f	gipsrestat720p_60f	libaom	libaom_20191227_d0f0d3b_enc-mode0	60	63	0	225886.0	225.886	36.78383333333333	42.21183333333331	43.0185	36.757859	42.20539999999999	43.010524	84.06264788390042	316138.0	5.268966666666667	307.46	1280	720	50.0	8	b317742016e3c5d7935a4531d55933a0	dd5a8d2c0351f04ac7cf1de1ed85d30d	1280	720	9151.0	241.0	369.0	20735.0	False	False	0.9823407193024953	0.9835726280403605
kirland360p_60f	kirland360p_60f	libaom	libaom_20191227_d0f0d3b_enc-mode0	60	20	0	284556.0	284.556	47.41316666666667	48.588500000000025	49.795333333333346	47.357691	48.54081899999999	49.757086	95.98732778864134	333806.0	5.563433333333333	330.68	640	360	30.0	8	2ce1290f9ff48b8ed840bab0504fb1d8	c95fec2a13377d0b352afccc9a44d167	640	360	1364.0	93.0	227.0	3167.0	False	False	0.9909844587246577	0.9973499458829591
kirland360p_60f	kirland360p_60f	libaom	libaom_20191227_d0f0d3b_enc-mode0	60	32	0	150672.0	150.672	46.2455	48.09666666666667	49.05800000000001	46.136791	48.069259	49.033968	94.9699727782035	161726.0	2.6954333333333333	159.77	640	360	30.0	8	15d097a9c7d06ad77dc21bc99e10c4e8	1e76c184f9b4afa2e1e57b8201f6b277	640	360	1319.0	65.0	133.0	2866.0	False	False	0.9899136334657669	0.9969077713498377
kirland360p_60f	kirland360p_60f	libaom	libaom_20191227_d0f0d3b_enc-mode0	60	43	0	93520.0	93.52	44.77283333333334	47.386333333333326	48.077166666666685	44.629	47.354536	48.039997	92.77393455178627	92719.0	1.5453166666666667	91.56	640	360	30.0	8	2302f687a9b184572283693ae33cb8ef	930a0e04bd3d80fc4f0e492550ab65cc	640	360	1912.0	64.0	116.0	4883.0	False	False	0.9882194240887959	0.9961855401744756
kirland360p_60f	kirland360p_60f	libaom	libaom_20191227_d0f0d3b_enc-mode0	60	55	0	54412.0	54.412	42.735166666666665	46.53816666666664	46.73350000000001	42.502528	46.459062	46.619262	88.95459168400362	70670.0	1.1778333333333333	67.77	640	360	30.0	8	fce51423a5b604d96821670f997dd455	8d8a3c53da524e7def8fee31333cc427	640	360	2055.0	73.0	110.0	11027.0	False	False	0.9848690648873647	0.9948652302393592
kirland360p_60f	kirland360p_60f	libaom	libaom_20191227_d0f0d3b_enc-mode0	60	63	0	32544.0	32.544	39.893666666666675	45.26833333333333	45.19033333333332	39.492816	45.05029	44.79775299999999	81.5407171022497	52655.0	0.8775833333333334	51.42	640	360	30.0	8	04797c15520d2582b6de8964a7df8acc	926407ab16883a6e1a54a5f23bece606	640	360	1350.0	63.0	104.0	2852.0	False	False	0.9767123182614644	0.9916123708950931
Netflix_DrivingPOV_1280x720_60fp	Netflix_DrivingPOV_1280x720_60fp	libaom	libaom_20191227_d0f0d3b_enc-mode0	60	20	0	9872376.0	9872.376	42.61749999999999	46.02049999999999	44.79083333333335	42.597501	46.013679	44.786826	99.73978277627316	4818026.0	80.30043333333333	4765.24	1280	720	60.0	8	744de548e8761b76f82ca94de947436f	99b35efbcb35d7bbfc4e84494ad6ea69	1280	720	7008.0	157.0	1524.0	11615.0	False	False	0.9979668388764064	0.9973666422507441
Netflix_DrivingPOV_1280x720_60fp	Netflix_DrivingPOV_1280x720_60fp	libaom	libaom_20191227_d0f0d3b_enc-mode0	60	32	0	4930152.0	4930.152	40.235333333333344	44.67249999999999	43.839000000000006	40.209738	44.66384	43.835468	98.71851979738774	3019667.0	50.327783333333336	2986.41	1280	720	60.0	8	0f5388c8b4bb86db17a0eaf1598acf38	615ac51cbbba10d063bd28056d0b8800	1280	720	6847.0	137.0	1098.0	10371.0	False	False	0.9961946854988734	0.9951674018430867
Netflix_DrivingPOV_1280x720_60fp	Netflix_DrivingPOV_1280x720_60fp	libaom	libaom_20191227_d0f0d3b_enc-mode0	60	43	0	2699296.0	2699.296	38.04883333333331	43.36883333333335	42.970666666666666	38.019772	43.359545	42.966449	96.61097948191266	1920067.0	32.00111666666667	1891.28	1280	720	60.0	8	c73f21d40c02a658c0e5d314acdadc79	85a7e9419c6bc1e6d943b598f2be65aa	1280	720	7262.0	157.0	887.0	20786.0	False	False	0.9921458741029103	0.9911865864050997
Netflix_DrivingPOV_1280x720_60fp	Netflix_DrivingPOV_1280x720_60fp	libaom	libaom_20191227_d0f0d3b_enc-mode0	60	55	0	1393544.0	1393.544	35.51316666666667	41.48816666666666	41.727999999999994	35.48197	41.480105	41.724327	92.07038180050654	1277273.0	21.287883333333333	1263.32	1280	720	60.0	8	523790bf8872f9f86e98dfd7b84a0b67	1fa3d1bab75072cc58e2a9edded53d49	1280	720	6146.0	145.0	725.0	10280.0	False	False	0.986854777733485	0.9858909880257379
Netflix_DrivingPOV_1280x720_60fp	Netflix_DrivingPOV_1280x720_60fp	libaom	libaom_20191227_d0f0d3b_enc-mode0	60	63	0	694904.0	694.904	32.68383333333333	39.341999999999985	40.26416666666667	32.638087	39.324218	40.252017	82.96955046662946	796211.0	13.270183333333334	772.41	1280	720	60.0	8	f59e30e60aef8969695214cdd0c1634f	ab4e8a9b23543a8ce26be7d8ca647300	1280	720	7756.0	151.0	585.0	20201.0	False	False	0.9774479220310847	0.9760260066934777
Netflix_FoodMarket_1920x1080_60f	Netflix_FoodMarket_1920x1080_60f	libaom	libaom_20191227_d0f0d3b_enc-mode0	60	20	0	19578240.0	19578.24	40.946833333333316	44.76300000000001	45.544999999999995	40.9265	44.75893	45.54244099999999	98.92272914856727	20488983.0	341.48305	20367.02	1920	1080	60.0	8	025300c7b7faab11c71bfcaf86e5ad30	aa47887d8e8dbb466627986ee66b81dd	1920	1080	12667.0	254.0	3156.0	23482.0	False	False	0.9950386246045431	0.9894777628921835
Netflix_FoodMarket_1920x1080_60f	Netflix_FoodMarket_1920x1080_60f	libaom	libaom_20191227_d0f0d3b_enc-mode0	60	32	0	6777976.0	6777.976	39.731	43.911333333333324	44.88333333333333	39.72461	43.909835	44.882596	95.8909138172077	8115388.0	135.25646666666665	7980.92	1920	1080	60.0	8	7c79b48f4f9e295d8f0edc804d8c0f4f	2f4f772239954371d73829ff7bbf4c6d	1920	1080	11452.0	301.0	2161.0	23898.0	False	False	0.9920290837685267	0.9851669505205198
Netflix_FoodMarket_1920x1080_60f	Netflix_FoodMarket_1920x1080_60f	libaom	libaom_20191227_d0f0d3b_enc-mode0	60	43	0	3378128.0	3378.128	38.49850000000001	43.092500000000015	44.18883333333334	38.488964	43.089321	44.187019	91.3878864515422	3707708.0	61.79513333333333	3648.8	1920	1080	60.0	8	c3737fd0019e2419efbc0eb2a8905f52	98038b7bf9d497e73dec33c46f6237b8	1920	1080	11351.0	277.0	1740.0	23681.0	False	False	0.9875143826007843	0.9794968028485544
Netflix_FoodMarket_1920x1080_60f	Netflix_FoodMarket_1920x1080_60f	libaom	libaom_20191227_d0f0d3b_enc-mode0	60	55	0	1626272.0	1626.272	36.60216666666667	41.96450000000001	43.090833333333336	36.587508	41.958884	43.082523	81.52242250872395	2142303.0	35.70505	2126.45	1920	1080	60.0	8	6234ec1db708dcad101b3ab7c8e27d8b	1a7a989a72ae07d1505178fa6bb01758	1920	1080	11757.0	289.0	1530.0	24016.0	False	False	0.9734398086865743	0.9646643426559943
Netflix_FoodMarket_1920x1080_60f	Netflix_FoodMarket_1920x1080_60f	libaom	libaom_20191227_d0f0d3b_enc-mode0	60	63	0	708424.0	708.4240000000001	33.98416666666666	40.55316666666667	41.398333333333355	33.960166	40.543796	41.360521	62.83977087283225	1289040.0	21.484	1269.38	1920	1080	60.0	8	fbfd1aee80d3b2b354967871b47d1fed	cc4c891362c43d37c8e0dc31aef62d8d	1920	1080	12322.0	288.0	1168.0	23812.0	False	False	0.9314894765615463	0.9267418873653026
Netflix_PierSeaside_1920x1080_60	Netflix_PierSeaside_1920x1080_60	libaom	libaom_20191227_d0f0d3b_enc-mode0	60	20	0	7367568.0	7367.568	45.534	47.49849999999999	45.55083333333335	45.510032	47.488396	45.53717100000001	99.92374500385628	7472490.0	124.5415	7443.6	1920	1080	60.0	8	5e20715b08704092335df8726672dc64	64d0f07952e4e9988423d8ff007e5837	1920	1080	9629.0	237.0	1588.0	22742.0	False	False	0.9979984511931738	0.9968066354329251
Netflix_PierSeaside_1920x1080_60	Netflix_PierSeaside_1920x1080_60	libaom	libaom_20191227_d0f0d3b_enc-mode0	60	32	0	3444256.0	3444.256	43.92316666666666	46.63583333333334	44.90666666666666	43.888106	46.629131	44.89774	99.61806198663335	3722219.0	62.03698333333333	3704.22	1920	1080	60.0	8	08255eb30bc4d9791a4a140cb5a2a28a	c77e6aa06b67fa08fb3b01a186005583	1920	1080	10094.0	223.0	1230.0	21948.0	False	False	0.9970647384723027	0.9954090209478632
Netflix_PierSeaside_1920x1080_60	Netflix_PierSeaside_1920x1080_60	libaom	libaom_20191227_d0f0d3b_enc-mode0	60	43	0	1677024.0	1677.024	41.943833333333345	45.28133333333333	43.913833333333336	41.911866	45.279105	43.911043	97.74407791922805	2752299.0	45.87165	2701.5	1920	1080	60.0	8	60f78d783f09a40c59c16f41770e9d6a	f12e2cb8a51b7f8f49ea0d6659e52e96	1920	1080	12475.0	271.0	1304.0	29594.0	False	False	0.9952376534541448	0.9928444552644947
Netflix_PierSeaside_1920x1080_60	Netflix_PierSeaside_1920x1080_60	libaom	libaom_20191227_d0f0d3b_enc-mode0	60	55	0	808136.0	808.136	39.615333333333325	43.44983333333334	42.5295	39.594594	43.447184	42.52882	93.3962370770393	1332173.0	22.202883333333332	1315.7	1920	1080	60.0	8	17965654fa52eef9c0b7112367a834e8	29c13383ace17531ad967a8671994eed	1920	1080	9995.0	247.0	909.0	22554.0	False	False	0.9913118720054627	0.9878601977081288
Netflix_PierSeaside_1920x1080_60	Netflix_PierSeaside_1920x1080_60	libaom	libaom_20191227_d0f0d3b_enc-mode0	60	63	0	432520.0	432.5199999999999	36.998000000000005	41.19450000000001	40.74700000000002	36.970222	41.167378	40.732603	84.87619037694188	890594.0	14.843233333333334	866.76	1920	1080	60.0	8	06f3088c8423f0833f0dbb39d9b454d6	c72b7eabb575b093421eea01a051c3ed	1920	1080	19049.0	277.0	1021.0	47009.0	False	False	0.9832784116268158	0.9787404580738183
Netflix_RollerCoaster_1280x720_6	Netflix_RollerCoaster_1280x720_6	libaom	libaom_20191227_d0f0d3b_enc-mode0	60	20	0	7172904.0	7172.904	44.67483333333333	46.31316666666667	46.35016666666666	44.656155	46.307763	46.346456	99.89714525197323	3834080.0	63.90133333333333	3789.65	1280	720	60.0	8	75c5afbdccfa996bafc8da9ce19278cc	8b9a52778462872f518e1d677efa938a	1280	720	6170.0	143.0	1317.0	9998.0	False	False	0.9978248427311579	0.9974451237947023
Netflix_RollerCoaster_1280x720_6	Netflix_RollerCoaster_1280x720_6	libaom	libaom_20191227_d0f0d3b_enc-mode0	60	32	0	3618296.0	3618.296	42.29433333333334	44.45850000000001	44.820666666666654	42.273239	44.448524	44.816391	99.83877064791432	3208559.0	53.47598333333333	3165.51	1280	720	60.0	8	63566e55ccac891d7ff3defb437b1174	9f2eb3f865f69588557199ae3f893e6f	1280	720	6344.0	138.0	1036.0	12493.0	False	False	0.9961051175991694	0.9956230041995262
Netflix_RollerCoaster_1280x720_6	Netflix_RollerCoaster_1280x720_6	libaom	libaom_20191227_d0f0d3b_enc-mode0	60	43	0	1947320.0	1947.32	39.958999999999996	42.664833333333355	43.46083333333334	39.930511	42.64895	43.452943	97.1984818614767	1298716.0	21.645266666666668	1291.95	1280	720	60.0	8	46ee28a9da331e1ef3776d01506127d3	b3f5f6427506de970f1c37a19020335f	1280	720	5332.0	144.0	815.0	9626.0	False	False	0.9929302374521891	0.9924529280200677
Netflix_RollerCoaster_1280x720_6	Netflix_RollerCoaster_1280x720_6	libaom	libaom_20191227_d0f0d3b_enc-mode0	60	55	0	1030360.0	1030.36	37.24766666666666	40.414	41.73016666666668	37.217885	40.395329999999994	41.721456	89.72513877169646	916249.0	15.270816666666667	905.36	1280	720	60.0	8	6b50d4887f5ea19acc4e400fd6f65102	1025deacc0fee7b8bc0f8d31831bfe8a	1280	720	5757.0	136.0	819.0	10032.0	False	False	0.98501189549764	0.9850675449610222
Netflix_RollerCoaster_1280x720_6	Netflix_RollerCoaster_1280x720_6	libaom	libaom_20191227_d0f0d3b_enc-mode0	60	63	0	512416.0	512.416	33.99083333333332	37.83066666666666	39.808166666666665	33.942128	37.804271	39.796741	74.01859296687185	602681.0	10.044683333333333	594.77	1280	720	60.0	8	7fbd9cdffe8cdb15b22569a6c5a5d0ed	4c40181e7ec1d9198aceb50190ce556f	1280	720	5263.0	146.0	594.0	10087.0	False	False	0.9638512293497722	0.9672116686177652
Netflix_SquareAndTimelapse_1920x	Netflix_SquareAndTimelapse_1920x	libaom	libaom_20191227_d0f0d3b_enc-mode0	60	20	0	18477048.0	18477.048	44.37633333333334	48.44733333333333	47.571666666666665	44.365823	48.445145	47.56828699999999	99.90417665245602	8263513.0	137.72521666666665	8237.85	1920	1080	60.0	8	90965f20e8b57df70c2811976b4f38bb	859609afe72aa52f09b4b5f06d5f0693	1920	1080	12699.0	265.0	3142.0	23922.0	False	False	0.9991560647885005	0.9978366924595875
Netflix_SquareAndTimelapse_1920x	Netflix_SquareAndTimelapse_1920x	libaom	libaom_20191227_d0f0d3b_enc-mode0	60	32	0	10686312.0	10686.312	41.99733333333333	46.67499999999999	45.61816666666665	41.982772	46.67096	45.613147	99.88244689421636	5439334.0	90.65556666666667	5349.1	1920	1080	60.0	8	7e37c9892d708a8273c8afea830c9f19	c7724e8c3eb5e4b97d8720ca59f8660b	1920	1080	11686.0	277.0	2733.0	23709.0	False	False	0.9983331710100174	0.9961164844262937
Netflix_SquareAndTimelapse_1920x	Netflix_SquareAndTimelapse_1920x	libaom	libaom_20191227_d0f0d3b_enc-mode0	60	43	0	6269560.0	6269.56	39.43900000000001	44.95783333333333	43.75499999999998	39.412525	44.950515	43.745082	98.89135701788865	4083753.0	68.06255	4053.15	1920	1080	60.0	8	ac3400073b3210f531ce7e85fcd3ad10	cb52ed3c486eee0fdd426b0199c7693a	1920	1080	11865.0	282.0	2327.0	24168.0	False	False	0.9964274495840073	0.9927551629341459
Netflix_SquareAndTimelapse_1920x	Netflix_SquareAndTimelapse_1920x	libaom	libaom_20191227_d0f0d3b_enc-mode0	60	55	0	3428448.0	3428.448	36.42033333333334	42.84283333333333	41.495333333333335	36.382958	42.830997	41.479236	91.49599829774492	2630398.0	43.83996666666667	2582.97	1920	1080	60.0	8	cc2fe5eb5bc73dc91f7814bde3a86699	2bb301a2affc12da72de2a275a8d4bd4	1920	1080	12452.0	266.0	1998.0	23704.0	False	False	0.9910956551631291	0.9847149435509466
Netflix_SquareAndTimelapse_1920x	Netflix_SquareAndTimelapse_1920x	libaom	libaom_20191227_d0f0d3b_enc-mode0	60	63	0	1766144.0	1766.144	33.09133333333333	40.25433333333334	38.99983333333332	33.030347	40.216438	38.953289	76.58698964330917	1706881.0	28.448016666666668	1687.5	1920	1080	60.0	8	97ae2fad7879c988ce5612d85b1492a4	7035161df8321f694f6fc8e860503441	1920	1080	11149.0	263.0	1458.0	23843.0	False	False	0.9747486025094986	0.9644492742234405
Netflix_TunnelFlag_1920x1080_60f	Netflix_TunnelFlag_1920x1080_60f	libaom	libaom_20191227_d0f0d3b_enc-mode0	60	20	0	25597288.0	25597.288	42.66683333333333	46.7075	48.227666666666664	42.649447	46.704426	48.222706	99.91628635274483	9712206.0	161.8701	9626.08	1920	1080	60.0	8	dc107976322b01f410246e554f615d2c	fcbfdadd1c01a477de06b5576e9f8800	1920	1080	12672.0	259.0	3671.0	23217.0	False	False	0.9986535380283992	0.9965696910350366
Netflix_TunnelFlag_1920x1080_60f	Netflix_TunnelFlag_1920x1080_60f	libaom	libaom_20191227_d0f0d3b_enc-mode0	60	32	0	13215144.0	13215.144	40.46766666666666	45.126000000000026	47.02966666666667	40.452809	45.124553	47.026144	99.90175215652047	5400732.0	90.0122	5362.98	1920	1080	60.0	8	fc1034d35b4325a23f9a0fa933933de2	0abc633d1bc89c6c82c1734b910d9050	1920	1080	11611.0	294.0	2898.0	22917.0	False	False	0.9976208478212356	0.9943493638042343
Netflix_TunnelFlag_1920x1080_60f	Netflix_TunnelFlag_1920x1080_60f	libaom	libaom_20191227_d0f0d3b_enc-mode0	60	43	0	6852744.0	6852.744	38.14083333333334	43.27766666666667	45.7295	38.122616	43.276248	45.725958	99.87174119374377	3483017.0	58.05028333333333	3424.27	1920	1080	60.0	8	979a5f05c20a6c217aad787c2e3ae479	dae12fccbf3ddd1d50021f5450c54204	1920	1080	12694.0	274.0	2511.0	23670.0	False	False	0.9955287575721741	0.9905544296637324
Netflix_TunnelFlag_1920x1080_60f	Netflix_TunnelFlag_1920x1080_60f	libaom	libaom_20191227_d0f0d3b_enc-mode0	60	55	0	3618392.0	3618.392	35.730166666666676	41.19866666666666	44.15599999999999	35.709343	41.197631	44.153574	99.80842499850705	2048385.0	34.13975	2037.58	1920	1080	60.0	8	8b3e3ae5e0cdf50683ec610762b4e4ff	6a3025e49629e184d17707e5e4075ca2	1920	1080	11867.0	267.0	1968.0	23440.0	False	False	0.991896974047025	0.9851381202891365
Netflix_TunnelFlag_1920x1080_60f	Netflix_TunnelFlag_1920x1080_60f	libaom	libaom_20191227_d0f0d3b_enc-mode0	60	63	0	1977304.0	1977.304	32.949333333333335	39.26916666666668	42.13433333333332	32.913208	39.26509	42.127522	98.06736030159082	1471559.0	24.525983333333333	1458.82	1920	1080	60.0	8	3511a6ef9437aefe8dd2dab8b78637ff	9229a40b432daf9f15fe1f93a8962b3f	1920	1080	12499.0	283.0	1589.0	23769.0	False	False	0.9851673573255539	0.9771765041627367
life_1080p30_60f	life_1080p30_60f	libaom	libaom_20191227_d0f0d3b_enc-mode0	60	20	0	11827276.0	11827.276	44.431333333333335	49.584499999999984	48.97366666666667	44.403214	49.580123	48.968762	99.47011051574977	11619219.0	193.65365	11544.17	1920	1080	30.0	8	c15522f9f7768843904b1dd1a9312e88	821d3523833e31aa087d672062ab8570	1920	1080	20893.0	287.0	3750.0	35593.0	False	False	0.9992142577966054	0.9979540585445233
life_1080p30_60f	life_1080p30_60f	libaom	libaom_20191227_d0f0d3b_enc-mode0	60	32	0	5584464.0	5584.463999999999	41.49883333333333	47.20766666666667	46.8555	41.475983	47.200642	46.850891	97.63226156616263	5260228.0	87.67046666666667	5246.71	1920	1080	30.0	8	9b4b9b754fa7a0e35991093a4ea818fd	35ba6463f5285d568538450993637e00	1920	1080	12283.0	330.0	3062.0	26378.0	False	False	0.9984892755746841	0.9963043129081992
life_1080p30_60f	life_1080p30_60f	libaom	libaom_20191227_d0f0d3b_enc-mode0	60	43	0	2887864.0	2887.864	38.966499999999996	45.27083333333332	45.10083333333333	38.94648399999999	45.262567	45.093528	94.63573709777371	3209061.0	53.48435	3182.17	1920	1080	30.0	8	c7acc6caca0bb3915ab08cfda36716ea	e0f3781a37ef5b1e2bfddff244c29d9f	1920	1080	11993.0	268.0	2148.0	23370.0	False	False	0.9970184157292048	0.9932939666542179
life_1080p30_60f	life_1080p30_60f	libaom	libaom_20191227_d0f0d3b_enc-mode0	60	55	0	1473304.0	1473.304	36.19783333333334	43.05850000000002	42.962166666666675	36.178358	43.048143	42.952121	89.17160010385129	3890729.0	64.84548333333333	3764.77	1920	1080	30.0	8	efdff71f729642bf2b15ec32d4d02bd8	e38e03471abfd61da15a141652cc640f	1920	1080	30712.0	359.0	2803.0	80381.0	False	False	0.9931532849868139	0.98591390826378
life_1080p30_60f	life_1080p30_60f	libaom	libaom_20191227_d0f0d3b_enc-mode0	60	63	0	688564.0	688.564	33.311166666666665	40.527	40.25233333333335	33.276385	40.501183	40.22654	78.65839516353192	1590482.0	26.508033333333334	1563.38	1920	1080	30.0	8	3045ad7d6be7df7c94c3124a4aa054d2	d1ada856c11e1627f48daa3b5f7fd5cb	1920	1080	13316.0	275.0	1404.0	23460.0	False	False	0.9817053268353144	0.9678399801153331
niklas360p_60f	niklas360p_60f	libaom	libaom_20191227_d0f0d3b_enc-mode0	60	20	0	1322752.0	1322.752	44.29799999999998	47.76466666666668	47.411666666666655	44.239482	47.715716	47.358912	98.35313296697062	854283.0	14.23805	853.02	640	360	30.0	8	1a3ec67a4858e777d0f11cfdde333d22	0e3bf1c9e384eb03f752e75efc7849f8	640	360	1673.0	48.0	335.0	4623.0	False	False	0.9864335656166077	0.9968288444936657
niklas360p_60f	niklas360p_60f	libaom	libaom_20191227_d0f0d3b_enc-mode0	60	32	0	746004.0	746.004	41.968166666666676	46.36666666666667	45.74600000000002	41.914198000000006	46.333323	45.706799	96.73133659535817	533044.0	8.884066666666667	527.96	640	360	30.0	8	4aa69950c9cd662b5bae1d6e9af0ca2a	7abdbfbbcbc985cd420616ba9f643aaf	640	360	1604.0	65.0	310.0	2981.0	False	False	0.9812954306602478	0.9952364623759689
niklas360p_60f	niklas360p_60f	libaom	libaom_20191227_d0f0d3b_enc-mode0	60	43	0	425304.0	425.304	39.2935	44.87199999999999	43.97233333333334	39.237927	44.848613	43.952433	93.42467579381062	331021.0	5.517016666666667	328.3	640	360	30.0	8	1580f05e5b97593740117333f27fb83d	1c002cda389a9ad29e67211bdd7ff566	640	360	1532.0	105.0	244.0	4243.0	False	False	0.9724673300981521	0.9921515037713712
niklas360p_60f	niklas360p_60f	libaom	libaom_20191227_d0f0d3b_enc-mode0	60	55	0	236044.0	236.044	36.306166666666655	43.15983333333333	41.85900000000002	36.25709	43.13974799999999	41.843214	87.40887369978394	229950.0	3.8325	227.52	640	360	30.0	8	a5edd1cd9ac926e36a3c138187e58c00	ba1cb72abfa3b7765a6dce9474172572	640	360	1679.0	75.0	213.0	3094.0	False	False	0.9559668729702632	0.9855099557367909
niklas360p_60f	niklas360p_60f	libaom	libaom_20191227_d0f0d3b_enc-mode0	60	63	0	122468.0	122.468	32.963499999999996	41.12966666666668	39.59983333333334	32.898762	41.110277	39.588919	76.37822327234775	144095.0	2.4015833333333334	142.34	640	360	30.0	8	7acdabc261c5c3242bba3052802046da	b80c91e7b503b94570c77cfd283a8f06	640	360	1673.0	70.0	188.0	3164.0	False	False	0.9261816789706548	0.9713912460659203
red_kayak_360p_60f	red_kayak_360p_60f	libaom	libaom_20191227_d0f0d3b_enc-mode0	60	20	0	8937401.0	8937.401	40.958166666666656	44.481666666666676	49.11783333333333	40.849475	44.432009	49.103689	99.88056462239838	2441240.0	40.687333333333335	2417.98	640	360	29.97	8	6b841a83c8cd7e5ac11e66947e5d7311	b7bd60ae682ca9c9a34146a8500ef25c	640	360	2221.0	70.0	976.0	2968.0	False	False	0.971119103829066	0.9940632377190469
red_kayak_360p_60f	red_kayak_360p_60f	libaom	libaom_20191227_d0f0d3b_enc-mode0	60	32	0	5217067.0	5217.067	36.418	41.900500000000015	48.06083333333332	36.201252	41.826755	48.046157	99.55128162246929	2114338.0	35.23896666666667	2100.52	640	360	29.97	8	ba5acc9ae77ea1be497b9c3b7b457908	caa0a394c13fd51c82254594039c1b85	640	360	3193.0	86.0	787.0	5808.0	False	False	0.9378398726383845	0.9856547148366906
red_kayak_360p_60f	red_kayak_360p_60f	libaom	libaom_20191227_d0f0d3b_enc-mode0	60	43	0	2413278.0	2413.278	31.91633333333333	39.72016666666668	47.4395	31.669138	39.65372	47.402617	86.32286288161593	1703468.0	28.391133333333332	1682.63	640	360	29.97	8	bf15b6a5025438dc2acca94fb04eab69	43816e371fbcd179a102f7cc78b95f78	640	360	1908.0	66.0	609.0	3011.0	False	False	0.8671780188878377	0.9650061791269646
red_kayak_360p_60f	red_kayak_360p_60f	libaom	libaom_20191227_d0f0d3b_enc-mode0	60	55	0	827880.0	827.88	28.269166666666667	38.2755	46.65983333333333	28.067784	38.239547	46.558787	60.20305647387593	1024877.0	17.08128333333333	1013.5	640	360	29.97	8	ae30fbf461144b960d10502ced16af54	a95f0bca3d9420d4a5e1d3f0b6371e61	640	360	2269.0	62.0	429.0	2940.0	False	False	0.759408778945605	0.9199765932699299
red_kayak_360p_60f	red_kayak_360p_60f	libaom	libaom_20191227_d0f0d3b_enc-mode0	60	63	0	216004.0	216.004	25.771000000000004	36.876166666666656	44.80800000000001	25.626786	36.838666	44.723728	26.95368904143514	414017.0	6.900283333333333	408.32	640	360	29.97	8	574854ac8fa70d4c9cec3a36fde82720	bd3afaf34aea410829df02a2e6f3ff96	640	360	3212.0	104.0	242.0	6008.0	False	False	0.6615382184584936	0.835353840188098
rush_hour_1080p25_60f	rush_hour_1080p25_60f	libaom	libaom_20191227_d0f0d3b_enc-mode0	60	20	0	5074533.0	5074.533	43.012499999999996	46.883	48.88100000000001	43.001926	46.880056	48.874991	96.80970119727404	16118406.0	268.6401	16007.2	1920	1080	25.0	8	eebfc0e055e571d6b749e57ac2eb2308	22ef2207285c57f16602beee6cfec13c	1920	1080	9815.0	281.0	3017.0	23770.0	False	False	0.9964073091745377	0.9924341049951303
rush_hour_1080p25_60f	rush_hour_1080p25_60f	libaom	libaom_20191227_d0f0d3b_enc-mode0	60	32	0	2441273.0	2441.273	42.148499999999984	45.98633333333332	47.73566666666666	42.141166	45.98502700000001	47.7317	93.11029897199218	6535558.0	108.92596666666667	6483.48	1920	1080	25.0	8	f57467897ba298e30b3a3d001e84fc49	d69bffae0b5f7ed6c050f1a433577ab7	1920	1080	9435.0	264.0	2435.0	23774.0	False	False	0.9943523536125819	0.9904379301331393
rush_hour_1080p25_60f	rush_hour_1080p25_60f	libaom	libaom_20191227_d0f0d3b_enc-mode0	60	43	0	1206506.0	1206.506	40.8435	44.98	46.42983333333334	40.831215	44.979163	46.42576	86.06398189803953	3263658.0	54.3943	3251.41	1920	1080	25.0	8	682afaa5a93b896183f17ecb817ff4a3	d467ba85303f1f2595396b75aea92b7b	1920	1080	16762.0	283.0	1945.0	48473.0	False	False	0.9905467530091604	0.9870418467515317
rush_hour_1080p25_60f	rush_hour_1080p25_60f	libaom	libaom_20191227_d0f0d3b_enc-mode0	60	55	0	590510.0	590.51	39.01199999999999	43.634333333333366	44.82166666666668	38.979051	43.632418	44.815206	75.12587473403985	1655253.0	27.58755	1651.73	1920	1080	25.0	8	358cdd393fa04638e1cb025c9a99d1a1	99776f0ecc13fbca588515a4bcf650b7	1920	1080	10298.0	309.0	1481.0	27158.0	False	False	0.9832913974920908	0.9808778813809855
rush_hour_1080p25_60f	rush_hour_1080p25_60f	libaom	libaom_20191227_d0f0d3b_enc-mode0	60	63	0	274700.0	274.7	36.49466666666668	41.963666666666676	42.74666666666666	36.411375	41.961376	42.733898	59.78518000817702	1608676.0	26.81126666666667	1588.0	1920	1080	25.0	8	cfc910bebc90df4556cc188b5a00e94c	c9fd574ed4bcb79608b9b31b93a71e9f	1920	1080	11385.0	445.0	1182.0	30672.0	False	False	0.9686464081207912	0.9687594833474046
shields_640x360_60f	shields_640x360_60f	libaom	libaom_20191227_d0f0d3b_enc-mode0	60	20	0	1984086.0	1984.086	42.201000000000015	44.919333333333334	46.38866666666666	42.086734	44.900576	46.347611	99.47538193004303	916169.0	15.269483333333334	903.0	640	360	50.0	8	88b517c020771dfb836a57daeff555f3	e046fded8947fbd22741c575bc1faa66	640	360	2771.0	63.0	329.0	3141.0	False	False	0.9849594344695409	0.99817018280113
shields_640x360_60f	shields_640x360_60f	libaom	libaom_20191227_d0f0d3b_enc-mode0	60	32	0	1089720.0	1089.72	40.340333333333334	43.244666666666674	44.8125	40.165281	43.205283	44.747644	99.46236114015234	505818.0	8.4303	498.49	640	360	50.0	8	dcc845e05b9a3398c56efcdc7f00c222	5a88c56caf30969ac8377f0d928bf7d4	640	360	2394.0	70.0	262.0	2922.0	False	False	0.9797503173351287	0.997410302499315
shields_640x360_60f	shields_640x360_60f	libaom	libaom_20191227_d0f0d3b_enc-mode0	60	43	0	640866.0	640.866	38.025999999999996	41.04783333333333	42.7185	37.779196	40.96422	42.624685	99.42083261184713	317360.0	5.289333333333333	314.19	640	360	50.0	8	a493ee22ce9d9447a60c7bafbe3691fc	c9a6668e047a862442541fc8b327b23b	640	360	2339.0	71.0	223.0	2890.0	False	False	0.969309213757515	0.9957300795590867
shields_640x360_60f	shields_640x360_60f	libaom	libaom_20191227_d0f0d3b_enc-mode0	60	55	0	380666.0	380.666	35.247499999999995	38.60166666666665	40.60733333333334	34.912147	38.450799	40.46452	97.45791628694754	218865.0	3.64775	218.28	640	360	50.0	8	450f93686ec366a0bd47a0cfc6ad9c89	424b28fce4977212bb4f7f814d0f6032	640	360	2409.0	59.0	182.0	2987.0	False	False	0.9489286273717881	0.99186708721705
shields_640x360_60f	shields_640x360_60f	libaom	libaom_20191227_d0f0d3b_enc-mode0	60	63	0	219800.0	219.8	31.782333333333334	36.17416666666665	37.98450000000001	31.282906	35.940744	37.806213	88.55454540492268	172100.0	2.868333333333333	169.41	640	360	50.0	8	3d03888d41eb1ae7d22771d088d2300b	541abaa9af895f6adc4d773463c1676b	640	360	2441.0	60.0	151.0	3004.0	False	False	0.8999175697565078	0.9800633187228817
speed_bag_640x360_60f	speed_bag_640x360_60f	libaom	libaom_20191227_d0f0d3b_enc-mode0	60	20	0	452773.0	452.773	46.85416666666667	49.572166666666654	51.09383333333335	46.810777	49.538981	51.051718	98.21328551554502	389489.0	6.491483333333333	384.79	640	360	29.97	8	6add72259ee3fa6b09762a399970e3ba	a43a34de91e0efaaaf8d8570b65e3f38	640	360	1422.0	68.0	259.0	3274.0	False	False	0.9887158105770747	0.9974847249158335
speed_bag_640x360_60f	speed_bag_640x360_60f	libaom	libaom_20191227_d0f0d3b_enc-mode0	60	32	0	251388.0	251.388	45.04700000000002	48.10233333333334	49.764166666666675	44.945298	48.032013	49.691234	97.24043192283212	207747.0	3.46245	206.47	640	360	29.97	8	93c4dd986cb612c1b37960a152c25bd5	6a9a2004ccff7b120c4c3a66eb8075e5	640	360	1476.0	96.0	217.0	6213.0	False	False	0.9855538805325826	0.9961642066219407
speed_bag_640x360_60f	speed_bag_640x360_60f	libaom	libaom_20191227_d0f0d3b_enc-mode0	60	43	0	143121.0	143.121	42.967166666666664	46.36800000000002	48.32949999999999	42.79061	46.280014	48.198922	94.77225751455119	122398.0	2.0399666666666665	120.74	640	360	29.97	8	226d74217b7cb59266cb9e2a0da27bd1	bacea4d98916b18536f4c1a72bda7470	640	360	1336.0	60.0	167.0	3123.0	False	False	0.9814041684071223	0.9939051269144535
speed_bag_640x360_60f	speed_bag_640x360_60f	libaom	libaom_20191227_d0f0d3b_enc-mode0	60	55	0	80248.0	80.248	40.24083333333335	44.1025	46.5815	39.984879	44.012153	46.396583	87.01958632645083	88955.0	1.4825833333333334	87.92	640	360	29.97	8	8e5b5c9be5c665c9ace4bca069f663a6	e97f30b5a68d4e89909d28d61e1685c1	640	360	2393.0	80.0	146.0	5734.0	False	False	0.973746332526207	0.9892028487745982
speed_bag_640x360_60f	speed_bag_640x360_60f	libaom	libaom_20191227_d0f0d3b_enc-mode0	60	63	0	46369.0	46.369	37.13150000000001	41.55216666666668	44.19966666666665	36.781561	41.460929	43.975201	75.1503361920283	69602.0	1.1600333333333332	67.58	640	360	29.97	8	4c8ae98e4fee5a7d399d427f7dbafedc	081644d8483a4c40e94a2078f6734bdf	640	360	1408.0	65.0	132.0	2963.0	False	False	0.9614853501319885	0.9795122345125082
thaloundeskmtg360p_60f	thaloundeskmtg360p_60f	libaom	libaom_20191227_d0f0d3b_enc-mode0	60	20	0	843040.0	843.0399999999998	44.68766666666668	48.515499999999996	48.565833333333345	44.463989	48.461066	48.527837	97.00604203156243	480687.0	8.01145	475.72	640	360	30.0	8	29609db70f92c9e3c03f7e88027d1840	d607f252b7d93aafabf2cc12b383814c	640	360	1840.0	71.0	271.0	3049.0	False	False	0.9924670547246933	0.9983882400979586
thaloundeskmtg360p_60f	thaloundeskmtg360p_60f	libaom	libaom_20191227_d0f0d3b_enc-mode0	60	32	0	440356.0	440.356	43.125166666666665	47.326666666666675	47.423500000000004	42.802593	47.260356	47.37662	95.99120831837821	245454.0	4.0909	243.19	640	360	30.0	8	dc2e671034b6911687ac06ad9b5cfa61	6316dcf864ba1e5a0039b04e2c565794	640	360	2530.0	61.0	187.0	2950.0	False	False	0.9903375476598739	0.9977239994123174
thaloundeskmtg360p_60f	thaloundeskmtg360p_60f	libaom	libaom_20191227_d0f0d3b_enc-mode0	60	43	0	249740.0	249.74000000000004	41.15566666666665	45.728000000000016	45.85733333333334	40.7347	45.651728	45.794	93.9701772347409	155865.0	2.59775	153.94	640	360	30.0	8	c569cc99f8e69c3169f1b588dbbee1a4	bf27d0d463d4ccea2d4c08929d27a6f9	640	360	1710.0	63.0	163.0	2904.0	False	False	0.9867076555887858	0.9964589449479566
thaloundeskmtg360p_60f	thaloundeskmtg360p_60f	libaom	libaom_20191227_d0f0d3b_enc-mode0	60	55	0	142892.0	142.892	38.49916666666666	43.84116666666666	43.747666666666674	37.959882	43.731277	43.617529	90.39037391456584	98841.0	1.64735	98.09	640	360	30.0	8	b827142e897ee2e434cde2657d7a6915	c170b0b9a03f34b9475d518e232ae928	640	360	1735.0	58.0	127.0	2880.0	False	False	0.9794841319322586	0.9936373114917986
thaloundeskmtg360p_60f	thaloundeskmtg360p_60f	libaom	libaom_20191227_d0f0d3b_enc-mode0	60	63	0	77184.0	77.184	34.82066666666666	40.766333333333336	40.83366666666669	33.944045	40.564556	40.614606	80.63292815530734	77270.0	1.2878333333333334	76.79	640	360	30.0	8	4ca2747ebac688dd818abb61717bf694	55567106f48db698aa0cadb1a50555ce	640	360	1844.0	76.0	105.0	2905.0	False	False	0.9603565951188405	0.9851114193646385
touchdown_pass_1080p_60f	touchdown_pass_1080p_60f	libaom	libaom_20191227_d0f0d3b_enc-mode0	60	20	0	17240396.0	17240.396	40.560333333333325	47.84333333333333	47.96983333333334	40.469034	47.838072	47.964429	96.30130977321326	17966788.0	299.44646666666665	17822.25	1920	1080	29.97	8	82a124bb25f5a49cb09b53fbb4a792ab	8962b7969b0b0ae580b64a5208c0a4a1	1920	1080	17346.0	286.0	4600.0	38876.0	False	False	0.9956936697165172	0.9906682796385993
touchdown_pass_1080p_60f	touchdown_pass_1080p_60f	libaom	libaom_20191227_d0f0d3b_enc-mode0	60	32	0	4310094.0	4310.094	38.59350000000001	46.95583333333333	47.098499999999994	38.572461	46.953753	47.096559	93.95567348769833	8758534.0	145.97556666666668	8725.87	1920	1080	29.97	8	c6ea5139161c8e8b51cfb60c2f115e00	426a2cd905b4d64fa9cb2c7756e98c28	1920	1080	16323.0	286.0	2292.0	43350.0	False	False	0.9937307367722193	0.986352660622606
touchdown_pass_1080p_60f	touchdown_pass_1080p_60f	libaom	libaom_20191227_d0f0d3b_enc-mode0	60	43	0	1914816.0	1914.816	37.337999999999994	46.081333333333355	46.12699999999999	37.314318	46.075587	46.123563	90.73576121673976	4269107.0	71.15178333333333	4214.26	1920	1080	29.97	8	2aeca23ff6517b4f9b610ca31879e090	e9f84c70da1dc8a9e32d8bc1403d8be6	1920	1080	12353.0	310.0	2034.0	27183.0	False	False	0.9908802519241969	0.9811299714265195
touchdown_pass_1080p_60f	touchdown_pass_1080p_60f	libaom	libaom_20191227_d0f0d3b_enc-mode0	60	55	0	957143.0	957.143	35.55433333333333	44.86366666666666	44.95116666666666	35.511942	44.847266	44.938838	83.66595313227188	2174561.0	36.24268333333333	2152.45	1920	1080	29.97	8	0806ee599d3f5bcc5fa038fa7f334aa8	71760302cb8dd355e4753f7c20842b7b	1920	1080	22426.0	280.0	1400.0	48006.0	False	False	0.9820453474919001	0.967297431643117
touchdown_pass_1080p_60f	touchdown_pass_1080p_60f	libaom	libaom_20191227_d0f0d3b_enc-mode0	60	63	0	452446.0	452.446	33.25350000000001	43.234	43.422166666666676	33.19038	43.188034	43.385963	68.91545852174814	1287041.0	21.450683333333334	1272.59	1920	1080	29.97	8	94c11c5dab2b58cbd4bde7f7660a4103	d9f191fcb78455ae415ba4047971519c	1920	1080	11635.0	279.0	1156.0	23915.0	False	False	0.953943986694018	0.9339116223006753
vidyo1_720p_60fps_60f	vidyo1_720p_60fps_60f	libaom	libaom_20191227_d0f0d3b_enc-mode0	60	20	0	3630608.0	3630.608	45.5255	48.100500000000004	49.44316666666667	45.510985	48.093181	49.439869	96.4980864037175	3104895.0	51.74825	3072.95	1280	720	60.0	8	1542303cdc61f6590c27e3693dc8aa16	68934059a9852f11447bf46aae33907a	1280	720	5015.0	132.0	782.0	10098.0	False	False	0.9975080907344818	0.9968976589312591
vidyo1_720p_60fps_60f	vidyo1_720p_60fps_60f	libaom	libaom_20191227_d0f0d3b_enc-mode0	60	32	0	1425008.0	1425.008	44.11666666666666	47.593333333333334	48.77666666666665	44.111443	47.590459	48.775275	95.34824985632225	1723104.0	28.7184	1707.21	1280	720	60.0	8	c35c54937bc138bee29e973739b6973d	8a089caf6f8dab394cf8b2720c0ea9b5	1280	720	5644.0	145.0	570.0	10163.0	False	False	0.9961369425058365	0.9955793378681971
vidyo1_720p_60fps_60f	vidyo1_720p_60fps_60f	libaom	libaom_20191227_d0f0d3b_enc-mode0	60	43	0	752584.0	752.584	42.802	46.93049999999999	47.93066666666668	42.797166	46.928713	47.929596	93.6337058476435	662612.0	11.043533333333333	657.27	1280	720	60.0	8	d17b3ef138bf71b0dd02c7524a5bd4d5	c8d6f9dcd8625611f60a33b9fefc1957	1280	720	4972.0	137.0	481.0	9917.0	False	False	0.9943094233671824	0.9939739712506188
vidyo1_720p_60fps_60f	vidyo1_720p_60fps_60f	libaom	libaom_20191227_d0f0d3b_enc-mode0	60	55	0	414896.0	414.896	40.9795	45.876333333333314	46.47666666666666	40.972672	45.875161	46.47732899999999	90.00847810901148	389105.0	6.485083333333334	384.59	1280	720	60.0	8	909888c9eb98e854fd0aaabe1fd547c2	b4b5e04f75b7109dfdaa791958759531	1280	720	4770.0	132.0	429.0	9990.0	False	False	0.9905601650476455	0.9908578032304118
vidyo1_720p_60fps_60f	vidyo1_720p_60fps_60f	libaom	libaom_20191227_d0f0d3b_enc-mode0	60	63	0	233208.0	233.208	38.2465	43.85533333333333	44.34833333333335	38.206847	43.833852	44.328175	81.94206042947856	275684.0	4.594733333333333	271.51	1280	720	60.0	8	98f5961d70b52f85c4b6df4c667fa3b9	af157b23f387a35467aae0523e59735c	1280	720	5831.0	153.0	419.0	20218.0	False	False	0.9796834458907445	0.9822369797597101
vidyo4_720p_60fps_60f	vidyo4_720p_60fps_60f	libaom	libaom_20191227_d0f0d3b_enc-mode0	60	20	0	4817176.0	4817.176	44.21466666666666	49.929500000000026	50.25149999999998	44.151563	49.922126	50.244884	97.68308379513152	3711189.0	61.85315	3688.82	1280	720	60.0	8	474b48ba5e27355b5a532f3ba9a840d9	cf8de462b79d3a97a11e6ede7c932fb3	1280	720	4926.0	123.0	815.0	9650.0	False	False	0.9964014530181885	0.9956226082876646
vidyo4_720p_60fps_60f	vidyo4_720p_60fps_60f	libaom	libaom_20191227_d0f0d3b_enc-mode0	60	32	0	1782168.0	1782.168	42.827	49.29666666666667	49.61416666666667	42.771377	49.288575	49.607912000000006	96.47385419073497	1702852.0	28.380866666666666	1667.62	1280	720	60.0	8	56615fd35e45c575b7c6b97107189bf8	5f155a95f5d90285245559ecc24c6c51	1280	720	8399.0	146.0	655.0	19934.0	False	False	0.9946586241324743	0.9938761468061319
vidyo4_720p_60fps_60f	vidyo4_720p_60fps_60f	libaom	libaom_20191227_d0f0d3b_enc-mode0	60	43	0	949408.0	949.408	41.63150000000001	48.54233333333334	48.86033333333334	41.576058	48.533109	48.853593	94.63238323607035	794472.0	13.2412	784.73	1280	720	60.0	8	9a4f17daedb88dcb8298dfaabb479c4a	fc0af1c709cfd0d1b9e06e9f58f84f27	1280	720	6917.0	148.0	481.0	12240.0	False	False	0.9922185649474462	0.9916960313050073
vidyo4_720p_60fps_60f	vidyo4_720p_60fps_60f	libaom	libaom_20191227_d0f0d3b_enc-mode0	60	55	0	499248.0	499.248	39.83166666666668	47.189	47.4655	39.779062	47.181181	47.45888	90.77714789557372	472106.0	7.868433333333333	465.59	1280	720	60.0	8	dc30e9bfa33b9e99bbfc1cc372d620c9	0372891b962b218ce938ad2589464a00	1280	720	4753.0	154.0	473.0	10036.0	False	False	0.98581087688605	0.9864771900050614
vidyo4_720p_60fps_60f	vidyo4_720p_60fps_60f	libaom	libaom_20191227_d0f0d3b_enc-mode0	60	63	0	271224.0	271.224	37.32583333333333	45.05883333333333	45.176333333333325	37.285874	45.035361	45.144054	82.54652294084347	335314.0	5.588566666666667	329.17	1280	720	60.0	8	082e0790c3ca4b3c73a998ffb6ed9e00	1719fce159b07b10ba7f52a45da089cc	1280	720	5077.0	148.0	425.0	10190.0	False	False	0.9711205114920934	0.9752237749569868
wikipedia_420	wikipedia_420	libaom	libaom_20191227_d0f0d3b_enc-mode0	60	20	0	1356120.0	1356.12	52.31849999999999	51.55016666666666	52.39133333333333	52.281923	51.439403	52.34012500000001	99.80670208244256	1529525.0	25.492083333333333	1507.91	1920	1080	30.0	8	0bb03920abd96c906868b654eb5c367d	6fce702185460532eea814ff17659455	1920	1080	8322.0	317.0	1000.0	23024.0	False	False	0.9993175397316615	0.9990061120624311
wikipedia_420	wikipedia_420	libaom	libaom_20191227_d0f0d3b_enc-mode0	60	32	0	729156.0	729.1560000000001	47.91883333333336	49.02900000000001	50.10283333333335	47.872569	48.866433	50.05090400000001	99.75980499099994	1456355.0	24.272583333333333	1438.1	1920	1080	30.0	8	33495df786ca592eecb8bf154c0c53ad	c7a043717c295f7ef8a93f5876d766dc	1920	1080	8725.0	295.0	1355.0	24044.0	False	False	0.9988227208455404	0.9981216498628452
wikipedia_420	wikipedia_420	libaom	libaom_20191227_d0f0d3b_enc-mode0	60	43	0	565272.0	565.272	45.12283333333334	46.89533333333332	48.27366666666665	45.039139	46.750395	48.224765	99.67791950903849	977450.0	16.29083333333333	974.75	1920	1080	30.0	8	735480a72997d8a4e77c8dcc06f9c259	0f14e9ecc52e8e9deb0a9028b4d66374	1920	1080	8578.0	318.0	1069.0	26976.0	False	False	0.998490110039711	0.9977137048600685
wikipedia_420	wikipedia_420	libaom	libaom_20191227_d0f0d3b_enc-mode0	60	55	0	428908.0	428.908	41.62666666666667	44.54166666666666	46.02066666666666	41.530159	44.429424	45.967357	99.45283077500406	705710.0	11.761833333333334	694.35	1920	1080	30.0	8	ba3b63c288e9c29a16f580b07dfefaf7	ece8bb159c49e6cdddbc8a5321fe264a	1920	1080	8303.0	270.0	982.0	23091.0	False	False	0.9979616910219192	0.9970861639089287
wikipedia_420	wikipedia_420	libaom	libaom_20191227_d0f0d3b_enc-mode0	60	63	0	328308.0	328.308	37.35616666666667	42.16233333333335	43.518166666666666	37.137476	41.989513	43.439811	97.54556569498219	635135.0	10.585583333333334	631.55	1920	1080	30.0	8	bb84d67f98a98ccf8894bbfbe01ced3f	7003d1fd86ba923d892a71058dee0115	1920	1080	10283.0	276.0	989.0	47305.0	False	False	0.9961118946472803	0.9950693425277134
