KristenAndSara_1280x720_60_10b	KristenAndSara_1280x720_60_10b	svtav1	svtav1_20191227_fd18435_enc-mode0	60	20	0	3389568.0	3389.568	44.959999999999994	49.60299999999998	50.62099999999999	44.953175	49.600892	50.620537	97.1185667846173	2551408.0	42.523466666666664	4195.55	1280	720	60.0	10	3c43ec92509b1f707493e465465d2ac0	337e07d7ba6af80ab3f9bd2f96b2822b	1280	720	7660.0	5.0	1331.0	17394.0	True	True	0.9963481585184734	0.9957805162005691
KristenAndSara_1280x720_60_10b	KristenAndSara_1280x720_60_10b	svtav1	svtav1_20191227_fd18435_enc-mode0	60	32	0	1260976.0	1260.976	43.66383333333333	48.655999999999985	49.65099999999999	43.654937	48.653627	49.649411	96.20910469401548	1424303.0	23.738383333333335	2570.83	1280	720	60.0	10	be759bf4ad8a41a7accd98347cbafe3a	76014ac57967bf6144d211216df5709a	1280	720	7912.0	6.0	872.0	10356.0	True	True	0.9950953483581543	0.9946188839723498
KristenAndSara_1280x720_60_10b	KristenAndSara_1280x720_60_10b	svtav1	svtav1_20191227_fd18435_enc-mode0	60	43	0	668808.0	668.8079999999999	42.25216666666666	47.57633333333334	48.52066666666666	42.234021	47.572233	48.516617	94.62240646257345	1974189.0	32.90315	2110.33	1280	720	60.0	10	51ee9cae138bc8c04018a479eceebfbe	e265d6aa23d1f7ffbc9e1667c8dd583f	1280	720	9810.0	5.0	853.0	21055.0	True	True	0.9927931040525436	0.9926851458294078
KristenAndSara_1280x720_60_10b	KristenAndSara_1280x720_60_10b	svtav1	svtav1_20191227_fd18435_enc-mode0	60	55	0	291288.0	291.28799999999995	39.332499999999996	44.74533333333333	45.90799999999999	39.313731	44.738431	45.902	88.86597373832886	997750.0	16.629166666666666	1520.94	1280	720	60.0	10	d8eb56f02667d30b18ef5931eff4230b	d730e3e7a0bfe66784b7e7a674c36742	1280	720	8916.0	5.0	783.0	12933.0	True	True	0.9849383711814881	0.9863255498815107
KristenAndSara_1280x720_60_10b	KristenAndSara_1280x720_60_10b	svtav1	svtav1_20191227_fd18435_enc-mode0	60	59	0	191896.0	191.896	37.37049999999999	43.05966666666667	44.00666666666668	37.354674	43.056178	44.003695	82.86961562501006	785029.0	13.083816666666667	1336.14	1280	720	60.0	10	70274d06889abbec931316104267406b	a4bba4a9d014ff206da2e9accd07d423	1280	720	7956.0	5.0	745.0	10143.0	True	True	0.9770491818586985	0.9800629891603595
Aerial_1920x1080_2997_10b	Aerial_1920x1080_2997_10b	svtav1	svtav1_20191227_fd18435_enc-mode0	60	20	0	9594352.0	9594.352	43.60699999999999	46.050666666666665	45.36083333333333	43.570986	46.034152999999996	45.346192	96.4739940449606	5947926.0	99.1321	9657.55	1920	1080	29.97	10	b2d11926d6ab22fe1f794abc647e5de6	d67ca28d1d59bbb5405747543f14f8a1	1920	1080	23270.0	4.0	3459.0	25094.0	True	True	0.9989715188741684	0.9979544134561033
Aerial_1920x1080_2997_10b	Aerial_1920x1080_2997_10b	svtav1	svtav1_20191227_fd18435_enc-mode0	60	32	0	5182838.0	5182.838	41.872666666666674	44.86500000000001	44.33416666666667	41.822700000000005	44.850344	44.322921	95.41782782569062	6640084.0	110.66806666666666	11763.44	1920	1080	29.97	10	4a7d694abc034a454859714ea17f8073	30c14b37276833f3bbe171e30d060eb5	1920	1080	33817.0	5.0	2662.0	29468.0	True	True	0.998497681816419	0.9971178068970892
Aerial_1920x1080_2997_10b	Aerial_1920x1080_2997_10b	svtav1	svtav1_20191227_fd18435_enc-mode0	60	43	0	2989089.0	2989.089	39.713166666666666	43.17249999999999	42.99966666666668	39.662458	43.164261	42.996008	93.27390433976147	3843034.0	64.05056666666667	5679.51	1920	1080	29.97	10	b126aa914e9cf80e3eef2a1d8a210951	608c75393741aa14a0bccab3505436dd	1920	1080	22688.0	7.0	2334.0	25330.0	True	True	0.9975018411874771	0.9953935801010533
Aerial_1920x1080_2997_10b	Aerial_1920x1080_2997_10b	svtav1	svtav1_20191227_fd18435_enc-mode0	60	55	0	1162360.0	1162.36	35.0655	40.02700000000002	40.64633333333334	35.052365	40.025313	40.646559	85.80625403576246	2867813.0	47.796883333333334	4381.87	1920	1080	29.97	10	524961d6ea3f50923ba403ba096f5aff	8e039ab180754efd689ed050c2b8d7b2	1920	1080	23241.0	20.0	2098.0	25343.0	True	True	0.9926748444636663	0.9866152450038843
Aerial_1920x1080_2997_10b	Aerial_1920x1080_2997_10b	svtav1	svtav1_20191227_fd18435_enc-mode0	60	59	0	619460.0	619.4600000000002	32.11766666666666	38.43083333333337	39.60633333333331	32.115077	38.429876	39.605969	76.98290474026292	2046235.0	34.10391666666667	3533.97	1920	1080	29.97	10	e7c9dad36ae6249ce6439d00cd49e088	74b8f679153df7df34da83847fec6e1b	1920	1080	23272.0	4.0	1712.0	24524.0	True	True	0.9842231750488282	0.9713278080624558
KristenAndSara_1280x720_60f	KristenAndSara_1280x720_60f	svtav1	svtav1_20191227_fd18435_enc-mode0	60	20	0	3306376.0	3306.3759999999997	44.644666666666666	49.01349999999999	49.91866666666666	44.637878	49.011355	49.917571	96.96090287463988	2776614.0	46.2769	4693.05	1280	720	60.0	8	72d54d6a052d7cffe84186b72dbc8b51	bd70838b0b5f4119c7069b64e101623b	1280	720	5740.0	8.0	892.0	13153.0	True	True	0.9960003823041916	0.9954620649630289
KristenAndSara_1280x720_60f	KristenAndSara_1280x720_60f	svtav1	svtav1_20191227_fd18435_enc-mode0	60	32	0	1369088.0	1369.088	43.545666666666655	48.347500000000004	49.240666666666655	43.5361	48.345147	49.238508	96.10964835320475	2280149.0	38.00248333333333	2694.35	1280	720	60.0	8	b0ddd5734090ffed18c2b16838ef3b71	e16292f11832090fbb3923905b9e3587	1280	720	9264.0	6.0	968.0	35422.0	True	True	0.9948164612054825	0.9943773628364412
KristenAndSara_1280x720_60f	KristenAndSara_1280x720_60f	svtav1	svtav1_20191227_fd18435_enc-mode0	60	43	0	695880.0	695.88	42.15933333333333	47.28533333333334	48.15966666666668	42.143105	47.281455	48.156973	94.56506083825609	966919.0	16.115316666666665	1622.43	1280	720	60.0	8	0aab1e593ac7fe41185852ad3dc03e96	b96b63cad9d3a60a7249585fb75c749b	1280	720	5047.0	4.0	469.0	9738.0	True	True	0.992616065343221	0.99249543504238
KristenAndSara_1280x720_60f	KristenAndSara_1280x720_60f	svtav1	svtav1_20191227_fd18435_enc-mode0	60	55	0	301600.0	301.6	39.33266666666666	44.67233333333333	45.81733333333333	39.310467	44.664912	45.812381	89.2128326486269	901977.0	15.03295	1550.69	1280	720	60.0	8	dce1000b514123b16a7c40e2c3a347d0	faac25bcb01fb6fcf30c893340399478	1280	720	5415.0	5.0	499.0	10738.0	True	True	0.9849338680505753	0.986302187229396
KristenAndSara_1280x720_60f	KristenAndSara_1280x720_60f	svtav1	svtav1_20191227_fd18435_enc-mode0	60	59	0	198472.0	198.472	37.453833333333314	43.042333333333346	44.23133333333332	37.435196	43.0365	44.227465	83.57578900925718	748533.0	12.47555	1235.57	1280	720	60.0	8	37596b9063e182fe21b57506134a12ac	f44915bd33341a0c95699395bc95c42c	1280	720	5147.0	6.0	506.0	10139.0	True	True	0.9774377723534902	0.9802952359382845
DinnerScene_1920x1080_2997_10b	DinnerScene_1920x1080_2997_10b	svtav1	svtav1_20191227_fd18435_enc-mode0	60	20	0	1588760.0	1588.76	41.81933333333332	42.709166666666675	47.54849999999998	41.81822	42.706446	47.548096	91.56699551800558	4953595.0	82.55991666666667	8299.46	1920	1080	29.97	10	cd0048045957467155bef5c8906ab922	1e061f0ae68b9d9b6d3948d1340eb6f9	1920	1080	19966.0	4.0	3159.0	24755.0	True	True	0.9942319631576538	0.9883254300673736
DinnerScene_1920x1080_2997_10b	DinnerScene_1920x1080_2997_10b	svtav1	svtav1_20191227_fd18435_enc-mode0	60	32	0	294798.0	294.798	41.632	42.29383333333331	47.38500000000001	41.6317	42.293107	47.384653	89.83836680896937	3281832.0	54.6972	4959.88	1920	1080	29.97	10	7b4edddd00d4b98a5e60b3cde907bed9	665dc9e7a3eb748c2c5cf72151a6a742	1920	1080	20341.0	4.0	2324.0	25909.0	True	True	0.9934288958708445	0.9875295689607511
DinnerScene_1920x1080_2997_10b	DinnerScene_1920x1080_2997_10b	svtav1	svtav1_20191227_fd18435_enc-mode0	60	43	0	151338.0	151.338	41.382	42.21233333333335	47.20233333333333	41.382151	42.211234	47.201501	86.93879483187943	2755965.0	45.93275	3694.46	1920	1080	29.97	10	53224de101a31579ee8e5ce7dbadcb4c	bc1725afd07ae6f5b96898ef144ca0aa	1920	1080	27836.0	4.0	2048.0	35087.0	True	True	0.99255397717158	0.9866629637537099
DinnerScene_1920x1080_2997_10b	DinnerScene_1920x1080_2997_10b	svtav1	svtav1_20191227_fd18435_enc-mode0	60	55	0	70011.0	70.011	40.59933333333334	41.88950000000001	46.51833333333332	40.595924	41.889239	46.516426	78.44999005951793	2197267.0	36.621116666666666	3099.44	1920	1080	29.97	10	c7cb4fc89f493f12d56e71ea667973e9	bf66d0d1a0d5ab387298ca89ad45a4a3	1920	1080	20728.0	3.0	2006.0	24888.0	True	True	0.9888320038715999	0.9832562086502572
DinnerScene_1920x1080_2997_10b	DinnerScene_1920x1080_2997_10b	svtav1	svtav1_20191227_fd18435_enc-mode0	60	59	0	49779.0	49.779	39.835499999999996	41.544333333333356	45.90866666666666	39.826628	41.544262	45.907528	68.8407974113276	2020500.0	33.675	3010.79	1920	1080	29.97	10	5393db1bfa9c4724aacb9402d17e8459	82e3d5dbe233a9af7be8eff081fa0ae8	1920	1080	21805.0	16.0	1970.0	24116.0	True	True	0.9843427419662476	0.9793335408765139
BarScene1_1920x1080_2997_10b	BarScene1_1920x1080_2997_10b	svtav1	svtav1_20191227_fd18435_enc-mode0	60	20	0	1797877.0	1797.877	42.476000000000006	44.777166666666666	43.78816666666666	42.475273	44.776682	43.787274	93.14466035150706	4338487.0	72.30811666666666	7366.05	1920	1080	29.97	10	9a7ca6f3f46a4922c8c23a065b4db7b8	51a484fa779317ece4d72cd174d2bda7	1920	1080	20599.0	12.0	2500.0	26070.0	True	True	0.9958540747563044	0.9910145872492054
BarScene1_1920x1080_2997_10b	BarScene1_1920x1080_2997_10b	svtav1	svtav1_20191227_fd18435_enc-mode0	60	32	0	474538.0	474.53799999999995	42.14250000000002	44.560666666666656	43.45050000000001	42.141981	44.561459	43.450697	92.0231914425472	3037952.0	50.632533333333335	5105.25	1920	1080	29.97	10	30d6809397908527f103e81f1a223401	729c25ca1514eab0e3f3ad013373d8d8	1920	1080	21081.0	5.0	1930.0	31077.0	True	True	0.995049712061882	0.9900058506926914
BarScene1_1920x1080_2997_10b	BarScene1_1920x1080_2997_10b	svtav1	svtav1_20191227_fd18435_enc-mode0	60	43	0	233184.0	233.184	41.65816666666669	44.38716666666668	43.285833333333336	41.658278	44.386943	43.285587	90.05919899132194	1868704.0	31.145066666666665	3025.01	1920	1080	29.97	10	860d19e555ccab4793b44c5f6cf926cb	47855ba16c19e19e6866c8f8acde03a1	1920	1080	28925.0	35.0	1554.0	32035.0	True	True	0.9938193370898565	0.9884004697563248
BarScene1_1920x1080_2997_10b	BarScene1_1920x1080_2997_10b	svtav1	svtav1_20191227_fd18435_enc-mode0	60	55	0	95958.0	95.958	40.4811666666667	43.83733333333331	42.85066666666664	40.480562	43.836891	42.84999	83.71358582719563	1886195.0	31.436583333333335	2871.17	1920	1080	29.97	10	20f5a7fa682166afe296a1031a7baf6f	e1c3a3c501fa2a66df2bac3957f7344f	1920	1080	21061.0	3.0	1439.0	24815.0	True	True	0.9891264011462529	0.9834582815080758
BarScene1_1920x1080_2997_10b	BarScene1_1920x1080_2997_10b	svtav1	svtav1_20191227_fd18435_enc-mode0	60	59	0	60008.0	60.008	39.50683333333333	43.234333333333325	42.36433333333333	39.505052	43.234423	42.364706	76.91350019600387	1600541.0	26.675683333333332	2684.88	1920	1080	29.97	10	cc5ffbe9201f65ecbfa2bf65427fdd66	63464075773a9da569d4c9b8c670d64d	1920	1080	21280.0	4.0	1498.0	24356.0	True	True	0.9836315512657166	0.9785774662417431
Starting_1920x1080p_50_10b_pq_70	Starting_1920x1080p_50_10b_pq_70	svtav1	svtav1_20191227_fd18435_enc-mode0	60	20	0	4933160.0	4933.16	47.002166666666675	49.899166666666666	51.66599999999998	46.950576	49.835891	51.5698	96.81538201437665	5699992.0	94.99986666666666	5607.1	1920	1080	50.0	10	0cab695f435914e2d974fb4a94252c64	1a5d76179f8b53d71283c0c7d598f269	1920	1080	27673.0	4.0	2306.0	31461.0	True	True	0.999236739675204	0.9981875712993111
Starting_1920x1080p_50_10b_pq_70	Starting_1920x1080p_50_10b_pq_70	svtav1	svtav1_20191227_fd18435_enc-mode0	60	32	0	2466700.0	2466.7	45.51216666666667	48.784	50.18716666666666	45.440151	48.735058	50.125583	95.73344337778066	2733631.0	45.560516666666665	4791.01	1920	1080	50.0	10	fe2fd08c06da72cb39be8e9d24d56616	9a04168b49f4d9850ee3e0bebd98224f	1920	1080	17469.0	4.0	1935.0	23612.0	True	True	0.998805413643519	0.9975057054642094
Starting_1920x1080p_50_10b_pq_70	Starting_1920x1080p_50_10b_pq_70	svtav1	svtav1_20191227_fd18435_enc-mode0	60	43	0	1393120.0	1393.12	43.685166666666646	47.51983333333336	48.4425	43.604651	47.508033	48.427268	93.77645781786508	2125230.0	35.4205	3360.77	1920	1080	50.0	10	da9f153f0ed69eeb70109e7b6176619b	41393e5fdc3e1c542bd501f01e8ae2ea	1920	1080	17609.0	5.0	1847.0	24888.0	True	True	0.9979242155949275	0.9962880894755922
Starting_1920x1080p_50_10b_pq_70	Starting_1920x1080p_50_10b_pq_70	svtav1	svtav1_20191227_fd18435_enc-mode0	60	55	0	560540.0	560.5399999999998	39.64833333333333	44.82483333333333	45.09033333333334	39.609649	44.824268	45.090178	86.56561326505553	1833162.0	30.5527	2869.45	1920	1080	50.0	10	16dc750b945e989de7cd27663a6bb10d	e4bf237d2ef54ebb7a4a1c7fc9feebd4	1920	1080	18377.0	5.0	1885.0	23985.0	True	True	0.9938180734713872	0.9907702334316739
Starting_1920x1080p_50_10b_pq_70	Starting_1920x1080p_50_10b_pq_70	svtav1	svtav1_20191227_fd18435_enc-mode0	60	59	0	326513.0	326.513	36.95816666666668	43.151833333333336	43.31683333333333	36.938534	43.151992	43.316702	78.40733649367553	1732128.0	28.8688	3007.78	1920	1080	50.0	10	0d9efdecd6ef783bf99d4ed51313132c	06edf553f24593eff72f26c4651ace8f	1920	1080	18041.0	4.0	1296.0	22262.0	True	True	0.987806964914004	0.9828542045765694
DOTA2_60f_420	DOTA2_60f_420	svtav1	svtav1_20191227_fd18435_enc-mode0	60	20	0	16061976.0	16061.976	45.54433333333335	49.32733333333335	49.43733333333334	45.517373	49.291016	49.410786	97.57111467452529	5622845.0	93.71408333333333	9483.92	1920	1080	60.0	8	19106a0c81e45eebf3569421857857e5	225f6235b818eb0c6f5294981e7f3baa	1920	1080	12172.0	5.0	2318.0	28632.0	True	True	0.9986594905455907	0.9974210542325228
DOTA2_60f_420	DOTA2_60f_420	svtav1	svtav1_20191227_fd18435_enc-mode0	60	32	0	7853048.0	7853.048	43.062666666666665	47.083166666666685	47.34700000000001	43.013599	47.03168	47.312947	95.76287912209719	4661573.0	77.69288333333333	7590.45	1920	1080	60.0	8	606ee2f61cee61ba418143916ad79119	606156b89eb774b71c8aba7dfb3ffd4c	1920	1080	13326.0	7.0	1761.0	30180.0	True	True	0.9974161018927892	0.9952362155254467
DOTA2_60f_420	DOTA2_60f_420	svtav1	svtav1_20191227_fd18435_enc-mode0	60	43	0	3744976.0	3744.976	40.34499999999999	44.55966666666665	44.92516666666668	40.284956	44.496193999999996	44.887199	92.11068699489347	4079342.0	67.98903333333334	6175.78	1920	1080	60.0	8	80127c9fa6261470751ceb7b5a5c55f2	71726753fbe067539aa03ad5ce398cf8	1920	1080	13392.0	4.0	2184.0	29843.0	True	True	0.9942131370306015	0.9902713679118165
DOTA2_60f_420	DOTA2_60f_420	svtav1	svtav1_20191227_fd18435_enc-mode0	60	55	0	1394232.0	1394.232	36.55133333333331	41.011666666666684	41.340500000000006	36.512251	40.973632	41.3171	81.74341465142531	2189611.0	36.493516666666665	3451.16	1920	1080	60.0	8	76a08d0b563026297426c3f1b7e4d986	3580d33249d0709dba57c507156a0e99	1920	1080	11418.0	4.0	1211.0	23867.0	True	True	0.9802176624536514	0.9733757258711097
DOTA2_60f_420	DOTA2_60f_420	svtav1	svtav1_20191227_fd18435_enc-mode0	60	59	0	880736.0	880.736	34.723666666666674	39.30700000000001	39.59166666666667	34.701947	39.286635	39.57192	72.69831225906529	1936837.0	32.28061666666667	3088.78	1920	1080	60.0	8	ce53e75e31efd92cc58d449e44254b60	25cff1c79a8259a4a3634f5e455a2b44	1920	1080	11737.0	5.0	1181.0	24130.0	True	True	0.9651561270157496	0.9582605742155593
Netflix_PierSeaside_1920x1080_60	Netflix_PierSeaside_1920x1080_60	svtav1	svtav1_20191227_fd18435_enc-mode0	60	20	0	7943112.0	7943.112	45.427000000000014	47.42833333333333	45.51600000000004	45.405516	47.416925	45.501564	99.8843254138116	4579373.0	76.32288333333334	7581.28	1920	1080	60.0	8	f02cadaea06f06cb90681dd4a37e417f	7f1c9cab5d0eaf10a20626f7185f6df7	1920	1080	10086.0	12.0	1948.0	24136.0	True	True	0.9980342199405035	0.9968375029830571
Netflix_PierSeaside_1920x1080_60	Netflix_PierSeaside_1920x1080_60	svtav1	svtav1_20191227_fd18435_enc-mode0	60	32	0	3430616.0	3430.616	43.777333333333324	46.6625	44.91633333333335	43.728429	46.648178	44.900588	99.37168638572504	2979044.0	49.650733333333335	4856.65	1920	1080	60.0	8	24e2c8a3bf7c827e101aa6519f7eda65	e0daf32c06744ac351b5fa160da1ca52	1920	1080	10938.0	4.0	1546.0	23552.0	True	True	0.9971058458089829	0.9954019270526242
Netflix_PierSeaside_1920x1080_60	Netflix_PierSeaside_1920x1080_60	svtav1	svtav1_20191227_fd18435_enc-mode0	60	43	0	1512320.0	1512.32	41.71983333333334	45.44700000000001	44.087500000000006	41.653206	45.433219	44.073682	97.37484134394553	2705341.0	45.089016666666666	4295.24	1920	1080	60.0	8	98903d6b3c4665af547bb4e6cfa41f99	521a809bd2fc0b405f0c5b122ae7c377	1920	1080	11401.0	4.0	2076.0	29454.0	True	True	0.9950266857941945	0.9924023127865038
Netflix_PierSeaside_1920x1080_60	Netflix_PierSeaside_1920x1080_60	svtav1	svtav1_20191227_fd18435_enc-mode0	60	55	0	588968.0	588.968	38.81416666666668	43.08166666666666	42.300000000000004	38.758355	43.071027	42.290851	91.3009995209605	1787827.0	29.797116666666668	2900.25	1920	1080	60.0	8	d35aa8990ac2df92ad22eb3bc833ee24	c68c0e95e11311eb4227b631c13cb586	1920	1080	10213.0	18.0	1396.0	25804.0	True	True	0.989694798986117	0.9857133763266873
Netflix_PierSeaside_1920x1080_60	Netflix_PierSeaside_1920x1080_60	svtav1	svtav1_20191227_fd18435_enc-mode0	60	59	0	341624.0	341.624	36.81899999999998	41.326333333333345	40.74633333333333	36.78523499999999	41.320704	40.742214	84.54098049924225	2619865.0	43.66441666666667	4347.37	1920	1080	60.0	8	ae8da846b3b457804e38dea3ad54cece	e27e74e6a7b0d2c35f8ba6ac0f6e36b7	1920	1080	11983.0	6.0	1398.0	24452.0	True	True	0.9845220615466436	0.9795907684912483
blue_sky_360p_60f	blue_sky_360p_60f	svtav1	svtav1_20191227_fd18435_enc-mode0	60	20	0	1338703.0	1338.703	44.271999999999984	45.73366666666664	47.46383333333332	44.227821	45.673542	47.414621	99.9248176446847	1118182.0	18.636366666666667	1234.24	640	360	25.0	8	326aba449a8e85a038fdc66648798107	77f599a44f03eb02535386f3386eaa5a	640	360	2566.0	5.0	423.0	5171.0	True	True	0.9929622888565064	0.9986137717375179
blue_sky_360p_60f	blue_sky_360p_60f	svtav1	svtav1_20191227_fd18435_enc-mode0	60	32	0	677260.0	677.26	41.523666666666664	43.54616666666667	45.21383333333334	41.442365	43.489959	45.170024	99.91645595398316	743158.0	12.385966666666667	1271.99	640	360	25.0	8	a6fbefe5b2f9c4fe01a35c937943321a	8ab40f29c80470ce152c3e00cb484928	640	360	2400.0	6.0	504.0	5066.0	True	True	0.9899637401103973	0.9979228664696211
blue_sky_360p_60f	blue_sky_360p_60f	svtav1	svtav1_20191227_fd18435_enc-mode0	60	43	0	353790.0	353.79	38.697	40.96533333333332	42.649000000000015	38.593042	40.913348	42.61643	99.55681952879027	602032.0	10.033866666666666	1073.71	640	360	25.0	8	0c1c82c31be149550da699282490907f	efea3dd0a4914670aa31522abf03b253	640	360	2385.0	5.0	286.0	3868.0	True	True	0.9842656036218007	0.9965046910710011
blue_sky_360p_60f	blue_sky_360p_60f	svtav1	svtav1_20191227_fd18435_enc-mode0	60	55	0	161113.0	161.113	35.01283333333333	37.26866666666667	39.45	34.921689	37.232795	39.425573	93.15217134735856	512540.0	8.542333333333334	880.93	640	360	25.0	8	f94b0a0a214003b3389cd5ac6d8675c5	302f26be074e173eb9f31f009777cdf8	640	360	2175.0	18.0	262.0	4824.0	True	True	0.9687399635712306	0.9924658738571434
blue_sky_360p_60f	blue_sky_360p_60f	svtav1	svtav1_20191227_fd18435_enc-mode0	60	59	0	101316.0	101.316	32.58400000000001	35.490500000000004	38.17516666666668	32.549477	35.477416	38.16140600000001	86.40545518986907	297126.0	4.9521	474.87	640	360	25.0	8	aa70dfd175564203833161fe3f957e28	7bb8ef0f844736c1f9bf25ba2576c66c	640	360	1964.0	4.0	250.0	2862.0	True	True	0.9506674865881602	0.9872214221603213
kirland360p_60f	kirland360p_60f	svtav1	svtav1_20191227_fd18435_enc-mode0	60	20	0	266880.0	266.88	47.29216666666667	48.38883333333335	49.57116666666668	47.222397	48.370895	49.555711	95.97993486991975	385253.0	6.420883333333333	661.07	640	360	30.0	8	9f481bd4693e46571df5b54d6f87accd	c41e2ec99d6177ae5fc914e67d3845a9	640	360	1510.0	7.0	182.0	2899.0	True	True	0.9908317625522614	0.9973605881401538
kirland360p_60f	kirland360p_60f	svtav1	svtav1_20191227_fd18435_enc-mode0	60	32	0	136712.0	136.712	46.116666666666674	47.94616666666666	48.872500000000024	45.958697	47.924243	48.842129	94.89527357935418	236838.0	3.9473	410.31	640	360	30.0	8	7bd62369eb2aa980b1c14824edfce496	8056a46f649deb43dfa75ef6781b6e33	640	360	1368.0	4.0	126.0	2823.0	True	True	0.9897320846716563	0.9969558861363798
kirland360p_60f	kirland360p_60f	svtav1	svtav1_20191227_fd18435_enc-mode0	60	43	0	73324.0	73.324	44.21183333333334	47.267000000000024	47.75266666666664	43.950357000000004	47.228922	47.636299	91.96497794308249	358302.0	5.9717	625.49	640	360	30.0	8	1d4f3b08f53dabd6f6cec5343ab29a0f	7fa4bd9b6016078c6e659aa3f32b97ee	640	360	1408.0	46.0	141.0	5824.0	True	True	0.9872787843147913	0.9960431025844318
kirland360p_60f	kirland360p_60f	svtav1	svtav1_20191227_fd18435_enc-mode0	60	55	0	39092.0	39.092	41.291666666666664	46.166000000000004	46.143833333333326	40.924892	46.063842	45.830793	85.43267888277911	190927.0	3.1821166666666665	299.1	640	360	30.0	8	70c4afaf0c232de6ae6460f27b2ad63e	36b2859475661edfa765be0deffb7540	640	360	1422.0	5.0	116.0	2932.0	True	True	0.9813016444444657	0.993755189510973
kirland360p_60f	kirland360p_60f	svtav1	svtav1_20191227_fd18435_enc-mode0	60	59	0	28492.0	28.492	39.35100000000001	45.32316666666667	45.13649999999999	38.975173	45.188837	44.793828	79.21739274157153	153640.0	2.5606666666666666	253.96	640	360	30.0	8	f96d1ad5e08fbba2cf7c9fc3ff919ae4	a512d9bf8f04db7c161ee6309686c80e	640	360	1335.0	4.0	113.0	2967.0	True	True	0.9747931132713954	0.9908891373701381
niklas360p_60f	niklas360p_60f	svtav1	svtav1_20191227_fd18435_enc-mode0	60	20	0	1436868.0	1436.868	44.38716666666666	47.870166666666655	47.577500000000015	44.30834	47.796495	47.497895	98.31978110940813	857086.0	14.284766666666666	1460.02	640	360	30.0	8	c5bb6d10593c8cd48f2d5211e9d0e454	66bfbc53907a6fcaf4c6a4f065edfddc	640	360	1812.0	4.0	458.0	3190.0	True	True	0.9866214245557785	0.9968778618272142
niklas360p_60f	niklas360p_60f	svtav1	svtav1_20191227_fd18435_enc-mode0	60	32	0	776460.0	776.4600000000002	41.901833333333336	46.35349999999999	45.818666666666665	41.806702	46.292432	45.747405	96.63570929906426	1142420.0	19.040333333333333	1076.19	640	360	30.0	8	447078bf0273b7b7bc77046a77eb0fed	1d75156a86efd474f6024a26b37225b0	640	360	3115.0	4.0	335.0	3969.0	True	True	0.981138625741005	0.995194282477834
niklas360p_60f	niklas360p_60f	svtav1	svtav1_20191227_fd18435_enc-mode0	60	43	0	415612.0	415.612	38.98316666666666	44.61416666666666	43.78949999999999	38.886958	44.573063	43.742415	93.17894908852992	516553.0	8.609216666666667	843.42	640	360	30.0	8	9e454d81198114e182a4391fbe2d119a	48767e3e9f6d3710cb1993c49f33a96d	640	360	1616.0	5.0	283.0	3023.0	True	True	0.9711598833401998	0.9918020429026176
niklas360p_60f	niklas360p_60f	svtav1	svtav1_20191227_fd18435_enc-mode0	60	55	0	202780.0	202.78	35.31433333333334	42.181833333333344	41.058166666666686	35.246217	42.145786	41.028366	85.03374186312575	353777.0	5.896283333333334	589.49	640	360	30.0	8	42c92e1ba2486d50c54c35a462b78084	0c9632dc5e94d3fe0118c8d22f9a38ce	640	360	1732.0	4.0	230.0	2985.0	True	True	0.9479923168818156	0.9826867110827794
niklas360p_60f	niklas360p_60f	svtav1	svtav1_20191227_fd18435_enc-mode0	60	59	0	137228.0	137.228	33.29133333333333	40.75450000000001	39.37916666666668	33.253828	40.738767	39.349065	78.4243259244789	347995.0	5.799916666666666	577.65	640	360	30.0	8	2f3637334818b78e3462c09512468617	0d0b4a20ae2ab9a2c0bc31a4a4141f3a	640	360	1847.0	37.0	216.0	3254.0	True	True	0.926386218269666	0.9733508442276191
RollerCoastPas_1920x1080_2997_10	RollerCoastPas_1920x1080_2997_10	svtav1	svtav1_20191227_fd18435_enc-mode0	60	20	0	3150494.0	3150.494	45.102499999999985	45.31199999999999	43.89416666666667	45.10079600000001	45.311338	43.892643	97.10978868215417	4257157.0	70.95261666666667	7192.34	1920	1080	29.97	10	e6b272477955ab5513ad99f8d94e72c4	948666ee90f807429545f255f06a34d1	1920	1080	21189.0	19.0	2299.0	24526.0	True	True	0.998641640941302	0.996911301663155
RollerCoastPas_1920x1080_2997_10	RollerCoastPas_1920x1080_2997_10	svtav1	svtav1_20191227_fd18435_enc-mode0	60	32	0	1375640.0	1375.64	43.95166666666665	44.589666666666645	43.09083333333332	43.950144	44.589393	43.089555	96.35299115861972	3565254.0	59.4209	5212.28	1920	1080	29.97	10	dac3e63a13bca8e39bab0574272fdbdd	4e5980643170cda3a39244a571ca636f	1920	1080	21790.0	3.0	1763.0	24382.0	True	True	0.9981006056070327	0.996006190094896
RollerCoastPas_1920x1080_2997_10	RollerCoastPas_1920x1080_2997_10	svtav1	svtav1_20191227_fd18435_enc-mode0	60	43	0	766608.0	766.608	42.34066666666669	43.59249999999998	42.248833333333344	42.334561	43.591822	42.24831	94.88791357104347	2728440.0	45.474	4286.99	1920	1080	29.97	10	3f918a3f99461956348fa6ea90fc45fc	17f460b257326cd8a037cf68595d9e68	1920	1080	21885.0	4.0	2173.0	26785.0	True	True	0.9969567626714706	0.9942474458220013
RollerCoastPas_1920x1080_2997_10	RollerCoastPas_1920x1080_2997_10	svtav1	svtav1_20191227_fd18435_enc-mode0	60	55	0	315396.0	315.396	38.67983333333333	41.03216666666666	39.91649999999998	38.668899	41.031305	39.914223	88.87724011326983	2201484.0	36.6914	3611.76	1920	1080	29.97	10	041964a1c2dd2acd3c97978b3d71696e	7b82fb28d44f659943871885f0c64404	1920	1080	21263.0	4.0	1988.0	25710.0	True	True	0.9914799978335699	0.9869963386375884
RollerCoastPas_1920x1080_2997_10	RollerCoastPas_1920x1080_2997_10	svtav1	svtav1_20191227_fd18435_enc-mode0	60	59	0	201620.0	201.62	36.42616666666667	39.44149999999999	38.41799999999999	36.412962	39.440245	38.416554	81.7217462790592	1993016.0	33.21693333333333	3318.22	1920	1080	29.97	10	c3967761b9cc85252244b20caecee9e3	742824791172d2006c51e8f94652b3e7	1920	1080	19934.0	16.0	1326.0	24771.0	True	True	0.9844047357638677	0.978466966394556
ShowGirl2TeaserClip4000_1920x108	ShowGirl2TeaserClip4000_1920x108	svtav1	svtav1_20191227_fd18435_enc-mode0	60	20	0	3157506.0	3157.506	42.41600000000001	46.651833333333336	49.511999999999986	42.413908	46.650616	49.510428	95.41483780380075	4761198.0	79.3533	8811.66	1920	1080	25.0	10	612f06db0724b5c7d714f311a7d12ec7	c180dfc5bd3307de1b9d92ca15c44a50	1920	1080	20235.0	2.0	2723.0	23578.0	True	True	0.9960982034603755	0.9915306527800446
ShowGirl2TeaserClip4000_1920x108	ShowGirl2TeaserClip4000_1920x108	svtav1	svtav1_20191227_fd18435_enc-mode0	60	32	0	1330093.0	1330.093	41.692833333333326	46.27316666666666	48.86249999999997	41.688913	46.270747	48.861346	93.56444382824105	4953061.0	82.55101666666667	8237.4	1920	1080	25.0	10	cabb0dc71663646e253b12fe755ed0e0	718949cd148d3aaf32c1d8e8f2528cb6	1920	1080	22148.0	10.0	2630.0	26551.0	True	True	0.9950013140837352	0.9901463156372038
ShowGirl2TeaserClip4000_1920x108	ShowGirl2TeaserClip4000_1920x108	svtav1	svtav1_20191227_fd18435_enc-mode0	60	43	0	693506.0	693.506	40.668	45.81133333333332	48.07966666666664	40.654832000000006	45.80923599999999	48.078758	90.10879000177066	2556195.0	42.60325	4363.21	1920	1080	25.0	10	8d48d7d96ba79b5bf352ccd1cc5e7375	b86f8123a174aaea11b36dc86020965d	1920	1080	21269.0	3.0	1743.0	25042.0	True	True	0.9930944164594014	0.9879932497076693
ShowGirl2TeaserClip4000_1920x108	ShowGirl2TeaserClip4000_1920x108	svtav1	svtav1_20191227_fd18435_enc-mode0	60	55	0	294080.0	294.08	38.455	44.634833333333354	46.389	38.432682	44.63416300000001	46.388263	81.28542426312269	2880121.0	48.00201666666667	4560.75	1920	1080	25.0	10	67ff6dba7d5c742c6aaa50495b8945a3	e45d9fd5f55d6cae12419f29b47b55d6	1920	1080	25341.0	4.0	1915.0	57283.0	True	True	0.9867258618275324	0.9811509463162952
ShowGirl2TeaserClip4000_1920x108	ShowGirl2TeaserClip4000_1920x108	svtav1	svtav1_20191227_fd18435_enc-mode0	60	59	0	181690.0	181.69	36.756499999999996	43.493666666666655	45.14616666666668	36.740102	43.493729	45.145708	72.45049678287037	4991338.0	83.18896666666667	7975.84	1920	1080	25.0	10	1717938d9dc1b44a5fa12742af54ef40	fb86447e3da5d04ee3a6e4526baa8f7e	1920	1080	19412.0	4.0	2195.0	30391.0	True	True	0.9787388801574707	0.9729321871325101
STARCRAFT_60f_420	STARCRAFT_60f_420	svtav1	svtav1_20191227_fd18435_enc-mode0	60	20	0	6964360.0	6964.36	49.84150000000001	53.015333333333345	53.02166666666667	49.832296	53.008148	53.018059	97.50722041282772	2223750.0	37.0625	3740.25	1920	1080	60.0	8	2f53eb7923fef7ff8d491de05d6a75dc	4979836704a7764132ff92874e1aa5bd	1920	1080	10302.0	3.0	1186.0	23985.0	True	True	0.9995338251193364	0.9991089843151771
STARCRAFT_60f_420	STARCRAFT_60f_420	svtav1	svtav1_20191227_fd18435_enc-mode0	60	32	0	4383280.0	4383.28	47.09033333333334	51.08000000000002	51.242	47.071705	51.064216	51.233609	96.82831463916915	3674097.0	61.23495	3248.29	1920	1080	60.0	8	423ee6d9d6ca834a00d3e87f72312e41	220c3c9e756fce018138f74f43d2ab05	1920	1080	18801.0	5.0	1049.0	46198.0	True	True	0.9990775515635808	0.9983615320449235
STARCRAFT_60f_420	STARCRAFT_60f_420	svtav1	svtav1_20191227_fd18435_enc-mode0	60	43	0	2693104.0	2693.104	44.00599999999999	48.91616666666667	49.04699999999999	43.972299	48.883425	49.032671	95.50640477934276	1727325.0	28.78875	2741.47	1920	1080	60.0	8	e88ab92ff5efc3354aa1500c68585822	f1e636b562f7ae90a53ec30391e5d046	1920	1080	9830.0	3.0	1290.0	24977.0	True	True	0.9981293857097626	0.996945014093916
STARCRAFT_60f_420	STARCRAFT_60f_420	svtav1	svtav1_20191227_fd18435_enc-mode0	60	55	0	1057064.0	1057.064	38.545333333333346	44.49183333333334	44.66633333333332	38.525315	44.470099	44.652064	89.69826119404266	2508193.0	41.803216666666664	4468.46	1920	1080	60.0	8	958a022fc269f19657475e6392a131c4	1221cddf494226f5ad751bbaed0a8162	1920	1080	11257.0	5.0	1420.0	30571.0	True	True	0.9921814739704132	0.9889015725264346
STARCRAFT_60f_420	STARCRAFT_60f_420	svtav1	svtav1_20191227_fd18435_enc-mode0	60	59	0	583440.0	583.44	35.320166666666665	41.89083333333333	42.06333333333334	35.306723	41.877377	42.050418	81.87188554500514	1536813.0	25.61355	2521.43	1920	1080	60.0	8	e79a8415f3d51abc8b45a06c057218de	a4a1eb6342a71355e4e276f7f930a066	1920	1080	11425.0	4.0	1034.0	24804.0	True	True	0.9822216739257177	0.9768014484854937
gipsrestat720p_60f	gipsrestat720p_60f	svtav1	svtav1_20191227_fd18435_enc-mode0	60	20	0	3510466.0	3510.466	44.9045	47.46566666666667	49.08133333333332	44.893482999999996	47.461417	49.078295	96.9875482083797	2481352.0	41.355866666666664	4060.5	1280	720	50.0	8	182024537c342a1aaea2c73b7307db47	de2bb213ff36d20f1a8719dea629661c	1280	720	5711.0	4.0	1034.0	10756.0	True	True	0.9976511240005493	0.9969955928745914
gipsrestat720p_60f	gipsrestat720p_60f	svtav1	svtav1_20191227_fd18435_enc-mode0	60	32	0	1343873.0	1343.873	43.315500000000014	46.87333333333333	48.36666666666667	43.292983	46.8696	48.362247	95.8460612828413	1647190.0	27.453166666666668	2795.88	1280	720	50.0	8	b13279c3577505a7d143d4bb84d062e9	c557d6a9428e6504d1b7af45b6254254	1280	720	6202.0	7.0	1209.0	11538.0	True	True	0.9966540634632111	0.9959871496636062
gipsrestat720p_60f	gipsrestat720p_60f	svtav1	svtav1_20191227_fd18435_enc-mode0	60	43	0	679866.0	679.866	41.614833333333344	45.94416666666668	47.21416666666665	41.574357	45.942165	47.211351	94.06843944714075	2225001.0	37.08335	2437.21	1280	720	50.0	8	53990078894f15b6df7813487e2864a1	34eede997cdc8d5536f2544d92d6acff	1280	720	8667.0	8.0	747.0	33805.0	True	True	0.9949668119351069	0.9944100482007342
gipsrestat720p_60f	gipsrestat720p_60f	svtav1	svtav1_20191227_fd18435_enc-mode0	60	55	0	304220.0	304.22	38.45	43.6245	44.565500000000014	38.429891	43.623237	44.564876	88.51392779451189	850917.0	14.18195	1370.9	1280	720	50.0	8	3e63e576adefadb2f03505b5d1097498	19fe901acab41c4548a1b5747d45a589	1280	720	5674.0	4.0	483.0	11098.0	True	True	0.9882980853319168	0.9885765179110165
gipsrestat720p_60f	gipsrestat720p_60f	svtav1	svtav1_20191227_fd18435_enc-mode0	60	59	0	209020.0	209.02	36.57183333333333	42.202499999999986	42.86383333333334	36.562713	42.201021	42.863002	83.61506108232405	971564.0	16.192733333333333	1247.1	1280	720	50.0	8	ede3db04056eab57a8cd4c9a0546d3f1	31f448128fb2b5f3fc18bf0373cebf4b	1280	720	5976.0	5.0	399.0	12929.0	True	True	0.9810813973347347	0.9825468198964307
red_kayak_360p_60f	red_kayak_360p_60f	svtav1	svtav1_20191227_fd18435_enc-mode0	60	20	0	9211573.0	9211.573	41.12516666666666	44.75933333333333	49.210166666666666	41.045292	44.726257	49.199507	99.89570751606405	1514765.0	25.246083333333335	2613.7	640	360	29.97	8	9d70f6997c62873df72e842889d41da2	4d9bf15502191a936f89f43eb8cee9eb	640	360	2008.0	3.0	1020.0	2969.0	True	True	0.972682535648346	0.9944154944148689
red_kayak_360p_60f	red_kayak_360p_60f	svtav1	svtav1_20191227_fd18435_enc-mode0	60	32	0	5412987.0	5412.987	36.57483333333333	42.2845	47.884	36.411174	42.230105	47.871359	99.74735087961875	1419806.0	23.663433333333334	2332.93	640	360	29.97	8	2b3b746faa810d628e2de6655e4af83b	2db5a958f0e95f00c182d57de653b3cd	640	360	1958.0	4.0	1155.0	3095.0	True	True	0.9408555517594019	0.986357164287067
red_kayak_360p_60f	red_kayak_360p_60f	svtav1	svtav1_20191227_fd18435_enc-mode0	60	43	0	2383531.0	2383.531	31.82916666666667	39.896166666666666	46.67949999999999	31.682313	39.852873	46.656461	85.82611362321431	1113922.0	18.565366666666666	1997.74	640	360	29.97	8	3c045cbd03cab5a7ae1a6b423fd7485c	a532cd7007073b16e1b17892261e3160	640	360	3205.0	34.0	867.0	9381.0	True	True	0.8689722796281178	0.9651020926137054
red_kayak_360p_60f	red_kayak_360p_60f	svtav1	svtav1_20191227_fd18435_enc-mode0	60	55	0	699879.0	699.879	27.928833333333326	38.06683333333334	45.422	27.836688	38.040117	45.352697	57.65806933224805	863524.0	14.392066666666667	1574.72	640	360	29.97	8	d999aefbd2d4375e9933d7d48fac094d	8b2647bed6fa4abd5704b3c468a4da7d	640	360	2019.0	4.0	389.0	2964.0	True	True	0.7500983158747355	0.9160125315986989
red_kayak_360p_60f	red_kayak_360p_60f	svtav1	svtav1_20191227_fd18435_enc-mode0	60	59	0	372381.0	372.381	26.757499999999997	37.471000000000004	44.9885	26.686613	37.447232	44.886967	42.680281111011645	552220.0	9.203666666666667	984.53	640	360	29.97	8	564507f454edf9d6fc1876d1a23ceaf6	f03cdd9f6b5d6d8cb31d00b4bd3d8a0a	640	360	2626.0	3.0	292.0	2884.0	True	True	0.7014517416556676	0.8837870346186936
shields_640x360_60f	shields_640x360_60f	svtav1	svtav1_20191227_fd18435_enc-mode0	60	20	0	2348953.0	2348.953	42.405999999999985	45.61316666666667	47.30616666666666	42.27584	45.591636	47.239795	99.44134088487107	791015.0	13.183583333333333	1413.45	640	360	50.0	8	f6f8e7a6c566132a10e6805294d34b50	aa842ca16573a82d56a91a64fe201d1c	640	360	2351.0	4.0	343.0	2925.0	True	True	0.9857297033071518	0.9982913498352598
shields_640x360_60f	shields_640x360_60f	svtav1	svtav1_20191227_fd18435_enc-mode0	60	32	0	1259506.0	1259.506	40.70216666666666	44.07416666666666	45.6215	40.50497	44.038437	45.515330999999996	99.43734546610257	745538.0	12.425633333333334	1228.53	640	360	50.0	8	de1fe0953dff2570b703ccc415f51edb	e953ad14b6d13dc28d9b6b4018eaa105	640	360	4191.0	41.0	338.0	3340.0	True	True	0.9812307933966319	0.9976580154554481
shields_640x360_60f	shields_640x360_60f	svtav1	svtav1_20191227_fd18435_enc-mode0	60	43	0	665026.0	665.026	38.161500000000004	41.36583333333332	43.152499999999996	37.887573	41.285067	42.989282	99.39281774910799	372682.0	6.211366666666667	666.82	640	360	50.0	8	4b786e90bebfec8a5ba929ea358d6ea0	32c527d7a650c463975bd9e91b46a45e	640	360	2670.0	13.0	210.0	2882.0	True	True	0.9702499111493429	0.9958807908037666
shields_640x360_60f	shields_640x360_60f	svtav1	svtav1_20191227_fd18435_enc-mode0	60	55	0	324026.0	324.026	34.45899999999999	38.108500000000014	40.191666666666656	34.104396	37.946771	39.947941	95.40627951030811	342414.0	5.7069	577.31	640	360	50.0	8	f7e19db07e5f0ae2a16d5eadadd10d12	0fc22a886852db9ea938d79b23280fe7	640	360	2320.0	5.0	187.0	3013.0	True	True	0.9405975580215454	0.9899984280157726
shields_640x360_60f	shields_640x360_60f	svtav1	svtav1_20191227_fd18435_enc-mode0	60	59	0	206466.0	206.466	31.874333333333336	36.324499999999986	38.41099999999999	31.455419	36.111484	38.172986	88.42789023298546	320120.0	5.335333333333334	495.0	640	360	50.0	8	d3e1f637d85af7cd45d46332de767c79	8ff082a9f720dfc49acfe916a29e124a	640	360	2301.0	4.0	161.0	3200.0	True	True	0.9018343895673752	0.9808446193859732
thaloundeskmtg360p_60f	thaloundeskmtg360p_60f	svtav1	svtav1_20191227_fd18435_enc-mode0	60	20	0	842044.0	842.044	44.62999999999999	48.5365	48.57099999999999	44.452716	48.495023999999994	48.541019	96.91818064636642	648700.0	10.811666666666667	1154.95	640	360	30.0	8	db14839727ce8dd6f514706a12b40492	4cad25fc1add464cc07f46f8c8120fd4	640	360	1675.0	5.0	274.0	3101.0	True	True	0.992320058743159	0.9983485932938356
thaloundeskmtg360p_60f	thaloundeskmtg360p_60f	svtav1	svtav1_20191227_fd18435_enc-mode0	60	32	0	439304.0	439.304	42.990166666666674	47.26983333333332	47.38516666666667	42.745061	47.234839	47.364734	95.79608153386502	481827.0	8.03045	813.29	640	360	30.0	8	f04145be33dd890f72c10a899f466139	7ea0113de8946459b5e953d11e6ff237	640	360	1719.0	4.0	202.0	3366.0	True	True	0.9900692979494731	0.9976410091234741
thaloundeskmtg360p_60f	thaloundeskmtg360p_60f	svtav1	svtav1_20191227_fd18435_enc-mode0	60	43	0	249980.0	249.98	40.98366666666667	45.713499999999996	45.874833333333335	40.681292	45.68632	45.856018999999996	93.55422796408398	383455.0	6.390916666666667	625.67	640	360	30.0	8	4279c2f0f47df58a14c871087f855951	7cbc1a6e9eee360ee8303b0b6b31286a	640	360	1931.0	5.0	159.0	2903.0	True	True	0.9862636258204778	0.9963073901093101
thaloundeskmtg360p_60f	thaloundeskmtg360p_60f	svtav1	svtav1_20191227_fd18435_enc-mode0	60	55	0	123988.0	123.988	37.56766666666666	42.851500000000016	42.91283333333333	37.318318	42.830896	42.896768	87.33871884628046	254023.0	4.233716666666667	406.4	640	360	30.0	8	5c0ccf5b8e0784da7e19bac1825356d7	cd3a359b6cbd8d8c4f0ca55c9476e0ef	640	360	2487.0	4.0	121.0	3822.0	True	True	0.9760240485270818	0.992046251035345
thaloundeskmtg360p_60f	thaloundeskmtg360p_60f	svtav1	svtav1_20191227_fd18435_enc-mode0	60	59	0	83756.0	83.756	35.28800000000001	40.99033333333334	41.123999999999995	34.977186	40.978349	41.104157	81.4890407332942	587562.0	9.7927	584.94	640	360	30.0	8	bb5e75aee6249963740bf15b2da76525	c108c6c2348b37e40adc95567ebcdc43	640	360	3698.0	7.0	192.0	10217.0	True	True	0.9652437527974447	0.9872104825091103
Sintel_Dragons_1920x816_24_10b	Sintel_Dragons_1920x816_24_10b	svtav1	svtav1_20191227_fd18435_enc-mode0	60	20	0	5201075.0	5201.075	46.88233333333332	51.23666666666664	51.442999999999984	46.80851	51.210975	51.399512	99.91228090591758	5882551.0	98.04251666666667	10136.11	1920	816	24.0	10	c5c3d00e0ade6e6d1f9a33a6345d0323	4a3d7ff8c39028726a4628ab7feaed2a	1920	816	10106.0	4.0	3434.0	16545.0	True	True	0.9966852724552154	0.9968482343783499
Sintel_Dragons_1920x816_24_10b	Sintel_Dragons_1920x816_24_10b	svtav1	svtav1_20191227_fd18435_enc-mode0	60	32	0	2659824.0	2659.824	43.811000000000014	48.806000000000004	48.92166666666666	43.734435	48.770748	48.852884	99.89337600396553	4696594.0	78.27656666666667	7834.86	1920	816	24.0	10	7f8adc9133c93f0177495563f7322cd0	35c6041d569afda4abeb9ede8ab18ae1	1920	816	10783.0	4.0	3386.0	16690.0	True	True	0.9940313448508581	0.9944637509263228
Sintel_Dragons_1920x816_24_10b	Sintel_Dragons_1920x816_24_10b	svtav1	svtav1_20191227_fd18435_enc-mode0	60	43	0	1383798.0	1383.798	40.808166666666665	46.39083333333333	46.48316666666666	40.735324	46.345497	46.397732	97.93240931702032	3626797.0	60.446616666666664	6395.36	1920	816	24.0	10	842da341bfc12d0bfb1fcf4a89ccbf1e	be22c158a56dc87a8a306376fc1e0edb	1920	816	12258.0	5.0	2888.0	24670.0	True	True	0.9884529014428457	0.989746858684599
Sintel_Dragons_1920x816_24_10b	Sintel_Dragons_1920x816_24_10b	svtav1	svtav1_20191227_fd18435_enc-mode0	60	55	0	671820.0	671.82	37.399	43.45516666666667	43.65200000000001	37.343874	43.412346	43.580862	85.0534227856245	3017550.0	50.2925	5006.22	1920	816	24.0	10	9fa3f82c38fb39e53fda4b07056bb534	9c50a085a362508afd77c0e54d01fff8	1920	816	10817.0	4.0	1905.0	15840.0	True	True	0.9752499798933665	0.9790318518175928
Sintel_Dragons_1920x816_24_10b	Sintel_Dragons_1920x816_24_10b	svtav1	svtav1_20191227_fd18435_enc-mode0	60	59	0	479808.0	479.808	35.78466666666665	41.99733333333334	42.20383333333334	35.732354	41.953972	42.138506	75.85104717935134	3169169.0	52.81948333333333	5345.16	1920	816	24.0	10	87e8f3511188b211b5c9760f822addd1	7e33fe606cec05757c49df85ad1bdade	1920	816	11701.0	5.0	2331.0	16778.0	True	True	0.9649004340171814	0.970696267101615
Netflix_Aerial_1920x1080_60fps_8	Netflix_Aerial_1920x1080_60fps_8	svtav1	svtav1_20191227_fd18435_enc-mode0	60	20	0	21693968.0	21693.968	42.757166666666656	45.684000000000005	45.39266666666668	42.73309299999999	45.67581400000001	45.386824	96.68294472067367	7517995.0	125.29991666666666	12784.6	1920	1080	60.0	8	7a191a4b6436b8d4a2ab9d7b9a3af77b	4ad5f1a23657d8199664130cf8d557b0	1920	1080	12643.0	4.0	3024.0	23525.0	True	True	0.9979279239972433	0.996525873100556
Netflix_Aerial_1920x1080_60fps_8	Netflix_Aerial_1920x1080_60fps_8	svtav1	svtav1_20191227_fd18435_enc-mode0	60	32	0	10769856.0	10769.856	40.83266666666665	44.53983333333333	44.53133333333332	40.771248	44.525708	44.527269	94.47662792305488	6132243.0	102.20405	9666.67	1920	1080	60.0	8	7053b7646de658c87fe3a89927367587	b3dd610534e2959b917cdcd70b455618	1920	1080	13321.0	3.0	2335.0	23964.0	True	True	0.9965229014555613	0.9944206841250776
Netflix_Aerial_1920x1080_60fps_8	Netflix_Aerial_1920x1080_60fps_8	svtav1	svtav1_20191227_fd18435_enc-mode0	60	43	0	5004216.0	5004.216	38.26883333333334	42.76549999999998	43.27066666666667	38.19651	42.759913	43.268285	90.7412651183282	5169770.0	86.16283333333334	8149.38	1920	1080	60.0	8	8eb03dcdd022afa5cd99e692323b6827	31d1754a03582a137a28fbec938e1880	1920	1080	16977.0	4.0	2335.0	61457.0	True	True	0.993502676486969	0.989610853025758
Netflix_Aerial_1920x1080_60fps_8	Netflix_Aerial_1920x1080_60fps_8	svtav1	svtav1_20191227_fd18435_enc-mode0	60	55	0	1754872.0	1754.872	34.349000000000004	40.236833333333344	41.57716666666668	34.324052	40.230159	41.568678	80.79899259795735	4464909.0	74.41515	4233.43	1920	1080	60.0	8	a90e22327a41f697bed00d159ce775da	c3351d6d2481726ceeb035087909969a	1920	1080	15621.0	6.0	1585.0	47908.0	True	True	0.9825465927521387	0.9713250732021532
Netflix_Aerial_1920x1080_60fps_8	Netflix_Aerial_1920x1080_60fps_8	svtav1	svtav1_20191227_fd18435_enc-mode0	60	59	0	966592.0	966.592	32.27333333333333	39.04316666666666	40.92566666666667	32.266239	39.034002	40.914792	71.15128533450287	2837126.0	47.28543333333333	4771.46	1920	1080	60.0	8	50d67356962d6830097715f3849c2f2d	9c6535e6b368cda9852666d86bb2ed37	1920	1080	13629.0	5.0	1332.0	28629.0	True	True	0.9671692053476969	0.9480978223777922
Netflix_Boat_1920x1080_60fps_8bi	Netflix_Boat_1920x1080_60fps_8bi	svtav1	svtav1_20191227_fd18435_enc-mode0	60	20	0	29415176.0	29415.176	43.68583333333333	46.1625	47.871833333333335	43.660649	46.135274	47.85153	99.90901912057738	9108777.0	151.81295	14826.03	1920	1080	60.0	8	6ddbb122b11454963fdc94f9ede05c90	614d4d5f5befbc3ca8ab903f12bb5420	1920	1080	14300.0	5.0	2969.0	22826.0	True	True	0.9993163069089254	0.9985890124615526
Netflix_Boat_1920x1080_60fps_8bi	Netflix_Boat_1920x1080_60fps_8bi	svtav1	svtav1_20191227_fd18435_enc-mode0	60	32	0	16613744.0	16613.744	41.29200000000001	44.65116666666666	46.08250000000001	41.238174	44.620942	46.064912	99.67204970485643	5176500.0	86.275	9134.05	1920	1080	60.0	8	8e9ac12296a0740dd100908abee508a4	1abfe59795b7f7c8db3000a999e06d51	1920	1080	13430.0	5.0	2468.0	23641.0	True	True	0.9988431841135025	0.9976800897643301
Netflix_Boat_1920x1080_60fps_8bi	Netflix_Boat_1920x1080_60fps_8bi	svtav1	svtav1_20191227_fd18435_enc-mode0	60	43	0	8905816.0	8905.816	38.17316666666667	42.812	43.78966666666666	38.090405	42.784674	43.779476	96.06371663226777	4986238.0	83.10396666666666	8399.41	1920	1080	60.0	8	68f4974b8d7419429655a7d977d7166c	1e593c658aa0129e9f11f96146464d46	1920	1080	14157.0	12.0	2497.0	25334.0	True	True	0.9975774010022481	0.9952145785861638
Netflix_Boat_1920x1080_60fps_8bi	Netflix_Boat_1920x1080_60fps_8bi	svtav1	svtav1_20191227_fd18435_enc-mode0	60	55	0	3869864.0	3869.864	33.90166666666667	40.588	41.07249999999999	33.828252	40.559614	41.069645	86.46480696327302	2680974.0	44.6829	4651.63	1920	1080	60.0	8	3295524f4bfeb3abed41aeb1dda60162	824d0ac81d4e9b05190e64cfd0b15150	1920	1080	14366.0	4.0	1516.0	23623.0	True	True	0.9924293080965678	0.9858346999290348
Netflix_Boat_1920x1080_60fps_8bi	Netflix_Boat_1920x1080_60fps_8bi	svtav1	svtav1_20191227_fd18435_enc-mode0	60	59	0	2404200.0	2404.2	31.516000000000002	39.09216666666666	39.41233333333336	31.483399	39.075364	39.41111	77.81188760537594	3295397.0	54.92328333333333	5127.2	1920	1080	60.0	8	002776cd821386f83655d7d25ee0849d	8c87d1aae225e94ecb6adc0913d54b6d	1920	1080	14270.0	15.0	1657.0	24747.0	True	True	0.9846504429976145	0.9721129518769968
Netflix_DrivingPOV_1280x720_60fp	Netflix_DrivingPOV_1280x720_60fp	svtav1	svtav1_20191227_fd18435_enc-mode0	60	20	0	11543248.0	11543.248	42.8465	46.54366666666667	45.211000000000006	42.8246	46.536693	45.205088	99.68568995220993	4051159.0	67.51931666666667	6652.08	1280	720	60.0	8	c4d84abe3f5523c84452a0382b7b9bb6	df3d4aa834ecc24b92a897d4e0b1fafa	1280	720	6877.0	4.0	1736.0	10430.0	True	True	0.9980361878871917	0.9974759930943478
Netflix_DrivingPOV_1280x720_60fp	Netflix_DrivingPOV_1280x720_60fp	svtav1	svtav1_20191227_fd18435_enc-mode0	60	32	0	5356080.0	5356.08	40.35316666666667	45.1475	44.150166666666664	40.321097	45.137116	44.14519	98.62009564119377	6412352.0	106.87253333333334	8161.33	1280	720	60.0	8	1421b61812985c6881c38b00165e69a0	4b5bd4d2b77bfd46fa14abe74958eb2d	1280	720	8329.0	4.0	1036.0	16431.0	True	True	0.9963473637898763	0.9953427953848064
Netflix_DrivingPOV_1280x720_60fp	Netflix_DrivingPOV_1280x720_60fp	svtav1	svtav1_20191227_fd18435_enc-mode0	60	43	0	2765104.0	2765.104	38.018833333333326	43.644333333333336	43.17299999999999	37.972261	43.628622	43.168045	96.28396868084062	2013226.0	33.55376666666667	3264.67	1280	720	60.0	8	6479b767fa484871228648b479bf4bb6	f4680f9e081e5d415f67a5d25f95b640	1280	720	8707.0	6.0	790.0	11028.0	True	True	0.9923717707395554	0.9913487243931803
Netflix_DrivingPOV_1280x720_60fp	Netflix_DrivingPOV_1280x720_60fp	svtav1	svtav1_20191227_fd18435_enc-mode0	60	55	0	1131072.0	1131.072	34.657	41.175333333333334	41.48833333333334	34.61982	41.15993	41.483365	89.60099678078737	1511472.0	25.1912	2301.41	1280	720	60.0	8	20b29f2bd83149ed7e85145b3af35d42	81ab11f0b50dc58d78c4ca6841b46251	1280	720	6115.0	4.0	691.0	10421.0	True	True	0.9847038785616556	0.9836030252305774
Netflix_DrivingPOV_1280x720_60fp	Netflix_DrivingPOV_1280x720_60fp	svtav1	svtav1_20191227_fd18435_enc-mode0	60	59	0	707072.0	707.072	32.72766666666667	39.60316666666667	40.27216666666667	32.712427	39.599046	40.269553	83.37160847867044	1825876.0	30.431266666666666	3024.85	1280	720	60.0	8	ea6c8c99c11ed43c542d7e9d0fa1848c	ba054d9a8cf0778a43e989ee62a2169f	1280	720	6568.0	5.0	745.0	10378.0	True	True	0.977299565076828	0.975854054313848
Netflix_RollerCoaster_1280x720_6	Netflix_RollerCoaster_1280x720_6	svtav1	svtav1_20191227_fd18435_enc-mode0	60	20	0	8290176.0	8290.176	44.856333333333346	46.7375	46.75016666666667	44.842557000000006	46.72893	46.742648	99.91298570002725	4495963.0	74.93271666666666	6011.31	1280	720	60.0	8	7fc262c96d3957e594c133395788411c	b0fd704d8ddf90006fe492b152c92c63	1280	720	6391.0	4.0	1493.0	15321.0	True	True	0.9979289631048839	0.9975442156592109
Netflix_RollerCoaster_1280x720_6	Netflix_RollerCoaster_1280x720_6	svtav1	svtav1_20191227_fd18435_enc-mode0	60	32	0	4257504.0	4257.504	42.63899999999999	45.138333333333335	45.52066666666666	42.61007	45.122839	45.513358	99.87558259423595	4307842.0	71.79736666666666	4497.41	1280	720	60.0	8	2ac476b6846014270a011b46509ee363	0a03c9ccf71fc0c606d0d62cc2ac6a23	1280	720	6760.0	6.0	1346.0	17304.0	True	True	0.9964901357889175	0.9960100854350326
Netflix_RollerCoaster_1280x720_6	Netflix_RollerCoaster_1280x720_6	svtav1	svtav1_20191227_fd18435_enc-mode0	60	43	0	2182616.0	2182.616	40.15416666666667	43.14983333333334	43.882666666666665	40.109694	43.130548	43.87364	97.82013904477523	2236874.0	37.28123333333333	3977.36	1280	720	60.0	8	ec7d0a54dd775e8dc650eadcf9a1ea9a	49d0149725b8b70a26d9e4fb48ca5d76	1280	720	6174.0	6.0	889.0	9930.0	True	True	0.9933483233054479	0.9928263839203463
Netflix_RollerCoaster_1280x720_6	Netflix_RollerCoaster_1280x720_6	svtav1	svtav1_20191227_fd18435_enc-mode0	60	55	0	956112.0	956.112	36.595666666666666	40.1365	41.498666666666665	36.556813	40.114045	41.486314	87.75586076141931	1578124.0	26.302066666666665	2545.07	1280	720	60.0	8	ad9e50b80c02fc6c6e2ad1dae5547faa	4bec9319ece824c9cd370d8ecb061c86	1280	720	5880.0	4.0	727.0	9844.0	True	True	0.9817828595638275	0.9821461974241577
Netflix_RollerCoaster_1280x720_6	Netflix_RollerCoaster_1280x720_6	svtav1	svtav1_20191227_fd18435_enc-mode0	60	59	0	652176.0	652.176	34.823333333333345	38.44816666666668	40.23966666666667	34.79552	38.426926	40.229855	79.41837974338986	1789577.0	29.826283333333333	2222.41	1280	720	60.0	8	5e07cb035e524d906488fd2f759700c9	ef926e571c20b0ae7e035effa0a9ccd5	1280	720	6295.0	6.0	1162.0	31360.0	True	True	0.9704157501459122	0.9725729679101269
dark720p_60f	dark720p_60f	svtav1	svtav1_20191227_fd18435_enc-mode0	60	20	0	7052468.0	7052.468	46.03733333333334	43.331999999999994	44.86450000000002	45.980888	43.176388	44.73532	96.19749488803659	4169750.0	69.49583333333334	6831.86	1280	720	30.0	8	5c26ea070717cf0b7856a4f4bc27654d	27157a513c7ba056f42e37a88bb36772	1280	720	4844.0	5.0	2427.0	10558.0	True	True	0.9943114767471949	0.9950710316225868
dark720p_60f	dark720p_60f	svtav1	svtav1_20191227_fd18435_enc-mode0	60	32	0	1744748.0	1744.748	43.50949999999999	39.10966666666666	41.85683333333334	43.471662	39.013412	41.822852	93.11923529091771	2263670.0	37.727833333333336	3809.3	1280	720	30.0	8	15d275157e77da2576f26d31456f6d26	2f0b50708cea7733517737c26c45372d	1280	720	4613.0	5.0	1236.0	10441.0	True	True	0.991139942407608	0.9926167601786225
dark720p_60f	dark720p_60f	svtav1	svtav1_20191227_fd18435_enc-mode0	60	43	0	300564.0	300.564	42.230500000000006	36.9655	40.819	42.218292	36.950691	40.812803	90.46117437780323	1554303.0	25.90505	2668.34	1280	720	30.0	8	1447444996dfb76cfd8eed0715baca64	45d867dd74c133ac7a4d6951cd9fa4f3	1280	720	6707.0	5.0	726.0	20368.0	True	True	0.9894017696380615	0.9912486997802372
dark720p_60f	dark720p_60f	svtav1	svtav1_20191227_fd18435_enc-mode0	60	55	0	111956.0	111.956	40.66533333333334	36.2425	39.83400000000001	40.658949	36.239534	39.830049	85.9929618433931	1023521.0	17.058683333333335	1781.83	1280	720	30.0	8	5bd42bbded32d09a7c4c42b46f707a71	93d25b6fc53083b3019861b60b28a6dc	1280	720	4796.0	5.0	936.0	10414.0	True	True	0.985337616999944	0.9881743797375937
dark720p_60f	dark720p_60f	svtav1	svtav1_20191227_fd18435_enc-mode0	60	59	0	74768.0	74.768	39.187666666666665	35.567166666666665	38.90433333333333	39.182513	35.564681	38.894651	80.37991123249586	732243.0	12.20405	1134.24	1280	720	30.0	8	b3bb715ceb0796842d1fdf7e3f5768bf	2ee6452c6cb5a3c852c43e293cafe610	1280	720	4869.0	5.0	482.0	10132.0	True	True	0.9800111929575602	0.9841586381700858
speed_bag_640x360_60f	speed_bag_640x360_60f	svtav1	svtav1_20191227_fd18435_enc-mode0	60	20	0	464261.0	464.261	46.91400000000001	49.63416666666667	51.09866666666668	46.841458	49.585672	51.048796	98.26748516290536	613380.0	10.223	1066.82	640	360	29.97	8	b561908f03f6ef045bc858609dbca564	578e66479a407a55e63461f1e4720e73	640	360	1325.0	3.0	257.0	4344.0	True	True	0.9887277821699778	0.9974990053217498
speed_bag_640x360_60f	speed_bag_640x360_60f	svtav1	svtav1_20191227_fd18435_enc-mode0	60	32	0	246297.0	246.297	45.10983333333333	48.34666666666666	49.98499999999999	44.967529	48.258915	49.879581	97.3558947612995	528281.0	8.804683333333333	931.73	640	360	29.97	8	5b694761c0f55e2d578da20a0ddad9f9	28da3ebabc9e4ee7b624470ad2ca14cc	640	360	1546.0	4.0	231.0	2929.0	True	True	0.9857105811436971	0.9962277615286901
speed_bag_640x360_60f	speed_bag_640x360_60f	svtav1	svtav1_20191227_fd18435_enc-mode0	60	43	0	136719.0	136.719	43.01333333333332	46.72266666666666	48.56000000000001	42.810179	46.611092	48.407414	94.82352570182799	394750.0	6.579166666666667	577.36	640	360	29.97	8	7cd87fe176d0b7e976e599004ee266d0	198eb8225bae79d113eb1fdb55280251	640	360	2228.0	5.0	221.0	5891.0	True	True	0.98157726029555	0.9940057161202223
speed_bag_640x360_60f	speed_bag_640x360_60f	svtav1	svtav1_20191227_fd18435_enc-mode0	60	55	0	68266.0	68.266	39.66933333333332	43.932	46.37683333333333	39.4039	43.83362	46.165135	85.03165295294801	249287.0	4.1547833333333335	402.21	640	360	29.97	8	876453f5fe0860392948ce0e403c362f	cc2030f5349527201b82eac1e9105df4	640	360	1333.0	5.0	150.0	5912.0	True	True	0.9719240655501683	0.9878063086009786
speed_bag_640x360_60f	speed_bag_640x360_60f	svtav1	svtav1_20191227_fd18435_enc-mode0	60	59	0	50500.0	50.5	37.764500000000005	42.20916666666665	44.96549999999999	37.570813	42.137823	44.759836	77.23925830420539	246341.0	4.105683333333333	369.09	640	360	29.97	8	2660397de8a771a464397137d03d77b2	ca152662fef610dd81b5f4c1db686c4c	640	360	1402.0	4.0	161.0	4119.0	True	True	0.9642775813738506	0.9822682269733864
vidyo1_720p_60fps_60f	vidyo1_720p_60fps_60f	svtav1	svtav1_20191227_fd18435_enc-mode0	60	20	0	3901744.0	3901.744	45.565166666666656	48.15066666666665	49.47083333333332	45.551495	48.144444	49.468056	96.53253527240976	5116721.0	85.27868333333333	4991.23	1280	720	60.0	8	3e35af95764a74ed826abf2dcf2a734f	3d5b60795107f58c06f1f28c4e450319	1280	720	10881.0	19.0	880.0	15274.0	True	True	0.9976043691237767	0.9969922575951784
vidyo1_720p_60fps_60f	vidyo1_720p_60fps_60f	svtav1	svtav1_20191227_fd18435_enc-mode0	60	32	0	1453168.0	1453.168	44.000833333333304	47.595000000000006	48.80399999999999	43.995266	47.591532	48.802413	95.20672936859778	1170556.0	19.509266666666665	2125.77	1280	720	60.0	8	e4114e6504d66a8be601e92df381e2e8	370f8dc99a26d464e736a49ed89beb2d	1280	720	4773.0	4.0	547.0	9738.0	True	True	0.9960889289776484	0.9955293198688815
vidyo1_720p_60fps_60f	vidyo1_720p_60fps_60f	svtav1	svtav1_20191227_fd18435_enc-mode0	60	43	0	700544.0	700.544	42.51983333333331	46.87350000000001	47.823833333333326	42.514129	46.871664	47.822677	93.11602744017556	1545122.0	25.752033333333333	1834.93	1280	720	60.0	8	7feec5be87f27b30a7d04d9e9b0a678a	93c70a4156728f31071b1e65a6a2f6c9	1280	720	6914.0	4.0	658.0	20620.0	True	True	0.9940553973118464	0.9937390803594978
vidyo1_720p_60fps_60f	vidyo1_720p_60fps_60f	svtav1	svtav1_20191227_fd18435_enc-mode0	60	55	0	334336.0	334.336	40.07049999999999	45.442666666666646	45.931833333333344	40.060779	45.441445	45.929482	87.87943546397663	1153250.0	19.220833333333335	1934.25	1280	720	60.0	8	5ab00f420607db11ec8d6af27230303e	9abab3d0a1a76ad83255fcc3c83f2f38	1280	720	5641.0	5.0	880.0	13330.0	True	True	0.9882183998823166	0.9889774268001857
vidyo1_720p_60fps_60f	vidyo1_720p_60fps_60f	svtav1	svtav1_20191227_fd18435_enc-mode0	60	59	0	215472.0	215.472	37.98566666666666	43.8825	44.074666666666666	37.97782	43.881944	44.074016	81.16442508021593	1276740.0	21.279	2179.53	1280	720	60.0	8	a91a8cd5d13b8be2f788ac2758399793	8ae29c4d271897a9c191eef91467d14e	1280	720	5285.0	4.0	499.0	10566.0	True	True	0.9795243402322134	0.9820187959892944
ducks_1920x1080_50fps_10b	ducks_1920x1080_50fps_10b	svtav1	svtav1_20191227_fd18435_enc-mode0	60	20	0	118438086.0	118438.086	39.199500000000015	39.4985	41.57283333333333	39.177791	39.483394	41.553189	98.96802052794415	14611686.0	243.5281	27776.68	1920	1080	50.0	10	176b84b2cd1d1b33fd080de287a674ec	52e0354078c2d238d71ec6693b832e68	1920	1080	21229.0	4.0	10498.0	24216.0	True	True	0.9989387184381485	0.996186561411167
ducks_1920x1080_50fps_10b	ducks_1920x1080_50fps_10b	svtav1	svtav1_20191227_fd18435_enc-mode0	60	32	0	31556213.0	31556.213	35.206166666666675	36.97566666666665	39.970333333333336	35.173251	36.950015	39.954609	93.68412558697008	8934751.0	148.91251666666668	16688.98	1920	1080	50.0	10	ed158600879d2e12e9ad4e011e91079e	bfe053e0134257cf79c75e12d9887760	1920	1080	20925.0	4.0	5635.0	24160.0	True	True	0.9967067499955495	0.9901877612281217
ducks_1920x1080_50fps_10b	ducks_1920x1080_50fps_10b	svtav1	svtav1_20191227_fd18435_enc-mode0	60	43	0	10668573.0	10668.573	33.10933333333334	35.15250000000001	38.60033333333334	33.081482	35.112432	38.588273	84.57012680755824	8954048.0	149.23413333333335	13134.72	1920	1080	50.0	10	4cd8ef5b1b20f436964d4e0dad77da1e	ea8b36c001ff39783b7d3c1a0b13496c	1920	1080	27085.0	4.0	3774.0	25246.0	True	True	0.9911818852027258	0.9817114324953702
ducks_1920x1080_50fps_10b	ducks_1920x1080_50fps_10b	svtav1	svtav1_20191227_fd18435_enc-mode0	60	55	0	3702620.0	3702.62	30.505999999999993	33.05116666666667	37.27683333333335	30.465896	33.007469	37.271737	67.05574835302049	4390259.0	73.17098333333334	7919.1	1920	1080	50.0	10	f62e90fd8fcbd3476ee4a9ae566b80d2	53c9c2df87e918638ddc7811728430e4	1920	1080	20797.0	16.0	3619.0	26667.0	True	True	0.9741831153631211	0.9605908964440666
ducks_1920x1080_50fps_10b	ducks_1920x1080_50fps_10b	svtav1	svtav1_20191227_fd18435_enc-mode0	60	59	0	2379220.0	2379.22	29.300666666666654	32.13183333333333	36.621500000000005	29.260817	32.095726	36.619874	57.41612028966785	4206202.0	70.10336666666667	6783.83	1920	1080	50.0	10	bf04b0324e206c1e5d3af3b7f778d591	bd5e118e1952d5213607146e0cbd4927	1920	1080	24293.0	6.0	3186.0	25266.0	True	True	0.9603132456541061	0.9448738625251536
Market3_1920x1080p_50_10b_pq_709	Market3_1920x1080p_50_10b_pq_709	svtav1	svtav1_20191227_fd18435_enc-mode0	60	20	0	12955013.0	12955.013	45.00216666666667	51.5365	52.519000000000005	44.989529999999995	51.529997	52.51532	99.86553706700603	8867628.0	147.7938	10432.35	1920	1080	50.0	10	7d348e00dda911af3d09eb38df03708e	c62829c1193a08297bba88bad2886a18	1920	1080	27465.0	5.0	3578.0	25484.0	True	True	0.9992032796144485	0.9982285303603976
Market3_1920x1080p_50_10b_pq_709	Market3_1920x1080p_50_10b_pq_709	svtav1	svtav1_20191227_fd18435_enc-mode0	60	32	0	6520886.0	6520.886	42.32166666666668	49.27550000000001	50.410333333333334	42.298639	49.271524	50.409222	98.92979956598354	5899959.0	98.33265	9273.22	1920	1080	50.0	10	00e2963f45312c1d139892565265d2ae	6962e93b93f8e60d676bf671643ad816	1920	1080	20000.0	24.0	3436.0	25944.0	True	True	0.9985285778840383	0.9967640319299984
Market3_1920x1080p_50_10b_pq_709	Market3_1920x1080p_50_10b_pq_709	svtav1	svtav1_20191227_fd18435_enc-mode0	60	43	0	3396713.0	3396.713	39.51233333333332	47.28049999999999	48.676500000000004	39.480175	47.278259	48.67549	95.66724503548303	4348415.0	72.47358333333334	7605.45	1920	1080	50.0	10	d9628615b0d1d2f14943c849e0421d13	cd6e17a0bde2d57530253464b07e7d4f	1920	1080	21105.0	5.0	3033.0	25829.0	True	True	0.9968518485625585	0.9933392554646876
Market3_1920x1080p_50_10b_pq_709	Market3_1920x1080p_50_10b_pq_709	svtav1	svtav1_20191227_fd18435_enc-mode0	60	55	0	1341000.0	1341.0	35.53966666666666	44.52833333333333	46.083833333333345	35.519397	44.527835	46.082458	86.4404523256359	3406643.0	56.77738333333333	5387.58	1920	1080	50.0	10	51b647a85c460d0377109d583306be29	d73fe2a96a5d587e0fc06245e367fd1e	1920	1080	19924.0	4.0	2348.0	25001.0	True	True	0.9890199393033982	0.9796725135800857
Market3_1920x1080p_50_10b_pq_709	Market3_1920x1080p_50_10b_pq_709	svtav1	svtav1_20191227_fd18435_enc-mode0	60	59	0	828086.0	828.086	33.64666666666667	43.13466666666667	44.647833333333345	33.637209	43.134482	44.644279	78.1139181242719	2751223.0	45.853716666666664	4402.89	1920	1080	50.0	10	4f043a60fad1a048db120cd2baa1af64	b618798933cf65c1b246bb7c4321e011	1920	1080	21019.0	4.0	2559.0	24664.0	True	True	0.9799001087745031	0.9668350480017324
aspen_1080p_60f	aspen_1080p_60f	svtav1	svtav1_20191227_fd18435_enc-mode0	60	20	0	8493402.0	8493.402	44.02066666666668	47.997166666666665	49.15183333333334	44.008287	47.994883	49.149388	97.92133886002595	6378844.0	106.31406666666666	11308.27	1920	1080	29.97	8	a1c771abf80227195f4241aed523ff93	45c57608d0571cb1197f4393c7bd57fe	1920	1080	8745.0	4.0	2723.0	22946.0	True	True	0.9960425625244776	0.9925171384766458
aspen_1080p_60f	aspen_1080p_60f	svtav1	svtav1_20191227_fd18435_enc-mode0	60	32	0	2594667.0	2594.667	42.14949999999999	46.998666666666665	48.14016666666666	42.135268	46.997329	48.136987	94.0025389534873	4997617.0	83.29361666666667	7776.95	1920	1080	29.97	8	8461239dd50dbe924b3b1dc0d9b6ec3b	3f344e64482ed23f40100feb89ba9a26	1920	1080	14628.0	5.0	1944.0	23191.0	True	True	0.9939940710862477	0.98967987264341
aspen_1080p_60f	aspen_1080p_60f	svtav1	svtav1_20191227_fd18435_enc-mode0	60	43	0	1070269.0	1070.269	40.70716666666667	45.698166666666665	46.774666666666654	40.690887	45.695489	46.77193	88.74928187790778	3560217.0	59.33695	5816.61	1920	1080	29.97	8	8dbf13a3d7a22d2e7a2d702e0241cd86	86783ad1b896f8f5872a080dd388898f	1920	1080	9492.0	5.0	2057.0	26121.0	True	True	0.9911944309870402	0.9865166796146254
aspen_1080p_60f	aspen_1080p_60f	svtav1	svtav1_20191227_fd18435_enc-mode0	60	55	0	456856.0	456.856	38.5275	43.5085	44.42366666666666	38.5014	43.502941	44.419795	78.43788871429928	2186160.0	36.436	3792.64	1920	1080	29.97	8	3e16100d51807cbd6c5661ea954d9ff5	2d3cbca8d214c41e95a7ce114a845fea	1920	1080	9114.0	2.0	1109.0	22314.0	True	True	0.9840900897979736	0.9791433757619326
aspen_1080p_60f	aspen_1080p_60f	svtav1	svtav1_20191227_fd18435_enc-mode0	60	59	0	298112.0	298.112	36.92100000000001	42.151333333333355	42.84583333333333	36.894317	42.146068	42.842773	69.00291574072756	2044408.0	34.07346666666667	3394.87	1920	1080	29.97	8	d9a327c0caecebb8a74131a6ce983747	18be78907d2f2cf789e38c655351cf76	1920	1080	9112.0	4.0	1426.0	24517.0	True	True	0.9748459577560424	0.9701913068941458
vidyo4_720p_60fps_60f	vidyo4_720p_60fps_60f	svtav1	svtav1_20191227_fd18435_enc-mode0	60	20	0	5355728.0	5355.728	44.26816666666666	49.97416666666668	50.25783333333333	44.240174	49.970865	50.254827	97.760936733635	2868632.0	47.81053333333333	4492.01	1280	720	60.0	8	560f9c770ea1b83b35042c3da296f8f9	705e1bfa2fd830811f178e9cc9123295	1280	720	5333.0	3.0	1220.0	10530.0	True	True	0.9964592059453329	0.9957045360270897
vidyo4_720p_60fps_60f	vidyo4_720p_60fps_60f	svtav1	svtav1_20191227_fd18435_enc-mode0	60	32	0	1899784.0	1899.784	42.82983333333335	49.37500000000001	49.67133333333334	42.787619	49.369103	49.666164	96.45535968192168	2484290.0	41.404833333333336	4476.96	1280	720	60.0	8	f500f54a08a7323827f4d8470416298c	7b6afe4cc6d4159d02ea9d9b5f6ff48b	1280	720	6779.0	4.0	729.0	13130.0	True	True	0.9946921775738399	0.9939208127202117
vidyo4_720p_60fps_60f	vidyo4_720p_60fps_60f	svtav1	svtav1_20191227_fd18435_enc-mode0	60	43	0	911264.0	911.264	41.416999999999994	48.459166666666675	48.71266666666668	41.365887	48.451712	48.706087	94.38650573405216	1207697.0	20.128283333333332	1986.93	1280	720	60.0	8	10fb265b38b3835ba5d7ceb666d55cb8	e5d1d910ecc5943e3fd75ccec6f5cd71	1280	720	5155.0	4.0	492.0	10348.0	True	True	0.9918023476998011	0.9913309433276836
vidyo4_720p_60fps_60f	vidyo4_720p_60fps_60f	svtav1	svtav1_20191227_fd18435_enc-mode0	60	55	0	420400.0	420.4	39.133166666666675	46.66866666666667	46.826000000000015	39.073638	46.658702	46.818687	89.00176359922813	1374501.0	22.90835	2359.44	1280	720	60.0	8	d429f3b6edbb6e863d2df572604c24a3	5ac5566f45e9828828e40834cb1a5a74	1280	720	6138.0	5.0	599.0	13198.0	True	True	0.9833944916725159	0.9845452921661972
vidyo4_720p_60fps_60f	vidyo4_720p_60fps_60f	svtav1	svtav1_20191227_fd18435_enc-mode0	60	59	0	274248.0	274.248	37.38483333333334	45.09533333333333	45.12933333333333	37.338132	45.09131	45.124809	83.01938620586346	802732.0	13.378866666666667	1356.98	1280	720	60.0	8	9a7afe6f862bcf39e93f868b12028d5e	415f380310143624eef51b427edfccdc	1280	720	6309.0	4.0	410.0	10208.0	True	True	0.9731463372707367	0.9766226332943974
Cosmos1_1920x856_BT2100_PQ_24fps	Cosmos1_1920x856_BT2100_PQ_24fps	svtav1	svtav1_20191227_fd18435_enc-mode0	60	20	0	23644883.0	23644.882999999998	42.11383333333332	44.94866666666667	47.60266666666665	42.071631	44.892856	47.573633	99.43295708986999	10714409.0	178.57348333333334	18380.16	1920	856	24.0	10	407316b1ea19090156cd0e0db7ea1be2	d1f4d56dc32a868ba0346976f025ca6a	1920	856	16892.0	5.0	7616.0	18375.0	True	True	0.9968799044688542	0.9961650360736525
Cosmos1_1920x856_BT2100_PQ_24fps	Cosmos1_1920x856_BT2100_PQ_24fps	svtav1	svtav1_20191227_fd18435_enc-mode0	60	32	0	9711792.0	9711.792	38.34283333333333	42.88083333333335	45.97166666666668	38.222462	42.846751	45.952408	95.37401700718875	9731734.0	162.19556666666668	17225.88	1920	856	24.0	10	3c064055f8848fb70bdb8d43f4070f29	3c6a98292cc3b321a4f7a271911b18b9	1920	856	20984.0	5.0	5002.0	17715.0	True	True	0.992043940226237	0.9910792020957906
Cosmos1_1920x856_BT2100_PQ_24fps	Cosmos1_1920x856_BT2100_PQ_24fps	svtav1	svtav1_20191227_fd18435_enc-mode0	60	43	0	3686252.0	3686.252	35.463	41.196999999999996	44.53266666666665	35.368795	41.171262	44.521222	84.7026610012899	5465813.0	91.09688333333334	9754.91	1920	856	24.0	10	ddddddca55246f19c8fab77eb714c5ca	ab872ee748a8f63b4bfa121d9401eb55	1920	856	16985.0	4.0	3491.0	17922.0	True	True	0.9805438270171484	0.980461051567925
Cosmos1_1920x856_BT2100_PQ_24fps	Cosmos1_1920x856_BT2100_PQ_24fps	svtav1	svtav1_20191227_fd18435_enc-mode0	60	55	0	1254848.0	1254.8480000000002	32.482166666666664	39.442666666666675	42.49483333333332	32.432171	39.428442	42.475397	63.85622002123743	4928942.0	82.14903333333334	7846.37	1920	856	24.0	10	8f9fad983abce08cbb4eb814d00abc8f	480cdbdb487f4d40eba50f4ff85c2c12	1920	856	20009.0	3.0	2803.0	18823.0	True	True	0.946564648548762	0.9514832885545909
Cosmos1_1920x856_BT2100_PQ_24fps	Cosmos1_1920x856_BT2100_PQ_24fps	svtav1	svtav1_20191227_fd18435_enc-mode0	60	59	0	772019.0	772.019	31.17783333333334	38.70700000000001	41.375499999999995	31.139702	38.697185	41.373487	52.13761259575761	4051993.0	67.53321666666666	6526.39	1920	856	24.0	10	5f30c5aeed2db95999add53173a114cf	03a6db4d14b51e8bfd52e357dbf1d141	1920	856	17762.0	3.0	2806.0	20856.0	True	True	0.9173407346010208	0.9273913008336149
Netflix_Crosswalk_1920x1080_60fp	Netflix_Crosswalk_1920x1080_60fp	svtav1	svtav1_20191227_fd18435_enc-mode0	60	20	0	7646272.0	7646.272	45.56199999999999	48.30166666666666	50.13650000000003	45.551669999999994	48.297323	50.130419	99.11080380455135	5717316.0	95.2886	9676.71	1920	1080	60.0	8	38a67953c8c19e81aa6fb044d707a86a	23606b98cd7649efc000f42924afd8ed	1920	1080	9293.0	5.0	2381.0	25216.0	True	True	0.9976035932699839	0.9957083089696225
Netflix_Crosswalk_1920x1080_60fp	Netflix_Crosswalk_1920x1080_60fp	svtav1	svtav1_20191227_fd18435_enc-mode0	60	32	0	3883552.0	3883.552	44.30216666666664	47.549666666666646	49.35250000000001	44.27148	47.545344	49.346997	95.86439578551706	3703209.0	61.72015	6252.69	1920	1080	60.0	8	6be0a031d657efabca23d972193d2e68	d83967433e229ea3469b779eb7beb880	1920	1080	8874.0	5.0	2335.0	32089.0	True	True	0.9959685375293096	0.993905834083638
Netflix_Crosswalk_1920x1080_60fp	Netflix_Crosswalk_1920x1080_60fp	svtav1	svtav1_20191227_fd18435_enc-mode0	60	43	0	1914616.0	1914.6159999999998	42.4425	46.40516666666669	48.1635	42.39328	46.399555	48.157395	89.30839491416677	3013082.0	50.21803333333333	4815.86	1920	1080	60.0	8	08311291e8ef56f8d48685f6dd9f6976	de84525aa72af79dbec874c77cc63b90	1920	1080	8914.0	5.0	1846.0	24766.0	True	True	0.9920028001070023	0.9900412373742419
Netflix_Crosswalk_1920x1080_60fp	Netflix_Crosswalk_1920x1080_60fp	svtav1	svtav1_20191227_fd18435_enc-mode0	60	55	0	892560.0	892.56	39.733500000000014	44.63849999999999	46.272	39.672389	44.631978	46.266348	75.21724648092172	2634354.0	43.9059	3812.63	1920	1080	60.0	8	9bece3e6faac238f9d70461cdc815ef5	92d2261d239848a4db82d85d9d795192	1920	1080	9375.0	5.0	1729.0	25254.0	True	True	0.9810931930939356	0.9804950655505792
Netflix_Crosswalk_1920x1080_60fp	Netflix_Crosswalk_1920x1080_60fp	svtav1	svtav1_20191227_fd18435_enc-mode0	60	59	0	641192.0	641.1920000000001	38.32083333333332	43.68116666666666	45.26766666666666	38.270245	43.676025	45.263387	65.95704070840763	2316442.0	38.607366666666664	3549.34	1920	1080	60.0	8	e94d2fb3edaeaad64db7cc901d2af6d0	5e84f2213693a5cec39b37f2bf0f41e1	1920	1080	9563.0	4.0	1721.0	24492.0	True	True	0.9717625409364701	0.9727941776857334
Netflix_SquareAndTimelapse_1920x	Netflix_SquareAndTimelapse_1920x	svtav1	svtav1_20191227_fd18435_enc-mode0	60	20	0	20556808.0	20556.808	44.574500000000015	48.92799999999998	48.080166666666656	44.559973	48.923165	48.072441	99.89470886783126	7831371.0	130.52285	12842.38	1920	1080	60.0	8	23e7adde749a27167f38aed9dc50d816	354f82fc8eae5a3cd5d4b9c8f5cae915	1920	1080	11719.0	5.0	3650.0	24122.0	True	True	0.9991708666086196	0.9979172874430914
Netflix_SquareAndTimelapse_1920x	Netflix_SquareAndTimelapse_1920x	svtav1	svtav1_20191227_fd18435_enc-mode0	60	32	0	11396672.0	11396.672	42.09066666666668	47.13733333333333	46.06416666666668	42.068413	47.129898	46.05356	99.88343434856672	5644146.0	94.0691	10419.06	1920	1080	60.0	8	9cb6ee3e9a6deedafb2d01a6a42ba558	bd74953bfc8c66cfec6f1e5f73c12245	1920	1080	11854.0	4.0	2754.0	23998.0	True	True	0.99830442070961	0.9961641087574663
Netflix_SquareAndTimelapse_1920x	Netflix_SquareAndTimelapse_1920x	svtav1	svtav1_20191227_fd18435_enc-mode0	60	43	0	6272448.0	6272.448	39.24850000000001	45.202333333333314	43.905333333333324	39.208369	45.193231	43.892707	98.46951914079706	4722443.0	78.70738333333334	7974.36	1920	1080	60.0	8	6a472b274fee3d67a34fbbaafc233204	84b869d0e8ba37f0362b25ed56a3384e	1920	1080	12702.0	23.0	2235.0	23884.0	True	True	0.9960736999909083	0.9923103810850658
Netflix_SquareAndTimelapse_1920x	Netflix_SquareAndTimelapse_1920x	svtav1	svtav1_20191227_fd18435_enc-mode0	60	55	0	2873144.0	2873.144	35.399166666666666	42.19883333333333	40.793333333333344	35.362404	42.189362	40.781295	87.90634965959022	3829411.0	63.82351666666667	6211.14	1920	1080	60.0	8	5d93471f87028039a9e4042cedd7b8d3	467026465a97a0336b822161da788009	1920	1080	13008.0	4.0	2187.0	25147.0	True	True	0.9876814097166061	0.9801068381235359
Netflix_SquareAndTimelapse_1920x	Netflix_SquareAndTimelapse_1920x	svtav1	svtav1_20191227_fd18435_enc-mode0	60	59	0	1905328.0	1905.328	33.33416666666668	40.22600000000001	38.96383333333332	33.31469	40.222831	38.958628	78.73999935055973	2752178.0	45.86963333333333	4933.37	1920	1080	60.0	8	414b86594fc84ce8068855ff482c5495	024843aa84894a5297902e238d645aeb	1920	1080	11701.0	4.0	1626.0	23467.0	True	True	0.9775217860937119	0.9669508016355479
Netflix_FoodMarket_1920x1080_60f	Netflix_FoodMarket_1920x1080_60f	svtav1	svtav1_20191227_fd18435_enc-mode0	60	20	0	22418488.0	22418.488	41.09399999999999	44.90916666666666	45.646166666666645	41.085304	44.905375	45.644908	99.24363068197285	10927623.0	182.12705	16099.65	1920	1080	60.0	8	1fc40e82eca2fe0f7e382dc7c1ce9c19	f193c54c11c38cae965866c4a8654664	1920	1080	21390.0	4.0	3084.0	23659.0	True	True	0.9953403353691102	0.9899303967946865
Netflix_FoodMarket_1920x1080_60f	Netflix_FoodMarket_1920x1080_60f	svtav1	svtav1_20191227_fd18435_enc-mode0	60	32	0	7177936.0	7177.936	39.76333333333334	44.0575	44.98966666666666	39.751123	44.053176	44.987979	96.14743775498098	5360619.0	89.34365	8998.03	1920	1080	60.0	8	e2cfecf8e844b156d47b9101c2588594	2d0048e86b2c562ebab91dc6e9fc81e1	1920	1080	11511.0	4.0	2202.0	24018.0	True	True	0.9919236938158671	0.9851043362221106
Netflix_FoodMarket_1920x1080_60f	Netflix_FoodMarket_1920x1080_60f	svtav1	svtav1_20191227_fd18435_enc-mode0	60	43	0	3561696.0	3561.6960000000004	38.4675	43.203833333333336	44.27816666666669	38.444854	43.197976	44.276132	91.39661640087851	4287021.0	71.45035	6977.15	1920	1080	60.0	8	da8031a01c0cc63e5ca303290ef283a2	9e51732855ddedaa870c625301d7c549	1920	1080	12451.0	5.0	2266.0	25179.0	True	True	0.9871715873479843	0.9790837934850224
Netflix_FoodMarket_1920x1080_60f	Netflix_FoodMarket_1920x1080_60f	svtav1	svtav1_20191227_fd18435_enc-mode0	60	55	0	1432248.0	1432.248	35.982000000000006	41.655	42.680333333333344	35.959465	41.648406	42.67243799999999	78.16243273262312	3308189.0	55.13648333333333	5099.62	1920	1080	60.0	8	af98bf9ac4c637fb3dedcc153c1a4a3b	fd2ab0a9f189e1d4c454c451ef3fcb57	1920	1080	12091.0	3.0	2045.0	26725.0	True	True	0.9681355933348338	0.9587825209549954
Netflix_FoodMarket_1920x1080_60f	Netflix_FoodMarket_1920x1080_60f	svtav1	svtav1_20191227_fd18435_enc-mode0	60	59	0	922168.0	922.168	34.56516666666667	40.69266666666669	41.64366666666667	34.547763	40.687584	41.622919	67.90401289365653	2740933.0	45.68221666666667	4249.11	1920	1080	60.0	8	58c263956ea9ff81dd005a706f7fc3a3	cd23a18753eb1244c8e663c34a51e526	1920	1080	13688.0	5.0	1543.0	24821.0	True	True	0.947702803214391	0.9396698629555843
Netflix_TunnelFlag_1920x1080_60f	Netflix_TunnelFlag_1920x1080_60f	svtav1	svtav1_20191227_fd18435_enc-mode0	60	20	0	27964544.0	27964.544	42.89216666666667	46.902499999999996	48.44533333333332	42.874026	46.893487	48.44113	99.93509401848861	8118330.0	135.3055	14860.0	1920	1080	60.0	8	4c78accb7043131a804d4e735cc9b642	78aadbed5eb6344921ff20ca68aff785	1920	1080	11995.0	4.0	3610.0	25851.0	True	True	0.9986650188763936	0.9965982304094612
Netflix_TunnelFlag_1920x1080_60f	Netflix_TunnelFlag_1920x1080_60f	svtav1	svtav1_20191227_fd18435_enc-mode0	60	32	0	13972512.0	13972.512	40.587833333333336	45.34266666666667	47.19666666666667	40.551218	45.338248	47.19326	99.91975547875738	7072551.0	117.87585	11804.45	1920	1080	60.0	8	7b13a9603c345b626c8e5fdac1907e50	25ba603c1101c0441c6a8706b585d5fb	1920	1080	12145.0	4.0	3011.0	25436.0	True	True	0.9976010332504909	0.9943131118393271
Netflix_TunnelFlag_1920x1080_60f	Netflix_TunnelFlag_1920x1080_60f	svtav1	svtav1_20191227_fd18435_enc-mode0	60	43	0	6975664.0	6975.664	38.07816666666667	43.42983333333334	45.769666666666666	38.02636	43.427769	45.765138	99.88977489193051	5702543.0	95.04238333333333	9353.19	1920	1080	60.0	8	196ea63abd3c9d0c0b20c00acfe8a066	f032022c900cd136e26a4b5ce58ca911	1920	1080	11561.0	4.0	2437.0	24583.0	True	True	0.9953226715326309	0.990190948672718
Netflix_TunnelFlag_1920x1080_60f	Netflix_TunnelFlag_1920x1080_60f	svtav1	svtav1_20191227_fd18435_enc-mode0	60	55	0	3233392.0	3233.392	35.11283333333334	40.47633333333335	43.30533333333334	35.080735	40.475134	43.301446000000006	99.79117644207572	3605636.0	60.09393333333333	6363.82	1920	1080	60.0	8	4332c2b197c5a5ef7bdb693c5a9c8003	c533f364eea73414c278c9db1da394f7	1920	1080	11777.0	4.0	1853.0	23763.0	True	True	0.9907679388920466	0.983558983728525
Netflix_TunnelFlag_1920x1080_60f	Netflix_TunnelFlag_1920x1080_60f	svtav1	svtav1_20191227_fd18435_enc-mode0	60	59	0	2376040.0	2376.04	33.67716666666667	39.382999999999996	41.94149999999999	33.65918	39.38204699999999	41.939137	99.66662087504896	3252717.0	54.21195	5777.8	1920	1080	60.0	8	58797c8ad25321bf115f8af43899654c	b9d8c29a6271cf40186758a3425dc762	1920	1080	11888.0	4.0	1883.0	23959.0	True	True	0.9874679187933604	0.979503533231667
rush_hour_1080p25_60f	rush_hour_1080p25_60f	svtav1	svtav1_20191227_fd18435_enc-mode0	60	20	0	5490776.0	5490.776	43.08650000000001	46.88249999999998	48.87950000000001	43.08454100000001	46.880881	48.876536	97.12474867361183	7546429.0	125.77381666666666	12800.98	1920	1080	25.0	8	ceef9293a1ca91d95a1b1730415ce5ea	33dcab46cc8d33a07e8f7bcc1e31eb1c	1920	1080	10161.0	3.0	2916.0	23658.0	True	True	0.9964802831411361	0.9925232134180599
rush_hour_1080p25_60f	rush_hour_1080p25_60f	svtav1	svtav1_20191227_fd18435_enc-mode0	60	32	0	2611400.0	2611.4	42.2105	45.90250000000001	47.687	42.206427	45.90002	47.681976	93.46286632197142	5868619.0	97.81031666666667	9995.49	1920	1080	25.0	8	6317495c0aa58d1ebb6bc57b07dae857	95a63309ef80cc3cadd96d9a0af58e5f	1920	1080	10334.0	5.0	2406.0	23573.0	True	True	0.9943701446056366	0.9904713038515377
rush_hour_1080p25_60f	rush_hour_1080p25_60f	svtav1	svtav1_20191227_fd18435_enc-mode0	60	43	0	1245573.0	1245.573	40.83633333333332	44.79066666666666	46.248499999999986	40.820054	44.786729	46.237338	86.19876175962449	4488979.0	74.81631666666667	7206.68	1920	1080	25.0	8	6e1ee2faef5f8d9b2a61353b9fd08276	cca5e06cade9b48d5f92863cdc6cefff	1920	1080	10771.0	2.0	2155.0	24507.0	True	True	0.9902590076128642	0.9867931587000697
rush_hour_1080p25_60f	rush_hour_1080p25_60f	svtav1	svtav1_20191227_fd18435_enc-mode0	60	55	0	545380.0	545.38	38.66866666666667	43.09983333333331	44.25916666666669	38.633755	43.095184	44.247065	73.17391858203425	2965604.0	49.42673333333333	4940.59	1920	1080	25.0	8	078190e095951b13dd02728b35398a8f	fd4a18b722db70971e36855a6fbe066b	1920	1080	9755.0	8.0	1812.0	24545.0	True	True	0.9809899955987931	0.9789490268054735
rush_hour_1080p25_60f	rush_hour_1080p25_60f	svtav1	svtav1_20191227_fd18435_enc-mode0	60	59	0	371780.0	371.78	37.458333333333336	42.059999999999995	43.01049999999999	37.424343	42.055874	42.996455	65.76661262076512	2826629.0	47.110483333333335	4390.34	1920	1080	25.0	8	187552cafea9ab08c044a8d779c2f653	5574c5a15f103109fdc85523c3f28df0	1920	1080	9909.0	5.0	1907.0	25290.0	True	True	0.9733990718921025	0.9726692652078057
ducks_take_off_1080p50_60f	ducks_take_off_1080p50_60f	svtav1	svtav1_20191227_fd18435_enc-mode0	60	20	0	114556626.0	114556.626	38.946500000000015	39.27283333333335	41.38916666666667	38.925422	39.255164	41.369667	98.7732844891274	14557541.0	242.62568333333334	25139.72	1920	1080	50.0	8	85941a748f64e5f07b5aaf854183da72	d8ec530ce8a5aed4cb96dae2c5149825	1920	1080	15026.0	4.0	8498.0	23733.0	True	True	0.998869921763738	0.9959739265615345
ducks_take_off_1080p50_60f	ducks_take_off_1080p50_60f	svtav1	svtav1_20191227_fd18435_enc-mode0	60	32	0	32638193.0	32638.193000000003	35.20783333333334	36.95033333333333	39.89616666666666	35.173259	36.925516	39.881538	93.7383920673332	8439380.0	140.65633333333332	14466.39	1920	1080	50.0	8	0c26555f17c6f939c5995ef13735176c	edc7019dabc0a81debd0e3ef291fb2c4	1920	1080	18251.0	4.0	4514.0	42477.0	True	True	0.9967236806948979	0.9902305883627451
ducks_take_off_1080p50_60f	ducks_take_off_1080p50_60f	svtav1	svtav1_20191227_fd18435_enc-mode0	60	43	0	10721113.0	10721.113	33.07683333333333	35.092666666666666	38.49666666666666	33.04982	35.054711	38.484684	84.6868911648133	6060954.0	101.0159	10158.73	1920	1080	50.0	8	9e2d212a048ff0017e2d4c484ff82adf	d6aed84707289778e4c80f48e5a5526b	1920	1080	15124.0	4.0	3195.0	25343.0	True	True	0.9911709030469259	0.981677830098555
ducks_take_off_1080p50_60f	ducks_take_off_1080p50_60f	svtav1	svtav1_20191227_fd18435_enc-mode0	60	55	0	3717286.0	3717.286	30.486499999999996	33.018499999999996	37.18933333333334	30.446793	32.976273	37.182718	67.20422328452673	3962646.0	66.0441	6216.97	1920	1080	50.0	8	8534c749d7210f1f385f75127d433a98	b17a27809672bd9430a3523743113fe9	1920	1080	15598.0	4.0	2228.0	24274.0	True	True	0.9741981754700343	0.9606225012210802
ducks_take_off_1080p50_60f	ducks_take_off_1080p50_60f	svtav1	svtav1_20191227_fd18435_enc-mode0	60	59	0	2388620.0	2388.62	29.285666666666653	32.10616666666667	36.58166666666667	29.244637	32.072292	36.57739	57.53837485693804	3373614.0	56.2269	5495.41	1920	1080	50.0	8	f4bf2a78cc2deaebdefd0809d2cc20b6	ba39a07303e949bc0b37e4f0dccc479b	1920	1080	16008.0	4.0	2635.0	24847.0	True	True	0.9604412764310837	0.9450149340456002
touchdown_pass_1080p_60f	touchdown_pass_1080p_60f	svtav1	svtav1_20191227_fd18435_enc-mode0	60	20	0	20446860.0	20446.86	40.733333333333334	48.12266666666667	48.272499999999994	40.69625899999999	48.114639	48.264391	96.39844807139674	10448037.0	174.13395	18256.29	1920	1080	29.97	8	ecd84e8728200354a5550c85dbb10673	f03af041773af5ee81f3e76433a115e9	1920	1080	11943.0	9.0	5583.0	24313.0	True	True	0.9959716151158015	0.9912316801851091
touchdown_pass_1080p_60f	touchdown_pass_1080p_60f	svtav1	svtav1_20191227_fd18435_enc-mode0	60	32	0	4942974.0	4942.974	38.73783333333333	47.402499999999996	47.532166666666654	38.719055	47.394907	47.524777	94.40641902864104	5395144.0	89.91906666666667	9084.59	1920	1080	29.97	8	041a76c63ca78f5bb0dde13901cb8476	25bf4393ea86974446b3c9be81015121	1920	1080	16343.0	5.0	2090.0	23832.0	True	True	0.9939323127269745	0.9869059384704111
touchdown_pass_1080p_60f	touchdown_pass_1080p_60f	svtav1	svtav1_20191227_fd18435_enc-mode0	60	43	0	2188220.0	2188.22	37.563	46.52233333333331	46.566833333333335	37.540741	46.516293	46.559608	91.46132382965237	4125683.0	68.76138333333333	6640.58	1920	1080	29.97	8	ebfc74c05448d62f29075bd68c75b42a	e157533638536752cb7c5cb36967a39a	1920	1080	12092.0	4.0	1829.0	24180.0	True	True	0.9917258729537328	0.9829649431698683
touchdown_pass_1080p_60f	touchdown_pass_1080p_60f	svtav1	svtav1_20191227_fd18435_enc-mode0	60	55	0	862033.0	862.033	35.21566666666666	44.55866666666667	44.64549999999999	35.189367	44.55518399999999	44.640606	82.49911100741248	4573769.0	76.22948333333333	4755.55	1920	1080	29.97	8	02f8212964a7e02e70638516aa6a57f8	93b799e974b2a94732e95c0d16f3af58	1920	1080	22339.0	5.0	1714.0	40570.0	True	True	0.9806202948093414	0.9656036326592978
touchdown_pass_1080p_60f	touchdown_pass_1080p_60f	svtav1	svtav1_20191227_fd18435_enc-mode0	60	59	0	504170.0	504.17	33.38366666666666	43.38633333333333	43.53833333333334	33.358139	43.384584	43.535349	72.16492369359679	3209153.0	53.485883333333334	3987.17	1920	1080	29.97	8	99780af2bbdb581da86cf2e72c371f81	ac8518a6fef1632dd17cc3051d6760cd	1920	1080	14087.0	4.0	1253.0	37042.0	True	True	0.9543108582496643	0.9340987194862073
life_1080p30_60f	life_1080p30_60f	svtav1	svtav1_20191227_fd18435_enc-mode0	60	20	0	12736896.0	12736.896	44.47583333333334	49.694999999999986	49.272333333333336	44.461206999999995	49.687945	49.266045	99.48609778998774	7291952.0	121.53253333333333	12668.05	1920	1080	30.0	8	a5535c5ff3c0b47be0ce560e45982abd	506dd37f35520261bfcfe24db14cdae8	1920	1080	12866.0	3.0	3408.0	23664.0	True	True	0.9991910268863042	0.9979179656150067
life_1080p30_60f	life_1080p30_60f	svtav1	svtav1_20191227_fd18435_enc-mode0	60	32	0	6014824.0	6014.824	41.61666666666667	47.51766666666667	47.18633333333334	41.594051	47.506214	47.177682	97.78474147838249	5587196.0	93.11993333333334	9834.44	1920	1080	30.0	8	17ced216bea3a96726368c8cfa3c3bbb	2f886e30cd64e004739df8a229d116f9	1920	1080	12120.0	4.0	2797.0	23733.0	True	True	0.9984718948602677	0.9963023708123928
life_1080p30_60f	life_1080p30_60f	svtav1	svtav1_20191227_fd18435_enc-mode0	60	43	0	2929360.0	2929.36	38.808499999999995	45.478	45.30216666666667	38.780346	45.457733	45.288327	94.57317451732187	6923875.0	115.39791666666666	7317.9	1920	1080	30.0	8	26fac93210f811ebed7326c5fd367c37	35ba23f2950b8c17c2c05475ad560ff0	1920	1080	12909.0	4.0	2470.0	47001.0	True	True	0.9967471539974213	0.9927907420915726
life_1080p30_60f	life_1080p30_60f	svtav1	svtav1_20191227_fd18435_enc-mode0	60	55	0	1190068.0	1190.068	35.12033333333333	42.53433333333335	42.40316666666668	35.103584	42.519752	42.390939	87.28876056839455	4804839.0	80.08065	6039.87	1920	1080	30.0	8	7a4c5c09cc1dff576d0373a72ebb5b53	4084bef14f28524d46ab445b97efbf1e	1920	1080	21281.0	8.0	1845.0	39806.0	True	True	0.9894693781932195	0.9788680515258473
life_1080p30_60f	life_1080p30_60f	svtav1	svtav1_20191227_fd18435_enc-mode0	60	59	0	738668.0	738.668	33.38966666666668	40.980166666666676	40.663000000000004	33.381431	40.972995	40.658349	80.4410853631061	3374663.0	56.24438333333333	5413.01	1920	1080	30.0	8	fb3f30335836caeff042fd64cb3ed232	e93ed4ad49ea46deeb1ff9b8ca8ac6ed	1920	1080	23178.0	79.0	2031.0	25347.0	True	True	0.9791810343662898	0.9629361571662096
ToddlerFountn_1920x1080_2997_10b	ToddlerFountn_1920x1080_2997_10b	svtav1	svtav1_20191227_fd18435_enc-mode0	60	20	0	58110754.0	58110.754	41.346999999999994	46.46649999999999	43.94266666666667	41.283942	46.451525	43.910225	99.90719106271897	14148971.0	235.81618333333333	24879.86	1920	1080	29.97	10	b94e269cd23349f2e3c001b8cd51318d	70625477ccf3d10fbb24828e3e4770fd	1920	1080	27802.0	4.0	9467.0	47672.0	True	True	0.9978600561618804	0.9952913741980489
ToddlerFountn_1920x1080_2997_10b	ToddlerFountn_1920x1080_2997_10b	svtav1	svtav1_20191227_fd18435_enc-mode0	60	32	0	28997360.0	28997.36	37.15833333333333	44.974	41.98016666666665	37.054151	44.96413	41.958043	99.8762852843709	11537966.0	192.29943333333333	19430.52	1920	1080	29.97	10	0b92870abdaadb11dc7a9fb2c7ded212	adbb7f0af180601176594fa9522285aa	1920	1080	21831.0	5.0	6797.0	23897.0	True	True	0.9934164563814799	0.9869872785470727
ToddlerFountn_1920x1080_2997_10b	ToddlerFountn_1920x1080_2997_10b	svtav1	svtav1_20191227_fd18435_enc-mode0	60	43	0	12633085.0	12633.085	33.410166666666676	43.49883333333333	40.47699999999998	33.319999	43.491654	40.46673	89.5834018602597	9510355.0	158.50591666666668	16712.41	1920	1080	29.97	10	97fdc3a230ebb5230505dc3f0c0e449c	ec494fc3ef9e2ca951f8c2a3b287177e	1920	1080	21920.0	4.0	5418.0	23632.0	True	True	0.979706758260727	0.9660587850553859
ToddlerFountn_1920x1080_2997_10b	ToddlerFountn_1920x1080_2997_10b	svtav1	svtav1_20191227_fd18435_enc-mode0	60	55	0	4460277.0	4460.277	29.961833333333328	41.854000000000006	39.23833333333334	29.909484	41.852681	39.235688	66.042224791524	7251172.0	120.85286666666667	12296.85	1920	1080	29.97	10	084bf90d92f2e4be1e08333448e11cf8	872a5efd7f7aaa50e0f5b6e3a35c2465	1920	1080	22348.0	3.0	4995.0	24936.0	True	True	0.937938717007637	0.9165679667170953
ToddlerFountn_1920x1080_2997_10b	ToddlerFountn_1920x1080_2997_10b	svtav1	svtav1_20191227_fd18435_enc-mode0	60	59	0	2783218.0	2783.218	28.737333333333336	41.168666666666674	38.864000000000004	28.697084	41.167999	38.862084	54.40483527575027	6828118.0	113.80196666666667	11228.58	1920	1080	29.97	10	69982c4c719e7d368668d0c235327c6c	371e73dd0b0be2211f41a7200371a9af	1920	1080	22048.0	4.0	3844.0	24215.0	True	True	0.9092539836963017	0.8875281526816333
wikipedia_420	wikipedia_420	svtav1	svtav1_20191227_fd18435_enc-mode0	60	20	0	1631588.0	1631.588	55.44849999999998	52.66866666666668	53.64183333333334	55.435493	52.50092200000001	53.576007	99.83841311014052	6331432.0	105.52386666666666	9897.88	1920	1080	30.0	8	27e6af2c59d2c75bd55b51d9dd0d7693	3cc2c697600d3863873d33879191c6b0	1920	1080	9334.0	4.0	965.0	22963.0	True	True	0.9993941485881805	0.9991398394173673
wikipedia_420	wikipedia_420	svtav1	svtav1_20191227_fd18435_enc-mode0	60	32	0	925300.0	925.3	51.210166666666666	50.73383333333335	51.913	51.202152	50.497639	51.851053	99.82214616784296	5024595.0	83.74325	7511.73	1920	1080	30.0	8	4bfec7fe0ce75831d139edd3a4b9c7b7	0d1c208f567889a267573812e72c9a70	1920	1080	8490.0	4.0	852.0	23483.0	True	True	0.9990426510572433	0.9984479357699743
wikipedia_420	wikipedia_420	svtav1	svtav1_20191227_fd18435_enc-mode0	60	43	0	625856.0	625.856	48.67999999999999	48.752333333333326	50.072500000000005	48.664371	48.612139	50.028865	99.78435073168399	6235898.0	103.93163333333334	7166.41	1920	1080	30.0	8	43b33626643e28d79950a1822fe6852d	18721863aedc9f7b492c43f4e61afbf4	1920	1080	11996.0	7.0	844.0	23659.0	True	True	0.9987006952365239	0.9979532993947854
wikipedia_420	wikipedia_420	svtav1	svtav1_20191227_fd18435_enc-mode0	60	55	0	420712.0	420.71200000000005	44.099833333333336	45.811166666666665	47.14149999999999	44.080329	45.763488	47.11031	99.59567752993719	4692237.0	78.20395	6777.31	1920	1080	30.0	8	1a6f109eba57754a13fe4f415350e358	c9021387ce030b1ddd8167616cf48f51	1920	1080	10660.0	4.0	793.0	26246.0	True	True	0.9980241864919662	0.9972085228950284
wikipedia_420	wikipedia_420	svtav1	svtav1_20191227_fd18435_enc-mode0	60	59	0	334716.0	334.716	41.03116666666666	43.64916666666667	45.01683333333334	41.01328	43.609555	44.98034500000001	99.29201743493637	5559849.0	92.66415	7710.29	1920	1080	30.0	8	e1000cf6540c11e1349d33bc89c45f5d	9a42215be996c86fb6584e54ea141f13	1920	1080	11779.0	4.0	1153.0	24875.0	True	True	0.9969804227352143	0.9961282685472774
MINECRAFT_60f_420	MINECRAFT_60f_420	svtav1	svtav1_20191227_fd18435_enc-mode0	60	20	0	85227408.0	85227.408	43.71583333333333	46.051833333333335	46.644499999999994	43.562685	45.893894	46.52215	99.95145874553364	11120603.0	185.34338333333332	19231.13	1920	1080	60.0	8	4a3fa894c871f6d81525b72ecf2187d1	bb2b17352d5999cd04c936e89487b5c4	1920	1080	12859.0	4.0	8042.0	23270.0	True	True	0.9983261744181315	0.9972177085855607
MINECRAFT_60f_420	MINECRAFT_60f_420	svtav1	svtav1_20191227_fd18435_enc-mode0	60	32	0	50809848.0	50809.848	39.49966666666667	44.264500000000005	44.785833333333336	39.230992	44.141442	44.695789	99.92698609475157	10889041.0	181.48401666666666	18052.11	1920	1080	60.0	8	cb9f23bc1d0c428bf3aea5e77d2b88ba	5d81540ae866c595802c4f00761f32a9	1920	1080	12680.0	4.0	6940.0	24655.0	True	True	0.995854048927625	0.9930181107689143
MINECRAFT_60f_420	MINECRAFT_60f_420	svtav1	svtav1_20191227_fd18435_enc-mode0	60	43	0	23323200.0	23323.2	35.07216666666668	42.643166666666666	42.98049999999999	34.76330500000001	42.562177	42.914015	96.65432459022178	10177916.0	169.63193333333334	16271.92	1920	1080	60.0	8	ee94ffb657d3f5b097cb651211012e31	16a9dbbc2517c44a89ed7b8f9ae02436	1920	1080	13421.0	4.0	4595.0	23842.0	True	True	0.9883106132348378	0.9811792518547942
MINECRAFT_60f_420	MINECRAFT_60f_420	svtav1	svtav1_20191227_fd18435_enc-mode0	60	55	0	8536176.0	8536.176	31.50483333333333	40.52283333333333	40.57199999999999	31.341344	40.48259500000001	40.530752	82.94745832913948	7201109.0	120.01848333333334	11806.23	1920	1080	60.0	8	0305a67cd86c6c5cc490334834d437f9	161ff05d72bfc30ccf93caad2d9ebdf4	1920	1080	14258.0	7.0	2416.0	22699.0	True	True	0.9674623211224874	0.9528201195296088
MINECRAFT_60f_420	MINECRAFT_60f_420	svtav1	svtav1_20191227_fd18435_enc-mode0	60	59	0	5251504.0	5251.504	30.214833333333328	39.44266666666667	38.962999999999994	30.123703	39.419771	38.928939	74.6624548797791	8050262.0	134.17103333333333	12495.76	1920	1080	60.0	8	a3ab99960ec4954919d7b67ef637f3b5	e8e929b3079e81548b44d04ffd095e41	1920	1080	13220.0	4.0	2016.0	23863.0	True	True	0.9476807634035747	0.928861201725248
