KristenAndSara_1280x720_60f	KristenAndSara_1280x720_60f	libaom	libaom_20210326_ab20d37_enc-mode0	60	20	0	2668136.0	2668.136	44.352333333333334	49.078666666666685	50.008666666666684	44.345456	49.07348	50.004918	96.80375715	3765238.0	62.75396666666666	3748.7	1280	720	60.0	8	079e91bc0d7117559139a1f9a314339b	c549b6c463ecf317bfa219992756fa0d	1280	720	6801.0	128.0	640.0	17704.0	False	False	0.9959001333333333	0.9953335
KristenAndSara_1280x720_60f	KristenAndSara_1280x720_60f	libaom	libaom_20210326_ab20d37_enc-mode0	60	32	0	1364856.0	1364.856	43.555166666666665	48.612499999999976	49.529333333333334	43.546580999999996	48.607701	49.525899	96.17844466666665	2190617.0	36.510283333333334	2183.68	1280	720	60.0	8	98bc82ffc887917c84943ab413a59fe1	c62dc4806203e198aa7a90d53d089d75	1280	720	5844.0	181.0	821.0	11543.0	False	False	0.99487065	0.9944288
KristenAndSara_1280x720_60f	KristenAndSara_1280x720_60f	libaom	libaom_20210326_ab20d37_enc-mode0	60	43	0	775232.0	775.232	42.503333333333345	47.777833333333334	48.667666666666676	42.49059	47.773402	48.663924	94.85559586666665	1409271.0	23.48785	1405.36	1280	720	60.0	8	757e15ab914aa384b8c71e4d492b03ab	88e27af8f39ccb967db60160827ab43c	1280	720	5735.0	137.0	485.0	11799.0	False	False	0.9932145333333333	0.9930193499999997
KristenAndSara_1280x720_60f	KristenAndSara_1280x720_60f	libaom	libaom_20210326_ab20d37_enc-mode0	60	55	0	416416.0	416.416	40.727333333333355	46.07283333333334	47.04766666666664	40.712985	46.070025	47.044792	91.92792921666666	744181.0	12.403016666666666	734.43	1280	720	60.0	8	c1e5ac1aea7062d6dc01dec59edc63b4	6e6fcb8eb7ba2b1801fee389c8a62a1d	1280	720	7404.0	136.0	426.0	12213.0	False	False	0.9896590166666667	0.9900296166666667
KristenAndSara_1280x720_60f	KristenAndSara_1280x720_60f	libaom	libaom_20210326_ab20d37_enc-mode0	60	63	0	208328.0	208.328	37.80499999999999	43.242333333333335	44.3375	37.797147	43.238384	44.332792	84.91550328333334	554476.0	9.241266666666666	548.04	1280	720	60.0	8	36549bb0b6a509a1f938861a4fb5ea8a	ee446335bd4e2eadbbc4f869fdef11ce	1280	720	6982.0	161.0	497.0	18238.0	False	False	0.9804226666666669	0.98256165
blue_sky_360p_60f	blue_sky_360p_60f	libaom	libaom_20210326_ab20d37_enc-mode0	60	20	0	957173.0	957.173	43.254166666666684	44.72933333333333	46.30550000000001	43.202284	44.694375	46.278639	99.93644276666667	881374.0	14.689566666666666	880.6	640	360	25.0	8	265110fab6a7715dc2717baca7b8cb25	a0f4dd94210b5b97ddcb145279776232	640	360	2287.0	50.0	340.0	3151.0	False	False	0.9922910500000001	0.9983848833333333
blue_sky_360p_60f	blue_sky_360p_60f	libaom	libaom_20210326_ab20d37_enc-mode0	60	32	0	507126.0	507.126	40.57750000000001	42.27016666666666	43.74033333333333	40.521301	42.240275	43.725515	99.9202002	767383.0	12.789716666666667	764.4	640	360	25.0	8	83ef5e7a73983e1f3415d7038e591a52	1a046b46f2e2f04ea057871f5ac80b78	640	360	2376.0	50.0	288.0	3416.0	False	False	0.9884642333333333	0.9975229000000001
blue_sky_360p_60f	blue_sky_360p_60f	libaom	libaom_20210326_ab20d37_enc-mode0	60	43	0	294103.0	294.103	38.066666666666656	39.963999999999984	41.56849999999999	37.991778	39.93438	41.558557	99.02745608333333	467479.0	7.791316666666667	466.92	640	360	25.0	8	2a186fc568151f5be78a079ca003409b	c9dcb411c87ab8fe22704927c537b46b	640	360	1861.0	56.0	234.0	5258.0	False	False	0.9825300499999999	0.9960334333333333
blue_sky_360p_60f	blue_sky_360p_60f	libaom	libaom_20210326_ab20d37_enc-mode0	60	55	0	157003.0	157.003	34.98516666666668	37.136999999999986	39.199833333333345	34.92626400000001	37.124742	39.195895	93.15568823333335	376490.0	6.2748333333333335	374.66	640	360	25.0	8	1062b08e088e737feb214c5285ee3b1d	1c41b3a989df27cd46a53de8180b103a	640	360	2250.0	58.0	249.0	5390.0	False	False	0.96975975	0.9926528833333333
blue_sky_360p_60f	blue_sky_360p_60f	libaom	libaom_20210326_ab20d37_enc-mode0	60	63	0	89763.0	89.763	31.882166666666663	34.95166666666665	37.68266666666666	31.792896	34.944374	37.679797	83.64150613333331	217736.0	3.6289333333333333	217.34	640	360	25.0	8	458d039aea1643ddb03b7230e36f6015	27d7587647686118643146a0ef8284d5	640	360	2343.0	51.0	176.0	5128.0	False	False	0.9461924833333332	0.9856638999999999
thaloundeskmtg360p_60f	thaloundeskmtg360p_60f	libaom	libaom_20210326_ab20d37_enc-mode0	60	20	0	701268.0	701.268	44.346333333333334	48.37233333333334	48.3625	44.067977	48.257251	48.31141	96.58901973333332	619381.0	10.323016666666666	619.05	640	360	30.0	8	bea158bee00ee29f54bf23451c94e0ea	d2b1ecba60d9cb754a6390ecc5ada206	640	360	2167.0	55.0	221.0	5137.0	False	False	0.9922339166666667	0.9983144333333331
thaloundeskmtg360p_60f	thaloundeskmtg360p_60f	libaom	libaom_20210326_ab20d37_enc-mode0	60	32	0	391092.0	391.092	42.822833333333314	47.162000000000006	47.14399999999999	42.442023	47.0614	47.087923	95.49817711666667	386349.0	6.43915	386.04	640	360	30.0	8	5356e57de4c1e32002d03803d04625c2	e3884f410d94d86aa2846d84ee5d7621	640	360	7665.0	51.0	184.0	5431.0	False	False	0.9900117666666667	0.9976112166666667
thaloundeskmtg360p_60f	thaloundeskmtg360p_60f	libaom	libaom_20210326_ab20d37_enc-mode0	60	43	0	231344.0	231.344	40.94649999999999	45.759	45.73416666666667	40.514309	45.673999	45.676179	93.31038638333332	277222.0	4.6203666666666665	276.81	640	360	30.0	8	4c527b4adb2e437fc2d17378745475b9	53b6529401bfc0eb5f83667a262a6ded	640	360	1846.0	51.0	137.0	5089.0	False	False	0.9863748999999999	0.9963233166666666
thaloundeskmtg360p_60f	thaloundeskmtg360p_60f	libaom	libaom_20210326_ab20d37_enc-mode0	60	55	0	133176.0	133.176	38.363833333333346	43.74583333333333	43.59749999999999	37.876112	43.64454	43.501375	89.40779946666666	183239.0	3.0539833333333335	182.97	640	360	30.0	8	f2ea69e3ab3901ed080593e46eb0caea	774a10e160f9491eada7c45143e3bbe5	640	360	2230.0	54.0	123.0	5512.0	False	False	0.9789825166666667	0.9934887333333333
thaloundeskmtg360p_60f	thaloundeskmtg360p_60f	libaom	libaom_20210326_ab20d37_enc-mode0	60	63	0	68760.0	68.76	34.575666666666656	40.92883333333334	41.02283333333333	33.785734	40.695015	40.777712	79.49840378333334	166783.0	2.779716666666667	165.86	640	360	30.0	8	fff7cda52960b2cacb5475fdae714e25	ffec08d63a86db596962f960f9798152	640	360	2127.0	50.0	107.0	3569.0	False	False	0.9593395833333334	0.9849139833333334
DinnerScene_1920x1080_2997_10b	DinnerScene_1920x1080_2997_10b	libaom	libaom_20210326_ab20d37_enc-mode0	60	20	0	711550.0	711.55	41.783999999999985	42.405	47.58333333333332	41.782743	42.401613	47.582652	91.14471128333335	16939400.0	282.3233333333333	16864.49	1920	1080	29.97	10	73b6a7aec619002d6f60e2c0bf2c0236	9aee4e5a088da00f8685910803c13ffb	1920	1080	25019.0	556.0	2169.0	41829.0	False	False	0.9940757833333332	0.9881860833333334
DinnerScene_1920x1080_2997_10b	DinnerScene_1920x1080_2997_10b	libaom	libaom_20210326_ab20d37_enc-mode0	60	32	0	255702.0	255.70199999999997	41.64033333333336	42.303833333333316	47.44183333333331	41.639304	42.302852	47.44212	89.55022075000001	13416831.0	223.61385	13389.85	1920	1080	29.97	10	f33a555747ac057c1f14afc7957b2214	4a96e7e1eca235c47cbafc2cf21d2399	1920	1080	24489.0	577.0	1932.0	41465.0	False	False	0.9935302333333335	0.9876243
DinnerScene_1920x1080_2997_10b	DinnerScene_1920x1080_2997_10b	libaom	libaom_20210326_ab20d37_enc-mode0	60	43	0	148335.0	148.335	41.41666666666668	42.23550000000001	47.25666666666664	41.416093	42.235093	47.256437	86.86102251666668	8153719.0	135.89531666666667	8125.03	1920	1080	29.97	10	914f637c47395b487af7d59eea050d92	10134edde1b48656570fe681b879e3eb	1920	1080	29060.0	480.0	1420.0	39931.0	False	False	0.9926935833333334	0.98679825
DinnerScene_1920x1080_2997_10b	DinnerScene_1920x1080_2997_10b	libaom	libaom_20210326_ab20d37_enc-mode0	60	55	0	87223.0	87.223	40.99000000000001	42.09949999999999	46.85983333333335	40.988622	42.09904100000001	46.859276	81.91256486666666	3703400.0	61.723333333333336	3691.13	1920	1080	29.97	10	379cdc068284bbba0eeabb33783b00f2	e97b5aee5633f8ce3cfe8dc769bec16f	1920	1080	25641.0	526.0	1451.0	39643.0	False	False	0.9909035999999998	0.9851206833333334
DinnerScene_1920x1080_2997_10b	DinnerScene_1920x1080_2997_10b	libaom	libaom_20210326_ab20d37_enc-mode0	60	63	0	52460.0	52.46	40.10016666666665	41.692666666666646	46.1905	40.094731	41.692523	46.188855	72.03362785	1691831.0	28.197183333333335	1679.08	1920	1080	29.97	10	5c67108c9195758105dcc69afd7a4e50	f81f9854c3217bc88be28256ea4e5a95	1920	1080	25489.0	626.0	1677.0	28276.0	False	False	0.9862581500000001	0.9810233
BarScene1_1920x1080_2997_10b	BarScene1_1920x1080_2997_10b	libaom	libaom_20210326_ab20d37_enc-mode0	60	20	0	1630585.0	1630.585	42.54133333333335	44.804666666666655	43.68100000000002	42.540658	44.805019	43.679548	93.10667221666667	9681086.0	161.35143333333335	9658.48	1920	1080	29.97	10	5e125dc14f01dafbf4ba435c5e18ec37	03935125aac5647415f1c2d75526aeb5	1920	1080	25918.0	519.0	1377.0	39447.0	False	False	0.9959752	0.9912144166666667
BarScene1_1920x1080_2997_10b	BarScene1_1920x1080_2997_10b	libaom	libaom_20210326_ab20d37_enc-mode0	60	32	0	602773.0	602.773	42.32999999999997	44.700833333333335	43.570666666666654	42.330056	44.701589	43.570465	92.42022019999997	7375339.0	122.92231666666666	7351.08	1920	1080	29.97	10	52e59caca479fc94ebac0379bc6ffe9f	54d1a802528e106cf945ca2b0dea9e7a	1920	1080	26316.0	657.0	1707.0	38348.0	False	False	0.9956215666666668	0.9906953666666669
BarScene1_1920x1080_2997_10b	BarScene1_1920x1080_2997_10b	libaom	libaom_20210326_ab20d37_enc-mode0	60	43	0	299909.0	299.909	41.95383333333332	44.547000000000004	43.43066666666668	41.953684	44.547184	43.430965	90.93780893333334	4370805.0	72.84675	4343.2	1920	1080	29.97	10	c6f7efbe44769c59c55129bbc1d0290c	a8b3d273a004899e1d3fc85bf371ef52	1920	1080	24804.0	600.0	1354.0	42984.0	False	False	0.9948435000000001	0.9895996666666667
BarScene1_1920x1080_2997_10b	BarScene1_1920x1080_2997_10b	libaom	libaom_20210326_ab20d37_enc-mode0	60	55	0	137213.0	137.213	41.18349999999999	44.202333333333335	43.127333333333354	41.182546	44.202182	43.127577	87.75103115	2115196.0	35.25326666666667	2091.99	1920	1080	29.97	10	4feeab8d3ce9fa4f5b9250e77c864854	da0c40f23551a6ac8017ed981ab011de	1920	1080	24947.0	616.0	1232.0	44888.0	False	False	0.9923355666666668	0.9866215000000002
BarScene1_1920x1080_2997_10b	BarScene1_1920x1080_2997_10b	libaom	libaom_20210326_ab20d37_enc-mode0	60	63	0	60359.0	60.359	39.72066666666669	43.20483333333333	42.393500000000024	39.716474	43.204675	42.392622	78.25799823333332	1316020.0	21.933666666666667	1308.22	1920	1080	29.97	10	19b7d693adb5f3a2548074a5ae8b25a2	c13beca36699ab7f1a61e8398031b30d	1920	1080	26218.0	813.0	1986.0	29602.0	False	False	0.9845080666666666	0.9793653166666668
STARCRAFT_60f_420	STARCRAFT_60f_420	libaom	libaom_20210326_ab20d37_enc-mode0	60	20	0	7487232.0	7487.232	50.220333333333315	53.47266666666668	53.50766666666669	50.201803	53.456634	53.498399	97.55165645000001	1462682.0	24.378033333333335	1459.15	1920	1080	60.0	8	0f2e57be94ddb387adb9c7a3e8731076	f6b23e9ec5c9518225e611a7852503cb	1920	1080	14314.0	275.0	1116.0	39605.0	False	False	0.9996273166666666	0.9992879833333334
STARCRAFT_60f_420	STARCRAFT_60f_420	libaom	libaom_20210326_ab20d37_enc-mode0	60	32	0	4687128.0	4687.128	47.58933333333334	51.65033333333333	51.75866666666666	47.559873	51.618293	51.744803	96.96050016666666	1710572.0	28.509533333333334	1698.4	1920	1080	60.0	8	a68b7223d4928dd06a641df1410f57bd	7838c0e7b16e66678e42f093e6422ffa	1920	1080	14908.0	257.0	919.0	41466.0	False	False	0.9993155333333331	0.99876
STARCRAFT_60f_420	STARCRAFT_60f_420	libaom	libaom_20210326_ab20d37_enc-mode0	60	43	0	2793024.0	2793.024	44.44383333333333	49.3525	49.53083333333334	44.407403	49.318637	49.518724	95.84514225000001	1367570.0	22.792833333333334	1364.9	1920	1080	60.0	8	8de126d5f8c26ea38fe5e45118fbd957	a98c4aa3d8d36f022fc94401fd89a7f9	1920	1080	14228.0	238.0	875.0	38250.0	False	False	0.9985224666666667	0.9974635666666666
STARCRAFT_60f_420	STARCRAFT_60f_420	libaom	libaom_20210326_ab20d37_enc-mode0	60	55	0	1406408.0	1406.408	40.43383333333334	46.04433333333334	46.265	40.412197	46.027262	46.258193	92.58181281666666	1397838.0	23.2973	1389.51	1920	1080	60.0	8	75d2e4fce908502264f1acbca36861eb	a3665bfe297141d2b08e5d2e3e8f94b3	1920	1080	10984.0	303.0	1081.0	41149.0	False	False	0.9955804666666666	0.9931827833333334
STARCRAFT_60f_420	STARCRAFT_60f_420	libaom	libaom_20210326_ab20d37_enc-mode0	60	63	0	594432.0	594.432	35.652	42.2385	42.42533333333334	35.645939	42.232744	42.421242	83.37156788333333	1427835.0	23.79725	1410.28	1920	1080	60.0	8	4b8b121abebb43e1609e6c09573ea2a2	80e3ad43fef6e1da44e8cd51e66e3da1	1920	1080	15191.0	313.0	964.0	42137.0	False	False	0.9845882333333333	0.9794438666666667
dark720p_60f	dark720p_60f	libaom	libaom_20210326_ab20d37_enc-mode0	60	20	0	4409136.0	4409.136	44.566999999999986	41.827999999999996	43.68516666666667	44.381231	41.686939	43.595043	94.85009465000002	5028806.0	83.81343333333334	5021.37	1280	720	30.0	8	701107d49cd73f3830e7f8ade7f1eecb	fa6ae815ebc01d9a08b6962b0631cdac	1280	720	5861.0	125.0	1443.0	17548.0	False	False	0.9925152833333333	0.9936923
dark720p_60f	dark720p_60f	libaom	libaom_20210326_ab20d37_enc-mode0	60	32	0	925604.0	925.604	43.00150000000001	38.15466666666667	41.463333333333324	42.910043	38.093063	41.451029	92.51766888333333	3327756.0	55.4626	3317.2	1280	720	30.0	8	7a4b876e9e0388c94d1a9014fd38e59d	305186f0807823876594221d704b6bb1	1280	720	5088.0	136.0	863.0	18169.0	False	False	0.9908518666666667	0.9923663500000001
dark720p_60f	dark720p_60f	libaom	libaom_20210326_ab20d37_enc-mode0	60	43	0	265276.0	265.276	42.200833333333335	36.999	40.89416666666669	42.136339	36.996683	40.890368	90.70495466666667	1904249.0	31.737483333333333	1900.55	1280	720	30.0	8	8ab22719b1ab189931df13403851a5b7	a08bd91cdf1f70cfd340b853362ed770	1280	720	6106.0	131.0	453.0	17482.0	False	False	0.9894519666666668	0.9912829666666666
dark720p_60f	dark720p_60f	libaom	libaom_20210326_ab20d37_enc-mode0	60	55	0	132448.0	132.448	41.17216666666666	36.531833333333324	40.19316666666666	41.127818	36.529958	40.18933	87.66737303333335	1046074.0	17.434566666666665	1034.53	1280	720	30.0	8	918ff559451dbeb81f3824ffdaf6f9fa	d31245de0ef1eacb14419c249dd25a2d	1280	720	7693.0	131.0	462.0	18857.0	False	False	0.9866738166666666	0.9891721999999998
dark720p_60f	dark720p_60f	libaom	libaom_20210326_ab20d37_enc-mode0	60	63	0	73196.0	73.196	39.32333333333334	35.661666666666676	38.98933333333333	39.288265	35.658199	38.978508	81.19475626666666	612416.0	10.206933333333334	603.15	1280	720	30.0	8	ba1538050937a9a0518b2cf05059914d	641f0ffa26cace721f00c567d22b674d	1280	720	4939.0	135.0	400.0	11741.0	False	False	0.9804983333333334	0.9843729
KristenAndSara_1280x720_60_10b	KristenAndSara_1280x720_60_10b	libaom	libaom_20210326_ab20d37_enc-mode0	60	20	0	2738584.0	2738.584	44.67216666666668	49.68266666666666	50.724666666666685	44.663448	49.678184	50.721982	97.00140868333332	6084307.0	101.40511666666667	5955.97	1280	720	60.0	10	c7e3e81fb27f404674ecba226f9adc51	f0c136cbef31ec8af5f393b76b3f83bd	1280	720	10609.0	238.0	927.0	17735.0	False	False	0.9962972166666667	0.9957030500000001
KristenAndSara_1280x720_60_10b	KristenAndSara_1280x720_60_10b	libaom	libaom_20210326_ab20d37_enc-mode0	60	32	0	1296240.0	1296.24	43.78166666666666	49.101000000000006	50.11599999999998	43.773811	49.09755	50.113174	96.27399468333334	3364615.0	56.07691666666667	3357.98	1280	720	60.0	10	6df77a2d5e3f160b6be2581ba66169cf	19be035a3072326342f79ce5f7189119	1280	720	10335.0	292.0	899.0	17461.0	False	False	0.9952767166666666	0.9947933333333333
KristenAndSara_1280x720_60_10b	KristenAndSara_1280x720_60_10b	libaom	libaom_20210326_ab20d37_enc-mode0	60	43	0	749056.0	749.056	42.66066666666666	48.165499999999994	49.124	42.646928	48.16122	49.119293	94.96617185	2159239.0	35.987316666666665	2155.85	1280	720	60.0	10	049e23a11c086631076152b5a0abdb7d	838317ca7fd639e41e631879fded149c	1280	720	10566.0	224.0	643.0	17756.0	False	False	0.9936050166666666	0.9933622000000001
KristenAndSara_1280x720_60_10b	KristenAndSara_1280x720_60_10b	libaom	libaom_20210326_ab20d37_enc-mode0	60	55	0	407136.0	407.136	40.80866666666668	46.29866666666666	47.29949999999999	40.79266500000001	46.294259	47.295267	92.05299421666669	1290864.0	21.5144	1283.68	1280	720	60.0	10	3297f672c416bae48206aeaef45625f7	7828b25141cd99e337e9ac8be8b50669	1280	720	10590.0	223.0	645.0	11442.0	False	False	0.9899915166666667	0.9903403999999999
KristenAndSara_1280x720_60_10b	KristenAndSara_1280x720_60_10b	libaom	libaom_20210326_ab20d37_enc-mode0	60	63	0	208000.0	208.0	37.88133333333336	43.43950000000002	44.51816666666665	37.873929	43.434491	44.512941	85.10346668333335	855944.0	14.265733333333333	854.27	1280	720	60.0	10	19f9ae1ecf502d835970a947700cc370	e9f12f91c128c47d1af264217dfa0da1	1280	720	10713.0	236.0	600.0	17792.0	False	False	0.98095765	0.9830109333333333
Netflix_Crosswalk_1920x1080_60fp	Netflix_Crosswalk_1920x1080_60fp	libaom	libaom_20210326_ab20d37_enc-mode0	60	20	0	6467672.0	6467.672	45.29966666666667	48.23866666666666	50.09083333333334	45.269854	48.233023	50.08440600000001	98.47215718333335	5560724.0	92.67873333333333	5546.97	1920	1080	60.0	8	c0aca7bd0c6bd6c456626d0c8dfb549f	3272d9cc4331fb7ad37804213724fc9c	1920	1080	11915.0	258.0	2139.0	38811.0	False	False	0.9973486	0.9954264333333334
Netflix_Crosswalk_1920x1080_60fp	Netflix_Crosswalk_1920x1080_60fp	libaom	libaom_20210326_ab20d37_enc-mode0	60	32	0	3374008.0	3374.008	44.031166666666664	47.45749999999999	49.26133333333333	43.974966	47.449344	49.251101	95.00594001666667	5151975.0	85.86625	5128.28	1920	1080	60.0	8	fa8fdad22d6b8bb3f520f3429fa3f42f	eabe948dc81d616f0ec00837b79c735e	1920	1080	12796.0	267.0	1855.0	40447.0	False	False	0.9955926500000001	0.9935406999999998
Netflix_Crosswalk_1920x1080_60fp	Netflix_Crosswalk_1920x1080_60fp	libaom	libaom_20210326_ab20d37_enc-mode0	60	43	0	1823488.0	1823.488	42.373999999999995	46.48783333333333	48.22583333333333	42.276052	46.472115	48.212277	88.77896621666667	3393631.0	56.560516666666665	3390.56	1920	1080	60.0	8	235be2e812e0edfe049dc9f31de55a67	bccb2624b10b43134c4d40878d005e14	1920	1080	9851.0	266.0	1642.0	39593.0	False	False	0.9919695000000001	0.99006205
Netflix_Crosswalk_1920x1080_60fp	Netflix_Crosswalk_1920x1080_60fp	libaom	libaom_20210326_ab20d37_enc-mode0	60	55	0	952776.0	952.776	40.15516666666667	45.101499999999994	46.75683333333334	40.01870999999999	45.083129	46.740348	77.86140065	2336462.0	38.94103333333333	2331.03	1920	1080	60.0	8	9b79ad6060ec889a8ac52087e7a3245e	45bd4473da6408d1e574f7412bcfdffe	1920	1080	12913.0	307.0	1385.0	43063.0	False	False	0.9838016500000001	0.9828852833333332
Netflix_Crosswalk_1920x1080_60fp	Netflix_Crosswalk_1920x1080_60fp	libaom	libaom_20210326_ab20d37_enc-mode0	60	63	0	507208.0	507.208	37.474500000000006	43.480833333333344	44.99283333333333	37.286431	43.451924	44.955233	61.78583706666666	1401303.0	23.35505	1395.94	1920	1080	60.0	8	f36d1ff612ddb55bd6076b9a03c63cb7	dc3323bb29d20dac1cd650ac17a8ec1a	1920	1080	12088.0	268.0	1101.0	38758.0	False	False	0.9667613666666667	0.9688911666666667
Netflix_PierSeaside_1920x1080_60	Netflix_PierSeaside_1920x1080_60	libaom	libaom_20210326_ab20d37_enc-mode0	60	20	0	5848112.0	5848.112	45.14183333333334	47.35166666666666	45.44266666666667	45.114789	47.341972000000005	45.430206	99.90902608333336	5494623.0	91.57705	5474.44	1920	1080	60.0	8	be292788453689060bcf59c7004e38c1	991809fb7bd15c455ba5139f2190b8e5	1920	1080	13689.0	254.0	1439.0	39186.0	False	False	0.9984410833333334	0.9970363666666665
Netflix_PierSeaside_1920x1080_60	Netflix_PierSeaside_1920x1080_60	libaom	libaom_20210326_ab20d37_enc-mode0	60	32	0	2876120.0	2876.12	43.560333333333325	46.46700000000001	44.80550000000001	43.522638	46.460583	44.797505	99.49133948333333	5291683.0	88.19471666666666	5266.94	1920	1080	60.0	8	605e60dc5e67fa05b99a5284b16a6f1d	b2e01f6552c31836e9498dec5b9989ce	1920	1080	16075.0	274.0	1420.0	42509.0	False	False	0.9974795499999999	0.9955348333333334
Netflix_PierSeaside_1920x1080_60	Netflix_PierSeaside_1920x1080_60	libaom	libaom_20210326_ab20d37_enc-mode0	60	43	0	1474592.0	1474.592	41.73	45.22950000000002	43.890499999999996	41.685514	45.22525699999999	43.88492899999999	97.53149851666664	3903971.0	65.06618333333333	3788.72	1920	1080	60.0	8	83f8d7e207b04c729c7949d76bf35ccd	22a47ea1d3535b51c396fd5ce7044f6e	1920	1080	14106.0	258.0	1134.0	41160.0	False	False	0.995751	0.9930494500000001
Netflix_PierSeaside_1920x1080_60	Netflix_PierSeaside_1920x1080_60	libaom	libaom_20210326_ab20d37_enc-mode0	60	55	0	730808.0	730.8079999999999	39.46249999999999	43.361999999999995	42.51150000000002	39.42871	43.359749	42.509291	93.04468648333332	2141922.0	35.6987	2129.99	1920	1080	60.0	8	4cae7a28ea13ee2c94e50d8efb46c22a	89fecd7891b6c98aac3bbf08226208db	1920	1080	10443.0	268.0	1178.0	40558.0	False	False	0.9922159999999999	0.9884697666666666
Netflix_PierSeaside_1920x1080_60	Netflix_PierSeaside_1920x1080_60	libaom	libaom_20210326_ab20d37_enc-mode0	60	63	0	392456.0	392.456	36.82	41.04850000000001	40.63866666666665	36.798949	41.031123	40.626308	84.41717235000003	1485368.0	24.756133333333334	1477.61	1920	1080	60.0	8	033bf99576f194dfd71a5228b24b2e25	9270f7fd7cbad37e6a35ab599b494c01	1920	1080	13863.0	351.0	1207.0	36116.0	False	False	0.9854284833333332	0.9804101666666667
aspen_1080p_60f	aspen_1080p_60f	libaom	libaom_20210326_ab20d37_enc-mode0	60	20	0	4661141.0	4661.141	43.168333333333315	47.837166666666675	49.07316666666666	43.147365	47.834113	49.070904	96.63643446666667	6902047.0	115.03411666666666	6875.24	1920	1080	29.97	8	444809a3e50bdc4dc64aa32a77e12e60	f8fcb3dcfa581124f059f41ae0f137fb	1920	1080	12136.0	237.0	2079.0	24010.0	False	False	0.9957291333333332	0.9917644166666666
aspen_1080p_60f	aspen_1080p_60f	libaom	libaom_20210326_ab20d37_enc-mode0	60	32	0	1810552.0	1810.552	41.97299999999999	46.865999999999985	47.928333333333335	41.962538	46.863389	47.924172	93.57763018333334	5627997.0	93.79995	5603.56	1920	1080	29.97	8	2dfd44ae275ce2f8ff8f73e1349010c7	a4973443d9199d3f9cb0772bf296d240	1920	1080	12312.0	275.0	1844.0	40799.0	False	False	0.994181	0.9897958666666666
aspen_1080p_60f	aspen_1080p_60f	libaom	libaom_20210326_ab20d37_enc-mode0	60	43	0	885259.0	885.259	40.697500000000005	45.65783333333333	46.633999999999986	40.681940000000004	45.65352	46.629257	88.85128721666665	3124346.0	52.072433333333336	3119.95	1920	1080	29.97	8	7d448131e1fe4d8bf5411207ad39ed4d	43425f3d02eaf27216a52ead0950be60	1920	1080	11993.0	230.0	1270.0	38173.0	False	False	0.9916340333333334	0.9869133999999999
aspen_1080p_60f	aspen_1080p_60f	libaom	libaom_20210326_ab20d37_enc-mode0	60	55	0	458537.0	458.537	38.891500000000015	44.00616666666667	44.70749999999999	38.86203	44.001049	44.699836	80.78527736666666	2006834.0	33.44723333333334	1997.27	1920	1080	29.97	8	6378640e978c9618d8ba8cb73bf63246	5a92a5c3c45e545b620b3097848841be	1920	1080	9449.0	257.0	1254.0	39919.0	False	False	0.98577525	0.9808615666666666
aspen_1080p_60f	aspen_1080p_60f	libaom	libaom_20210326_ab20d37_enc-mode0	60	63	0	239665.0	239.665	36.39216666666667	41.97466666666669	42.56433333333335	36.334583	41.961561	42.548529	66.64988116666666	1300661.0	21.677683333333334	1294.92	1920	1080	29.97	8	c265c9d4d2d6ed99134c99f087e6c2a9	c203bc5898a514a6dbf54ea02dcc3184	1920	1080	11831.0	262.0	1048.0	40654.0	False	False	0.9712921833333332	0.9671895166666665
gipsrestat720p_60f	gipsrestat720p_60f	libaom	libaom_20210326_ab20d37_enc-mode0	60	20	0	2647193.0	2647.193	44.471666666666685	47.43783333333334	49.09466666666669	44.453608	47.430538	49.087951	96.60240648333335	3397166.0	56.61943333333333	3391.68	1280	720	50.0	8	6897c2346ece83e8b99ee0ca3dc04399	4a98c9115fb37bb966c0ab9898d58e79	1280	720	7160.0	120.0	573.0	10702.0	False	False	0.9974253166666668	0.9967716500000001
gipsrestat720p_60f	gipsrestat720p_60f	libaom	libaom_20210326_ab20d37_enc-mode0	60	32	0	1333706.0	1333.706	43.368500000000004	47.08116666666665	48.634833333333326	43.336468	47.076861	48.628886	95.71914276666666	2163760.0	36.062666666666665	2120.95	1280	720	50.0	8	34f2077c3488cd3dc184ad79cdd30dad	e12bd47f5d2d57938169d03e04a3b661	1280	720	12620.0	125.0	478.0	17727.0	False	False	0.9966725833333333	0.9960602999999999
gipsrestat720p_60f	gipsrestat720p_60f	libaom	libaom_20210326_ab20d37_enc-mode0	60	43	0	786626.0	786.626	42.096000000000004	46.46100000000001	47.84950000000002	42.041868	46.457503	47.844101	94.20135605	1184778.0	19.7463	1181.08	1280	720	50.0	8	1a60955d509e41f56d4f85c8a7be70ac	2030430d8f11272a6e3e009cd38cd5b3	1280	720	5950.0	182.0	647.0	19010.0	False	False	0.9953888000000002	0.9948953166666666
gipsrestat720p_60f	gipsrestat720p_60f	libaom	libaom_20210326_ab20d37_enc-mode0	60	55	0	425153.0	425.153	40.03166666666667	44.9725	46.06616666666667	39.986621	44.970582	46.062952	91.34636206666666	660893.0	11.014883333333334	658.66	1280	720	50.0	8	bfa2c36b1f8b3a20861b351f3e686826	1609c3d19866dda4e1d5b6eb16d81402	1280	720	7021.0	134.0	385.0	17858.0	False	False	0.9922305166666665	0.9920365833333334
gipsrestat720p_60f	gipsrestat720p_60f	libaom	libaom_20210326_ab20d37_enc-mode0	60	63	0	197126.0	197.126	36.35716666666668	42.02400000000001	42.74233333333332	36.338609	42.022771	42.741071	82.59912804999998	634970.0	10.582833333333333	627.64	1280	720	50.0	8	c27b2e48ab741b05a9e3f6bf3fd5cac6	87701f6d440134096f8cb0a3d35eb621	1280	720	13583.0	146.0	362.0	20323.0	False	False	0.9809873833333334	0.9823468999999998
niklas360p_60f	niklas360p_60f	libaom	libaom_20210326_ab20d37_enc-mode0	60	20	0	1098024.0	1098.024	43.689166666666665	47.47383333333333	47.04033333333332	43.655522	47.429783	47.01149	97.93102395	1596192.0	26.6032	1595.27	640	360	30.0	8	aa3a4c59f3c6962b1833b06aefd03501	41cbe31dbf0360f91ead885553bde68d	640	360	2123.0	51.0	353.0	5341.0	False	False	0.9859091666666665	0.99676505
niklas360p_60f	niklas360p_60f	libaom	libaom_20210326_ab20d37_enc-mode0	60	32	0	627696.0	627.696	41.308333333333316	46.041333333333334	45.35583333333334	41.265959	46.005712	45.335115	96.18918089999998	1205144.0	20.085733333333334	1203.0	640	360	30.0	8	6138ac7292efef6e3c56e721e01f9928	a74e9586a1b23bfd1ce2cb8e865d8df0	640	360	3247.0	53.0	265.0	5313.0	False	False	0.9801052833333334	0.9949779833333333
niklas360p_60f	niklas360p_60f	libaom	libaom_20210326_ab20d37_enc-mode0	60	43	0	359092.0	359.092	38.711499999999994	44.519833333333324	43.60716666666667	38.65546299999999	44.494077	43.590239	92.65045406666667	1072958.0	17.882633333333334	1065.99	640	360	30.0	8	d61841073fe8bfab17cc146e9260baab	7348c2b63e8b6887eff6749a819eb5c9	640	360	1786.0	52.0	245.0	5659.0	False	False	0.9705674000000001	0.9916959833333333
niklas360p_60f	niklas360p_60f	libaom	libaom_20210326_ab20d37_enc-mode0	60	55	0	195432.0	195.432	35.65483333333335	42.72216666666667	41.49666666666666	35.597024	42.696487	41.480333	85.95971266666668	565282.0	9.421366666666666	564.21	640	360	30.0	8	cd23f8e35d2972d327ea1810cde68586	84ce958663ca708579c4d5bf6412bd3b	640	360	2178.0	59.0	223.0	5136.0	False	False	0.9518978833333336	0.9844173666666667
niklas360p_60f	niklas360p_60f	libaom	libaom_20210326_ab20d37_enc-mode0	60	63	0	103544.0	103.544	32.3955	40.765499999999996	39.28166666666667	32.3107	40.742393	39.263378	74.12366713333334	343474.0	5.724566666666667	341.92	640	360	30.0	8	b42e81c6fb7f8cdc77078dfdaaee92fb	cddcbb74165752a5c5af5e3f02974c80	640	360	1866.0	54.0	157.0	5484.0	False	False	0.9209646666666667	0.9697081333333333
shields_640x360_60f	shields_640x360_60f	libaom	libaom_20210326_ab20d37_enc-mode0	60	20	0	1657140.0	1657.14	41.69533333333332	44.4605	45.977666666666686	41.56144	44.435072	45.897314	99.46464323333333	1256534.0	20.942233333333334	1247.7	640	360	50.0	8	9fed2270f4a23cf1c1f13ec4a676b119	3fc315cb01d33d573ece875d4792d4c0	640	360	4376.0	50.0	268.0	5118.0	False	False	0.9836165833333333	0.99802195
shields_640x360_60f	shields_640x360_60f	libaom	libaom_20210326_ab20d37_enc-mode0	60	32	0	942866.0	942.866	39.648166666666654	42.53983333333333	44.15566666666666	39.450885	42.487088	44.033074000000006	99.441226	852042.0	14.2007	851.09	640	360	50.0	8	73116f7f7cca243960f42e6077e3aca0	28578bc7a65c6daf8abf03ae9701dc7d	640	360	3313.0	57.0	248.0	5227.0	False	False	0.9767898499999998	0.9969917833333334
shields_640x360_60f	shields_640x360_60f	libaom	libaom_20210326_ab20d37_enc-mode0	60	43	0	576360.0	576.36	37.460499999999996	40.63200000000001	42.44300000000001	37.18789	40.532074	42.26621	99.3549311	695518.0	11.591966666666666	692.78	640	360	50.0	8	1b971f65dc6f39be639609023fc95923	ff876ba4085f0aaebfcc7df42de05a72	640	360	3100.0	61.0	283.0	5500.0	False	False	0.9658891333333334	0.9951787666666667
shields_640x360_60f	shields_640x360_60f	libaom	libaom_20210326_ab20d37_enc-mode0	60	55	0	339700.0	339.7	34.58266666666667	38.17250000000002	40.24183333333331	34.224753	38.002966	39.994579	96.02842141666665	461275.0	7.687916666666666	459.8	640	360	50.0	8	00ead341e3c555bf18274a92bf0b887d	c03c0264b0d2e9ba5561cac4cf71562d	640	360	3359.0	76.0	346.0	5692.0	False	False	0.9424013833333332	0.9905738333333333
shields_640x360_60f	shields_640x360_60f	libaom	libaom_20210326_ab20d37_enc-mode0	60	63	0	196220.0	196.22	31.231666666666673	35.88333333333333	37.77116666666666	30.730006	35.631789	37.501326	86.01177706666667	302271.0	5.03785	301.97	640	360	50.0	8	d5b3bf2a257cc778a7b11f44b5d5ad33	d1effdb7a0b4c64ea6f245a88b8ae1d3	640	360	3277.0	55.0	130.0	5272.0	False	False	0.8895788833333332	0.9771566833333334
vidyo1_720p_60fps_60f	vidyo1_720p_60fps_60f	libaom	libaom_20210326_ab20d37_enc-mode0	60	20	0	3188432.0	3188.432	45.159	48.12283333333333	49.51750000000001	45.144586	48.112861	49.510237	96.18665556666669	3620889.0	60.34815	3612.93	1280	720	60.0	8	6841e94c9954b69887e44ddd81decd25	9f44079eb4e3ebee079cf363cfe33d82	1280	720	6366.0	125.0	643.0	18092.0	False	False	0.9972552833333332	0.9966516
vidyo1_720p_60fps_60f	vidyo1_720p_60fps_60f	libaom	libaom_20210326_ab20d37_enc-mode0	60	32	0	1481544.0	1481.544	44.08116666666668	47.76366666666666	49.05066666666668	44.070602	47.758005	49.045896	95.20061421666668	1971855.0	32.86425	1963.94	1280	720	60.0	8	58aa7d12e8648ddc46a8a02e68e47240	1e13764d254f221a473681eeb16dac2c	1280	720	6515.0	121.0	529.0	18155.0	False	False	0.9963196833333334	0.9957453333333333
vidyo1_720p_60fps_60f	vidyo1_720p_60fps_60f	libaom	libaom_20210326_ab20d37_enc-mode0	60	43	0	782064.0	782.064	42.86033333333334	47.26583333333333	48.34499999999999	42.85085	47.261995	48.340399	93.48369475	1262157.0	21.03595	1258.25	1280	720	60.0	8	2cb9b8894ddd98a5561ba0f20af26c7e	ce3ffc1dabede6901d853e1c2936504d	1280	720	6569.0	134.0	460.0	17779.0	False	False	0.9947445166666665	0.9943494666666667
vidyo1_720p_60fps_60f	vidyo1_720p_60fps_60f	libaom	libaom_20210326_ab20d37_enc-mode0	60	55	0	414536.0	414.536	41.012666666666654	46.110666666666674	46.85516666666669	41.002155	46.108092000000006	46.853552	89.97860063333333	711386.0	11.856433333333333	706.98	1280	720	60.0	8	a4185c26009cd66611c65867ad143a29	117848873537f4937e46be8dc9e53b82	1280	720	6470.0	146.0	411.0	18388.0	False	False	0.99100445	0.9912051833333333
vidyo1_720p_60fps_60f	vidyo1_720p_60fps_60f	libaom	libaom_20210326_ab20d37_enc-mode0	60	63	0	207568.0	207.568	37.92749999999999	43.83966666666667	44.18166666666668	37.910967	43.833244	44.177045	80.97813106666666	454689.0	7.57815	453.19	1280	720	60.0	8	f16b839ae5b0ae85f10b72cc5626fd16	def5081e51f0c54f1c9c5e2ce64e32e0	1280	720	6461.0	157.0	319.0	17445.0	False	False	0.9790448833333334	0.9816839500000001
RollerCoastPas_1920x1080_2997_10	RollerCoastPas_1920x1080_2997_10	libaom	libaom_20210326_ab20d37_enc-mode0	60	20	0	3037909.0	3037.909	45.28666666666667	45.47150000000002	43.87633333333333	45.284682	45.470607	43.874266	97.13306293333332	7442950.0	124.04916666666666	7382.42	1920	1080	29.97	10	5c529aee25a3a064d5b716ac5f7bee10	3f4bdcbc54b8abf3a363bea10a27f962	1920	1080	26166.0	681.0	2289.0	42915.0	False	False	0.9987443166666667	0.9971213333333334
RollerCoastPas_1920x1080_2997_10	RollerCoastPas_1920x1080_2997_10	libaom	libaom_20210326_ab20d37_enc-mode0	60	32	0	1601917.0	1601.917	44.41549999999998	44.98816666666669	43.408166666666645	44.414009	44.988081	43.407327	96.59276066666666	6445367.0	107.42278333333333	6435.11	1920	1080	29.97	10	2594af2fefee780dd219448a63110120	457d6f8cc86d1aeb1ab4c6eeb9e956cc	1920	1080	25512.0	583.0	1684.0	41803.0	False	False	0.9983808	0.9965137166666668
RollerCoastPas_1920x1080_2997_10	RollerCoastPas_1920x1080_2997_10	libaom	libaom_20210326_ab20d37_enc-mode0	60	43	0	936987.0	936.987	43.08533333333333	44.221666666666685	42.75166666666669	43.08177	44.221466	42.750948	95.40848388333333	4480937.0	74.68228333333333	4466.13	1920	1080	29.97	10	6f19b5e2d276057d91c57f5931b0faf3	d635a6d44d751a0337c1f2b31dd1ea24	1920	1080	25949.0	564.0	1524.0	39980.0	False	False	0.9976156999999998	0.9953057499999999
RollerCoastPas_1920x1080_2997_10	RollerCoastPas_1920x1080_2997_10	libaom	libaom_20210326_ab20d37_enc-mode0	60	55	0	477123.0	477.123	40.7915	42.630833333333314	41.3825	40.787913	42.631298	41.382553	92.60679181666667	2724423.0	45.40705	2711.24	1920	1080	29.97	10	11581d3445b89dcb87a265ef2f40ddea	2ff00ab6dc21d47cd05c68edb29d894e	1920	1080	24195.0	592.0	1539.0	25323.0	False	False	0.9955155833333333	0.9922218833333333
RollerCoastPas_1920x1080_2997_10	RollerCoastPas_1920x1080_2997_10	libaom	libaom_20210326_ab20d37_enc-mode0	60	63	0	217541.0	217.541	37.135999999999996	39.86816666666667	38.90149999999999	37.129142	39.865451	38.899737	84.58140671666668	2251983.0	37.53305	2237.73	1920	1080	29.97	10	38cd23d9cfd2296b7f7439cdb3532c86	251e0f5c93215184a78eac820dc84fe1	1920	1080	26147.0	551.0	1274.0	42214.0	False	False	0.9878566333333333	0.9824382999999999
DOTA2_60f_420	DOTA2_60f_420	libaom	libaom_20210326_ab20d37_enc-mode0	60	20	0	12530376.0	12530.376	44.82716666666666	48.715833333333336	48.884333333333345	44.779821	48.664317	48.866694	97.16037666666666	5431229.0	90.52048333333333	5426.16	1920	1080	60.0	8	1979256210c549e9c3c7d5a2e80b6620	968a9bd295024807cc8619a8069c457a	1920	1080	15853.0	269.0	1938.0	39819.0	False	False	0.9984186333333332	0.9969823833333333
DOTA2_60f_420	DOTA2_60f_420	libaom	libaom_20210326_ab20d37_enc-mode0	60	32	0	6388896.0	6388.896	42.46183333333333	46.51766666666667	46.85749999999999	42.39474	46.449643	46.835462	95.11117348333333	5423720.0	90.39533333333334	5411.73	1920	1080	60.0	8	8e1d9916b0e28dd08b76f7e0123ac8c7	d1bcca4b5f8add5ee2c00b47bafe69de	1920	1080	15719.0	265.0	1518.0	39182.0	False	False	0.9970324166666666	0.9945227
DOTA2_60f_420	DOTA2_60f_420	libaom	libaom_20210326_ab20d37_enc-mode0	60	43	0	3366496.0	3366.496	40.117	44.345666666666666	44.77683333333334	40.03598	44.256962	44.748114	91.44440916666669	4701691.0	78.36151666666666	4656.04	1920	1080	60.0	8	b21ed6f887986d112f1a24edfbdbd5a6	ed79563ac310cba79dd0be511d00d1e8	1920	1080	16072.0	266.0	1479.0	40943.0	False	False	0.9940399166666666	0.9899078666666665
DOTA2_60f_420	DOTA2_60f_420	libaom	libaom_20210326_ab20d37_enc-mode0	60	55	0	1629160.0	1629.16	37.382499999999986	41.84716666666668	42.30616666666667	37.30238	41.761577	42.28708199999999	84.65839093333334	3006223.0	50.103716666666664	2991.59	1920	1080	60.0	8	df2e02c6966aa1fdb2d46f091b573a06	b5d97fad0d46bb514b7335addf7ad219	1920	1080	15683.0	269.0	1133.0	41273.0	False	False	0.9856065333333334	0.9791750499999999
DOTA2_60f_420	DOTA2_60f_420	libaom	libaom_20210326_ab20d37_enc-mode0	60	63	0	810024.0	810.024	34.48966666666668	39.0165	39.468666666666664	34.402734	38.942076	39.440761	71.51849968333333	2443476.0	40.7246	2426.56	1920	1080	60.0	8	d81b0491dd970e292574a53899470a30	c5e1f7ca0c7af0db5a635e7c44faa9cf	1920	1080	12811.0	288.0	1083.0	28995.0	False	False	0.9648372666666667	0.9577190166666667
Netflix_DrivingPOV_1280x720_60fp	Netflix_DrivingPOV_1280x720_60fp	libaom	libaom_20210326_ab20d37_enc-mode0	60	20	0	8415600.0	8415.6	42.094833333333334	45.893166666666644	44.69949999999999	42.070206	45.882891	44.693366	99.60079666666667	5233694.0	87.22823333333334	5223.86	1280	720	60.0	8	be86928e850ae2029aa52f205b41dcc8	bb109c03436373c0b10e5e96f7034a4e	1280	720	8180.0	120.0	1141.0	17435.0	False	False	0.9978439833333332	0.9971821166666666
Netflix_DrivingPOV_1280x720_60fp	Netflix_DrivingPOV_1280x720_60fp	libaom	libaom_20210326_ab20d37_enc-mode0	60	32	0	4383288.0	4383.288	39.839333333333336	44.571	43.77016666666666	39.811468	44.557035	43.764219	98.44883429999997	4033615.0	67.22691666666667	4019.46	1280	720	60.0	8	865d516e687a7fe419dc32ff86bdef90	5c6b89a25a708414b7489451e79bbb62	1280	720	8307.0	128.0	999.0	18062.0	False	False	0.99599465	0.9949052500000001
Netflix_DrivingPOV_1280x720_60fp	Netflix_DrivingPOV_1280x720_60fp	libaom	libaom_20210326_ab20d37_enc-mode0	60	43	0	2446072.0	2446.072	37.71550000000001	43.29533333333333	42.91466666666665	37.677494	43.280881	42.909769	96.0794077	2946567.0	49.10945	2939.75	1280	720	60.0	8	3d793f1cc11bf92b9f722807d5ec8783	5d3f56e6a4b1354b6670aec83705d439	1280	720	6620.0	116.0	664.0	17852.0	False	False	0.9923220833333333	0.9911754166666668
Netflix_DrivingPOV_1280x720_60fp	Netflix_DrivingPOV_1280x720_60fp	libaom	libaom_20210326_ab20d37_enc-mode0	60	55	0	1251296.0	1251.296	35.11800000000001	41.39566666666668	41.6595	35.080424	41.384827	41.654424	90.94745323333335	2213534.0	36.89223333333333	2204.1	1280	720	60.0	8	5b39f41505d33100e7647c08c95f95b6	fefbc40ff13127f16ca34eab00815127	1280	720	8590.0	139.0	705.0	13562.0	False	False	0.9866400833333332	0.9854328666666667
Netflix_DrivingPOV_1280x720_60fp	Netflix_DrivingPOV_1280x720_60fp	libaom	libaom_20210326_ab20d37_enc-mode0	60	63	0	628160.0	628.16	32.32683333333333	39.18283333333334	40.18616666666666	32.277608	39.168315	40.171963	81.03704941666666	1631206.0	27.186766666666667	1615.75	1280	720	60.0	8	853631251c30df92651d89499d46f41a	a1017a3d6786b42f90ac4b49407f045d	1280	720	8413.0	144.0	619.0	18748.0	False	False	0.9763945333333334	0.9748945833333332
speed_bag_640x360_60f	speed_bag_640x360_60f	libaom	libaom_20210326_ab20d37_enc-mode0	60	20	0	392366.0	392.366	46.37300000000002	49.38083333333332	50.88883333333334	46.305156	49.336093	50.835818	98.08087748333334	575093.0	9.584883333333334	574.75	640	360	29.97	8	4d7a506e14477f30dcdbf38023b9ffe9	85275a98afacf30f891f33bf630780ee	640	360	1495.0	49.0	220.0	3149.0	False	False	0.9883759833333335	0.9973179333333334
speed_bag_640x360_60f	speed_bag_640x360_60f	libaom	libaom_20210326_ab20d37_enc-mode0	60	32	0	221963.0	221.963	44.493000000000016	47.80433333333333	49.534	44.380803	47.736955	49.451154	96.91585636666667	420146.0	7.002433333333333	418.38	640	360	29.97	8	c1c27d034ea3bb438750267a099dc0bd	087da978f2b554f6d85b8c4fd0a70a9d	640	360	1714.0	54.0	201.0	5738.0	False	False	0.9850539833333334	0.9958568499999999
speed_bag_640x360_60f	speed_bag_640x360_60f	libaom	libaom_20210326_ab20d37_enc-mode0	60	43	0	129486.0	129.486	42.40066666666667	46.013833333333345	47.970000000000006	42.21694	45.913247	47.829883	94.10212735000002	255155.0	4.252583333333333	254.87	640	360	29.97	8	8ce458bf4249144e24bbd72534d86fba	daf2e4f8ee2626d1ba88bfe17e8d4469	640	360	1519.0	58.0	147.0	3253.0	False	False	0.9805112833333333	0.9934525333333333
speed_bag_640x360_60f	speed_bag_640x360_60f	libaom	libaom_20210326_ab20d37_enc-mode0	60	55	0	73890.0	73.89	39.769	43.9005	46.458499999999994	39.479353999999994	43.77883	46.244599	86.54150633333333	176847.0	2.94745	174.25	640	360	29.97	8	b0c9a405d7cae6ce5f33b199bdd30860	1f38df7a7ab215fb63a7d3442d7d3b7c	640	360	1781.0	59.0	142.0	5632.0	False	False	0.9725322166666666	0.98852765
speed_bag_640x360_60f	speed_bag_640x360_60f	libaom	libaom_20210326_ab20d37_enc-mode0	60	63	0	44633.0	44.633	36.98800000000001	41.57683333333333	44.238000000000014	36.513347	41.363054	43.953191	74.90413915000002	119818.0	1.9969666666666666	119.03	640	360	29.97	8	8c67105c8c602e4d212a6662186cfb9b	5268cc11352bab29133ce7dc099537d1	640	360	1894.0	58.0	131.0	5640.0	False	False	0.9609923666666667	0.9787125000000001
Netflix_FoodMarket_1920x1080_60f	Netflix_FoodMarket_1920x1080_60f	libaom	libaom_20210326_ab20d37_enc-mode0	60	20	0	13203808.0	13203.808	40.52283333333333	44.60666666666667	45.436833333333325	40.50706	44.603514	45.435776	98.013954	13369703.0	222.82838333333333	13349.57	1920	1080	60.0	8	f0b2623beae2b2479d6e689075766a46	e85e7e714970b62e81a0489d0c9b6219	1920	1080	16168.0	235.0	2334.0	38155.0	False	False	0.9940649666666667	0.9880587833333332
Netflix_FoodMarket_1920x1080_60f	Netflix_FoodMarket_1920x1080_60f	libaom	libaom_20210326_ab20d37_enc-mode0	60	32	0	5713632.0	5713.632	39.511	43.785333333333334	44.79133333333333	39.504358	43.783054	44.790767	95.26946898333334	8071349.0	134.52248333333333	8062.91	1920	1080	60.0	8	3f5169fd2b6ad9ce897c6ec11866c11f	8b86227777f0ad7be68cf24c057d2b2d	1920	1080	15793.0	236.0	1748.0	25162.0	False	False	0.9915510666666667	0.9844876166666665
Netflix_FoodMarket_1920x1080_60f	Netflix_FoodMarket_1920x1080_60f	libaom	libaom_20210326_ab20d37_enc-mode0	60	43	0	2965600.0	2965.6	38.247333333333344	42.95416666666667	44.06249999999998	38.236097	42.948662	44.05958	90.13897866666667	6243040.0	104.05066666666667	6211.4	1920	1080	60.0	8	0fe05334487cbf9cdf3e43f8f47ef2cf	43a8cb016f21fda9ca3c7a282a8c3ec4	1920	1080	15914.0	319.0	1883.0	40782.0	False	False	0.9866677166666666	0.9784306333333334
Netflix_FoodMarket_1920x1080_60f	Netflix_FoodMarket_1920x1080_60f	libaom	libaom_20210326_ab20d37_enc-mode0	60	55	0	1493528.0	1493.528	36.45733333333332	41.831166666666675	42.961333333333336	36.436127000000006	41.822818	42.951151	80.36569169999999	3633882.0	60.5647	3621.15	1920	1080	60.0	8	b30b0aeccf6eb4933acc626026eeed71	abe36eccf02a3bdab63f0e4b47b7b566	1920	1080	15922.0	258.0	1514.0	39744.0	False	False	0.9745985500000001	0.9653614833333334
Netflix_FoodMarket_1920x1080_60f	Netflix_FoodMarket_1920x1080_60f	libaom	libaom_20210326_ab20d37_enc-mode0	60	63	0	732296.0	732.296	34.25483333333334	40.54499999999999	41.541666666666664	34.213447	40.527049	41.494233	64.88516655	2712107.0	45.20178333333333	2654.35	1920	1080	60.0	8	b12541097523d035427fefd92bfcf0f0	fbdc6a8ed169cf214cb71d64f5d1a52e	1920	1080	13162.0	287.0	1375.0	42494.0	False	False	0.9471068666666667	0.939258
Netflix_RollerCoaster_1280x720_6	Netflix_RollerCoaster_1280x720_6	libaom	libaom_20210326_ab20d37_enc-mode0	60	20	0	6050816.0	6050.816	44.17066666666666	46.12866666666668	46.235833333333325	44.148324	46.12327	46.231955	99.89539413333334	4111494.0	68.5249	4104.84	1280	720	60.0	8	98536bcc03a1023f0042dac3b7641603	4a6bc9f2ce90585889b3abc6eb2ccda9	1280	720	7188.0	127.0	1185.0	18034.0	False	False	0.9976934333333334	0.9972932666666666
Netflix_RollerCoaster_1280x720_6	Netflix_RollerCoaster_1280x720_6	libaom	libaom_20210326_ab20d37_enc-mode0	60	32	0	3131752.0	3131.752	41.83116666666665	44.23366666666666	44.69283333333335	41.798845	44.225398	44.68739	99.71493006666667	2917385.0	48.623083333333334	2909.76	1280	720	60.0	8	6e6c7a3ce9d0cd4da9e07411d31f8576	55ab0773620826a91c4540f36b9cacae	1280	720	7008.0	123.0	906.0	17219.0	False	False	0.9958084333333334	0.9953070833333333
Netflix_RollerCoaster_1280x720_6	Netflix_RollerCoaster_1280x720_6	libaom	libaom_20210326_ab20d37_enc-mode0	60	43	0	1736568.0	1736.568	39.53633333333334	42.44716666666666	43.297333333333334	39.491635	42.432746	43.289451	96.24046378333334	2340181.0	39.00301666666667	2324.39	1280	720	60.0	8	bfd6be367c7db6c1211dfa3d8eaebca5	1e103d3f4e0412b0f7fd7c42ceb7170a	1280	720	8966.0	145.0	983.0	19185.0	False	False	0.9923296833333333	0.9918779666666667
Netflix_RollerCoaster_1280x720_6	Netflix_RollerCoaster_1280x720_6	libaom	libaom_20210326_ab20d37_enc-mode0	60	55	0	932400.0	932.4	36.896	40.19166666666665	41.61299999999998	36.85385	40.170249	41.602726	88.28582215000002	1723078.0	28.717966666666666	1712.9	1280	720	60.0	8	bd2ac89c05e866df457a103ecab4270e	9c333a463d324426e6cab53676d8bd86	1280	720	8127.0	181.0	1330.0	29841.0	False	False	0.98420335	0.9843201666666668
Netflix_RollerCoaster_1280x720_6	Netflix_RollerCoaster_1280x720_6	libaom	libaom_20210326_ab20d37_enc-mode0	60	63	0	496968.0	496.968	33.96933333333333	37.894999999999996	39.895500000000006	33.900638	37.867968	39.880092	73.70459805	1093826.0	18.230433333333334	1084.34	1280	720	60.0	8	51aef0546dd0ace2c3d5c280d548fec1	7ce37949558a9958c6aad85f32bd2a51	1280	720	5728.0	138.0	594.0	13836.0	False	False	0.9657275833333334	0.9686916833333331
kirland360p_60f	kirland360p_60f	libaom	libaom_20210326_ab20d37_enc-mode0	60	20	0	267324.0	267.324	47.217833333333346	48.51266666666666	49.78216666666664	47.15779	48.472519	49.744382	95.89299935000001	518972.0	8.649533333333334	516.93	640	360	30.0	8	3ada1f16a17d0c6cba1857fd235eb9d7	dfd26e0d033ec0039ee7641e74728eec	640	360	1473.0	50.0	142.0	3202.0	False	False	0.9916435166666666	0.9977233833333332
kirland360p_60f	kirland360p_60f	libaom	libaom_20210326_ab20d37_enc-mode0	60	32	0	160456.0	160.456	46.196333333333335	48.03016666666667	48.98116666666669	46.136906	47.997931	48.947237	94.91601855	321625.0	5.360416666666667	321.21	640	360	30.0	8	067cd9e07a2139bf874ceeade54537a6	59f7c153639785b49fcfbc28182fc2a2	640	360	1577.0	56.0	143.0	5508.0	False	False	0.9906661999999999	0.9972796333333335
kirland360p_60f	kirland360p_60f	libaom	libaom_20210326_ab20d37_enc-mode0	60	43	0	110676.0	110.676	45.08683333333334	47.54083333333334	48.31250000000002	45.013659	47.506046	48.287586	93.5953886	270391.0	4.506516666666666	268.78	640	360	30.0	8	2a3f5f67534eeecef99df043c6ffb596	da8a5ae87863f808ae747d5b47f04aa9	640	360	1596.0	55.0	127.0	3448.0	False	False	0.98946435	0.9967929166666667
kirland360p_60f	kirland360p_60f	libaom	libaom_20210326_ab20d37_enc-mode0	60	55	0	70496.0	70.496	43.553333333333335	46.87350000000001	47.42033333333334	43.384036	46.826845	47.318361	91.00177521666667	139542.0	2.3257	139.13	640	360	30.0	8	a26f2e0d2fb540619e97ad20dbc65ed8	bb2b49d595dbfa636a45cd214b0eb75e	640	360	1644.0	64.0	182.0	5317.0	False	False	0.9873184666666666	0.9958696166666667
kirland360p_60f	kirland360p_60f	libaom	libaom_20210326_ab20d37_enc-mode0	60	63	0	50740.0	50.74	41.825666666666656	46.13666666666666	46.34066666666668	41.194102	45.926321	45.915513	87.0939814	115703.0	1.9283833333333333	114.95	640	360	30.0	8	e5ab5def8199ffc25b79054a5603bd11	0d2f212629498a7ebb26b6181dfa1ef3	640	360	2375.0	67.0	151.0	5146.0	False	False	0.9836807500000001	0.9943719000000001
vidyo4_720p_60fps_60f	vidyo4_720p_60fps_60f	libaom	libaom_20210326_ab20d37_enc-mode0	60	20	0	3716160.0	3716.1599999999994	43.74883333333333	49.949500000000015	50.32383333333333	43.687754	49.937816	50.315083	97.29861083333334	4603489.0	76.72481666666667	4563.55	1280	720	60.0	8	b937b1b71c665b4ea4304e41a1bf1374	a955a854cee37962348a14934806bd42	1280	720	6189.0	184.0	857.0	17628.0	False	False	0.9962435666666667	0.9953640333333332
vidyo4_720p_60fps_60f	vidyo4_720p_60fps_60f	libaom	libaom_20210326_ab20d37_enc-mode0	60	32	0	1716592.0	1716.592	42.75783333333333	49.49483333333334	49.870333333333335	42.693699	49.479199	49.859609	96.26758903333334	2597051.0	43.28418333333333	2582.5	1280	720	60.0	8	a2031c2949d1246ed4eb189e873f4ad3	57a24abb3dd786efd08f0dd448413a63	1280	720	6416.0	134.0	671.0	19217.0	False	False	0.9949196499999999	0.9940820333333333
vidyo4_720p_60fps_60f	vidyo4_720p_60fps_60f	libaom	libaom_20210326_ab20d37_enc-mode0	60	43	0	938992.0	938.992	41.630666666666656	48.78000000000001	49.146499999999975	41.554866999999994	48.762861	49.133911	94.49386753333333	1417054.0	23.617566666666665	1410.34	1280	720	60.0	8	435b011e8c85bd37dca34bb9852a3f17	3c1448188b2362f89b528fe3853d995f	1280	720	6403.0	145.0	662.0	18085.0	False	False	0.9925811	0.9920132666666667
vidyo4_720p_60fps_60f	vidyo4_720p_60fps_60f	libaom	libaom_20210326_ab20d37_enc-mode0	60	55	0	486216.0	486.216	39.85466666666666	47.38216666666667	47.7245	39.776973	47.364828	47.712582	90.76172898333333	809108.0	13.485133333333334	807.31	1280	720	60.0	8	fcb4467725ff189b5565ded1e06c5204	042016f75b51c310e31d3531c1470250	1280	720	6359.0	163.0	637.0	18098.0	False	False	0.9869015666666667	0.9873446166666666
vidyo4_720p_60fps_60f	vidyo4_720p_60fps_60f	libaom	libaom_20210326_ab20d37_enc-mode0	60	63	0	235720.0	235.72	36.9835	44.86416666666665	44.954666666666654	36.927655	44.852754	44.944116	81.34140421666666	557574.0	9.2929	556.04	1280	720	60.0	8	5ae751bea7d31f990b4e9136e9e7a906	1786a1eb431149b3e22840a0c82f44ee	1280	720	6367.0	126.0	351.0	17784.0	False	False	0.97126255	0.9752346000000001
wikipedia_420	wikipedia_420	libaom	libaom_20210326_ab20d37_enc-mode0	60	20	0	1325172.0	1325.172	54.03316666666665	52.35966666666666	53.384833333333354	54.012053	52.175989	53.331214	99.82657841666666	2076653.0	34.610883333333334	2065.26	1920	1080	30.0	8	1d0b3fa64f54b39a0a86f27b5ad7d449	bc8d008e4cd7459c0f74f5025ce688f0	1920	1080	11549.0	266.0	840.0	39345.0	False	False	0.9998277833333333	0.99959265
wikipedia_420	wikipedia_420	libaom	libaom_20210326_ab20d37_enc-mode0	60	32	0	769292.0	769.292	50.16700000000003	50.17933333333336	51.5175	50.161698	49.969744	51.466827	99.79770636666666	2972102.0	49.53503333333333	2962.23	1920	1080	30.0	8	a346222385652f3033f863679600b68b	50c46e75e6119b35e5bbac6cf612f305	1920	1080	9932.0	253.0	820.0	38181.0	False	False	0.9994683499999998	0.9989691333333333
wikipedia_420	wikipedia_420	libaom	libaom_20210326_ab20d37_enc-mode0	60	43	0	567516.0	567.516	48.00733333333333	48.44050000000002	49.83916666666664	48.00083200000001	48.325247	49.812699	99.76846423333333	2226225.0	37.10375	2211.33	1920	1080	30.0	8	cb1668bf2b1d68aac0c307da615184b3	a2ee55b41e2ccd14bf3a6af4a0310236	1920	1080	11251.0	267.0	936.0	42401.0	False	False	0.99920635	0.9986503666666667
wikipedia_420	wikipedia_420	libaom	libaom_20210326_ab20d37_enc-mode0	60	55	0	466028.0	466.028	45.751166666666656	46.793833333333325	48.23083333333333	45.735404	46.739358	48.203588	99.72147675	1634181.0	27.23635	1621.68	1920	1080	30.0	8	47a9e17d19d9466cc2506fe27f516b1d	b382137bc4dc33307f7d821c8fb367c8	1920	1080	10926.0	295.0	989.0	42230.0	False	False	0.9990235666666666	0.99842005
wikipedia_420	wikipedia_420	libaom	libaom_20210326_ab20d37_enc-mode0	60	63	0	375672.0	375.67199999999997	42.53316666666667	45.22583333333335	46.59483333333332	42.46406	45.199385	46.55221100000001	99.48313925000001	1405696.0	23.428266666666666	1392.53	1920	1080	30.0	8	cc55c9a58cca10338e1e421e2ad99549	924e18f0cd88f51eac244a70f02b611b	1920	1080	12304.0	265.0	934.0	40770.0	False	False	0.9983930999999998	0.9976503833333333
Netflix_SquareAndTimelapse_1920x	Netflix_SquareAndTimelapse_1920x	libaom	libaom_20210326_ab20d37_enc-mode0	60	20	0	16279528.0	16279.528	43.78883333333333	48.27266666666667	47.342	43.77699	48.270607	47.339696	99.88318461666668	7939575.0	132.32625	7898.1	1920	1080	60.0	8	a1f9ca3eb6677e423a4d1b0c71f5b4e8	364f71b0de7899bb9543ee32c75081a0	1920	1080	17167.0	278.0	3152.0	40144.0	False	False	0.9989831833333334	0.9974977
Netflix_SquareAndTimelapse_1920x	Netflix_SquareAndTimelapse_1920x	libaom	libaom_20210326_ab20d37_enc-mode0	60	32	0	9383920.0	9383.92	41.337833333333336	46.358333333333334	45.25916666666669	41.321641	46.354675	45.254278	99.86037791666666	6099139.0	101.65231666666666	6092.28	1920	1080	60.0	8	31e3833f3ae11419fe47264ad691e874	38b4c91060982fc98ed92352ca9509ef	1920	1080	12500.0	253.0	2428.0	23680.0	False	False	0.9979389500000001	0.9954216333333332
Netflix_SquareAndTimelapse_1920x	Netflix_SquareAndTimelapse_1920x	libaom	libaom_20210326_ab20d37_enc-mode0	60	43	0	5493528.0	5493.528	38.76366666666667	44.60749999999999	43.351000000000006	38.734444	44.600451	43.339477	97.63227793333334	5363213.0	89.38688333333333	5345.55	1920	1080	60.0	8	65966a07f0fcfc676338db2b8d9a6101	0fcc1032e3eecef89f034249e034d1eb	1920	1080	16330.0	292.0	2125.0	38875.0	False	False	0.9956254666666666	0.9914971833333334
Netflix_SquareAndTimelapse_1920x	Netflix_SquareAndTimelapse_1920x	libaom	libaom_20210326_ab20d37_enc-mode0	60	55	0	3027232.0	3027.2319999999995	35.80400000000001	42.41650000000003	41.11416666666666	35.76164000000001	42.403541	41.096355	89.179913	4394466.0	73.2411	4383.26	1920	1080	60.0	8	07c3762f03871c7ff69f0df88f89fcd7	a1e996d062413afe8dd02b60c5404610	1920	1080	12510.0	286.0	2044.0	40516.0	False	False	0.9895426999999999	0.9825205666666665
Netflix_SquareAndTimelapse_1920x	Netflix_SquareAndTimelapse_1920x	libaom	libaom_20210326_ab20d37_enc-mode0	60	63	0	1627640.0	1627.64	32.71133333333334	40.08766666666668	38.76233333333333	32.636755	40.040281	38.704652	74.43597348333334	3299447.0	54.99078333333333	3271.13	1920	1080	60.0	8	9d8a730e15afdc0997b68db3eae970d2	db4fe1ee4403259a2efc8f2de5b8b371	1920	1080	16509.0	264.0	1593.0	25096.0	False	False	0.9744914166666667	0.9636900500000001
Market3_1920x1080p_50_10b_pq_709	Market3_1920x1080p_50_10b_pq_709	libaom	libaom_20210326_ab20d37_enc-mode0	60	20	0	10073846.0	10073.846	44.374	50.65116666666669	51.51849999999999	44.361587	50.649044	51.517753	99.77397715000001	8762639.0	146.04398333333333	8722.46	1920	1080	50.0	10	ff5fe4671af325e09264940a72614990	434fbac26da92c840eb6c6e115c90bab	1920	1080	29928.0	495.0	3062.0	24545.0	False	False	0.9993231333333334	0.9982845000000001
Market3_1920x1080p_50_10b_pq_709	Market3_1920x1080p_50_10b_pq_709	libaom	libaom_20210326_ab20d37_enc-mode0	60	32	0	5403986.0	5403.986	41.732	48.58283333333335	49.68916666666664	41.716915	48.581243	49.686214	98.52276998333333	10356742.0	172.61236666666667	10324.28	1920	1080	50.0	10	6972299a9e2861e83f4de67e5f98835c	5bfa0f6d0b02e6a407d626dd07f38e1b	1920	1080	25505.0	575.0	2987.0	40154.0	False	False	0.9985763833333333	0.9966449166666665
Market3_1920x1080p_50_10b_pq_709	Market3_1920x1080p_50_10b_pq_709	libaom	libaom_20210326_ab20d37_enc-mode0	60	43	0	3097613.0	3097.613	39.24966666666668	46.973666666666674	48.29483333333334	39.230317	46.968986	48.286919	95.34479446666666	8141843.0	135.69738333333333	8116.37	1920	1080	50.0	10	735d0a14a229f59c29c56c43236880e8	d8b0cfa4f7aa0dda2d186c830a6f25e4	1920	1080	43279.0	498.0	2392.0	40444.0	False	False	0.9970017000000001	0.9934399166666666
Market3_1920x1080p_50_10b_pq_709	Market3_1920x1080p_50_10b_pq_709	libaom	libaom_20210326_ab20d37_enc-mode0	60	55	0	1612160.0	1612.16	36.36233333333333	45.10566666666664	46.61000000000001	36.343754	45.096206	46.595949	88.80126664999999	5663980.0	94.39966666666666	5638.63	1920	1080	50.0	10	d3fddd8795ea89ec3b44f850f9a25308	7ceda804d27a98bfb190f88d83b7db8e	1920	1080	20017.0	479.0	2278.0	39347.0	False	False	0.9924909333333332	0.9852121666666667
Market3_1920x1080p_50_10b_pq_709	Market3_1920x1080p_50_10b_pq_709	libaom	libaom_20210326_ab20d37_enc-mode0	60	63	0	783333.0	783.333	33.45533333333333	43.02300000000002	44.73200000000001	33.42358	42.990193	44.689145	76.67737054999998	4721836.0	78.69726666666666	4700.96	1920	1080	50.0	10	1e1e836fe4092bd5826c6f973862fc78	efb66a5d4ca8f4a8e6544b29f8f82351	1920	1080	21272.0	500.0	1789.0	25221.0	False	False	0.9808309000000001	0.9679740333333334
Starting_1920x1080p_50_10b_pq_70	Starting_1920x1080p_50_10b_pq_70	libaom	libaom_20210326_ab20d37_enc-mode0	60	20	0	4612553.0	4612.553	47.10666666666666	50.01616666666666	51.8425	47.064902	49.95821	51.758769	97.04539359999998	8550905.0	142.51508333333334	8524.35	1920	1080	50.0	10	736d253dd90739a305d7ea4cb9dca4cc	d7dc0032bfc0f77f1f370d9d8fc2c98f	1920	1080	18914.0	654.0	2057.0	40005.0	False	False	0.9993483333333333	0.9984072666666667
Starting_1920x1080p_50_10b_pq_70	Starting_1920x1080p_50_10b_pq_70	libaom	libaom_20210326_ab20d37_enc-mode0	60	32	0	2498413.0	2498.413	45.86933333333332	48.935666666666656	50.33166666666668	45.8176	48.899905	50.289592	96.29449408333333	11110080.0	185.168	11070.89	1920	1080	50.0	10	0e736a6b69032d71ac34550035811705	fda1fc0ec5dbf1b7bce9c4316a536333	1920	1080	22323.0	501.0	1686.0	24267.0	False	False	0.9990158166666666	0.9978722666666666
Starting_1920x1080p_50_10b_pq_70	Starting_1920x1080p_50_10b_pq_70	libaom	libaom_20210326_ab20d37_enc-mode0	60	43	0	1454680.0	1454.68	44.168	47.57733333333333	48.496999999999986	44.11384	47.568526	48.486845	94.63122463333333	7169610.0	119.4935	7160.03	1920	1080	50.0	10	157173b2a767dea93f715b45f3ce4ce3	31033a90df816d1802ee5e64936e4aaf	1920	1080	21806.0	484.0	1579.0	39573.0	False	False	0.9983184833333333	0.9968801166666665
Starting_1920x1080p_50_10b_pq_70	Starting_1920x1080p_50_10b_pq_70	libaom	libaom_20210326_ab20d37_enc-mode0	60	55	0	753820.0	753.82	41.30700000000002	45.5285	45.93200000000002	41.28049	45.52835	45.93121899999999	90.16855325	4801907.0	80.03178333333334	4791.74	1920	1080	50.0	10	da028b5a9302437defd0d275ce74d379	03e90728ba9fe32f7c1fc99931649148	1920	1080	21727.0	572.0	1517.0	40911.0	False	False	0.9961028333333333	0.9938416833333331
Starting_1920x1080p_50_10b_pq_70	Starting_1920x1080p_50_10b_pq_70	libaom	libaom_20210326_ab20d37_enc-mode0	60	63	0	324673.0	324.673	36.83383333333334	42.83699999999999	43.07516666666667	36.827605	42.833389	43.071369	77.60549338333334	4273622.0	71.22703333333334	4263.31	1920	1080	50.0	10	3ba06580f5acfd4f36d937317362554e	27aecb66b8828ab32359b1cb63db33ff	1920	1080	22142.0	457.0	1233.0	38673.0	False	False	0.9872977166666667	0.9822486833333334
rush_hour_1080p25_60f	rush_hour_1080p25_60f	libaom	libaom_20210326_ab20d37_enc-mode0	60	20	0	4181180.0	4181.18	42.78616666666666	46.71600000000001	48.66516666666668	42.780465	46.713925	48.662677	96.00027920000001	10614441.0	176.90735	10595.76	1920	1080	25.0	8	6f2288674f7e7b45f4b09159787345a7	bc2e12d48a7ab2b29e0d006e6862f791	1920	1080	13155.0	242.0	2806.0	39162.0	False	False	0.9958892833333335	0.9919147666666667
rush_hour_1080p25_60f	rush_hour_1080p25_60f	libaom	libaom_20210326_ab20d37_enc-mode0	60	32	0	2038046.0	2038.046	41.82733333333335	45.82883333333335	47.510999999999996	41.820614	45.827447	47.507174	91.54777656666667	6222258.0	103.7043	6214.77	1920	1080	25.0	8	685e02ce0a4e9a7351f45498a11052fb	1710021c28eccc35a48a4f7d2023e1f2	1920	1080	10505.0	225.0	1763.0	23379.0	False	False	0.9935372166666668	0.9896952833333333
rush_hour_1080p25_60f	rush_hour_1080p25_60f	libaom	libaom_20210326_ab20d37_enc-mode0	60	43	0	1020210.0	1020.2100000000002	40.463666666666676	44.841999999999985	46.19916666666666	40.443974	44.838884	46.191991	83.85745938333334	4966732.0	82.77886666666667	4949.34	1920	1080	25.0	8	b98fe555c35685969ca59d48455f15a6	97d7b2af295cb2b7dcfbded4b3c0c17d	1920	1080	12824.0	300.0	1971.0	30428.0	False	False	0.98940185	0.9860458666666666
rush_hour_1080p25_60f	rush_hour_1080p25_60f	libaom	libaom_20210326_ab20d37_enc-mode0	60	55	0	504823.0	504.823	38.569833333333335	43.50849999999999	44.59166666666668	38.516745	43.505077	44.580161	72.42990160000001	3116360.0	51.93933333333333	3099.22	1920	1080	25.0	8	58fd92dfe808c87316aa89f7d41775e0	b079099832f1ef971261a9945c877247	1920	1080	13374.0	290.0	1484.0	40276.0	False	False	0.9816609666666666	0.97947445
rush_hour_1080p25_60f	rush_hour_1080p25_60f	libaom	libaom_20210326_ab20d37_enc-mode0	60	63	0	244683.0	244.683	36.091333333333345	41.87733333333332	42.61199999999998	35.983299	41.874334	42.595369	57.08360441666666	1725792.0	28.7632	1703.29	1920	1080	25.0	8	e5f79a7df89918189b400c493e25f456	373512b8b45e3e2f3edab7494e8e31da	1920	1080	13938.0	287.0	1221.0	42408.0	False	False	0.9665640499999999	0.9669456166666667
red_kayak_360p_60f	red_kayak_360p_60f	libaom	libaom_20210326_ab20d37_enc-mode0	60	20	0	8256143.0	8256.143	40.028000000000006	43.72666666666667	48.84383333333332	39.825959	43.622984	48.823688999999995	99.89312066666666	3086447.0	51.440783333333336	3055.5	640	360	29.97	8	c5e2ce1bdec44e60e36b27a9cb3927d0	c76dfba4170131233a8c0074d785534e	640	360	2605.0	52.0	874.0	5139.0	False	False	0.9649220666666666	0.9924825166666665
red_kayak_360p_60f	red_kayak_360p_60f	libaom	libaom_20210326_ab20d37_enc-mode0	60	32	0	4553161.0	4553.161000000001	35.346666666666664	41.25666666666666	47.965500000000006	35.004504	41.135303	47.938912	97.29774433333333	3141093.0	52.35155	3116.66	640	360	29.97	8	57aace3b305ec7aee133a8f7e8c18356	4808e3b11fb50286cc9e13af3c26cb47	640	360	2720.0	50.0	758.0	5603.0	False	False	0.9233335833333333	0.9816967499999999
red_kayak_360p_60f	red_kayak_360p_60f	libaom	libaom_20210326_ab20d37_enc-mode0	60	43	0	1957437.0	1957.4370000000001	30.974666666666657	39.309999999999995	47.30766666666666	30.639152	39.22163	47.255959	80.94797751666668	2351031.0	39.18385	2350.24	640	360	29.97	8	b64c7ece46d15299ad77aa5077b40cbc	2182e34dd3702dbbf518f0522771e0a0	640	360	2511.0	51.0	477.0	3291.0	False	False	0.8424697833333334	0.9565222333333332
red_kayak_360p_60f	red_kayak_360p_60f	libaom	libaom_20210326_ab20d37_enc-mode0	60	55	0	626693.0	626.693	27.635166666666674	37.81866666666666	46.5595	27.407063	37.767689	46.441021	52.66479493333333	1491039.0	24.85065	1483.38	640	360	29.97	8	62e1ab34b5c9e0503dac048a42585090	32507492b2cd8a176470b9de064c36bf	640	360	2616.0	58.0	356.0	5584.0	False	False	0.7337698500000001	0.9040285666666666
red_kayak_360p_60f	red_kayak_360p_60f	libaom	libaom_20210326_ab20d37_enc-mode0	60	63	0	172781.0	172.781	25.399666666666665	36.67950000000001	44.522	25.243032000000003	36.627303	44.429759	22.36574205	611173.0	10.186216666666667	604.55	640	360	29.97	8	5600db5bc004672a0f31db3ebe136931	5dbc25e276003d132a81399bdc48085f	640	360	2830.0	55.0	209.0	5507.0	False	False	0.6495531166666666	0.8164022499999999
Aerial_1920x1080_2997_10b	Aerial_1920x1080_2997_10b	libaom	libaom_20210326_ab20d37_enc-mode0	60	20	0	7199273.0	7199.273	43.23749999999999	45.711666666666666	45.05399999999998	43.220252	45.697694	45.042311	96.3581919	10468770.0	174.4795	10442.2	1920	1080	29.97	10	28822dde486a19e066d4e2a0260b5a1b	e157cfcb6cbb9c66e6d8e03ae873e8de	1920	1080	29354.0	466.0	2658.0	28612.0	False	False	0.9989251333333333	0.9978679166666666
Aerial_1920x1080_2997_10b	Aerial_1920x1080_2997_10b	libaom	libaom_20210326_ab20d37_enc-mode0	60	32	0	4313276.0	4313.276	41.6775	44.479	44.00466666666667	41.650294	44.47073	43.999082	95.24641338333332	9933741.0	165.56235	9894.81	1920	1080	29.97	10	e8e501ab762807791ce7e4592019da3f	be59d0fc1bb30a2f3011cb21725c501e	1920	1080	29339.0	474.0	2139.0	38461.0	False	False	0.9984467	0.9970290666666666
Aerial_1920x1080_2997_10b	Aerial_1920x1080_2997_10b	libaom	libaom_20210326_ab20d37_enc-mode0	60	43	0	2570480.0	2570.48	39.40850000000002	42.642999999999994	42.54166666666664	39.380363	42.638274	42.53991899999999	92.89199418333332	8005340.0	133.42233333333334	7972.3	1920	1080	29.97	10	072fe1a5fda3db159f8718bd217a62cb	a68cba1b052b69a782baf5b6df2b6ce5	1920	1080	29007.0	563.0	1908.0	38917.0	False	False	0.9973648333333333	0.9951453000000001
Aerial_1920x1080_2997_10b	Aerial_1920x1080_2997_10b	libaom	libaom_20210326_ab20d37_enc-mode0	60	55	0	1328154.0	1328.154	36.01366666666666	40.36483333333333	40.856499999999976	36.001941	40.364176	40.85653	87.67961346666667	7822129.0	130.36881666666667	7723.55	1920	1080	29.97	10	6ebc573a50b2b3c266d69f449cbe3f37	ddfb46fe765dfcc4afe96679f64a4ace	1920	1080	25227.0	682.0	2124.0	35085.0	False	False	0.9942238000000001	0.9895286166666666
Aerial_1920x1080_2997_10b	Aerial_1920x1080_2997_10b	libaom	libaom_20210326_ab20d37_enc-mode0	60	63	0	574109.0	574.109	31.695833333333344	38.01816666666665	39.32716666666669	31.678182	38.01560200000001	39.325468	74.52343049999999	5722590.0	95.3765	5698.99	1920	1080	29.97	10	df0cd147a8caca62d7dd374d36161ae8	b530f5febe3b2011695c1e2d5b1996d7	1920	1080	29550.0	509.0	1361.0	40557.0	False	False	0.9816998833333332	0.96791655
Netflix_Aerial_1920x1080_60fps_8	Netflix_Aerial_1920x1080_60fps_8	libaom	libaom_20210326_ab20d37_enc-mode0	60	20	0	16905152.0	16905.152	42.23633333333333	45.42233333333332	45.19833333333334	42.198688	45.408686	45.19116900000001	96.33063258333335	9515461.0	158.59101666666666	9492.38	1920	1080	60.0	8	f62b4ee0ec45d33cb8e5c7496ba653e2	d8b558bb2600cb1e41b7d5df39022dd0	1920	1080	17413.0	256.0	2548.0	39177.0	False	False	0.9976147333333335	0.9960886000000001
Netflix_Aerial_1920x1080_60fps_8	Netflix_Aerial_1920x1080_60fps_8	libaom	libaom_20210326_ab20d37_enc-mode0	60	32	0	8995584.0	8995.584	40.45116666666668	44.24633333333334	44.288999999999994	40.378311000000004	44.234783	44.285941	94.22112288333332	8267443.0	137.79071666666667	8206.38	1920	1080	60.0	8	ce9f835786a5c98bc587f1f656637487	50c7d75bc6786bdb71de40ac152500c1	1920	1080	17805.0	327.0	2371.0	44129.0	False	False	0.9962105333333332	0.9939442333333334
Netflix_Aerial_1920x1080_60fps_8	Netflix_Aerial_1920x1080_60fps_8	libaom	libaom_20210326_ab20d37_enc-mode0	60	43	0	4799488.0	4799.488	38.281833333333324	42.776	43.226666666666674	38.194645	42.770637	43.223362	90.98280443333333	6894292.0	114.90486666666666	6820.35	1920	1080	60.0	8	c02bf6df77e7433b4521047da32762ee	5dec2defb666efb8feb55a48d3738689	1920	1080	17963.0	273.0	1634.0	41311.0	False	False	0.9935900666666666	0.98977045
Netflix_Aerial_1920x1080_60fps_8	Netflix_Aerial_1920x1080_60fps_8	libaom	libaom_20210326_ab20d37_enc-mode0	60	55	0	2324232.0	2324.2319999999995	35.57066666666666	40.98966666666668	41.99366666666668	35.521216	40.984718	41.986086	84.80350664999999	5263181.0	87.71968333333334	5076.43	1920	1080	60.0	8	fa07ad91eeab8606c26c1f29011dedc3	6f60c46a22e6c0c7351811f26886cd08	1920	1080	18027.0	261.0	1224.0	39367.0	False	False	0.9878053	0.9799842666666667
Netflix_Aerial_1920x1080_60fps_8	Netflix_Aerial_1920x1080_60fps_8	libaom	libaom_20210326_ab20d37_enc-mode0	60	63	0	960088.0	960.088	32.287	39.027833333333334	40.830166666666656	32.246491	39.000034	40.80964099999999	69.74023396666666	3320225.0	55.33708333333333	3290.21	1920	1080	60.0	8	619decdc5cabd0575761bf03ea297fda	e7f97dea1c5c10f2a876b2492d7c62bb	1920	1080	17573.0	300.0	1121.0	36494.0	False	False	0.9683561833333335	0.9495562666666667
Netflix_TunnelFlag_1920x1080_60f	Netflix_TunnelFlag_1920x1080_60f	libaom	libaom_20210326_ab20d37_enc-mode0	60	20	0	22038272.0	22038.272	42.27649999999999	46.525	48.138166666666656	42.251637	46.521016	48.132356	99.91978105	10121512.0	168.69186666666667	10058.22	1920	1080	60.0	8	ef3e8c5283d2690f9fe97032f42e5121	a8a716f4a63ad7a7e85aae10cffa05db	1920	1080	16359.0	351.0	3942.0	37807.0	False	False	0.9985472666666667	0.9962717666666668
Netflix_TunnelFlag_1920x1080_60f	Netflix_TunnelFlag_1920x1080_60f	libaom	libaom_20210326_ab20d37_enc-mode0	60	32	0	11712720.0	11712.72	40.111833333333344	44.92083333333332	46.91633333333334	40.08479	44.918736	46.912617	99.90439461666666	7854754.0	130.91256666666666	7804.8	1920	1080	60.0	8	956514b697a32d0e68f2ae56e82c5ce5	448dec2c128cdece5d0728ddee63c281	1920	1080	15954.0	247.0	2943.0	40663.0	False	False	0.9973686	0.9937872
Netflix_TunnelFlag_1920x1080_60f	Netflix_TunnelFlag_1920x1080_60f	libaom	libaom_20210326_ab20d37_enc-mode0	60	43	0	6183416.0	6183.416	37.772000000000006	43.07233333333333	45.62766666666667	37.737083	43.069905	45.62387	99.87470555	7324475.0	122.07458333333334	7220.03	1920	1080	60.0	8	ae0e4280ea90f13ffe2c9ab3cc98f876	1d8122655b1a01e2404a7be2c59fa81e	1920	1080	16768.0	336.0	2614.0	32118.0	False	False	0.9951351333333334	0.98978785
Netflix_TunnelFlag_1920x1080_60f	Netflix_TunnelFlag_1920x1080_60f	libaom	libaom_20210326_ab20d37_enc-mode0	60	55	0	3258688.0	3258.688	35.32416666666666	40.966333333333324	43.88916666666668	35.288004	40.964985	43.885568	99.80632461666667	4051832.0	67.53053333333334	4043.02	1920	1080	60.0	8	d35b1fb49387cb9e038d2e3e97237eb5	a7e8995bd99eb2540b108abbf4aa7a54	1920	1080	16282.0	328.0	2375.0	42991.0	False	False	0.99145855	0.98448385
Netflix_TunnelFlag_1920x1080_60f	Netflix_TunnelFlag_1920x1080_60f	libaom	libaom_20210326_ab20d37_enc-mode0	60	63	0	1792480.0	1792.48	32.408333333333324	39.148666666666685	41.912666666666674	32.343645	39.144292	41.901363999999994	96.01436541666666	2783038.0	46.383966666666666	2771.75	1920	1080	60.0	8	fc198bd87323774b1e1bb0aa122ca009	cae45f3c68f82ed54a85d097d5d2196f	1920	1080	16334.0	275.0	1664.0	39593.0	False	False	0.9837283	0.9756361666666666
ShowGirl2TeaserClip4000_1920x108	ShowGirl2TeaserClip4000_1920x108	libaom	libaom_20210326_ab20d37_enc-mode0	60	20	0	2367640.0	2367.64	42.30349999999999	46.68900000000003	49.603166666666674	42.302278	46.686806	49.60078	95.22024000000002	12898623.0	214.97705	12873.12	1920	1080	25.0	10	d891d040fad7f5b7d6f5547399b61313	340dca8c72629c04713d8b186debef7e	1920	1080	25625.0	571.0	2302.0	39015.0	False	False	0.9960196333333332	0.9913728
ShowGirl2TeaserClip4000_1920x108	ShowGirl2TeaserClip4000_1920x108	libaom	libaom_20210326_ab20d37_enc-mode0	60	32	0	1138766.0	1138.766	41.60949999999998	46.226499999999994	48.76566666666667	41.605348	46.225087	48.764798	93.31176616666667	9694067.0	161.56778333333332	9666.69	1920	1080	25.0	10	1736fa589e8d7a629a3b3fcc0a9c24cd	aa1829aff597c8a59636cd560d24ba91	1920	1080	25027.0	476.0	1831.0	38639.0	False	False	0.9950147166666669	0.9901166999999998
ShowGirl2TeaserClip4000_1920x108	ShowGirl2TeaserClip4000_1920x108	libaom	libaom_20210326_ab20d37_enc-mode0	60	43	0	635396.0	635.396	40.6095	45.67316666666668	47.82883333333333	40.595229	45.671595	47.828718	89.89162255	8101599.0	135.02665	8074.02	1920	1080	25.0	10	a90027f6520428364ef788ce03f60740	ce13b96563b1c01842a938dd4dd497a8	1920	1080	26166.0	683.0	2378.0	41512.0	False	False	0.9931800666666668	0.9880099
ShowGirl2TeaserClip4000_1920x108	ShowGirl2TeaserClip4000_1920x108	libaom	libaom_20210326_ab20d37_enc-mode0	60	55	0	343513.0	343.513	39.038500000000006	44.83666666666666	46.59833333333332	39.007463	44.835291	46.597939	83.81126591666664	3887401.0	64.79001666666667	3876.2	1920	1080	25.0	10	1f9d30c9dee99d39a0e3fafd14977935	721677667da587eea2ccae02011fe860	1920	1080	25738.0	562.0	1834.0	40407.0	False	False	0.9891399833333331	0.9835946000000001
ShowGirl2TeaserClip4000_1920x108	ShowGirl2TeaserClip4000_1920x108	libaom	libaom_20210326_ab20d37_enc-mode0	60	63	0	180736.0	180.736	36.74283333333334	43.071666666666665	44.90416666666669	36.693875	43.067215	44.891324000000004	72.49207343333333	2394923.0	39.91538333333333	2376.76	1920	1080	25.0	10	3959fcfe97c4ebc90ed0f6040d295fd5	de764dc79aa4a0788529ab58c111a29f	1920	1080	24835.0	514.0	1342.0	39296.0	False	False	0.9792420833333332	0.9733492166666668
Netflix_Boat_1920x1080_60fps_8bi	Netflix_Boat_1920x1080_60fps_8bi	libaom	libaom_20210326_ab20d37_enc-mode0	60	20	0	22355424.0	22355.424	42.83749999999999	45.29616666666666	46.68483333333334	42.819518	45.285826	46.68063300000001	99.88420731666666	8720056.0	145.33426666666668	8682.91	1920	1080	60.0	8	470ac4630f5ee7c564fdfb9bec81ee29	66f2fb216ee705c22e4e4ea0b74f4bfb	1920	1080	18362.0	309.0	3137.0	40527.0	False	False	0.9993398833333332	0.9984839999999999
Netflix_Boat_1920x1080_60fps_8bi	Netflix_Boat_1920x1080_60fps_8bi	libaom	libaom_20210326_ab20d37_enc-mode0	60	32	0	12857000.0	12857.0	40.265666666666675	43.585833333333326	44.57	40.239753	43.572121	44.567004	99.06558996666668	8154994.0	135.91656666666665	8130.15	1920	1080	60.0	8	20ec73ad1bf185cbcc1e65353807b8eb	4950dc85d6014816a20741ad6a0a50d6	1920	1080	17920.0	298.0	2499.0	42614.0	False	False	0.9987398833333333	0.9972150333333333
Netflix_Boat_1920x1080_60fps_8bi	Netflix_Boat_1920x1080_60fps_8bi	libaom	libaom_20210326_ab20d37_enc-mode0	60	43	0	7527120.0	7527.12	37.50133333333334	42.17800000000001	42.89566666666667	37.456743	42.160171	42.893295	95.11890488333333	6956043.0	115.93405	6946.36	1920	1080	60.0	8	f02f43ce8e42c796aaefe9f246d844ee	b8cd5b933da7ce7d3412d6cfe78524f6	1920	1080	18135.0	254.0	1774.0	40862.0	False	False	0.99738185	0.9944930000000001
Netflix_Boat_1920x1080_60fps_8bi	Netflix_Boat_1920x1080_60fps_8bi	libaom	libaom_20210326_ab20d37_enc-mode0	60	55	0	4202504.0	4202.504	34.3975	40.58299999999999	41.12049999999999	34.339954	40.567732	41.117015	87.82789798333332	5576192.0	92.93653333333333	5554.49	1920	1080	60.0	8	659e8b02e6c56b6de81f02684e0deaa5	9581162d0bed7d1db9e9515360c64688	1920	1080	15371.0	246.0	1411.0	23877.0	False	False	0.99374405	0.9878037666666668
Netflix_Boat_1920x1080_60fps_8bi	Netflix_Boat_1920x1080_60fps_8bi	libaom	libaom_20210326_ab20d37_enc-mode0	60	63	0	2263656.0	2263.656	31.311333333333334	38.73233333333334	39.23983333333333	31.231859	38.727743	39.214358	76.09496826666668	3749090.0	62.484833333333334	3734.65	1920	1080	60.0	8	3a1ceba6d9e7795cc2b7277813a77ae6	eb924a7e8f39db7afe253e21147c342c	1920	1080	14027.0	245.0	1120.0	38763.0	False	False	0.9842498500000001	0.9722554000000001
life_1080p30_60f	life_1080p30_60f	libaom	libaom_20210326_ab20d37_enc-mode0	60	20	0	9723712.0	9723.712	43.51300000000001	49.07033333333334	48.50650000000001	43.467318	49.062312	48.502065	99.01514845	7270702.0	121.17836666666666	7253.93	1920	1080	30.0	8	602f319a0e311aea96284b06283ad71f	d524ca3dd7c4ed1b65a094046ebdc2c0	1920	1080	16811.0	279.0	3443.0	41177.0	False	False	0.9990641833333334	0.9976088333333333
life_1080p30_60f	life_1080p30_60f	libaom	libaom_20210326_ab20d37_enc-mode0	60	32	0	4641908.0	4641.908	40.75799999999999	46.80266666666664	46.40566666666667	40.730294	46.795037	46.400781	96.899419	7586670.0	126.4445	7530.49	1920	1080	30.0	8	e96f517cc4c17a750f797d3d58862932	d21fb36f54a7bb4e665b5858d342dcf9	1920	1080	16495.0	283.0	2971.0	42184.0	False	False	0.9981878833333333	0.9956855166666668
life_1080p30_60f	life_1080p30_60f	libaom	libaom_20210326_ab20d37_enc-mode0	60	43	0	2454552.0	2454.552	38.293	44.95516666666667	44.7731666666667	38.269439	44.94415	44.763462	93.49389611666669	5373932.0	89.56553333333333	5365.81	1920	1080	30.0	8	d83d62906f4d4d09459b7c38e5f15e0d	d60bcea99ca4bcaf07247f939a81573d	1920	1080	16817.0	264.0	2095.0	39690.0	False	False	0.9964034166666667	0.9921210333333332
life_1080p30_60f	life_1080p30_60f	libaom	libaom_20210326_ab20d37_enc-mode0	60	55	0	1248040.0	1248.04	35.512666666666675	42.687999999999995	42.573	35.489599	42.675176	42.56297	87.35514558333333	4063854.0	67.7309	4051.85	1920	1080	30.0	8	b6a47bbaab8956817fb27aa014a3454c	b767af523a4783f682aa7f98cdc40d19	1920	1080	16177.0	252.0	1834.0	39235.0	False	False	0.9915186666666668	0.9829519999999999
life_1080p30_60f	life_1080p30_60f	libaom	libaom_20210326_ab20d37_enc-mode0	60	63	0	590392.0	590.392	32.799499999999995	40.211000000000006	39.91716666666667	32.764949	40.183943	39.893534	76.15673663333334	2679509.0	44.658483333333336	2673.44	1920	1080	30.0	8	91534744cd1a39f8d51b6742cf3ca17d	92dba7d3bbc84a2c578544db1212b525	1920	1080	12951.0	241.0	1242.0	38774.0	False	False	0.9781691666666669	0.9629744666666666
touchdown_pass_1080p_60f	touchdown_pass_1080p_60f	libaom	libaom_20210326_ab20d37_enc-mode0	60	20	0	10473601.0	10473.601	39.6865	47.66300000000002	47.81366666666667	39.60339	47.659046	47.809852	95.80871635	14604587.0	243.40978333333334	14530.07	1920	1080	29.97	8	49307be48b45a7fe531ab26384ce945a	83ab332b8fdf1ddd79df02529fd67aea	1920	1080	16775.0	351.0	3750.0	45263.0	False	False	0.9949671166666666	0.9889198833333332
touchdown_pass_1080p_60f	touchdown_pass_1080p_60f	libaom	libaom_20210326_ab20d37_enc-mode0	60	32	0	3318813.0	3318.813	38.34249999999999	46.816	46.95199999999999	38.322034	46.814139	46.949525	93.43930451666667	10724067.0	178.73445	10693.12	1920	1080	29.97	8	74c4e88ca9dc279eb1d15630cbfd3598	0cfbdb37e8c63482c06303a35ce5f2ca	1920	1080	16497.0	291.0	1964.0	39193.0	False	False	0.9935007666666668	0.9858054166666667
touchdown_pass_1080p_60f	touchdown_pass_1080p_60f	libaom	libaom_20210326_ab20d37_enc-mode0	60	43	0	1661639.0	1661.639	37.060833333333335	45.883666666666684	45.919833333333344	37.032392	45.878413	45.915761	89.84070575	6929154.0	115.4859	6921.26	1920	1080	29.97	8	b0ea9e6898bbd0a0858192fb5b69322f	9419632f0199c1be39cfb778578d3b63	1920	1080	16932.0	270.0	1596.0	40398.0	False	False	0.99019775	0.9798850666666666
touchdown_pass_1080p_60f	touchdown_pass_1080p_60f	libaom	libaom_20210326_ab20d37_enc-mode0	60	55	0	852688.0	852.688	35.27166666666666	44.69549999999999	44.70033333333333	35.231488	44.681195	44.686324	82.38976344999999	4307589.0	71.79315	4254.07	1920	1080	29.97	8	b2febef9075760635eb90bcee03c602c	4cbcbb58a0eb2f599b452345e03c3489	1920	1080	17182.0	338.0	1630.0	42678.0	False	False	0.9805171833333333	0.9653569000000001
touchdown_pass_1080p_60f	touchdown_pass_1080p_60f	libaom	libaom_20210326_ab20d37_enc-mode0	60	63	0	400910.0	400.91	32.914	43.13099999999998	43.14833333333333	32.852929	43.086864	43.107903	66.70704155	2773967.0	46.23278333333333	2766.87	1920	1080	29.97	8	3549625fd1e87e8d8d939491320bcb25	31278d5c04824b4003203c6d897c1b0b	1920	1080	20336.0	254.0	1087.0	25137.0	False	False	0.9494353833333334	0.9289854666666667
ducks_take_off_1080p50_60f	ducks_take_off_1080p50_60f	libaom	libaom_20210326_ab20d37_enc-mode0	60	20	0	81249986.0	81249.986	37.58633333333334	38.33716666666668	40.96016666666667	37.475422	38.286231	40.947453	97.61745451666667	26003418.0	433.3903	25948.41	1920	1080	50.0	8	5a0f71f8a45204db30b581c6712d6b5e	3e4e6185a7961fb1e05dc8d0b0cd8f14	1920	1080	22791.0	263.0	7197.0	25276.0	False	False	0.9983542	0.9943335000000001
ducks_take_off_1080p50_60f	ducks_take_off_1080p50_60f	libaom	libaom_20210326_ab20d37_enc-mode0	60	32	0	23314780.0	23314.779999999995	34.63183333333333	36.62483333333333	39.719000000000015	34.597287	36.607494	39.713169	91.89831146666667	24728245.0	412.13741666666664	24670.81	1920	1080	50.0	8	49757c3d5310155e685d62623762308c	9f53cc5de1efa2ba3f2cbc8bf50cc984	1920	1080	19528.0	262.0	4140.0	24813.0	False	False	0.99576355	0.9885227333333334
ducks_take_off_1080p50_60f	ducks_take_off_1080p50_60f	libaom	libaom_20210326_ab20d37_enc-mode0	60	43	0	9429246.0	9429.246000000001	32.88150000000002	35.056999999999995	38.566	32.847453	35.023841999999995	38.559366	83.0876796	16899612.0	281.6602	16864.39	1920	1080	50.0	8	50aef302dcc2b8e119216de429f722e2	9ecf809aa42d1ee4070ef5b4ce1cb70b	1920	1080	22048.0	268.0	2545.0	38910.0	False	False	0.9901678833333334	0.9804471833333335
ducks_take_off_1080p50_60f	ducks_take_off_1080p50_60f	libaom	libaom_20210326_ab20d37_enc-mode0	60	55	0	4222460.0	4222.46	30.889666666666674	33.46433333333333	37.60316666666666	30.83341	33.411642	37.598265	69.42171248333332	10294661.0	171.57768333333334	10268.28	1920	1080	50.0	8	88bff67d14957aba580026d58f50df68	e64a8b9631ebcca1e2baa2ed0aa27465	1920	1080	20898.0	240.0	1841.0	38541.0	False	False	0.9774678166666665	0.9647136499999999
ducks_take_off_1080p50_60f	ducks_take_off_1080p50_60f	libaom	libaom_20210326_ab20d37_enc-mode0	60	63	0	1984986.0	1984.986	28.783833333333337	31.99000000000001	36.82449999999999	28.7024	31.945703	36.822016	51.772718350000005	5586193.0	93.10321666666667	5576.6	1920	1080	50.0	8	619a527e5ad83031da2e482a22ee6b75	dedd75316c3510781c8eaafbec47c85f	1920	1080	15988.0	231.0	1257.0	23968.0	False	False	0.9515872333333333	0.9359640333333334
Cosmos1_1920x856_BT2100_PQ_24fps	Cosmos1_1920x856_BT2100_PQ_24fps	libaom	libaom_20210326_ab20d37_enc-mode0	60	20	0	16682934.0	16682.934	40.440000000000005	44.337999999999994	47.21	40.331138	44.293797	47.187948	98.67011033333333	20116160.0	335.26933333333335	20073.96	1920	856	24.0	10	3bee92ecdc6c762a4e1e79ea4c9bc9d9	8e92276b3c3d3dce0a47c49a87b92890	1920	856	21679.0	380.0	6429.0	31907.0	False	False	0.99560085	0.9946802166666667
Cosmos1_1920x856_BT2100_PQ_24fps	Cosmos1_1920x856_BT2100_PQ_24fps	libaom	libaom_20210326_ab20d37_enc-mode0	60	32	0	6445385.0	6445.385	37.25383333333333	42.52333333333335	45.67249999999999	37.159763	42.487846	45.655671	92.77078368333336	17384891.0	289.7481833333333	17257.13	1920	856	24.0	10	30c366c132fbab99afaf129869f0a2a1	2713387b51973306c85153cc3b3f252f	1920	856	21979.0	487.0	5621.0	27537.0	False	False	0.9897724833333331	0.9887361333333333
Cosmos1_1920x856_BT2100_PQ_24fps	Cosmos1_1920x856_BT2100_PQ_24fps	libaom	libaom_20210326_ab20d37_enc-mode0	60	43	0	2799932.0	2799.932	35.001000000000005	41.05733333333335	44.433499999999995	34.921728	41.022404	44.421208	81.98361260000001	14823631.0	247.06051666666667	14738.97	1920	856	24.0	10	d6aa6754c04d0165cd64ab2fd2d79700	2754127cec0926c4df6594eb09a39332	1920	856	21785.0	428.0	3044.0	32089.0	False	False	0.9779769500000001	0.9781168833333332
Cosmos1_1920x856_BT2100_PQ_24fps	Cosmos1_1920x856_BT2100_PQ_24fps	libaom	libaom_20210326_ab20d37_enc-mode0	60	55	0	1261014.0	1261.014	32.74033333333334	39.78666666666666	43.2785	32.650322	39.765154	43.273751999999995	65.17873136666667	9478135.0	157.96891666666667	9459.61	1920	856	24.0	10	46e8629b7d5ef59a6c1c26a0f22c3f44	cac422425ec7a560286f81f4a21ecd3d	1920	856	21169.0	396.0	2210.0	19328.0	False	False	0.9516153833333334	0.9556779166666666
Cosmos1_1920x856_BT2100_PQ_24fps	Cosmos1_1920x856_BT2100_PQ_24fps	libaom	libaom_20210326_ab20d37_enc-mode0	60	63	0	559152.0	559.152	30.43733333333332	38.633500000000005	41.95583333333333	30.33503	38.621573	41.937584	44.57302103333333	7037146.0	117.28576666666666	7029.61	1920	856	24.0	10	62d59cc98f2cf622a6bbf187c8268d89	310c518b431ca87ae94e7f9a4a2c45df	1920	856	21730.0	446.0	1794.0	20180.0	False	False	0.8964565833333337	0.9102531166666665
ducks_1920x1080_50fps_10b	ducks_1920x1080_50fps_10b	libaom	libaom_20210326_ab20d37_enc-mode0	60	20	0	82059266.0	82059.266	37.68483333333334	38.4305	41.12150000000002	37.608626	38.398188	41.11205	97.70701629999999	33153845.0	552.5640833333333	33058.84	1920	1080	50.0	10	cacbf8446cc609e6ed58a8b639b7fdcd	6e077a08876cb8fec9594d953a1b6fa1	1920	1080	22205.0	481.0	8271.0	24206.0	False	False	0.9983976666666667	0.9944420333333333
ducks_1920x1080_50fps_10b	ducks_1920x1080_50fps_10b	libaom	libaom_20210326_ab20d37_enc-mode0	60	32	0	23106300.0	23106.3	34.67749999999998	36.693333333333335	39.859999999999985	34.644528	36.676063	39.854859	91.93233831666666	33548460.0	559.141	33497.64	1920	1080	50.0	10	428c7737592f012293409d75b536c7e6	412e3ae42cf7655e8150e70758d6fb1c	1920	1080	24031.0	496.0	4983.0	39493.0	False	False	0.9958051333333331	0.9886025166666668
ducks_1920x1080_50fps_10b	ducks_1920x1080_50fps_10b	libaom	libaom_20210326_ab20d37_enc-mode0	60	43	0	9370033.0	9370.033	32.91966666666667	35.12050000000001	38.681333333333335	32.885832	35.087246	38.674822999999996	83.11140746666666	26417788.0	440.2964666666667	26352.0	1920	1080	50.0	10	562b608c0c9248e40ff32e00d4a0e890	81900d9cec7a2b0b92145411936994f5	1920	1080	29044.0	562.0	4075.0	41307.0	False	False	0.9901785333333333	0.98051145
ducks_1920x1080_50fps_10b	ducks_1920x1080_50fps_10b	libaom	libaom_20210326_ab20d37_enc-mode0	60	55	0	4214540.0	4214.54	30.924500000000002	33.51433333333334	37.72866666666666	30.867227	33.459644	37.724958	69.40142318333334	17508655.0	291.8109166666667	17462.09	1920	1080	50.0	10	9e4b35cc25551934b63960d629e75258	dde4a82be837695aa53c5cc8eeed5704	1920	1080	29090.0	476.0	2706.0	38373.0	False	False	0.9775335999999999	0.9648378500000001
ducks_1920x1080_50fps_10b	ducks_1920x1080_50fps_10b	libaom	libaom_20210326_ab20d37_enc-mode0	60	63	0	2004060.0	2004.06	28.835833333333337	32.09266666666665	36.9505	28.752594	32.048745	36.947404	51.9105914	10217127.0	170.28545	10174.47	1920	1080	50.0	10	dae6b772907dd3b1d0572e1e3072ca8a	35c5dc9bdfd51cbeb5b1ce211d21059b	1920	1080	28794.0	481.0	2019.0	39213.0	False	False	0.95187545	0.9363643333333334
Sintel_Dragons_1920x816_24_10b	Sintel_Dragons_1920x816_24_10b	libaom	libaom_20210326_ab20d37_enc-mode0	60	20	0	4357369.0	4357.369	46.39166666666668	51.065500000000014	51.2031666666667	46.328324	51.02742	51.14177200000001	99.91917426666667	18478486.0	307.97476666666665	18411.41	1920	816	24.0	10	0a91842aa48ec062fc31a17623087fce	47e14b3c0b87ef75a3f9acb70d1ec03f	1920	816	11016.0	433.0	3136.0	30765.0	False	False	0.9976552166666668	0.9976438333333334
Sintel_Dragons_1920x816_24_10b	Sintel_Dragons_1920x816_24_10b	libaom	libaom_20210326_ab20d37_enc-mode0	60	32	0	2302992.0	2302.992	43.46150000000001	48.777333333333324	48.76333333333333	43.402585	48.73673999999999	48.684309	99.84027223333334	15128030.0	252.13383333333334	15066.56	1920	816	24.0	10	bc6e30e9ba9fda518caa580021333f92	56231b763f8e605761abc52be39a19d2	1920	816	12025.0	385.0	2639.0	29865.0	False	False	0.9949965833333333	0.9952500333333333
Sintel_Dragons_1920x816_24_10b	Sintel_Dragons_1920x816_24_10b	libaom	libaom_20210326_ab20d37_enc-mode0	60	43	0	1241296.0	1241.296	40.58383333333334	46.41899999999999	46.44233333333333	40.533251	46.373271	46.358793	97.07090014999999	13901296.0	231.68826666666666	13861.35	1920	816	24.0	10	8b120a96b418fa90104369cef258dbdb	2c9280a165aaed2a213cae2e7880f8a6	1920	816	12932.0	432.0	2456.0	31063.0	False	False	0.9895541166666664	0.9906240833333334
Sintel_Dragons_1920x816_24_10b	Sintel_Dragons_1920x816_24_10b	libaom	libaom_20210326_ab20d37_enc-mode0	60	55	0	666160.0	666.16	37.66100000000001	44.057666666666655	44.05100000000003	37.611725	44.010744	43.959754	85.5834237	11438379.0	190.63965	11419.07	1920	816	24.0	10	a27abefc602112858732225795305d0e	68ffb95268848bf2a9a676ea1e38735e	1920	816	10707.0	387.0	1869.0	30220.0	False	False	0.9789428	0.9819669999999999
Sintel_Dragons_1920x816_24_10b	Sintel_Dragons_1920x816_24_10b	libaom	libaom_20210326_ab20d37_enc-mode0	60	63	0	344083.0	344.083	34.40933333333332	41.48299999999999	41.51199999999999	34.330101	41.457588	41.445572	66.77652508333334	10851880.0	180.86466666666666	10837.04	1920	816	24.0	10	38c5ac85266bb3bd37a6fbc8bc2e7dc7	c42bbf0a459160d06f11fa65d3da9fe3	1920	816	13515.0	349.0	1371.0	29557.0	False	False	0.9575881500000001	0.9646262166666666
MINECRAFT_60f_420	MINECRAFT_60f_420	libaom	libaom_20210326_ab20d37_enc-mode0	60	20	0	65604528.0	65604.528	41.126333333333335	45.03966666666668	45.569333333333326	40.905575	44.939586	45.486819	99.91999351666666	21700248.0	361.6708	21652.03	1920	1080	60.0	8	e7c150d60b326910253a5dea503af92d	15e835855c8783f97e4a1b682978b90e	1920	1080	18199.0	375.0	10963.0	41864.0	False	False	0.9974189333333333	0.9954489166666668
MINECRAFT_60f_420	MINECRAFT_60f_420	libaom	libaom_20210326_ab20d37_enc-mode0	60	32	0	34356384.0	34356.384	37.0185	43.19016666666667	43.64133333333332	36.74989	43.115114999999996	43.57021	99.55417585	34049245.0	567.4874166666667	33929.53	1920	1080	60.0	8	9f13ade37cec3ae8699720f484148b62	20acbb3e6ac269ea52f011ebf5d1e9dc	1920	1080	16480.0	226.0	5311.0	35796.0	False	False	0.9933164833333333	0.9886228166666667
MINECRAFT_60f_420	MINECRAFT_60f_420	libaom	libaom_20210326_ab20d37_enc-mode0	60	43	0	14919640.0	14919.639999999998	33.527166666666666	41.39983333333334	41.81466666666667	33.31558	41.343562	41.756805	93.1477792	35226952.0	587.1158666666666	34993.29	1920	1080	60.0	8	4a7b375e19554c2563a341d9061f8b3a	cbb252cfffad4cfbd1a59f0e6f10137b	1920	1080	18079.0	231.0	3584.0	23787.0	False	False	0.9838480500000001	0.9743543500000001
MINECRAFT_60f_420	MINECRAFT_60f_420	libaom	libaom_20210326_ab20d37_enc-mode0	60	55	0	6166208.0	6166.208	30.948166666666655	39.781	40.0855	30.818462	39.738997	40.035935	79.80175963333333	24416267.0	406.93778333333336	24345.2	1920	1080	60.0	8	7c86e4c7b875dd1947daca4d9df77a63	980b7001291d88e1fbda7b1b6fb3cd30	1920	1080	18179.0	256.0	2756.0	40063.0	False	False	0.9629535166666667	0.9469991833333334
MINECRAFT_60f_420	MINECRAFT_60f_420	libaom	libaom_20210326_ab20d37_enc-mode0	60	63	0	2224440.0	2224.44	28.350999999999996	37.96266666666667	38.29366666666668	28.239225	37.947404	38.258612	58.39753271666666	13986065.0	233.10108333333332	13963.58	1920	1080	60.0	8	c07404e162ec43c7241905094fadd496	ef82ec16ea61c8909c8c9a08e2f28fd5	1920	1080	18190.0	280.0	1433.0	25006.0	False	False	0.9121018666666667	0.8926756499999999
ToddlerFountn_1920x1080_2997_10b	ToddlerFountn_1920x1080_2997_10b	libaom	libaom_20210326_ab20d37_enc-mode0	60	20	0	48965089.0	48965.089	40.21299999999999	45.96416666666667	43.301166666666674	40.142546	45.949083	43.271575	99.87425950000001	23251916.0	387.5319333333333	23208.79	1920	1080	29.97	10	6b0ba65e0eaba6d760efa250f5b75f73	b2cfaa90438bf08fe2eb13f3bf031360	1920	1080	27558.0	658.0	9323.0	39737.0	False	False	0.9970226999999998	0.9936869166666666
ToddlerFountn_1920x1080_2997_10b	ToddlerFountn_1920x1080_2997_10b	libaom	libaom_20210326_ab20d37_enc-mode0	60	32	0	23657454.0	23657.454	36.24333333333334	44.61249999999998	41.56349999999998	36.112152	44.596867	41.538701999999994	98.80111681666666	31894775.0	531.5795833333333	31807.85	1920	1080	29.97	10	6c8799878b3a9ee92ba99cb95c8b4808	4b2fd8838df22dd1ecaf9f4de4ad3b95	1920	1080	22956.0	564.0	6965.0	40167.0	False	False	0.99101925	0.9831459333333332
ToddlerFountn_1920x1080_2997_10b	ToddlerFountn_1920x1080_2997_10b	libaom	libaom_20210326_ab20d37_enc-mode0	60	43	0	10419220.0	10419.22	32.83999999999998	43.33516666666667	40.32066666666666	32.706017	43.324228999999995	40.308918	86.46263208333333	33355299.0	555.92165	33226.9	1920	1080	29.97	10	521bcb19f4469ee3fc6396da77ac5084	aa437c167e7cb72f0398d6a2193a0440	1920	1080	27946.0	519.0	4787.0	24753.0	False	False	0.9747516999999999	0.9597794666666668
ToddlerFountn_1920x1080_2997_10b	ToddlerFountn_1920x1080_2997_10b	libaom	libaom_20210326_ab20d37_enc-mode0	60	55	0	4097945.0	4097.945	29.872500000000002	42.297166666666676	39.46033333333334	29.746455	42.292253	39.455235	64.69619731666667	26871724.0	447.8620666666667	26834.57	1920	1080	29.97	10	a932a8dc8ff041398acde9336fb74287	df9b577a952c278120fc902e0a2d63fc	1920	1080	23037.0	648.0	4191.0	42891.0	False	False	0.9357518833333335	0.91514655
ToddlerFountn_1920x1080_2997_10b	ToddlerFountn_1920x1080_2997_10b	libaom	libaom_20210326_ab20d37_enc-mode0	60	63	0	1398823.0	1398.823	27.104	41.28333333333334	38.78166666666666	26.9403	41.280252	38.777755	39.11680705	15020174.0	250.33623333333333	15003.44	1920	1080	29.97	10	eb64217d41766c9a363fae3e507b40e8	ad68d9c05529b0b19ab5b33e6c0d092e	1920	1080	26328.0	475.0	2464.0	39196.0	False	False	0.8606661333333334	0.8433222499999998
